27.7328 9.96154 0.152174
27.725 9.95925 0.152426
27.5843 10.0423 0.155493
27.621 9.9164 0.15586
27.5945 10.0195 0.157242
27.7262 9.85621 0.153112
27.6886 9.87156 0.153996
27.5591 9.92524 0.152093
27.6583 9.99529 0.153486
27.7267 9.82118 0.151
27.6993 9.95521 0.158767
27.7104 9.85877 0.152082
27.7042 9.95601 0.157235
27.6862 10.0044 0.153091
27.7186 9.85009 0.153669
27.6307 9.88589 0.155999
27.6525 9.99868 0.153193
27.7607 9.94276 0.155417
27.7273 9.98943 0.153169
27.6048 9.9921 0.153265
27.6469 9.92023 0.155741
27.6759 10.0705 0.155628
27.5838 9.9652 0.156193
27.5751 9.96871 0.155313
27.7282 9.8342 0.151388
27.7631 9.946 0.1539
27.7132 9.93186 0.154494
27.6515 9.89902 0.150955
27.6772 9.92282 0.151028
27.5084 9.91965 0.156118
27.7147 9.99346 0.15336
27.7789 9.92307 0.156235
27.6453 9.98109 0.153218
27.7069 9.86615 0.150868
27.8012 9.88887 0.152391
27.733 9.9426 0.155596
27.4936 9.88464 0.156836
27.7203 9.97836 0.152819
27.783 10.0087 0.156568
27.7097 9.91171 0.152066
27.5608 10.0039 0.156762
27.5996 10.0351 0.155812
27.6587 9.92238 0.15348
27.6315 9.79287 0.153105
27.5195 10.0767 0.155892
27.7765 10.0647 0.153061
27.6228 9.88142 0.154082
27.62 9.88542 0.154194
27.6445 9.95914 0.153511
27.5367 9.92592 0.154762
27.7116 9.9674 0.152401
27.6944 9.86648 0.157102
27.6103 9.92641 0.155224
27.6377 10.0183 0.154085
27.5934 9.90042 0.152628
27.6628 9.98898 0.15141
27.6817 10.0493 0.156485
27.6337 9.88436 0.152796
27.674 9.85405 0.156472
27.6492 9.85464 0.15706
27.6381 9.98675 0.154536
27.645 10.0698 0.155275
27.5204 9.9657 0.154388
27.5839 9.93617 0.153522
27.632 9.95563 0.154524
27.6337 9.81109 0.154705
27.6018 9.95831 0.158469
27.6796 9.89837 0.153983
27.6987 9.86216 0.154362
27.7107 9.96583 0.152377
27.7586 9.95324 0.154822
27.8077 9.96967 0.151815
27.6711 9.86045 0.155137
27.7287 9.97419 0.151238
27.7057 9.90379 0.152611
27.8024 9.93622 0.151384
27.6951 10.0435 0.151702
27.6655 9.97241 0.152849
27.5555 9.91484 0.155949
27.5857 9.87316 0.156613
27.6858 9.85295 0.154852
27.6862 9.81721 0.15372
27.5487 9.97382 0.153696
27.6531 9.89023 0.153351
27.6963 10.0318 0.149647
27.6782 9.91716 0.154872
27.6478 9.91401 0.153274
27.61 9.8908 0.15306
27.6539 9.81547 0.158421
27.6196 9.92637 0.156985
27.5872 9.98385 0.155691
27.7456 9.97646 0.154315
27.7024 9.96943 0.154369
27.6653 9.95051 0.150196
27.7363 9.95123 0.149008
27.7597 9.94683 0.151665
27.7811 10.0265 0.157731
27.6808 9.99928 0.153495
27.6542 9.97094 0.15379
27.7215 9.91065 0.152719
27.6859 9.97745 0.156151
27.6856 9.91808 0.157188
27.618 9.93546 0.155354
27.7145 9.89719 0.153586
27.7013 9.92189 0.153958
27.7645 9.82968 0.152754
27.6823 10.0138 0.158515
27.6282 9.85306 0.155561
27.6852 9.93815 0.153355
27.7569 9.93176 0.1555
27.6252 9.94763 0.154473
27.7229 9.92051 0.158243
27.6975 9.8444 0.152818
27.5977 9.85714 0.156893
27.6488 9.97069 0.154287
27.7139 9.9271 0.152847
27.7462 9.91895 0.15564
27.6306 9.95952 0.152538
27.5662 9.99397 0.154012
27.6021 9.93914 0.155149
27.6598 9.98064 0.15533
27.5801 9.96659 0.152699
27.7545 9.94193 0.155477
27.5787 9.95249 0.15152
27.6031 9.96387 0.152584
27.6695 9.88333 0.150814
27.5627 9.89844 0.154309
27.5977 9.91371 0.156681
27.5932 9.89871 0.154975
27.6129 9.88645 0.154569
27.6517 9.90259 0.154078
27.7133 10.0165 0.153244
27.7103 9.92271 0.153393
27.5496 9.89808 0.15426
27.6235 9.85679 0.154302
27.6335 9.94149 0.154178
27.7231 9.83562 0.154023
27.6897 9.96903 0.157358
27.6323 10.0428 0.154985
27.7602 9.92753 0.154502
27.6201 9.96791 0.155568
27.6162 9.99122 0.153857
27.6647 9.95038 0.156963
27.721 9.92968 0.151293
27.6692 9.83408 0.154375
27.6946 9.98133 0.155998
27.6232 9.89208 0.154716
27.6442 9.99288 0.155375
27.6312 9.96941 0.15375
27.683 9.9555 0.152488
27.6568 9.96386 0.151648
27.6792 9.91313 0.15349
27.6722 9.89751 0.15381
27.6224 9.92089 0.153205
27.6391 9.87244 0.157195
27.7535 9.91879 0.156595
27.6096 9.9507 0.152473
27.5156 9.95891 0.155337
27.6794 9.87708 0.154857
27.678 9.96795 0.157546
27.6065 9.89689 0.153314
27.6794 9.88189 0.154025
27.5843 9.90849 0.154973
27.6501 9.86147 0.153661
27.6613 9.87119 0.154234
27.6221 9.85706 0.156343
27.6339 10.0773 0.157193
27.5384 9.92128 0.155743
27.5805 9.94102 0.154622
27.652 9.94073 0.154345
27.638 9.97358 0.153451
27.566 9.98632 0.15213
27.6806 9.98592 0.155626
27.6465 9.94608 0.156452
27.532 9.81939 0.155987
27.5353 9.90794 0.158822
27.6664 9.85909 0.15604
27.6145 10.0242 0.153116
27.5407 9.92327 0.155223
27.6924 9.93043 0.150728
27.6744 9.82663 0.150857
27.6415 9.86849 0.15206
27.7285 10.07 0.15479
27.6282 9.98308 0.153397
27.638 9.90497 0.153185
27.6099 10.016 0.150909
27.7045 10.0308 0.155125
27.7122 9.93653 0.154857
27.7122 9.87089 0.153609
27.6382 9.84101 0.149084
27.6742 9.84442 0.156309
27.6905 9.8723 0.15418
27.6962 9.85581 0.156201
27.6691 10.006 0.14986
27.6949 9.8972 0.157317
27.7696 9.94181 0.151187
27.6683 9.87791 0.153844
27.6057 9.90584 0.153565
27.6273 9.82928 0.153431
27.6898 9.92045 0.150295
27.7334 10.0075 0.153766
27.6879 9.88966 0.14902
27.6633 9.91755 0.15511
27.6154 9.83934 0.152486
27.6519 9.9652 0.154027
27.6496 10.0055 0.154936
27.6919 9.92269 0.15383
27.7684 9.97149 0.154782
27.6654 9.98595 0.153667
27.6984 9.89246 0.156442
27.7206 9.87584 0.155301
27.6684 9.97022 0.157918
27.689 9.90802 0.153377
27.6804 9.98433 0.151603
27.6585 9.99276 0.153602
27.6381 10.0112 0.153337
27.6938 9.92271 0.158347
27.6612 9.92795 0.154512
27.5611 9.83243 0.155115
27.5723 9.91775 0.156892
27.6887 10.0174 0.155236
27.6894 10.0352 0.153864
27.6764 10.1321 0.154434
27.6779 9.82318 0.155531
27.6518 9.98528 0.153975
27.6841 9.87244 0.15215
27.5529 10.075 0.155797
27.5471 10.0233 0.154791
27.6522 10.043 0.156581
27.513 9.9091 0.153473
27.7132 9.90359 0.152784
27.6334 9.80122 0.152848
27.4554 9.92327 0.155566
27.6637 9.82932 0.156131
27.7288 10.0259 0.150943
27.6741 10.0313 0.152442
27.7327 9.95303 0.154292
27.7722 9.94136 0.155287
27.7959 9.97532 0.15133
27.6943 9.95447 0.15167
27.7133 10.0324 0.152949
27.6006 9.96445 0.151598
27.6205 9.95839 0.157403
27.6772 9.90164 0.152656
27.6323 9.9766 0.155291
27.6908 9.93532 0.157805
27.6613 9.8931 0.159371
27.5626 9.87064 0.15333
27.6946 9.85642 0.151094
27.6181 9.97113 0.154635
27.6749 9.96542 0.154963
27.6808 9.8697 0.155023
27.6027 10.0259 0.153085
27.5944 9.98265 0.155313
27.6476 9.93434 0.155663
27.7889 9.99517 0.15223
27.8189 9.9735 0.150044
27.6493 10.0198 0.156382
27.6803 9.98952 0.155984
27.6957 9.96784 0.155625
27.6869 9.8868 0.153943
27.6733 9.8329 0.155525
27.6308 10.0004 0.153562
27.5465 9.99955 0.155549
27.6226 9.88892 0.155078
27.7046 9.93486 0.156621
27.5849 9.96199 0.15396
27.5618 9.9332 0.153109
27.6066 9.94886 0.153178
27.6048 9.97597 0.156324
27.6326 9.89266 0.152794
27.6608 9.8989 0.155945
27.6929 9.96158 0.15487
27.6144 9.93957 0.152241
27.653 9.94077 0.152413
27.6085 10.0234 0.155831
27.7047 9.9017 0.151884
27.5885 10.011 0.15507
27.6125 10.0386 0.154264
27.644 9.90284 0.150809
27.6926 9.91814 0.153367
27.6383 9.94955 0.148984
27.673 9.9971 0.156361
27.681 9.87524 0.152315
27.6147 9.94398 0.152294
27.6502 9.98024 0.152964
27.6749 9.90257 0.153828
27.5555 10.0206 0.156011
27.6988 9.87273 0.158068
27.6298 9.89841 0.15021
27.6944 9.98864 0.154215
27.6351 9.92791 0.156116
27.6551 9.94908 0.153234
27.6387 9.92783 0.152621
27.6669 9.98669 0.153789
27.6012 9.90977 0.155968
27.5719 9.89642 0.154373
27.6533 10.0423 0.154876
27.689 10.0532 0.154607
27.6016 9.9714 0.15265
27.6172 9.87493 0.15358
27.6456 9.93808 0.153235
27.7124 9.80656 0.156014
27.5815 9.96625 0.151539
27.6846 9.8886 0.153311
27.6234 9.90129 0.154614
27.5944 9.93656 0.153509
27.6696 9.99394 0.156138
27.573 9.92216 0.156424
27.598 10.007 0.156728
27.618 9.9438 0.153854
27.6332 10.04 0.149472
27.6918 9.88129 0.154142
27.5434 9.95978 0.158362
27.609 9.94586 0.158027
27.6364 9.91301 0.15487
27.5541 9.91244 0.154178
27.733 9.92941 0.152372
27.6033 9.86672 0.152037
27.6907 10.0525 0.153826
27.6245 9.9052 0.152999
27.7454 9.92231 0.152204
27.6965 9.98941 0.155223
27.5623 9.95168 0.15619
27.718 10.008 0.153137
27.5592 9.87116 0.15387
27.608 10.0368 0.154935
27.6844 9.89893 0.153159
27.5778 9.90128 0.155363
27.5643 9.83909 0.155693
27.6397 9.92029 0.154191
27.6281 9.93553 0.15287
27.6715 9.97238 0.156657
27.7309 9.97341 0.158403
27.7263 9.93836 0.156787
27.6642 9.80282 0.151392
27.6317 9.93877 0.151291
27.7124 9.92867 0.158932
27.6867 10.0235 0.15515
27.6864 9.99936 0.152418
27.6941 10.0893 0.156336
27.7323 9.93979 0.153366
27.5834 9.88706 0.155718
27.7507 9.90528 0.155155
27.7361 9.83644 0.15323
27.6551 9.85063 0.152907
27.5609 10.0295 0.152155
27.694 9.9798 0.152562
27.5595 9.97296 0.155824
27.6924 9.83798 0.151396
27.6535 10.0255 0.155499
27.66 9.96918 0.149844
27.5786 10.0002 0.155715
27.7663 9.99222 0.157052
27.5629 10.0334 0.153436
27.6862 9.95711 0.154997
27.5602 9.86266 0.154745
27.7126 9.96077 0.154742
27.605 9.96067 0.156641
27.5812 9.93848 0.150862
27.6136 9.93696 0.152629
27.7161 9.98705 0.151766
27.6811 9.99537 0.153522
27.6401 10.085 0.154278
27.6355 10.0156 0.155974
27.6324 10.0041 0.153915
27.7747 9.90684 0.155612
27.7646 9.9089 0.15595
27.5125 10.0543 0.156046
27.6378 9.91741 0.155193
27.6292 9.9545 0.15474
27.5567 10.015 0.156711
27.767 10.003 0.151876
27.6737 9.83492 0.156855
27.6688 10.0107 0.153974
27.6472 9.95347 0.151623
27.6025 9.98422 0.157044
27.6996 9.94972 0.154053
27.5997 10.0359 0.155489
27.6626 9.84965 0.15274
27.6712 9.93816 0.153632
27.7433 9.89395 0.154489
27.65 9.85731 0.154962
27.644 9.85855 0.154683
27.6783 9.96117 0.156457
27.6205 10.0345 0.153377
27.4939 9.8836 0.158068
27.5502 9.94934 0.155307
27.6001 9.89882 0.153573
27.555 9.97007 0.155374
27.6876 9.94905 0.153296
27.6549 9.93577 0.153104
27.6701 9.85278 0.153705
27.688 9.85338 0.152178
27.7145 9.94948 0.152066
27.7165 9.98193 0.151957
27.5813 10.0204 0.154784
27.7312 9.93119 0.155685
27.6162 9.92315 0.15236
27.6949 9.92447 0.152609
27.5867 9.97547 0.154108
27.8216 9.92225 0.152801
27.6275 9.97688 0.153556
27.598 9.91411 0.15586
27.5329 9.95725 0.156444
27.6363 9.90046 0.152857
27.6398 9.88714 0.153846
27.6039 9.91359 0.152185
27.7177 9.95661 0.153582
27.5651 9.92139 0.15316
27.6822 9.94468 0.153875
27.6867 9.89641 0.154985
27.7193 9.7975 0.154752
27.5197 9.90022 0.152982
27.472 9.89983 0.153791
27.6084 9.9064 0.153595
27.6064 9.95367 0.158099
27.5623 9.94502 0.157146
27.6369 10.0451 0.155374
27.7409 10.0396 0.155904
27.5613 9.92733 0.153092
27.6516 9.98892 0.151298
27.6409 9.94785 0.155667
27.6068 9.93072 0.156355
27.6607 9.8819 0.15634
27.6627 9.87837 0.154768
27.7142 9.87876 0.152837
27.6607 9.93063 0.153292
27.6539 9.9315 0.152456
27.7373 9.92951 0.15391
27.6431 9.91199 0.154807
27.7005 9.975 0.154813
27.6695 9.93019 0.152782
27.7289 9.93371 0.15208
27.7 9.97511 0.156293
27.6625 9.97449 0.155277
27.6866 9.86757 0.150628
27.6665 9.86139 0.151754
27.6883 9.99331 0.153673
27.6451 9.83206 0.158734
27.6723 9.99917 0.15574
27.5823 10.0164 0.154939
27.6403 9.96035 0.152565
27.6003 10.0137 0.154594
27.7406 9.82594 0.154464
27.6089 9.96735 0.152581
27.7273 9.86381 0.155218
27.7487 9.90076 0.158441
27.6001 9.95735 0.154736
27.7242 9.87645 0.152074
27.7337 9.86375 0.153336
27.7824 9.90002 0.154912
27.6005 9.99387 0.155482
27.7217 9.89951 0.153167
27.6991 9.8804 0.152305
27.7358 9.86829 0.152416
27.6583 9.93631 0.153686
27.7164 9.97641 0.154419
27.5051 9.91828 0.154799
27.6986 9.95807 0.154969
27.689 9.92489 0.154381
27.7293 9.90578 0.15259
27.6532 9.9451 0.154255
27.7018 9.94534 0.15607
27.7038 9.91206 0.153987
27.6346 9.92853 0.154102
27.6504 9.89467 0.156017
27.7142 9.90941 0.155623
27.6796 9.92522 0.15591
27.6887 9.9397 0.15602
27.6861 9.93021 0.151338
27.5499 10.01 0.154458
27.5824 9.97399 0.155178
27.6042 9.88488 0.156433
27.6754 9.94104 0.153853
27.6039 9.9746 0.156371
27.6517 9.95544 0.156988
27.5056 9.90607 0.156601
27.5922 9.95722 0.154272
27.646 9.89646 0.154026
27.5748 9.91889 0.156194
27.6665 9.92048 0.156851
27.5729 9.95907 0.156874
27.6043 9.88379 0.159035
27.6729 9.94216 0.155639
27.6242 9.85612 0.154882
27.6101 9.9329 0.154523
27.6428 9.85526 0.155088
27.6252 9.89994 0.154092
27.6457 9.96259 0.156031
27.6018 9.91195 0.155992
27.5666 9.95373 0.154681
27.5594 9.94987 0.158013
27.5531 9.84865 0.15327
27.6823 9.81743 0.150504
27.7056 9.97126 0.154869
27.5928 9.95182 0.151474
27.7564 9.94065 0.154349
27.5838 10.0062 0.156162
26.3902 12.6288 0.141237
