244.877 28.7763 0.0688859
244.878 28.7804 0.0689817
244.876 28.8318 0.0698861
244.946 28.8799 0.0699914
244.831 28.795 0.0707894
244.908 28.7125 0.0689054
244.939 28.8298 0.0692063
244.907 28.8176 0.0694222
244.942 28.7958 0.0692826
244.914 28.891 0.0694753
244.85 28.74 0.0701294
244.855 28.8691 0.0695645
244.832 28.8096 0.0669393
244.875 28.8885 0.0676548
244.964 28.8543 0.070811
244.89 28.8622 0.0690468
244.94 28.8332 0.070319
244.892 28.8675 0.0696217
244.86 28.6969 0.0707237
244.896 28.7732 0.0696811
244.926 28.7957 0.068301
244.831 28.8218 0.0696141
244.929 28.8456 0.0697303
244.804 28.8092 0.068972
244.921 28.8369 0.0689126
244.922 28.8373 0.0690447
244.857 28.8414 0.0672752
244.941 28.8398 0.068029
244.854 28.8471 0.0699603
244.929 28.7568 0.0699674
244.819 28.8288 0.0708553
244.879 28.7273 0.0706244
244.847 28.8797 0.0699318
244.769 28.7461 0.0738293
244.804 28.9116 0.069031
244.915 28.8264 0.0661674
244.839 28.8205 0.0671117
244.841 28.8186 0.0670825
244.913 28.8016 0.071102
244.932 28.8101 0.0687511
244.859 28.7985 0.0701277
244.999 28.7824 0.0679804
244.83 28.8945 0.0691227
244.952 28.7642 0.0663169
244.907 28.8051 0.0679844
244.914 28.8677 0.0669018
244.866 28.7955 0.0717206
244.942 28.8085 0.0696204
245.036 28.8977 0.066232
244.895 28.8697 0.0708169
244.917 28.7722 0.0681985
244.791 28.884 0.0686734
244.896 28.7189 0.0697652
244.927 28.7466 0.0661688
244.868 28.713 0.0713067
244.877 28.8207 0.0693803
244.916 28.8975 0.0672415
244.909 28.838 0.0667383
244.83 28.8588 0.0690256
244.877 28.8065 0.0683362
244.867 28.8054 0.0716797
244.841 28.8112 0.0705119
244.869 28.84 0.0660155
244.85 28.8453 0.0681426
244.909 28.8467 0.0668927
244.97 28.8797 0.0660191
244.856 28.8098 0.0709003
244.909 28.7894 0.0688551
244.938 28.798 0.0667878
244.82 28.7189 0.0720576
244.877 28.7777 0.0680089
244.878 28.861 0.067239
244.823 28.8229 0.0700844
244.946 28.8055 0.0694993
244.886 28.8414 0.0668989
244.843 28.8511 0.0726819
244.823 28.8681 0.0687432
244.924 28.8557 0.0683348
244.803 28.8056 0.0705646
244.849 28.7171 0.0706829
244.812 28.6687 0.0690035
244.815 28.6653 0.0691174
244.803 28.78 0.0699486
244.802 28.794 0.0698252
244.882 28.8767 0.0686491
244.878 28.8063 0.0692886
244.85 28.7639 0.0705327
244.862 28.8302 0.069713
244.9 28.8081 0.069161
244.945 28.8926 0.0636596
244.804 28.862 0.0668434
244.895 28.8436 0.070223
244.852 28.7475 0.07157
244.853 28.7523 0.0714195
244.852 28.7535 0.0681607
244.91 28.932 0.0682713
244.87 28.8508 0.0682443
244.894 28.9155 0.0694553
244.951 28.7814 0.0688273
244.885 28.7978 0.0695702
244.886 28.865 0.0694429
244.873 28.7777 0.0690543
244.881 28.8341 0.0697503
244.833 28.7995 0.0707098
244.914 28.7113 0.0688622
244.802 28.896 0.0700138
244.923 28.8304 0.0697317
244.902 28.7906 0.068238
244.749 28.895 0.0686505
244.885 28.8808 0.0695335
244.862 28.8842 0.0696214
244.893 28.8538 0.0684985
244.914 28.8545 0.0670304
244.88 28.8691 0.0715228
244.887 28.8566 0.0689383
244.855 28.7981 0.0677437
244.755 28.8436 0.0681263
244.857 28.7014 0.0707185
244.856 28.7887 0.0721864
244.896 28.7679 0.0696945
244.926 28.793 0.0685071
244.878 28.8463 0.0697359
244.832 28.8638 0.0691783
244.865 28.8182 0.0708116
244.807 28.8134 0.0688192
244.877 28.8588 0.0689812
244.848 28.9451 0.0694726
244.943 28.8374 0.0680576
244.817 28.8092 0.072636
244.905 28.8644 0.0685642
244.877 28.8432 0.0685025
244.877 28.7336 0.0705121
244.825 28.6994 0.0712704
244.914 28.8242 0.0661574
244.874 28.8372 0.0667303
244.907 28.7961 0.0713439
244.908 28.9238 0.0676793
244.858 28.7982 0.070115
244.86 28.7997 0.0701982
245.001 28.7802 0.0680055
244.894 28.9295 0.0684617
244.934 28.8312 0.0671425
244.902 28.8081 0.0679891
244.86 28.8108 0.0687434
244.938 28.806 0.0695498
244.94 28.815 0.0692889
244.793 28.8612 0.0696258
244.874 28.8493 0.0714165
244.916 28.7692 0.0680683
244.905 28.7322 0.067999
244.875 28.7993 0.071724
244.851 28.8701 0.0697462
244.881 28.7652 0.0694149
244.812 28.8327 0.0709997
244.756 28.8194 0.0681899
244.806 28.8644 0.0689168
244.847 28.7868 0.0665567
244.839 28.7902 0.0708561
244.938 28.8059 0.0685504
244.867 28.8045 0.0713892
244.868 28.8011 0.0714518
244.844 28.8271 0.0712669
244.84 28.8163 0.0714449
244.845 28.8169 0.0715506
244.834 28.8779 0.0660751
244.868 28.8356 0.0658748
244.98 28.9186 0.0685148
244.874 28.8453 0.0692051
244.881 28.9711 0.0685195
244.861 28.8221 0.0702733
244.854 28.8144 0.0709955
244.853 28.753 0.07059
244.861 28.8085 0.0675601
244.823 28.7191 0.0720863
244.884 28.7763 0.0680646
245.015 28.729 0.0692755
244.859 28.8509 0.0678707
244.875 28.8621 0.0687632
244.898 28.8692 0.0685214
244.889 28.7438 0.0700972
244.837 28.7538 0.0671349
244.837 28.7562 0.0673537
244.848 28.8487 0.0727424
244.786 28.7905 0.0714033
244.784 28.7625 0.0677584
244.921 28.8572 0.0681267
244.797 28.8012 0.0706936
244.849 28.7142 0.0705955
244.811 28.6749 0.0690807
244.812 28.67 0.0690846
244.805 28.781 0.0700027
244.847 28.8144 0.0701994
244.847 28.8088 0.0701801
244.803 28.7938 0.0696228
244.752 28.8472 0.0689104
244.977 28.8902 0.0677727
244.884 28.8329 0.0694714
244.847 28.7623 0.0706377
244.854 28.7665 0.0707272
244.863 28.8239 0.0697016
244.877 28.8483 0.0701242
244.901 28.8581 0.0705828
244.905 28.8129 0.0694078
244.852 28.8562 0.070032
244.773 28.8184 0.0693752
244.876 28.8598 0.0676614
244.859 28.7564 0.0714861
244.86 28.7519 0.0682434
244.881 28.8677 0.0681387
244.821 28.8631 0.068218
244.965 28.8637 0.0690802
244.89 28.7968 0.0695562
244.809 28.7507 0.0693575
244.806 28.747 0.0695486
244.88 28.8662 0.0693898
244.88 28.7769 0.0691155
244.878 28.7789 0.0690591
244.894 28.718 0.071405
244.821 28.8471 0.0693895
244.841 28.9455 0.0697644
244.827 28.8039 0.0708393
244.815 28.8128 0.0676578
244.904 28.8678 0.068016
244.813 28.9001 0.069976
244.939 28.7971 0.0690613
244.917 28.8874 0.0693133
244.752 28.8875 0.0686423
244.85 28.7365 0.0700026
244.854 28.7351 0.0698962
244.874 28.8333 0.067956
244.92 28.8585 0.0669066
244.803 28.8022 0.0685752
244.897 28.9046 0.0700446
244.755 28.8428 0.0682325
244.917 28.7604 0.0710601
244.86 28.7004 0.0707645
244.867 28.8457 0.0702505
244.856 28.7914 0.0721894
244.893 28.7659 0.0697138
244.906 28.9186 0.0658005
244.849 28.8283 0.0692825
244.897 28.8777 0.0697822
244.809 28.8104 0.0687876
244.778 28.7988 0.0679009
244.867 28.7123 0.0722765
244.904 28.8925 0.0731669
244.857 28.8512 0.0700978
244.902 28.7406 0.067562
244.814 28.8247 0.0710221
244.876 28.7252 0.0708172
244.851 28.9363 0.0674867
244.828 28.7009 0.0711561
244.83 28.6991 0.0712527
244.824 28.7025 0.0713465
244.856 28.8016 0.0697585
244.861 28.8124 0.0698375
244.836 28.8151 0.0671028
244.835 28.8159 0.0671631
244.93 28.8057 0.0688369
244.884 28.771 0.0714975
245.001 28.7816 0.0679105
244.876 28.8047 0.0702771
244.825 28.8942 0.0692008
244.833 28.7985 0.0660437
244.924 28.9232 0.0701644
244.875 28.8373 0.0690926
244.868 28.7932 0.0717705
244.802 28.8507 0.0682406
244.824 28.8262 0.0696867
244.858 28.8287 0.069738
244.883 28.8457 0.068753
244.881 28.8446 0.0686497
244.916 28.7721 0.0678773
244.811 28.7919 0.0730164
244.891 28.7191 0.0697475
244.864 28.7149 0.0712737
244.869 28.7142 0.0712644
244.867 28.7132 0.0710308
244.96 28.7545 0.069065
244.874 28.7619 0.0693587
244.879 28.8129 0.0694794
244.958 28.8803 0.0694837
244.914 28.8347 0.0665789
244.839 28.7948 0.0708253
244.873 28.8426 0.071604
244.877 28.8082 0.0685
244.865 28.8135 0.0715709
244.866 28.8081 0.0716365
244.848 28.8195 0.0715552
244.892 28.8618 0.0671042
244.851 28.8137 0.0729234
244.861 28.8169 0.0704641
244.862 28.8182 0.0703866
244.891 28.8634 0.0700531
244.844 28.9012 0.0679642
244.846 28.8071 0.0706153
244.852 28.8138 0.070864
244.848 28.7588 0.0708046
244.854 28.7524 0.0706878
244.911 28.7885 0.068818
244.863 28.8064 0.0676606
244.794 28.8653 0.0666744
244.847 28.8495 0.0700024
244.942 28.8685 0.0672397
244.884 28.7744 0.068188
244.874 28.8583 0.0671598
244.875 28.8642 0.0672578
244.842 28.7909 0.0697824
244.808 28.865 0.0703811
244.853 28.8424 0.0678652
244.867 28.8488 0.0685624
244.891 28.7486 0.0700589
244.893 28.7454 0.0701615
244.838 28.75 0.0672202
244.919 28.7839 0.0686554
244.787 28.7836 0.0715264
244.855 28.8706 0.0687093
244.915 28.788 0.0699519
244.918 28.7841 0.0699054
244.886 28.8885 0.0688482
244.836 28.8495 0.0713443
244.805 28.802 0.0706983
244.848 28.7135 0.0706697
244.85 28.716 0.0705777
244.811 28.6745 0.069087
244.808 28.6742 0.068928
244.845 28.8085 0.0700056
244.891 28.7813 0.0703816
244.738 28.8177 0.0709965
244.805 28.8162 0.0690384
244.849 28.7657 0.0706672
244.889 28.8684 0.0700436
244.869 28.827 0.0697571
244.87 28.8257 0.0697836
244.901 28.8561 0.0705921
244.869 28.8773 0.0691741
244.822 28.873 0.0713092
244.876 28.8641 0.07003
244.86 28.7506 0.0714583
244.85 28.7528 0.0684556
244.877 28.8533 0.0685066
244.816 28.8607 0.0684664
244.799 28.9544 0.0675119
244.952 28.7806 0.068997
244.957 28.7741 0.0690314
244.92 28.8213 0.0666813
244.915 28.8162 0.0664755
244.884 28.8027 0.0694894
244.808 28.74 0.0695572
244.875 28.8693 0.0700976
244.893 28.7177 0.0714495
244.939 28.8844 0.070032
244.817 28.8112 0.0679006
244.913 28.7141 0.0690764
244.805 28.9009 0.070135
244.828 28.8933 0.0687927
244.751 28.8931 0.0686448
244.85 28.7392 0.0700997
244.898 28.8537 0.0687237
244.978 28.8359 0.068329
244.854 28.8697 0.0700293
244.933 28.9205 0.0680694
244.914 28.8553 0.0694335
244.861 28.6954 0.0707058
244.858 28.7909 0.0724255
244.922 28.79 0.0687107
244.835 28.8669 0.0691666
244.844 28.822 0.0695163
244.865 28.8142 0.0708324
244.918 28.8328 0.0687826
244.779 28.7923 0.0679197
244.834 28.7757 0.0675186
244.859 28.8489 0.0698787
244.906 28.7372 0.0674395
244.882 28.7301 0.0706608
244.835 28.707 0.0710235
244.825 28.7028 0.0713898
244.826 28.7012 0.07122
244.855 28.8092 0.0698295
244.911 28.8204 0.0661896
244.878 28.837 0.0665803
244.933 28.8087 0.0687256
244.86 28.7972 0.0702555
244.997 28.7765 0.0679142
244.815 28.8904 0.0652902
244.822 28.8084 0.0688684
244.951 28.7626 0.0663358
244.857 28.7981 0.0695762
244.881 28.8341 0.0691704
244.862 28.8195 0.0689118
244.875 28.8113 0.068571
244.816 28.7739 0.0710709
244.81 28.7714 0.0711938
244.895 28.8775 0.0706228
244.865 28.8633 0.0683606
244.897 28.7425 0.0680921
244.898 28.7162 0.069605
244.877 28.8284 0.0685487
244.928 28.7533 0.0663855
244.96 28.7616 0.0692146
244.88 28.7633 0.0693649
244.878 28.8139 0.0694453
244.806 28.8645 0.0686801
244.846 28.788 0.0709611
244.94 28.8056 0.0686057
244.938 28.8065 0.0678208
244.838 28.8747 0.065996
244.876 28.9455 0.07086
244.869 28.8358 0.0660737
244.906 28.8476 0.066874
244.877 28.8984 0.0689836
244.862 28.8185 0.0704378
244.849 28.8081 0.0707976
244.841 28.813 0.0707116
244.864 28.814 0.0710346
244.858 28.8111 0.0708859
244.94 28.8257 0.0706152
244.91 28.7925 0.0688376
244.978 28.8549 0.0673381
244.818 28.7236 0.0721473
244.882 28.7751 0.0680832
244.856 28.8394 0.0690266
244.868 28.8557 0.0673309
244.815 28.8635 0.0703844
244.909 28.8859 0.0698751
244.89 28.75 0.0700625
244.918 28.7818 0.0686201
244.925 28.7872 0.0687705
244.849 28.8716 0.0688145
244.924 28.8521 0.0681493
244.931 28.8517 0.0680708
244.843 28.7211 0.0704545
244.846 28.8745 0.06866
244.884 28.8471 0.0683917
244.882 28.8437 0.0682653
244.811 28.7788 0.0701211
244.849 28.8125 0.0702086
244.884 28.792 0.0702141
244.743 28.826 0.0711487
244.806 28.8175 0.0691045
244.888 28.8349 0.0695337
244.849 28.7626 0.0706202
244.874 28.8473 0.0700692
244.871 28.8776 0.0691542
244.768 28.8168 0.0692119
244.819 28.8677 0.0712949
244.877 28.8597 0.067714
244.86 28.7551 0.0717006
244.852 28.7548 0.0684433
244.853 28.7592 0.0684289
244.926 28.7549 0.0710499
244.905 28.8756 0.0665781
244.891 28.8591 0.0703074
244.923 28.7159 0.0723489
244.923 28.7189 0.0722959
244.953 28.8632 0.0699114
244.955 28.7793 0.0688431
244.956 28.7808 0.0688128
244.889 28.7937 0.0696399
244.842 28.8371 0.0683757
244.874 28.8743 0.0700431
244.892 28.7152 0.0715188
244.876 28.8541 0.0719073
244.834 28.8026 0.0707712
244.915 28.7151 0.0691024
244.906 28.8187 0.0695933
244.942 28.7889 0.0692625
244.878 28.8918 0.0706756
244.749 28.8875 0.0686372
244.854 28.7324 0.0700271
244.888 28.9267 0.0693817
244.884 28.8824 0.0694057
244.837 28.8127 0.0669348
244.931 28.8157 0.0721934
244.933 28.8698 0.0692151
244.894 28.9066 0.0701755
244.85 28.7973 0.0678278
244.881 28.8709 0.0676456
244.895 28.8704 0.0697243
244.86 28.6999 0.0708433
244.892 28.773 0.0697496
244.925 28.7931 0.0684418
244.832 28.8279 0.0694663
244.833 28.8267 0.0694561
244.799 28.8132 0.0687514
244.871 28.7165 0.0725226
244.871 28.7031 0.0722198
244.864 28.7165 0.0723565
244.913 28.8367 0.0684701
244.903 28.8925 0.0732999
244.931 28.766 0.0701257
244.901 28.7394 0.067363
244.895 28.7461 0.0674693
244.88 28.7265 0.0705256
244.765 28.7434 0.0736509
244.858 28.8136 0.0698016
244.9 28.8668 0.0715911
244.841 28.8167 0.067051
244.884 28.7741 0.0717
243.223 26.5281 0.0427072
