-38.9094 -67.0701 1.84423
-38.8735 -66.9438 1.84535
-38.9032 -67.1423 1.84495
-38.9545 -67.1013 1.84636
-38.9273 -67.1036 1.84295
-38.8724 -67.1359 1.84629
-39.0464 -67.1288 1.84567
-38.9428 -67.0915 1.84461
-38.9271 -67.0168 1.84483
-38.8434 -67.0754 1.84584
-38.9523 -67.0327 1.84335
-38.918 -67.0486 1.84391
-38.9394 -67.0461 1.84683
-38.9466 -66.9988 1.84847
-39.0355 -67.0091 1.84493
-38.834 -66.979 1.84516
-38.8299 -66.9792 1.8453
-39.0456 -67.0466 1.84069
-38.9622 -67.0482 1.84706
-38.9506 -67.0472 1.84411
-38.9452 -67.0491 1.84415
-38.9903 -67.0214 1.84165
-38.9645 -67.0765 1.84435
-38.8993 -67.0435 1.8478
-38.9045 -67.0661 1.84552
-38.9105 -67.0666 1.84533
-39.0925 -67.076 1.84102
-38.8684 -67.0263 1.84414
-38.9135 -67.0401 1.84339
-38.9586 -67.0277 1.84313
-38.8815 -67.0804 1.8448
-38.9126 -67.1718 1.84274
-38.9762 -67.1637 1.85031
-39.0282 -66.9857 1.84353
-39.0288 -66.9776 1.84344
-38.8055 -67.0904 1.84486
-38.8753 -67.0026 1.84452
-39.0338 -67.1387 1.84704
-39.0183 -67.0627 1.84654
-39.0224 -67.0629 1.84644
-38.9181 -67.0217 1.84783
-39.0886 -67.0015 1.84193
-38.9539 -67.0418 1.84624
-38.9734 -67.1624 1.8455
-38.9339 -67.0869 1.84581
-38.9393 -66.987 1.84843
-39.0589 -66.9826 1.84462
-38.9998 -67.0952 1.84462
-38.9548 -67.0531 1.84411
-38.9537 -67.0562 1.84398
-38.9795 -67.0146 1.84579
-38.9818 -67.017 1.84593
-38.9616 -67.0303 1.84351
-38.9534 -67.0267 1.84345
-38.965 -67.0256 1.84343
-38.8588 -67.0168 1.84504
-38.903 -67.0348 1.84705
-38.9589 -66.9285 1.84536
-38.9047 -67.0139 1.84573
-38.9684 -67.093 1.84553
-38.9755 -67.0143 1.8441
-38.892 -67.0235 1.84249
-38.8872 -67.0575 1.8455
-39.033 -67.0685 1.84553
-38.8348 -67.067 1.84617
-38.9269 -66.9744 1.84671
-39.0026 -67.2395 1.84537
-38.9079 -67.1463 1.84757
-38.91 -67.144 1.84771
-38.9965 -66.9989 1.84418
-38.996 -67.0012 1.84403
-38.9742 -67.158 1.84301
-38.9291 -67.0145 1.84716
-38.9721 -67.0265 1.84377
-38.9556 -67.0318 1.84129
-39.1079 -66.9937 1.84633
-38.9688 -67.2012 1.84756
-38.9058 -67.0588 1.84372
-38.8537 -67.0389 1.84389
-38.9357 -67.0053 1.8451
-38.9375 -67.012 1.84517
-38.9403 -67.0085 1.84517
-38.9815 -67.0732 1.84429
-38.9007 -67.0139 1.84465
-38.9086 -67.0185 1.84535
-38.9122 -67.025 1.84537
-38.9104 -67.0214 1.84528
-38.9486 -67.0832 1.85052
-38.9511 -67.0847 1.8507
-39.0483 -67.0552 1.84062
-39.0427 -67.0539 1.84071
-38.9726 -67.0641 1.84501
-39.0185 -67.1138 1.84415
-38.9147 -67.001 1.84415
-38.9328 -67.0056 1.84714
-38.9706 -67.1248 1.84879
-38.9322 -67.0674 1.84711
-38.9053 -67.0471 1.84352
-38.9963 -67.0741 1.84215
-38.9917 -67.0729 1.84204
-38.971 -67.1218 1.8451
-39.0226 -67.0215 1.84802
-38.925 -67.1002 1.84315
-38.9708 -67.1563 1.84694
-38.9697 -67.1518 1.84698
-38.9831 -67.0384 1.84521
-38.9355 -67.0563 1.84302
-38.927 -66.9881 1.84455
-39.0391 -67.0145 1.84372
-38.8529 -66.9644 1.84499
-38.8511 -66.9608 1.84496
-39.0035 -67.1506 1.84406
-38.9432 -67.1007 1.84684
-38.948 -67.0935 1.84678
-39.0396 -67.0046 1.8449
-38.9091 -67.0767 1.84468
-39.0371 -67.0622 1.84567
-39.0179 -67.0411 1.84672
-38.8755 -67.0267 1.84631
-38.8972 -67.0351 1.84558
-38.9578 -67.0568 1.84712
-38.9616 -67.0509 1.84725
-38.944 -67.0128 1.84449
-38.9388 -67.0168 1.8464
-38.8769 -67.0645 1.84444
-38.8806 -67.0645 1.84445
-38.9078 -67.13 1.84801
-39.0278 -67.1008 1.84617
-39.0317 -67.1006 1.84626
-38.9511 -67.1212 1.84517
-38.952 -67.125 1.84498
-38.9597 -67.0899 1.84592
-38.9404 -67.0252 1.8429
-38.837 -67.0997 1.84312
-38.9531 -67.0486 1.84938
-38.852 -66.9787 1.84173
-38.9787 -67.0816 1.84353
-39.0606 -67.0172 1.84328
-38.8877 -66.9693 1.84302
-38.9359 -67.1113 1.84207
-38.9342 -67.0955 1.84261
-39.0035 -67.0904 1.84382
-38.892 -67.0809 1.84575
-38.9941 -67.094 1.84409
-38.9988 -67.0878 1.84389
-39.0147 -67.015 1.84525
-39.0235 -67.0526 1.84655
-38.8889 -67.1218 1.84524
-39.014 -67.0361 1.84575
-38.8268 -67.0304 1.84591
-39.0223 -66.9512 1.8405
-39.0251 -67.0169 1.83852
-38.9224 -67.1586 1.84886
-38.9201 -67.146 1.84876
-38.9432 -66.9966 1.84671
-38.9904 -67.0456 1.842
-38.9865 -67.0417 1.84216
-38.9887 -67.043 1.84203
-38.9212 -67.0747 1.8438
-38.9232 -67.0801 1.8438
-38.9196 -67.0772 1.844
-38.9871 -67.0312 1.84439
-38.9872 -67.087 1.84515
-38.8299 -67.097 1.84628
-38.8936 -67.0829 1.8463
-39.0859 -67.0932 1.8452
-39.0903 -67.096 1.84527
-38.8992 -67.0557 1.84408
-38.9543 -67.0713 1.84425
-38.9604 -67.0599 1.84498
-38.9601 -67.0587 1.84509
-39.041 -67.024 1.84743
-38.967 -67.0416 1.84353
-38.9642 -67.036 1.84367
-38.9649 -67.0437 1.84358
-38.999 -67.141 1.84717
-38.9782 -67.0375 1.84198
-38.9814 -67.0375 1.84203
-39.0158 -67.0682 1.84164
-38.8125 -67.0553 1.84595
-38.8722 -66.9869 1.84357
-38.9705 -67.1281 1.84789
-38.9297 -67.0075 1.84549
-39.0442 -66.9848 1.84619
-38.9958 -67.0782 1.84253
-39.0532 -67.0885 1.84722
-38.9333 -67.0246 1.84728
-38.893 -67.063 1.8462
-38.9456 -67.1477 1.84623
-39.0419 -67.0172 1.84526
-39.0456 -67.0132 1.8453
-38.9441 -67.031 1.84649
-38.9443 -67.0723 1.84466
-38.9026 -67.023 1.84402
-38.8589 -67.1363 1.8425
-39.0329 -67.0438 1.84438
-38.9457 -66.98 1.84385
-38.9395 -67.027 1.84355
-38.9923 -67.0755 1.84276
-38.9277 -67.0915 1.8464
-38.9513 -67.0847 1.84408
-38.8776 -67.0344 1.84642
-38.9269 -67.0219 1.84557
-38.9298 -66.982 1.848
-38.826 -67.1826 1.8493
-39.0338 -66.963 1.84109
-39.0424 -66.9592 1.84132
-39.0544 -66.9832 1.84263
-38.9398 -67.0365 1.84457
-38.9729 -67.055 1.84386
-38.9408 -66.9791 1.84564
-39.0489 -67.0451 1.84174
-39.046 -67.0395 1.84169
-39.0138 -67.0504 1.84292
-38.9468 -67.024 1.84028
-38.8479 -67.0707 1.84439
-38.9405 -66.9755 1.84896
-39.0021 -67.0196 1.84461
-38.9983 -67.0248 1.84469
-38.9987 -67.0193 1.84467
-39.0582 -67.0423 1.84515
-39.0595 -67.0474 1.84539
-39.0273 -67.0315 1.84236
-38.9101 -67.0131 1.84614
-39.0131 -67.1695 1.84495
-39.0356 -67.0435 1.84568
-38.9453 -67.0708 1.84564
-38.9441 -67.0737 1.8457
-38.9501 -67.0765 1.84561
-38.953 -67.0645 1.8463
-38.9017 -66.9995 1.84518
-38.8976 -67.0027 1.84524
-38.9606 -67.0745 1.85038
-39.0272 -66.9644 1.84275
-39.0363 -66.9925 1.84384
-38.8791 -67.1484 1.84624
-39.037 -67.1274 1.84356
-38.9519 -67.064 1.84483
-38.9214 -66.9739 1.8428
-38.9973 -67.1263 1.84334
-38.9339 -67.0275 1.84222
-38.904 -66.951 1.84317
-38.9355 -67.0626 1.84584
-38.9553 -67.1141 1.84461
-38.9371 -67.0676 1.84683
-39.047 -67.006 1.8461
-39.0445 -67.0395 1.84331
-39.0114 -67.059 1.84545
-38.9002 -66.9566 1.84449
-39.0047 -67.0818 1.84431
-39.0467 -66.9855 1.84612
-38.893 -67.1231 1.84478
-38.8624 -67.0885 1.84601
-38.8665 -67.084 1.84633
-38.8712 -67.0183 1.84248
-38.87 -67.017 1.8426
-38.951 -67.0374 1.84401
-38.935 -67.0934 1.84738
-38.8935 -67.0143 1.84373
-38.8599 -66.9516 1.84422
-38.8841 -67.0324 1.84565
-38.9278 -67.0986 1.84794
-38.9975 -66.9877 1.84308
-38.8669 -67.1002 1.84684
-38.9668 -67.0552 1.84723
-39.1288 -67.0542 1.84543
-39.0299 -67.0395 1.84126
-38.9149 -67.0175 1.8452
-38.9336 -66.992 1.847
-38.9087 -67.0716 1.84408
-38.8741 -67.0062 1.8448
-38.9043 -67.1447 1.84493
-38.9618 -67.1017 1.84652
-38.925 -67.1022 1.84298
-38.8704 -67.2118 1.84593
-38.9938 -67.0211 1.84639
-38.9974 -67.016 1.84067
-39.0048 -67.0183 1.84032
-39.0029 -67.0157 1.8404
-38.8501 -67.1589 1.84688
-38.9371 -66.9492 1.84417
-38.9391 -66.947 1.84427
-38.958 -67.0416 1.84349
-38.9098 -67.0476 1.84383
-38.9346 -67.0873 1.84619
-38.9341 -67.0847 1.84625
-38.9803 -67.0648 1.84594
-39.0313 -67.0114 1.84512
-39.0243 -67.0915 1.84441
-38.864 -66.9542 1.8425
-38.9781 -67.1362 1.84689
-39.0436 -67.043 1.84062
-39.0445 -67.0445 1.84072
-38.9801 -66.9678 1.84175
-38.8597 -67.0749 1.84878
-38.9442 -67.1397 1.84872
-38.9462 -67.0473 1.84418
-38.9548 -67.0505 1.84409
-38.9923 -67.0144 1.84155
-38.9634 -67.0742 1.84435
-38.9615 -67.0809 1.84425
-38.899 -67.0347 1.8478
-39.0844 -67.0689 1.84098
-38.9956 -67.0337 1.84514
-38.8687 -67.0239 1.84414
-38.9521 -67.0257 1.84295
-38.9542 -67.0213 1.84335
-38.8778 -67.0799 1.84478
-38.9559 -67.0938 1.84362
-38.9452 -67.091 1.84366
-39.029 -66.9764 1.8435
-39.0287 -66.9781 1.84338
-38.8645 -67.0251 1.84735
-38.8682 -67.0285 1.84729
-39.0476 -67.1127 1.84574
-38.9996 -66.9944 1.84713
-39.0001 -67.0857 1.84798
-38.9202 -67.025 1.84789
-38.9219 -66.9826 1.84586
-39.0906 -67.0016 1.84188
-38.9534 -67.039 1.84601
-38.9514 -67.0365 1.8462
-38.9727 -67.1639 1.84539
-38.8318 -67.049 1.84526
-38.9415 -66.9872 1.84846
-38.9106 -66.9825 1.84291
-38.9105 -66.9803 1.8428
-39.0617 -66.9808 1.84452
-39.0004 -67.096 1.84465
-38.9795 -66.9441 1.84513
-39.0318 -67.0548 1.84566
-39.0313 -67.0536 1.84556
-39.0101 -66.9925 1.84557
-38.944 -67.0581 1.84272
-38.9759 -67.1324 1.84395
-38.8216 -66.9005 1.84497
-38.8541 -67.019 1.8452
-38.9532 -66.9648 1.84531
-38.9034 -67.0379 1.84713
-38.9102 -67.0733 1.84883
-38.9148 -67.0756 1.84882
-38.9273 -66.9544 1.84658
-38.9706 -67.0177 1.84383
-38.8442 -67.0609 1.8474
-38.8894 -67.0547 1.8433
-38.8964 -67.0296 1.84249
-38.8851 -67.0544 1.84561
-38.8329 -66.9333 1.84312
-38.8314 -66.9276 1.84301
-39.0343 -67.0712 1.84549
-38.9528 -67.0201 1.84326
-38.9079 -67.149 1.84749
-39.1078 -66.9412 1.84319
-38.9253 -67.0522 1.8472
-39.0062 -67.0365 1.84283
-38.8692 -67.0764 1.84472
-38.8754 -66.9452 1.84363
-39.0532 -67.0444 1.84179
-38.8955 -67.0608 1.84357
-38.9006 -67.1432 1.84548
-38.9324 -67.0096 1.84523
-38.9768 -67.0672 1.84393
-38.8999 -67.0137 1.84477
-38.9155 -67.0285 1.84549
-39.073 -67.0772 1.8431
-39.0461 -67.0578 1.8405
-38.8395 -67.0593 1.84558
-39.0218 -67.1949 1.84611
-39.0262 -67.194 1.84591
-38.9203 -66.9992 1.84409
-38.9282 -67.0683 1.84477
-38.9626 -67.1227 1.84846
-39.1141 -67.0245 1.84175
-39.1163 -67.0249 1.84193
-38.9026 -67.0471 1.84346
-38.9019 -67.0448 1.84338
-38.9313 -67.1307 1.84468
-38.9269 -67.1309 1.84455
-38.9268 -67.0914 1.84318
-38.9247 -67.0977 1.84294
-38.9778 -67.0997 1.84675
-38.9146 -67.0453 1.84499
-38.9318 -67.054 1.84275
-38.936 -67.0545 1.84265
-38.9241 -66.9795 1.84455
-38.8482 -66.9595 1.84493
-38.8489 -66.9598 1.84499
-38.8693 -66.9458 1.84902
-39.0048 -66.9883 1.84642
-39.0023 -67.1455 1.84433
-39.0245 -67.0614 1.84134
-38.9463 -67.0986 1.84678
-39.0378 -67.0003 1.84489
-38.9082 -67.0758 1.84465
-39.0347 -67.066 1.84552
-39.0189 -67.0419 1.84689
-38.9938 -67.1401 1.84411
-38.8772 -67.0382 1.84636
-38.8973 -67.0388 1.84537
-38.9627 -67.0518 1.84725
-38.9337 -67.0413 1.84532
-38.9357 -67.0176 1.84656
-38.9328 -67.1232 1.84464
-39.0433 -66.9774 1.84376
-38.9392 -67.1501 1.84762
-38.941 -67.0957 1.84663
-38.9463 -67.1226 1.84516
-39.0715 -66.9721 1.8425
-39.0603 -66.9759 1.84249
-38.9379 -67.0173 1.84295
-38.9387 -67.0213 1.84284
-38.8693 -67.1281 1.84537
-38.859 -66.9712 1.84166
-38.9845 -67.0795 1.84335
-38.9168 -67.0188 1.84509
-38.9256 -66.9285 1.8438
-38.9396 -67.1144 1.84199
-38.932 -67.0846 1.84282
-38.881 -67.0189 1.84538
-38.8842 -67.0171 1.84539
-38.9219 -67.1989 1.84492
-39.0052 -67.0925 1.84398
-38.9955 -67.0978 1.84398
-39.0162 -67.014 1.84544
-39.014 -67.0646 1.844
-38.9858 -67.0482 1.84486
-39.0722 -67.0037 1.84496
-39.0666 -67.0056 1.84519
-38.8238 -67.0269 1.84583
-39.0226 -67.0147 1.83862
-38.9181 -67.0677 1.8474
-38.9394 -66.993 1.84693
-38.9801 -67.0436 1.84189
-38.9873 -67.0474 1.84185
-38.9294 -67.0827 1.8439
-38.947 -67.0023 1.84305
-38.9867 -67.0299 1.84435
-38.9903 -67.0856 1.84493
-39.1251 -66.9898 1.84632
-39.0848 -67.0888 1.84534
-38.958 -67.061 1.84369
-38.9133 -67.0503 1.84364
-38.9536 -67.073 1.844
-38.9667 -67.0615 1.84509
-38.9659 -67.0371 1.84364
-38.9885 -67.143 1.84722
-38.9843 -67.041 1.84204
-38.874 -67.0115 1.84613
-39.0587 -67.0282 1.84174
-39.0133 -67.0708 1.8416
-38.8861 -67.0283 1.84432
-38.8866 -67.0293 1.84419
-38.8817 -66.981 1.84373
-38.9409 -67.095 1.844
-38.9278 -67.0045 1.84545
-38.9526 -67.1124 1.84942
-39.0025 -67.076 1.84255
-39.0009 -67.0801 1.84264
-38.8931 -67.0165 1.84542
-38.888 -67.0143 1.84511
-38.8923 -67.0512 1.8462
-38.9432 -67.0894 1.84601
-39.0437 -67.0077 1.84508
-39.0715 -67.0894 1.84469
-38.9463 -67.0813 1.84477
-38.9297 -67.0168 1.84315
-38.9067 -67.0321 1.84414
-38.9503 -66.9761 1.84377
-38.9348 -67.031 1.84353
-38.9932 -67.0731 1.84284
-38.9508 -67.0849 1.84404
-38.9511 -67.079 1.84421
-38.9073 -67.0862 1.84433
-38.9755 -67.1537 1.84379
-38.9773 -67.1607 1.84392
-38.9851 -67.0715 1.848
-38.7845 -67.0418 1.84354
-39.0369 -66.9554 1.84118
-39.0475 -66.9855 1.84264
-38.9371 -67.0312 1.84483
-38.9693 -67.0509 1.84386
-38.9412 -66.981 1.84579
-39.0112 -67.0455 1.8428
-38.9385 -67.0208 1.84037
-38.9403 -67.0232 1.84025
-38.8502 -67.0749 1.84439
-38.8477 -67.071 1.84454
-39.0422 -66.9514 1.84335
-38.9935 -67.0221 1.84465
-38.9988 -67.0207 1.84466
-38.8958 -67.1269 1.84627
-39.0303 -67.0271 1.84221
-38.888 -67.024 1.84634
-38.8667 -67.0885 1.84536
-38.992 -67.0875 1.84422
-38.9231 -67.0294 1.84388
-38.9425 -67.0803 1.84556
-38.9597 -67.0623 1.84628
-39.0573 -67.0667 1.84418
-38.6904 -64.5648 1.84108
