-15.909 -4.13866 0.614078
-15.9002 -4.00985 0.607214
-15.9154 -3.95192 0.612221
-16.0853 -4.0846 0.612932
-16.0402 -3.96586 0.610905
-15.8822 -4.03185 0.613047
-15.9492 -4.12245 0.610372
-16.0087 -4.06156 0.614477
-15.9655 -4.05206 0.616008
-15.8888 -4.0503 0.612123
-15.9736 -3.93231 0.610049
-15.9819 -4.08819 0.6127
-15.9577 -4.09499 0.607939
-15.8889 -4.07947 0.61064
-15.8657 -4.0688 0.611043
-15.9249 -4.08347 0.609508
-15.9942 -4.07552 0.613396
-15.9538 -4.02217 0.612586
-15.9461 -3.99899 0.614181
-15.9418 -4.04383 0.609742
-15.9432 -4.10315 0.609849
-15.9921 -4.02885 0.614445
-15.9861 -4.07809 0.614932
-15.983 -4.11767 0.612643
-15.866 -4.07033 0.609178
-16.135 -4.02231 0.614697
-16.0106 -4.0158 0.616248
-16.0632 -4.09596 0.613495
-15.8125 -4.14215 0.609809
-15.8431 -4.09097 0.609347
-15.955 -4.01227 0.61437
-16.0344 -4.05095 0.612826
-16.0379 -4.04934 0.613658
-15.9185 -3.9667 0.611765
-15.9913 -4.03522 0.615207
-15.9984 -3.98049 0.616554
-15.9354 -4.02355 0.610804
-15.9113 -4.03165 0.610012
-15.91 -4.11013 0.611098
-15.9791 -4.06767 0.612584
-15.9749 -4.12814 0.608058
-15.9858 -4.0516 0.614565
-15.8637 -4.06953 0.613147
-15.9076 -4.00363 0.613116
-15.8798 -4.03314 0.612777
-16.038 -3.97548 0.611615
-16.0372 -4.0998 0.613381
-15.884 -4.0842 0.61295
-15.8827 -3.96893 0.614735
-15.9858 -4.04251 0.61013
-15.9705 -4.15752 0.611069
-15.9893 -4.08642 0.609898
-15.9408 -4.02269 0.614035
-15.9111 -4.01594 0.61542
-16.0534 -4.05129 0.617737
-15.8981 -4.04494 0.608157
-15.9013 -4.01924 0.609126
-15.939 -3.94702 0.608332
-15.9823 -4.09743 0.613944
-15.8461 -4.07873 0.610341
-16.0292 -4.00993 0.614884
-15.8997 -4.05411 0.607956
-15.9104 -4.0331 0.615974
-15.8911 -4.00193 0.613697
-15.9978 -3.99318 0.612964
-16.0064 -4.12761 0.610426
-15.9145 -4.03145 0.612891
-15.8653 -4.08298 0.611671
-15.9743 -4.07253 0.610421
-15.9261 -4.04314 0.614138
-15.8723 -3.97179 0.615317
-15.9484 -4.05443 0.614309
-15.9107 -4.0344 0.614422
-15.9797 -4.06165 0.614956
-15.961 -3.98584 0.614686
-15.9454 -4.01945 0.610726
-15.8943 -4.05212 0.613119
-15.8697 -4.17657 0.60939
-15.9001 -4.11977 0.608312
-16.0449 -4.07591 0.610812
-16.0392 -4.03552 0.613556
-15.9472 -4.01933 0.61195
-16.0088 -3.98306 0.611631
-15.9408 -4.08485 0.61117
-15.9301 -4.04112 0.615788
-15.9839 -4.02204 0.612294
-15.915 -4.02921 0.610422
-15.8519 -4.02307 0.609394
-15.8804 -4.11242 0.607767
-15.861 -4.00402 0.611747
-15.9929 -4.02496 0.614425
-15.8524 -4.09353 0.61074
-15.9419 -4.05987 0.606604
-15.9471 -4.04413 0.611385
-15.9972 -4.05158 0.610453
-15.9646 -4.04397 0.609907
-15.9164 -4.0751 0.615616
-15.9223 -4.04078 0.612339
-15.9203 -4.14771 0.616784
-15.9637 -4.03543 0.612191
-15.9452 -4.00791 0.611454
-15.9645 -4.09689 0.611985
-15.8879 -4.10149 0.612785
-15.9729 -4.06469 0.612183
-15.9227 -4.09585 0.616901
-15.9174 -4.0439 0.612528
-16.0488 -4.02545 0.612555
-15.9221 -3.92404 0.611619
-15.9465 -4.05387 0.61131
-15.9005 -4.04485 0.612274
-15.9462 -4.095 0.613258
-15.9646 -4.09047 0.613079
-16.0451 -4.10875 0.616292
-16.0021 -4.11188 0.61278
-15.9554 -4.00897 0.607943
-15.9367 -4.06078 0.612664
-16.0366 -4.14244 0.614233
-15.8958 -4.11953 0.609684
-15.9206 -4.03583 0.614933
-16.131 -4.06852 0.617193
-16.0538 -4.14836 0.613307
-16.045 -4.10048 0.613431
-15.9172 -4.04414 0.614383
-16.0033 -4.05734 0.614298
-15.9196 -4.09287 0.611607
-15.9362 -4.08382 0.612999
-15.834 -4.0771 0.608643
-15.8426 -4.03999 0.607761
-15.9505 -4.04127 0.609903
-15.8278 -4.09619 0.610278
-15.8599 -4.06675 0.611864
-15.8146 -4.12527 0.609921
-15.8966 -4.06912 0.612839
-15.9594 -4.02805 0.610147
-15.9076 -4.02858 0.611849
-15.9208 -3.96992 0.611656
-15.944 -3.89532 0.61196
-15.8926 -4.11313 0.611364
-15.9521 -4.08494 0.613062
-15.9312 -4.01629 0.612097
-15.9234 -4.04592 0.613165
-15.9319 -4.04053 0.61337
-16.0982 -4.13098 0.61016
-15.9051 -4.08769 0.612176
-15.9984 -4.00637 0.613101
-15.8121 -4.08644 0.612424
-15.8591 -4.08876 0.609688
-15.928 -4.02019 0.6117
-15.8598 -4.01311 0.614742
-16.0207 -4.01098 0.613999
-15.9966 -4.05856 0.611634
-15.9404 -4.02428 0.613112
-15.9453 -4.0992 0.613834
-15.913 -3.99452 0.612231
-16.0652 -3.98277 0.615379
-15.9914 -4.04385 0.612563
-15.9864 -4.07588 0.612077
-15.8138 -4.06628 0.608979
-16.0681 -4.15027 0.616202
-16.0603 -4.13996 0.61309
-15.8225 -4.0818 0.610713
-15.9488 -4.06709 0.611009
-15.9902 -4.04981 0.612395
-15.9662 -4.05926 0.614441
-15.9531 -4.1196 0.613138
-15.9781 -4.0909 0.614527
-16.0134 -4.16684 0.614002
-15.9331 -4.12341 0.611411
-15.9599 -4.06152 0.61066
-16.0613 -3.98142 0.615163
-15.9697 -4.05686 0.611976
-16.0147 -4.11273 0.615272
-15.9367 -4.05608 0.61355
-16.0123 -4.06374 0.614941
-15.8583 -4.12558 0.609449
-15.8941 -3.94316 0.616165
-15.9173 -4.03236 0.613414
-15.9352 -4.1556 0.609608
-15.9849 -4.00308 0.607995
-16.0725 -4.14816 0.6128
-15.9891 -4.10159 0.616421
-16.0376 -3.99143 0.617244
-15.9161 -4.06821 0.609694
-15.9158 -4.04944 0.611365
-16.0054 -4.03446 0.614636
-15.9278 -4.0744 0.611933
-15.9119 -4.19169 0.616306
-15.9592 -4.14627 0.611623
-15.9114 -4.03044 0.610071
-15.9503 -3.94075 0.610448
-16.0417 -4.20822 0.6158
-15.9493 -4.00506 0.614156
-15.9215 -4.03488 0.616002
-15.8719 -4.04065 0.609711
-16.0103 -4.03415 0.613173
-15.9909 -4.05942 0.610832
-16.0137 -4.09168 0.615321
-15.9933 -4.12025 0.612596
-16.0545 -4.05123 0.613448
-15.9113 -4.04629 0.613289
-15.9899 -4.09968 0.613511
-15.9416 -4.07094 0.617443
-16.0039 -3.92536 0.61332
-15.9379 -4.04544 0.614411
-15.9387 -4.05095 0.610972
-16.0691 -4.07721 0.614898
-15.9867 -4.06168 0.611678
-15.9288 -4.0278 0.611763
-16.0618 -4.07231 0.612244
-15.8997 -4.12184 0.608254
-15.9012 -4.09796 0.608841
-16.0067 -4.09018 0.61504
-15.9088 -3.94151 0.613132
-15.8166 -3.99133 0.613382
-15.956 -4.10055 0.609925
-15.9993 -4.06609 0.612368
-15.999 -4.0232 0.611844
-16.0193 -4.05601 0.609882
-15.987 -4.05365 0.610136
-15.928 -4.09976 0.612079
-15.937 -4.01909 0.613325
-16.0345 -4.08698 0.615954
-15.9207 -4.14065 0.612945
-15.9293 -4.07905 0.611053
-16.0361 -4.09444 0.610419
-16.0299 -3.97633 0.615585
-16.0087 -4.11084 0.611757
-15.9194 -4.0275 0.615474
-15.8155 -4.06344 0.609984
-15.9594 -4.05747 0.607075
-15.8571 -3.95784 0.612036
-15.9791 -4.13758 0.612814
-15.9651 -4.0387 0.612689
-15.9955 -4.13774 0.611152
-15.8775 -4.0285 0.611948
-15.9075 -4.05751 0.612874
-15.933 -4.10379 0.617615
-15.9782 -4.06803 0.617972
-15.9273 -4.05552 0.6113
-15.9978 -4.09255 0.614737
-15.9656 -4.0561 0.612317
-16.0637 -3.97272 0.614257
-16.0209 -4.10866 0.615454
-16.0156 -3.97858 0.607877
-15.8894 -4.07998 0.612757
-15.9332 -4.04394 0.61458
-16.1061 -4.16254 0.611801
-16.0086 -4.06176 0.613928
-15.9976 -4.14046 0.610441
-15.8929 -4.07169 0.614594
-15.9111 -4.0344 0.615298
-16.0124 -4.0206 0.614873
-15.9617 -4.12019 0.614551
-16.0043 -4.04494 0.617307
-16.0688 -4.10463 0.609122
-15.9991 -4.02366 0.614016
-15.8749 -4.04865 0.611173
-16.0336 -4.19621 0.613368
-15.9233 -4.04104 0.617369
-15.9784 -4.08929 0.614795
-15.9151 -4.03369 0.610008
-15.8932 -4.08818 0.611605
-15.9517 -4.09448 0.613609
-15.9416 -3.98599 0.6155
-15.9691 -4.04368 0.612883
-15.8582 -4.1476 0.611528
-15.9786 -4.0527 0.611893
-15.965 -4.06752 0.612885
-15.8619 -4.06987 0.611075
-16.0329 -4.0629 0.613897
-16.0069 -3.93045 0.611209
-15.8811 -4.05241 0.613003
-15.9677 -3.995 0.613679
-15.9288 -4.03335 0.612171
-15.8493 -4.07687 0.612421
-16.1535 -4.04815 0.611633
-15.9049 -4.04927 0.610207
-15.9585 -4.01029 0.610213
-16.0033 -4.04932 0.613794
-15.9281 -4.15757 0.6099
-15.9619 -4.08322 0.610463
-15.9505 -4.03152 0.615229
-15.9751 -4.04358 0.613777
-15.953 -4.15566 0.614856
-16.0447 -4.04064 0.613982
-15.9266 -4.04744 0.611221
-15.8432 -4.08154 0.608843
-15.9625 -4.08544 0.609398
-15.9321 -3.98582 0.612559
-15.821 -4.10928 0.61069
-15.8285 -4.04954 0.609359
-15.9266 -3.97357 0.608812
-15.9247 -4.00695 0.616433
-15.8527 -4.10421 0.610019
-15.9627 -3.91885 0.611146
-15.9267 -4.0469 0.613392
-16.0369 -4.06159 0.609092
-15.9581 -4.08308 0.611229
-15.8704 -4.00982 0.611581
-15.9602 -3.97071 0.612536
-15.948 -4.00466 0.612209
-15.9539 -4.15325 0.613583
-16.0417 -4.19305 0.613044
-15.935 -3.97304 0.611975
-15.9925 -4.09085 0.612509
-15.9716 -3.97208 0.609563
-16.0787 -4.02419 0.613207
-15.9928 -4.03011 0.60971
-16.0219 -4.02049 0.609156
-15.99 -4.00336 0.612291
-15.9552 -4.09979 0.612194
-15.9411 -4.1506 0.610528
-15.9983 -4.04271 0.613311
-16.0217 -4.02944 0.6135
-15.9752 -4.10484 0.612072
-15.886 -4.05572 0.607633
-15.9398 -4.01557 0.61064
-15.9304 -4.14629 0.615144
-15.9287 -4.11166 0.616131
-15.8873 -4.08636 0.608664
-15.9567 -4.09017 0.620315
-15.9986 -4.07388 0.614167
-15.9534 -4.0362 0.612238
-15.8975 -4.07045 0.611134
-16.0295 -4.20945 0.617624
-15.8741 -4.02624 0.611745
-15.9754 -4.05475 0.612543
-15.9627 -4.05262 0.612057
-15.8983 -4.06427 0.612726
-16.0002 -4.09151 0.608164
-16.0119 -4.1359 0.616152
-15.9576 -4.17053 0.614886
-16.0316 -4.23961 0.614251
-15.9153 -4.05008 0.612348
-15.8654 -3.99206 0.616998
-15.8573 -3.9968 0.610909
-16.0624 -4.1953 0.614148
-15.9523 -4.03095 0.613106
-15.9283 -4.11358 0.611472
-16.0507 -4.01518 0.613877
-15.9252 -3.98607 0.612165
-16.0607 -4.10631 0.611723
-15.8839 -4.0373 0.60716
-15.9806 -4.07091 0.610757
-15.9395 -4.03936 0.616228
-15.8335 -4.03081 0.610011
-15.8492 -4.09809 0.609596
-15.9193 -4.16386 0.617089
-16.0072 -4.15323 0.611984
-15.9841 -3.95721 0.61378
-15.9986 -4.06944 0.612027
-15.9348 -4.10148 0.611862
-15.9276 -4.10953 0.611647
-15.977 -4.03462 0.612211
-15.9458 -3.97639 0.611468
-15.9109 -4.10849 0.61157
-15.9945 -4.02379 0.612727
-16.1479 -4.10966 0.609321
-15.9894 -4.03167 0.613246
-15.8927 -4.03859 0.613591
-16.0976 -4.0741 0.613036
-15.8669 -4.13883 0.608824
-16.0033 -4.02423 0.615168
-15.9288 -4.14859 0.609666
-16.0111 -4.09377 0.614233
-15.9976 -4.10809 0.611021
-15.9415 -4.15636 0.612592
-15.9411 -4.0587 0.611513
-15.9722 -4.07134 0.616638
-15.9768 -3.99797 0.612235
-15.9035 -3.99632 0.612757
-15.894 -4.0632 0.611423
-15.9264 -4.03401 0.611836
-15.9617 -3.94435 0.61511
-15.9131 -4.02403 0.608063
-16.0242 -4.0539 0.61167
-16.0184 -4.08663 0.615987
-15.9403 -4.09927 0.618486
-16.0149 -4.10862 0.615391
-15.9427 -4.06209 0.612577
-15.9692 -3.92641 0.60857
-15.8877 -4.0553 0.610993
-15.9809 -4.02254 0.615094
-15.8692 -4.02098 0.611029
-15.896 -4.07645 0.610625
-15.9938 -3.99551 0.611526
-16.0037 -4.06442 0.611569
-15.9592 -3.94139 0.611585
-15.9646 -4.08197 0.613176
-16.0144 -4.03141 0.612514
-15.9365 -4.06123 0.613227
-15.9194 -4.06936 0.610457
-16.0131 -4.0392 0.613154
-15.9828 -4.06077 0.613006
-15.9982 -4.05825 0.61196
-15.8351 -4.02882 0.611748
-15.9387 -3.97104 0.613548
-15.9229 -4.09446 0.610325
-15.9691 -4.04421 0.611787
-16.0535 -4.14193 0.614105
-15.9661 -4.07075 0.612375
-16.0265 -4.06133 0.612356
-16.1707 -4.02054 0.610721
-15.9674 -3.99586 0.613306
-15.9568 -3.99366 0.610844
-15.8803 -4.0995 0.613356
-15.9237 -4.09634 0.61054
-16.083 -3.95707 0.614069
-16.012 -4.0449 0.614158
-15.9013 -4.03256 0.612485
-15.9499 -3.92564 0.611289
-15.967 -4.01429 0.613073
-15.9785 -4.05277 0.614702
-15.9099 -4.02428 0.614009
-15.9911 -3.96155 0.610517
-15.981 -4.00133 0.612237
-16.0449 -4.17941 0.614196
-15.984 -4.11522 0.616307
-15.8636 -4.02617 0.613126
-15.9804 -4.05509 0.611768
-15.964 -4.08079 0.611986
-15.9068 -4.07609 0.610663
-16.0117 -4.04083 0.609445
-16.0033 -4.09401 0.614252
-15.9549 -4.0696 0.607404
-15.8869 -4.09374 0.613591
-15.9994 -4.02989 0.607654
-16.0775 -4.03703 0.614196
-15.9507 -4.0542 0.610982
-15.9858 -4.05172 0.61107
-16.0194 -3.99599 0.614624
-15.9047 -4.0588 0.610413
-15.983 -4.04094 0.615913
-15.9893 -4.22627 0.614791
-16.0039 -4.09865 0.611222
-15.9239 -4.07112 0.610249
-15.848 -4.0396 0.609053
-15.9192 -4.05056 0.613938
-15.8896 -4.05888 0.610667
-15.936 -4.1269 0.613821
-15.91 -4.0115 0.611511
-15.9091 -4.05535 0.612689
-15.978 -4.08255 0.613107
-16.0231 -3.96345 0.61299
-15.9703 -4.1616 0.611817
-15.9326 -4.06191 0.611775
-15.9243 -4.05153 0.611659
-15.9805 -4.06441 0.610947
-15.9327 -4.08616 0.612207
-16.0066 -4.03495 0.613292
-15.9802 -4.15988 0.616016
-15.9792 -4.04824 0.610596
-16.0083 -4.18141 0.616101
-16.0041 -4.0265 0.612822
-15.9705 -4.11065 0.610705
-16.0476 -4.00726 0.612092
-16.0429 -4.11105 0.613111
-15.9479 -4.0801 0.609707
-16.0381 -4.0793 0.611893
-15.9936 -4.1309 0.613505
-16.0194 -3.96373 0.613264
-15.9442 -4.11327 0.613042
-16.0128 -4.0448 0.614496
-16.0389 -3.99872 0.617949
-15.8876 -4.02184 0.610829
-15.8681 -3.98093 0.608349
-15.9973 -4.04781 0.61286
-15.9562 -3.99054 0.614395
-15.8941 -4.03821 0.618443
-15.9314 -4.03757 0.613748
-15.9061 -4.00979 0.616361
-15.9722 -4.14112 0.61462
-15.9766 -4.10279 0.61734
-16.0127 -4.10404 0.611063
-15.9145 -4.06996 0.609962
-15.983 -3.96382 0.613799
-16.1136 -3.99696 0.614151
-15.9554 -4.03331 0.614908
-16.0072 -4.13849 0.613691
-15.9427 -3.9192 0.612646
-15.9344 -4.13187 0.61176
-15.9417 -4.02734 0.607801
-15.8928 -4.11034 0.608279
-16.0068 -4.02524 0.611686
-15.9067 -4.02707 0.611417
-15.9096 -4.11035 0.610533
-15.9207 -4.00558 0.612613
-16.0057 -4.03306 0.615593
-15.9361 -4.05418 0.611682
-15.9317 -4.08591 0.611326
-15.9326 -4.08363 0.609638
-16.0219 -4.0352 0.616911
-16.0016 -3.90551 0.612163
-15.9448 -3.9963 0.613454
-16.0298 -4.10396 0.613578
-15.9077 -3.99281 0.609941
-15.9105 -4.08545 0.608964
-15.7991 -3.98128 0.610903
-15.9151 -4.11864 0.609907
-17.4808 -5.22223 0.628838
