58.9311 14.5171 0.140361
58.8591 14.4483 0.139547
58.8506 14.4481 0.139343
58.8394 14.4763 0.139721
58.9047 14.5744 0.139396
58.8792 14.3855 0.143813
58.8396 14.5023 0.142014
58.855 14.5497 0.142646
58.7939 14.5112 0.143819
58.7681 14.5409 0.140852
58.8119 14.5571 0.141639
58.7359 14.5814 0.144343
58.8711 14.5804 0.143074
58.8398 14.4706 0.141093
58.9598 14.4138 0.138521
58.9627 14.4109 0.138545
58.8741 14.5548 0.140323
58.8279 14.4044 0.141003
58.8288 14.3972 0.14113
58.7777 14.3641 0.140868
58.8316 14.4207 0.142734
58.7997 14.5439 0.14133
58.769 14.5213 0.139875
58.9003 14.4435 0.142292
58.8685 14.5017 0.140855
58.8547 14.3777 0.138318
58.8078 14.5245 0.140453
58.9402 14.4716 0.141151
58.8012 14.4569 0.14258
58.827 14.4514 0.142874
58.8319 14.4487 0.143078
58.8393 14.5735 0.141006
58.8636 14.5239 0.14387
58.8735 14.4282 0.139025
58.8843 14.4604 0.137497
58.8089 14.4894 0.14282
58.7945 14.4534 0.143022
58.8203 14.5614 0.141066
58.9179 14.5285 0.141959
58.8466 14.5296 0.140856
58.8243 14.499 0.144389
58.8382 14.4634 0.142261
58.8423 14.4522 0.142015
58.6986 14.4994 0.143441
58.7057 14.4994 0.143393
58.8753 14.5627 0.14174
58.8192 14.455 0.142236
58.8194 14.4554 0.142278
58.8167 14.3978 0.142987
58.8958 14.5609 0.140954
58.6987 14.5826 0.1424
58.8098 14.4938 0.140376
58.811 14.493 0.140388
58.8545 14.4905 0.142754
58.7342 14.4031 0.141343
58.7563 14.4739 0.141693
58.8364 14.5 0.13979
58.7688 14.4473 0.142856
58.8214 14.5296 0.142623
58.6916 14.535 0.139996
58.8049 14.465 0.143886
58.8065 14.5995 0.143677
58.8128 14.4427 0.140636
58.8166 14.4388 0.140853
58.8859 14.4269 0.140723
58.8538 14.507 0.14293
58.8185 14.4253 0.14228
58.7618 14.6046 0.142779
58.8711 14.5489 0.14386
58.8418 14.542 0.144386
58.7429 14.4691 0.142632
58.9122 14.486 0.137535
58.9119 14.4881 0.137587
58.8557 14.4341 0.142123
58.7459 14.426 0.139959
58.8224 14.4698 0.139433
58.9134 14.5616 0.143897
58.8817 14.5732 0.145226
58.8444 14.5932 0.143496
58.8155 14.4425 0.142766
58.8065 14.371 0.139968
58.8474 14.5186 0.138438
58.8902 14.4359 0.141364
58.8204 14.4589 0.141633
58.8205 14.4594 0.141737
58.763 14.5924 0.143216
58.8083 14.3516 0.141631
58.7856 14.4471 0.141472
58.7733 14.3634 0.140756
58.8301 14.418 0.141295
58.8288 14.4203 0.141115
58.7969 14.5251 0.143347
58.758 14.514 0.139967
58.7921 14.5131 0.141555
58.7417 14.4944 0.144732
58.8214 14.522 0.142651
58.8217 14.5187 0.142501
58.8185 14.5407 0.139508
58.7763 14.487 0.141571
58.7672 14.5256 0.143532
58.8038 14.3631 0.142645
58.7906 14.4186 0.141019
58.7909 14.4346 0.143672
58.8414 14.4831 0.140773
58.7057 14.3595 0.141055
58.8034 14.4682 0.145072
58.8629 14.5179 0.138475
58.8605 14.5124 0.138715
58.8242 14.502 0.139569
58.8465 14.5103 0.143147
58.8669 14.5431 0.142262
58.9332 14.4956 0.141827
58.8571 14.4147 0.142216
58.8562 14.412 0.142111
58.8681 14.4568 0.136854
58.7743 14.5437 0.141554
58.8614 14.425 0.141423
58.8616 14.4267 0.141444
58.7501 14.5726 0.142582
58.91 14.538 0.140253
58.8393 14.4057 0.140836
58.8313 14.3656 0.139872
58.8272 14.3675 0.139743
58.8686 14.5271 0.139422
58.8508 14.4651 0.14395
58.7751 14.4894 0.14002
58.7789 14.5088 0.142528
58.8825 14.4648 0.141136
58.8356 14.4417 0.140623
58.8332 14.4383 0.140592
58.8152 14.4105 0.14081
58.8241 14.4426 0.143172
58.8547 14.4371 0.138781
58.7796 14.4428 0.145917
58.8082 14.4136 0.140156
58.8355 14.4015 0.14407
58.853 14.55 0.14314
58.8784 14.4356 0.142447
58.8114 14.4754 0.144334
58.7752 14.5126 0.14244
58.775 14.5122 0.142479
58.8176 14.3639 0.140471
58.8533 14.5868 0.141724
58.8416 14.4155 0.140879
58.8863 14.5477 0.141838
58.8587 14.5532 0.14121
58.8556 14.5573 0.141116
58.8022 14.451 0.141086
58.8533 14.4234 0.140583
58.8231 14.4728 0.142465
58.8028 14.4787 0.141146
58.84 14.5136 0.141883
58.8093 14.4301 0.13971
58.7835 14.4773 0.142112
58.8528 14.4987 0.141483
58.8783 14.5083 0.140697
58.8818 14.5092 0.140907
58.8407 14.4435 0.143978
58.8924 14.4996 0.144864
58.9588 14.5019 0.143378
58.7877 14.5011 0.142847
58.9101 14.3971 0.142602
58.9094 14.3932 0.142614
58.8793 14.4506 0.143837
58.7876 14.4049 0.141226
58.8748 14.4335 0.142213
58.8156 14.4753 0.144256
58.9218 14.4879 0.140841
58.7758 14.4613 0.143233
58.7718 14.464 0.143287
58.7979 14.5324 0.14425
58.8298 14.393 0.141488
58.8194 14.4986 0.139968
58.9177 14.5791 0.141454
58.9164 14.4092 0.139898
58.9047 14.3842 0.141747
58.9055 14.3875 0.14171
58.769 14.4542 0.140061
58.9026 14.4255 0.141128
58.9006 14.4286 0.141203
58.8474 14.4742 0.14257
58.8754 14.4041 0.139478
58.8743 14.398 0.139564
58.837 14.4477 0.141098
58.8551 14.5322 0.14098
58.83 14.4477 0.139722
58.8138 14.5822 0.139846
58.8641 14.4781 0.143904
58.7928 14.5376 0.142169
58.8605 14.4793 0.144547
58.7835 14.5523 0.142088
58.8275 14.3906 0.144004
58.892 14.5014 0.141404
58.8358 14.5984 0.141479
58.8648 14.437 0.14203
58.7541 14.483 0.140752
58.8809 14.4762 0.141262
58.8816 14.4725 0.141259
58.889 14.4907 0.142598
58.8874 14.5099 0.142872
58.9006 14.5542 0.143494
58.8154 14.5161 0.141848
58.8673 14.4451 0.141223
58.8663 14.4447 0.140975
58.8689 14.4472 0.141104
58.8599 14.4766 0.14097
58.8657 14.5351 0.140853
58.8139 14.5497 0.142839
58.8379 14.5136 0.139768
58.8057 14.4404 0.139507
58.8757 14.4786 0.14156
58.7299 14.4609 0.142115
58.8582 14.5593 0.139187
58.9175 14.4915 0.141695
58.8381 14.4726 0.141747
58.8779 14.4851 0.139325
58.7704 14.4879 0.142142
58.7939 14.4654 0.142494
58.8933 14.5096 0.142922
58.8233 14.3881 0.140929
58.8257 14.3851 0.140783
58.8129 14.5116 0.142048
58.9113 14.5046 0.140392
58.9058 14.5018 0.140314
58.6861 14.401 0.143135
58.8562 14.5348 0.143046
58.8606 14.5317 0.143157
58.8272 14.5471 0.142749
58.7406 14.3884 0.142628
58.8507 14.5598 0.141419
58.87 14.4591 0.14356
58.8613 14.4637 0.143386
58.8732 14.4687 0.141038
58.8421 14.4468 0.1392
58.8502 14.4819 0.140235
58.8393 14.4744 0.139592
58.8392 14.4719 0.139534
58.9697 14.5087 0.138647
58.8464 14.5032 0.142189
58.8391 14.5007 0.141906
58.9317 14.3716 0.14201
58.8426 14.4984 0.141216
58.8408 14.503 0.141083
58.8412 14.4972 0.140862
58.8395 14.4662 0.14087
58.8737 14.5633 0.140024
58.8274 14.4025 0.14113
58.7765 14.3597 0.141089
58.801 14.5055 0.143774
58.7828 14.4863 0.14175
58.814 14.4716 0.144904
58.8995 14.4388 0.142181
58.8366 14.5191 0.143387
58.8784 14.4764 0.142445
58.8713 14.5009 0.14069
58.8598 14.3735 0.138313
58.8572 14.3775 0.138286
58.8111 14.5318 0.140608
58.8064 14.4569 0.14208
58.8026 14.4873 0.142441
58.8058 14.4901 0.142414
58.8628 14.3682 0.142962
58.8725 14.526 0.143749
58.8899 14.4637 0.137668
58.8895 14.458 0.137698
58.8897 14.4599 0.137604
58.7966 14.4548 0.142969
58.7554 14.4717 0.143402
58.8227 14.5159 0.142737
58.8247 14.5141 0.142742
58.8071 14.521 0.140079
58.8455 14.5237 0.140736
58.84 14.5245 0.140779
58.8393 14.4555 0.142235
58.8708 14.5581 0.141734
58.82 14.4001 0.143154
58.8755 14.415 0.140268
58.8066 14.6238 0.140228
58.8379 14.5075 0.141203
58.8504 14.488 0.142778
58.8691 14.5046 0.142258
58.8669 14.5236 0.143973
58.831 14.5022 0.140067
58.8435 14.5002 0.140129
58.8198 14.4376 0.139579
58.7954 14.479 0.140766
58.8007 14.4808 0.140941
58.8229 14.5317 0.142369
58.7963 14.3776 0.142748
58.7347 14.419 0.1409
58.9022 14.4584 0.142049
58.8043 14.4689 0.143784
58.8077 14.6041 0.14379
58.8744 14.4812 0.141664
58.882 14.4188 0.140852
58.8566 14.5053 0.142885
58.9111 14.6041 0.139817
58.8256 14.4263 0.142317
58.8165 14.4351 0.142005
58.8754 14.4657 0.139491
58.7514 14.4843 0.142325
58.7603 14.4822 0.142387
58.7385 14.4707 0.142426
58.8326 14.5112 0.144335
58.856 14.4376 0.14185
58.7477 14.4329 0.140088
58.8199 14.4648 0.139263
58.9078 14.5626 0.144076
58.8144 14.5001 0.141331
58.8168 14.4333 0.142892
58.8419 14.5197 0.138495
58.8413 14.5215 0.138445
58.8837 14.4473 0.141658
58.7999 14.4987 0.139515
58.8183 14.4564 0.141832
58.7665 14.5972 0.143221
58.8068 14.3517 0.141579
58.782 14.4465 0.143113
58.7768 14.3679 0.141224
58.8273 14.4208 0.141361
58.7975 14.5322 0.143221
58.7821 14.4616 0.142264
58.7923 14.507 0.14155
58.7607 14.5074 0.145224
58.8139 14.5151 0.142631
58.816 14.5376 0.139861
58.8189 14.5384 0.139391
58.795 14.4694 0.141338
58.7907 14.4626 0.141306
58.7907 14.4622 0.141258
58.7571 14.4878 0.139536
58.8169 14.4952 0.142011
58.7919 14.415 0.141118
58.8034 14.4329 0.142544
58.8325 14.4874 0.140612
58.8877 14.5294 0.140307
58.8598 14.525 0.140121
58.7987 14.4698 0.145207
58.8637 14.5152 0.138733
58.8205 14.5057 0.139756
58.8493 14.4154 0.142697
58.9327 14.4932 0.141502
58.848 14.4907 0.141978
58.8515 14.4066 0.142016
58.8537 14.4105 0.142045
58.7789 14.5352 0.141701
58.7716 14.5033 0.143397
58.862 14.4268 0.141373
58.7712 14.4238 0.140859
58.8421 14.5181 0.141303
58.8653 14.4674 0.142681
58.9096 14.5379 0.140284
58.8401 14.3945 0.141041
58.8611 14.5055 0.142527
58.7782 14.3547 0.144809
58.8459 14.465 0.143793
58.7725 14.4877 0.140025
58.8435 14.5531 0.142523
58.8432 14.5504 0.142902
58.8688 14.4868 0.143846
58.749 14.6491 0.144581
58.8131 14.4119 0.140836
58.8494 14.4357 0.138652
58.7425 14.5274 0.143931
58.8345 14.4017 0.143944
58.7947 14.5196 0.145986
58.8631 14.4981 0.144896
58.8138 14.4695 0.144393
58.7747 14.4983 0.141634
58.7691 14.4189 0.140898
58.7699 14.4108 0.140853
58.8943 14.5132 0.140534
58.879 14.4867 0.142681
58.825 14.531 0.142877
58.7981 14.4265 0.140058
58.8562 14.5566 0.141042
58.8638 14.553 0.141201
58.859 14.5564 0.141161
58.8503 14.5463 0.141522
58.8185 14.5491 0.141776
58.8565 14.419 0.140665
58.8531 14.4244 0.140466
58.7593 14.6149 0.142583
58.799 14.4807 0.141081
58.821 14.6029 0.144154
58.8355 14.5145 0.14179
58.8575 14.4706 0.144173
58.8063 14.4324 0.139709
58.8106 14.4269 0.139738
58.7863 14.4684 0.142063
58.7455 14.5471 0.139608
58.7506 14.5554 0.139717
58.7486 14.5594 0.139684
58.8559 14.5029 0.141721
58.8769 14.5098 0.140673
58.8431 14.5912 0.140101
58.8697 14.498 0.142052
58.8022 14.4972 0.14188
58.7985 14.4939 0.14192
58.795 14.4928 0.141903
58.8113 14.4988 0.145236
58.788 14.4011 0.141326
58.7837 14.3996 0.141464
58.7822 14.4588 0.142845
58.8209 14.4733 0.144251
58.928 14.4804 0.140775
58.769 14.5329 0.144037
58.83 14.3966 0.14125
58.8221 14.3938 0.141377
58.8562 14.4692 0.142791
58.9111 14.4059 0.139946
58.9051 14.3885 0.142257
58.7682 14.4593 0.140255
58.8995 14.4274 0.14108
58.6865 14.5012 0.142182
58.8763 14.4048 0.139356
58.8715 14.4043 0.139393
58.8816 14.3163 0.140822
58.9609 14.4618 0.140519
58.8285 14.446 0.139755
58.8693 14.4838 0.143934
58.8005 14.5307 0.142276
58.8381 14.4939 0.141663
58.8969 14.5066 0.141377
58.8338 14.6 0.141445
58.7335 14.476 0.14387
58.7997 14.5761 0.139875
58.7163 14.4816 0.138395
58.8866 14.3842 0.140817
58.9029 14.5506 0.143389
58.781 14.4938 0.140582
58.9312 14.5013 0.143235
58.8694 14.4423 0.141133
58.859 14.474 0.140953
58.8848 14.5908 0.143569
58.8869 14.5937 0.143595
58.7727 14.5725 0.140437
58.8037 14.4433 0.139376
58.7268 14.4604 0.142116
58.8222 14.5153 0.140308
58.9202 14.4945 0.141755
58.9082 14.5531 0.141925
58.8731 14.4839 0.139312
58.7724 14.4858 0.142328
58.8397 14.5088 0.140737
58.8289 14.3904 0.140947
58.8093 14.5131 0.141908
58.9104 14.5049 0.140413
58.7395 14.4155 0.1435
58.6895 14.4007 0.143155
58.685 14.4 0.143144
58.8118 14.4809 0.143233
58.9112 14.4872 0.140511
58.9005 14.4932 0.140527
58.7807 14.5468 0.144162
58.7445 14.3909 0.142607
58.8532 14.5617 0.141285
58.8047 14.4369 0.139843
58.8066 14.4393 0.139942
58.8671 14.4699 0.141018
58.8541 14.4476 0.139311
58.8479 14.451 0.13933
58.8526 14.4837 0.14013
58.8359 14.476 0.139743
58.969 14.498 0.138617
58.8457 14.4945 0.142102
58.9334 14.3701 0.142056
58.7368 14.5726 0.144252
58.8718 14.5824 0.142994
58.8426 14.4979 0.14113
58.8324 14.4785 0.141743
58.8419 14.4742 0.141123
58.8372 14.4687 0.141129
58.8271 14.409 0.141296
58.825 14.3958 0.140939
58.8363 14.4205 0.142728
58.8111 14.4949 0.143631
58.8009 14.5438 0.141403
58.8691 14.5425 0.142229
58.7637 14.5188 0.140099
58.7491 14.4867 0.144446
58.896 14.4426 0.142151
58.7148 14.4979 0.145933
58.8701 14.5009 0.140746
58.8527 14.385 0.138428
58.9382 14.4676 0.14108
58.8047 14.4937 0.142328
58.8275 14.4497 0.143033
58.7381 14.4997 0.144714
58.7355 14.5004 0.144689
58.7291 14.5363 0.144841
58.7494 14.483 0.141981
58.8235 14.5467 0.143897
58.7757 14.4672 0.143427
58.8892 14.4596 0.13759
58.8922 14.4576 0.1376
58.9173 14.528 0.139923
58.8174 14.5663 0.140955
58.8224 14.5151 0.14262
57.4794 16.9505 0.137794
