276.886 -1.54645 4.39843
276.926 -1.5742 4.3978
276.889 -1.47583 4.3994
276.889 -1.47717 4.39945
276.885 -1.4786 4.39942
277.031 -1.62964 4.40533
276.913 -1.66043 4.39698
277.043 -1.51086 4.40212
276.874 -1.51946 4.4014
276.899 -1.61606 4.39559
276.898 -1.61645 4.39545
276.853 -1.60263 4.39587
276.85 -1.60407 4.39588
276.907 -1.58917 4.39875
276.99 -1.47536 4.40153
276.92 -1.53903 4.39983
276.918 -1.53537 4.39991
276.895 -1.63276 4.40146
276.844 -1.52734 4.39701
277.007 -1.58214 4.39687
276.869 -1.50429 4.4026
276.881 -1.56488 4.40012
277.006 -1.57239 4.40008
276.986 -1.62114 4.40091
276.917 -1.59657 4.39729
276.894 -1.5553 4.39819
277.022 -1.59962 4.40126
276.837 -1.58931 4.39833
276.958 -1.57136 4.4003
277.019 -1.57776 4.39824
276.89 -1.54442 4.39821
276.964 -1.59496 4.40147
276.913 -1.56523 4.39709
276.988 -1.5263 4.40377
276.978 -1.53574 4.40463
276.876 -1.66292 4.39694
277.039 -1.46646 4.40655
276.9 -1.57283 4.39498
276.888 -1.63549 4.39523
276.855 -1.59192 4.39836
276.955 -1.51839 4.3982
276.955 -1.51622 4.39806
276.945 -1.63965 4.39759
276.901 -1.6053 4.39868
276.981 -1.62465 4.40301
276.909 -1.49883 4.40222
276.918 -1.55506 4.4
276.904 -1.61971 4.39691
277.094 -1.5084 4.40252
276.863 -1.51212 4.39932
276.918 -1.55592 4.39544
276.893 -1.61333 4.39897
276.915 -1.51518 4.39728
276.922 -1.51183 4.39736
276.924 -1.51553 4.39713
276.903 -1.50782 4.39976
276.881 -1.60367 4.3988
277.071 -1.56712 4.40197
276.915 -1.59091 4.39924
276.92 -1.58683 4.40511
277.04 -1.56848 4.4024
276.885 -1.59969 4.39792
276.895 -1.59648 4.39885
276.909 -1.56847 4.40205
276.935 -1.60656 4.40023
276.933 -1.62638 4.39896
276.864 -1.62956 4.39752
277.036 -1.59306 4.40118
277.028 -1.46632 4.40113
276.842 -1.53412 4.39828
276.888 -1.52019 4.39849
276.966 -1.6236 4.40262
276.954 -1.50462 4.40249
276.86 -1.59511 4.39979
276.83 -1.59938 4.39608
276.93 -1.58239 4.39685
276.947 -1.47721 4.40055
276.922 -1.54817 4.40074
276.873 -1.53976 4.40049
276.87 -1.53822 4.40049
276.955 -1.55151 4.40218
277.051 -1.46943 4.40114
277.024 -1.54915 4.40259
276.907 -1.49703 4.40163
276.925 -1.6149 4.40105
276.998 -1.5471 4.40704
276.878 -1.59213 4.39655
276.894 -1.53984 4.39847
276.918 -1.55225 4.39868
276.889 -1.47292 4.39948
276.959 -1.57138 4.39752
276.935 -1.55957 4.39839
276.953 -1.60925 4.40135
276.919 -1.6072 4.39614
276.892 -1.57628 4.39529
276.996 -1.48874 4.39861
276.946 -1.62154 4.39855
276.824 -1.5727 4.40408
276.886 -1.62088 4.39858
276.89 -1.62112 4.39857
276.861 -1.63915 4.39791
276.913 -1.63339 4.39863
276.945 -1.60323 4.39966
276.979 -1.57705 4.40439
277.05 -1.55191 4.40049
276.963 -1.52444 4.40338
276.922 -1.60637 4.39602
276.885 -1.58693 4.39639
276.849 -1.57568 4.39622
276.891 -1.56086 4.39762
276.913 -1.64237 4.3969
276.965 -1.5976 4.40002
276.888 -1.54793 4.39805
276.969 -1.58659 4.40188
276.91 -1.56334 4.39721
277.005 -1.57068 4.39851
276.98 -1.5266 4.40473
277.017 -1.59406 4.39843
276.991 -1.64348 4.4019
276.872 -1.63556 4.39697
276.931 -1.61998 4.39646
276.98 -1.51534 4.40091
276.925 -1.51326 4.40026
276.951 -1.58215 4.4022
276.863 -1.58979 4.39847
276.866 -1.59764 4.39402
276.837 -1.60834 4.39649
276.957 -1.60962 4.39699
276.88 -1.7009 4.39701
276.883 -1.60305 4.40063
277 -1.64408 4.39976
276.993 -1.64405 4.39972
276.939 -1.62013 4.39678
276.887 -1.54529 4.39713
276.882 -1.5453 4.39729
276.83 -1.55818 4.3983
276.913 -1.55374 4.40015
276.878 -1.62204 4.40049
276.932 -1.54675 4.40094
276.868 -1.50789 4.39946
277.024 -1.68747 4.39673
276.966 -1.54659 4.40195
276.972 -1.54934 4.40183
276.895 -1.60107 4.39579
276.891 -1.609 4.3989
276.903 -1.50207 4.39971
276.908 -1.5047 4.39962
277.026 -1.53787 4.39825
276.877 -1.58526 4.40017
276.882 -1.60329 4.39889
276.877 -1.63108 4.39934
276.856 -1.58588 4.40111
276.821 -1.57309 4.39826
276.943 -1.56694 4.39629
276.904 -1.50323 4.40427
276.902 -1.59779 4.40011
276.943 -1.62358 4.39896
276.914 -1.59057 4.39653
277.074 -1.49894 4.40095
277.004 -1.44467 4.40081
276.978 -1.57559 4.39685
276.898 -1.58079 4.39585
276.978 -1.54304 4.3988
276.949 -1.47268 4.40061
276.928 -1.54899 4.40055
276.912 -1.50625 4.39838
276.953 -1.55584 4.40219
277.051 -1.47344 4.40117
276.901 -1.49419 4.40157
276.977 -1.6021 4.39688
276.932 -1.61448 4.39952
276.879 -1.63706 4.39544
276.891 -1.54621 4.3984
276.893 -1.5467 4.39819
276.947 -1.61345 4.40421
276.922 -1.58617 4.40512
276.889 -1.47571 4.39949
276.932 -1.55978 4.3983
277.02 -1.58322 4.40079
276.887 -1.48891 4.40099
276.85 -1.59564 4.39577
276.999 -1.4874 4.39863
276.936 -1.60955 4.39904
276.984 -1.47248 4.40153
276.824 -1.56808 4.40396
277.014 -1.59001 4.40524
277.014 -1.57513 4.40393
276.897 -1.60751 4.40347
276.847 -1.52462 4.39698
276.904 -1.62596 4.39788
276.949 -1.63259 4.39515
276.965 -1.52057 4.40341
277.01 -1.60536 4.3988
276.972 -1.57903 4.4002
276.929 -1.58842 4.40021
276.93 -1.66589 4.40229
276.89 -1.55752 4.39749
276.913 -1.63418 4.39689
276.99 -1.58466 4.39748
276.841 -1.56843 4.39807
277.017 -1.57441 4.39798
276.887 -1.54509 4.39826
276.885 -1.52154 4.39957
276.907 -1.56535 4.3973
276.835 -1.56687 4.39682
276.836 -1.56116 4.39698
276.923 -1.55955 4.39759
276.918 -1.56524 4.39758
276.929 -1.52643 4.40287
276.997 -1.51577 4.4036
277.044 -1.46834 4.40655
276.976 -1.51238 4.4008
276.907 -1.51355 4.39634
276.895 -1.61907 4.40075
276.927 -1.61628 4.39752
276.834 -1.60243 4.39679
276.915 -1.52453 4.40261
276.915 -1.52893 4.40255
276.976 -1.55915 4.40283
277.089 -1.59093 4.40353
276.915 -1.50438 4.40235
276.919 -1.55327 4.40011
276.811 -1.62807 4.3982
276.863 -1.50751 4.3994
276.866 -1.50897 4.39944
276.975 -1.54513 4.40188
276.915 -1.55141 4.39545
276.918 -1.51106 4.39744
276.896 -1.50388 4.39953
276.886 -1.58029 4.40028
276.975 -1.55169 4.40012
277.001 -1.58121 4.40159
277.03 -1.56335 4.39628
276.829 -1.58171 4.39815
276.907 -1.6305 4.39479
276.923 -1.47388 4.39723
276.961 -1.58711 4.39849
276.894 -1.59221 4.39899
276.879 -1.67825 4.40106
276.915 -1.55611 4.40276
276.806 -1.61148 4.40298
277.005 -1.44739 4.40085
276.944 -1.52968 4.39955
276.839 -1.53213 4.39824
276.882 -1.52584 4.39857
276.811 -1.62896 4.40182
276.979 -1.53727 4.39882
276.981 -1.53554 4.39862
276.953 -1.47142 4.40066
277.003 -1.54699 4.39738
276.896 -1.5752 4.39596
277.051 -1.4726 4.40115
276.921 -1.56484 4.39654
276.907 -1.4958 4.40174
276.905 -1.50087 4.40163
276.96 -1.58956 4.39987
276.996 -1.6129 4.39976
276.797 -1.60452 4.39862
276.987 -1.60466 4.40049
276.892 -1.55257 4.39819
276.889 -1.47576 4.39933
276.887 -1.47899 4.39955
276.93 -1.60644 4.40373
276.872 -1.51692 4.40132
276.885 -1.48956 4.40101
276.889 -1.49473 4.40103
276.857 -1.59372 4.39579
276.946 -1.61686 4.39844
276.877 -1.51777 4.40221
276.865 -1.63271 4.39805
276.902 -1.60489 4.4033
276.847 -1.52214 4.39701
276.901 -1.61821 4.39787
276.863 -1.51025 4.40246
276.883 -1.55466 4.40011
277.036 -1.49305 4.4066
276.93 -1.55136 4.40191
276.897 -1.54614 4.39805
276.841 -1.59008 4.39817
276.963 -1.59887 4.3998
276.849 -1.56137 4.39784
276.886 -1.5313 4.39963
276.972 -1.58769 4.4016
276.949 -1.67105 4.39906
276.834 -1.57543 4.39696
276.918 -1.52732 4.40279
276.927 -1.52486 4.40285
276.877 -1.65867 4.39689
276.933 -1.56788 4.4007
276.979 -1.50877 4.40067
276.891 -1.63393 4.39542
276.896 -1.61579 4.40078
276.931 -1.62621 4.39761
276.863 -1.60199 4.39389
276.936 -1.66417 4.3982
276.933 -1.57653 4.3989
277.005 -1.60803 4.39879
276.923 -1.57976 4.4039
276.934 -1.55646 4.40399
276.911 -1.50079 4.40243
276.828 -1.55139 4.39837
276.873 -1.62452 4.40051
276.867 -1.51284 4.3993
276.864 -1.51238 4.39947
276.927 -1.53614 4.39953
276.889 -1.59564 4.39559
276.867 -1.51993 4.3966
276.908 -1.50899 4.39968
276.9 -1.50174 4.39952
276.894 -1.61517 4.39619
276.982 -1.55348 4.40005
276.909 -1.59074 4.39904
276.957 -1.60841 4.39851
276.965 -1.59211 4.40166
276.939 -1.57327 4.40274
276.884 -1.60117 4.39801
276.911 -1.57317 4.40205
276.886 -1.581 4.39818
276.894 -1.58155 4.39819
276.936 -1.62158 4.39897
276.92 -1.58648 4.3967
277 -1.45033 4.40079
276.842 -1.52623 4.39839
276.871 -1.64874 4.3948
276.871 -1.64215 4.39484
276.952 -1.50763 4.40259
276.826 -1.59964 4.39606
276.918 -1.60893 4.40083
276.922 -1.54846 4.4008
276.906 -1.50264 4.39839
276.869 -1.53209 4.40056
276.867 -1.53655 4.40058
277.017 -1.54535 4.40245
276.963 -1.58573 4.40011
276.886 -1.52636 4.39975
276.888 -1.61214 4.39451
276.944 -1.60895 4.39655
276.981 -1.53869 4.40066
276.897 -1.54736 4.39849
276.92 -1.55088 4.39849
276.997 -1.53947 4.40213
276.996 -1.54205 4.40186
276.888 -1.48032 4.39955
276.892 -1.47452 4.39961
276.964 -1.56537 4.39754
276.938 -1.55788 4.39817
277.041 -1.5056 4.40192
276.947 -1.60855 4.4013
276.852 -1.61918 4.39676
276.922 -1.61255 4.39619
276.936 -1.573 4.40004
276.937 -1.57326 4.40018
276.853 -1.59661 4.39589
276.904 -1.56463 4.39521
276.886 -1.56585 4.39535
276.94 -1.60539 4.39873
277.077 -1.53438 4.40269
276.91 -1.63356 4.39875
276.851 -1.52393 4.39686
277.036 -1.53008 4.40003
276.904 -1.6254 4.39797
276.864 -1.50778 4.40253
276.968 -1.51989 4.40347
277.035 -1.49611 4.40664
276.91 -1.57227 4.39641
276.936 -1.55378 4.40186
276.895 -1.56227 4.3976
276.913 -1.64126 4.40067
276.848 -1.56037 4.39776
276.889 -1.52758 4.3995
277.092 -1.48157 4.40451
276.916 -1.58184 4.3989
276.911 -1.57692 4.3971
276.837 -1.57234 4.39715
276.96 -1.69262 4.39528
276.924 -1.5997 4.39912
276.87 -1.62977 4.39715
276.876 -1.62873 4.3969
276.859 -1.629 4.39668
276.934 -1.56354 4.40085
276.932 -1.54888 4.39382
276.894 -1.61715 4.40098
276.923 -1.52628 4.39722
276.865 -1.60231 4.39369
276.831 -1.60517 4.39666
276.934 -1.65241 4.3949
276.878 -1.59376 4.39899
276.914 -1.63339 4.39869
276.885 -1.54824 4.39708
276.825 -1.55924 4.39838
276.893 -1.62244 4.4002
277.097 -1.50612 4.40283
276.868 -1.50323 4.39949
276.868 -1.50374 4.39937
276.924 -1.53228 4.39941
276.969 -1.54474 4.40208
276.894 -1.62028 4.39894
276.908 -1.50828 4.39948
276.887 -1.57894 4.4003
276.914 -1.5647 4.39989
277.013 -1.55604 4.40247
276.826 -1.58099 4.39816
276.963 -1.58894 4.40148
276.92 -1.47052 4.39732
276.89 -1.59994 4.39893
276.929 -1.60739 4.40021
276.896 -1.58534 4.39818
277.1 -1.65549 4.40031
276.91 -1.56895 4.39713
277.007 -1.44716 4.40078
276.877 -1.64905 4.39468
276.818 -1.62633 4.40221
276.829 -1.59766 4.39602
276.946 -1.47813 4.40063
276.849 -1.58532 4.40134
276.918 -1.54968 4.40065
276.923 -1.6495 4.39978
277.016 -1.5391 4.39785
276.872 -1.53902 4.40034
276.928 -1.56604 4.39663
277.029 -1.60758 4.40028
276.885 -1.52356 4.39968
276.889 -1.55269 4.39841
276.888 -1.4745 4.39931
277.016 -1.54527 4.39776
277.005 -1.51864 4.40243
276.92 -1.61377 4.39609
276.964 -1.65246 4.39929
276.935 -1.63761 4.3979
276.884 -1.56436 4.39531
276.946 -1.62182 4.39861
276.891 -1.62077 4.39886
277.073 -1.53102 4.40277
276.928 -1.53697 4.39994
276.925 -1.60819 4.39839
276.852 -1.52432 4.39708
276.85 -1.52743 4.39707
276.982 -1.57754 4.4044
276.997 -1.60897 4.40074
276.978 -1.68507 4.40009
276.923 -1.5949 4.39698
276.912 -1.57703 4.39661
276.903 -1.54474 4.39818
276.855 -1.57329 4.39618
276.84 -1.5904 4.39819
276.904 -1.63536 4.39692
276.849 -1.56898 4.3979
276.887 -1.5398 4.39827
276.943 -1.64128 4.40333
276.913 -1.58632 4.3989
276.996 -1.57404 4.40086
276.922 -1.5243 4.40281
277.077 -1.54342 4.40148
276.975 -1.51503 4.40088
276.928 -1.54754 4.39372
276.899 -1.60739 4.40099
276.916 -1.53815 4.39754
276.95 -1.5202 4.39805
276.935 -1.65928 4.40085
277.021 -1.627 4.40346
276.936 -1.58009 4.39901
276.986 -1.54698 4.3978
277.016 -1.60842 4.40088
276.831 -1.5587 4.39836
276.813 -1.62782 4.398
276.868 -1.51411 4.3995
276.865 -1.51216 4.39923
276.906 -1.65169 4.40093
276.862 -1.52646 4.39671
276.906 -1.50683 4.39956
276.905 -1.50564 4.39961
276.896 -1.61928 4.39619
276.916 -1.56644 4.39988
277.054 -1.56871 4.40214
276.915 -1.5765 4.40189
276.943 -1.58764 4.40166
276.899 -1.68317 4.40128
277.035 -1.57674 4.4024
276.903 -1.5053 4.4046
276.884 -1.59631 4.39785
276.895 -1.57943 4.39804
277.014 -1.67559 4.39956
277.032 -1.45752 4.40126
276.988 -1.57328 4.39682
276.886 -1.52047 4.39848
276.956 -1.50686 4.40238
276.823 -1.59704 4.3961
276.925 -1.54943 4.40075
276.9 -1.58077 4.39614
276.98 -1.64446 4.40288
276.867 -1.53815 4.40033
276.951 -1.54855 4.4021
276.932 -1.5236 4.40308
276.93 -1.55537 4.39653
276.865 -1.63162 4.40109
276.885 -1.59835 4.39652
276.98 -1.53683 4.40086
276.917 -1.54468 4.39864
276.891 -1.4741 4.39935
275.87 -3.80734 4.38667
