214.436 26.0285 0.0708088
214.416 26.1038 0.0730779
214.419 26.1052 0.0731129
214.549 25.9879 0.0689722
214.355 25.9849 0.0669727
214.364 25.9864 0.0669921
214.429 26.0139 0.0700558
214.437 26.0251 0.0700792
214.447 26.0616 0.0727834
214.443 26.0574 0.0725244
214.451 25.9969 0.0717165
214.451 26.0028 0.0716047
214.452 26.0855 0.0728469
214.445 26.0874 0.0692358
214.395 26.0357 0.0702698
214.391 26.0405 0.0700432
214.439 26.0559 0.0682109
214.497 26.0357 0.0707635
214.481 26.0435 0.0709514
214.364 26.0507 0.0713147
214.401 26.0661 0.0713999
214.498 26.0373 0.0694931
214.516 26.2291 0.0725106
214.452 26.0747 0.069433
214.385 26.0433 0.0730571
214.415 26.0854 0.0766895
214.477 26.0148 0.0715332
214.383 26.1634 0.0729554
214.435 26.0109 0.0695281
214.425 26.083 0.0693801
214.406 26.0186 0.0723712
214.396 26.06 0.0751314
214.474 26.1188 0.0750399
214.431 25.9449 0.0677143
214.401 25.9919 0.0719993
214.408 26.0521 0.0719211
214.477 26.1666 0.0690508
214.452 25.9925 0.0697847
214.49 26.0702 0.0729854
214.47 26.0555 0.0703054
214.45 26.0041 0.0713635
214.468 25.9456 0.0701076
214.4 26.0051 0.0730674
214.341 26.0755 0.0748611
214.467 26.0745 0.0744019
214.445 26.1231 0.0716402
214.379 25.9801 0.06688
214.408 25.974 0.0695828
214.478 26.0839 0.0721881
214.513 26.076 0.072701
214.434 26.0286 0.0701225
214.351 26.0319 0.0697426
214.435 26.0233 0.0705949
214.447 26.0397 0.0736078
214.384 26.1151 0.0746
214.521 26.1396 0.0697807
214.423 26.0988 0.0705729
214.494 25.9913 0.0703946
214.352 26.1777 0.0749119
214.447 26.091 0.0752573
214.368 26.0357 0.0730104
214.404 26.0327 0.0746538
214.429 26.0457 0.0683687
214.485 26.011 0.0738703
214.458 26.056 0.0704862
214.458 26.0457 0.0704561
214.358 25.953 0.0710993
214.45 26.0001 0.0730858
214.425 25.9971 0.0717579
214.417 26.0089 0.0702953
214.412 26.012 0.0701096
214.536 26.0112 0.070634
214.367 26.0934 0.0715479
214.375 25.9987 0.070612
214.375 25.9993 0.070779
214.421 26.104 0.0730931
214.452 26.0864 0.0675611
214.448 25.9842 0.0732094
214.319 26.0303 0.0709413
214.388 25.9892 0.0726552
214.381 25.9825 0.0728023
214.497 26.0615 0.0699911
214.369 26.0174 0.07465
214.45 26.0927 0.0721567
214.442 26.0681 0.0705164
214.488 25.9809 0.0702485
214.428 26.1205 0.0717215
214.416 26.0955 0.07329
214.392 26.0064 0.0687195
214.507 26.0813 0.068837
214.466 26.0503 0.0672652
214.431 26.1162 0.0681374
214.441 26.0483 0.071283
214.406 26.1299 0.0748409
214.411 26.1334 0.0749169
214.48 26.0624 0.0731576
214.451 26.0963 0.0696251
214.417 26.0316 0.0701413
214.479 25.9934 0.0730335
214.445 26.0846 0.0713764
214.412 26.0109 0.0711288
214.446 26.1166 0.0712315
214.399 26.0893 0.0716947
214.366 26.0675 0.0674404
214.413 26.0301 0.0721389
214.319 25.9485 0.0735868
214.394 26.0741 0.0753367
214.339 26.0867 0.0687796
214.365 25.9799 0.0688329
214.37 25.9795 0.0686859
214.373 25.9814 0.0685428
214.491 26.0247 0.0710393
214.476 26.0438 0.069161
214.472 26.0343 0.0689919
214.501 26.041 0.0693837
214.41 25.9499 0.0688433
214.435 26.041 0.0693817
214.435 26.0402 0.0694658
214.417 25.9406 0.0700616
214.46 26.0449 0.0704046
214.352 26.0798 0.0733761
214.438 26.1055 0.0695424
214.404 26.0656 0.075012
214.429 25.9768 0.072647
214.413 26.1308 0.07111
214.441 26.0553 0.0710439
214.351 26.0174 0.0716285
214.348 26.0136 0.0717671
214.349 26.0127 0.0716386
214.345 26.0189 0.0716454
214.462 26.0382 0.0698266
214.51 26.0061 0.0697947
214.434 26.0327 0.0717727
214.431 26.0338 0.07176
214.504 26.1161 0.071019
214.381 26.0442 0.0712517
214.455 26.0449 0.0740107
214.425 25.9442 0.069965
214.521 25.9964 0.0712938
214.404 26.125 0.0705098
214.362 25.9906 0.0671474
214.446 26.055 0.0725676
214.451 26.0896 0.0728916
214.441 25.9848 0.073374
214.387 26.0314 0.0702751
214.501 25.9687 0.0723965
214.445 26.0566 0.0679661
214.438 26.0516 0.0679902
214.439 26.0551 0.0678741
214.446 26.0751 0.0712986
214.451 26.0709 0.071359
214.449 26.0696 0.0713186
214.434 26.0058 0.0699436
214.37 26.0527 0.0714212
214.369 26.0517 0.071221
214.478 26.0427 0.0712572
214.389 26.0331 0.0704426
214.432 26.1684 0.070884
214.411 26.0212 0.0698689
214.421 26.0342 0.0740574
214.443 26.0374 0.0718435
214.42 26.1121 0.0732568
214.291 26.0821 0.0745214
214.44 26.0091 0.0695244
214.422 26.0902 0.0695586
214.501 26.1295 0.0703324
214.369 26.0577 0.0713416
214.416 26.0296 0.0708323
214.416 26.0339 0.0710012
214.454 25.9567 0.0681612
214.486 26.0155 0.0721251
214.403 25.9941 0.0719421
214.405 26.0364 0.0700368
214.456 25.9808 0.0697125
214.385 25.9863 0.0700898
214.474 26.0576 0.0704519
214.455 26.1144 0.070868
214.45 26.0016 0.0713421
214.484 25.9903 0.072178
214.605 26.0104 0.068099
214.399 25.987 0.0733975
214.328 26.0394 0.072274
214.297 26.0223 0.0691379
214.365 26.1582 0.0712864
214.4 26.1596 0.0725162
214.446 26.0546 0.0720981
214.351 26.0268 0.0695596
214.347 26.0251 0.0697098
214.343 25.9615 0.0728589
214.548 26.0001 0.0698841
214.446 26.1144 0.0734822
214.529 26.1375 0.0701838
214.43 26.1129 0.0702863
214.439 26.1238 0.0698179
214.522 26.1228 0.0692284
214.547 26.1415 0.0744942
214.432 26.0654 0.06931
214.423 26.0453 0.0679612
214.463 26.0432 0.069709
214.467 26.0454 0.0697758
214.452 26.0452 0.0706058
214.425 25.9843 0.0699106
214.499 26.0958 0.0731838
214.43 26.0167 0.0673449
214.418 26.0077 0.0703315
214.443 25.9594 0.0695726
214.456 26.162 0.0709723
214.516 26.0849 0.0697145
214.465 26.0256 0.0721057
214.468 26.0888 0.0742497
214.429 26.053 0.0750593
214.433 26.1153 0.0704269
214.447 26.0928 0.0718962
214.451 26.0868 0.0695427
214.418 26.0998 0.0730457
214.41 26.068 0.0752615
214.425 26.0729 0.0720597
214.467 25.9545 0.0696833
214.395 26.0545 0.0716423
214.474 26.0445 0.067213
214.425 26.1169 0.0679827
214.517 26.0711 0.0674215
214.459 26.0949 0.0694893
214.487 26.0994 0.0751194
214.443 26.0874 0.0713592
214.561 26.0618 0.070571
214.367 26.0657 0.0675446
214.484 26.0147 0.0721391
214.505 25.995 0.0723698
214.343 26.0901 0.0685364
214.339 26.0928 0.0687582
214.519 26.0914 0.0710528
214.366 25.982 0.0687034
214.484 26.0294 0.0710513
214.48 25.9931 0.0721873
214.477 26.0426 0.0691373
214.408 25.9771 0.0691424
214.446 26.0338 0.0739806
214.434 26.0369 0.0693182
214.405 26.0916 0.0724234
214.418 25.9342 0.0700272
214.458 26.0446 0.0704807
214.441 26.1104 0.0695195
214.557 26.1023 0.0728007
214.414 25.967 0.0690534
214.477 26.0353 0.06859
214.416 26.0445 0.0722133
214.454 26.0827 0.0710724
214.344 26.0141 0.0714183
214.342 26.011 0.0714964
214.457 26.0388 0.0696708
214.403 26.168 0.0740651
214.431 26.0344 0.0718356
214.473 25.9864 0.0702051
214.492 26.0473 0.0720223
214.393 26.1099 0.0734934
214.383 26.0426 0.0711245
214.448 26.0355 0.0707679
214.426 25.9416 0.0699297
214.394 26.0197 0.0705614
214.42 26.1041 0.0730595
214.364 25.9898 0.0671681
214.36 25.9943 0.0671936
214.501 26.1206 0.0701779
214.435 26.0149 0.069861
214.448 26.09 0.0727965
214.395 26.0313 0.0700426
214.435 26.055 0.0678885
214.498 26.079 0.0711423
214.432 26.0016 0.0701255
214.408 26.1678 0.0712987
214.365 26.0446 0.0712513
214.475 26.0418 0.0712693
214.391 26.0258 0.0703735
214.388 26.0322 0.0706027
214.461 26.0269 0.0726719
214.424 26.0644 0.0726659
214.391 26.0393 0.0731112
214.291 26.0875 0.0744772
214.289 26.0828 0.0744136
214.438 26.0101 0.0696432
214.502 26.1292 0.0703323
214.496 25.9894 0.0687546
214.367 26.0477 0.0712335
214.438 26.1144 0.0707288
214.437 26.1071 0.0707152
214.475 25.9652 0.0734753
214.429 25.9445 0.0678944
214.432 25.9384 0.0678194
214.507 26.1233 0.0724972
214.408 26.0349 0.0701839
214.38 25.977 0.0702921
214.382 25.989 0.0699862
214.455 26.108 0.0708181
214.47 25.9404 0.0701347
214.487 25.9952 0.0722751
214.426 26.0444 0.072234
214.557 26.0559 0.0710012
214.4 25.9816 0.0734721
214.33 26.0393 0.072303
214.291 26.0226 0.068639
214.367 26.1574 0.0713609
214.396 25.9736 0.0697708
214.405 26.1588 0.0723744
214.497 26.0447 0.0698036
214.435 26.0294 0.070036
214.438 26.0547 0.0721031
214.349 26.0314 0.0696659
214.348 26.0244 0.0696197
214.437 25.9944 0.0719598
214.441 26.039 0.0735951
214.382 26.0705 0.0711628
214.44 26.0776 0.0730653
214.429 26.1142 0.0703052
214.43 26.1096 0.0701992
214.418 26.1017 0.0705807
214.429 26.122 0.0696343
214.354 26.1747 0.074827
214.349 26.1461 0.073947
214.469 26.0177 0.0716127
214.551 26.1421 0.0747156
214.372 26.0325 0.0729926
214.5 26.0551 0.0705786
214.485 26.1115 0.0700415
214.467 26.049 0.0698162
214.485 26.061 0.0736015
214.432 26.0018 0.0723355
214.427 25.9795 0.069912
214.359 25.9561 0.0711638
214.435 26.0259 0.0672181
214.48 26.0318 0.072059
214.42 26.0075 0.0701377
214.418 26.0086 0.0701911
214.364 26.0894 0.0714555
214.459 26.1683 0.0709232
214.512 26.0759 0.0704003
214.515 26.0832 0.0703937
214.454 26.0787 0.0672054
214.45 26.0801 0.0675735
214.465 26.0544 0.0745504
214.319 26.0282 0.0709387
214.397 26.1039 0.0713914
214.502 26.0245 0.0703113
214.453 26.115 0.0701049
214.486 26.1523 0.0709636
214.438 26.0656 0.0707082
214.486 25.9849 0.0700842
214.414 26.0634 0.0752585
214.388 26.0078 0.0687487
214.47 25.9533 0.0698368
214.388 25.9913 0.0739452
214.453 26.0665 0.0713108
214.467 26.0409 0.0671861
214.431 26.1194 0.0681801
214.367 26.0605 0.0714531
214.484 26.0602 0.0731301
214.444 26.0567 0.0726761
214.427 26.039 0.0701922
214.506 26.127 0.072256
214.416 26.0152 0.071396
214.517 26.135 0.0695857
214.452 26.1158 0.0712289
214.385 26.0777 0.0741775
214.364 26.0663 0.0675649
214.481 26.0983 0.0723687
214.405 26.0295 0.0729972
214.324 25.9578 0.0735723
214.415 26.0657 0.069439
214.43 26.1062 0.0688052
214.43 26.1018 0.0687357
214.368 25.9778 0.0686382
214.479 26.1048 0.0725182
214.391 26.1317 0.0743152
214.475 26.0398 0.0690621
214.415 25.9749 0.0689955
214.442 26.0411 0.0694027
214.413 26.089 0.0722327
214.48 26.1093 0.0725608
214.381 26.0432 0.0715832
214.457 26.0772 0.0722654
214.441 26.1168 0.0694277
214.411 25.969 0.0703702
214.41 25.9662 0.069227
214.522 26.1375 0.07337
214.415 26.1284 0.0711577
214.347 26.012 0.0715743
214.376 26.0508 0.0710319
214.384 26.0516 0.0708091
214.453 26.0897 0.0730494
214.453 26.0871 0.0720115
214.386 26.0951 0.0732597
214.385 26.0418 0.0712132
214.39 26.0204 0.0705778
214.493 26.0865 0.073228
214.399 26.1229 0.0706348
214.545 25.9937 0.0689822
214.367 25.9849 0.0671498
214.448 25.9997 0.0716159
214.39 26.0382 0.070292
214.441 26.0562 0.0680774
214.505 26.1309 0.0727374
214.409 26.1707 0.071451
214.37 26.0473 0.0712643
214.404 26.0537 0.0713649
214.399 26.0593 0.0712832
214.385 26.029 0.0703811
214.46 26.0201 0.0725724
214.458 26.0743 0.0692537
214.445 26.0402 0.0716801
214.545 26.0321 0.0692418
214.436 26.128 0.0758459
214.424 26.083 0.0695488
214.276 25.9641 0.0735132
214.371 26.0471 0.0714725
214.444 26.0912 0.0744609
214.397 26.0637 0.0752309
214.419 26.0281 0.0710759
214.419 26.0291 0.0711392
214.429 25.9428 0.0678865
214.402 25.9924 0.0718332
214.411 26.055 0.0716113
214.409 26.0313 0.0702588
214.46 25.9805 0.0699219
214.456 25.988 0.0699032
214.38 25.9848 0.0703947
214.476 26.0543 0.0703385
214.449 26.0031 0.0714115
214.484 26.063 0.0694497
214.425 26.0483 0.0723133
214.442 26.0303 0.0721292
214.298 26.0266 0.0688875
214.297 26.0225 0.0687341
214.403 25.9747 0.0695157
214.4 26.1625 0.0725423
214.353 26.0326 0.0695928
214.432 26.0201 0.07068
214.455 26.0409 0.0715507
214.469 26.0384 0.0713685
214.422 26.1116 0.0701526
214.42 26.0993 0.0707862
214.419 26.0968 0.0708769
214.35 26.1745 0.0749489
214.434 26.1573 0.0747129
214.496 26.0542 0.0706762
214.428 26.0643 0.0694328
214.448 26.127 0.0729686
214.485 26.0968 0.0714462
214.49 26.116 0.0699139
214.491 26.1135 0.0698667
214.426 26.0446 0.0681055
214.456 26.0559 0.070518
214.409 26.024 0.0739826
214.484 26.0609 0.0735588
214.451 26.0061 0.0733217
214.452 26.1281 0.0717175
214.436 26.0218 0.0673488
214.481 26.0319 0.0721469
214.445 25.9568 0.0695996
214.37 26.004 0.0707248
214.421 26.0989 0.0731242
214.459 26.0607 0.0732486
214.316 26.0276 0.0709984
214.454 25.9899 0.0698917
214.496 26.0604 0.0699238
214.462 26.2059 0.073565
214.366 26.0219 0.0745062
214.508 26.0328 0.0674467
214.473 26.168 0.0713381
214.446 26.0978 0.0720191
214.438 26.0707 0.0706438
214.423 26.126 0.0746957
214.492 25.9802 0.0703071
214.437 26.0965 0.0688159
214.458 26.0055 0.0716635
214.394 26.002 0.0688876
214.454 26.0668 0.0714016
214.469 26.043 0.0671953
214.443 26.0456 0.0712755
214.407 26.127 0.0748714
214.439 26.0231 0.07117
214.541 26.1857 0.0740689
214.356 26.1547 0.0725699
214.449 26.1147 0.0711707
214.376 26.2257 0.0731648
214.365 26.066 0.0675496
214.364 26.0636 0.0675382
214.412 26.0285 0.0721579
214.518 26.05 0.0710258
214.468 26.082 0.0725511
214.48 26.1033 0.0734465
214.414 26.0706 0.0691045
214.34 26.0914 0.0687402
214.374 25.9841 0.0688149
214.368 25.9802 0.0687641
214.44 26.0461 0.0730284
214.478 25.9928 0.0721337
214.477 26.0407 0.0689378
214.406 25.9721 0.0689312
214.43 26.0458 0.0694456
211.741 30.4754 0.0854064
