-28.8492 -14.7033 0.934831
-28.8378 -14.6757 0.935898
-28.918 -14.6888 0.935629
-28.9904 -14.4914 0.934036
-28.8437 -14.688 0.940015
-29.0146 -14.6451 0.937152
-28.9143 -14.5515 0.935355
-28.89 -14.6229 0.9379
-29.0131 -14.6971 0.934924
-28.8816 -14.6699 0.93178
-28.9183 -14.6186 0.934024
-28.9236 -14.6275 0.93362
-28.9767 -14.6761 0.934367
-28.8284 -14.6556 0.935824
-28.8742 -14.6021 0.932837
-28.8924 -14.5331 0.933459
-28.9619 -14.7091 0.938328
-28.9839 -14.7396 0.938779
-28.8613 -14.5668 0.933591
-28.8477 -14.5984 0.936468
-28.8268 -14.5977 0.936598
-28.8728 -14.7423 0.93433
-28.9492 -14.6564 0.936751
-28.9105 -14.584 0.93782
-28.9651 -14.5725 0.93795
-28.9553 -14.6062 0.935236
-28.9806 -14.6196 0.93646
-28.9992 -14.678 0.934546
-28.9062 -14.7233 0.933967
-28.935 -14.5641 0.933636
-28.9044 -14.6916 0.936093
-28.8861 -14.6961 0.934585
-28.9186 -14.6543 0.935362
-28.9517 -14.61 0.933213
-28.8124 -14.5393 0.932294
-28.9489 -14.709 0.937486
-28.9523 -14.7169 0.934932
-28.9261 -14.6983 0.937758
-28.917 -14.6883 0.934035
-28.9452 -14.7014 0.935816
-28.901 -14.7366 0.935551
-28.8804 -14.7661 0.935283
-29.0519 -14.6877 0.935606
-28.8679 -14.638 0.934688
-28.9895 -14.6735 0.935895
-28.8088 -14.4904 0.933713
-28.841 -14.6829 0.935708
-29.0008 -14.6456 0.934615
-28.9582 -14.7062 0.936416
-28.8852 -14.7704 0.935955
-28.881 -14.6388 0.936331
-28.9123 -14.6116 0.935535
-28.9677 -14.702 0.934397
-28.9649 -14.7359 0.934548
-28.9586 -14.6756 0.937074
-28.9272 -14.6947 0.938799
-29.0158 -14.6627 0.937679
-28.8244 -14.6107 0.9335
-28.9057 -14.6472 0.936829
-28.9632 -14.6346 0.93519
-28.8583 -14.5636 0.937018
-28.9175 -14.6535 0.934614
-28.8749 -14.6562 0.937234
-28.9015 -14.6696 0.937022
-28.8788 -14.6294 0.937445
-28.9598 -14.5688 0.936248
-28.9563 -14.7038 0.936491
-28.8365 -14.4846 0.933798
-28.8278 -14.6584 0.937043
-28.9302 -14.614 0.934613
-28.8504 -14.6824 0.934743
-29.0123 -14.6397 0.935155
-28.9329 -14.5952 0.939146
-28.8301 -14.6979 0.934036
-28.7657 -14.6297 0.935279
-28.9603 -14.6208 0.935736
-28.8862 -14.6441 0.936767
-28.8887 -14.6405 0.933262
-28.9617 -14.5316 0.935789
-28.9859 -14.6485 0.932983
-29.002 -14.6049 0.933907
-28.8595 -14.5839 0.934597
-28.9434 -14.7238 0.936109
-28.9569 -14.6502 0.937716
-28.7847 -14.712 0.936519
-28.8605 -14.7238 0.932803
-28.9127 -14.749 0.933918
-28.9058 -14.6984 0.936128
-28.9413 -14.6691 0.937806
-28.9301 -14.7053 0.936452
-28.9778 -14.7372 0.935906
-28.8898 -14.7187 0.936163
-28.8386 -14.6331 0.936589
-28.9579 -14.6142 0.93571
-28.9718 -14.5711 0.935213
-28.9535 -14.58 0.937028
-28.937 -14.7001 0.936574
-29.0019 -14.6131 0.937772
-29.027 -14.6091 0.939427
-28.9339 -14.648 0.934056
-28.7343 -14.5762 0.932922
-28.924 -14.716 0.93666
-28.9457 -14.659 0.937758
-28.9108 -14.6185 0.933368
-28.876 -14.7092 0.933844
-28.9228 -14.5726 0.932216
-28.8871 -14.5612 0.930593
-28.8929 -14.5539 0.93465
-28.8572 -14.6403 0.934678
-28.9243 -14.6659 0.936477
-28.9625 -14.6787 0.935488
-28.9332 -14.7175 0.93338
-28.8407 -14.708 0.936637
-28.9313 -14.5785 0.934408
-28.8615 -14.67 0.936801
-28.9539 -14.6628 0.934789
-28.984 -14.6825 0.934961
-28.8845 -14.6693 0.934648
-28.9615 -14.589 0.938546
-28.8764 -14.6133 0.935723
-28.869 -14.6228 0.932675
-28.9461 -14.6164 0.935736
-28.8749 -14.6264 0.933807
-28.9516 -14.615 0.935637
-28.7907 -14.6475 0.935098
-28.9012 -14.6662 0.932805
-28.9051 -14.6119 0.934244
-28.9285 -14.549 0.935286
-28.9972 -14.5549 0.932845
-28.8993 -14.5982 0.936256
-28.8728 -14.6614 0.933389
-28.8849 -14.5247 0.934285
-28.9105 -14.6687 0.935268
-28.9462 -14.7331 0.935475
-28.9867 -14.7352 0.939407
-28.9999 -14.683 0.936932
-28.8549 -14.6042 0.938143
-28.88 -14.6408 0.93545
-28.8929 -14.6325 0.93594
-28.899 -14.6398 0.939522
-28.9166 -14.5391 0.93512
-28.8825 -14.5022 0.935565
-28.8777 -14.6091 0.938134
-29.0139 -14.5554 0.936324
-28.9102 -14.5984 0.938665
-29.015 -14.697 0.934929
-28.87 -14.6048 0.93479
-29.0169 -14.6948 0.937575
-28.9627 -14.707 0.937872
-28.9635 -14.6676 0.93786
-28.9717 -14.6896 0.93809
-28.8754 -14.5539 0.932226
-28.9812 -14.6764 0.933284
-28.9081 -14.623 0.933691
-28.908 -14.6114 0.933647
-28.8242 -14.602 0.933724
-28.9419 -14.7448 0.939667
-28.9765 -14.5706 0.935611
-28.869 -14.6124 0.935514
-28.8895 -14.5904 0.932101
-28.9392 -14.7254 0.938296
-28.896 -14.5994 0.935737
-28.9633 -14.5991 0.938035
-28.826 -14.6769 0.937787
-28.9543 -14.6212 0.937
-28.9662 -14.5893 0.936782
-28.9859 -14.63 0.93892
-28.8247 -14.6306 0.933464
-28.9655 -14.576 0.93378
-28.9166 -14.57 0.934099
-28.8596 -14.6287 0.930386
-28.8402 -14.7063 0.935413
-28.9038 -14.6485 0.934712
-28.8993 -14.6778 0.936577
-28.8476 -14.6022 0.931381
-28.9033 -14.679 0.937701
-28.914 -14.7105 0.937492
-28.9283 -14.7317 0.935329
-28.9843 -14.6912 0.935185
-28.8584 -14.707 0.934224
-29.0267 -14.6889 0.937237
-29.0271 -14.655 0.936969
-28.9401 -14.6501 0.935302
-28.9094 -14.6047 0.937252
-29.0847 -14.675 0.937789
-28.8597 -14.7628 0.935058
-28.8472 -14.6509 0.933995
-28.8906 -14.5639 0.936414
-29.0094 -14.6096 0.936646
-28.9588 -14.6232 0.93743
-28.9547 -14.7051 0.937473
-28.8772 -14.651 0.93555
-28.8978 -14.6825 0.937229
-28.8424 -14.536 0.936271
-28.9512 -14.5678 0.935357
-29.0266 -14.7219 0.934683
-29.0202 -14.754 0.937069
-28.9033 -14.6912 0.936888
-28.9258 -14.6274 0.934209
-28.8565 -14.6233 0.937257
-29.0241 -14.6556 0.937427
-28.7742 -14.6887 0.936783
-28.7975 -14.5668 0.93571
-28.9372 -14.6573 0.935667
-28.9656 -14.66 0.93637
-28.9106 -14.5459 0.933225
-28.8641 -14.6335 0.935811
-28.8413 -14.6885 0.936597
-28.9306 -14.7115 0.938654
-28.9411 -14.6561 0.934698
-28.906 -14.6942 0.938388
-28.8832 -14.4769 0.936284
-28.9337 -14.4755 0.937684
-28.9455 -14.6372 0.935626
-28.9057 -14.7013 0.934615
-28.9176 -14.6134 0.93593
-28.8589 -14.6597 0.935812
-28.9026 -14.6461 0.939166
-28.9464 -14.6345 0.938762
-28.8805 -14.6573 0.937142
-28.908 -14.626 0.933401
-28.8557 -14.8055 0.936161
-28.9326 -14.6646 0.934546
-28.828 -14.6335 0.93354
-28.9526 -14.6133 0.939197
-28.9218 -14.6142 0.936728
-28.9661 -14.7387 0.939176
-28.9887 -14.6597 0.933355
-28.8801 -14.6677 0.936179
-28.9656 -14.5584 0.935445
-28.8707 -14.569 0.935974
-28.9971 -14.6251 0.933837
-28.9093 -14.6093 0.933553
-28.9387 -14.7082 0.932541
-28.9223 -14.6597 0.936544
-28.9044 -14.5784 0.932593
-28.8544 -14.5642 0.935508
-28.9172 -14.7369 0.932639
-28.8271 -14.7679 0.93223
-28.9378 -14.7105 0.934304
-28.9265 -14.6765 0.934949
-28.9649 -14.6578 0.934177
-28.9583 -14.6511 0.933352
-28.921 -14.7036 0.934686
-28.9241 -14.6691 0.934229
-28.9512 -14.5748 0.936516
-28.9609 -14.5407 0.936588
-28.977 -14.7769 0.934621
-28.934 -14.7306 0.935497
-28.9426 -14.6259 0.935229
-29.0105 -14.6821 0.934648
-28.9584 -14.6724 0.933188
-28.9638 -14.7138 0.936091
-29.0247 -14.6733 0.936248
-28.9034 -14.6694 0.934396
-28.9554 -14.6816 0.935805
-28.9156 -14.6619 0.935711
-28.9307 -14.6229 0.938004
-28.8828 -14.7439 0.936104
-28.9458 -14.6009 0.937075
-28.92 -14.7045 0.934512
-28.9186 -14.6659 0.938885
-28.9789 -14.6071 0.93649
-28.8558 -14.4982 0.931851
-28.9133 -14.7094 0.933632
-28.879 -14.5623 0.936934
-28.9028 -14.6902 0.933028
-28.9682 -14.6719 0.938805
-28.9524 -14.5861 0.935258
-28.8733 -14.6025 0.931478
-28.9452 -14.6513 0.935007
-28.8734 -14.6495 0.934185
-28.9227 -14.592 0.936053
-28.8923 -14.5932 0.933048
-29.033 -14.6884 0.934446
-28.8647 -14.6238 0.933588
-28.9561 -14.6063 0.93384
-28.9088 -14.61 0.93566
-28.8636 -14.641 0.935746
-28.8745 -14.6206 0.935591
-28.9393 -14.6961 0.934792
-29.026 -14.7516 0.937968
-28.9402 -14.7521 0.939112
-29.0478 -14.7299 0.937769
-28.8736 -14.6419 0.938686
-28.9035 -14.718 0.934179
-28.8743 -14.5867 0.935289
-28.9961 -14.6326 0.938159
-28.9583 -14.6338 0.936243
-28.931 -14.5845 0.934232
-28.9555 -14.6138 0.937617
-28.8572 -14.6739 0.93431
-28.9246 -14.6881 0.934512
-28.8681 -14.6024 0.934702
-28.9804 -14.6763 0.93546
-28.8921 -14.7114 0.93365
-28.9491 -14.7341 0.937391
-28.9542 -14.6766 0.93738
-28.9214 -14.7084 0.938146
-28.9464 -14.7161 0.940152
-28.8897 -14.5844 0.934088
-28.9503 -14.6404 0.933531
-28.8456 -14.5988 0.933719
-28.817 -14.605 0.936453
-28.952 -14.6883 0.93761
-28.8588 -14.6839 0.938322
-28.901 -14.6678 0.935656
-28.972 -14.6335 0.936466
-28.9662 -14.6827 0.936627
-28.9773 -14.5794 0.938217
-28.9131 -14.7302 0.933471
-28.8733 -14.7203 0.935262
-28.9697 -14.5592 0.934065
-28.8963 -14.7011 0.938296
-28.9287 -14.6897 0.935517
-28.9516 -14.6462 0.934887
-28.9626 -14.6608 0.93491
-28.9442 -14.636 0.934942
-28.8645 -14.5651 0.934288
-28.8418 -14.5955 0.931257
-28.8839 -14.7281 0.937112
-28.8872 -14.6931 0.935242
-28.9036 -14.7095 0.933185
-28.9079 -14.6963 0.935122
-28.9545 -14.6852 0.934243
-28.857 -14.5662 0.933168
-28.9864 -14.6707 0.938017
-28.9108 -14.6024 0.939404
-28.9602 -14.667 0.933853
-28.8996 -14.6612 0.933791
-29.1023 -14.6705 0.936763
-28.8849 -14.6566 0.936028
-28.8661 -14.6789 0.936596
-28.8726 -14.7228 0.936027
-28.8496 -14.6607 0.934378
-28.944 -14.6151 0.932446
-28.9233 -14.7055 0.938911
-28.9604 -14.7185 0.938788
-29.0328 -14.6457 0.939132
-28.9069 -14.595 0.935985
-28.8967 -14.6152 0.9347
-29.005 -14.5987 0.93655
-28.959 -14.662 0.935159
-28.9761 -14.6699 0.93644
-28.9832 -14.6815 0.933932
-28.8443 -14.5914 0.9391
-28.8151 -14.5818 0.935069
-28.8486 -14.5854 0.935909
-28.8867 -14.6465 0.939987
-28.8911 -14.6554 0.939148
-28.8535 -14.6575 0.939434
-28.9082 -14.6881 0.93504
-28.9833 -14.6739 0.935927
-28.9288 -14.6527 0.936106
-28.9353 -14.6362 0.933823
-28.9387 -14.6585 0.935447
-28.9185 -14.7113 0.934041
-28.9793 -14.7373 0.935397
-28.8742 -14.6102 0.935469
-28.99 -14.6019 0.936567
-28.9945 -14.6443 0.93709
-28.99 -14.5764 0.936443
-28.8209 -14.6549 0.934043
-28.9639 -14.6548 0.936983
-28.9244 -14.7061 0.937252
-28.8321 -14.558 0.933358
-28.9391 -14.6279 0.934515
-28.9309 -14.7359 0.936672
-28.8901 -14.7095 0.93784
-28.9079 -14.6913 0.934813
-28.9154 -14.62 0.936358
-28.9268 -14.6749 0.935976
-28.9514 -14.5735 0.934494
-28.9211 -14.6166 0.933408
-28.991 -14.5405 0.935274
-28.9577 -14.602 0.934134
-28.9175 -14.5994 0.93585
-28.9107 -14.6272 0.93447
-28.9387 -14.5682 0.932032
-28.9295 -14.7113 0.936691
-28.9634 -14.6398 0.939174
-28.9795 -14.6702 0.935487
-28.9154 -14.6734 0.935336
-28.8801 -14.6222 0.9368
-28.895 -14.6875 0.93637
-28.8893 -14.5779 0.935596
-29.0209 -14.7058 0.934817
-28.9079 -14.686 0.936648
-28.825 -14.6968 0.936753
-28.9588 -14.6499 0.934491
-28.9715 -14.6684 0.938193
-28.9655 -14.6194 0.936138
-28.9935 -14.6936 0.935352
-28.7719 -14.5868 0.934109
-28.9229 -14.7172 0.937066
-28.9078 -14.5233 0.935426
-28.9104 -14.6862 0.937366
-28.9713 -14.6797 0.93724
-28.8855 -14.6152 0.930633
-28.9516 -14.6702 0.934399
-28.9832 -14.6462 0.93578
-28.8467 -14.6548 0.933365
-28.941 -14.6505 0.93848
-28.9454 -14.679 0.940224
-28.9405 -14.6944 0.93695
-28.9314 -14.6247 0.934537
-28.9559 -14.5866 0.938405
-28.8823 -14.6042 0.938586
-28.8073 -14.6063 0.930958
-28.9273 -14.6286 0.938954
-28.9405 -14.6782 0.935011
-28.9615 -14.6054 0.934748
-28.9344 -14.596 0.939927
-28.9228 -14.6766 0.935348
-28.9328 -14.574 0.937272
-28.893 -14.5939 0.935889
-28.8931 -14.6504 0.935041
-28.9286 -14.6129 0.935839
-28.821 -14.5668 0.936717
-28.994 -14.7275 0.934406
-28.9918 -14.687 0.935146
-28.9806 -14.522 0.934798
-29.0067 -14.6888 0.932107
-28.9903 -14.673 0.936014
-28.8699 -14.6153 0.937138
-28.9222 -14.6633 0.932892
-28.977 -14.7006 0.936198
-28.9147 -14.6626 0.934743
-28.9517 -14.6626 0.935402
-29.0158 -14.6811 0.932389
-28.8859 -14.6838 0.935893
-28.8462 -14.6577 0.934773
-28.8119 -14.7043 0.935008
-28.8426 -14.6316 0.93172
-29.0201 -14.533 0.933542
-29.071 -14.6109 0.937122
-28.9834 -14.5718 0.936515
-28.994 -14.5859 0.93448
-28.8597 -14.6422 0.936044
-28.9257 -14.6084 0.93273
-28.8902 -14.6001 0.935666
-28.8849 -14.6934 0.934272
-28.9461 -14.6526 0.935726
-28.954 -14.7287 0.939021
-28.9214 -14.7448 0.9355
-28.9256 -14.6287 0.934601
-28.8875 -14.6829 0.93542
-28.9208 -14.7316 0.940793
-29.0193 -14.7089 0.936237
-28.8952 -14.5855 0.93262
-28.8945 -14.6195 0.93392
-28.9095 -14.7092 0.939328
-29.0166 -14.7564 0.938433
-29.043 -14.6439 0.935074
-28.8279 -14.6201 0.933274
-28.9864 -14.623 0.935282
-28.9298 -14.6584 0.936681
-28.9021 -14.6463 0.932945
-28.7533 -14.6279 0.935527
-28.908 -14.6029 0.938944
-28.9214 -14.7181 0.936169
-28.9109 -14.6354 0.933875
-28.8641 -14.684 0.932069
-28.9757 -14.644 0.934421
-28.9945 -14.6707 0.935298
-28.9174 -14.7309 0.935404
-28.8121 -14.6682 0.935043
-28.9527 -14.6711 0.935574
-28.8622 -14.7576 0.934396
-28.8618 -14.7336 0.935619
-28.9171 -14.6668 0.934897
-28.9855 -14.7444 0.937381
-28.9048 -14.6023 0.935761
-28.8589 -14.6081 0.932742
-28.9308 -14.655 0.936336
-28.8729 -14.6348 0.934788
-28.9194 -14.7172 0.936186
-28.8 -14.7365 0.935064
-28.9273 -14.7771 0.93609
-28.9247 -14.6684 0.937523
-28.7726 -14.622 0.931222
-28.8474 -14.6205 0.938264
-28.9047 -14.6911 0.93572
-29.0129 -14.6733 0.936686
-29.0021 -14.7152 0.936978
-28.8919 -14.6526 0.933903
-28.9194 -14.6096 0.932735
-28.8622 -14.5996 0.934958
-28.9117 -14.6788 0.938959
-28.9761 -14.6557 0.936617
-28.8341 -14.621 0.93612
-28.9319 -14.5624 0.937125
-28.9293 -14.603 0.935724
-28.9027 -14.599 0.936158
-28.9286 -14.6694 0.937009
-28.9763 -14.6654 0.936688
-28.9067 -14.6572 0.939805
-28.8984 -14.5891 0.933548
-28.8412 -14.6549 0.93475
-29.2098 -12.4622 0.926861
