11.7788 6.32161 0.247116
11.7812 6.31879 0.247242
11.7593 6.30975 0.246178
11.7268 6.2573 0.24931
11.7824 6.29892 0.24851
11.7177 6.36413 0.24743
11.7521 6.43524 0.249008
11.78 6.26414 0.24949
11.78 6.26395 0.249345
11.6646 6.35005 0.244848
11.7645 6.26007 0.246404
11.7756 6.28909 0.247871
11.6997 6.36164 0.245308
11.7694 6.32959 0.241522
11.757 6.34886 0.247001
11.7486 6.37347 0.246369
11.7242 6.37428 0.246918
11.7082 6.34981 0.246602
11.7574 6.31003 0.247636
11.7935 6.32673 0.245778
11.7906 6.30515 0.244856
11.781 6.27527 0.244397
11.6614 6.33723 0.246241
11.6913 6.29389 0.247877
11.7963 6.35449 0.246165
11.7853 6.36133 0.247227
11.7229 6.33806 0.249449
11.7512 6.26032 0.246174
11.7911 6.318 0.245029
11.6505 6.27745 0.249082
11.7427 6.47755 0.245351
11.7375 6.34388 0.244389
11.6487 6.33498 0.248203
11.7652 6.33573 0.246561
11.7709 6.38433 0.248377
11.7682 6.39415 0.248306
11.7478 6.28758 0.245872
11.7368 6.28707 0.245844
11.7173 6.21836 0.246244
11.7839 6.34347 0.248105
11.7756 6.31911 0.245894
11.7489 6.33263 0.243753
11.7632 6.32343 0.243538
11.7736 6.41207 0.247846
11.7736 6.4154 0.247893
11.7129 6.45035 0.248517
11.7831 6.38869 0.245742
11.808 6.39921 0.244707
11.7739 6.35194 0.245034
11.6608 6.30943 0.249386
11.7779 6.37994 0.24557
11.777 6.33124 0.249034
11.7792 6.32394 0.248937
11.7564 6.3038 0.245316
11.7046 6.22818 0.248151
11.7256 6.35552 0.24642
11.7347 6.38199 0.247003
11.709 6.35975 0.24561
11.7112 6.34628 0.247837
11.7128 6.35213 0.244564
11.7233 6.34042 0.247334
11.7225 6.33979 0.247425
11.8608 6.34814 0.247868
11.7561 6.33535 0.249035
11.6912 6.35753 0.244497
11.7632 6.36679 0.244627
11.7948 6.38301 0.242255
11.7663 6.33316 0.247359
11.7354 6.36017 0.24917
11.7394 6.33489 0.245938
11.7443 6.34216 0.246095
11.8507 6.39889 0.246029
11.7411 6.38398 0.251011
11.7919 6.34575 0.248253
11.7145 6.34706 0.249437
11.6873 6.32299 0.249254
11.6925 6.32601 0.249301
11.7319 6.30384 0.245841
11.8343 6.37243 0.245469
11.8349 6.37234 0.2456
11.7481 6.30041 0.247249
11.8005 6.30164 0.246682
11.7626 6.34833 0.247804
11.7849 6.3439 0.244962
11.8176 6.3053 0.248143
11.795 6.37256 0.245625
11.7891 6.36813 0.245536
11.7475 6.32215 0.245492
11.7169 6.40317 0.24929
11.8006 6.31606 0.250564
11.6885 6.32651 0.246325
11.6463 6.37984 0.249044
11.7936 6.36551 0.245087
11.6624 6.38369 0.247572
11.7633 6.42189 0.244834
11.724 6.30228 0.247543
11.7414 6.41018 0.247705
11.773 6.31797 0.247702
11.7681 6.3154 0.247841
11.7958 6.32668 0.243564
11.7303 6.35346 0.248758
11.7799 6.38803 0.242948
11.7417 6.41399 0.247407
11.7313 6.41103 0.247268
11.7508 6.41027 0.246329
11.7557 6.4178 0.246213
11.7652 6.38174 0.247043
11.6912 6.31377 0.249705
11.6892 6.26185 0.250089
11.6902 6.26349 0.250066
11.7193 6.37386 0.248347
11.7825 6.35835 0.245429
11.8432 6.31901 0.245267
11.7388 6.30673 0.249857
11.7773 6.38824 0.248748
11.7702 6.30571 0.245932
11.7727 6.40138 0.246499
11.7704 6.4008 0.246398
11.7604 6.39577 0.245545
11.6865 6.38626 0.247571
11.7408 6.40802 0.246412
11.737 6.40665 0.246284
11.7474 6.32513 0.247593
11.759 6.31269 0.245185
11.7079 6.35246 0.247351
11.6889 6.3746 0.25056
11.7524 6.42091 0.245476
11.7491 6.35009 0.24583
11.7707 6.38722 0.246371
11.6976 6.38092 0.248343
11.8003 6.33603 0.245929
11.6838 6.35388 0.246662
11.7341 6.36728 0.243242
11.7294 6.40307 0.246903
11.7817 6.29529 0.248516
11.8018 6.34853 0.244886
11.7553 6.38557 0.242976
11.8132 6.33826 0.246408
11.8079 6.33603 0.246496
11.7026 6.31509 0.248937
11.8039 6.25594 0.250096
11.7639 6.29054 0.248065
11.755 6.34888 0.247015
11.7552 6.37336 0.246354
11.7187 6.32991 0.243974
11.7183 6.37802 0.247081
11.7461 6.31948 0.248963
11.7282 6.25029 0.248416
11.7973 6.32258 0.245932
11.792 6.32533 0.245666
11.7576 6.32887 0.249112
11.7781 6.33391 0.243723
11.79 6.36189 0.247097
11.7438 6.29861 0.244373
11.7776 6.36204 0.245775
11.7684 6.30202 0.24558
11.6576 6.27325 0.249163
11.7952 6.41339 0.24493
11.7234 6.36292 0.247132
11.7561 6.32847 0.24814
11.7653 6.33527 0.246746
11.7507 6.28633 0.245778
11.7384 6.32081 0.248268
11.7008 6.31272 0.246131
11.7773 6.32417 0.245918
11.766 6.33163 0.244783
11.7886 6.4482 0.246789
11.7561 6.35232 0.244008
11.7714 6.32104 0.243353
11.7316 6.27615 0.247145
11.6925 6.36196 0.246135
11.772 6.41158 0.247715
11.7774 6.4079 0.24756
11.7745 6.41317 0.247647
11.7091 6.44397 0.248054
11.7881 6.38627 0.245646
11.8019 6.3968 0.244852
11.7679 6.35681 0.244981
11.766 6.36228 0.244888
11.7044 6.45388 0.248492
11.657 6.30357 0.249195
11.777 6.38192 0.245673
11.7793 6.33163 0.248961
11.6702 6.34606 0.246916
11.7327 6.274 0.246921
11.8631 6.21416 0.245258
11.7294 6.35729 0.245771
11.7482 6.34005 0.245493
11.7351 6.38808 0.247042
11.7289 6.38554 0.247225
11.7398 6.38773 0.247087
11.7295 6.28621 0.247039
11.7341 6.29383 0.247912
11.8599 6.35069 0.247934
11.7645 6.33456 0.24918
11.6881 6.35225 0.244672
11.845 6.36638 0.247635
11.698 6.23972 0.248964
11.7657 6.33357 0.247194
11.7411 6.3604 0.249055
11.7458 6.33029 0.247002
11.7387 6.33918 0.245773
11.6997 6.28084 0.249054
11.7007 6.31805 0.246906
11.7634 6.19127 0.247918
11.7514 6.309 0.247699
11.7411 6.38579 0.250977
11.7947 6.34787 0.248286
11.7834 6.31434 0.248591
11.713 6.34573 0.249172
11.6909 6.34027 0.247354
11.8345 6.36896 0.245501
11.7183 6.2732 0.244901
11.7501 6.29669 0.246931
11.7334 6.40284 0.244033
11.6884 6.38218 0.249772
11.7527 6.32001 0.248848
11.7666 6.36506 0.248043
11.7632 6.34984 0.247283
11.7261 6.37523 0.247163
11.8146 6.27242 0.247604
11.8193 6.28276 0.243583
11.6865 6.32438 0.246267
11.6983 6.32284 0.24793
11.6895 6.39839 0.246112
11.7032 6.39833 0.245543
11.6787 6.34574 0.248787
11.7053 6.23286 0.247455
11.7633 6.31227 0.247799
11.7933 6.32911 0.24353
11.6856 6.37992 0.246479
11.7332 6.40595 0.247168
11.7387 6.4124 0.247426
11.6804 6.29503 0.246761
11.767 6.38256 0.246689
11.7416 6.3574 0.249486
11.7705 6.35787 0.245466
11.6854 6.36024 0.24436
11.7645 6.41279 0.244928
11.7461 6.30585 0.249928
11.7373 6.36784 0.246477
11.8183 6.26231 0.249434
11.7666 6.4025 0.246279
11.771 6.28636 0.248455
11.6896 6.38486 0.247559
11.7318 6.40309 0.246262
11.7403 6.32067 0.247634
11.7979 6.30651 0.249091
11.7353 6.34466 0.248335
11.709 6.35169 0.247545
11.7332 6.37389 0.24561
11.6964 6.37449 0.248235
11.8041 6.33956 0.245949
11.6896 6.28153 0.247784
11.7706 6.31595 0.243682
11.7735 6.32492 0.243609
11.7338 6.45643 0.246942
11.6247 6.29931 0.244353
11.8084 6.33402 0.246434
11.7073 6.31153 0.24883
11.808 6.25571 0.250041
11.6229 6.37869 0.248808
11.7697 6.28397 0.248043
11.7503 6.30817 0.244186
11.7454 6.26071 0.24699
11.7469 6.25752 0.246837
11.7544 6.35185 0.247071
11.7523 6.35201 0.246948
11.7519 6.36926 0.246307
11.7574 6.36995 0.246309
11.7638 6.36541 0.244812
11.7119 6.35467 0.24677
11.7106 6.34779 0.246806
11.7197 6.27369 0.246885
11.7582 6.31262 0.247581
11.6759 6.31987 0.246297
11.7865 6.31324 0.244989
11.691 6.29956 0.24686
11.7797 6.32827 0.243896
11.6501 6.38559 0.246799
11.7247 6.34058 0.249373
11.7504 6.34013 0.244438
11.7807 6.33928 0.243321
11.7737 6.29944 0.246228
11.7909 6.31817 0.242824
11.7974 6.41298 0.244961
11.7557 6.32878 0.248074
11.7713 6.38631 0.24846
11.8227 6.302 0.247227
11.7465 6.32213 0.248387
11.7616 6.35716 0.243476
11.702 6.31559 0.246104
11.7772 6.34802 0.247978
11.6931 6.23609 0.244221
11.7778 6.26429 0.2468
11.7598 6.35286 0.244255
11.6863 6.36214 0.245926
11.7182 6.43996 0.248236
11.7177 6.45274 0.247537
11.7166 6.45726 0.247679
11.7396 6.44043 0.243913
11.7767 6.37665 0.248758
11.7035 6.31458 0.245911
11.7722 6.32634 0.245353
11.8184 6.43123 0.243543
11.6755 6.26229 0.249494
11.7746 6.32941 0.24888
11.777 6.32876 0.24895
11.7031 6.42019 0.249601
11.7233 6.27827 0.247044
11.7146 6.35868 0.246645
11.736 6.38864 0.246921
11.7255 6.2922 0.247167
11.7223 6.41636 0.245657
11.7198 6.41709 0.245565
11.7523 6.25463 0.245439
11.7589 6.33016 0.249113
11.6787 6.27309 0.246663
11.7031 6.23486 0.247071
11.7716 6.43772 0.244265
11.7259 6.41369 0.246448
11.7269 6.41799 0.246507
11.7675 6.33645 0.247118
11.7696 6.33247 0.247306
11.7344 6.35991 0.249155
11.739 6.36446 0.249269
11.7388 6.34121 0.245908
11.8573 6.40656 0.245884
11.8579 6.40882 0.246041
11.7595 6.30782 0.247446
11.7418 6.3834 0.251021
11.7941 6.34805 0.248147
11.7933 6.34792 0.24803
11.7794 6.3104 0.248591
11.6945 6.33472 0.247228
11.7219 6.31783 0.243232
11.7616 6.38866 0.245982
11.7956 6.30235 0.246511
11.6915 6.37767 0.24981
11.7648 6.35184 0.24777
11.7617 6.34781 0.247832
11.7529 6.31916 0.248763
11.7538 6.3159 0.248851
11.7759 6.34397 0.24482
11.8167 6.29999 0.248089
11.7908 6.37514 0.245679
11.7822 6.29724 0.243982
11.7472 6.26875 0.246971
11.7189 6.40647 0.249281
11.805 6.2419 0.247033
11.7966 6.3133 0.250579
11.7467 6.46131 0.244665
11.641 6.37193 0.249009
11.6622 6.38229 0.2476
11.7524 6.3104 0.24749
11.7461 6.40847 0.247896
11.745 6.40797 0.24772
11.7696 6.31438 0.247691
11.7965 6.32193 0.243609
11.7372 6.35424 0.248542
11.706 6.24701 0.244387
11.733 6.40823 0.247395
11.7311 6.37436 0.248581
11.6848 6.29591 0.24673
11.7 6.30982 0.250281
11.7377 6.37031 0.249409
11.753 6.26321 0.246395
11.771 6.35712 0.245299
11.7813 6.35849 0.245067
11.7423 6.30664 0.249864
11.777 6.38859 0.248685
11.8221 6.2593 0.249547
11.8176 6.2181 0.246855
11.7662 6.30468 0.245991
11.7667 6.39964 0.245557
11.7703 6.24614 0.245918
11.6863 6.38737 0.247494
11.7307 6.40214 0.24616
11.7071 6.25338 0.248068
11.7408 6.32531 0.247559
11.7975 6.30578 0.249266
11.7335 6.34377 0.248352
11.684 6.37165 0.25051
11.7541 6.34853 0.245495
11.7653 6.38366 0.246384
11.694 6.3746 0.248436
11.7754 6.32004 0.247273
11.8045 6.27373 0.248111
11.762 6.31649 0.246383
11.691 6.28549 0.247643
11.7269 6.40257 0.246987
11.7044 6.27078 0.249022
11.8029 6.34705 0.244994
11.7081 6.36148 0.244775
11.7193 6.35825 0.247462
11.7146 6.36141 0.247545
11.7591 6.4392 0.249119
11.7068 6.31953 0.248939
11.7796 6.26343 0.249447
11.6903 6.40089 0.246239
11.772 6.28775 0.247933
11.7392 6.41074 0.24484
11.6979 6.36409 0.245291
11.7339 6.30707 0.243574
11.7568 6.3517 0.246928
11.7516 6.36633 0.246464
11.7148 6.32847 0.244071
11.7732 6.37355 0.244688
11.7673 6.37108 0.244774
11.7511 6.32544 0.248967
11.7541 6.30846 0.247517
11.7238 6.24948 0.248405
11.7966 6.3236 0.245849
11.6923 6.29835 0.247942
11.6877 6.30128 0.246916
11.7893 6.3629 0.247118
11.791 6.36173 0.247202
11.6463 6.38028 0.246642
11.7233 6.33576 0.249307
11.7058 6.32537 0.245297
11.7864 6.31803 0.244908
11.7726 6.40599 0.244291
11.7531 6.3116 0.245036
11.7912 6.40955 0.244926
11.7968 6.40725 0.244865
11.7311 6.36616 0.247102
11.7667 6.33559 0.246744
11.7748 6.3928 0.24839
11.7784 6.3897 0.248215
11.735 6.32548 0.248447
11.7412 6.32284 0.2484
11.7202 6.3254 0.246726
11.786 6.34579 0.248172
11.7821 6.26578 0.246846
11.7728 6.31974 0.243282
11.686 6.36635 0.245976
11.7739 6.41512 0.247563
11.6542 6.3373 0.246032
11.716 6.44531 0.248308
11.7863 6.3852 0.245577
11.7341 6.44192 0.243854
11.7776 6.37213 0.249015
11.7746 6.37197 0.24887
11.7692 6.3163 0.24541
11.6606 6.36318 0.241016
11.6718 6.32325 0.24776
11.7827 6.3757 0.245755
11.7323 6.33033 0.245152
11.7999 6.33969 0.243526
11.7889 6.27604 0.245387
11.7507 6.36734 0.244762
11.7195 6.35468 0.24595
11.7126 6.40317 0.245947
11.7582 6.34477 0.24651
11.7136 6.34856 0.248201
11.692 6.23217 0.248288
11.7293 6.2969 0.248025
11.7326 6.30198 0.247972
11.695 6.26999 0.246386
11.7231 6.34645 0.247435
11.7753 6.27897 0.24443
11.6465 6.33893 0.245917
11.6939 6.35058 0.24446
11.6934 6.4489 0.246697
11.848 6.3671 0.247553
11.7221 6.41674 0.246665
11.7207 6.41326 0.24671
11.7647 6.33779 0.247299
11.7667 6.33992 0.247452
11.73 6.25913 0.24536
11.7595 6.30247 0.246421
11.7449 6.2954 0.248167
11.8607 6.4043 0.245812
11.6945 6.31707 0.246984
11.7407 6.38352 0.251021
11.7499 6.42697 0.246895
11.796 6.34665 0.248206
11.6419 6.26528 0.245566
11.6929 6.3381 0.247278
11.7113 6.28594 0.245657
11.7663 6.3972 0.246009
11.8027 6.30334 0.246582
11.6856 6.3857 0.249793
11.7636 6.34873 0.247721
11.7807 6.34923 0.244784
11.7754 6.36758 0.247902
11.7901 6.37749 0.245575
11.8103 6.27887 0.244778
11.8092 6.27704 0.244886
11.7962 6.28488 0.246477
11.6801 6.24849 0.246694
11.724 6.40594 0.249168
11.7316 6.21564 0.24815
11.7946 6.31686 0.250827
11.7482 6.46211 0.24458
11.6868 6.40211 0.245841
11.7029 6.39823 0.245505
11.6519 6.34629 0.246269
11.6675 6.38698 0.247777
9.81888 6.02927 0.265672
