7.76717 -94.8278 3.40695
7.82531 -94.8279 3.40519
7.74797 -94.8005 3.4058
7.91863 -94.8046 3.40792
7.8728 -94.8718 3.40205
7.85022 -94.9003 3.4086
7.78732 -94.8953 3.40639
7.92938 -94.9242 3.40358
7.7621 -94.7382 3.40324
7.75966 -94.8711 3.40245
7.69026 -94.8953 3.40568
7.94273 -94.8184 3.40716
7.62032 -94.8883 3.40262
7.76605 -94.8102 3.40297
7.83484 -94.7916 3.40694
7.79065 -94.7388 3.40516
7.78086 -94.7367 3.40646
7.97199 -94.8573 3.40601
7.92823 -94.7931 3.40617
7.70918 -94.8501 3.40686
7.76276 -94.8296 3.40607
7.77172 -94.8938 3.4067
7.87485 -94.6757 3.40694
7.66553 -94.7428 3.40412
7.83694 -94.8012 3.40602
7.76474 -94.9793 3.4085
7.90009 -94.8247 3.40455
7.78158 -94.7577 3.40508
7.78073 -94.8624 3.40315
7.61276 -94.8918 3.40438
7.92156 -94.7858 3.40949
7.66507 -95.0268 3.40101
7.77906 -94.9291 3.40456
7.83405 -94.8074 3.40401
7.76411 -94.8355 3.41011
7.74226 -94.7077 3.40652
7.78244 -94.8411 3.4102
7.782 -94.95 3.41291
7.75662 -94.8706 3.40511
7.86567 -94.8513 3.40565
7.82449 -94.6944 3.40508
7.82503 -94.7471 3.40514
7.80662 -94.8206 3.40508
7.89537 -94.8054 3.4116
7.9579 -94.8722 3.40709
7.88354 -94.8156 3.4068
7.7933 -94.8371 3.40837
7.75473 -94.8033 3.40477
7.82393 -94.8113 3.40313
7.77508 -94.9638 3.40803
7.80942 -94.8565 3.40588
7.83925 -94.763 3.4121
7.88922 -94.8143 3.40794
7.83931 -94.9033 3.40644
7.91121 -94.94 3.40526
7.84645 -94.7835 3.40392
7.84729 -94.8086 3.40412
7.88176 -94.9012 3.40743
7.83015 -94.9466 3.40613
7.79719 -94.8313 3.40371
7.69347 -94.8502 3.40695
7.79976 -94.8883 3.40377
7.79604 -94.7459 3.40496
7.86758 -94.7519 3.40768
7.83133 -94.7798 3.4108
7.82373 -94.7619 3.40515
7.8668 -94.9005 3.40209
7.79201 -94.7695 3.40522
8.01683 -94.8181 3.40705
7.74618 -94.9215 3.40695
7.86496 -94.8858 3.411
7.74122 -94.8581 3.40656
7.81577 -94.7863 3.40822
7.76402 -94.8094 3.40642
7.81372 -94.794 3.40194
7.91026 -94.7826 3.40716
7.79918 -94.8393 3.40713
7.77958 -94.8505 3.4048
7.93907 -94.8668 3.40045
7.80099 -94.8777 3.40451
7.83056 -94.8932 3.40686
7.87965 -94.7874 3.40971
7.81377 -94.8443 3.40521
7.76651 -94.7893 3.40454
7.8198 -94.8159 3.40461
7.7922 -94.8392 3.4076
7.81976 -94.9533 3.40547
7.71637 -94.9009 3.40507
7.8421 -94.9021 3.40822
7.62861 -94.8867 3.40541
7.84281 -94.8987 3.40819
7.8125 -94.8726 3.40261
7.78614 -94.8809 3.40538
7.92358 -94.8096 3.40707
7.78457 -94.9036 3.40574
7.8621 -94.7807 3.40688
7.75934 -94.8097 3.40686
7.71571 -94.9243 3.40554
7.95541 -94.8271 3.40525
7.95485 -94.8121 3.40615
7.88067 -94.8152 3.41339
7.78908 -94.89 3.40876
7.75424 -94.8575 3.40871
7.84014 -94.9717 3.4082
7.7736 -94.8295 3.4072
7.78094 -94.8721 3.40468
7.89383 -94.8512 3.40525
7.66279 -94.7719 3.40386
7.84916 -94.8367 3.40489
7.74071 -94.8815 3.40917
7.81241 -94.8591 3.40544
7.84199 -94.9733 3.4079
7.74034 -94.8824 3.40947
7.85114 -94.7515 3.40382
7.7596 -94.9901 3.40431
7.70542 -94.8902 3.40596
7.85893 -94.886 3.40563
7.74397 -94.8194 3.40807
7.75368 -94.8881 3.40146
7.85426 -94.8085 3.40596
7.75157 -94.7863 3.40672
7.74915 -94.916 3.41246
7.9364 -94.7887 3.4059
8.00911 -94.7943 3.40539
7.80242 -94.8568 3.40871
7.83372 -94.9022 3.40606
7.81684 -94.9327 3.4089
7.83555 -94.7575 3.40887
7.70282 -94.845 3.40904
7.75146 -94.6815 3.4088
7.85144 -94.6766 3.40701
7.77251 -94.8308 3.40591
7.83764 -94.8628 3.40509
7.87034 -94.8285 3.40373
7.74938 -94.7415 3.41017
7.77397 -94.8527 3.40436
7.92446 -94.876 3.39989
7.85052 -94.8553 3.4033
7.91585 -94.8218 3.40702
7.84711 -94.9134 3.4068
7.82242 -94.9051 3.40638
7.76201 -94.808 3.40824
7.78811 -94.902 3.40517
7.86232 -94.8502 3.40952
7.91683 -94.8952 3.40601
7.86907 -94.8902 3.41058
7.80327 -94.9406 3.40499
7.90767 -94.7598 3.40807
7.72222 -94.7374 3.40548
7.79718 -94.7896 3.40516
7.78114 -94.8399 3.40586
7.80184 -94.8842 3.41112
7.61131 -94.8237 3.40602
7.75089 -94.874 3.40383
7.95873 -94.8084 3.40496
7.92608 -94.8348 3.4117
7.82294 -94.8259 3.4085
7.76314 -94.9108 3.40733
7.74014 -94.7846 3.40581
7.77061 -94.8567 3.40938
7.79315 -94.7971 3.40817
7.84679 -94.6465 3.40537
7.83077 -94.8285 3.40722
7.86264 -94.7922 3.40624
7.61402 -94.7141 3.40477
7.89482 -94.8914 3.40303
7.89659 -94.7581 3.4097
7.86262 -94.8622 3.40936
7.77799 -94.8521 3.40316
7.84843 -94.7708 3.40439
7.812 -94.869 3.40797
7.84221 -94.9394 3.40808
7.7678 -94.8892 3.40516
7.83126 -94.7403 3.40669
7.90969 -94.7385 3.406
7.75205 -94.7603 3.40413
7.8311 -94.753 3.40586
7.81112 -94.9139 3.40812
7.80678 -94.6817 3.40606
7.84702 -94.7093 3.40821
7.73431 -94.8354 3.40169
7.97716 -94.8388 3.40603
7.95437 -94.7828 3.40446
7.96407 -94.8104 3.40645
7.78264 -94.9505 3.40703
7.91193 -94.7596 3.41
7.87658 -94.7921 3.41081
7.835 -94.7071 3.40729
7.76969 -94.7652 3.40881
7.77172 -94.9067 3.40512
7.70155 -94.831 3.40691
7.87079 -94.8186 3.40961
7.9163 -94.7758 3.40981
7.75152 -94.838 3.40702
7.83242 -94.8528 3.40816
7.78184 -94.7011 3.40422
7.68832 -94.7884 3.40938
7.82342 -94.7151 3.40549
7.82676 -94.9103 3.40794
7.82874 -94.8403 3.40859
7.79263 -94.8166 3.40923
7.88175 -94.8798 3.40731
7.76417 -94.8523 3.40541
7.78406 -94.8601 3.40643
7.79103 -94.8095 3.40529
7.74983 -94.807 3.41082
7.84688 -94.7485 3.40704
7.75317 -94.8604 3.40559
7.63264 -94.7721 3.40284
7.87891 -94.9023 3.41098
7.97109 -94.8369 3.40768
7.99293 -94.7984 3.4049
7.81394 -94.8006 3.40721
7.86937 -94.8303 3.40649
7.76292 -94.7975 3.40621
7.848 -94.8701 3.40739
7.7901 -94.8642 3.40732
7.82599 -94.9784 3.40817
7.84258 -94.8192 3.40344
7.7938 -94.8594 3.40858
7.75188 -94.8628 3.40353
7.94922 -94.7833 3.4096
7.70688 -94.7429 3.40486
7.90725 -94.988 3.40332
7.74458 -94.8533 3.4086
7.74278 -94.793 3.40586
7.88773 -94.8117 3.40477
7.83139 -94.7922 3.40791
7.70001 -94.7444 3.40991
7.87707 -94.8536 3.41085
7.8393 -94.8497 3.40337
7.90047 -94.7702 3.40604
7.71139 -94.8788 3.40572
7.7428 -94.7436 3.40601
7.87128 -94.8785 3.4081
7.7243 -94.8682 3.40781
7.7945 -94.8097 3.40119
7.86807 -94.9369 3.40928
7.93476 -94.8429 3.40672
7.92232 -94.8247 3.4062
7.91474 -94.8002 3.40751
7.98323 -94.8018 3.40404
7.79621 -94.8257 3.40678
7.75627 -94.8071 3.40247
7.77765 -94.9112 3.40596
7.74678 -94.7842 3.40222
7.83351 -94.8618 3.40371
7.85365 -94.858 3.40723
7.89433 -94.9683 3.40773
7.72507 -94.829 3.40744
7.7555 -94.8104 3.40958
7.72923 -94.8355 3.40261
7.73833 -94.8593 3.40662
7.83296 -94.806 3.40699
7.82252 -94.8604 3.40673
7.68797 -94.8502 3.40236
7.83221 -94.7613 3.40478
7.66802 -94.7807 3.40998
7.82606 -94.866 3.40489
7.8443 -94.7573 3.40486
7.86816 -94.848 3.40308
7.84359 -94.8251 3.40457
7.78622 -94.8829 3.40912
7.77577 -94.731 3.40306
7.70801 -94.8832 3.40262
7.837 -94.8153 3.40628
7.841 -94.8587 3.41266
7.70591 -94.7314 3.40355
7.86135 -94.8204 3.40819
7.74755 -95.0323 3.40373
7.88633 -94.8697 3.40671
7.6843 -94.8271 3.40937
8.01463 -94.8334 3.40513
7.91743 -94.7939 3.40568
7.83162 -94.9019 3.40775
7.82634 -94.8529 3.40974
7.80887 -94.9405 3.40656
7.78809 -94.7712 3.41028
7.77687 -94.8745 3.40882
7.81728 -94.8351 3.40264
7.75815 -94.7948 3.40863
7.84584 -94.7086 3.40601
7.73857 -94.8485 3.4026
7.71748 -94.8977 3.40619
7.87699 -94.8588 3.40944
7.72464 -94.894 3.40459
7.67902 -94.9453 3.40058
7.78899 -94.8319 3.40695
7.7478 -94.9889 3.40293
7.81723 -94.8951 3.40868
7.78465 -94.8167 3.40805
7.78411 -94.8325 3.40753
7.62935 -94.838 3.40472
7.75175 -94.7037 3.40368
7.83147 -94.8685 3.40649
7.77136 -94.616 3.40713
7.67057 -94.8161 3.40458
7.71541 -94.9145 3.40824
7.85732 -94.8504 3.40616
7.87035 -94.8313 3.40924
7.81689 -94.79 3.40588
7.80404 -94.8066 3.40499
7.74324 -94.8781 3.40652
7.9498 -94.7639 3.40499
7.89273 -94.8245 3.4088
7.67173 -94.8553 3.40536
7.85944 -94.837 3.41035
7.72721 -94.8104 3.40664
7.86911 -94.6886 3.40712
7.79234 -94.7989 3.40992
7.72886 -94.8408 3.40293
7.81103 -94.9045 3.40611
7.7953 -94.8315 3.40473
7.87838 -94.7622 3.40923
7.72919 -94.9784 3.40185
7.74119 -94.8197 3.40515
7.89353 -94.8207 3.40349
7.83157 -94.8205 3.40881
7.74954 -94.8759 3.40811
7.70261 -94.8495 3.41041
7.85052 -94.8469 3.41097
7.82634 -94.8865 3.41088
7.78461 -94.8856 3.40382
7.72262 -94.9651 3.40264
7.88424 -94.7868 3.40519
7.84846 -94.8955 3.4079
7.74851 -94.7128 3.40417
7.82989 -94.7955 3.40544
7.77995 -94.8353 3.40483
7.79815 -94.8971 3.4095
7.99084 -94.8168 3.40667
8.00991 -94.8274 3.40803
7.65309 -94.8432 3.40915
7.79786 -95.0098 3.40636
7.7977 -94.8587 3.41054
7.79888 -94.8797 3.40843
7.82607 -94.8301 3.40583
7.88924 -94.7002 3.40566
7.81771 -94.9036 3.40457
7.69919 -94.8367 3.40576
7.6883 -94.7057 3.39986
7.79011 -94.8887 3.40671
7.92653 -94.7374 3.40998
7.82364 -94.8223 3.40622
7.85863 -94.8927 3.41016
7.76549 -94.8816 3.40754
7.71215 -94.8819 3.41047
7.81258 -94.9041 3.40717
7.79263 -94.8792 3.40461
7.79302 -94.8306 3.40666
7.72819 -94.689 3.40127
7.88127 -94.7455 3.40625
7.73169 -94.9072 3.40554
7.72502 -94.8426 3.40651
7.89457 -94.8437 3.40666
7.71798 -94.85 3.40496
7.85592 -94.8352 3.4047
7.76176 -94.7295 3.40825
7.97545 -94.8355 3.4041
7.79416 -94.8384 3.40551
7.83772 -94.8167 3.40952
7.79766 -94.8193 3.40419
7.841 -94.8518 3.40334
7.69597 -94.9374 3.404
7.74893 -94.8012 3.40463
7.81165 -94.8974 3.40788
7.9074 -94.8792 3.40731
7.81179 -94.7323 3.40703
7.82414 -94.8349 3.40866
7.89323 -94.9118 3.39974
7.77686 -94.8403 3.40595
7.86605 -94.8043 3.40927
7.91667 -94.8126 3.40489
7.75753 -94.7741 3.40458
7.90007 -94.961 3.40438
7.78777 -94.8987 3.40527
7.78445 -94.8782 3.40887
7.71439 -94.8979 3.40552
7.91733 -94.8258 3.40706
7.80887 -94.8725 3.40414
7.79052 -94.9875 3.40369
7.72506 -94.9037 3.40237
7.87999 -94.8567 3.40831
7.84374 -94.7679 3.4065
7.7419 -94.7831 3.40603
7.75614 -94.8026 3.40416
7.80408 -94.9311 3.41229
7.94015 -94.7987 3.4068
7.86872 -94.8375 3.40774
7.82417 -94.8856 3.40872
7.89512 -94.7899 3.40952
7.80129 -94.8865 3.40569
7.85843 -94.8664 3.40521
7.75445 -94.8166 3.40543
7.88246 -94.913 3.40109
7.86659 -94.8292 3.40612
7.82325 -94.8467 3.40693
7.82452 -94.8656 3.40732
7.72784 -94.8179 3.4045
7.79707 -94.9147 3.40692
7.7139 -94.9085 3.40362
7.84192 -94.9448 3.40812
7.81755 -94.946 3.40832
7.6465 -94.8198 3.40687
7.75058 -94.8793 3.40471
7.81544 -94.8563 3.40621
7.86102 -94.9213 3.40813
7.73963 -94.9037 3.40479
7.81648 -94.8467 3.40673
7.75144 -94.8663 3.3994
7.84237 -94.7982 3.40703
7.8228 -94.7388 3.40567
7.76036 -94.8381 3.40829
7.82385 -94.8191 3.40889
7.72075 -94.866 3.40675
7.73185 -94.8941 3.40451
7.98079 -94.8251 3.40779
7.95489 -94.8037 3.40571
7.91515 -94.7696 3.40548
7.86348 -94.8418 3.41194
7.83779 -94.8513 3.40653
7.73689 -94.8458 3.40833
7.80748 -94.8197 3.40773
7.83314 -94.8219 3.40431
7.81379 -94.8613 3.40293
7.86659 -94.8275 3.40603
7.85374 -94.8332 3.40578
7.87767 -94.8358 3.40615
7.73853 -94.887 3.40506
7.97989 -94.749 3.40912
7.94446 -94.8295 3.40529
7.91847 -94.9754 3.40538
7.86567 -94.791 3.40343
7.83423 -94.8316 3.40864
7.82369 -94.8011 3.40471
7.88951 -94.8779 3.40768
7.76515 -94.8441 3.41089
7.87394 -94.7849 3.40658
7.80501 -94.8286 3.40856
7.90685 -94.9342 3.40884
7.75296 -94.8147 3.40144
7.81814 -94.8475 3.40159
7.80618 -94.8529 3.40424
7.94891 -94.8025 3.4048
7.98739 -94.7475 3.40394
7.66724 -95.0101 3.40507
7.7833 -94.7876 3.40471
7.88734 -94.8833 3.40505
7.73787 -94.9168 3.4097
7.81371 -94.9068 3.40394
7.87988 -94.8335 3.40757
7.83727 -94.7563 3.40744
7.80658 -94.7725 3.4015
7.77748 -94.7958 3.40706
7.81418 -94.8408 3.40596
7.80882 -95.0028 3.40624
7.7051 -94.7524 3.40271
7.75414 -94.8495 3.40555
7.89207 -94.8328 3.40447
7.74306 -94.8962 3.40649
7.80894 -94.8287 3.40682
7.8609 -94.8036 3.40366
7.89064 -94.8106 3.41214
7.77975 -94.8211 3.40286
7.87541 -94.7479 3.40577
7.74315 -94.8534 3.40575
7.76384 -94.8718 3.41088
7.80814 -94.8275 3.40538
7.80925 -94.7628 3.40415
7.72132 -94.7538 3.4061
7.82304 -94.8432 3.40621
7.74579 -94.9105 3.40178
7.96105 -94.7485 3.40376
8.02126 -94.809 3.40311
7.78451 -94.7891 3.40593
7.73973 -94.798 3.40636
7.80452 -94.9282 3.40479
7.7949 -94.8391 3.40243
7.84077 -94.7398 3.4116
7.82288 -94.8387 3.4056
7.70984 -94.9534 3.40368
7.86403 -94.8685 3.40635
7.81557 -94.8635 3.40791
7.76367 -94.8659 3.40549
7.83291 -94.8894 3.40603
7.76424 -94.8729 3.40697
7.687 -94.8779 3.40523
7.93093 -94.7954 3.40916
7.89118 -94.8063 3.40875
7.9174 -94.9784 3.40402
7.83248 -94.8761 3.40728
7.7456 -94.8385 3.4059
7.71304 -94.8855 3.40734
7.75947 -94.8827 3.40695
7.82474 -94.7941 3.4094
7.67876 -94.8549 3.40729
7.82146 -95.0138 3.40796
7.82522 -94.9103 3.4056
7.8626 -94.8688 3.40433
8.07645 -91.2398 3.41332
