-40.1709 -42.7971 1.46747
-40.1149 -42.8609 1.47073
-40.2648 -42.6878 1.46725
-40.0988 -42.7497 1.4657
-40.2285 -42.7491 1.46533
-40.2692 -42.8438 1.46906
-40.1153 -42.7924 1.46843
-40.085 -42.899 1.46472
-40.1756 -42.7833 1.46696
-40.0252 -42.8133 1.46653
-40.158 -42.7871 1.46899
-40.1978 -42.8089 1.47142
-40.2251 -42.7177 1.46691
-40.2192 -42.725 1.4667
-40.1942 -42.8073 1.46894
-40.1803 -42.663 1.46967
-40.1904 -42.7255 1.46276
-40.1916 -42.7237 1.46295
-40.2 -42.8002 1.47212
-40.1663 -42.8506 1.47036
-40.2049 -42.7647 1.46787
-40.1339 -42.7448 1.46226
-40.2431 -42.7399 1.47369
-40.1987 -42.647 1.46612
-40.0774 -42.7871 1.46977
-40.1936 -42.7755 1.47066
-40.0399 -42.772 1.46848
-40.0342 -42.7726 1.4682
-40.2515 -42.7913 1.46984
-40.1142 -42.7858 1.47126
-40.119 -42.7841 1.47122
-40.1775 -42.8091 1.47056
-40.2154 -42.8724 1.47206
-40.1388 -42.7828 1.46606
-40.057 -42.8588 1.4702
-40.2148 -42.9453 1.469
-40.1246 -42.8472 1.46706
-40.0968 -42.7691 1.46859
-40.1285 -42.7096 1.46725
-40.1324 -42.7084 1.46733
-40.2072 -42.7685 1.46778
-40.2285 -42.8515 1.47103
-40.1102 -42.8222 1.47173
-40.1549 -42.7777 1.47059
-40.1483 -42.8229 1.46937
-40.1476 -42.8273 1.4693
-40.0973 -42.7836 1.47018
-40.1456 -42.6372 1.47249
-40.1586 -42.8178 1.4636
-40.1461 -42.8658 1.46647
-40.1208 -42.8244 1.46796
-40.0951 -42.8036 1.46966
-40.1421 -42.7649 1.46694
-40.1788 -42.7048 1.46578
-40.1022 -42.7262 1.46533
-40.1587 -42.8229 1.46918
-40.1635 -42.8472 1.46797
-40.2072 -42.7388 1.46892
-40.1118 -42.8019 1.46966
-40.1341 -42.8044 1.46619
-40.2103 -42.7545 1.46414
-40.1473 -42.8059 1.46863
-40.1184 -42.8112 1.46974
-40.127 -42.877 1.46953
-40.1731 -42.7792 1.46769
-40.1153 -42.7965 1.47293
-40.1569 -42.776 1.46623
-40.184 -42.9117 1.47241
-40.1745 -42.8947 1.46771
-40.1696 -42.9011 1.46764
-40.1559 -42.7488 1.47031
-40.2676 -42.8313 1.47062
-40.1776 -42.8143 1.47263
-40.2533 -42.7631 1.46959
-40.1373 -42.8558 1.46531
-40.0771 -42.7656 1.46593
-40.1343 -42.7696 1.46872
-40.0955 -42.8259 1.46844
-40.0657 -42.8602 1.46863
-40.1764 -42.823 1.46684
-40.1727 -42.8249 1.46682
-40.1583 -42.7823 1.47035
-40.2216 -42.8642 1.46703
-40.2393 -42.9014 1.46624
-40.148 -42.8401 1.46725
-40.1513 -42.8342 1.46715
-40.0693 -42.8244 1.4704
-40.1501 -42.788 1.4722
-40.1963 -42.8333 1.46709
-40.1615 -42.6652 1.46653
-40.16 -42.6657 1.46664
-40.1039 -42.7209 1.46901
-40.1456 -42.8827 1.46715
-40.1125 -42.9044 1.46833
-40.1183 -42.788 1.47055
-40.0545 -42.8224 1.46933
-40.0728 -42.8763 1.46745
-40.1895 -42.8022 1.46983
-40.0919 -42.8088 1.47111
-40.1661 -42.8353 1.46622
-40.1264 -42.8071 1.47022
-40.1781 -42.8198 1.46393
-40.177 -42.8177 1.46381
-40.044 -42.6771 1.47403
-40.0995 -42.8201 1.46612
-40.0847 -42.7847 1.4729
-40.1103 -42.7172 1.4663
-40.1135 -42.7221 1.46618
-40.1154 -42.7194 1.46631
-40.1848 -42.7326 1.46783
-40.1593 -42.8249 1.46834
-40.1221 -42.8016 1.46514
-40.1607 -42.7659 1.46895
-40.2127 -42.8067 1.46548
-40.1847 -42.7197 1.46925
-40.1218 -42.8578 1.4709
-40.2298 -42.7518 1.46524
-40.1364 -42.792 1.46785
-40.1758 -42.7836 1.46678
-40.1568 -42.7853 1.46896
-40.1543 -42.7877 1.46905
-40.1848 -42.9434 1.46902
-40.2234 -42.7208 1.46665
-40.1956 -42.809 1.46887
-40.0654 -42.7515 1.46943
-40.1344 -42.7646 1.47167
-40.1863 -42.7244 1.46302
-40.2216 -42.7381 1.46752
-40.0786 -42.8017 1.47025
-40.1634 -42.7898 1.46723
-40.115 -42.7857 1.46748
-40.1936 -42.8986 1.46885
-40.2007 -42.6482 1.46623
-40.1958 -42.7843 1.47075
-40.0859 -42.7877 1.47207
-40.126 -42.8422 1.47349
-40.2194 -42.8397 1.4673
-40.1414 -42.7791 1.46604
-40.1425 -42.7814 1.46585
-40.1449 -42.7782 1.46592
-40.0428 -42.8405 1.46796
-40.0439 -42.8233 1.46986
-40.0436 -42.8181 1.46962
-40.1493 -42.7701 1.46881
-40.1514 -42.7935 1.46883
-40.1524 -42.7992 1.46898
-40.1304 -42.7149 1.46727
-40.1325 -42.7301 1.4692
-40.2808 -42.8358 1.46902
-40.1404 -42.7239 1.47215
-40.1876 -42.8096 1.4693
-40.1056 -42.8179 1.47153
-40.1623 -42.7726 1.47046
-40.2311 -42.6783 1.46816
-40.2263 -42.6831 1.46798
-40.1427 -42.6383 1.47247
-40.1785 -42.8813 1.46678
-40.1607 -42.8176 1.46367
-40.0781 -42.7765 1.46904
-40.1743 -42.7715 1.47176
-40.1596 -42.92 1.46825
-40.0981 -42.7998 1.46975
-40.1707 -42.736 1.46724
-40.187 -42.699 1.4657
-40.1252 -42.7864 1.46948
-40.1011 -42.7203 1.46532
-40.0966 -42.7233 1.4655
-40.0732 -42.8393 1.46933
-40.0663 -42.9172 1.46991
-40.1708 -42.7771 1.46839
-40.172 -42.782 1.46842
-40.1644 -42.8566 1.47184
-40.2083 -42.733 1.46893
-40.2063 -42.7338 1.46896
-40.1423 -42.7901 1.46803
-40.1601 -42.8351 1.46882
-40.2075 -42.7597 1.46418
-40.2071 -42.759 1.46426
-40.1521 -42.8156 1.47052
-40.1467 -42.7958 1.46861
-40.1627 -42.7508 1.4684
-40.1563 -42.7929 1.46852
-40.176 -42.7789 1.46752
-40.2378 -42.8848 1.46948
-40.1559 -42.7798 1.46621
-40.1194 -42.8125 1.4658
-40.2142 -42.8539 1.46831
-40.1557 -42.8946 1.46879
-40.0805 -42.8081 1.47024
-40.209 -42.8294 1.47207
-40.136 -42.7661 1.47023
-40.1337 -42.7677 1.47019
-40.1732 -42.7954 1.47096
-40.1097 -42.9599 1.47283
-40.2577 -42.7635 1.46962
-40.1811 -42.8261 1.47138
-40.0744 -42.7597 1.47224
-40.0962 -42.7625 1.46451
-40.0957 -42.7653 1.46444
-40.1693 -42.8196 1.46674
-40.1079 -42.7581 1.46862
-40.1906 -42.6475 1.46999
-40.192 -42.6499 1.47001
-40.0127 -42.6944 1.46976
-40.1037 -42.8368 1.47094
-40.0894 -42.8447 1.47026
-40.0376 -42.8103 1.47136
-40.1957 -42.8899 1.47172
-40.1663 -42.7374 1.46887
-40.1526 -42.6597 1.4666
-40.0705 -42.7372 1.47028
-40.1049 -42.8908 1.469
-40.0781 -42.9097 1.4692
-40.2309 -42.8648 1.47576
-40.1293 -42.7627 1.47059
-40.1299 -42.7608 1.47059
-40.1203 -42.8123 1.46853
-40.1971 -42.7768 1.46954
-40.0528 -42.8195 1.46948
-40.1487 -42.7935 1.46469
-40.1465 -42.7987 1.46473
-40.1139 -42.7173 1.47086
-40.1338 -42.9121 1.46924
-40.0813 -42.7929 1.46716
-40.1701 -42.8379 1.46606
-40.1645 -42.6403 1.47254
-40.045 -42.7681 1.46661
-40.2264 -42.859 1.47076
-40.1019 -42.8152 1.46604
-40.0908 -42.778 1.47293
-40.0838 -42.7838 1.47296
-40.1132 -42.7248 1.46618
-40.1827 -42.7717 1.46429
-40.2177 -42.7871 1.46452
-40.1269 -42.8001 1.46525
-40.1289 -42.8092 1.46517
-40.1682 -42.7621 1.4688
-40.1874 -42.7223 1.46915
-40.1098 -42.8116 1.46884
-40.262 -42.6879 1.4674
-40.0973 -42.7537 1.46573
-40.2308 -42.7472 1.46544
-40.2131 -42.8309 1.47185
-40.1105 -42.7948 1.46857
-40.0802 -42.8063 1.46735
-40.178 -42.7861 1.46701
-40.0256 -42.815 1.46662
-40.1509 -42.7859 1.46904
-40.2183 -42.7206 1.46662
-40.0276 -42.7315 1.46539
-40.1425 -42.8727 1.46671
-40.1006 -42.8407 1.46759
-40.1926 -42.727 1.46309
-40.2233 -42.7432 1.46741
-40.1992 -42.7967 1.46916
-40.1946 -42.8031 1.46823
-40.1587 -42.7836 1.46741
-40.136 -42.747 1.46234
-40.1285 -42.7475 1.46233
-40.2052 -42.6513 1.46616
-40.0729 -42.782 1.4698
-40.0402 -42.7712 1.46817
-40.2739 -42.8883 1.47085
-40.1751 -42.811 1.47079
-40.1501 -42.8192 1.46963
-40.0902 -42.7119 1.46679
-40.1405 -42.7844 1.46593
-40.1576 -42.7311 1.46881
-40.0397 -42.8344 1.46802
-40.1228 -42.8432 1.46694
-40.1545 -42.79 1.46887
-40.138 -42.7292 1.46929
-40.2005 -42.7753 1.4677
-40.2158 -42.8038 1.47018
-40.0502 -42.7867 1.46983
-40.1561 -42.8407 1.47087
-40.2309 -42.6799 1.46798
-40.1241 -42.7608 1.46687
-40.1629 -42.819 1.46362
-40.1643 -42.8236 1.46371
-40.1299 -42.8814 1.4731
-40.1466 -42.7304 1.46722
-40.0965 -42.8065 1.47033
-40.1823 -42.6997 1.46593
-40.075 -42.8353 1.46943
-40.1304 -42.858 1.46755
-40.1328 -42.8589 1.46746
-40.1704 -42.7787 1.46825
-40.1243 -42.7442 1.47071
-40.1325 -42.797 1.46634
-40.1039 -42.7987 1.46509
-40.2104 -42.7567 1.46402
-40.1148 -42.7631 1.46864
-40.2111 -42.7964 1.46973
-40.2142 -42.795 1.46954
-40.1608 -42.7933 1.46831
-40.1243 -42.8846 1.46952
-40.1198 -42.6786 1.46754
-40.1202 -42.8078 1.46575
-40.2306 -42.7391 1.46933
-40.153 -42.8993 1.46856
-40.1918 -42.7462 1.4688
-40.1799 -42.8102 1.47263
-40.1403 -42.8541 1.46543
-40.0737 -42.7661 1.47243
-40.0942 -42.7603 1.46472
-40.0968 -42.8248 1.46869
-40.1566 -42.7871 1.47044
-40.2324 -42.9011 1.46635
-40.1441 -42.8337 1.46736
-40.154 -42.8355 1.46828
-40.1588 -42.8368 1.4686
-40.2075 -42.742 1.46714
-40.0606 -42.8068 1.46687
-40.0539 -42.8198 1.47091
-40.1369 -42.8075 1.46738
-40.1598 -42.6642 1.46669
-40.2212 -42.8964 1.46875
-40.2975 -42.8452 1.46844
-40.145 -42.8256 1.47003
-40.1818 -42.7951 1.47252
-40.1074 -42.909 1.46837
-40.0315 -42.8488 1.47044
-40.037 -42.8361 1.47034
-40.1989 -42.7744 1.46962
-40.0811 -42.88 1.46773
-40.0922 -42.8459 1.46848
-40.1698 -42.8453 1.46611
-40.1843 -42.7776 1.47315
-40.121 -42.8039 1.47013
-40.2283 -42.8794 1.46792
-40.176 -42.8222 1.46389
-40.2163 -42.8054 1.47083
-40.0484 -42.8611 1.47219
-40.097 -42.8231 1.4694
-40.1853 -42.91 1.46733
-40.0815 -42.7835 1.47297
-40.1657 -42.6765 1.4685
-40.1738 -42.7724 1.46434
-40.2163 -42.7949 1.46461
-40.1364 -42.8022 1.47009
-40.2085 -42.8169 1.46556
-40.1683 -42.796 1.46749
-40.0877 -42.8129 1.47225
-40.2311 -42.7509 1.46539
-40.2188 -42.833 1.47189
-40.1231 -42.8011 1.47288
-40.1336 -42.7944 1.46786
-40.0755 -42.8095 1.46723
-40.0204 -42.8699 1.46608
-40.0875 -42.7805 1.47189
-40.1897 -42.8151 1.46708
-40.1868 -42.7109 1.4697
-40.2303 -42.8244 1.46995
-40.1176 -42.8506 1.46908
-40.0902 -42.861 1.46944
-40.1907 -42.7309 1.46295
-40.1916 -42.7217 1.463
-40.2014 -42.7989 1.46838
-40.1894 -42.8939 1.47332
-40.1328 -42.7469 1.46247
-40.2033 -42.6473 1.46614
-40.2643 -42.8181 1.46952
-40.2469 -42.7953 1.46797
-40.1245 -42.7823 1.47123
-40.2209 -42.845 1.46732
-40.1843 -42.7755 1.47078
-40.1444 -42.7857 1.46582
-40.1466 -42.8528 1.46978
-40.2239 -42.7729 1.46978
-40.0388 -42.8406 1.4681
-40.1517 -42.7691 1.4687
-40.1385 -42.7328 1.46934
-40.2046 -42.7719 1.46782
-40.1343 -42.7323 1.47216
-40.1088 -42.826 1.47147
-40.1082 -42.8199 1.47176
-40.073 -42.7542 1.46904
-40.1737 -42.8397 1.47169
-40.1937 -42.9058 1.46642
-40.1636 -42.8165 1.46343
-40.1445 -42.8686 1.46663
-40.1251 -42.8261 1.46796
-40.1387 -42.7661 1.46677
-40.1463 -42.7611 1.46667
-40.1858 -42.7009 1.46581
-40.0981 -42.7252 1.46565
-40.0749 -42.8491 1.46923
-40.1553 -42.8096 1.46568
-40.163 -42.8504 1.46775
-40.1136 -42.8991 1.47104
-40.0962 -42.802 1.46502
-40.1524 -42.8307 1.4686
-40.2037 -42.7569 1.4641
-40.2059 -42.7564 1.46404
-40.1563 -42.818 1.47043
-40.0916 -42.8795 1.46923
-40.0888 -42.8229 1.46749
-40.1585 -42.7506 1.46847
-39.9952 -42.8424 1.47077
-40.1107 -42.7867 1.473
-40.1578 -42.7728 1.46625
-40.1297 -42.8574 1.46987
-40.1342 -42.8629 1.46968
-40.1556 -42.8939 1.46852
-40.1749 -42.7506 1.47319
-40.049 -42.8286 1.46619
-40.0468 -42.8253 1.46599
-40.1351 -42.8766 1.46721
-40.0761 -42.7721 1.46584
-40.1206 -42.8384 1.46824
-40.1436 -42.8397 1.46813
-40.1734 -42.8226 1.46665
-40.2138 -42.8619 1.46704
-40.2376 -42.8995 1.46627
-40.1334 -42.745 1.46878
-40.0687 -42.8276 1.47045
-40.1285 -42.8077 1.47162
-40.1469 -42.7882 1.47214
-40.1958 -42.8934 1.47182
-40.189 -42.8327 1.46712
-40.1735 -42.7373 1.46882
-40.0769 -42.737 1.47026
-40.1004 -42.7278 1.46895
-40.0635 -42.8367 1.46958
-40.1121 -42.9071 1.46845
-40.0579 -42.8438 1.46723
-40.1982 -42.7708 1.46942
-40.1553 -42.7927 1.46451
-40.1633 -42.8331 1.47034
-40.1257 -42.9541 1.46962
-40.0988 -42.8422 1.4702
-40.0863 -42.8085 1.47131
-40.1706 -42.8406 1.46618
-40.0623 -42.7373 1.46436
-40.174 -42.821 1.46374
-40.2412 -42.7733 1.46875
-40.2105 -42.8077 1.47085
-40.11 -42.8351 1.4705
-40.1154 -42.7224 1.46619
-40.1719 -42.7793 1.46438
-40.1807 -42.7306 1.46775
-40.2107 -42.7906 1.4647
-40.168 -42.7663 1.4689
-40.0546 -42.7947 1.47012
-40.1085 -42.8121 1.46913
-40.0214 -42.684 1.46651
-40.0956 -42.7519 1.46571
-40.2715 -42.8485 1.46914
-40.129 -42.8025 1.47301
-40.084 -42.8996 1.46471
-40.1697 -42.784 1.46711
-40.0311 -42.8136 1.46662
-40.158 -42.7902 1.46908
-40.1828 -42.8213 1.46709
-40.1664 -42.8659 1.46823
-40.1602 -42.865 1.46837
-40.0314 -42.729 1.46535
-40.1486 -42.8717 1.4667
-40.102 -42.8417 1.46768
-40.189 -42.727 1.46291
-40.1125 -42.8761 1.47103
-40.1989 -42.7953 1.46906
-40.2025 -42.7907 1.46914
-40.1584 -42.7949 1.46833
-40.1373 -42.7419 1.46238
-40.1357 -42.7509 1.46221
-40.0237 -42.7247 1.46822
-40.1104 -42.7309 1.46875
-40.1078 -42.7321 1.46874
-40.0323 -42.7747 1.46823
-40.25 -42.7826 1.46987
-40.1008 -42.7617 1.47325
-40.1016 -42.7815 1.46922
-40.1834 -42.7723 1.4695
-40.1402 -42.7792 1.46587
-40.2268 -42.7729 1.46997
-40.1212 -42.8451 1.46706
-40.1215 -42.8487 1.46712
-40.0974 -42.7612 1.46869
-40.1335 -42.7144 1.46715
-40.1335 -42.7314 1.46917
-40.2033 -42.773 1.46789
-40.2118 -42.7866 1.46983
-40.1071 -42.8167 1.47164
-40.1184 -42.8165 1.46824
-40.0581 -42.787 1.46986
-40.1474 -42.8211 1.4693
-40.168 -42.8379 1.47169
-40.1573 -42.8185 1.46384
-40.1126 -42.8077 1.47263
-40.1199 -42.8272 1.46794
-40.1401 -42.7623 1.46666
-40.0947 -42.8097 1.47027
-40.1264 -42.7884 1.46951
-40.0967 -42.7291 1.46558
-40.1743 -42.7772 1.46841
-40.1514 -42.8105 1.46564
-40.2082 -42.7372 1.46906
-40.2257 -40.7461 1.46201
