88.7568 -30.8512 3.52165
88.7703 -30.8392 3.52213
88.6894 -30.7975 3.52294
88.6823 -30.7955 3.52302
88.6785 -30.8096 3.52251
88.7688 -30.8938 3.52304
88.6794 -30.7886 3.52172
88.746 -30.8364 3.52369
88.6993 -30.7825 3.52112
88.7752 -30.845 3.52256
88.7762 -30.8449 3.52239
88.8204 -30.8174 3.52363
88.7832 -30.8224 3.52603
88.8048 -30.7917 3.52294
88.728 -30.8731 3.5215
88.7195 -30.8954 3.5245
88.7221 -30.8975 3.52464
88.7313 -30.8884 3.52024
88.737 -30.8527 3.52171
88.7325 -30.8528 3.5218
88.7124 -30.8181 3.52042
88.7231 -30.8077 3.52172
88.7054 -30.795 3.52044
88.7093 -30.7881 3.52039
88.7136 -30.8911 3.52132
88.6947 -30.8051 3.52014
88.691 -30.7975 3.5202
88.7659 -30.8688 3.52505
88.7608 -30.798 3.52225
88.8399 -30.8805 3.52236
88.7781 -30.8338 3.52122
88.8261 -30.8417 3.52406
88.7196 -30.8339 3.52094
88.7215 -30.835 3.52085
88.7721 -30.8639 3.52301
88.7323 -30.8371 3.52231
88.8056 -30.8523 3.52506
88.7707 -30.8332 3.52334
88.7314 -30.7981 3.52367
88.7305 -30.7953 3.52352
88.8013 -30.827 3.52443
88.8011 -30.8218 3.52446
88.7968 -30.8551 3.52198
88.7841 -30.8024 3.52673
88.6996 -30.8352 3.52169
88.7776 -30.8325 3.52398
88.7184 -30.9033 3.52095
88.712 -30.8887 3.52119
88.7023 -30.8705 3.52091
88.6401 -30.8626 3.52136
88.7488 -30.8965 3.52469
88.8033 -30.927 3.52043
88.774 -30.9125 3.52262
88.7635 -30.8665 3.52403
88.7121 -30.7554 3.52276
88.6688 -30.8881 3.5246
88.748 -30.8775 3.52147
88.7721 -30.861 3.52315
88.7351 -30.8679 3.52084
88.7848 -30.8715 3.52214
88.6291 -30.9186 3.52444
88.8086 -30.8714 3.52186
88.7325 -30.8048 3.52236
88.7654 -30.7725 3.52043
88.7651 -30.8072 3.52177
88.7458 -30.7736 3.52165
88.736 -30.8134 3.52289
88.7976 -30.8572 3.52172
88.7907 -30.8518 3.52178
88.7424 -30.8157 3.52177
88.8752 -30.8473 3.52334
88.6269 -30.7807 3.52253
88.7227 -30.7717 3.51937
88.7196 -30.859 3.52186
88.7965 -30.83 3.52128
88.7967 -30.8303 3.52132
88.7233 -30.8172 3.52397
88.7576 -30.819 3.52218
88.7812 -30.8437 3.52133
88.7189 -30.8008 3.52459
88.6888 -30.8251 3.52113
88.7094 -30.8328 3.52369
88.687 -30.9111 3.52438
88.7168 -30.8477 3.52421
88.7828 -30.8869 3.52173
88.6461 -30.9307 3.52285
88.7219 -30.8925 3.52407
88.6883 -30.8247 3.5236
88.7327 -30.9051 3.52236
88.6591 -30.9468 3.52613
88.7986 -30.857 3.52173
88.8115 -30.8921 3.52163
88.7587 -30.8352 3.52491
88.7155 -30.8619 3.52495
88.6931 -30.7637 3.52421
88.6513 -30.8431 3.52466
88.6508 -30.9062 3.52124
88.7504 -30.8461 3.5196
88.7548 -30.8109 3.5214
88.6429 -30.7772 3.52115
88.752 -30.8107 3.52282
88.7574 -30.854 3.5237
88.7672 -30.8503 3.52392
88.6743 -30.8652 3.52172
88.6789 -30.8658 3.52164
88.7691 -30.8743 3.52289
88.7444 -30.7926 3.51994
88.7307 -30.8133 3.51907
88.7327 -30.8206 3.51917
88.7743 -30.8283 3.52364
88.721 -30.8143 3.52032
88.7593 -30.7883 3.52432
88.7673 -30.8343 3.52163
88.7675 -30.8673 3.52
88.7304 -30.8468 3.52326
88.6844 -30.7695 3.52223
88.7939 -30.9383 3.52446
88.7902 -30.9424 3.52427
88.7882 -30.8982 3.52279
88.7846 -30.9166 3.52051
88.7876 -30.8283 3.52448
88.6964 -30.7647 3.52167
88.6794 -30.8348 3.52237
88.7915 -30.9357 3.5222
88.8858 -30.8892 3.5245
88.7838 -30.9517 3.52199
88.74 -30.865 3.52118
88.7564 -30.7846 3.52607
88.7447 -30.7746 3.52311
88.6883 -30.8202 3.52631
88.7707 -30.8653 3.52212
88.7112 -30.7574 3.52437
88.7555 -30.7805 3.52414
88.7272 -30.7623 3.522
88.6867 -30.7755 3.52253
88.687 -30.7751 3.52271
88.7808 -30.8544 3.52557
88.7822 -30.8502 3.52548
88.7543 -30.9328 3.51992
88.7484 -30.8133 3.52262
88.7447 -30.8749 3.52223
88.7812 -30.809 3.52399
88.6707 -30.8466 3.52095
88.7208 -30.885 3.52667
88.7638 -30.8217 3.52067
88.7519 -30.8246 3.52062
88.7469 -30.9398 3.52135
88.7319 -30.8264 3.5232
88.7012 -30.9291 3.51962
88.775 -30.8586 3.52037
88.6239 -30.7938 3.52112
88.6592 -30.8543 3.52303
88.7159 -30.8138 3.52133
88.6403 -30.7963 3.52244
88.7478 -30.8175 3.52381
88.7576 -30.8491 3.52233
88.8139 -30.8072 3.52347
88.651 -30.7805 3.52285
88.6924 -30.8066 3.52422
88.8041 -30.8148 3.52102
88.7451 -30.8128 3.52458
88.768 -30.8049 3.52339
88.6224 -30.7792 3.52228
88.6241 -30.7794 3.52206
88.6444 -30.8148 3.52588
88.6487 -30.8111 3.52576
88.7356 -30.8302 3.52436
88.689 -30.8324 3.52127
88.755 -30.8632 3.52561
88.7052 -30.7798 3.52655
88.7015 -30.7852 3.52654
88.7354 -30.7723 3.52269
88.7501 -30.7686 3.52252
88.7531 -30.7686 3.52224
88.726 -30.8131 3.52779
88.6669 -30.8062 3.52232
88.6646 -30.8047 3.52225
88.7655 -30.8588 3.52075
88.7398 -30.8859 3.52136
88.8107 -30.9014 3.5225
88.813 -30.905 3.52236
88.8492 -30.8632 3.52237
88.7648 -30.7985 3.52268
88.764 -30.7984 3.52545
88.7475 -30.8445 3.52157
88.7381 -30.7865 3.52447
88.6838 -30.7929 3.52301
88.6771 -30.8088 3.52228
88.6828 -30.79 3.52159
88.6776 -30.8249 3.52073
88.6736 -30.819 3.52064
88.6986 -30.7797 3.52118
88.6943 -30.781 3.52127
88.8008 -30.8324 3.52115
88.7025 -30.8891 3.51968
88.6634 -30.9201 3.52353
88.8082 -30.7922 3.52307
88.7317 -30.8715 3.52134
88.7202 -30.8637 3.52348
88.7265 -30.8915 3.52028
88.733 -30.8937 3.52016
88.7308 -30.8147 3.52098
88.7268 -30.8163 3.52116
88.708 -30.8145 3.52043
88.7195 -30.811 3.52176
88.7363 -30.8689 3.5266
88.7788 -30.9332 3.522
88.7144 -30.8891 3.52147
88.766 -30.8673 3.52511
88.7635 -30.8703 3.52499
88.7955 -30.9017 3.52017
88.7967 -30.8969 3.52003
88.7691 -30.8243 3.52282
88.768 -30.8196 3.52282
88.751 -30.8589 3.52092
88.7727 -30.8332 3.52349
88.7588 -30.7906 3.52249
88.7351 -30.7986 3.52369
88.7004 -30.8061 3.52174
88.7001 -30.8033 3.52178
88.7058 -30.8347 3.52175
88.7696 -30.8293 3.52403
88.7751 -30.8321 3.52384
88.721 -30.8993 3.52101
88.7082 -30.89 3.52101
88.6986 -30.8671 3.52081
88.7813 -30.8293 3.5227
88.7499 -30.8953 3.52483
88.7997 -30.9296 3.52059
88.8751 -30.9444 3.52201
88.7095 -30.7564 3.52273
88.7172 -30.759 3.52289
88.7076 -30.7629 3.52296
88.678 -30.8293 3.52403
88.7738 -30.8757 3.52203
88.7703 -30.8767 3.52397
88.6495 -30.8487 3.52215
88.7607 -30.8659 3.52534
88.7315 -30.8011 3.52228
88.7668 -30.8055 3.52168
88.7676 -30.8023 3.52199
88.8319 -30.9013 3.52406
88.7654 -30.8273 3.52351
88.7603 -30.9454 3.52451
88.7338 -30.8184 3.5231
88.7907 -30.8526 3.52178
88.6268 -30.7864 3.52267
88.621 -30.7844 3.52245
88.7827 -30.8983 3.52632
88.7247 -30.8166 3.52403
88.7236 -30.8201 3.52412
88.7601 -30.8168 3.52204
88.5558 -30.7054 3.52216
88.7755 -30.8315 3.52407
88.7807 -30.8313 3.52394
88.758 -30.7917 3.52154
88.6807 -30.8279 3.52125
88.6787 -30.8272 3.52108
88.6799 -30.8262 3.52123
88.716 -30.8291 3.52388
88.8161 -30.8022 3.52038
88.6841 -30.9119 3.5246
88.7186 -30.8776 3.52191
88.7153 -30.8432 3.52407
88.6459 -30.9301 3.52283
88.6465 -30.9312 3.52277
88.7264 -30.9514 3.52182
88.738 -30.8925 3.52287
88.7598 -30.8724 3.52212
88.8332 -30.8038 3.5236
88.783 -30.8305 3.5271
88.7605 -30.8332 3.52502
88.7438 -30.7936 3.52041
88.6897 -30.7625 3.52427
88.646 -30.905 3.52144
88.7534 -30.8468 3.51956
88.7506 -30.8073 3.52127
88.6405 -30.7826 3.52108
88.7669 -30.8562 3.5236
88.6702 -30.8643 3.52192
88.7682 -30.8735 3.52282
88.7662 -30.8745 3.52274
88.7301 -30.8166 3.51909
88.7988 -30.8567 3.52039
88.7199 -30.8101 3.52052
88.7319 -30.8294 3.52186
88.7726 -30.8431 3.52141
88.768 -30.8331 3.52157
88.6852 -30.7449 3.52223
88.7029 -30.7812 3.52227
88.7783 -30.9135 3.52054
88.7984 -30.9298 3.52056
88.7485 -30.8578 3.52108
88.7507 -30.8534 3.52114
88.7338 -30.7931 3.52554
88.6967 -30.7622 3.52145
88.7925 -30.8079 3.52112
88.7976 -30.8133 3.52386
88.7459 -30.9025 3.52301
88.6908 -30.7992 3.52445
88.768 -30.8049 3.52507
88.8382 -30.8029 3.52192
88.7169 -30.7893 3.52452
88.7362 -30.8884 3.52182
88.7686 -30.8626 3.52221
88.7815 -30.8591 3.52083
88.709 -30.7522 3.52443
88.7327 -30.8774 3.52393
88.7327 -30.7624 3.52194
88.729 -30.768 3.52202
88.7816 -30.8524 3.52531
88.7435 -30.8726 3.52403
88.6847 -30.9325 3.52294
88.7398 -30.948 3.52304
88.7432 -30.8186 3.52246
88.6726 -30.8206 3.52336
88.7732 -30.8937 3.52346
88.7845 -30.8692 3.52442
88.7195 -30.8527 3.51845
88.7601 -30.8569 3.52144
88.7647 -30.8584 3.52131
88.7292 -30.8214 3.52313
88.7809 -30.8412 3.52256
88.7 -30.9335 3.51956
88.6996 -30.9365 3.5197
88.7698 -30.861 3.52032
88.7679 -30.8539 3.52045
88.7804 -30.8847 3.52222
88.6656 -30.8567 3.52313
88.8635 -30.8354 3.52027
88.6335 -30.7996 3.52232
88.6403 -30.7924 3.52237
88.6398 -30.7956 3.52233
88.7449 -30.772 3.522
88.7907 -30.9227 3.52079
88.6442 -30.7827 3.52275
88.7748 -30.8784 3.51987
88.7723 -30.8801 3.51985
88.7748 -30.8691 3.52377
88.7817 -30.8711 3.52405
88.7662 -30.8051 3.5232
88.6211 -30.7797 3.52247
88.7366 -30.8251 3.52439
88.6944 -30.836 3.52128
88.7576 -30.8596 3.52554
88.7935 -30.9386 3.51718
88.6381 -30.8988 3.52086
88.6984 -30.7894 3.52646
88.7018 -30.7882 3.52628
88.7888 -30.802 3.52102
88.8341 -30.8392 3.5216
88.726 -30.8068 3.52782
88.6631 -30.8033 3.52214
88.7444 -30.8913 3.52166
88.7201 -30.778 3.51888
88.7413 -30.8426 3.52344
88.7006 -30.8336 3.52236
88.7708 -30.8365 3.52232
88.6923 -30.7976 3.52304
88.7842 -30.8624 3.52485
88.6789 -30.7834 3.52168
88.6776 -30.8217 3.52064
88.6999 -30.7776 3.52112
88.7746 -30.8444 3.52241
88.7989 -30.8758 3.52097
88.8165 -30.8119 3.52341
88.702 -30.889 3.51971
88.7057 -30.8888 3.51954
88.8068 -30.7921 3.52306
88.8492 -30.82 3.52411
88.7274 -30.8191 3.52075
88.6469 -30.7435 3.52273
88.6493 -30.7357 3.52262
88.7344 -30.8622 3.52686
88.7914 -30.7912 3.52045
88.818 -30.8781 3.52184
88.7133 -30.8821 3.52141
88.6938 -30.8055 3.51999
88.7538 -30.8051 3.5235
88.7679 -30.8227 3.52251
88.7824 -30.869 3.524
88.7736 -30.8919 3.52618
88.7629 -30.8626 3.52318
88.8103 -30.8483 3.5252
88.763 -30.8341 3.52332
88.7838 -30.8025 3.52247
88.7244 -30.792 3.52353
88.6946 -30.8065 3.52159
88.6963 -30.8019 3.52179
88.7124 -30.8605 3.52409
88.7014 -30.8353 3.52166
88.7683 -30.8794 3.52485
88.8208 -30.8833 3.52349
88.7996 -30.9506 3.51893
88.7094 -30.8853 3.52114
88.6396 -30.8579 3.52143
88.7866 -30.8336 3.52025
88.7456 -30.8148 3.51853
88.7532 -30.8336 3.52265
88.7085 -30.7587 3.52259
88.6733 -30.895 3.52474
88.673 -30.825 3.52393
88.8917 -30.8232 3.5223
88.7541 -30.878 3.52171
88.7465 -30.8791 3.52149
88.7709 -30.8562 3.5234
88.6544 -30.8478 3.52218
88.6551 -30.8417 3.5221
88.6285 -30.9144 3.52435
88.6504 -30.7422 3.5236
88.7712 -31.0004 3.51962
88.7144 -30.7765 3.51891
88.7606 -30.8006 3.52176
88.767 -30.8045 3.52186
88.7698 -30.8005 3.52176
88.8027 -30.8975 3.52162
88.737 -30.8163 3.52311
88.7367 -30.8109 3.52297
88.7624 -30.802 3.52364
88.6252 -30.7825 3.52253
88.7938 -30.9146 3.52192
88.7275 -30.7662 3.51933
88.7293 -30.8565 3.52199
88.7276 -30.8198 3.52421
88.7596 -30.8186 3.52213
88.7669 -30.875 3.52524
88.7549 -30.7953 3.52131
88.6566 -30.7917 3.52112
88.6954 -30.7595 3.52124
88.6902 -30.9076 3.52439
88.6941 -30.9081 3.5246
88.7148 -30.8855 3.52175
88.7115 -30.845 3.52423
88.7836 -30.8788 3.52156
88.6469 -30.9344 3.52263
88.6521 -30.8598 3.52007
88.7241 -30.8927 3.52416
88.6948 -30.8271 3.52353
88.6832 -30.9004 3.52416
88.6819 -30.9001 3.5241
88.5862 -30.8822 3.52329
88.793 -30.8572 3.52206
88.7341 -30.8144 3.51836
88.7647 -30.8026 3.52374
88.6912 -30.756 3.52417
88.6463 -30.904 3.52139
88.8113 -30.893 3.5257
88.6463 -30.7826 3.52142
88.7403 -30.9622 3.52314
88.7371 -30.9666 3.52323
88.6766 -30.8597 3.52199
88.8075 -30.8467 3.52619
88.7292 -30.8834 3.52603
88.7192 -30.8194 3.52029
88.7345 -30.8265 3.52203
88.7707 -30.8704 3.51994
88.7696 -30.8688 3.51988
88.6881 -30.7499 3.52236
88.6784 -30.7411 3.52223
88.6828 -30.7657 3.52228
88.7016 -30.7893 3.52216
88.7133 -30.8747 3.52125
88.8021 -30.9383 3.52056
88.6955 -30.7609 3.5215
88.7968 -30.8138 3.52409
88.8026 -30.809 3.524
88.7541 -30.9034 3.52294
88.7854 -30.8785 3.52571
88.7832 -30.8856 3.52571
88.6916 -30.8045 3.52456
88.7871 -30.9055 3.52611
88.7687 -30.8047 3.52501
88.8399 -30.8073 3.52225
88.7081 -30.7876 3.52438
88.7481 -30.7748 3.52308
88.737 -30.8844 3.52191
88.6842 -30.8167 3.52636
88.6848 -30.8169 3.52633
88.7114 -30.7528 3.52431
88.8021 -30.8267 3.52267
88.7265 -30.7667 3.52211
88.7421 -30.8743 3.52411
88.6906 -30.9309 3.5232
88.7511 -30.9308 3.52002
88.6707 -30.8179 3.52343
88.7416 -30.8788 3.52248
88.814 -30.8865 3.52448
88.7287 -30.8523 3.51856
88.7513 -30.8208 3.52069
88.7593 -30.8589 3.52128
88.7481 -30.9374 3.52141
88.714 -30.8656 3.52229
88.7819 -30.8373 3.52254
88.704 -30.936 3.51957
88.7593 -30.8639 3.5216
88.6198 -30.7934 3.52122
88.6663 -30.8537 3.52301
88.6395 -30.7987 3.52238
88.7444 -30.7701 3.52203
89.5746 -33.8328 3.5208
