-5.51494 -95.4055 3.00939
-5.54211 -95.291 3.00922
-5.54173 -95.2931 3.00942
-5.58467 -95.3683 3.00764
-5.51919 -95.2588 3.00656
-5.6739 -95.2507 3.01246
-5.6262 -95.221 3.00737
-5.55945 -95.3596 3.00959
-5.46977 -95.4041 3.00926
-5.43465 -95.4378 3.00732
-5.61318 -95.2706 3.00272
-5.60395 -95.2766 3.01387
-5.4758 -95.3201 3.01061
-5.46778 -95.3202 3.01047
-5.60835 -95.2292 3.01112
-5.4304 -95.2964 3.00999
-5.51282 -95.4168 3.00995
-5.68819 -95.3295 3.00905
-5.53444 -95.4144 3.01153
-5.56969 -95.3976 3.01002
-5.54411 -95.3408 3.01185
-5.60662 -95.5541 3.00972
-5.55723 -95.4536 3.00952
-5.60021 -95.3824 3.00524
-5.54906 -95.3905 3.0105
-5.56599 -95.3954 3.01163
-5.58563 -95.3331 3.00928
-5.46652 -95.3292 3.01229
-5.56284 -95.3825 3.0074
-5.50209 -95.3432 3.01124
-5.49988 -95.3387 3.01123
-5.55147 -95.3338 3.01134
-5.6065 -95.3291 3.01032
-5.66181 -95.263 3.00611
-5.46311 -95.3723 3.00959
-5.48946 -95.3851 3.00885
-5.62019 -95.2535 3.00873
-5.60688 -95.2606 3.00739
-5.63568 -95.3839 3.00867
-5.55222 -95.4904 3.00629
-5.52835 -95.4231 3.00633
-5.47296 -95.3787 3.00506
-5.38384 -95.416 3.01211
-5.64346 -95.2733 3.00856
-5.64567 -95.2692 3.00855
-5.53955 -95.3942 3.00427
-5.53405 -95.3237 3.00971
-5.53272 -95.3234 3.00981
-5.5036 -95.4401 3.00917
-5.59914 -95.4316 3.01022
-5.64811 -95.3588 3.01061
-5.51879 -95.3243 3.01074
-5.51891 -95.3248 3.0108
-5.43182 -95.4007 3.00989
-5.43892 -95.3965 3.00988
-5.60471 -95.3116 3.00826
-5.50613 -95.3225 3.0105
-5.54341 -95.4242 3.01077
-5.53506 -95.4246 3.00917
-5.61641 -95.4497 3.00914
-5.61036 -95.327 3.00816
-5.54598 -95.3601 3.00427
-5.40128 -95.3769 3.00644
-5.39489 -95.3774 3.01473
-5.38637 -95.3782 3.01471
-5.60538 -95.3477 3.01132
-5.54442 -95.3441 3.00957
-5.55045 -95.2908 3.01084
-5.55595 -95.3153 3.00826
-5.49526 -95.3222 3.00969
-5.49901 -95.3269 3.00962
-5.61571 -95.3067 3.0119
-5.57613 -95.2703 3.00589
-5.57784 -95.2806 3.01159
-5.53875 -95.3838 3.01259
-5.56367 -95.3549 3.00502
-5.425 -95.3204 3.0083
-5.42619 -95.3171 3.00822
-5.39322 -95.3473 3.01009
-5.60699 -95.3974 3.00814
-5.58841 -95.2406 3.01146
-5.64512 -95.2502 3.00984
-5.43456 -95.4562 3.01308
-5.53715 -95.2903 3.01296
-5.53128 -95.3657 3.0115
-5.41732 -95.4234 3.01238
-5.57494 -95.3166 3.00832
-5.57222 -95.3128 3.0085
-5.45413 -95.3432 3.00671
-5.47585 -95.3959 3.00611
-5.60025 -95.3774 3.01179
-5.40836 -95.2771 3.01008
-5.54569 -95.3004 3.01281
-5.50691 -95.3622 3.00632
-5.49548 -95.344 3.00936
-5.56475 -95.315 3.0078
-5.5603 -95.31 3.00766
-5.47413 -95.3632 3.01255
-5.55546 -95.3258 3.01168
-5.54479 -95.3824 3.00909
-5.49034 -95.4751 3.01038
-5.62881 -95.2688 3.00627
-5.5559 -95.391 3.00518
-5.44122 -95.4648 3.00624
-5.50166 -95.2521 3.00788
-5.50385 -95.4057 3.01092
-5.50116 -95.4031 3.01081
-5.56863 -95.2176 3.00811
-5.5287 -95.3545 3.01064
-5.53187 -95.2914 3.01154
-5.60836 -95.358 3.00851
-5.42463 -95.45 3.01287
-5.56468 -95.3621 3.00822
-5.58394 -95.4376 3.01248
-5.57398 -95.3957 3.01047
-5.52956 -95.3078 3.00866
-5.61135 -95.2938 3.00648
-5.64362 -95.255 3.00824
-5.43292 -95.4512 3.01211
-5.48482 -95.33 3.00944
-5.56716 -95.2689 3.00905
-5.47448 -95.287 3.00925
-5.47063 -95.2903 3.00937
-5.45391 -95.3149 3.00851
-5.59597 -95.3759 3.00802
-5.57447 -95.3313 3.00533
-5.5605 -95.4014 3.00838
-5.52814 -95.4159 3.01038
-5.62827 -95.3091 3.00761
-5.43392 -95.4966 3.00972
-5.50388 -95.399 3.00968
-5.41465 -95.4038 3.0154
-5.5762 -95.3644 3.01008
-5.60649 -95.2298 3.00966
-5.54034 -95.3747 3.00773
-5.59591 -95.3753 3.01058
-5.53309 -95.4028 3.00859
-5.63633 -95.3263 3.00748
-5.53087 -95.434 3.00919
-5.61626 -95.3224 3.00544
-5.54912 -95.2984 3.0078
-5.55776 -95.4841 3.01066
-5.57346 -95.3405 3.0079
-5.56066 -95.326 3.00953
-5.5869 -95.2938 3.00734
-5.58833 -95.3 3.00752
-5.61068 -95.3939 3.0093
-5.50815 -95.2468 3.0119
-5.64906 -95.3943 3.00888
-5.62509 -95.4313 3.01002
-5.48791 -95.354 3.01224
-5.57409 -95.3868 3.01092
-5.59086 -95.3349 3.00967
-5.58484 -95.3846 3.00639
-5.58755 -95.3656 3.0107
-5.63911 -95.4166 3.00892
-5.51982 -95.3655 3.00569
-5.56093 -95.2424 3.01239
-5.56366 -95.2476 3.0119
-5.56628 -95.2479 3.01222
-5.46826 -95.3854 3.01082
-5.42742 -95.3803 3.0104
-5.50755 -95.4613 3.00822
-5.45444 -95.3135 3.00893
-5.52939 -95.2775 3.01036
-5.57017 -95.3545 3.00985
-5.6232 -95.1988 3.00956
-5.5116 -95.3972 3.00932
-5.44817 -95.304 3.00886
-5.54156 -95.2921 3.00927
-5.54484 -95.2917 3.00916
-5.37438 -95.4249 3.00953
-5.52591 -95.2647 3.00676
-5.66874 -95.2488 3.01224
-5.52323 -95.3664 3.01094
-5.63028 -95.2202 3.00728
-5.49475 -95.3108 3.00861
-5.46591 -95.4807 3.0081
-5.50166 -95.4278 3.01014
-5.59543 -95.2853 3.01386
-5.60876 -95.2238 3.01124
-5.49572 -95.3785 3.00751
-5.56782 -95.3787 3.01223
-5.42594 -95.2957 3.00994
-5.54925 -95.3483 3.01118
-5.51405 -95.4279 3.01032
-5.75707 -95.314 3.00669
-5.68636 -95.3257 3.009
-5.62841 -95.4508 3.00899
-5.63063 -95.452 3.00892
-5.5236 -95.3862 3.00869
-5.55184 -95.3464 3.01207
-5.56904 -95.4343 3.00948
-5.53461 -95.3935 3.00516
-5.59928 -95.3843 3.00521
-5.48477 -95.3792 3.01104
-5.5662 -95.3963 3.01162
-5.58513 -95.3332 3.00915
-5.59974 -95.3761 3.00945
-5.66609 -95.2657 3.01018
-5.50547 -95.4159 3.00723
-5.60503 -95.3263 3.01044
-5.60219 -95.3223 3.01055
-5.54606 -95.3446 3.00765
-5.65627 -95.2595 3.00615
-5.65577 -95.2563 3.00624
-5.51861 -95.3627 3.01416
-5.61607 -95.2486 3.00867
-5.40947 -95.4292 3.01348
-5.63652 -95.3651 3.00851
-5.58442 -95.3968 3.00827
-5.53362 -95.3342 3.00898
-5.5266 -95.3395 3.00908
-5.47836 -95.3856 3.00511
-5.38529 -95.4167 3.01187
-5.53629 -95.3253 3.01006
-5.53495 -95.4002 3.00803
-5.49202 -95.4137 3.00978
-5.52947 -95.376 3.00521
-5.52975 -95.3739 3.00511
-5.53778 -95.3749 3.00818
-5.56975 -95.2226 3.01053
-5.5829 -95.3998 3.00783
-5.51739 -95.3216 3.01083
-5.42958 -95.3979 3.00988
-5.50985 -95.3264 3.01049
-5.50554 -95.3212 3.01048
-5.63951 -95.336 3.01184
-5.68578 -95.2931 3.01205
-5.53432 -95.1976 3.01323
-5.61197 -95.4503 3.00903
-5.63454 -95.4107 3.00776
-5.44305 -95.463 3.01067
-5.52776 -95.4156 3.01289
-5.52893 -95.4096 3.01267
-5.50867 -95.4567 3.00554
-5.63823 -95.4243 3.00944
-5.5432 -95.3478 3.00961
-5.54759 -95.3726 3.0111
-5.60518 -95.3147 3.01082
-5.50121 -95.4905 3.00889
-5.55865 -95.3145 3.00823
-5.49174 -95.3294 3.00969
-5.52149 -95.4838 3.00643
-5.44108 -95.296 3.0107
-5.41421 -95.4186 3.0082
-5.60169 -95.4008 3.00823
-5.58734 -95.2386 3.01127
-5.57185 -95.3502 3.00697
-5.52894 -95.3699 3.01155
-5.45504 -95.3793 3.00998
-5.33126 -95.387 3.00843
-5.41382 -95.4323 3.008
-5.57561 -95.4222 3.01158
-5.57547 -95.4223 3.01147
-5.57597 -95.4162 3.0114
-5.45719 -95.3861 3.00785
-5.58445 -95.3585 3.01297
-5.436 -95.2175 3.00917
-5.43165 -95.224 3.00929
-5.50782 -95.3522 3.0065
-5.54387 -95.3359 3.00607
-5.55832 -95.3133 3.00774
-5.5471 -95.325 3.01169
-5.54378 -95.3788 3.00934
-5.53929 -95.4096 3.00854
-5.54363 -95.4098 3.0085
-5.61976 -95.2747 3.00617
-5.61931 -95.2734 3.00625
-5.55898 -95.3907 3.00538
-5.50678 -95.2558 3.00798
-5.50092 -95.3998 3.01086
-5.57202 -95.212 3.00785
-5.53122 -95.2909 3.0116
-5.54799 -95.3752 3.00981
-5.43505 -95.4433 3.00608
-5.42412 -95.45 3.01264
-5.55757 -95.3566 3.00785
-5.57508 -95.3995 3.01077
-5.61503 -95.3716 3.01248
-5.46132 -95.3092 3.01061
-5.46444 -95.3135 3.01052
-5.64749 -95.2735 3.00684
-5.52171 -95.4049 3.01048
-5.52429 -95.4026 3.01016
-5.44435 -95.3723 3.01185
-5.66612 -95.4566 3.00671
-5.46172 -95.321 3.00868
-5.4023 -95.3227 3.00657
-5.56347 -95.4041 3.00808
-5.50991 -95.3622 3.00717
-5.59171 -95.3947 3.00786
-5.44289 -95.404 3.00711
-5.46359 -95.4089 3.01339
-5.5952 -95.2667 3.00859
-5.62063 -95.4008 3.00862
-5.57443 -95.3075 3.00702
-5.53201 -95.427 3.00919
-5.61705 -95.3575 3.01227
-5.51914 -95.378 3.00757
-5.5813 -95.3403 3.01099
-5.57272 -95.3467 3.01019
-5.57426 -95.3386 3.00777
-5.49231 -95.3728 3.01154
-5.55997 -95.3205 3.00959
-5.4873 -95.2889 3.01204
-5.48947 -95.2653 3.00998
-5.48565 -95.2719 3.00994
-5.59752 -95.3532 3.00961
-5.61827 -95.3248 3.01082
-5.50365 -95.2484 3.01201
-5.46623 -95.3479 3.00902
-5.61764 -95.425 3.0099
-5.48147 -95.3028 3.00797
-5.4613 -95.4711 3.0071
-5.57205 -95.388 3.01091
-5.51441 -95.4373 3.00544
-5.56451 -95.3798 3.01071
-5.75335 -95.4744 3.00643
-5.58461 -95.3867 3.0064
-5.62797 -95.4719 3.00713
-5.56198 -95.25 3.01235
-5.61671 -95.2604 3.00852
-5.61715 -95.2564 3.00859
-5.58043 -95.3245 3.00667
-5.56125 -95.4993 3.01067
-5.59467 -95.3068 3.01088
-5.60228 -95.3035 3.01087
-5.55872 -95.328 3.00945
-5.58105 -95.353 3.00974
-5.51297 -95.4014 3.00925
-5.58744 -95.3885 3.01016
-5.44693 -95.3076 3.0089
-5.5262 -95.2673 3.00327
-5.51864 -95.3719 3.01089
-5.6335 -95.2184 3.00716
-5.55994 -95.3609 3.00947
-5.59015 -95.3522 3.01215
-5.6223 -95.3092 3.01022
-5.63301 -95.3295 3.00995
-5.48062 -95.3183 3.01053
-5.49397 -95.3815 3.0076
-5.4279 -95.3002 3.00981
-5.42882 -95.2929 3.00977
-5.51346 -95.4235 3.01019
-5.6924 -95.3227 3.00898
-5.69185 -95.3239 3.00896
-5.52513 -95.4742 3.00747
-5.53809 -95.4114 3.01144
-5.53151 -95.3861 3.00852
-5.54572 -95.3436 3.01208
-5.54256 -95.3395 3.01221
-5.54404 -95.3438 3.00708
-5.56974 -95.3469 3.01039
-5.57403 -95.3458 3.01043
-5.52946 -95.4078 3.01112
-5.56892 -95.3979 3.01151
-5.50754 -95.3121 3.00795
-5.49847 -95.32 3.00775
-5.64916 -95.283 3.01011
-5.68666 -95.2195 3.01303
-5.50565 -95.4278 3.0089
-5.56756 -95.3813 3.00738
-5.55715 -95.2979 3.00515
-5.66376 -95.2687 3.01006
-5.50272 -95.34 3.01114
-5.5027 -95.3356 3.01105
-5.49985 -95.3444 3.01115
-5.50304 -95.3425 3.01135
-5.55357 -95.3382 3.01148
-5.65247 -95.3132 3.01046
-5.6613 -95.3168 3.01061
-5.46519 -95.3808 3.00934
-5.54958 -95.3853 3.01322
-5.54846 -95.3786 3.01332
-5.61796 -95.2525 3.00862
-5.60797 -95.2537 3.00729
-5.4084 -95.4258 3.01323
-5.58318 -95.4014 3.00821
-5.52926 -95.3376 3.0091
-5.49904 -95.4321 3.00892
-5.50558 -95.4381 3.00902
-5.58385 -95.3839 3.00703
-5.50479 -95.4388 3.00916
-5.48603 -95.4133 3.0096
-5.56526 -95.2214 3.01053
-5.52188 -95.3214 3.01063
-5.50579 -95.4129 3.01118
-5.43718 -95.3715 3.01019
-5.46539 -95.5638 3.01401
-5.64562 -95.4431 3.01128
-5.50404 -95.3251 3.01058
-5.54398 -95.4233 3.01106
-5.52895 -95.4246 3.0092
-5.53337 -95.4241 3.00933
-5.48156 -95.4955 3.01308
-5.53637 -95.1923 3.01325
-5.61825 -95.4492 3.00897
-5.60997 -95.3301 3.00832
-5.63552 -95.4071 3.00779
-5.63851 -95.4063 3.0077
-5.55489 -95.3621 3.00426
-5.55203 -95.3966 3.01175
-5.52112 -95.3436 3.00637
-5.53816 -95.3503 3.00953
-5.60753 -95.3149 3.01094
-5.71886 -95.4337 3.00538
-5.50047 -95.3234 3.00971
-5.61166 -95.307 3.01198
-5.71108 -95.4018 3.00663
-5.57452 -95.2749 3.0115
-5.54921 -95.3942 3.0126
-5.54963 -95.3882 3.01277
-5.54765 -95.3943 3.0128
-5.44928 -95.2979 3.01052
-5.41208 -95.422 3.00822
-5.66085 -95.2771 3.01151
-5.6477 -95.2506 3.00987
-5.53752 -95.1868 3.00929
-5.57514 -95.3472 3.0072
-5.59827 -95.4336 3.0076
-5.41589 -95.4243 3.01241
-5.45657 -95.3774 3.00995
-5.45774 -95.3742 3.00996
-5.4544 -95.3707 3.01009
-5.44155 -95.3601 3.00872
-5.44118 -95.3683 3.00888
-5.47151 -95.4009 3.00639
-5.58764 -95.3138 3.00825
-5.59093 -95.3189 3.00836
-5.60182 -95.3769 3.01202
-5.40681 -95.2731 3.01017
-5.42668 -95.2227 3.00921
-5.39356 -95.4254 3.01029
-5.48761 -95.3421 3.00952
-5.46507 -95.3661 3.01271
-5.55311 -95.3261 3.01166
-5.55467 -95.3792 3.00942
-5.48302 -95.4799 3.01465
-5.50381 -95.2481 3.00787
-5.58646 -95.3975 3.00766
-5.58878 -95.2967 3.01281
-5.52497 -95.3538 3.01052
-5.53042 -95.2924 3.01183
-5.68376 -95.3615 3.01001
-5.4742 -95.3688 3.00679
-5.56957 -95.395 3.01057
-5.52803 -95.3102 3.0084
-5.49597 -95.374 3.00915
-5.64609 -95.2572 3.00813
-5.47977 -95.3276 3.00942
-5.56468 -95.2694 3.00885
-5.66661 -95.4559 3.00676
-5.47157 -95.2904 3.00943
-5.4774 -95.29 3.00914
-5.47179 -95.2929 3.00926
-5.59806 -95.381 3.00798
-5.39763 -95.3154 3.00644
-5.592 -95.3221 3.01027
-5.46469 -95.4184 3.00955
-5.46032 -95.4144 3.00924
-5.59518 -95.3909 3.00774
-5.49166 -95.4925 3.00892
-5.41315 -95.4572 3.01349
-5.58139 -95.3536 3.00985
-5.60709 -95.232 3.00947
-5.58932 -95.3686 3.01049
-5.57323 -95.3096 3.00675
-5.57458 -95.3121 3.00685
-5.63469 -95.3302 3.00743
-5.36113 -95.4183 3.01026
-5.61594 -95.326 3.00561
-5.55435 -95.3053 3.00802
-5.58205 -95.3445 3.01089
-5.45404 -95.4156 3.01118
-5.48584 -95.29 3.01228
-5.58567 -95.2944 3.0072
-5.60449 -95.3961 3.00937
-5.60525 -95.412 3.01133
-5.50815 -95.2449 3.01231
-5.47558 -95.3447 3.00907
-5.49223 -95.357 3.01237
-5.41762 -95.457 3.01186
-5.52374 -95.4358 3.00549
-5.61459 -95.2517 3.01029
-5.56578 -95.38 3.01062
-5.51875 -95.3924 3.00806
-5.6508 -95.3969 3.00881
-5.52198 -95.3603 3.00543
-5.44463 -95.5443 3.01136
-5.47003 -95.4707 3.00845
-5.64068 -95.3252 3.0097
-5.61124 -95.3604 3.01013
-5.42988 -95.3758 3.01017
-5.51251 -95.4041 3.00847
-5.56614 -95.4969 3.01066
-5.45155 -95.3184 3.00882
-5.5262 -95.2792 3.01029
-5.55815 -95.3246 3.00959
-3.75148 -95.9515 3.02128
