229.775 27.2628 0.0823846
229.726 27.1151 0.0789844
229.796 27.0858 0.0803447
229.816 27.2316 0.0777421
229.705 27.2073 0.0782913
229.718 27.1758 0.0771123
229.738 27.2189 0.0810512
229.765 27.1245 0.0783077
229.728 27.155 0.0798321
229.763 27.1495 0.0787375
229.739 27.1002 0.0777352
229.699 27.0857 0.0742806
229.628 27.1857 0.0798972
229.775 27.1513 0.0798044
229.672 27.1835 0.0807613
229.828 27.2383 0.076255
229.76 27.2491 0.074889
229.778 27.1633 0.0796127
229.667 27.1151 0.0794807
229.64 27.18 0.0796626
229.75 27.2697 0.0799452
229.758 27.1466 0.0765525
229.76 27.1024 0.079889
229.704 27.1825 0.0795452
229.695 27.3437 0.0806508
229.74 27.1709 0.0796954
229.759 27.188 0.0800981
229.769 27.1147 0.0767538
229.756 27.111 0.077083
229.622 27.142 0.0814368
229.705 27.0188 0.0783508
229.858 27.2295 0.0743639
229.716 27.1221 0.077644
229.858 27.1936 0.0807509
229.798 27.1504 0.0767986
229.79 27.0969 0.0785007
229.767 27.1365 0.0804094
229.69 27.105 0.080853
229.826 27.1701 0.0795691
229.738 27.1789 0.0799778
229.628 27.0561 0.0798662
229.75 27.1238 0.0796482
229.722 27.2141 0.0797146
229.73 27.203 0.0791102
229.666 27.2034 0.0805808
229.709 27.2249 0.0812189
229.796 27.1676 0.0779677
229.752 27.0954 0.0778319
229.689 27.273 0.0797287
229.715 27.1956 0.0755683
229.684 27.217 0.078795
229.609 27.0863 0.0800184
229.84 27.1673 0.0825581
229.868 27.2318 0.0767717
229.772 27.1838 0.080006
229.768 27.2496 0.0800121
229.736 27.1703 0.0765548
229.651 27.1928 0.079749
229.824 27.1275 0.0761
229.763 27.2257 0.0792876
229.68 27.2372 0.0831266
229.676 27.214 0.0795603
229.773 26.9973 0.0779546
229.789 27.0827 0.0809081
229.761 27.2054 0.0778519
229.738 27.2273 0.0785653
229.729 27.076 0.0803311
229.799 27.2181 0.0774764
229.738 27.1747 0.0786341
229.703 27.1448 0.0794598
229.838 27.1106 0.076357
229.741 27.2085 0.0769212
229.63 27.2154 0.0787995
229.623 27.1694 0.0768862
229.735 27.0528 0.0789401
229.731 27.2234 0.0792745
229.72 27.2255 0.0798514
229.768 27.2648 0.078362
229.763 27.2444 0.0781857
229.773 27.1508 0.079848
229.796 27.1576 0.0809851
229.685 27.1722 0.0816261
229.757 27.2387 0.0799796
229.799 27.1215 0.0792902
229.778 27.1404 0.0778903
229.807 27.2416 0.0795524
229.829 27.1507 0.0766935
229.799 27.14 0.0790899
229.811 27.1708 0.0775815
229.63 27.2141 0.0799349
229.665 27.206 0.080736
229.809 27.0797 0.0776669
229.647 27.1252 0.0766899
229.636 27.1018 0.078916
229.8 27.129 0.0795603
229.78 27.2954 0.0819683
229.668 27.1988 0.08017
229.802 27.1598 0.080958
229.747 27.0454 0.0733332
229.798 27.1904 0.0776538
229.694 27.1687 0.0791722
229.827 27.0923 0.078949
229.766 27.0544 0.0795785
229.764 27.1842 0.0791954
229.733 27.2355 0.08152
229.721 27.2275 0.079539
229.735 27.1437 0.0777564
229.888 27.1275 0.0811602
229.776 27.1783 0.083356
229.8 27.1311 0.0832732
229.717 27.197 0.0770471
229.667 27.1142 0.0790791
229.708 27.2011 0.0783659
229.689 27.2277 0.0813789
229.704 27.2192 0.0791497
229.76 27.1506 0.0768888
229.67 27.073 0.0742103
229.627 27.1677 0.0770446
229.697 27.1714 0.0776343
229.745 27.1473 0.0770422
229.692 27.1961 0.0783666
229.779 27.2657 0.0776205
229.792 27.282 0.0781234
229.686 27.1606 0.0810786
229.734 27.241 0.0802026
229.705 27.1622 0.080172
229.801 27.1739 0.0766469
229.785 27.181 0.0761948
229.758 27.2383 0.0776702
229.734 27.1097 0.0762984
229.712 27.1852 0.0797829
229.721 27.1374 0.0772506
229.65 27.1634 0.0768435
229.812 27.0712 0.0780226
229.835 27.1542 0.0779538
229.669 27.3066 0.0807105
229.834 27.1493 0.0798997
229.767 27.1841 0.0766126
229.8 27.0733 0.0766115
229.715 27.2056 0.0781704
229.705 27.1977 0.0835905
229.795 27.1834 0.0828169
229.692 27.2169 0.0778916
229.692 27.2213 0.079964
229.894 27.2117 0.0756682
229.751 27.2011 0.0754937
229.765 27.2031 0.0768669
229.757 27.2616 0.0787199
229.776 27.1868 0.0802359
229.8 27.2814 0.0795749
229.6 27.1 0.079714
229.651 27.1318 0.0784803
229.766 27.1644 0.0778421
229.733 27.1664 0.0795277
229.847 27.1458 0.0799065
229.832 27.1656 0.0802617
229.826 27.15 0.0773003
229.733 27.1153 0.0762262
229.713 27.1578 0.0800591
229.738 27.0038 0.0763839
229.802 27.0697 0.0770181
229.839 27.1968 0.0735333
229.682 27.2263 0.0803745
229.754 27.1205 0.0783575
229.747 27.1183 0.0792108
229.831 27.1643 0.0772645
229.686 27.1139 0.0828351
229.821 27.272 0.0754164
229.776 27.2986 0.0788727
229.853 27.2026 0.0756298
229.831 27.2211 0.0764713
229.666 27.1417 0.0805213
229.684 27.1391 0.075569
229.724 27.1721 0.0808968
229.711 27.1561 0.0777418
229.68 27.1611 0.0774031
229.831 27.0984 0.07998
229.678 27.108 0.0802441
229.696 27.0868 0.0808052
229.668 27.1466 0.0798944
229.669 27.1066 0.0800773
229.678 27.0652 0.079488
229.766 27.1605 0.0763628
229.66 27.2827 0.0812016
229.653 27.2594 0.0752753
229.694 27.2003 0.0777914
229.82 27.1285 0.0776477
229.757 27.1749 0.0798178
229.72 27.1333 0.0809883
229.718 27.0827 0.0763226
229.713 27.2369 0.0790916
229.815 27.0826 0.0743589
229.714 27.2599 0.078378
229.758 27.2682 0.0793032
229.84 27.0883 0.0818431
229.816 27.1297 0.0787064
229.755 27.2149 0.0737817
229.838 27.151 0.07686
229.757 27.1872 0.0756891
229.702 27.1029 0.078611
229.733 27.1629 0.0794551
229.823 27.2144 0.0793128
229.774 27.0867 0.0765051
229.781 27.1589 0.0834243
229.784 27.198 0.0785371
229.756 27.2431 0.0800093
229.742 27.219 0.0813286
229.73 27.1227 0.0769404
229.75 27.0709 0.0811831
229.832 27.1956 0.0793989
229.702 27.0422 0.0770377
229.738 27.1056 0.0754452
229.682 27.1767 0.075375
229.662 27.1502 0.0757095
229.783 27.2254 0.078458
229.72 27.1077 0.0801586
229.724 27.1044 0.0782892
229.693 27.1026 0.0785183
229.683 27.2374 0.0805506
229.792 27.2046 0.0801557
229.773 27.1597 0.0826083
229.764 27.0926 0.0805631
229.786 27.0801 0.0803496
229.79 27.0977 0.0784578
229.774 27.1622 0.0783647
229.732 27.1494 0.0782788
229.824 27.0402 0.0764324
229.722 27.1276 0.0777848
229.723 27.1224 0.0795498
229.813 27.0147 0.0793096
229.76 27.1962 0.0745067
229.743 27.128 0.0757616
229.717 27.3219 0.0807859
229.683 27.1915 0.0811146
229.77 27.1238 0.0764708
229.673 27.1982 0.0763015
229.762 27.1168 0.0761967
229.856 27.116 0.0807593
229.768 27.1734 0.078869
229.77 27.068 0.078739
229.833 27.0529 0.0797248
229.841 27.1099 0.0796155
229.774 27.2124 0.0795699
229.718 27.1992 0.0789372
229.778 27.135 0.0807545
229.712 27.1443 0.0783596
229.73 27.1148 0.0773395
229.813 27.1697 0.0796865
229.812 27.1975 0.0803677
229.673 27.1967 0.0754722
229.731 27.2009 0.0742976
229.797 27.2283 0.0816492
229.748 27.1324 0.0748145
229.803 27.2167 0.0783303
229.604 27.1964 0.0789573
229.734 27.2113 0.0800106
229.71 27.2168 0.0799373
229.748 27.1478 0.0782838
229.832 27.072 0.0790223
229.709 27.1447 0.0793132
229.851 27.1353 0.0795688
229.73 27.175 0.0815401
229.722 27.1757 0.0796748
229.767 27.1849 0.0775666
229.698 27.1732 0.0788944
229.786 27.219 0.0807858
229.825 27.2665 0.0773847
229.814 27.1826 0.0786472
229.719 27.076 0.0785332
229.684 27.1039 0.0799569
229.773 27.1495 0.0803082
229.796 27.1739 0.076281
229.737 27.1707 0.0777071
229.666 27.1002 0.0796811
229.648 27.0686 0.0792038
229.706 27.2163 0.0782097
229.787 27.1123 0.0765443
229.83 27.081 0.0761621
229.82 27.1334 0.0785782
229.76 27.1839 0.0802099
229.693 27.1526 0.0793632
229.763 27.1128 0.0775177
229.733 27.1292 0.0769185
229.78 27.1442 0.0771039
229.769 27.2143 0.0799293
229.77 27.1745 0.0770345
229.787 27.0632 0.0785505
229.747 27.0849 0.0747809
229.736 27.1607 0.0782721
229.79 27.2852 0.0743406
229.678 27.2911 0.077307
229.658 27.2691 0.0779422
229.772 27.2478 0.0788094
229.783 27.1808 0.0783266
229.688 27.033 0.0797599
229.799 27.188 0.0803583
229.776 27.1991 0.0784819
229.814 27.2345 0.0769042
229.748 27.2427 0.0800297
229.741 27.2439 0.0785649
229.7 27.1948 0.0767457
229.668 27.2452 0.0772803
229.75 27.2273 0.0809137
229.725 27.1501 0.0787908
229.676 27.2606 0.0796146
229.752 27.0863 0.0785909
229.815 27.1289 0.0771494
229.836 27.1451 0.0757125
229.806 27.2245 0.0778546
229.771 27.1647 0.075402
229.724 27.0568 0.0815872
229.804 27.2084 0.078978
229.778 27.2015 0.0802047
229.843 27.2446 0.0822675
229.709 27.0918 0.080555
229.638 27.2319 0.0790269
229.669 27.2267 0.0796951
229.792 27.2564 0.0825986
229.69 27.1629 0.0778693
229.867 27.2005 0.0773624
229.725 27.1148 0.0774578
229.698 27.1083 0.0776285
229.698 27.2539 0.0786241
229.825 27.1719 0.0788568
229.722 27.162 0.0766162
229.724 27.214 0.079709
229.796 27.174 0.0815161
229.8 27.1884 0.0813996
229.743 27.2148 0.0795731
229.68 27.2058 0.0765459
229.749 27.1547 0.0800434
229.805 27.1388 0.0775094
229.682 27.1987 0.0784749
229.681 27.1738 0.0800855
229.671 27.1647 0.0809723
229.809 27.1337 0.0746703
229.762 27.0668 0.0778893
229.699 27.1251 0.0763626
229.913 27.1662 0.0777958
229.801 27.2149 0.0788511
229.751 27.1562 0.0779134
229.802 27.0795 0.0764915
229.675 27.2135 0.0786136
229.766 27.1689 0.0762311
229.787 27.1809 0.0767319
229.81 27.246 0.0785974
229.824 27.0998 0.0840162
229.892 27.0986 0.0785724
229.681 27.2149 0.0801196
229.778 27.2111 0.0810693
229.745 27.2297 0.0803396
229.8 27.2818 0.0799709
229.803 27.2195 0.0805238
229.79 27.227 0.080378
229.806 27.2522 0.0832718
229.65 27.217 0.0792135
229.659 27.183 0.0779158
229.663 27.1016 0.0814239
229.73 27.1858 0.0780683
229.71 27.1989 0.0739675
229.738 27.1451 0.0780937
229.816 27.1682 0.0779033
229.72 27.1325 0.0785415
229.82 27.1536 0.0796061
229.669 27.1595 0.0789507
229.839 27.1499 0.0755976
229.787 27.1922 0.0767941
229.787 27.1757 0.0783526
229.797 27.0591 0.0770076
229.721 27.2586 0.0785442
229.69 27.1182 0.0824779
229.726 27.0905 0.078196
229.745 27.147 0.0795501
229.713 27.1025 0.0802229
229.81 27.1916 0.078624
229.783 27.2025 0.0748392
229.786 27.2876 0.077573
229.712 27.0419 0.0762778
229.73 27.1195 0.0763206
229.74 27.1812 0.080852
229.782 27.1589 0.0813436
229.743 27.2056 0.0820337
229.707 27.2143 0.0800867
229.862 27.2287 0.080267
229.819 27.1325 0.0778384
229.823 27.0675 0.0806252
229.769 27.218 0.0773312
229.781 27.155 0.0778031
229.731 27.2684 0.0821249
229.719 27.1188 0.0774041
229.799 27.1236 0.0765359
229.737 27.2185 0.0813981
229.791 27.2031 0.0782341
229.702 27.2238 0.0788156
229.708 27.2498 0.0785599
229.803 27.1485 0.0804489
229.757 27.1362 0.0798798
229.696 27.2203 0.076183
229.856 27.1259 0.0776353
229.745 27.228 0.0777782
229.766 27.2608 0.0776736
229.706 27.259 0.0762161
229.718 27.2578 0.0783488
229.627 27.0444 0.0783986
229.611 27.0876 0.0788854
229.665 27.1667 0.078463
229.656 27.336 0.0794866
229.838 27.1912 0.0797748
229.77 27.1939 0.0782674
229.788 27.1449 0.079667
229.735 27.1577 0.0784016
229.78 27.0544 0.0781491
229.774 27.1094 0.0749258
229.68 27.2281 0.0809724
229.752 27.1896 0.0776978
229.773 27.0475 0.0785778
229.72 27.103 0.0786214
229.74 27.1437 0.0775468
229.781 27.0918 0.0802959
229.63 27.1567 0.0821048
229.688 27.1726 0.0817129
229.855 27.1391 0.0829853
229.731 27.0977 0.0812925
229.699 27.1071 0.0776297
229.685 27.1579 0.0800231
229.68 27.164 0.0794171
229.717 27.1548 0.0816854
229.671 27.1507 0.0802594
229.683 27.1393 0.0765091
229.792 27.1279 0.0773726
229.699 27.11 0.0802505
229.676 27.1281 0.078009
229.9 27.2498 0.0779282
229.706 27.0753 0.0779342
229.751 27.1527 0.0757349
229.691 27.1215 0.077764
229.652 27.1137 0.0780371
229.707 27.0905 0.0757056
229.73 27.1733 0.0788309
229.768 27.2261 0.0786803
229.784 27.2331 0.0765796
229.916 27.0972 0.076063
229.791 27.1901 0.0743884
229.729 27.2975 0.0785453
229.814 27.1459 0.0782453
229.675 27.1776 0.0806337
229.706 27.2462 0.0760442
229.73 27.3238 0.0771396
229.767 27.2085 0.0767288
229.903 27.2654 0.0819181
229.786 27.1294 0.0773582
229.719 27.1827 0.081419
229.681 27.0942 0.0819821
229.758 27.3229 0.0782065
229.675 27.2136 0.0799123
229.771 27.1594 0.0775781
229.833 27.1201 0.0810143
229.846 27.2004 0.0807867
229.706 27.0651 0.0770234
229.791 27.1627 0.0754045
229.852 27.1192 0.0824706
229.805 27.0609 0.0794041
229.729 27.1372 0.0794047
229.817 27.1795 0.0795751
229.796 27.2104 0.0776075
229.796 27.1325 0.0747077
229.763 27.0943 0.0781787
229.771 27.0637 0.0774415
229.726 27.2064 0.0769719
229.845 27.1364 0.0747544
229.717 27.0979 0.0750816
229.711 27.2829 0.0801214
229.711 27.2377 0.0808367
229.79 27.093 0.0740321
229.772 27.1265 0.0734678
229.708 27.2393 0.0764907
229.683 27.1963 0.0788138
229.787 27.0926 0.0798292
229.738 27.1516 0.0778869
229.834 27.1928 0.0778408
229.829 27.0948 0.0791376
229.894 27.1311 0.0764613
229.808 27.2448 0.0789916
229.762 27.0743 0.0762821
229.782 27.0935 0.0782275
229.753 27.2798 0.0783977
229.726 27.2075 0.0811769
229.56 27.1789 0.0785212
229.816 27.2765 0.0810259
229.702 27.0888 0.0787029
229.702 27.1534 0.0788009
229.827 27.2684 0.0783587
229.802 27.2452 0.0777141
229.695 27.2222 0.0773861
229.824 27.1688 0.080692
229.757 27.1547 0.0791798
229.695 27.1842 0.075428
229.766 27.2045 0.075935
229.596 27.1886 0.0791894
226.938 31.8348 0.0906771
