278.432 -3.42316 4.37357
278.452 -3.42644 4.37384
278.398 -3.50772 4.37659
278.428 -3.37404 4.37423
278.296 -3.41754 4.37148
278.389 -3.42473 4.37126
278.42 -3.38227 4.37774
278.414 -3.32488 4.37397
278.419 -3.32114 4.37361
278.328 -3.44262 4.37099
278.437 -3.41334 4.37701
278.44 -3.41489 4.377
278.338 -3.33423 4.37375
278.419 -3.37363 4.37438
278.389 -3.44247 4.37209
278.391 -3.43868 4.37203
278.415 -3.47603 4.37558
278.264 -3.45829 4.37199
278.266 -3.45835 4.37203
278.439 -3.4342 4.37457
278.418 -3.33927 4.3756
278.33 -3.4565 4.37288
278.369 -3.42547 4.37546
278.44 -3.47717 4.37343
278.305 -3.37081 4.37277
278.461 -3.44116 4.37545
278.307 -3.45334 4.37212
278.401 -3.44427 4.37271
278.35 -3.53066 4.37253
278.363 -3.45132 4.37324
278.417 -3.41392 4.37501
278.402 -3.38709 4.37407
278.42 -3.27572 4.37624
278.474 -3.49543 4.37615
278.355 -3.43906 4.37416
278.401 -3.51287 4.37341
278.425 -3.41003 4.37419
278.398 -3.37885 4.37791
278.49 -3.4366 4.37515
278.371 -3.46147 4.37313
278.381 -3.32771 4.37471
278.356 -3.48905 4.37138
278.495 -3.41694 4.37482
278.489 -3.45724 4.37219
278.272 -3.46865 4.37402
278.431 -3.42406 4.37312
278.467 -3.4093 4.3755
278.289 -3.51265 4.37239
278.341 -3.49714 4.37267
278.39 -3.47334 4.37414
278.334 -3.42737 4.37452
278.419 -3.42942 4.3739
278.364 -3.43412 4.37462
278.411 -3.37906 4.37583
278.39 -3.3191 4.37507
278.386 -3.41472 4.3741
278.414 -3.43029 4.3748
278.365 -3.51867 4.37634
278.351 -3.46811 4.37478
278.366 -3.4856 4.37578
278.436 -3.37156 4.37557
278.435 -3.4205 4.37453
278.462 -3.36941 4.3747
278.316 -3.50974 4.37384
278.33 -3.53206 4.37278
278.382 -3.55215 4.37396
278.464 -3.43415 4.37479
278.441 -3.45474 4.37765
278.305 -3.42342 4.37154
278.319 -3.38871 4.3712
278.448 -3.44165 4.37709
278.308 -3.47333 4.3719
278.474 -3.42683 4.37236
278.368 -3.34737 4.37364
278.369 -3.46725 4.37539
278.483 -3.33554 4.37424
278.439 -3.3738 4.37284
278.524 -3.35787 4.37565
278.459 -3.38747 4.37201
278.425 -3.40843 4.37552
278.37 -3.4091 4.37124
278.299 -3.45621 4.3697
278.363 -3.38208 4.37311
278.433 -3.35011 4.37617
278.294 -3.4934 4.37111
278.339 -3.46743 4.37539
278.337 -3.46942 4.37533
278.482 -3.44055 4.37656
278.315 -3.43898 4.37389
278.35 -3.33742 4.37214
278.434 -3.36324 4.37597
278.371 -3.5355 4.37302
278.388 -3.39196 4.37607
278.315 -3.51651 4.37248
278.371 -3.47924 4.37596
278.41 -3.51983 4.37377
278.411 -3.44132 4.37291
278.481 -3.47711 4.3738
278.482 -3.47621 4.37383
278.23 -3.38655 4.37141
278.425 -3.43509 4.37376
278.44 -3.37495 4.3751
278.365 -3.3772 4.37092
278.28 -3.42891 4.36879
278.275 -3.42887 4.3688
278.338 -3.42819 4.37327
278.395 -3.46971 4.37273
278.421 -3.35296 4.37167
278.411 -3.37759 4.37575
278.352 -3.40034 4.37399
278.374 -3.4592 4.37358
278.428 -3.34671 4.37832
278.415 -3.32029 4.37638
278.297 -3.53692 4.37211
278.358 -3.38344 4.37509
278.345 -3.43743 4.37211
278.41 -3.40674 4.37486
278.469 -3.37943 4.37289
278.389 -3.45685 4.37323
278.327 -3.50397 4.37206
278.368 -3.49124 4.37592
278.354 -3.46301 4.37354
278.388 -3.38075 4.3764
278.47 -3.37021 4.3777
278.316 -3.49048 4.37238
278.358 -3.34447 4.37698
278.443 -3.43661 4.37583
278.392 -3.47711 4.37442
278.459 -3.43351 4.375
278.472 -3.46038 4.37562
278.381 -3.44457 4.37724
278.392 -3.42145 4.37354
278.364 -3.46154 4.37473
278.297 -3.42353 4.37146
278.293 -3.42008 4.37155
278.298 -3.42199 4.37169
278.393 -3.42489 4.37117
278.412 -3.39151 4.37455
278.318 -3.44497 4.37115
278.333 -3.3387 4.37359
278.387 -3.44676 4.37181
278.262 -3.46348 4.37212
278.367 -3.42416 4.37302
278.297 -3.48268 4.3755
278.314 -3.44846 4.37158
278.462 -3.35017 4.3748
278.3 -3.36955 4.3728
278.444 -3.43072 4.37435
278.415 -3.38081 4.37824
278.323 -3.33342 4.37372
278.362 -3.44458 4.37305
278.335 -3.46399 4.37474
278.473 -3.36636 4.37492
278.475 -3.36549 4.37493
278.4 -3.3756 4.37414
278.338 -3.47751 4.37185
278.425 -3.41954 4.37544
278.349 -3.42795 4.374
278.35 -3.43459 4.37396
278.373 -3.41979 4.37446
278.387 -3.41154 4.37303
278.306 -3.41123 4.37181
278.371 -3.46103 4.37323
278.385 -3.33816 4.37494
278.348 -3.4867 4.37148
278.391 -3.49546 4.37299
278.387 -3.48892 4.37286
278.413 -3.52824 4.37764
278.286 -3.48117 4.37502
278.278 -3.46765 4.3737
278.427 -3.42512 4.3735
278.476 -3.4478 4.37462
278.441 -3.37112 4.37207
278.424 -3.3675 4.37165
278.4 -3.38367 4.37559
278.389 -3.46915 4.37417
278.329 -3.42592 4.37442
278.413 -3.34739 4.37352
278.371 -3.3794 4.37323
278.368 -3.38016 4.37316
278.423 -3.38858 4.37192
278.367 -3.42409 4.37359
278.369 -3.41985 4.37353
278.381 -3.37832 4.37177
278.362 -3.46769 4.37457
278.48 -3.41995 4.378
278.285 -3.40318 4.36993
278.284 -3.40247 4.37004
278.305 -3.42046 4.37611
278.477 -3.42556 4.3753
278.526 -3.35621 4.37324
278.436 -3.4264 4.37448
278.332 -3.39975 4.37621
278.46 -3.3695 4.37422
278.417 -3.31686 4.37488
278.326 -3.52386 4.37284
278.412 -3.31287 4.37444
278.371 -3.36172 4.37342
278.383 -3.3968 4.3768
278.359 -3.47831 4.37396
278.371 -3.43766 4.37345
278.319 -3.38979 4.37114
278.312 -3.38986 4.37098
278.256 -3.46236 4.37225
278.299 -3.52795 4.37334
278.406 -3.44059 4.37416
278.379 -3.46328 4.37374
278.365 -3.34709 4.37357
278.414 -3.36779 4.37368
278.368 -3.46391 4.37527
278.394 -3.41676 4.37604
278.442 -3.37872 4.37768
278.462 -3.3918 4.37271
278.412 -3.40901 4.37563
278.378 -3.51332 4.3759
278.301 -3.45798 4.36955
278.358 -3.45788 4.37666
278.489 -3.41341 4.37536
278.42 -3.37858 4.37454
278.297 -3.4969 4.37124
278.402 -3.45503 4.373
278.353 -3.45799 4.37459
278.363 -3.4247 4.37455
278.471 -3.36999 4.37439
278.481 -3.43901 4.37656
278.319 -3.43051 4.37361
278.369 -3.30908 4.37671
278.446 -3.33185 4.3753
278.384 -3.39999 4.37619
278.361 -3.36576 4.3755
278.375 -3.4786 4.37585
278.439 -3.43471 4.3765
278.464 -3.44163 4.3737
278.236 -3.39292 4.37138
278.325 -3.48837 4.37112
278.355 -3.39462 4.37026
278.369 -3.50182 4.3751
278.303 -3.50865 4.37154
278.331 -3.43178 4.37333
278.406 -3.41259 4.376
278.408 -3.41338 4.37617
278.296 -3.37978 4.37401
278.297 -3.38322 4.37405
278.346 -3.3958 4.37431
278.363 -3.38424 4.37693
278.414 -3.3163 4.3763
278.419 -3.31401 4.37647
278.357 -3.38196 4.37532
278.485 -3.49269 4.3721
278.435 -3.42997 4.37857
278.345 -3.44133 4.37206
278.301 -3.45898 4.37108
278.411 -3.40543 4.37478
278.398 -3.4542 4.37312
278.399 -3.33407 4.37083
278.339 -3.40428 4.37521
278.327 -3.50037 4.37207
278.365 -3.51205 4.37144
278.475 -3.38731 4.37712
278.341 -3.3682 4.37207
278.373 -3.47715 4.37699
278.375 -3.47412 4.37686
278.437 -3.43875 4.37591
278.405 -3.46937 4.37578
278.402 -3.49177 4.37419
278.38 -3.44483 4.37715
278.456 -3.42672 4.3736
278.403 -3.4226 4.37378
278.396 -3.42067 4.37375
278.429 -3.38438 4.37434
278.297 -3.42221 4.37145
278.294 -3.42187 4.37169
278.402 -3.51911 4.37353
278.407 -3.39526 4.37444
278.324 -3.4739 4.37801
278.486 -3.39041 4.37752
278.431 -3.41839 4.37706
278.332 -3.34031 4.37354
278.405 -3.42111 4.37308
278.394 -3.32866 4.37708
278.368 -3.42381 4.3732
278.466 -3.3854 4.37695
278.307 -3.48992 4.37539
278.311 -3.45232 4.37165
278.364 -3.42622 4.37539
278.398 -3.49817 4.37645
278.443 -3.43072 4.37446
278.307 -3.4587 4.37223
278.366 -3.38055 4.37332
278.334 -3.33564 4.37367
278.366 -3.44594 4.37321
278.365 -3.33841 4.37635
278.401 -3.42631 4.37247
278.277 -3.39419 4.37285
278.269 -3.39239 4.37278
278.361 -3.47539 4.37587
278.437 -3.394 4.37253
278.346 -3.43682 4.37389
278.348 -3.43421 4.37405
278.348 -3.43326 4.37403
278.371 -3.41948 4.37459
278.366 -3.41638 4.37474
278.433 -3.46259 4.37612
278.31 -3.40978 4.37193
278.373 -3.45952 4.37318
278.383 -3.33727 4.37481
278.377 -3.33574 4.37471
278.358 -3.48811 4.37141
278.339 -3.49196 4.37385
278.385 -3.49137 4.3732
278.406 -3.34397 4.37635
278.272 -3.47759 4.37409
278.422 -3.38791 4.37387
278.442 -3.41771 4.37637
278.383 -3.53402 4.37534
278.414 -3.46915 4.37202
278.344 -3.45714 4.37536
278.356 -3.43225 4.37477
278.374 -3.38148 4.37315
278.451 -3.41703 4.37171
278.421 -3.38779 4.37173
278.345 -3.47632 4.37081
278.389 -3.31127 4.37514
278.388 -3.41655 4.37394
278.363 -3.51471 4.37619
278.455 -3.46162 4.3705
278.288 -3.41057 4.36996
278.304 -3.42789 4.37629
278.398 -3.26996 4.37703
278.291 -3.51465 4.37233
278.423 -3.42931 4.37539
278.362 -3.50074 4.37199
278.342 -3.45078 4.37283
278.392 -3.39544 4.37696
278.374 -3.40897 4.37105
278.461 -3.39447 4.38096
278.449 -3.40508 4.37307
278.382 -3.40107 4.37696
278.372 -3.43911 4.37357
278.318 -3.38867 4.37125
278.45 -3.44841 4.37708
278.301 -3.52629 4.37333
278.326 -3.51233 4.37156
278.327 -3.50876 4.37145
278.379 -3.46421 4.37443
278.386 -3.4664 4.3737
278.372 -3.39909 4.37488
278.394 -3.41512 4.37569
278.485 -3.44895 4.37388
278.448 -3.46424 4.37438
278.385 -3.51004 4.37594
278.383 -3.51435 4.37584
278.357 -3.45644 4.37658
278.372 -3.44912 4.37211
278.427 -3.43232 4.37311
278.437 -3.34873 4.37596
278.433 -3.34981 4.37626
278.294 -3.49485 4.37099
278.386 -3.4541 4.37365
278.356 -3.469 4.37375
278.433 -3.36675 4.37496
278.371 -3.31217 4.37675
278.419 -3.45641 4.37556
278.453 -3.4392 4.37279
278.444 -3.43439 4.37676
278.436 -3.36874 4.37537
278.432 -3.37538 4.37555
278.412 -3.44066 4.37283
278.235 -3.39124 4.37126
278.235 -3.38959 4.37131
278.336 -3.47629 4.37548
278.439 -3.36651 4.37494
278.356 -3.39642 4.37026
278.277 -3.42806 4.36869
278.334 -3.42535 4.37312
278.422 -3.355 4.37181
278.416 -3.37769 4.37575
278.301 -3.3805 4.37413
278.453 -3.38996 4.37432
278.388 -3.38078 4.37796
278.434 -3.33936 4.37821
278.416 -3.30621 4.3758
278.299 -3.53001 4.37214
278.429 -3.46315 4.37436
278.358 -3.38439 4.37513
278.473 -3.31347 4.3774
278.307 -3.45995 4.37109
278.412 -3.40906 4.37481
278.492 -3.4442 4.37409
278.34 -3.46451 4.37913
278.409 -3.37994 4.36997
278.371 -3.49381 4.37586
278.355 -3.46364 4.37355
278.378 -3.47598 4.37254
278.339 -3.43863 4.37339
278.34 -3.43582 4.37358
278.336 -3.43657 4.3734
278.394 -3.42002 4.37701
278.451 -3.42645 4.37377
278.446 -3.40353 4.37792
278.487 -3.34969 4.37373
278.402 -3.38531 4.37037
278.384 -3.44396 4.37721
278.381 -3.42438 4.37481
278.434 -3.38324 4.37425
278.363 -3.46115 4.37485
278.296 -3.42044 4.37151
278.41 -3.39043 4.37439
278.426 -3.321 4.37382
278.324 -3.47241 4.37781
278.325 -3.44389 4.37103
278.337 -3.34417 4.37367
278.401 -3.33008 4.37691
278.391 -3.43648 4.37196
278.371 -3.42623 4.37312
278.375 -3.42313 4.37315
278.417 -3.35688 4.37418
278.328 -3.40611 4.37581
278.328 -3.45544 4.373
278.368 -3.42117 4.37537
278.428 -3.42446 4.37552
278.304 -3.36777 4.37274
278.309 -3.45058 4.37216
278.493 -3.48672 4.37722
278.365 -3.38221 4.37314
278.473 -3.4823 4.37533
278.365 -3.44436 4.3732
278.359 -3.33599 4.37664
278.412 -3.4123 4.37514
278.418 -3.27351 4.37603
278.476 -3.49657 4.37607
278.423 -3.42278 4.37544
278.353 -3.43093 4.37406
278.351 -3.43237 4.37416
278.404 -3.50981 4.37332
278.422 -3.40727 4.37426
278.304 -3.40779 4.37209
278.489 -3.43016 4.37512
278.417 -3.43039 4.37536
278.391 -3.49232 4.37281
278.281 -3.47746 4.37509
278.272 -3.47658 4.374
278.439 -3.48468 4.37416
278.452 -3.41211 4.37636
278.441 -3.37377 4.37208
278.399 -3.38886 4.37581
278.333 -3.42375 4.37436
278.466 -3.32601 4.37513
278.364 -3.43655 4.37471
278.417 -3.38208 4.37595
278.368 -3.51599 4.37073
278.385 -3.41343 4.37425
278.415 -3.43357 4.37476
278.453 -3.4918 4.37376
278.357 -3.48735 4.37573
278.395 -3.27323 4.37699
278.288 -3.50542 4.37232
278.328 -3.39881 4.37602
278.328 -3.39952 4.37584
278.557 -3.33504 4.37491
278.343 -3.45402 4.37304
278.395 -3.39767 4.37718
278.309 -3.50332 4.37389
278.335 -3.52528 4.37287
278.371 -3.35907 4.37318
278.448 -3.3588 4.37641
278.454 -3.37756 4.3763
278.448 -3.49534 4.37507
278.302 -3.42112 4.3716
278.377 -3.50337 4.37683
278.453 -3.44399 4.37705
278.255 -3.45862 4.37238
278.328 -3.50603 4.37156
278.377 -3.47005 4.37443
278.44 -3.39086 4.37791
278.361 -3.34641 4.37383
278.369 -3.46186 4.3755
278.297 -3.39718 4.37689
278.426 -3.39745 4.37622
278.421 -3.41154 4.37554
278.495 -3.29413 4.3758
278.404 -3.50988 4.37579
278.415 -3.47233 4.37499
278.483 -3.48605 4.37105
278.367 -3.44255 4.3722
278.355 -3.38176 4.37323
278.425 -3.3888 4.37469
278.401 -3.30362 4.37176
278.361 -3.46758 4.37403
278.366 -3.41652 4.37462
278.481 -3.43447 4.37668
278.451 -3.3305 4.37538
278.384 -3.39822 4.37625
278.357 -3.36355 4.3754
278.404 -3.51941 4.37397
278.444 -3.43544 4.37675
278.453 -3.39304 4.37833
278.408 -3.43797 4.373
278.234 -3.38832 4.37128
279.118 -4.2443 4.35282
