243.906 28.2628 0.0708222
243.829 28.197 0.0673368
243.819 28.2383 0.0684585
243.833 28.2168 0.0694155
243.879 28.2437 0.0684664
243.865 28.2787 0.0711628
243.877 28.2074 0.0694938
243.815 28.1532 0.0693897
243.815 28.1532 0.0693897
243.863 28.2395 0.0689992
243.899 28.2815 0.065424
243.807 28.2059 0.0680519
243.875 28.2017 0.067928
243.785 28.242 0.0710086
243.846 28.2467 0.0682618
243.846 28.2467 0.0682618
243.862 28.2592 0.069862
243.812 28.2811 0.0683137
243.802 28.2079 0.0670567
243.932 28.216 0.0690373
243.867 28.2438 0.0694694
243.853 28.1919 0.0708534
243.851 28.2528 0.069165
243.867 28.2326 0.0686086
243.851 28.2134 0.069367
243.778 28.1728 0.0691499
243.83 28.1924 0.0682019
243.926 28.2442 0.0666639
243.798 28.1818 0.0703759
243.874 28.2397 0.068954
243.815 28.284 0.0651174
243.869 28.1995 0.0696928
243.823 28.2168 0.0658535
243.891 28.2173 0.0714961
243.858 28.3035 0.0703479
243.851 28.2124 0.0672148
243.849 28.2212 0.0688791
243.829 28.197 0.0673368
243.819 28.2383 0.0684585
243.859 28.2051 0.0705687
243.833 28.2168 0.0694155
243.893 28.2499 0.0678634
243.893 28.2499 0.0678634
243.887 28.2948 0.0702759
243.874 28.2951 0.0720166
243.815 28.1532 0.0693897
243.878 28.2518 0.0668871
243.845 28.2394 0.0682747
243.902 28.2137 0.0695414
243.785 28.242 0.0710086
243.949 28.2384 0.0688212
243.802 28.2079 0.0670567
243.802 28.2079 0.0670567
243.9 28.215 0.0683238
243.893 28.3162 0.0677016
243.839 28.2995 0.0673313
243.922 28.27 0.0679313
243.933 28.1868 0.0657837
243.778 28.1728 0.0691499
243.968 28.2825 0.0676005
243.85 28.2412 0.0679951
243.83 28.1924 0.0682019
243.83 28.1924 0.0682019
243.918 28.2192 0.0682904
243.78 28.2446 0.0692946
243.858 28.1917 0.0708269
243.879 28.3141 0.0680888
243.823 28.2168 0.0658535
243.866 28.2363 0.069879
243.851 28.2124 0.0672148
243.829 28.197 0.0673368
243.838 28.2983 0.0700429
243.833 28.2168 0.0694155
243.848 28.1964 0.069631
243.856 28.2724 0.0672467
243.865 28.2787 0.0711628
243.863 28.2395 0.0689992
243.883 28.2563 0.0670922
243.875 28.2017 0.067928
243.785 28.242 0.0710086
243.888 28.2941 0.0686819
243.842 28.228 0.06976
243.869 28.2539 0.0674753
243.862 28.2592 0.069862
243.802 28.2079 0.0670567
243.846 28.2855 0.0708922
243.807 28.3008 0.0670251
243.839 28.2995 0.0673313
243.77 28.2795 0.0722644
243.851 28.2528 0.069165
243.778 28.1728 0.0691499
243.85 28.2412 0.0679951
243.97 28.2696 0.0662681
243.926 28.2442 0.0666639
243.842 28.2683 0.0684921
243.803 28.2491 0.0653015
243.78 28.2446 0.0692946
243.903 28.2591 0.0696118
243.873 28.271 0.0707647
243.876 28.2164 0.0678648
244.002 28.2802 0.0691856
243.91 28.2935 0.0696792
243.829 28.197 0.0673368
243.829 28.197 0.0673368
243.856 28.2312 0.0684021
243.932 28.2523 0.068682
243.834 28.2045 0.0684012
243.924 28.2453 0.0682273
243.905 28.28 0.0709658
243.8 28.243 0.0675127
243.8 28.243 0.0675127
243.807 28.2059 0.0680519
243.807 28.2059 0.0680519
243.878 28.2518 0.0668871
243.875 28.2017 0.067928
243.842 28.3436 0.0658546
243.893 28.2785 0.066972
243.802 28.2079 0.0670567
243.888 28.2209 0.0692369
243.807 28.3008 0.0670251
243.915 28.2695 0.0701365
243.841 28.1469 0.0718016
243.851 28.2134 0.069367
243.858 28.2913 0.068264
243.803 28.2491 0.0653015
243.78 28.2446 0.0692946
243.815 28.284 0.0651174
243.868 28.3178 0.0683612
243.938 28.2205 0.0692659
243.81 28.32 0.0686438
243.823 28.2168 0.0658535
243.866 28.2363 0.069879
243.851 28.2124 0.0672148
243.851 28.2124 0.0672148
243.849 28.2212 0.0688791
243.875 28.2608 0.069118
243.894 28.2492 0.065933
243.85 28.315 0.0694541
243.901 28.2667 0.0680915
243.937 28.208 0.0679652
243.834 28.2045 0.0684012
243.8 28.243 0.0675127
243.8 28.243 0.0675127
243.899 28.2815 0.065424
244.018 28.2198 0.0688495
243.966 28.2501 0.0666114
243.875 28.2017 0.067928
243.785 28.242 0.0710086
243.785 28.242 0.0710086
243.882 28.2339 0.0693329
243.862 28.2592 0.069862
243.812 28.2811 0.0683137
243.824 28.3357 0.0700981
243.876 28.2383 0.0695841
243.929 28.2463 0.06839
243.778 28.1728 0.0691499
243.778 28.1728 0.0691499
243.778 28.1728 0.0691499
243.85 28.2412 0.0679951
243.803 28.2491 0.0653015
243.916 28.2607 0.0707501
243.879 28.2935 0.0706806
243.798 28.1818 0.0703759
243.78 28.2446 0.0692946
243.78 28.2446 0.0692946
243.865 28.3391 0.0663477
243.815 28.284 0.0651174
243.868 28.3178 0.0683612
243.821 28.2331 0.0706491
243.866 28.2363 0.069879
243.918 28.2187 0.0679303
243.849 28.2212 0.0688791
243.829 28.197 0.0673368
243.829 28.197 0.0673368
243.88 28.1083 0.0673711
243.819 28.2383 0.0684585
243.848 28.1964 0.069631
243.848 28.1964 0.069631
243.856 28.2724 0.0672467
243.845 28.2999 0.0696661
243.863 28.2395 0.0689992
243.883 28.2563 0.0670922
243.845 28.2394 0.0682747
243.861 28.3119 0.0691991
243.902 28.2137 0.0695414
243.888 28.2941 0.0686819
243.802 28.2079 0.0670567
243.846 28.2855 0.0708922
243.871 28.27 0.0678606
243.807 28.3008 0.0670251
243.848 28.2111 0.0696988
243.94 28.2803 0.0682545
243.867 28.2438 0.0694694
243.77 28.2795 0.0722644
243.778 28.1728 0.0691499
243.778 28.1728 0.0691499
243.858 28.2913 0.068264
243.83 28.1924 0.0682019
243.83 28.1924 0.0682019
243.916 28.2607 0.0707501
243.798 28.1818 0.0703759
243.781 28.2831 0.0726806
243.815 28.284 0.0651174
243.821 28.2331 0.0706491
243.823 28.2168 0.0658535
243.839 28.2929 0.0685613
243.851 28.2124 0.0672148
243.82 28.2633 0.0686707
243.819 28.2383 0.0684585
243.813 28.2539 0.070935
243.833 28.2168 0.0694155
243.879 28.2437 0.0684664
243.834 28.2045 0.0684012
243.856 28.2724 0.0672467
243.815 28.1532 0.0693897
243.878 28.2518 0.0668871
243.883 28.2563 0.0670922
243.875 28.2017 0.067928
243.957 28.2767 0.0680175
243.861 28.2829 0.071784
243.812 28.2811 0.0683137
243.802 28.2079 0.0670567
243.871 28.27 0.0678606
243.839 28.2995 0.0673313
243.848 28.2111 0.0696988
243.943 28.2235 0.0653727
243.851 28.2134 0.069367
243.858 28.2913 0.068264
243.803 28.2491 0.0653015
243.803 28.2491 0.0653015
243.798 28.1818 0.0703759
243.899 28.2642 0.0708574
243.97 28.2035 0.0684065
243.903 28.3041 0.069772
243.876 28.2164 0.0678648
243.851 28.2124 0.0672148
243.82 28.2633 0.0686707
243.829 28.197 0.0673368
243.819 28.2383 0.0684585
243.856 28.2312 0.0684021
243.893 28.2499 0.0678634
243.834 28.2045 0.0684012
243.877 28.2074 0.0694938
243.952 28.2811 0.0698951
243.875 28.2017 0.067928
243.918 28.2096 0.0660466
243.842 28.228 0.06976
243.91 28.2822 0.0690698
243.824 28.3357 0.0700981
243.871 28.27 0.0678606
243.908 28.2602 0.0671058
243.878 28.2209 0.0679392
243.851 28.2134 0.069367
243.85 28.2412 0.0679951
243.83 28.1924 0.0682019
243.803 28.2491 0.0653015
243.803 28.2491 0.0653015
243.78 28.2446 0.0692946
243.921 28.2043 0.0697122
243.868 28.3178 0.0683612
243.81 28.32 0.0686438
243.954 28.1994 0.0689775
243.872 28.2392 0.0695598
243.866 28.2363 0.069879
243.906 28.2393 0.0685873
243.95 28.2125 0.0672902
243.829 28.197 0.0673368
243.819 28.2383 0.0684585
243.813 28.2539 0.070935
243.856 28.2312 0.0684021
243.833 28.2168 0.0694155
243.848 28.1964 0.069631
243.874 28.2717 0.0692996
243.834 28.2045 0.0684012
243.896 28.2223 0.0688293
243.869 28.2075 0.0711522
243.8 28.243 0.0675127
243.815 28.1532 0.0693897
243.807 28.2059 0.0680519
243.807 28.2059 0.0680519
243.91 28.2725 0.0666609
243.842 28.3436 0.0658546
243.812 28.2811 0.0683137
243.812 28.2811 0.0683137
243.893 28.1857 0.0668802
243.893 28.1857 0.0668802
243.879 28.238 0.0714953
243.91 28.2602 0.0699994
243.77 28.2795 0.0722644
243.878 28.2209 0.0679392
243.778 28.1728 0.0691499
243.864 28.1759 0.0695176
243.798 28.1818 0.0703759
243.798 28.1818 0.0703759
243.986 28.2412 0.0687845
243.898 28.2739 0.069083
243.898 28.2739 0.069083
243.869 28.1995 0.0696928
243.823 28.2168 0.0658535
243.872 28.2392 0.0695598
243.888 28.3049 0.0673593
243.918 28.2187 0.0679303
243.851 28.2124 0.0672148
243.829 28.197 0.0673368
243.894 28.2492 0.065933
243.813 28.2539 0.070935
243.856 28.3021 0.0712615
243.834 28.2045 0.0684012
243.8 28.243 0.0675127
243.807 28.2059 0.0680519
243.883 28.2481 0.0683694
243.845 28.2394 0.0682747
243.846 28.2467 0.0682618
243.812 28.2811 0.0683137
243.812 28.2811 0.0683137
243.9 28.2006 0.0694673
243.848 28.2111 0.0696988
243.839 28.3532 0.0671419
243.878 28.2209 0.0679392
243.778 28.1728 0.0691499
243.83 28.1924 0.0682019
243.83 28.1924 0.0682019
243.842 28.2683 0.0684921
243.798 28.1818 0.0703759
243.78 28.2446 0.0692946
243.868 28.3178 0.0683612
243.879 28.3141 0.0680888
243.899 28.1982 0.0705004
243.823 28.2168 0.0658535
243.866 28.2363 0.069879
243.923 28.2442 0.0688651
243.839 28.2929 0.0685613
243.82 28.2633 0.0686707
243.894 28.2492 0.065933
243.819 28.2383 0.0684585
243.833 28.2168 0.0694155
243.943 28.3068 0.0676288
243.834 28.2045 0.0684012
243.856 28.2724 0.0672467
243.8 28.243 0.0675127
243.807 28.2059 0.0680519
243.878 28.2518 0.0668871
243.966 28.2501 0.0666114
243.986 28.2852 0.0668535
243.902 28.2137 0.0695414
243.856 28.3399 0.0695516
243.9 28.2168 0.0695227
243.842 28.228 0.06976
243.802 28.2079 0.0670567
243.935 28.2342 0.0702712
243.848 28.2111 0.0696988
243.982 28.2134 0.0679222
243.851 28.2528 0.069165
243.778 28.1728 0.0691499
243.778 28.1728 0.0691499
243.85 28.2412 0.0679951
243.83 28.1924 0.0682019
243.803 28.2491 0.0653015
243.896 28.1413 0.0682926
243.781 28.2831 0.0726806
243.887 28.287 0.0694077
243.81 28.32 0.0686438
243.823 28.2168 0.0658535
243.823 28.2168 0.0658535
243.893 28.258 0.070496
243.906 28.2628 0.0708222
243.983 28.2241 0.069496
243.884 28.3241 0.068297
243.813 28.2539 0.070935
243.856 28.2312 0.0684021
243.848 28.1964 0.069631
243.869 28.2075 0.0711522
243.815 28.1532 0.0693897
243.878 28.2518 0.0668871
243.845 28.2394 0.0682747
243.845 28.2394 0.0682747
243.842 28.3436 0.0658546
243.842 28.3436 0.0658546
243.846 28.2467 0.0682618
243.842 28.228 0.06976
243.802 28.2079 0.0670567
243.802 28.2079 0.0670567
243.871 28.27 0.0678606
243.807 28.3008 0.0670251
243.839 28.2995 0.0673313
243.851 28.2528 0.069165
243.851 28.2134 0.069367
243.778 28.1728 0.0691499
243.991 28.2548 0.0683499
243.879 28.3317 0.0678571
243.83 28.1924 0.0682019
243.842 28.2683 0.0684921
243.803 28.2491 0.0653015
243.798 28.1818 0.0703759
243.78 28.2446 0.0692946
243.868 28.3178 0.0683612
243.874 28.3093 0.0689031
243.873 28.271 0.0707647
243.899 28.1982 0.0705004
243.823 28.2168 0.0658535
243.876 28.2164 0.0678648
243.839 28.2929 0.0685613
243.851 28.2124 0.0672148
243.82 28.2633 0.0686707
243.875 28.2608 0.069118
243.819 28.2383 0.0684585
243.856 28.2312 0.0684021
243.85 28.3077 0.0692309
243.869 28.2075 0.0711522
243.8 28.243 0.0675127
243.815 28.1532 0.0693897
243.807 28.2059 0.0680519
243.878 28.2518 0.0668871
243.837 28.3538 0.067846
243.91 28.1671 0.0706055
243.842 28.228 0.06976
243.893 28.2785 0.066972
243.802 28.2079 0.0670567
243.871 28.27 0.0678606
243.807 28.3008 0.0670251
243.853 28.1919 0.0708534
243.943 28.2235 0.0653727
243.778 28.1728 0.0691499
243.85 28.2412 0.0679951
243.864 28.1759 0.0695176
243.803 28.2491 0.0653015
243.78 28.2446 0.0692946
243.815 28.284 0.0651174
243.815 28.284 0.0651174
243.887 28.287 0.0694077
243.81 28.32 0.0686438
243.926 28.2529 0.0687934
243.866 28.2363 0.069879
243.905 28.2732 0.0699385
243.842 28.244 0.0691544
243.82 28.2633 0.0686707
243.819 28.2383 0.0684585
243.92 28.2077 0.070356
243.925 28.239 0.0684603
243.834 28.2045 0.0684012
243.856 28.2724 0.0672467
243.815 28.1532 0.0693897
243.807 28.2059 0.0680519
243.883 28.2481 0.0683694
243.845 28.3064 0.071669
243.842 28.228 0.06976
243.842 28.228 0.06976
243.842 28.228 0.06976
243.862 28.2592 0.069862
243.812 28.2811 0.0683137
243.888 28.2209 0.0692369
243.839 28.2995 0.0673313
243.919 28.2971 0.0686363
243.77 28.2795 0.0722644
243.878 28.2209 0.0679392
243.85 28.2412 0.0679951
243.842 28.2683 0.0684921
243.78 28.2446 0.0692946
243.815 28.284 0.0651174
243.869 28.1995 0.0696928
243.823 28.2168 0.0658535
243.901 28.3278 0.0699569
243.898 28.2249 0.0696296
243.909 28.2709 0.0695132
243.849 28.2212 0.0688791
243.82 28.2633 0.0686707
243.894 28.2492 0.065933
243.819 28.2383 0.0684585
243.893 28.2499 0.0678634
243.937 28.208 0.0679652
243.856 28.2724 0.0672467
243.815 28.1532 0.0693897
243.807 28.2059 0.0680519
243.807 28.2059 0.0680519
243.902 28.2539 0.0670984
243.785 28.242 0.0710086
243.915 28.3145 0.0690048
243.869 28.2539 0.0674753
243.812 28.2811 0.0683137
243.802 28.2079 0.0670567
243.802 28.2079 0.0670567
243.802 28.2079 0.0670567
243.802 28.2079 0.0670567
243.846 28.2855 0.0708922
243.876 28.2383 0.0695841
243.943 28.2235 0.0653727
243.878 28.2209 0.0679392
243.85 28.2412 0.0679951
243.879 28.3317 0.0678571
243.83 28.1924 0.0682019
243.803 28.2491 0.0653015
243.798 28.1818 0.0703759
243.78 28.2446 0.0692946
243.915 28.3192 0.0685093
243.821 28.2331 0.0706491
243.823 28.2168 0.0658535
243.943 28.2574 0.067027
243.851 28.2124 0.0672148
243.82 28.2633 0.0686707
242.388 31.2431 0.0841996
243.84 28.1776 0.0713422
243.837 28.177 0.0712278
243.847 28.2282 0.070432
243.857 28.2428 0.0695043
243.866 28.1845 0.0672199
243.931 28.2985 0.0659292
243.898 28.1726 0.0677021
243.923 28.1672 0.0671784
243.88 28.3813 0.0698518
243.885 28.233 0.0637565
243.869 28.1878 0.0707147
243.865 28.2412 0.0707098
243.871 28.2369 0.0705647
243.795 28.218 0.070063
243.8 28.2201 0.0701045
243.864 28.2377 0.0697062
243.848 28.2285 0.070356
243.789 28.2155 0.0684575
243.851 28.1395 0.0683824
243.852 28.1384 0.0682601
243.841 28.1539 0.0715355
243.801 28.26 0.0728006
243.841 28.1859 0.0683496
243.816 28.3323 0.0705654
243.914 28.2614 0.0676659
243.85 28.19 0.0721744
243.908 28.3711 0.0695935
243.894 28.308 0.0676878
243.75 28.1953 0.0716506
243.897 28.2194 0.0721787
243.91 28.2002 0.0704958
243.884 28.1569 0.0686623
243.996 28.1094 0.0707487
243.964 28.2882 0.0657438
243.944 28.3267 0.0686926
243.77 28.3079 0.067176
243.812 28.2025 0.0719573
243.906 28.166 0.0683029
243.883 28.2493 0.0687804
243.887 28.2329 0.0637575
243.801 28.2212 0.0700722
243.789 28.2178 0.0684072
243.787 28.2174 0.0683237
243.827 28.2667 0.0687685
243.914 28.2927 0.0690439
243.841 28.1773 0.0684415
243.801 28.1974 0.0723978
243.942 28.2897 0.0658851
243.819 28.1991 0.0693173
243.889 28.3093 0.067724
243.891 28.1786 0.0694765
243.754 28.2009 0.0714764
243.885 28.2481 0.0680437
243.843 28.2212 0.0681219
243.871 28.1891 0.0684193
243.877 28.2061 0.0683453
243.886 28.2021 0.0725756
243.917 28.2086 0.0677744
243.916 28.2047 0.0679677
243.838 28.2553 0.0710021
243.9 28.1999 0.0668
243.771 28.3045 0.0672365
243.913 28.1391 0.0674421
243.908 28.1441 0.0673266
243.917 28.2715 0.0681072
243.838 28.1769 0.068413
243.825 28.3467 0.0700609
243.871 28.2711 0.0727917
243.942 28.212 0.0692457
243.802 28.2147 0.0701201
243.901 28.2824 0.0698865
243.851 28.2347 0.0702418
243.787 28.218 0.0681804
243.94 28.2189 0.0693064
243.829 28.26 0.0687012
243.846 28.1402 0.0683933
243.793 28.2566 0.0727796
243.793 28.2852 0.0679902
243.904 28.2106 0.0709512
243.807 28.1444 0.0724503
243.819 28.202 0.0694964
243.866 28.2757 0.0677408
243.894 28.3113 0.067721
243.758 28.1944 0.0718452
243.859 28.1766 0.0701874
243.86 28.1799 0.0703015
243.935 28.1974 0.0692182
243.838 28.1824 0.0719907
243.904 28.2245 0.0689631
243.847 28.1776 0.0712348
243.827 28.2242 0.0683229
243.824 28.2277 0.0685747
243.771 28.313 0.0673448
243.904 28.2414 0.0720538
243.829 28.2346 0.071509
243.892 28.1714 0.0677214
243.844 28.2366 0.0697602
243.879 28.1821 0.0703434
243.935 28.2132 0.0677445
243.917 28.2182 0.0696776
243.794 28.2163 0.0684773
243.828 28.2624 0.0687771
243.894 28.308 0.0692729
244.012 28.2475 0.066955
243.864 28.2134 0.0715162
243.864 28.1706 0.0685622
243.814 28.3335 0.0707581
243.92 28.1992 0.0674552
243.813 28.2046 0.0694074
243.814 28.2049 0.0693776
243.931 28.28 0.0682359
243.916 28.2104 0.0696079
243.841 28.139 0.0714186
243.752 28.1949 0.0717843
243.865 28.2287 0.0684579
243.841 28.2261 0.0679709
243.872 28.2044 0.0682579
243.886 28.1855 0.0681597
243.824 28.2288 0.0683267
243.777 28.3119 0.0673173
243.773 28.3058 0.0672823
243.884 28.1787 0.0688154
243.917 28.2029 0.0692893
243.911 28.1569 0.0682621
243.886 28.2441 0.0687753
243.919 28.1693 0.0708982
243.851 28.1916 0.070248
243.801 28.2227 0.0700431
243.786 28.2161 0.0681772
243.829 28.2682 0.0689934
243.846 28.1355 0.0681236
243.802 28.2573 0.0727631
243.804 28.2625 0.0726612
243.872 28.1706 0.0681409
243.861 28.2081 0.0717708
243.798 28.2006 0.0723102
243.943 28.2949 0.0656959
243.886 28.1401 0.0713439
243.914 28.2082 0.0695762
243.843 28.1466 0.0713345
243.876 28.2339 0.0680357
243.906 28.1958 0.0707081
243.881 28.2373 0.0693248
243.899 28.2312 0.0688293
243.827 28.228 0.0681905
243.824 28.2221 0.0684469
243.823 28.2315 0.0684121
243.77 28.3037 0.067461
243.867 28.1884 0.0672749
243.897 28.1953 0.0697307
243.831 28.1688 0.0686588
243.873 28.2422 0.0670971
243.881 28.2326 0.0636884
243.969 28.1902 0.0690344
243.929 28.3165 0.0678038
243.804 28.2153 0.0700358
243.788 28.2211 0.06831
243.904 28.2055 0.0702406
243.898 28.2108 0.0695556
243.879 28.2365 0.0703494
243.861 28.1691 0.0685524
243.859 28.1726 0.0685947
243.787 28.2864 0.0679383
243.869 28.2444 0.0679439
243.867 28.1131 0.070254
243.947 28.154 0.0713424
243.909 28.2698 0.0686095
243.874 28.2293 0.0678885
243.855 28.3391 0.068928
243.858 28.3358 0.069201
243.934 28.243 0.0683703
243.927 28.266 0.0689608
243.97 28.2496 0.07102
243.867 28.2023 0.0678979
243.826 28.2301 0.0684883
243.855 28.2226 0.0704933
243.871 28.1904 0.0672393
243.894 28.1685 0.0676987
243.847 28.2352 0.0698271
243.874 28.245 0.0671125
243.802 28.222 0.0700178
243.937 28.2128 0.0676987
243.789 28.2181 0.0684656
243.986 28.2042 0.0677377
243.876 28.1733 0.0681598
243.789 28.285 0.0680707
243.798 28.1988 0.0723895
243.959 28.1733 0.0683524
243.816 28.2026 0.0694054
243.976 28.2376 0.0651123
243.762 28.1967 0.0718009
243.84 28.2189 0.0679401
243.997 28.1025 0.068317
243.851 28.2261 0.0706783
243.904 28.1832 0.0693334
243.898 28.2285 0.0688608
243.871 28.3086 0.0693409
243.868 28.1929 0.0674507
243.955 28.232 0.069985
243.84 28.1757 0.0683167
243.898 28.2256 0.0703813
243.891 28.1963 0.0723701
243.879 28.1824 0.070507
243.805 28.2181 0.0701041
243.804 28.2183 0.0698711
243.792 28.2133 0.0683946
243.854 28.3382 0.067183
243.85 28.2887 0.0693658
243.837 28.155 0.0713947
243.858 28.1712 0.0684145
243.956 28.1762 0.0683289
243.817 28.2009 0.069447
243.865 28.2167 0.0704548
243.839 28.1428 0.0713211
243.934 28.1806 0.0708076
243.86 28.1775 0.0703342
243.876 28.2363 0.0678125
243.867 28.1652 0.0668002
243.927 28.1351 0.0701999
243.893 28.184 0.0683887
243.891 28.1869 0.0684401
243.891 28.2405 0.069742
243.775 28.3031 0.0672358
243.825 28.24 0.0711663
243.826 28.2356 0.0713972
243.911 28.138 0.0674534
243.878 28.2761 0.0707486
243.854 28.1894 0.0702247
243.801 28.2208 0.0700675
243.911 28.3114 0.0690111
243.882 28.1732 0.0688472
243.942 28.1993 0.0691604
243.9 28.2785 0.0698438
243.789 28.216 0.0683564
243.822 28.2612 0.0688221
243.849 28.1336 0.0682707
243.861 28.1721 0.068419
243.867 28.1727 0.0684373
243.796 28.2006 0.0725045
243.848 28.1844 0.0722328
243.848 28.154 0.0714061
243.757 28.1916 0.0716177
243.861 28.2277 0.0683415
243.879 28.2315 0.0679183
243.874 28.2363 0.0678166
243.839 28.2191 0.0679434
243.873 28.1657 0.066867
243.863 28.1909 0.068391
243.883 28.1474 0.0685851
243.922 28.2628 0.068922
243.913 28.2029 0.0679845
243.886 28.243 0.0696474
243.934 28.2723 0.0697862
243.896 28.1366 0.0705424
243.772 28.3042 0.0674715
243.881 28.142 0.0694637
243.906 28.14 0.0673331
243.902 28.2275 0.0688029
243.884 28.2507 0.0688737
243.869 28.238 0.0669891
243.926 28.2115 0.0684115
243.882 28.2819 0.0695821
243.802 28.2239 0.0700588
243.935 28.2156 0.0675082
243.792 28.2108 0.068451
243.907 28.206 0.0704032
243.9 28.2065 0.0697966
243.839 28.1539 0.0715567
243.882 28.2333 0.0704374
243.843 28.1825 0.0684171
243.79 28.2853 0.067769
243.786 28.2838 0.0677982
243.882 28.1514 0.0701119
243.846 28.1514 0.0715046
243.852 28.2911 0.070247
243.874 28.2336 0.0678519
243.937 28.2735 0.0670554
243.883 28.1518 0.0684889
243.88 28.2048 0.0686913
243.874 28.2212 0.0729667
243.828 28.2602 0.0707982
243.897 28.1367 0.0708643
243.821 28.3702 0.068294
243.891 28.1698 0.0678233
243.909 28.1572 0.0683375
243.826 28.3453 0.070498
243.867 28.2366 0.0671726
243.894 28.1882 0.0723606
243.926 28.2125 0.068281
243.944 28.1982 0.0690396
243.902 28.2809 0.0696743
243.877 28.2383 0.069693
243.788 28.2101 0.0683584
243.883 28.2566 0.0677524
243.881 28.2379 0.0704369
243.874 28.1774 0.0679977
243.842 28.1824 0.0683829
243.833 28.1629 0.0724049
243.934 28.2797 0.069318
243.874 28.1106 0.0703428
243.952 28.2195 0.0679071
243.888 28.2511 0.0680354
243.859 28.1878 0.0686002
243.854 28.2245 0.0705307
243.879 28.2253 0.0729856
243.826 28.2262 0.0685462
243.862 28.2424 0.0696883
243.869 28.1941 0.0672743
243.831 28.1741 0.0684896
243.836 28.1713 0.0683814
243.866 28.2685 0.0732054
243.799 28.2182 0.0699343
243.911 28.1532 0.0707806
243.904 28.2116 0.0704937
243.836 28.1585 0.0714746
243.885 28.3123 0.0671728
243.866 28.1749 0.0685997
243.792 28.2867 0.0679899
243.789 28.2902 0.0679594
243.944 28.3339 0.0674902
243.922 28.2025 0.0675586
243.873 28.211 0.0699427
243.867 28.2696 0.0675227
243.759 28.1978 0.0717121
243.854 28.1768 0.0701478
243.941 28.2685 0.0671113
243.887 28.221 0.070683
243.906 28.2593 0.069348
243.958 28.2877 0.0659897
243.832 28.2266 0.0686167
243.889 28.202 0.0670972
243.775 28.3058 0.0673957
243.886 28.1875 0.0700275
243.897 28.1735 0.0677528
243.829 28.1712 0.0684117
243.857 28.1934 0.070103
243.897 28.1776 0.0702638
243.897 28.1758 0.0699261
243.852 28.3441 0.0686896
243.823 28.2704 0.0688209
243.853 28.3368 0.0671808
243.847 28.1455 0.0684122
243.868 28.1753 0.0681296
243.947 28.258 0.0668326
243.792 28.2889 0.0678772
243.951 28.1515 0.0689834
243.848 28.1906 0.0720331
243.815 28.2027 0.0694305
243.871 28.1067 0.0704111
243.876 28.1917 0.0713443
243.838 28.1475 0.0711223
243.861 28.1713 0.0703683
243.841 28.2228 0.0681879
243.948 28.2654 0.0670914
243.861 28.1907 0.0684595
243.958 28.2367 0.0691812
243.86 28.2224 0.0706604
243.868 28.205 0.0680428
243.899 28.1424 0.0707937
243.88 28.1442 0.0693418
243.882 28.1815 0.0689654
243.894 28.1661 0.0677976
243.823 28.3441 0.0702844
243.872 28.2664 0.072578
243.888 28.2286 0.0636718
243.895 28.2481 0.06915
243.931 28.2144 0.0675274
243.795 28.2232 0.0682592
243.851 28.1408 0.0682561
243.864 28.1701 0.0683935
243.862 28.1665 0.0684831
243.792 28.278 0.067876
243.85 28.1791 0.072273
243.875 28.1573 0.0701601
243.868 28.1119 0.0701926
243.867 28.2714 0.0678841
243.916 28.2112 0.0695565
243.841 28.1425 0.0711903
243.86 28.2313 0.0684563
243.925 28.2428 0.0717931
243.867 28.1875 0.0684532
243.88 28.2071 0.0689912
243.881 28.2082 0.0688468
243.901 28.2269 0.0713389
243.899 28.2327 0.0686798
243.887 28.2407 0.0696046
243.883 28.2355 0.0706431
243.775 28.3103 0.0672279
243.871 28.1935 0.0670635
243.845 28.2255 0.0717916
243.836 28.1711 0.0683343
243.856 28.2866 0.0685568
243.866 28.2358 0.07076
243.912 28.1523 0.0707824
243.788 28.2158 0.0684457
243.794 28.2131 0.0682809
243.857 28.2829 0.0693321
243.839 28.1757 0.0682604
243.787 28.2841 0.068139
243.844 28.2071 0.073229
243.93 28.2835 0.0680174
243.867 28.2712 0.0675181
243.759 28.2001 0.0716747
243.843 28.2263 0.0682444
243.864 28.1886 0.0684551
243.877 28.206 0.0682987
243.897 28.2269 0.0706411
243.879 28.2389 0.0693534
243.872 28.205 0.0679758
243.883 28.2366 0.0696211
243.871 28.3123 0.0696486
243.772 28.3079 0.0673397
243.881 28.1469 0.069488
243.877 28.1817 0.0688007
243.917 28.1895 0.0720747
243.891 28.1903 0.0701877
243.87 28.2365 0.0688159
243.849 28.2411 0.0696392
243.87 28.1917 0.0706931
243.801 28.219 0.0699693
243.882 28.1658 0.0687362
243.941 28.1817 0.0699638
243.87 28.2343 0.0696098
243.79 28.2214 0.0682842
243.889 28.2512 0.0681162
243.797 28.2586 0.0726687
243.86 28.1766 0.068501
243.839 28.1849 0.0684218
243.789 28.2873 0.0677236
243.8 28.2048 0.0721433
243.875 28.2178 0.072347
243.816 28.208 0.0693843
243.874 28.1159 0.0703926
243.882 28.1881 0.0713159
243.861 28.1878 0.0718047
243.925 28.1863 0.0685523
243.891 28.2525 0.0679464
243.87 28.1624 0.0670258
243.91 28.2209 0.0689845
243.854 28.2202 0.0704785
243.96 28.3154 0.068907
243.84 28.1754 0.0712195
243.857 28.2388 0.0696135
243.931 28.2605 0.068822
243.909 28.1429 0.0672883
243.884 28.2703 0.0708174
243.842 28.2365 0.0697456
243.869 28.1952 0.0707455
243.927 28.2141 0.0676042
243.849 28.2327 0.0702668
243.791 28.2167 0.068249
243.79 28.2206 0.0682352
243.79 28.2146 0.0684643
243.883 28.2543 0.0679995
243.892 28.2971 0.069417
243.807 28.2633 0.072675
243.851 28.2788 0.0723631
243.882 28.2802 0.0708883
243.814 28.1373 0.0725967
243.918 28.2362 0.0704317
243.757 28.2015 0.0717178
243.858 28.2348 0.0683851
243.878 28.1683 0.0668144
243.879 28.2028 0.0682178
243.984 28.2488 0.0675061
243.884 28.205 0.0690733
243.849 28.23 0.0706537
243.823 28.2266 0.0684638
243.832 28.2265 0.0683215
243.862 28.2463 0.0696871
243.881 28.1405 0.0696582
243.91 28.1456 0.0724098
243.835 28.1786 0.0686007
243.844 28.1769 0.0683037
243.826 28.3465 0.0704339
243.971 28.2723 0.0684635
243.869 28.2365 0.0672319
243.883 28.235 0.0635044
243.936 28.2272 0.0702726
243.801 28.2225 0.0700813
243.843 28.2283 0.0702765
243.793 28.2157 0.0682236
243.855 28.3382 0.067452
243.87 28.1725 0.0723203
243.801 28.2658 0.0727034
243.793 28.2788 0.0676977
243.832 28.1626 0.0724676
243.906 28.3313 0.0707619
243.931 28.294 0.0700473
243.764 28.1938 0.0717105
243.895 28.2458 0.0682884
243.891 28.2627 0.0724199
243.884 28.1561 0.0686881
243.855 28.23 0.0707899
243.886 28.2427 0.069663
243.766 28.3096 0.0672394
243.864 28.1917 0.0672893
243.874 28.2401 0.0688068
243.882 28.2515 0.0688572
244.379 30.2501 0.0688942
243.859 28.2877 0.069582
243.79 28.1926 0.0707631
243.826 28.2295 0.0686186
243.913 28.1552 0.0681179
243.927 28.2297 0.0691536
243.928 28.3293 0.0691198
243.881 28.3218 0.0676603
243.95 28.2401 0.0651649
243.732 28.276 0.0686925
243.74 28.2759 0.0687479
243.829 28.228 0.0712367
243.894 28.1904 0.0680202
243.864 28.234 0.0693147
243.874 28.244 0.0685715
243.835 28.301 0.0688771
243.91 28.2619 0.0679579
243.834 28.2174 0.0689703
243.875 28.166 0.0696753
243.875 28.1656 0.069842
243.832 28.1355 0.0700618
243.837 28.3048 0.0679019
243.874 28.2759 0.069535
243.876 28.2225 0.0698961
243.901 28.2957 0.0676287
243.971 28.2503 0.0697435
243.92 28.1955 0.0671634
243.866 28.1392 0.0699196
243.864 28.2021 0.0693005
243.912 28.1765 0.0680102
243.881 28.1653 0.0680592
243.878 28.2409 0.0680276
243.926 28.183 0.0682021
243.905 28.1582 0.067862
243.967 28.2386 0.06841
243.914 28.2043 0.0727177
243.733 28.2676 0.0687328
243.737 28.2715 0.0686727
243.935 28.2385 0.0696091
243.88 28.1661 0.0696262
243.87 28.1516 0.0708848
243.876 28.1588 0.0713614
243.875 28.236 0.0685941
243.871 28.3006 0.0690372
243.888 28.2365 0.0693053
243.925 28.2519 0.0697161
243.879 28.1766 0.0715501
243.855 28.2692 0.0663278
243.924 28.2801 0.0661776
243.917 28.2038 0.0670593
243.898 28.3618 0.0700481
243.869 28.2027 0.0692433
243.818 28.2871 0.0702727
243.877 28.1589 0.0690489
243.828 28.2202 0.0685336
243.899 28.1459 0.0692287
243.911 28.2745 0.0692847
243.9 28.214 0.0677337
243.735 28.2728 0.0688202
243.825 28.226 0.0711154
243.909 28.1944 0.0673276
243.909 28.2236 0.0709746
243.854 28.2218 0.069919
243.903 28.2833 0.0677081
243.9 28.3455 0.0672091
243.914 28.2632 0.0692625
243.913 28.2511 0.0678917
243.897 28.193 0.0689146
243.908 28.1877 0.068856
243.86 28.2709 0.0684881
243.831 28.306 0.0678806
243.878 28.2266 0.0707388
243.93 28.1796 0.0690102
243.915 28.2668 0.0661388
243.909 28.229 0.0693863
243.921 28.2169 0.0684538
243.837 28.2165 0.0701935
243.796 28.2007 0.0708184
243.86 28.2416 0.0710644
243.964 28.2916 0.0683945
243.9 28.3041 0.0685024
243.858 28.2277 0.0707135
243.964 28.2738 0.0688336
243.86 28.1997 0.0697928
243.738 28.2734 0.0688469
243.94 28.2445 0.0688856
243.915 28.1961 0.0673035
243.847 28.2267 0.0684382
243.853 28.2151 0.069796
243.875 28.2208 0.0665748
243.973 28.1146 0.0702893
243.925 28.1826 0.065862
243.893 28.2369 0.0704844
243.86 28.2732 0.0686548
243.863 28.2664 0.0686721
243.919 28.2653 0.068183
243.893 28.3063 0.0671824
243.889 28.2839 0.0719119
243.899 28.1465 0.0686769
243.847 28.2008 0.0717574
243.852 28.2884 0.069503
243.796 28.1971 0.0708033
243.927 28.2213 0.0687511
243.878 28.3199 0.0693023
243.881 28.2411 0.0682477
243.908 28.2484 0.0693289
243.911 28.215 0.0689113
243.9 28.1457 0.0691534
243.899 28.247 0.0706653
243.852 28.293 0.07025
243.817 28.1545 0.0691448
243.822 28.1634 0.0691237
243.74 28.2748 0.0688697
243.731 28.275 0.0688858
243.739 28.2754 0.0687799
243.873 28.1405 0.0691228
243.904 28.198 0.0684334
243.853 28.2362 0.0694128
243.907 28.2927 0.0685832
243.882 28.2369 0.0690353
243.915 28.2762 0.0688568
243.832 28.215 0.0689167
243.826 28.1352 0.0702467
243.92 28.2177 0.0666642
243.861 28.266 0.0665747
243.873 28.2279 0.070774
243.848 28.3862 0.0672931
243.855 28.1502 0.0688836
243.907 28.2139 0.0719129
243.797 28.2003 0.0707502
243.796 28.1959 0.0708163
243.884 28.1638 0.0688974
243.878 28.1573 0.0690976
243.875 28.1671 0.0689284
243.929 28.1842 0.0680224
243.826 28.2281 0.0685774
243.935 28.2685 0.0684219
243.89 28.2437 0.0702201
243.814 28.2483 0.0704643
243.816 28.2519 0.0702675
243.736 28.2794 0.0688961
243.736 28.2712 0.0687716
243.869 28.1702 0.0697055
243.953 28.2675 0.0659509
243.876 28.1565 0.0708646
243.887 28.1887 0.0708066
243.867 28.2326 0.0694862
243.908 28.2327 0.0688946
243.852 28.3059 0.0689018
243.943 28.2345 0.0685635
243.924 28.2378 0.0725775
243.908 28.2702 0.0688119
243.879 28.1722 0.0696623
243.833 28.3041 0.0679056
243.88 28.2221 0.0706494
243.922 28.2837 0.066543
243.89 28.2216 0.0686299
243.866 28.1974 0.0693362
243.883 28.1826 0.0698726
243.924 28.2288 0.0709236
243.832 28.2127 0.0701218
243.854 28.3119 0.0667497
243.883 28.2363 0.0680665
243.933 28.2681 0.0684932
243.938 28.1389 0.0699658
243.855 28.2272 0.0705933
243.989 28.1813 0.0712824
243.742 28.2745 0.0687217
243.88 28.1424 0.0692525
243.946 28.2659 0.0691118
243.823 28.2077 0.0714782
243.918 28.2207 0.069295
243.881 28.2392 0.0690556
243.837 28.3057 0.0691042
243.889 28.1812 0.068903
243.909 28.2041 0.0677439
243.84 28.2187 0.0691495
243.94 28.308 0.0681431
243.837 28.3061 0.0679659
243.902 28.2113 0.0678339
243.916 28.2334 0.0659266
243.82 28.3579 0.0705453
243.853 28.1525 0.0689055
243.84 28.212 0.0699966
243.849 28.3096 0.0671303
243.922 28.1811 0.0681339
243.821 28.2248 0.0685406
243.901 28.2604 0.0689949
243.905 28.2086 0.0676837
243.816 28.248 0.0703921
243.821 28.1618 0.0690097
243.733 28.2703 0.0688915
243.948 28.1697 0.0689112
243.875 28.1399 0.0691651
243.823 28.2137 0.0715592
243.867 28.2362 0.070177
243.881 28.2199 0.0667327
243.851 28.2996 0.0690049
243.924 28.2091 0.0691164
243.928 28.1977 0.0720955
243.841 28.2142 0.069108
243.828 28.1424 0.0701401
243.993 28.315 0.0656924
243.923 28.2343 0.068611
243.912 28.234 0.0658505
243.906 28.2254 0.0694646
243.821 28.2887 0.070218
243.799 28.2009 0.0707549
243.794 28.2001 0.0706039
243.88 28.235 0.067917
243.828 28.2248 0.068386
243.858 28.3094 0.0687827
243.896 28.1681 0.0703482
243.943 28.2466 0.0687157
243.912 28.253 0.0701394
243.824 28.1613 0.0690287
243.737 28.276 0.0687565
243.853 28.1901 0.0699037
243.846 28.224 0.0683511
243.868 28.3328 0.0680257
243.94 28.2308 0.0685319
243.948 28.2999 0.0691789
243.918 28.2061 0.0678091
243.899 28.285 0.0693555
243.923 28.2677 0.070739
243.896 28.2198 0.069351
243.914 28.2615 0.0659721
243.822 28.2837 0.0701225
243.924 28.2292 0.0708712
243.936 28.2714 0.0681031
243.885 28.2031 0.0717714
243.872 28.2336 0.0681826
243.903 28.2536 0.0687823
243.934 28.2673 0.068392
243.918 28.2127 0.0687184
243.906 28.2087 0.0675218
243.817 28.1623 0.0691799
243.735 28.274 0.0689801
243.826 28.2248 0.0711851
243.85 28.1927 0.069936
243.843 28.2278 0.0683485
243.879 28.2989 0.0689249
243.887 28.2321 0.0691528
243.911 28.2071 0.0680316
243.863 28.2762 0.0688053
243.833 28.2989 0.0678795
243.846 28.2535 0.0707391
243.883 28.2246 0.0703227
243.913 28.2628 0.0661585
243.878 28.1685 0.0680769
243.969 28.2 0.0666181
243.824 28.228 0.0685124
243.861 28.2238 0.0708291
243.859 28.1934 0.0697512
243.739 28.2764 0.0689005
243.92 28.2353 0.0686648
243.893 28.2912 0.0686579
243.852 28.1865 0.069764
243.932 28.2706 0.0703488
243.881 28.1899 0.0709152
243.85 28.2205 0.069897
243.896 28.2783 0.0675855
243.878 28.2162 0.0666126
243.886 28.2372 0.0692072
243.884 28.2365 0.0691353
243.907 28.3252 0.0693889
243.914 28.2569 0.067985
243.861 28.2811 0.0684663
243.858 28.262 0.0662392
243.882 28.2302 0.0717859
243.943 28.1973 0.0703783
243.921 28.2707 0.0661976
243.883 28.1328 0.0677953
243.86 28.2871 0.0704134
243.874 28.1694 0.0678879
243.836 28.2175 0.0702364
243.873 28.2336 0.068097
243.858 28.3039 0.0687261
243.942 28.1653 0.069943
243.974 28.2674 0.0661584
243.857 28.1944 0.0699169
243.736 28.2692 0.0686007
243.91 28.1957 0.067279
243.844 28.2238 0.0683812
243.872 28.2644 0.0695164
243.939 28.2376 0.0719742
243.884 28.2341 0.0693082
243.92 28.2168 0.069274
243.865 28.2761 0.0685248
243.882 28.17 0.0697722
243.834 28.3027 0.0681819
243.899 28.296 0.0675655
243.85 28.3803 0.0671632
243.916 28.2622 0.0659642
243.818 28.2859 0.0702207
243.867 28.2827 0.0701759
243.921 28.2337 0.0694342
243.827 28.2284 0.0686781
243.906 28.1571 0.0679717
243.931 28.268 0.0686291
243.816 28.2448 0.0704808
243.82 28.1609 0.0691005
243.735 28.2803 0.0688324
243.89 28.1659 0.0698129
243.841 28.2217 0.0684479
243.853 28.2216 0.0699782
243.861 28.2327 0.0693684
243.907 28.2241 0.0690781
243.94 28.2373 0.0685909
243.918 28.2763 0.0688607
243.91 28.2014 0.0677461
243.834 28.2146 0.0689387
243.866 28.2755 0.0686283
243.857 28.2638 0.0665006
243.915 28.2348 0.068705
243.947 28.2149 0.0723788
243.91 28.1977 0.0714449
243.816 28.285 0.0703132
243.877 28.1588 0.0690009
243.9 28.212 0.0683062
243.825 28.2276 0.0686467
243.916 28.2111 0.0688555
243.886 28.3174 0.0677694
243.736 28.2714 0.0687106
243.738 28.2758 0.0687584
243.89 28.1186 0.0684728
243.913 28.1884 0.0674229
243.865 28.2328 0.0700264
243.92 28.2167 0.0692425
243.879 28.2145 0.0719573
243.838 28.3017 0.0691303
243.886 28.176 0.06877
243.911 28.2031 0.0678345
243.861 28.2722 0.06856
243.879 28.1721 0.0696941
243.908 28.2479 0.0680396
243.86 28.2612 0.0664757
243.863 28.2683 0.0663769
243.926 28.1725 0.0679751
243.819 28.3568 0.070559
243.863 28.199 0.0692743
243.874 28.1659 0.0680271
243.797 28.2039 0.0708421
243.899 28.2181 0.0683628
243.823 28.2232 0.0685811
243.929 28.275 0.0694787
243.82 28.2469 0.0702307
243.909 28.2473 0.068864
243.822 28.1618 0.0690625
243.746 28.2732 0.0686953
243.736 28.2779 0.0687531
243.91 28.201 0.0698921
243.818 28.2608 0.0734991
243.847 28.2239 0.0682968
243.901 28.3409 0.0672956
243.841 28.3078 0.0691722
243.92 28.21 0.0690965
243.872 28.1717 0.0694537
243.902 28.1424 0.0659453
243.832 28.3074 0.0678021
243.838 28.2551 0.0706936
243.889 28.2246 0.0685154
243.861 28.1971 0.0693937
243.817 28.2966 0.0702857
243.835 28.2131 0.0701552
243.84 28.2166 0.0702399
243.938 28.2708 0.0678284
243.903 28.2163 0.0682172
243.927 28.2774 0.0683732
243.937 28.1657 0.0698817
243.855 28.2938 0.0700472
243.733 28.2699 0.0687242
243.868 28.163 0.0698199
243.892 28.2072 0.0705337
243.873 28.1654 0.0714981
243.9 28.341 0.0673448
243.942 28.2921 0.069218
243.887 28.184 0.0687779
243.883 28.1752 0.0714852
243.918 28.2224 0.0666728
243.91 28.2975 0.0695595
243.923 28.2792 0.0662931
243.869 28.1333 0.0700402
243.886 28.1846 0.0700601
243.855 28.2913 0.069692
243.878 28.1708 0.0679759
243.931 28.2219 0.0690141
243.824 28.2251 0.0683833
244.013 28.2082 0.0707283
243.901 28.2581 0.0689743
243.856 28.23 0.070715
243.896 28.1668 0.0702618
243.821 28.1636 0.0690509
243.823 28.155 0.0690578
243.819 28.1635 0.069097
243.74 28.2748 0.0687498
243.909 28.2014 0.0698008
243.89 28.1204 0.0685571
243.845 28.2272 0.0683263
243.844 28.2255 0.0684101
243.852 28.2227 0.0699258
243.909 28.3447 0.06706
243.886 28.2397 0.0691303
243.914 28.2571 0.0692016
243.937 28.2855 0.0678387
244 28.3204 0.0689087
243.897 28.2862 0.0692122
243.927 28.1752 0.0680762
243.838 28.2548 0.0709158
243.916 28.2582 0.066054
243.911 28.2011 0.0713035
243.879 28.1674 0.0679913
243.789 28.1979 0.0708164
243.898 28.2157 0.0683584
243.826 28.2245 0.068614
243.899 28.2432 0.0670129
243.94 28.1723 0.0700191
243.818 28.2503 0.0703734
243.814 28.2522 0.0703924
243.946 28.2425 0.068576
243.825 28.1583 0.0692212
243.732 28.2793 0.0687986
243.91 28.2562 0.0701903
243.827 28.2303 0.0712867
243.897 28.1912 0.0681731
243.952 28.2651 0.0686573
243.853 28.3031 0.0690309
243.884 28.237 0.0689829
243.923 28.2173 0.0701068
243.904 28.2675 0.0687143
243.862 28.2677 0.0664738
243.916 28.3232 0.0692324
243.92 28.2377 0.0684799
243.864 28.1376 0.0699403
243.903 28.1991 0.0703502
243.874 28.1726 0.0680681
243.874 28.1708 0.0681031
243.797 28.2004 0.0706929
243.791 28.1984 0.0707978
243.876 28.3157 0.0693045
243.881 28.2369 0.0681087
243.915 28.2274 0.069032
243.902 28.3005 0.0685678
243.904 28.2127 0.0676583
243.812 28.2472 0.0705025
243.74 28.2759 0.0687677
243.908 28.1955 0.0698681
243.834 28.2307 0.0711485
243.885 28.2048 0.0704429
243.845 28.222 0.0685749
243.904 28.2312 0.0689014
243.877 28.223 0.0666504
243.92 28.2707 0.0688372
243.91 28.2555 0.0680455
243.858 28.2751 0.0687978
243.859 28.2817 0.0684427
243.826 28.1377 0.0701204
243.857 28.27 0.0665982
243.926 28.2039 0.0672689
243.882 28.2296 0.0699677
243.852 28.156 0.0688271
243.873 28.1652 0.0680311
243.876 28.1756 0.0681301
243.871 28.3223 0.0691242
243.919 28.2236 0.0689929
243.895 28.1535 0.0692427
243.882 28.3189 0.067735
243.933 28.1192 0.0665701
243.909 28.2465 0.068982
243.856 28.1944 0.0699433
243.861 28.1901 0.0699406
243.736 28.2802 0.0689229
243.835 28.2312 0.0712638
243.899 28.1157 0.0686013
243.842 28.2239 0.0681996
243.909 28.208 0.0727253
243.926 28.3064 0.0703468
243.845 28.3083 0.0675673
243.836 28.2184 0.0691734
243.88 28.1729 0.0695776
243.834 28.1393 0.070181
243.83 28.3047 0.0679808
243.941 28.2169 0.0703382
243.91 28.228 0.0696295
243.88 28.1699 0.0680563
243.878 28.1586 0.0688461
243.821 28.2262 0.0685386
243.896 28.2571 0.0691557
243.817 28.2527 0.0702918
243.86 28.1993 0.0700661
243.737 28.2724 0.0686993
243.94 28.2348 0.0694986
243.852 28.1854 0.0698476
243.909 28.1919 0.0673354
243.899 28.198 0.0684371
243.823 28.2092 0.0716602
243.841 28.224 0.0683676
243.854 28.2202 0.0698636
243.871 28.298 0.0689195
243.93 28.1812 0.0658816
241.708 34.6652 0.0758275
243.792 28.3675 0.0683279
243.804 28.2603 0.0692637
243.902 28.2351 0.0665364
243.856 28.2264 0.067994
243.861 28.2415 0.0677939
243.826 28.2608 0.0683292
243.848 28.1927 0.0703768
243.844 28.3187 0.068912
243.819 28.2761 0.0700296
243.813 28.2349 0.0673499
243.807 28.1952 0.0689398
243.801 28.198 0.068798
243.863 28.2487 0.0675777
243.894 28.2556 0.0689288
243.89 28.3277 0.0671995
243.86 28.1838 0.0679323
243.88 28.2781 0.0692481
243.85 28.2617 0.0708337
243.898 28.2808 0.0684268
243.852 28.3103 0.0700227
243.844 28.2966 0.070156
243.876 28.2298 0.0697036
243.948 28.2026 0.0681473
243.845 28.2128 0.0684035
243.783 28.1983 0.0721762
243.89 28.2357 0.0678547
243.911 28.2784 0.0665554
243.873 28.2545 0.0697319
243.907 28.1823 0.0696881
243.87 28.2316 0.0685953
243.938 28.1373 0.0646436
243.77 28.3183 0.0681352
243.935 28.3097 0.0667773
243.865 28.2383 0.0683213
243.871 28.2156 0.0667822
243.864 28.2225 0.0686543
243.86 28.2405 0.0679266
243.889 28.3018 0.0691844
243.788 28.2116 0.0708318
243.828 28.162 0.0702383
243.84 28.1978 0.0704888
243.902 28.3851 0.0695777
243.813 28.2341 0.067287
243.816 28.2359 0.0671836
243.802 28.1971 0.0686642
243.955 28.217 0.0671212
243.906 28.3127 0.0692378
243.89 28.2237 0.0693531
243.872 28.268 0.068905
243.892 28.2272 0.0682284
243.772 28.3047 0.0653578
243.905 28.1772 0.0679554
243.883 28.282 0.0689886
243.911 28.2074 0.0679991
243.897 28.2555 0.0710923
243.866 28.1856 0.068793
243.879 28.2821 0.066749
243.803 28.2297 0.0707142
243.905 28.258 0.0689568
243.844 28.2122 0.0683966
243.795 28.2841 0.069229
243.786 28.1987 0.072096
243.961 28.2812 0.0679669
243.883 28.2364 0.067962
243.974 28.3306 0.0691853
243.751 28.2603 0.0688572
243.855 28.2221 0.0686813
243.883 28.281 0.0674923
243.902 28.3025 0.0730636
243.763 28.3224 0.0679283
243.806 28.2561 0.0699332
243.951 28.1833 0.068896
243.832 28.281 0.0684418
243.86 28.2467 0.0677791
243.824 28.2563 0.0683635
243.827 28.1532 0.0701848
243.837 28.3077 0.0696176
243.847 28.3234 0.0694522
243.906 28.2493 0.0669225
243.862 28.1319 0.0691459
243.834 28.2505 0.0688214
243.86 28.1838 0.067869
243.884 28.3156 0.0702959
243.847 28.2642 0.0708655
243.865 28.2518 0.0699111
243.881 28.3165 0.0691471
243.812 28.2389 0.0706631
243.895 28.2294 0.0705962
243.895 28.2101 0.0706662
243.792 28.2804 0.0682482
243.792 28.2873 0.0691621
243.869 28.2091 0.0697394
243.907 28.2164 0.0685277
243.822 28.163 0.0690383
243.746 28.2676 0.0689646
243.895 28.2959 0.0664406
243.879 28.2658 0.0681455
243.858 28.1874 0.0715826
243.803 28.2485 0.0699454
243.766 28.3211 0.0679646
243.86 28.2307 0.0682524
243.869 28.2994 0.0694997
243.829 28.2831 0.0683562
243.87 28.1643 0.0706008
243.856 28.2388 0.0676763
243.862 28.2379 0.0677292
243.823 28.2573 0.0684617
243.677 28.3233 0.0727951
243.835 28.3096 0.0695624
243.844 28.3163 0.0687654
243.811 28.2348 0.0673528
243.8 28.1877 0.0686396
243.903 28.2315 0.0685632
243.869 28.2476 0.0677902
243.833 28.2525 0.0687566
243.894 28.3275 0.0674128
243.767 28.2913 0.0654006
243.772 28.2997 0.0654244
243.875 28.1731 0.0721193
243.841 28.2513 0.0697998
243.895 28.2861 0.0684892
243.81 28.2329 0.0706782
243.88 28.247 0.0680999
243.837 28.2067 0.0682144
243.82 28.1739 0.071227
243.897 28.284 0.06771
243.895 28.3204 0.0658775
243.751 28.2653 0.0687441
243.871 28.2534 0.0697456
243.879 28.2797 0.0674645
243.831 28.304 0.0680797
243.851 28.1905 0.0714056
243.862 28.2831 0.0672061
243.862 28.2316 0.0683781
243.871 28.212 0.066947
243.861 28.2402 0.067865
243.856 28.2406 0.0679901
243.877 28.2064 0.0719363
243.824 28.2539 0.0685408
243.671 28.3219 0.0727734
243.866 28.2507 0.0696127
243.821 28.2367 0.0673419
243.808 28.1912 0.0687373
243.934 28.1976 0.0668625
243.869 28.2447 0.067569
243.864 28.2511 0.0677235
243.868 28.2939 0.0672834
243.768 28.2961 0.06515
243.819 28.253 0.0697413
243.873 28.2528 0.067935
243.895 28.2682 0.0703401
243.849 28.3117 0.0700461
243.945 28.2958 0.0676601
243.907 28.2477 0.0687435
243.8 28.2819 0.0692307
243.891 28.285 0.0710869
243.906 28.3043 0.0675342
243.819 28.167 0.0692095
243.745 28.2705 0.0688716
243.884 28.2828 0.0675771
243.895 28.2778 0.0675933
243.85 28.1912 0.0715604
243.925 28.231 0.0677314
243.805 28.2626 0.0699609
243.787 28.3702 0.0681805
243.81 28.26 0.0692722
243.903 28.2343 0.0666685
243.86 28.2289 0.0679921
243.908 28.2659 0.0707697
243.886 28.2984 0.069065
243.778 28.2121 0.0707583
243.823 28.1612 0.070126
243.822 28.2709 0.0699521
243.818 28.2362 0.0673379
243.859 28.2384 0.0694624
243.887 28.2639 0.0686244
243.928 28.2862 0.0694228
243.843 28.1763 0.07031
243.865 28.2585 0.0690689
243.893 28.22 0.0678507
243.873 28.2517 0.0680774
243.857 28.1881 0.0689263
243.857 28.3214 0.0679966
243.829 28.2562 0.070654
243.931 28.2176 0.0672805
243.876 28.2854 0.070386
243.841 28.2116 0.0685413
243.837 28.2109 0.0682549
243.787 28.2005 0.0720854
243.911 28.2217 0.0684937
243.934 28.2586 0.0688337
243.821 28.1651 0.0690245
243.75 28.2659 0.0690442
243.854 28.2154 0.0688265
243.889 28.2869 0.0671902
243.883 28.2609 0.0680128
243.8 28.2598 0.0698587
243.805 28.2524 0.070108
243.808 28.2638 0.0692516
243.858 28.2304 0.0684065
243.874 28.2198 0.0666943
243.867 28.1641 0.0705177
243.853 28.2374 0.0678516
243.867 28.3311 0.0689685
243.826 28.2586 0.0683482
243.843 28.186 0.0704727
243.817 28.2361 0.0672639
243.817 28.2343 0.067221
243.854 28.2419 0.0694468
243.903 28.2536 0.0670121
243.885 28.2654 0.06898
243.842 28.1816 0.0703279
243.901 28.2804 0.0677111
243.768 28.3046 0.0654774
243.876 28.2539 0.0680472
243.855 28.2621 0.0707224
243.873 28.2748 0.0706936
243.896 28.2585 0.0705186
243.887 28.2615 0.0702581
243.859 28.1893 0.0689114
243.866 28.2523 0.0695483
243.81 28.233 0.070642
243.834 28.2503 0.0706909
243.94 28.2164 0.0672329
243.882 28.2284 0.0698467
243.822 28.2953 0.0701429
243.791 28.2799 0.0684493
243.814 28.1788 0.071359
243.936 28.2576 0.0689224
243.744 28.2665 0.0687933
243.851 28.2185 0.0686594
243.88 28.2619 0.0681333
243.801 28.2627 0.0699273
243.857 28.286 0.067306
243.856 28.2279 0.0685529
243.874 28.2155 0.0668007
243.794 28.2688 0.0721169
243.854 28.2386 0.0676541
243.836 28.2575 0.0685053
243.826 28.2571 0.0683829
243.78 28.2033 0.0709487
243.891 28.2342 0.0680834
243.816 28.2293 0.0672399
243.841 28.174 0.071358
243.902 28.2459 0.0668163
243.916 28.284 0.0689673
243.836 28.2548 0.068675
243.837 28.26 0.0659838
243.889 28.2227 0.0681478
243.883 28.2731 0.0689059
243.873 28.1756 0.0723651
243.889 28.2873 0.0686352
243.825 28.2546 0.0706061
243.846 28.2991 0.0701917
243.95 28.1988 0.0680273
243.793 28.2744 0.0681508
243.786 28.1993 0.0719545
243.868 28.2055 0.0697696
243.943 28.2445 0.0669949
243.754 28.2694 0.0690023
243.932 28.3042 0.0694169
243.895 28.2781 0.067721
243.885 28.3353 0.0676795
243.801 28.2609 0.0701213
243.804 28.2661 0.0691277
243.87 28.3319 0.0715393
243.863 28.2152 0.0684626
243.856 28.2399 0.0678173
243.837 28.2542 0.0685427
243.783 28.2052 0.0711034
244.007 28.303 0.0667021
243.838 28.3033 0.0697844
243.817 28.227 0.0671364
243.822 28.2298 0.0671274
243.818 28.2363 0.0672265
243.803 28.191 0.0688194
243.878 28.1838 0.069116
243.869 28.2472 0.0675774
243.893 28.2454 0.0692328
243.893 28.2221 0.0691793
243.907 28.2634 0.0682041
243.767 28.2974 0.0653122
243.896 28.1792 0.067896
243.906 28.2042 0.0678339
243.868 28.2547 0.0680977
243.833 28.3061 0.0711751
243.91 28.189 0.068776
243.846 28.252 0.0698364
243.859 28.3211 0.0680698
243.831 28.2521 0.0705516
243.875 28.2287 0.0697898
243.83 28.2919 0.0702367
243.788 28.281 0.0681751
243.787 28.2806 0.0684373
243.824 28.2258 0.0717507
243.855 28.2759 0.0723429
243.956 28.3001 0.0659031
243.82 28.1649 0.0690225
243.874 28.2597 0.0695737
243.908 28.1844 0.0695748
243.888 28.2764 0.0675767
243.881 28.3347 0.0679167
243.887 28.3307 0.0677244
243.768 28.3269 0.0680989
243.809 28.2592 0.0692015
243.928 28.304 0.0666987
243.838 28.226 0.0698873
243.838 28.2265 0.0698976
243.829 28.2842 0.0684476
243.863 28.2151 0.0683217
243.849 28.2396 0.0680042
243.852 28.2416 0.0678339
243.825 28.2571 0.068447
243.784 28.208 0.0708908
243.84 28.193 0.0705004
243.91 28.2122 0.0698199
243.845 28.3213 0.0693435
243.848 28.3193 0.0694174
243.882 28.1851 0.0690619
243.889 28.2484 0.0691771
243.828 28.2593 0.0660163
243.833 28.2609 0.0661154
243.769 28.302 0.0654704
243.868 28.1898 0.0665818
243.868 28.1873 0.0688144
243.864 28.3199 0.0679273
243.894 28.3027 0.0655059
243.829 28.2545 0.07159
243.843 28.2132 0.0682968
243.786 28.2761 0.0682004
243.798 28.2846 0.069141
243.881 28.2247 0.0702624
243.82 28.1574 0.0690854
243.949 28.3082 0.0676461
243.748 28.2655 0.0689475
243.868 28.2601 0.0695963
243.878 28.2527 0.0697439
243.907 28.267 0.0707479
243.867 28.2354 0.0686008
243.766 28.3172 0.0680186
243.854 28.2292 0.0683976
243.829 28.2826 0.0685255
243.874 28.2189 0.0668781
243.871 28.2134 0.0666897
243.856 28.2225 0.068016
243.876 28.1572 0.0705092
243.908 28.2706 0.0674513
243.829 28.2502 0.0685069
243.679 28.3237 0.0727397
243.869 28.2508 0.0697075
243.816 28.2334 0.0671349
243.818 28.2321 0.0673094
243.855 28.2439 0.0694129
243.801 28.1931 0.0687566
243.883 28.1876 0.0690802
243.876 28.2624 0.0689952
243.871 28.1292 0.0691971
243.868 28.2612 0.0692487
243.862 28.1812 0.0679753
243.891 28.224 0.0681788
243.903 28.1813 0.0682351
243.878 28.2794 0.0692175
243.882 28.2731 0.0706736
243.854 28.2735 0.0711066
243.825 28.2488 0.0707707
243.881 28.2484 0.0682685
243.789 28.2841 0.0683356
243.789 28.2808 0.0682919
243.782 28.1938 0.0720934
243.887 28.2357 0.067976
243.932 28.2596 0.0672773
243.818 28.1629 0.0691088
243.745 28.2716 0.0689275
243.851 28.2153 0.0686206
243.866 28.232 0.0684667
243.923 28.2243 0.06781
243.877 28.3347 0.0677635
243.81 28.2626 0.0690693
243.81 28.2692 0.0691462
243.865 28.3118 0.0711867
243.903 28.2333 0.0664185
243.893 28.3199 0.0698929
243.86 28.2181 0.0686034
243.833 28.2565 0.0686719
243.825 28.1572 0.0700904
243.904 28.2573 0.0692413
243.906 28.2525 0.0692021
243.822 28.269 0.0697975
243.822 28.2682 0.0699749
243.82 28.2339 0.067327
243.845 28.1735 0.0713663
243.905 28.2469 0.0669725
243.857 28.3853 0.0685182
243.835 28.2583 0.0660176
243.838 28.2621 0.0659949
243.903 28.2564 0.068913
243.855 28.174 0.0704458
243.881 28.2163 0.0694499
243.905 28.2466 0.069803
243.936 28.2201 0.0672594
243.84 28.2107 0.0681873
243.822 28.1738 0.0711982
243.787 28.1985 0.0721424
243.914 28.2213 0.0707157
243.866 28.2211 0.069932
243.82 28.1687 0.0691726
243.743 28.2651 0.0688838
243.837 28.3007 0.0681357
243.802 28.259 0.0699039
243.859 28.2892 0.0672136
243.803 28.2592 0.0701736
243.906 28.236 0.0664571
243.867 28.22 0.0688057
243.855 28.2359 0.0678516
243.837 28.2567 0.0684936
243.825 28.1628 0.0701919
243.832 28.3063 0.069724
243.88 28.2322 0.0703704
243.806 28.1897 0.0688287
243.93 28.2583 0.0708644
243.922 28.2815 0.0687264
243.845 28.174 0.0703318
243.824 28.2416 0.070501
243.861 28.1834 0.0679627
243.861 28.1893 0.0681334
243.899 28.2579 0.068884
243.878 28.1827 0.0664224
243.878 28.2711 0.0707856
243.867 28.2193 0.069346
243.851 28.3182 0.0699984
243.831 28.2562 0.0707232
243.914 28.2288 0.0687805
243.935 28.2146 0.0672515
243.933 28.2141 0.0670999
243.843 28.2166 0.0681629
243.79 28.2797 0.0683916
243.924 28.2664 0.0702176
243.96 28.3023 0.0658257
243.919 28.2721 0.0664494
243.749 28.2676 0.0689892
243.746 28.2673 0.0689244
243.853 28.2162 0.0687214
243.903 28.2985 0.0663502
243.873 28.2296 0.0685661
243.771 28.3217 0.0679758
243.932 28.2154 0.0713592
243.862 28.2336 0.0683792
243.859 28.2318 0.0685974
243.831 28.2267 0.0698647
243.861 28.2935 0.0694634
243.85 28.2243 0.0678109
243.867 28.162 0.0704829
243.835 28.2564 0.0686601
243.829 28.1574 0.0700681
243.891 28.2426 0.0681964
243.819 28.2331 0.0673191
243.855 28.241 0.0692776
243.886 28.1831 0.0692423
243.879 28.2652 0.0689198
243.871 28.2618 0.0690263
243.868 28.1362 0.0691619
243.893 28.3238 0.0672936
243.773 28.2983 0.0655507
243.772 28.2958 0.065592
243.91 28.215 0.0675648
243.858 28.1722 0.0704403
243.908 28.2982 0.071543
243.833 28.2539 0.0708385
243.878 28.2489 0.0682481
243.785 28.2771 0.0683604
243.783 28.2761 0.068332
243.888 28.2786 0.0728393
243.932 28.2597 0.0671705
243.823 28.1631 0.0692058
243.742 28.2669 0.0686165
243.904 28.3038 0.0666773
243.893 28.2854 0.0677381
243.943 28.1398 0.0646347
243.884 28.3352 0.0677152
243.767 28.3217 0.0679144
243.81 28.2633 0.0691938
243.856 28.2344 0.0686348
243.829 28.2812 0.0682782
243.871 28.1595 0.0706692
243.823 28.2578 0.0683109
243.781 28.2103 0.0709704
243.964 28.2251 0.0683463
243.903 28.2525 0.0690178
243.848 28.3122 0.068802
243.816 28.271 0.0699657
243.811 28.24 0.0670644
243.86 28.243 0.0693738
243.788 28.3941 0.0680082
243.867 28.1312 0.0691769
243.841 28.2553 0.0688034
243.837 28.2601 0.0660906
243.766 28.295 0.065435
243.879 28.2576 0.0680818
243.876 28.2537 0.0681063
243.191 21.0652 0.0323435
243.889 28.2616 0.068694
243.854 28.1608 0.0695592
243.871 28.2577 0.0704198
243.816 28.1931 0.0689947
243.821 28.1945 0.0690212
243.921 28.163 0.066122
243.916 28.1342 0.0707917
243.807 28.1416 0.0703434
243.908 28.249 0.0717661
243.84 28.2234 0.069525
243.843 28.2209 0.0695691
243.806 28.1878 0.0702299
243.905 28.2551 0.0667349
243.903 28.2539 0.0668389
243.832 28.2537 0.0677449
243.827 28.2606 0.0678308
243.831 28.2609 0.0677692
243.839 28.1684 0.0684888
243.837 28.1769 0.0684004
243.916 28.2875 0.0687501
243.9 28.2479 0.0703012
243.843 28.1562 0.0686151
243.871 28.1714 0.0689457
243.772 28.2644 0.0693426
243.772 28.267 0.0691012
243.77 28.2738 0.0692133
243.772 28.2722 0.0692148
243.849 28.2579 0.0676176
243.89 28.2266 0.0691062
243.9 28.238 0.0699027
243.825 28.1788 0.0704456
243.874 28.1788 0.0694461
243.921 28.2249 0.0688499
243.905 28.1548 0.0686576
243.888 28.2939 0.0714163
243.883 28.2792 0.0669092
243.856 28.2884 0.0673061
243.787 28.2029 0.0699271
243.786 28.2052 0.0699558
243.894 28.2017 0.0692336
243.912 28.2639 0.0680381
243.851 28.1661 0.0661467
243.825 28.1744 0.0716325
243.938 28.1558 0.0681491
243.864 28.2813 0.0671184
243.889 28.2649 0.0682646
243.91 28.2378 0.0706496
243.85 28.2347 0.0673889
243.849 28.2356 0.0673672
243.896 28.2096 0.0695637
243.857 28.1677 0.0673249
243.814 28.2349 0.0691044
243.847 28.29 0.0713647
243.912 28.1532 0.0710971
243.917 28.2789 0.0696564
243.911 28.1627 0.0681533
243.869 28.2388 0.0655593
243.836 28.2483 0.0684971
243.842 28.2166 0.0695902
243.855 28.2187 0.070548
243.928 28.3708 0.0676016
243.876 28.2252 0.0701635
243.833 28.2572 0.067685
243.835 28.1745 0.0686995
243.861 28.1694 0.0692189
243.829 28.2304 0.0703363
243.836 28.1597 0.0688793
243.872 28.1749 0.0688984
243.951 28.3063 0.0697169
243.848 28.2559 0.0677701
243.889 28.2235 0.0688579
243.862 28.195 0.0686254
243.863 28.1913 0.0688036
243.954 28.2079 0.0694948
243.819 28.1759 0.0703804
243.986 28.2063 0.0674937
243.872 28.2798 0.0678365
243.913 28.1731 0.0680501
243.852 28.2917 0.0673965
243.787 28.2023 0.0700173
243.814 28.2395 0.0687323
243.82 28.2402 0.0687626
243.957 28.1416 0.0681125
243.955 28.1336 0.0681726
243.847 28.3054 0.0711036
243.867 28.2861 0.0677058
243.929 28.2504 0.0695822
243.85 28.1882 0.0718947
243.889 28.1932 0.0708074
243.848 28.2337 0.067429
243.886 28.2993 0.069999
243.85 28.164 0.0674625
243.855 28.1648 0.0674349
243.813 28.2335 0.0689286
243.803 28.1921 0.0706731
243.846 28.2859 0.0712372
243.821 28.285 0.0698738
243.931 28.1611 0.0702491
243.892 28.234 0.066748
243.81 28.2566 0.0705128
243.878 28.1546 0.069617
243.819 28.1948 0.0689136
243.886 28.1925 0.0707549
243.94 28.2662 0.0703127
243.853 28.2481 0.0685992
243.897 28.2711 0.0695032
243.949 28.2234 0.0700621
243.803 28.1876 0.0703368
243.884 28.1525 0.0704509
243.956 28.2415 0.0709803
243.894 28.1191 0.071423
243.838 28.1709 0.0686857
243.864 28.168 0.0693571
243.8 28.2712 0.0695357
243.864 28.2524 0.0709397
243.836 28.2684 0.0663523
243.843 28.2687 0.068494
243.777 28.2704 0.0691041
243.888 28.2956 0.0687137
243.864 28.1813 0.0709366
243.829 28.3214 0.0702956
243.902 28.2585 0.0676838
243.872 28.1755 0.0693058
243.855 28.2037 0.0703823
243.9 28.1514 0.06875
243.899 28.2572 0.0680722
243.781 28.2012 0.0699223
243.785 28.1984 0.0701849
243.892 28.2021 0.0690582
243.923 28.3268 0.0650619
243.853 28.2547 0.0709331
243.856 28.2753 0.0671193
243.888 28.2602 0.0682781
243.898 28.1102 0.0682571
243.884 28.198 0.0709143
243.851 28.2034 0.0676342
243.851 28.2321 0.0673883
243.927 28.2964 0.0696357
243.905 28.3035 0.0669091
243.852 28.1647 0.0673581
243.917 28.2953 0.06839
243.8 28.1962 0.0708152
243.872 28.2268 0.0680346
243.832 28.2366 0.0705724
243.82 28.1969 0.0690495
243.925 28.2042 0.0669912
243.952 28.3102 0.0671333
243.927 28.2502 0.0701184
243.804 28.1901 0.0701492
243.804 28.1845 0.0702712
243.864 28.1801 0.0702999
243.877 28.2364 0.0671111
243.831 28.1711 0.0685982
243.881 28.2982 0.0663847
243.827 28.2295 0.0705686
243.887 28.2646 0.0697742
243.836 28.272 0.0663711
243.778 28.2662 0.0691985
243.772 28.2657 0.0691646
243.891 28.2948 0.0685368
243.866 28.1927 0.0686262
243.858 28.1833 0.0709852
243.842 28.2522 0.069748
243.872 28.1743 0.0695859
243.922 28.199 0.0709753
243.918 28.2317 0.070253
243.857 28.2912 0.0672552
243.945 28.2283 0.0667928
243.786 28.2019 0.0700323
243.788 28.1977 0.0700298
243.903 28.2294 0.0643485
243.816 28.2391 0.0687983
243.827 28.1763 0.0712959
243.852 28.2526 0.0709021
243.897 28.1766 0.066526
243.888 28.2424 0.0674496
243.909 28.2562 0.0676084
243.92 28.167 0.0674076
243.843 28.2343 0.0673843
243.926 28.2155 0.0694221
243.814 28.2352 0.0692808
243.819 28.2891 0.0697744
243.859 28.1596 0.0692168
243.827 28.2409 0.0705102
243.823 28.1905 0.0690567
243.804 28.1463 0.0702986
243.849 28.3006 0.0702569
243.842 28.2231 0.0710317
243.854 28.3264 0.0696704
243.807 28.1877 0.0703128
243.905 28.2486 0.0668672
243.907 28.2526 0.0667842
243.836 28.2594 0.0677333
243.884 28.3083 0.0664853
243.828 28.221 0.0704362
243.827 28.2242 0.070397
243.83 28.2262 0.0704672
243.835 28.2686 0.066217
243.836 28.2699 0.0663561
243.844 28.2754 0.0686339
243.778 28.2684 0.0692655
243.883 28.2711 0.0682584
243.886 28.2689 0.068065
243.851 28.2549 0.0676465
243.863 28.2671 0.0659056
243.882 28.3005 0.0684421
243.833 28.2747 0.0686874
243.893 28.2446 0.0709336
243.822 28.1745 0.0704782
243.844 28.248 0.0697883
243.927 28.2944 0.0676306
243.792 28.2325 0.0713989
243.823 28.2417 0.0731533
243.954 28.2169 0.0669319
243.887 28.277 0.0671109
243.901 28.2479 0.0681693
243.789 28.1976 0.0700164
243.908 28.2276 0.0643104
243.814 28.239 0.0687213
243.828 28.1753 0.0714545
243.864 28.2904 0.0675335
243.914 28.2668 0.0685921
243.97 28.1459 0.0688442
243.886 28.194 0.0709576
243.924 28.1731 0.0674085
243.851 28.2337 0.0673537
243.916 28.3009 0.0699602
243.81 28.2318 0.0690829
243.802 28.202 0.0705708
243.854 28.1645 0.0692022
243.81 28.2626 0.0707714
243.921 28.1699 0.0660005
243.802 28.1468 0.0703069
243.951 28.318 0.0671122
243.845 28.2211 0.0712703
243.918 28.243 0.0697594
243.802 28.1884 0.0703662
243.803 28.1887 0.0702957
243.94 28.3371 0.0673093
243.834 28.1695 0.0684831
243.863 28.1647 0.0691679
243.843 28.1526 0.068857
243.833 28.2689 0.0663078
243.849 28.266 0.0687038
243.883 28.2084 0.0670149
243.877 28.2592 0.068013
243.856 28.2556 0.0677106
243.898 28.2222 0.0689607
243.833 28.3213 0.0702678
243.834 28.3245 0.0702941
243.842 28.2479 0.0713066
243.873 28.1731 0.06938
243.892 28.2035 0.0699376
243.914 28.173 0.0681198
243.832 28.247 0.0706039
243.91 28.2304 0.0702881
243.898 28.1956 0.0678828
243.839 28.1585 0.0714432
243.848 28.1641 0.0661135
243.85 28.2847 0.0669688
243.85 28.2813 0.0673613
243.858 28.2766 0.0672433
243.859 28.2803 0.0689639
243.931 28.1482 0.069867
243.869 28.2308 0.0714039
243.852 28.2055 0.0676094
243.852 28.2055 0.0673551
243.854 28.2342 0.0672288
243.851 28.237 0.0672593
243.903 28.2947 0.0666403
243.848 28.2523 0.0725526
243.818 28.2329 0.0691991
243.8 28.1918 0.0706908
243.897 28.228 0.0712059
243.824 28.2896 0.0697763
243.855 28.1581 0.0691771
243.856 28.1617 0.0693201
243.894 28.2386 0.0669171
243.819 28.194 0.0691076
243.879 28.2374 0.0657075
243.801 28.1482 0.0702976
243.841 28.2527 0.0684668
243.885 28.2573 0.0701015
243.946 28.283 0.0685393
243.91 28.2183 0.0680246
243.798 28.2217 0.071837
243.876 28.2302 0.0671707
243.83 28.2588 0.0678493
243.836 28.1747 0.0684175
243.83 28.2293 0.0703582
243.842 28.1609 0.0686226
243.836 28.2749 0.0664256
243.778 28.2663 0.0692462
243.775 28.27 0.0691666
243.863 28.2642 0.0658876
243.86 28.1828 0.0710217
243.848 28.2463 0.0699246
243.847 28.2463 0.0715372
243.789 28.2379 0.0714629
243.936 28.2162 0.0691544
243.903 28.1481 0.0688555
243.854 28.2914 0.0671134
243.785 28.2036 0.0701254
243.848 28.2624 0.0716924
243.901 28.2324 0.0644456
243.815 28.2447 0.0688619
243.823 28.1818 0.0713679
243.926 28.3278 0.0712451
243.857 28.1696 0.0698462
243.885 28.2008 0.0712092
243.885 28.217 0.0704277
243.929 28.28 0.0687575
243.947 28.2223 0.0703856
243.842 28.2071 0.0676
243.953 28.2436 0.0684983
243.884 28.1925 0.0706743
243.933 28.2574 0.0695938
243.86 28.2939 0.0670796
243.857 28.2925 0.0672119
243.858 28.17 0.0673943
243.953 28.1814 0.0709347
243.799 28.1922 0.0706729
243.817 28.2903 0.0698236
243.88 28.2251 0.0680054
243.876 28.2602 0.0703048
243.819 28.1977 0.0689027
243.819 28.1876 0.0689618
243.874 28.2407 0.0653414
243.84 28.2475 0.0684537
243.844 28.2204 0.069355
243.916 28.1863 0.0695939
243.806 28.1876 0.0702343
243.802 28.2232 0.0716619
243.964 28.2273 0.0681258
243.838 28.2575 0.0676299
243.833 28.2572 0.0676547
243.828 28.1724 0.0683488
243.961 28.3584 0.0683084
243.806 28.2671 0.0696671
243.869 28.2154 0.0721613
243.834 28.1575 0.0688502
243.842 28.158 0.0687342
243.844 28.157 0.0688686
243.841 28.2687 0.0663381
243.884 28.2065 0.067146
243.776 28.2698 0.0692827
243.771 28.2678 0.0690599
243.889 28.2227 0.0708153
243.893 28.2268 0.0688479
243.903 28.2409 0.0676592
243.916 28.2778 0.0658939
243.96 28.2212 0.0705011
243.94 28.2787 0.0663339
243.879 28.2816 0.0679337
243.894 28.2826 0.0662377
243.854 28.2848 0.0674589
243.897 28.2911 0.0695674
243.79 28.201 0.0698565
243.784 28.2043 0.0700872
243.913 28.19 0.071791
243.813 28.2386 0.0688287
243.829 28.1753 0.0714382
243.835 28.2403 0.0693392
243.858 28.2871 0.0675294
243.885 28.2274 0.0679651
243.911 28.2547 0.0676896
243.847 28.206 0.0675425
243.847 28.2139 0.0676658
243.898 28.2103 0.0695619
243.852 28.161 0.0673097
243.78 28.2418 0.0719711
243.926 28.2388 0.0692461
243.816 28.2413 0.0715045
243.867 28.2524 0.0705576
243.828 28.2437 0.070416
243.879 28.1479 0.0696162
243.921 28.1315 0.0707426
243.807 28.1543 0.0704303
243.841 28.2236 0.0696322
243.878 28.2873 0.0694989
243.935 28.2246 0.0683333
243.919 28.1712 0.0694486
243.905 28.2215 0.067962
243.9 28.2496 0.0668815
243.865 28.1858 0.0705016
243.831 28.2573 0.0678903
243.879 28.3018 0.0663752
243.862 28.1716 0.0692124
243.827 28.2316 0.0703566
243.844 28.1537 0.068765
243.838 28.2722 0.0661546
243.886 28.2087 0.0669303
243.882 28.207 0.0672167
243.851 28.2505 0.0677126
243.866 28.2678 0.0659944
243.879 28.2055 0.0695978
243.829 28.2774 0.0687553
243.958 28.2548 0.0654465
244.008 28.1698 0.0666361
243.916 28.207 0.0693953
243.892 28.2001 0.0699065
243.907 28.1457 0.0688027
243.914 28.155 0.0697424
243.897 28.2418 0.0693735
243.918 28.1651 0.0667185
243.816 28.2464 0.0688043
243.893 28.3039 0.0674576
243.835 28.2462 0.0690899
243.869 28.2906 0.0677352
243.901 28.1735 0.0664727
243.887 28.25 0.0674304
243.917 28.1689 0.0675496
243.85 28.2113 0.0675658
243.856 28.3155 0.0684775
243.859 28.2929 0.0673145
243.852 28.1633 0.0674639
243.789 28.2381 0.0720116
243.995 28.1988 0.0675927
243.819 28.2912 0.069802
243.882 28.2715 0.0705979
243.826 28.2342 0.070688
243.922 28.2828 0.0698334
243.931 28.2054 0.0671291
243.926 28.2037 0.0669556
243.917 28.135 0.0708374
243.848 28.2976 0.0700035
243.891 28.2591 0.0701647
243.942 28.2172 0.0700212
243.945 28.2237 0.0701561
243.807 28.2248 0.0714924
243.897 28.2524 0.0666325
243.831 28.1683 0.0685443
243.833 28.1709 0.068662
243.799 28.2704 0.0695905
243.804 28.2732 0.0696031
243.835 28.1555 0.0686746
243.882 28.2618 0.0680172
243.863 28.271 0.0657185
243.867 28.1978 0.0686447
243.858 28.1803 0.070936
243.969 28.1798 0.0671716
243.824 28.175 0.0703609
243.85 28.2476 0.0698763
243.869 28.1813 0.0694635
243.918 28.2026 0.0709732
243.769 28.1656 0.0742618
243.79 28.2019 0.0700081
243.896 28.2533 0.0724929
243.776 28.237 0.0748116
243.81 28.2413 0.0688745
243.926 28.327 0.065102
243.927 28.2046 0.0697572
243.901 28.1714 0.0665529
243.912 28.2563 0.0685853
243.892 28.261 0.0683608
243.875 28.2011 0.0691477
243.852 28.1897 0.0716806
243.945 28.2205 0.0702129
243.889 28.2085 0.0696307
243.909 28.2959 0.0670647
243.858 28.3145 0.0686281
243.781 28.2419 0.0717685
243.781 28.2386 0.0719149
243.817 28.2269 0.069094
243.818 28.2302 0.0691098
243.869 28.2266 0.0680459
243.86 28.3234 0.0700679
243.905 28.1724 0.0679812
243.872 28.2392 0.0655319
243.846 28.2533 0.068603
243.84 28.2468 0.0685575
243.892 28.2464 0.0696245
243.913 28.2532 0.0670459
243.875 28.2265 0.0670978
243.867 28.2281 0.0700844
243.831 28.2582 0.0677076
243.835 28.174 0.0686433
243.859 28.1671 0.0693784
243.846 28.152 0.0687287
243.868 28.1762 0.0688772
243.879 28.21 0.0672215
243.852 28.2581 0.067755
243.856 28.2553 0.0676307
243.867 28.2686 0.065764
243.864 28.192 0.0686297
243.817 28.1794 0.0701901
243.847 28.2456 0.071413
243.932 28.208 0.0692569
243.843 28.3377 0.0707901
243.881 28.2835 0.067841
243.856 28.2058 0.0705442
243.833 28.2465 0.0707885
243.885 28.292 0.0712787
243.933 28.1721 0.0677303
243.948 28.2959 0.0702327
243.942 28.1736 0.0712983
243.93 28.262 0.0702116
243.914 28.2537 0.0706813
243.908 28.1279 0.0693416
243.27 27.2193 0.0488498
