44.292 11.4172 0.170691
44.2843 11.4365 0.172303
44.1335 11.4391 0.170995
44.2179 11.4397 0.170236
44.3674 11.3759 0.16976
44.187 11.4555 0.173097
44.1468 11.4654 0.173604
44.2782 11.365 0.169976
44.24 11.4028 0.171004
44.2577 11.4157 0.17125
44.339 11.3448 0.168812
44.3739 11.3509 0.171032
44.2677 11.4467 0.16883
44.1905 11.4241 0.173016
44.2632 11.3561 0.17403
44.2056 11.3882 0.168965
44.3477 11.3357 0.173633
44.1045 11.429 0.174183
44.2339 11.4317 0.171645
44.3406 11.3594 0.171396
44.2879 11.3038 0.171908
44.2697 11.3345 0.171783
44.2605 11.4559 0.170852
44.227 11.4587 0.170223
44.277 11.3483 0.167572
44.2661 11.3639 0.169167
44.3066 11.4168 0.170296
44.3633 11.4384 0.170171
44.2925 11.3394 0.169359
44.1821 11.371 0.171556
44.1893 11.3565 0.169652
44.193 11.3556 0.169108
44.2813 11.3316 0.169588
44.2336 11.4381 0.174409
44.3498 11.4266 0.169742
44.1508 11.4409 0.172033
44.2827 11.3793 0.170243
44.2892 11.3899 0.171564
44.2487 11.4685 0.171447
44.2796 11.4357 0.172504
44.3606 11.389 0.171379
44.2356 11.2283 0.165897
44.2235 11.4025 0.172057
44.3147 11.4338 0.171083
44.2327 11.3053 0.168538
44.3068 11.4035 0.170929
44.2509 11.3867 0.170059
44.1793 11.3281 0.171068
44.1914 11.4112 0.173307
44.3425 11.4192 0.169653
44.2552 11.3975 0.171311
44.318 11.3086 0.171286
44.1872 11.3573 0.172295
44.167 11.3618 0.172843
44.3413 11.4276 0.168722
44.2654 11.382 0.171637
44.2004 11.3797 0.172269
44.2218 11.4065 0.172092
44.2992 11.3673 0.169538
44.2965 11.3853 0.172302
44.1686 11.4172 0.171684
44.2062 11.408 0.172433
44.2239 11.4363 0.172049
44.1909 11.356 0.169605
44.3147 11.2926 0.169306
44.3881 11.3243 0.170451
44.1744 11.3748 0.173908
44.2277 11.2919 0.171758
44.3384 11.2908 0.169727
44.2161 11.3701 0.171892
44.2268 11.3025 0.171859
44.2611 11.4212 0.170327
44.4013 11.3348 0.171393
44.3008 11.3481 0.168875
44.2646 11.418 0.171201
44.238 11.3986 0.170684
44.3255 11.3301 0.171029
44.1573 11.4057 0.171818
44.2189 11.3452 0.171744
44.2083 11.4068 0.169678
44.2083 11.3349 0.17086
44.3631 11.3685 0.169
44.2942 11.3848 0.17099
44.3144 11.3208 0.169659
44.2338 11.3644 0.171121
44.1931 11.4388 0.169664
44.2165 11.4403 0.170225
44.1984 11.4009 0.16938
44.3442 11.4584 0.169649
44.2196 11.4122 0.169838
44.189 11.4517 0.170887
44.2469 11.3532 0.170976
44.3133 11.3484 0.168723
44.3245 11.2586 0.169278
44.2718 11.3566 0.170366
44.4212 11.3346 0.167794
44.3156 11.3564 0.168044
44.3379 11.2991 0.16673
44.1134 11.4099 0.174111
44.1656 11.4301 0.173255
44.1709 11.4299 0.173811
44.1922 11.3757 0.171083
44.213 11.3847 0.169769
44.2042 11.3598 0.171176
44.2339 11.3752 0.169383
44.2151 11.342 0.171338
44.3169 11.3562 0.170078
44.2891 11.4023 0.173031
44.3061 11.3943 0.171607
44.3687 11.3417 0.170872
44.2898 11.3663 0.167205
44.2946 11.333 0.168897
44.2224 11.2806 0.16903
44.291 11.3302 0.170877
44.1737 11.3533 0.172862
44.0976 11.3404 0.171954
44.1385 11.356 0.174622
44.215 11.4372 0.172483
44.2066 11.4263 0.173134
44.2478 11.3774 0.169007
44.212 11.4469 0.170843
44.3078 11.4136 0.170214
44.2133 11.4244 0.166959
44.1962 11.3678 0.174955
44.1796 11.364 0.170289
44.3022 11.4486 0.168504
44.3078 11.2772 0.165994
44.2279 11.4593 0.172237
44.2281 11.4519 0.173857
44.2244 11.3974 0.172305
44.2826 11.3218 0.170683
44.2954 11.4118 0.167862
44.2223 11.4401 0.171126
44.3173 11.3441 0.169865
44.2179 11.3033 0.172702
44.3084 11.4318 0.16907
44.3339 11.376 0.169014
44.2837 11.3777 0.168572
44.1821 11.4805 0.170416
44.1995 11.3915 0.172443
44.2836 11.2933 0.169992
44.2614 11.2894 0.168946
44.2291 11.393 0.169432
44.404 11.4406 0.172323
44.3581 11.341 0.171744
44.2505 11.3909 0.167681
44.3039 11.3067 0.170154
44.3007 11.342 0.168141
44.1814 11.3445 0.169553
44.3287 11.3549 0.172544
44.2839 11.3659 0.172074
44.2396 11.521 0.170435
44.2144 11.4792 0.171075
44.3333 11.2627 0.169072
44.3547 11.2857 0.169639
44.3114 11.3484 0.168185
44.257 11.341 0.170472
44.1231 11.2734 0.172446
44.3351 11.3709 0.172015
44.2625 11.3357 0.168628
44.2675 11.3369 0.166596
44.3898 11.279 0.16833
44.3048 11.3538 0.168681
44.1914 11.3535 0.172941
44.2498 11.3508 0.172569
44.1699 11.33 0.172719
44.2218 11.4024 0.170685
44.2032 11.3889 0.170252
44.2044 11.3551 0.172045
44.2192 11.4084 0.173067
44.1817 11.4397 0.173371
44.1575 11.4493 0.173735
44.2822 11.3759 0.170462
44.259 11.3424 0.169367
44.3807 11.3493 0.171633
44.2437 11.3986 0.172712
44.2733 11.2926 0.170166
44.1398 11.4536 0.172758
44.2162 11.4194 0.172551
44.1737 11.2417 0.171324
44.2106 11.3942 0.174269
44.2597 11.3313 0.173137
44.2056 11.4225 0.172307
44.1854 11.4453 0.171599
44.3464 11.3412 0.170045
44.287 11.3262 0.169649
44.2654 11.4403 0.17163
44.2751 11.3914 0.172197
44.3781 11.3291 0.166649
44.2526 11.3286 0.167192
44.2415 11.3934 0.1686
44.205 11.4526 0.173735
44.2311 11.3295 0.171301
44.2189 11.4207 0.169938
44.2791 11.3509 0.170318
44.388 11.3283 0.171342
44.1877 11.4501 0.169557
44.23 11.3645 0.171377
44.1443 11.4176 0.167552
44.2964 11.3409 0.168309
44.298 11.3926 0.170572
44.3648 11.4028 0.168825
44.1753 11.4205 0.172929
44.2496 11.2867 0.166923
44.2574 11.3979 0.171728
44.2768 11.4363 0.172378
44.3094 11.4178 0.170015
44.1585 11.3323 0.169447
44.3827 11.3955 0.172205
44.252 11.4175 0.171156
44.2539 11.3647 0.175269
44.3162 11.3512 0.169795
44.2823 11.3899 0.167036
44.2639 11.3928 0.171322
44.3166 11.4023 0.17065
44.1253 11.3005 0.172434
44.3374 11.3701 0.170877
44.2394 11.4472 0.171678
44.1676 11.4209 0.170754
44.2892 11.4276 0.169437
44.3071 11.395 0.172231
44.221 11.4319 0.172796
44.2283 11.4281 0.170273
44.2638 11.4583 0.174044
44.3572 11.347 0.167631
44.1717 11.4338 0.168556
44.2481 11.4293 0.170628
44.2093 11.2937 0.170724
44.1695 11.3801 0.169795
44.263 11.466 0.169301
44.3355 11.3703 0.168908
44.3001 11.3576 0.170575
44.3298 11.3773 0.169132
44.295 11.3459 0.167672
44.3783 11.356 0.170097
44.3929 11.2672 0.168287
44.394 11.3161 0.170771
44.2299 11.3649 0.172042
44.251 11.3986 0.172547
44.2771 11.378 0.169441
44.2796 11.3879 0.171225
44.28 11.3304 0.171457
44.1964 11.3133 0.169625
44.2557 11.3651 0.170766
44.1749 11.4415 0.174767
44.1305 11.4676 0.172066
44.1198 11.5045 0.171952
44.2473 11.3735 0.170774
44.2846 11.3289 0.171071
44.1864 11.3715 0.166971
44.3128 11.4169 0.168418
44.3131 11.43 0.170789
44.3128 11.3725 0.171048
44.312 11.3804 0.172545
44.2181 11.4261 0.168536
44.2485 11.3382 0.172335
44.3343 11.3188 0.168328
44.2875 11.3036 0.168029
44.3385 11.3603 0.169478
44.315 11.3725 0.171679
44.2836 11.3696 0.169824
44.3564 11.4662 0.169613
44.0572 11.4139 0.173489
44.1665 11.4963 0.171535
44.3281 11.3702 0.164717
44.1949 11.3761 0.169914
44.3126 11.28 0.170694
44.3236 11.2552 0.17057
44.1662 11.4274 0.170467
44.2728 11.3513 0.169864
44.2357 11.4567 0.171496
44.2838 11.3117 0.171005
44.3108 11.3213 0.168972
44.2043 11.3261 0.169455
44.2952 11.3019 0.167183
44.1402 11.3551 0.171816
44.3946 11.3486 0.169425
44.1368 11.4888 0.171814
44.2926 11.3834 0.171876
44.2272 11.3789 0.170851
44.2615 11.256 0.170249
44.1769 11.4094 0.172438
44.1796 11.4247 0.168285
44.2067 11.3923 0.17064
44.2688 11.3511 0.16954
44.2832 11.3687 0.170098
44.2258 11.4127 0.170365
44.3404 11.3056 0.168539
44.2089 11.3773 0.171698
44.2284 11.4273 0.172173
44.2697 11.3096 0.170505
44.2844 11.2747 0.166843
44.3091 11.4268 0.168363
44.2782 11.4279 0.16836
44.3517 11.3935 0.169852
44.2996 11.3456 0.169515
44.2562 11.2763 0.170947
44.2806 11.3772 0.173647
44.2939 11.3714 0.170851
44.2519 11.3304 0.170832
44.2377 11.3502 0.169791
44.223 11.2749 0.169828
44.2913 11.3971 0.170288
44.2476 11.3264 0.170694
44.1801 11.3689 0.17054
44.3694 11.372 0.170853
44.196 11.4731 0.173024
44.3643 11.2474 0.165966
44.296 11.2379 0.17194
44.3813 11.3224 0.169709
44.3232 11.2889 0.169923
44.0843 11.3831 0.174251
44.2152 11.4627 0.17176
44.2005 11.4279 0.172013
44.2807 11.3667 0.169073
44.3755 11.2759 0.171103
44.2582 11.354 0.17102
44.1827 11.4354 0.171489
44.2291 11.4111 0.173335
44.2962 11.317 0.170223
44.2233 11.3953 0.171472
44.1498 11.3169 0.168209
44.265 11.298 0.169567
44.3173 11.3524 0.16898
44.3246 11.2933 0.168379
44.1358 11.505 0.172239
44.2426 11.3972 0.173308
44.31 11.3708 0.168772
44.3352 11.3228 0.17011
44.2868 11.3986 0.169807
44.2832 11.3564 0.167681
44.1885 11.3953 0.171444
44.1686 11.2616 0.171793
44.2539 11.3882 0.168981
44.2204 11.4354 0.172308
44.1849 11.3385 0.17232
44.2849 11.3502 0.174179
44.1843 11.4506 0.173327
44.1595 11.3923 0.170687
44.1452 11.4182 0.170578
44.3016 11.2937 0.171032
44.2774 11.4458 0.171065
44.3503 11.3414 0.173124
44.3079 11.3451 0.173047
44.259 11.3838 0.174557
44.2526 11.3638 0.170182
44.262 11.3301 0.170251
44.3275 11.3111 0.16869
44.3614 11.3295 0.170705
44.2019 11.3712 0.174535
44.2052 11.3494 0.170021
44.2696 11.2523 0.171325
44.2257 11.3426 0.172728
44.3166 11.4303 0.168962
44.1207 11.4256 0.169589
44.3546 11.2824 0.169293
44.2762 11.405 0.170959
44.2894 11.5031 0.172042
44.2384 11.2853 0.166407
44.248 11.3801 0.173237
44.3237 11.4348 0.170467
44.3018 11.3644 0.171569
44.1952 11.3995 0.170344
44.2084 11.3991 0.169011
44.2289 11.3545 0.171474
44.3413 11.3901 0.171577
44.2575 11.3717 0.169486
44.2291 11.2823 0.171136
44.235 11.3715 0.170532
44.2409 11.2352 0.172716
44.2294 11.3243 0.172345
44.1961 11.4535 0.171497
44.2961 11.4491 0.169364
44.3283 11.3366 0.170576
44.2924 11.4089 0.170032
44.261 11.4388 0.17202
44.2461 11.4617 0.168779
44.2776 11.4245 0.170434
44.3072 11.3676 0.172387
44.2105 11.3834 0.17202
44.2768 11.2962 0.169865
44.364 11.2824 0.169097
44.1959 11.3854 0.172313
44.1561 11.4705 0.173051
44.331 11.3412 0.168279
44.3024 11.3856 0.168162
44.2649 11.4221 0.171693
44.1719 11.3802 0.170719
44.2031 11.4996 0.172574
44.3096 11.3637 0.167294
44.372 11.3708 0.167736
44.2249 11.3477 0.1698
44.1934 11.4165 0.169625
44.315 11.3966 0.168076
44.1586 11.3509 0.175023
44.249 11.3608 0.171199
44.2412 11.3967 0.172853
44.2306 11.3884 0.171536
44.3024 11.4143 0.168897
44.23 11.3419 0.172841
44.1567 11.5038 0.173775
44.1516 11.5487 0.172395
44.1372 11.4869 0.172831
44.2765 11.2128 0.168508
44.2289 11.268 0.169907
44.2382 11.4134 0.171229
44.1889 11.4144 0.167699
44.2642 11.3629 0.167151
44.3249 11.4086 0.171396
44.2772 11.3786 0.171396
44.3152 11.4265 0.170783
44.2828 11.3624 0.17185
44.2597 11.3591 0.173606
44.2762 11.3307 0.16709
44.2771 11.359 0.168721
44.2499 11.4143 0.171713
44.2655 11.2676 0.170654
44.1446 11.4213 0.172771
44.1598 11.4354 0.174211
44.2289 11.3681 0.171016
44.2538 11.4257 0.169433
44.221 11.3552 0.170542
44.2995 11.3855 0.170836
44.2744 11.4024 0.171606
44.2838 11.4484 0.169588
44.3562 11.3429 0.171827
44.2472 11.3014 0.169078
44.2823 11.3276 0.171096
44.1686 11.3565 0.172207
44.1375 11.424 0.171697
44.1543 11.4535 0.171086
44.256 11.344 0.16627
44.2596 11.3704 0.170496
44.2349 11.4099 0.169557
44.2753 11.3763 0.170304
44.2906 11.4513 0.171993
44.2882 11.2888 0.167986
44.2708 11.4447 0.173537
44.295 11.3634 0.170586
44.2636 11.3097 0.170907
44.2862 11.3848 0.172593
44.271 11.3794 0.170004
44.1843 11.3234 0.17099
44.2199 11.3584 0.17198
44.1753 11.3362 0.170509
44.3109 11.4017 0.169364
44.3175 11.3602 0.165583
44.2809 11.3233 0.167453
44.2188 11.4788 0.169267
44.2261 11.3347 0.171669
44.2722 11.3506 0.172408
44.2693 11.4415 0.173809
44.28 11.3277 0.169545
44.2787 11.3596 0.168957
44.2983 11.3328 0.170627
44.2856 11.3438 0.169667
44.1322 11.3488 0.171262
44.2755 11.3856 0.174845
44.2656 11.48 0.171486
44.2934 11.5249 0.170397
44.3176 11.434 0.172219
44.2974 11.2779 0.169268
44.3419 11.369 0.171322
44.1531 11.409 0.173753
44.167 11.4605 0.171549
44.346 11.3117 0.169105
44.2317 11.4204 0.172897
44.2583 11.4028 0.172245
44.2003 11.3157 0.172339
44.363 11.3861 0.167873
44.2807 11.3562 0.169456
44.1568 11.3422 0.168552
44.2182 11.371 0.169876
44.3125 11.3647 0.170958
44.1816 11.4832 0.172622
44.1555 11.4636 0.17355
44.2703 11.4422 0.168467
44.2429 11.3712 0.168426
44.2007 11.4097 0.175688
44.3088 11.3209 0.171422
44.2014 11.4049 0.173332
44.2221 11.3664 0.1718
44.1982 11.4051 0.173409
44.3329 11.3924 0.170036
44.3145 11.371 0.167884
44.2759 11.3037 0.171473
44.2284 11.3072 0.17412
44.2996 11.3804 0.170845
44.1884 11.4457 0.171725
44.1782 11.4313 0.172064
44.3631 11.3328 0.171666
44.316 11.4447 0.171417
44.3255 11.3817 0.168803
44.3097 11.3255 0.169252
44.3031 11.3551 0.172095
44.2989 11.3712 0.171881
44.2232 11.3702 0.16927
44.2499 11.4379 0.171889
44.2262 11.3602 0.170334
43.1204 11.8565 0.174751
44.2132 11.3739 0.17382
44.2554 11.4565 0.170115
44.2716 11.4277 0.168164
44.3115 11.403 0.167783
44.3083 11.4524 0.169616
44.2607 11.3601 0.170659
44.3138 11.3351 0.172584
44.2282 11.4962 0.170986
44.2864 11.3009 0.172263
44.2865 11.3559 0.173134
44.2715 11.3591 0.171121
44.2341 11.3941 0.171884
44.2926 11.3616 0.170487
44.2789 11.4066 0.169689
44.2234 11.3461 0.172659
44.2566 11.3873 0.169949
44.1349 11.3215 0.169935
44.2543 11.4796 0.168957
44.1251 11.3884 0.168253
44.1975 11.3521 0.168019
44.179 11.3534 0.172116
44.2037 11.3367 0.173354
44.3202 11.3916 0.165809
44.2139 11.3906 0.172375
44.2586 11.2713 0.167045
44.3225 11.4359 0.172439
44.2543 11.415 0.169437
44.3525 11.37 0.167331
44.2954 11.3607 0.168798
44.2864 11.4663 0.171791
44.1883 11.3489 0.170538
44.2093 11.3515 0.168372
44.3019 11.3299 0.170242
44.2899 11.3199 0.169402
44.3133 11.3449 0.171446
44.2338 11.285 0.171608
44.2355 11.4526 0.169217
44.2425 11.3506 0.169759
44.202 11.4282 0.173913
44.1036 11.2933 0.171943
44.2925 11.2408 0.168454
44.2443 11.3875 0.170921
44.246 11.4127 0.172096
44.2192 11.3388 0.171732
44.1345 11.4269 0.171362
44.2606 11.3722 0.168212
44.1972 11.4143 0.169466
44.2845 11.4151 0.171576
44.2267 11.4026 0.17131
44.2369 11.4761 0.170462
44.2595 11.4232 0.171664
44.3069 11.3157 0.170504
44.2374 11.3898 0.174054
44.2561 11.3645 0.173844
44.1694 11.3457 0.171014
44.1517 11.345 0.169673
44.363 11.4419 0.167321
44.2498 11.3655 0.174005
44.2434 11.42 0.171046
44.2136 11.4731 0.172824
44.1844 11.3738 0.168042
44.3135 11.3776 0.16992
44.2739 11.4211 0.171896
44.1837 11.34 0.172346
44.355 11.3909 0.169278
44.3974 11.3154 0.167781
44.288 11.4454 0.166366
44.3097 11.4141 0.171787
44.3075 11.3899 0.168683
44.2435 11.4334 0.170177
44.2788 11.3679 0.172229
44.2595 11.3804 0.172828
44.294 11.3484 0.169901
44.3049 11.3805 0.169565
44.2703 11.3679 0.17042
44.284 11.4358 0.167046
44.1169 11.3626 0.172484
44.3483 11.3766 0.169848
44.1819 11.3716 0.169131
44.2437 11.3292 0.170266
44.2973 11.4057 0.171115
44.173 11.3244 0.17213
44.2925 11.3556 0.171434
44.351 11.4175 0.16752
44.2476 11.4317 0.172445
44.282 11.3305 0.170365
44.2302 11.3893 0.170387
44.3852 11.2719 0.166459
44.2728 11.3172 0.168877
44.2018 11.3008 0.1691
44.2604 11.4375 0.172226
44.3103 11.434 0.173157
44.241 11.3622 0.170325
44.2485 11.5023 0.168676
44.3491 11.3131 0.167708
44.2842 11.3582 0.168316
44.1459 11.2491 0.171904
44.3171 11.3764 0.169848
44.2539 11.4346 0.170902
44.3178 11.3698 0.167873
44.1768 11.4075 0.172754
44.3762 11.2998 0.169943
44.3184 11.3916 0.171101
44.2864 11.461 0.17109
44.2492 11.3635 0.171354
44.2862 11.4439 0.170602
44.2612 11.4134 0.16904
44.2023 11.333 0.17202
44.3282 11.2468 0.168196
44.2598 11.2871 0.167018
44.3114 11.5036 0.170394
44.2631 11.4267 0.170186
44.136 11.3276 0.168904
44.3209 11.2781 0.16975
44.1949 11.364 0.16569
44.2141 11.3095 0.173177
44.1541 11.3883 0.174195
44.2442 11.328 0.170518
44.2111 11.3724 0.173308
44.2639 11.2846 0.170609
44.2137 11.3731 0.172008
44.2476 11.3955 0.16728
44.281 11.4116 0.170081
44.2316 11.4161 0.171346
44.2464 11.3406 0.165663
44.3183 11.3511 0.168892
44.2519 11.4013 0.171004
44.164 11.3508 0.170767
44.2345 11.3639 0.170631
44.2069 11.381 0.169541
44.2422 11.3344 0.169345
44.2492 11.4214 0.169005
44.3879 11.3344 0.169914
44.2415 11.3908 0.171199
44.208 11.3617 0.16971
44.1647 11.4136 0.169599
44.2082 11.4092 0.170947
44.2724 11.4657 0.170337
44.2682 11.4294 0.172595
44.2197 11.437 0.171202
44.2987 11.3511 0.168831
44.2815 11.368 0.170134
44.352 11.3398 0.168554
44.2242 11.3832 0.171082
44.3005 11.4767 0.170473
44.2667 11.4447 0.171088
44.2667 11.3632 0.171963
44.3529 11.2883 0.169616
44.438 11.3119 0.170249
44.1718 11.233 0.165772
44.3663 11.3262 0.1674
44.2117 11.3264 0.173846
44.2306 11.415 0.170682
44.2383 11.3755 0.171995
44.2599 11.4398 0.168971
44.229 11.3882 0.170792
44.3273 11.3502 0.16877
44.2632 11.2723 0.167815
44.3163 11.4014 0.170051
44.3907 11.3189 0.171543
44.3263 11.353 0.166113
44.209 11.3001 0.171605
44.1827 11.4219 0.168885
44.2454 11.4374 0.17071
44.3101 11.3584 0.166529
44.3121 11.3001 0.168881
44.2916 11.3903 0.170645
44.3204 11.3762 0.167105
44.1909 11.4743 0.171255
44.3359 11.3211 0.170047
44.3516 11.4312 0.166481
44.2364 11.3541 0.167672
44.2961 11.3977 0.169669
44.2136 11.4139 0.171896
44.2238 11.369 0.169758
44.2626 11.3597 0.169963
44.2113 11.3769 0.170495
44.239 11.3557 0.170841
44.2978 11.4667 0.172093
44.2508 11.3912 0.173475
44.2365 11.3663 0.169053
44.1556 11.3785 0.172796
44.3785 11.2776 0.165124
44.2225 11.3611 0.171448
44.2217 11.3504 0.167568
44.2762 11.4403 0.171007
44.3208 11.4312 0.168141
44.3264 11.4315 0.173853
44.2633 11.4026 0.172394
44.2652 11.3721 0.170277
44.2813 11.398 0.171975
44.2269 11.4013 0.170418
44.1822 11.367 0.170725
44.2827 11.3663 0.168273
44.3332 11.372 0.171279
44.2973 11.2998 0.168507
44.2414 11.3333 0.171001
44.275 11.2627 0.171394
44.2473 11.4307 0.171835
44.3284 11.3519 0.174031
44.2613 11.448 0.169701
44.1781 11.3571 0.170405
44.1149 11.2992 0.172756
44.3649 11.345 0.170167
44.2471 11.4506 0.174467
44.3388 11.3761 0.169585
44.153 11.3848 0.171394
44.2828 11.3827 0.168388
44.1492 11.3038 0.16921
44.2282 11.372 0.170358
44.2081 11.3523 0.171858
44.2754 11.4319 0.17166
44.1861 11.4014 0.169343
44.2899 11.352 0.170817
44.2911 11.4676 0.169463
44.2909 11.2532 0.168571
44.2491 11.3941 0.170482
44.2478 11.4206 0.17224
44.2073 11.391 0.168684
44.1827 11.2996 0.17189
44.3576 11.4015 0.168761
44.2387 11.4327 0.169798
44.1901 11.4242 0.172361
44.2433 11.3937 0.173104
44.304 11.3014 0.168425
44.2848 11.3927 0.16804
44.2696 11.4316 0.170099
44.1703 11.3295 0.171392
44.227 11.3416 0.17258
44.2295 11.2979 0.171695
44.2213 11.4721 0.170637
44.2922 11.4116 0.16854
44.2236 11.3769 0.172586
44.2119 11.3475 0.170961
44.2703 11.3384 0.169392
44.2244 11.3742 0.170739
44.2669 11.368 0.170944
44.2548 11.5241 0.16689
44.3225 11.4237 0.170937
44.0825 11.3519 0.170798
44.3075 11.3743 0.170388
44.281 11.405 0.168848
44.2354 11.4129 0.174385
44.3104 11.327 0.172893
44.2535 11.3801 0.170421
44.3331 11.297 0.168711
44.1754 11.4489 0.169408
44.2483 11.4492 0.171364
44.1582 11.433 0.172974
44.1615 11.4057 0.17228
44.2566 11.3584 0.173194
44.3591 11.3779 0.168081
44.3539 11.4444 0.169383
44.1637 11.3898 0.172531
44.131 11.372 0.171233
44.3074 11.4327 0.172118
44.2626 11.4291 0.169953
44.2231 11.3982 0.168457
44.2424 11.3719 0.168328
44.2535 11.4415 0.172122
44.2842 11.3119 0.168696
44.2215 11.3009 0.171226
44.2744 11.405 0.170541
44.1621 11.3835 0.171802
44.2833 11.4123 0.17237
44.2518 11.4503 0.172154
44.2538 11.4255 0.170457
44.2805 11.3433 0.1706
44.1839 11.4203 0.172135
44.3057 11.4542 0.173266
44.2682 11.3895 0.17186
44.2338 11.4104 0.171062
44.2253 11.3309 0.171737
44.2316 11.3195 0.169065
44.2381 11.3072 0.172207
44.2535 11.355 0.169663
44.1902 11.4401 0.169619
44.2357 11.4602 0.170222
44.2725 11.3906 0.171016
44.2758 11.4549 0.169017
44.304 11.3988 0.168386
44.3007 11.3609 0.170285
44.2397 11.3435 0.167372
44.246 11.222 0.171453
44.1961 11.313 0.170463
44.2387 11.2859 0.168888
44.2666 11.3812 0.173013
44.3067 11.3265 0.170488
44.2768 11.3467 0.167795
44.2588 11.4355 0.169817
44.2593 11.4457 0.173207
44.2199 11.3563 0.170187
44.2297 11.4038 0.17157
44.1976 11.4398 0.17244
44.372 11.333 0.170393
44.3453 11.3771 0.169277
44.2448 11.37 0.170823
44.2094 11.3522 0.170421
44.2107 11.3705 0.170075
44.1993 11.3824 0.168241
44.3138 11.4128 0.169304
44.1766 11.3787 0.173923
44.2793 11.3539 0.168283
44.2715 11.3489 0.174495
44.2961 11.323 0.168441
44.2124 11.3396 0.169773
44.2814 11.2949 0.170928
44.246 11.367 0.171634
44.1955 11.2194 0.172144
44.3031 11.3285 0.172319
44.2398 11.394 0.170714
44.25 11.4112 0.1697
44.2331 11.3507 0.173552
44.282 11.4066 0.171152
44.2325 11.2614 0.165124
44.3278 11.2688 0.168759
44.1605 11.365 0.173817
44.2424 11.332 0.171644
44.2397 11.3801 0.1729
44.2739 11.3982 0.168057
44.2498 11.4147 0.171642
44.2605 11.4585 0.173506
44.2779 11.3744 0.170324
44.2715 11.3281 0.171135
44.2983 11.3134 0.172487
44.2323 11.3578 0.17009
44.2858 11.3153 0.170462
44.234 11.4253 0.169068
44.091 11.302 0.172646
44.2916 11.3372 0.168397
44.3497 11.3976 0.170427
44.2778 11.4871 0.168239
44.2474 11.3632 0.169684
44.2432 11.3655 0.171842
44.2985 11.3303 0.171682
44.2096 11.3814 0.171502
44.2465 11.3117 0.171082
44.2532 11.3968 0.169874
44.2429 11.4188 0.171719
44.2091 11.3643 0.171279
44.3255 11.3582 0.169134
44.2271 11.4032 0.170108
44.2404 11.4225 0.169823
44.2719 11.4358 0.168124
44.2128 11.3275 0.170222
44.3031 11.3974 0.171841
44.2637 11.3728 0.165586
44.174 11.3702 0.172845
44.1764 11.3284 0.173518
44.3069 11.4094 0.168025
44.2143 11.2452 0.168517
44.2249 11.4022 0.168648
44.2886 11.3501 0.17042
44.2541 11.427 0.173077
44.2817 11.3475 0.173068
44.1975 11.3952 0.172587
44.3195 11.3826 0.171691
44.2914 11.3161 0.173464
44.1083 11.3883 0.173068
44.2723 11.4119 0.168126
44.3193 11.3314 0.16835
44.2805 11.3966 0.167914
44.2986 11.3878 0.170013
44.2493 11.3833 0.172416
44.2633 11.454 0.169683
44.2781 11.424 0.16924
44.2104 11.3825 0.170401
44.3165 11.3657 0.167775
44.2033 11.3721 0.172239
44.2983 11.3846 0.169459
44.2458 11.3646 0.171753
44.2075 11.4014 0.172102
44.2946 11.3645 0.16981
44.1462 11.306 0.170628
44.2059 11.3404 0.169969
44.2731 11.311 0.167653
44.219 11.4015 0.168726
44.1841 11.3417 0.172023
44.1795 11.3879 0.171805
44.3284 11.4037 0.168566
44.2013 11.3855 0.168705
44.202 11.416 0.172024
44.1844 11.4171 0.173056
44.3719 11.4051 0.168565
44.2767 11.4269 0.169337
44.2152 11.49 0.170697
44.2857 11.4409 0.171913
44.2779 11.1935 0.173205
44.2766 11.283 0.171159
44.2563 11.3269 0.171847
44.2322 11.411 0.169886
44.1928 11.4443 0.169986
44.1691 11.3134 0.169808
44.2415 11.3433 0.1726
44.2317 11.5132 0.167997
44.3457 11.2971 0.172018
44.3186 11.3991 0.171753
44.2556 11.3956 0.172566
44.2373 11.3249 0.171441
44.2662 11.2835 0.172113
44.2702 11.3973 0.172909
44.2767 11.4251 0.175102
44.2376 11.329 0.166824
44.2872 11.3968 0.17173
44.2502 11.3594 0.169896
44.314 11.3802 0.172489
44.2625 11.4466 0.169069
44.1407 11.3655 0.17237
44.2925 11.3321 0.171952
44.207 11.3542 0.170449
44.2125 11.3447 0.169789
44.2363 11.3424 0.17038
44.2667 11.3912 0.166789
44.2471 11.5061 0.168483
44.2974 11.3057 0.170845
44.2242 11.3343 0.171032
44.3253 11.3132 0.168894
44.1659 11.4278 0.171468
44.3286 11.3617 0.17015
44.3473 11.3618 0.169485
44.2446 11.4267 0.168401
44.3028 11.2958 0.169368
44.1934 11.3868 0.171452
44.2685 11.3776 0.171062
44.2153 11.4657 0.170188
44.308 11.32 0.166369
44.1291 11.3049 0.170266
44.1701 11.372 0.170967
44.2078 11.3244 0.169772
44.2739 11.3415 0.168828
44.2709 11.3326 0.169966
44.196 11.407 0.172204
44.3271 11.3285 0.167712
44.2936 11.3936 0.171691
44.3437 11.4485 0.170847
44.2352 11.3653 0.171282
44.2096 11.337 0.172129
44.284 11.4814 0.168582
44.2415 11.368 0.169409
44.2408 11.3579 0.17005
44.257 11.3525 0.17172
44.2868 11.2984 0.170926
44.2015 11.2719 0.167108
44.266 11.4344 0.168911
44.1944 11.4053 0.170175
44.1514 11.3618 0.16881
44.25 11.3716 0.167251
44.3406 11.3466 0.168444
44.1933 11.3699 0.172031
44.1954 11.3281 0.170294
44.2146 11.3526 0.173109
44.2332 11.4611 0.168717
44.2473 11.2905 0.172417
44.2888 11.2889 0.168209
44.2652 11.392 0.169316
44.2533 11.3689 0.172067
44.295 11.3607 0.172457
44.1975 11.2469 0.172195
44.1616 11.4127 0.175728
44.228 11.3959 0.170126
44.2834 11.2964 0.168694
44.2116 11.4608 0.167977
44.3777 11.3542 0.169879
44.2163 11.3749 0.171051
44.2116 11.4601 0.167801
44.3066 11.4015 0.169488
44.2856 11.4254 0.171156
44.2748 11.4 0.173366
44.2337 11.4244 0.17421
44.2404 11.4151 0.171617
44.2164 11.3957 0.171673
44.3121 11.4092 0.169752
44.2432 11.4107 0.169411
44.2861 11.3492 0.170416
44.2895 11.3526 0.171669
44.2718 11.4106 0.17336
44.2621 11.2653 0.172763
44.4076 11.3233 0.167774
44.2563 11.3429 0.171077
44.2401 11.4046 0.17091
44.2346 11.3997 0.17288
44.2906 11.3369 0.165271
44.2237 11.2603 0.169528
44.1949 11.3665 0.174239
44.2179 11.3616 0.174181
44.2943 11.3779 0.170175
44.2307 11.455 0.167966
44.254 11.353 0.1709
44.2941 11.3963 0.170978
44.2307 11.4127 0.170222
44.2264 11.2763 0.171714
44.3596 11.4232 0.16996
44.2805 11.3751 0.169238
44.2206 11.4486 0.169005
44.1612 11.4203 0.173905
44.1906 11.4297 0.173548
44.3831 11.3321 0.171049
44.2239 11.444 0.170401
44.2393 11.34 0.171557
44.7067 11.8182 0.174209
44.2187 11.3845 0.166183
44.286 11.2715 0.170365
44.2714 11.2093 0.172943
44.3021 11.2941 0.168396
44.2874 11.3145 0.16907
44.2734 11.3322 0.172634
44.2398 11.4046 0.169583
44.2944 11.4381 0.170717
44.1513 11.4136 0.170288
44.1922 11.3098 0.166502
44.2414 11.3593 0.169213
44.2122 11.3875 0.170014
44.2373 11.3381 0.169388
44.2657 11.3971 0.170558
44.3179 11.4359 0.170523
44.2857 11.3807 0.171066
44.3137 11.4404 0.171329
44.248 11.3369 0.171674
44.3012 11.4273 0.172177
44.2789 11.336 0.170979
44.2686 11.4289 0.170645
44.2709 11.4698 0.167734
44.2913 11.4191 0.168572
44.3256 11.4361 0.171085
44.3126 11.3186 0.167735
44.2454 11.4652 0.171614
44.3119 11.3457 0.171656
44.2176 11.4127 0.169572
44.2537 11.3572 0.168155
44.2736 11.2516 0.167523
44.2952 11.4817 0.172835
44.3862 11.3846 0.167949
44.239 11.4415 0.172959
44.2444 11.4619 0.172888
44.2909 11.3865 0.172193
44.1984 11.4534 0.170587
44.2244 11.3328 0.172044
44.2582 11.3836 0.171691
44.3171 11.3071 0.171663
44.2944 11.3894 0.16607
44.3912 11.3851 0.169643
44.2167 11.5384 0.171535
44.2271 11.5147 0.17278
44.3305 11.3664 0.17319
44.3197 11.3852 0.169552
44.2465 11.3631 0.169938
44.2581 11.3117 0.169609
44.2302 11.3815 0.172048
44.2468 11.3673 0.171822
44.2872 11.3664 0.169593
44.2372 11.3558 0.167847
44.2263 11.3195 0.170944
44.2391 11.3863 0.171242
44.3352 11.4306 0.167793
44.2008 11.4555 0.16937
44.2749 11.3979 0.170579
44.3273 11.424 0.166899
44.3357 11.3749 0.168128
44.3416 11.3947 0.170113
44.3148 11.3448 0.171102
44.204 11.3596 0.168268
44.3076 11.4359 0.167742
44.2109 11.4143 0.174336
44.1701 11.394 0.168312
44.3147 11.3109 0.172874
44.2007 11.4092 0.171681
44.3331 11.3591 0.167374
44.4182 11.375 0.168204
44.1144 11.4144 0.172435
44.3384 11.3083 0.170267
44.3223 11.3267 0.170501
44.2707 11.4091 0.170914
44.1098 11.3798 0.169927
44.2893 11.4327 0.170722
44.228 11.388 0.169938
44.2994 11.419 0.171676
44.2774 11.4145 0.169906
44.2866 11.3884 0.168694
44.2319 11.2709 0.173524
44.2686 11.3227 0.170686
44.2812 11.303 0.171718
44.1781 11.4104 0.170639
44.2569 11.386 0.169035
44.2109 11.3259 0.170619
44.2398 11.3799 0.170873
44.2484 11.4572 0.169239
44.31 11.4594 0.172716
44.2391 11.4 0.171721
44.1362 11.3855 0.171398
44.2322 11.372 0.168668
44.1573 11.4305 0.167475
44.3211 11.4455 0.168785
44.1745 11.3555 0.169076
44.1648 11.35 0.170513
44.2854 11.448 0.171309
44.2959 11.4054 0.170691
44.2945 11.4128 0.169522
44.283 11.4256 0.170648
44.2392 11.3495 0.170511
44.2442 11.3821 0.172379
44.3227 11.3153 0.169281
44.3875 11.295 0.168586
44.2481 11.29 0.169593
44.3242 11.365 0.170394
44.3809 11.3537 0.169746
44.3099 11.3168 0.166998
44.2953 11.3292 0.172335
44.1937 11.3244 0.166985
44.2564 11.3975 0.170926
44.3386 11.2851 0.1674
44.3303 11.354 0.168613
44.2748 11.3123 0.168603
44.2383 11.4462 0.171726
44.3217 11.3791 0.169796
44.1463 11.3706 0.17348
44.3671 11.3251 0.172746
44.2733 11.3718 0.168859
44.2601 11.4698 0.170503
44.3024 11.3669 0.171008
44.2762 11.4152 0.17291
44.2929 11.3951 0.170453
44.3552 11.3785 0.170037
44.2569 11.4283 0.173342
44.2846 11.3888 0.172288
44.2284 11.4293 0.172493
44.258 11.4387 0.17075
44.1976 11.467 0.171482
44.1854 11.5192 0.17728
44.3353 11.3338 0.171186
44.3447 11.2962 0.171196
44.2369 11.3149 0.171667
44.386 11.3556 0.16872
44.1973 11.3339 0.170466
44.1995 11.3907 0.170517
44.2414 11.3066 0.171184
44.2343 11.4825 0.170698
44.0943 11.4667 0.170705
44.3349 11.2895 0.169862
44.2201 11.4519 0.171722
44.394 11.3728 0.170543
44.2379 11.397 0.17023
44.3069 11.4181 0.167102
44.2793 11.3539 0.166664
44.3302 11.3612 0.171909
44.2785 11.3115 0.173568
44.2502 11.2942 0.171612
44.1756 11.3018 0.171854
44.302 11.3899 0.170873
44.3358 11.282 0.172457
44.2702 11.3819 0.172475
44.2114 11.4628 0.17216
44.119 11.4607 0.1722
44.2253 11.3727 0.168142
44.2942 11.3727 0.170757
44.217 11.3407 0.167891
44.2457 11.3289 0.171026
44.2092 11.3973 0.170228
44.1968 11.4093 0.169224
44.2901 11.4435 0.16963
44.2846 11.4603 0.172654
44.3481 11.3773 0.169711
44.2655 11.3561 0.171977
44.2301 11.4221 0.170272
44.3357 11.4703 0.169176
44.2891 11.4662 0.169229
44.2356 11.4377 0.169494
44.257 11.4091 0.171617
44.2662 11.3155 0.171172
44.2955 11.4066 0.170457
44.2831 11.3828 0.173097
44.2256 11.4771 0.169937
44.2907 11.419 0.171973
44.3637 11.3972 0.172358
44.2628 11.4584 0.173503
44.1914 11.455 0.173278
44.2591 11.4897 0.172326
44.2671 11.406 0.169027
44.2732 11.4011 0.1707
44.2128 11.3983 0.171203
44.2268 11.5349 0.169138
44.2677 11.3204 0.169336
44.191 11.5326 0.170088
44.424 11.3014 0.170775
44.3408 11.3903 0.172851
44.2942 11.3639 0.17069
44.409 11.3692 0.171659
44.3431 11.4046 0.171107
44.3091 11.3686 0.171144
44.2686 11.2954 0.174018
44.1931 11.3276 0.170228
44.1838 11.3566 0.170675
44.3676 11.4103 0.168145
44.3729 11.3244 0.166096
44.21 11.3437 0.171728
44.2846 11.3505 0.171447
44.2451 11.3371 0.16903
44.2724 11.3229 0.168328
44.3184 11.3016 0.17073
44.272 11.395 0.16805
44.28 11.3951 0.16885
44.2051 11.4646 0.173305
44.2063 11.4182 0.170339
44.2545 11.3661 0.167189
44.2645 11.3172 0.168703
44.293 11.3859 0.170039
44.3222 11.4224 0.168035
44.226 11.4217 0.172398
44.3886 11.3252 0.170605
44.2747 11.3851 0.168484
44.1903 11.4339 0.172574
44.3231 11.2801 0.17191
44.269 11.4317 0.170211
44.3021 11.386 0.171345
44.2543 11.3671 0.171733
44.167 11.4001 0.171002
44.1255 11.3878 0.169781
44.1562 11.3861 0.172174
44.1138 11.404 0.169975
44.2853 11.4197 0.174085
44.2115 11.3947 0.170352
44.2712 11.3429 0.170779
44.2341 11.3449 0.172527
44.26 11.2848 0.169052
44.2972 11.3798 0.167791
44.2643 11.4004 0.168596
44.2525 11.2651 0.167433
44.2722 11.4202 0.17029
44.2469 11.2999 0.168637
44.275 11.3443 0.168475
44.2281 11.4253 0.168907
44.2668 11.3531 0.169113
44.2903 11.428 0.171709
44.2071 11.4636 0.17593
44.1383 11.3805 0.169695
44.284 11.3172 0.171123
44.3904 11.2996 0.169618
44.3011 11.3652 0.170785
44.2862 11.3846 0.170469
44.3687 11.3843 0.168258
44.2341 11.3928 0.171475
44.2258 11.415 0.170259
44.1993 11.4221 0.16995
44.2899 11.3685 0.169061
44.2523 11.4216 0.171107
44.3259 11.3065 0.168498
44.2518 11.4459 0.171413
44.2599 11.3914 0.173146
44.1882 11.3195 0.169552
44.2227 11.5167 0.174566
44.3046 11.3611 0.168024
44.2408 11.3872 0.170177
44.3447 11.4194 0.169292
44.2081 11.395 0.171951
44.2678 11.3379 0.171164
44.2265 11.2906 0.16725
44.3644 11.3551 0.168455
44.2639 11.4155 0.172882
44.3341 11.3555 0.170403
44.2773 11.4051 0.169019
44.266 11.2939 0.172982
44.3767 11.3513 0.171941
44.3584 11.3607 0.171224
44.2702 11.3703 0.169897
44.2521 11.3055 0.171117
44.2548 11.4332 0.169611
44.2435 11.4573 0.169917
44.3476 11.3821 0.170959
44.1208 11.3493 0.177551
44.2705 11.3745 0.169504
44.356 11.35 0.168498
44.338 11.3478 0.170967
44.3683 11.263 0.1696
44.2406 11.4419 0.174379
44.2643 11.4225 0.171586
44.1945 11.4333 0.171216
44.2608 11.3263 0.169843
44.3054 11.3759 0.167278
44.2438 11.3346 0.170703
44.3299 11.4376 0.170305
44.1951 11.3721 0.172994
44.274 11.3338 0.165646
44.3988 11.3295 0.167953
44.2597 11.4242 0.169048
44.2287 11.4198 0.168773
44.2641 11.3958 0.167541
44.2955 11.3703 0.168338
44.2692 11.3628 0.171327
44.2406 11.3515 0.17084
44.3466 11.2748 0.168799
44.2439 11.3208 0.170676
44.3039 11.4507 0.173411
44.2984 11.4116 0.170976
44.2031 11.4276 0.171711
44.1104 11.4872 0.169751
44.1375 11.4186 0.169315
44.205 11.352 0.168689
44.2634 11.3559 0.169672
44.1918 11.3873 0.167001
44.2503 11.3616 0.170532
44.1948 11.3511 0.172117
44.1953 11.3546 0.169617
44.3 11.377 0.170145
44.307 11.3999 0.170057
44.2929 11.3375 0.170755
44.3253 11.2906 0.17243
44.2659 11.4584 0.16935
44.2445 11.4381 0.169386
44.29 11.3942 0.169431
44.2397 11.3035 0.171318
44.261 11.5061 0.170544
44.2891 11.3728 0.1723
44.2816 11.3048 0.17058
44.2567 11.3976 0.169474
44.1572 11.4338 0.169254
44.2329 11.442 0.17128
44.3717 11.4142 0.174678
44.3062 11.3397 0.169099
44.2999 11.3108 0.168061
44.2577 11.363 0.167316
44.3032 11.3235 0.170903
44.2712 11.3645 0.169743
44.3336 11.278 0.166548
44.2387 11.4926 0.172671
44.2589 11.4546 0.171925
44.2104 11.4211 0.171389
44.2014 11.3677 0.171754
44.1977 11.4416 0.171463
44.2192 11.4836 0.169367
44.2383 11.4556 0.169618
44.1854 11.4839 0.168954
44.2369 11.4502 0.170479
44.2509 11.3893 0.171379
44.3204 11.2704 0.16873
44.2371 11.3829 0.174739
44.2794 11.3713 0.166221
44.2904 11.4141 0.167455
44.3176 11.3206 0.168487
44.1855 11.5249 0.172137
44.2818 11.365 0.17217
44.252 11.3617 0.172016
44.284 11.3441 0.173094
44.3159 11.3843 0.173162
44.2847 11.3825 0.171305
44.2133 11.2902 0.169604
44.0697 11.3673 0.168605
44.2282 11.4202 0.172738
44.2443 11.3773 0.171686
44.2697 11.3512 0.17142
44.2799 11.3663 0.171697
44.2023 11.3645 0.171046
44.2384 11.3199 0.169393
44.2305 11.302 0.170657
44.2385 11.4281 0.169676
44.2924 11.4001 0.169142
44.2499 11.3441 0.170409
44.2486 11.3065 0.169631
44.2907 11.3164 0.170392
44.2809 11.3822 0.169701
44.2335 11.3752 0.167154
44.3481 11.4632 0.171529
44.2171 11.3392 0.169858
44.1692 11.3623 0.16988
44.1942 11.3483 0.168115
44.3752 11.3162 0.171215
44.2398 11.4544 0.171883
44.2529 11.4607 0.168869
44.1972 11.4302 0.168588
44.2204 11.3859 0.169598
44.3526 11.3141 0.168017
44.2582 11.3808 0.169322
44.2197 11.3902 0.170691
44.299 11.384 0.17083
44.3316 11.3243 0.171875
44.1164 11.334 0.172283
44.2104 11.3601 0.170368
44.3255 11.4492 0.174233
44.2616 11.3241 0.170834
44.2657 11.3859 0.168634
44.2516 11.3982 0.167721
44.3285 11.3668 0.168525
44.3237 11.3594 0.173285
44.2271 11.3646 0.174245
44.2863 11.4054 0.16778
44.2378 11.3532 0.167117
44.2204 11.308 0.170648
44.2679 11.3653 0.167419
44.1658 11.4308 0.169623
44.2223 11.3301 0.17078
44.2391 11.4796 0.171997
44.1627 11.4605 0.171532
44.1953 11.4165 0.170923
44.2134 11.3659 0.167636
44.1609 11.3496 0.170116
44.3316 11.4086 0.16985
44.2576 11.4463 0.171284
44.2848 11.3343 0.169831
44.3179 11.3122 0.169746
44.3017 11.364 0.171834
44.3829 11.3686 0.168635
44.284 11.4258 0.172087
44.3784 11.3754 0.167117
44.1791 11.5252 0.175671
44.3071 11.3375 0.172351
44.2078 11.41 0.168027
44.19 11.3889 0.167825
44.361 11.3196 0.165498
44.2669 11.334 0.169607
44.1801 11.3832 0.174107
44.2946 11.2744 0.168839
44.3035 11.2441 0.167591
44.2295 11.4187 0.169991
44.2553 11.3412 0.173326
44.2928 11.3557 0.17143
44.3342 11.3428 0.166477
44.2949 11.4111 0.168445
44.2048 11.4319 0.171139
44.2429 11.481 0.168685
44.261 11.3803 0.170244
44.2888 11.3952 0.169202
44.2663 11.4768 0.16937
44.239 11.4525 0.171974
44.2527 11.2843 0.169695
44.3589 11.3444 0.170622
44.2448 11.355 0.172527
44.2908 11.4051 0.173809
44.2146 11.4343 0.17283
44.2239 11.4208 0.172636
44.2417 11.3759 0.172828
44.2979 11.3638 0.169539
44.252 11.301 0.171398
44.2735 11.3873 0.171537
44.3082 11.3266 0.168862
44.2862 11.291 0.169363
44.2966 11.3273 0.169198
44.2582 11.3176 0.171441
44.3033 11.4452 0.171405
44.3342 11.3273 0.171006
44.2443 11.3554 0.173946
44.3256 11.3199 0.167119
44.2696 11.4035 0.172803
44.342 11.3831 0.167849
44.3169 11.2833 0.17038
44.2788 11.4408 0.16863
44.2831 11.3573 0.171136
44.3515 11.3444 0.173991
44.2625 11.2841 0.171318
44.1968 11.3465 0.17112
44.2639 11.4787 0.171809
44.2384 11.432 0.170148
44.2459 11.3908 0.171987
44.3016 11.42 0.171414
44.1479 11.4979 0.17148
44.225 11.3906 0.165913
44.2421 11.3945 0.169265
44.232 11.3303 0.168832
44.217 11.4389 0.171291
44.235 11.4186 0.171265
44.2074 11.3229 0.170832
44.316 11.3655 0.169594
44.2483 11.4575 0.168861
44.3017 11.3399 0.171149
44.2644 11.3734 0.171348
44.369 11.3087 0.172394
44.2847 11.4191 0.171198
44.2712 11.3679 0.1719
44.2158 11.3523 0.170528
44.2484 11.3253 0.16934
44.2593 11.3938 0.167531
44.4405 11.3427 0.171395
44.1756 11.4315 0.171113
44.362 11.3758 0.172188
44.2957 11.3334 0.170289
44.2973 11.4476 0.169471
44.3294 11.4529 0.170644
44.2613 11.5063 0.172057
44.2348 11.4473 0.172252
44.3214 11.437 0.172075
44.1909 11.4827 0.168967
44.1849 11.4591 0.169388
44.2696 11.3809 0.171127
44.2014 11.4412 0.170264
44.2055 11.4112 0.175598
44.2352 11.4266 0.174486
44.2857 11.3284 0.1665
44.2041 11.5118 0.171219
44.2568 11.3369 0.170511
44.2787 11.3463 0.171736
44.3463 11.4073 0.171146
44.2257 11.3267 0.17003
44.0582 11.3638 0.169439
44.2983 11.3698 0.172715
44.2733 11.325 0.168395
44.2927 11.3807 0.171062
44.2628 11.3774 0.169706
44.2714 11.398 0.16883
44.1956 11.4259 0.167927
44.342 11.2982 0.165552
44.3208 11.3524 0.167957
44.246 11.2981 0.169814
42.9948 12.6722 0.200188
44.2511 11.4185 0.17198
44.198 11.4386 0.173167
44.2931 11.3755 0.171093
44.3164 11.3499 0.173378
44.2506 11.3187 0.16994
44.2493 11.3551 0.171507
44.2355 11.3725 0.168009
44.1623 11.3605 0.170097
44.277 11.4005 0.171114
44.2998 11.3805 0.169473
44.281 11.3441 0.17248
44.3535 11.3646 0.165667
44.2744 11.336 0.173739
44.3275 11.3823 0.167263
44.3403 11.3682 0.170093
44.1694 11.4087 0.16877
44.2587 11.3605 0.170902
44.2599 11.339 0.16769
44.2631 11.4105 0.170099
44.3472 11.3537 0.169326
44.3242 11.407 0.168761
44.2841 11.3588 0.169391
44.3074 11.2443 0.170742
44.3221 11.2928 0.170072
44.3035 11.4886 0.171518
44.3562 11.3894 0.173808
44.2284 11.4225 0.170666
44.2664 11.4676 0.17018
44.3362 11.4195 0.171311
44.2685 11.421 0.173659
44.2747 11.3456 0.170311
44.3384 11.2802 0.166306
44.2329 11.2923 0.171321
44.3558 11.2934 0.169619
44.2409 11.372 0.17267
44.2413 11.3597 0.170439
44.3647 11.2791 0.168377
44.3108 11.2225 0.167167
44.1962 11.4016 0.169391
44.3076 11.4535 0.170481
44.1655 11.4605 0.173891
44.2295 11.2758 0.171461
44.216 11.3469 0.170156
44.1873 11.292 0.167813
44.1721 11.4604 0.173748
44.3998 11.38 0.170572
44.2499 11.305 0.170369
44.2836 11.4531 0.170268
44.2337 11.4754 0.173304
44.2135 11.4122 0.171394
44.2045 11.4644 0.169332
44.4021 11.2618 0.167563
44.2223 11.412 0.171738
44.3747 11.2779 0.169653
44.2516 11.3554 0.168431
44.3026 11.3206 0.170319
44.3038 11.3997 0.17205
44.2737 11.3576 0.172647
44.3052 11.294 0.168476
44.387 11.28 0.168567
44.3329 11.3066 0.166678
44.3423 11.3391 0.171969
44.3045 11.3125 0.17181
44.2427 11.4751 0.171042
44.2873 11.3665 0.170044
44.2211 11.3908 0.171841
44.2469 11.4082 0.168268
44.384 11.3896 0.169419
44.2873 11.4101 0.17255
44.2367 11.3363 0.171631
44.2417 11.3746 0.172399
44.2925 11.4533 0.172153
44.3059 11.3727 0.167969
44.2436 11.253 0.169507
44.2538 11.3429 0.172874
44.2699 11.3975 0.172643
44.244 11.3759 0.170373
44.3667 11.3867 0.169971
44.2469 11.387 0.168217
44.4168 11.363 0.166233
44.2438 11.4651 0.173051
44.2112 11.4851 0.173983
44.285 11.4076 0.170996
44.3203 11.3805 0.169621
44.3001 11.366 0.169024
44.2724 11.39 0.167552
44.2549 11.5034 0.169838
44.3419 11.4557 0.173108
44.2975 11.3454 0.171743
44.1862 11.4789 0.171707
44.1722 11.403 0.171318
44.2194 11.4209 0.171554
44.1886 11.4363 0.172129
44.2109 11.4138 0.173488
44.2599 11.323 0.167779
44.2872 11.3639 0.172855
44.2012 11.4427 0.170869
44.3516 11.4044 0.167557
44.3184 11.3961 0.169886
44.2805 11.4175 0.17435
44.3255 11.3551 0.171076
44.354 11.3082 0.171916
44.2554 11.3345 0.170367
44.3311 11.3309 0.17226
44.2891 11.4176 0.171868
44.2768 11.3777 0.169846
44.202 11.3632 0.170317
44.2673 11.3547 0.172281
44.4217 11.3499 0.169156
44.2898 11.388 0.173225
44.2962 11.2747 0.170183
44.3572 11.3456 0.168922
44.3539 11.341 0.167828
44.1952 11.3626 0.173765
44.2853 11.3829 0.170752
44.2346 11.3285 0.172581
44.3312 11.3604 0.171736
44.2831 11.3966 0.172455
44.2268 11.4888 0.170844
44.2911 11.3491 0.173449
44.3389 11.3175 0.170292
44.2536 11.3003 0.170527
44.2157 11.2873 0.169813
44.2032 11.3947 0.168784
44.271 11.3993 0.174933
44.1906 11.4939 0.17313
44.2794 11.3995 0.17053
44.2821 11.354 0.169767
44.3026 11.322 0.169625
44.3132 11.4241 0.16908
44.3141 11.4121 0.171213
44.2441 11.3353 0.172859
44.1853 11.4382 0.169874
44.2859 11.3776 0.170131
44.2595 11.3629 0.16993
44.2971 11.3866 0.169913
44.3109 11.397 0.168874
44.3623 11.3463 0.1703
44.1932 11.3828 0.169421
44.2943 11.4038 0.169522
44.2843 11.4053 0.170477
44.1676 11.365 0.170557
44.2942 11.3581 0.169121
44.2126 11.3976 0.169363
44.3522 11.3844 0.169791
44.3083 11.3934 0.171343
44.1755 11.4878 0.170149
44.2189 11.4628 0.171448
44.3091 11.4178 0.171059
44.2872 11.4098 0.168408
44.3784 11.4123 0.171067
44.3701 11.3131 0.171304
44.2441 11.4201 0.169725
44.2141 11.4479 0.173573
44.2976 11.4375 0.171715
44.2892 11.3579 0.170828
44.3301 11.2995 0.168882
44.3795 11.3329 0.169095
44.2397 11.4857 0.169901
44.3253 11.3491 0.169998
44.3729 11.3358 0.170189
44.3039 11.3923 0.170036
44.1715 11.3573 0.169163
44.2229 11.382 0.169478
44.2239 11.355 0.170113
44.1834 11.4956 0.170252
44.1954 11.4342 0.170249
44.2387 11.3564 0.16916
44.3245 11.3189 0.168836
44.2633 11.2908 0.168508
44.3521 11.3516 0.169386
44.33 11.3914 0.168886
44.17 11.3925 0.176131
44.2673 11.4301 0.17201
44.274 11.2956 0.169975
44.286 11.3348 0.17409
44.2486 11.4414 0.169692
44.2917 11.4689 0.170048
44.3416 11.3612 0.168634
44.2622 11.378 0.173076
44.315 11.3269 0.171917
44.2556 11.2523 0.171411
44.3454 11.3705 0.173382
44.3836 11.3481 0.170303
44.2641 11.3242 0.172262
44.3192 11.4005 0.171723
44.2813 11.3534 0.173472
44.2608 11.4063 0.17619
44.1589 11.4234 0.168642
44.3574 11.4162 0.168584
44.1287 11.4661 0.174233
44.2518 11.3134 0.171628
44.1425 11.4534 0.172391
44.3188 11.3323 0.167793
44.319 11.3686 0.167398
44.2498 11.3455 0.170935
44.3115 11.3968 0.171102
44.1806 11.3112 0.170896
44.1992 11.3863 0.169694
44.3986 11.3238 0.169263
44.255 11.4359 0.173075
44.2503 11.4409 0.17184
44.2521 11.4443 0.17248
44.3175 11.3346 0.170322
44.3173 11.4377 0.171916
44.3809 11.309 0.171749
44.4252 11.2564 0.172099
44.1895 11.3789 0.170384
44.1317 11.452 0.167337
44.2862 11.3726 0.172466
44.3186 11.3521 0.170126
44.2937 11.4673 0.172108
44.2571 11.4203 0.170961
44.2638 11.46 0.169671
44.2716 11.3099 0.169747
44.298 11.3103 0.168962
44.3349 11.4059 0.174148
44.229 11.3557 0.173414
44.2615 11.3987 0.172474
44.2354 11.3253 0.171864
44.2638 11.2669 0.168784
44.2634 11.3232 0.170584
44.3361 11.4093 0.167354
44.252 11.3061 0.171585
44.1717 11.3961 0.171438
44.2072 11.4363 0.172111
44.238 11.3088 0.172055
44.282 11.3566 0.17237
44.1589 11.3773 0.168653
44.2263 11.365 0.169064
44.2311 11.4176 0.17024
44.2672 11.4347 0.170677
44.2288 11.4031 0.167238
44.2138 11.383 0.168617
44.4245 11.3765 0.171423
44.3539 11.2424 0.172003
44.2347 11.4098 0.170475
44.268 11.4215 0.171567
44.2431 11.462 0.168694
44.265 11.4007 0.173048
44.22 11.4461 0.170649
44.2712 11.3882 0.171735
44.2603 11.4435 0.172277
44.3016 11.3734 0.172371
44.186 11.4028 0.171679
44.2286 11.4326 0.17295
44.3294 11.3081 0.17176
44.3525 11.4203 0.171385
44.2322 11.3989 0.173698
44.2579 11.3315 0.170917
44.2782 11.3969 0.171788
44.2844 11.3558 0.170892
44.2704 11.305 0.170978
44.2771 11.4519 0.173969
44.2439 11.2947 0.169371
44.2737 11.3292 0.17013
44.3604 11.2981 0.16888
44.3074 11.368 0.170348
44.3481 11.299 0.1689
44.315 11.3665 0.169961
44.2344 11.3827 0.171604
44.2199 11.3218 0.169901
44.2483 11.3818 0.17151
44.2996 11.432 0.171501
44.2781 11.4227 0.174837
44.2526 11.4444 0.173926
44.2214 11.3983 0.172561
44.378 11.2772 0.169937
44.3905 11.3509 0.167173
44.2783 11.3304 0.17079
44.2348 11.3572 0.16902
44.1726 11.3623 0.168191
44.2198 11.435 0.165375
44.1995 11.4947 0.17313
44.3342 11.3815 0.166939
44.2864 11.3996 0.169028
44.2778 11.3942 0.172191
44.195 11.4543 0.168145
44.3252 11.3127 0.171385
44.2303 11.4398 0.16857
44.2517 11.4469 0.170232
44.2011 11.4307 0.170385
44.1732 11.397 0.170471
44.2498 11.4252 0.169165
44.2733 11.4205 0.169929
44.4298 11.3878 0.167813
44.2224 11.3919 0.168856
44.2571 11.3815 0.170402
44.3402 11.3914 0.169949
44.2268 11.3934 0.169122
44.2348 11.3985 0.17031
44.3229 11.4113 0.170023
44.2996 11.3236 0.170729
44.2763 11.3782 0.170529
44.2476 11.411 0.172245
44.1531 11.442 0.174928
44.2539 11.4514 0.174138
44.2135 11.4064 0.171921
44.2197 11.4712 0.169931
44.2446 11.3912 0.172142
44.2712 11.3901 0.173062
44.2881 11.3259 0.171951
44.3534 11.316 0.169922
44.3032 11.3354 0.17021
44.1529 11.3757 0.171128
44.2055 11.3766 0.171188
44.1979 11.4028 0.170804
44.2369 11.3098 0.16713
44.3481 11.3675 0.170769
44.3507 11.398 0.171632
44.3076 11.363 0.169388
44.1531 11.3554 0.170371
44.2815 11.3901 0.168088
44.1971 11.3482 0.168222
44.2766 11.3972 0.171216
44.2745 11.4105 0.168698
44.3091 11.3784 0.168274
44.3486 11.2237 0.171071
44.2209 11.3481 0.170115
44.1802 11.3825 0.174454
44.1989 11.4083 0.175082
44.295 11.4514 0.173578
44.2194 11.3912 0.172033
44.3242 11.3235 0.169979
44.2181 11.4007 0.169343
44.2858 11.4242 0.173329
44.173 11.5394 0.17138
44.2892 11.3292 0.169548
44.2047 11.408 0.168666
44.2042 11.3538 0.165856
44.4099 11.2731 0.171115
44.1889 11.2845 0.171576
44.2863 11.3805 0.172085
44.2863 11.3875 0.175219
44.3332 11.3322 0.169549
44.3395 11.3686 0.171093
44.2684 11.3901 0.168433
44.2845 11.4149 0.173377
44.2319 11.5168 0.172192
44.2092 11.2326 0.170693
44.2255 11.3766 0.170711
44.1956 11.3308 0.164928
44.3347 11.3982 0.166961
44.3527 11.3826 0.168372
44.2584 11.4836 0.170191
44.2854 11.4209 0.172741
44.2266 11.421 0.171045
44.2464 11.4444 0.172488
44.2308 11.4344 0.173018
44.332 11.3435 0.168584
44.2629 11.3317 0.174399
44.2664 11.3915 0.171216
44.2798 11.3557 0.169927
44.1958 11.3558 0.173571
44.2665 11.3482 0.17133
44.2813 11.2729 0.16999
44.3436 11.329 0.173785
44.3378 11.3072 0.166425
44.2646 11.3368 0.171213
44.3415 11.3672 0.168815
44.279 11.3648 0.171244
44.2549 11.4176 0.168043
44.3284 11.478 0.168135
44.2321 11.2259 0.171428
44.2719 11.3447 0.171132
44.2683 11.329 0.169967
44.2383 11.3438 0.170966
44.2553 11.431 0.173483
44.2734 11.5124 0.173444
44.2611 11.3148 0.174224
44.2749 11.3005 0.172595
44.3302 11.3387 0.168877
44.3687 11.3052 0.168448
44.2333 11.3954 0.174792
44.2242 11.4265 0.171185
44.2724 11.3204 0.170561
44.2645 11.3962 0.173045
44.2404 11.391 0.172359
44.3492 11.3274 0.1713
44.3809 11.3642 0.16916
44.3653 11.3286 0.167436
44.3005 11.3457 0.171938
44.1712 11.4609 0.173134
44.1915 11.4544 0.167455
44.3248 11.3024 0.167512
44.219 11.3815 0.16793
44.2378 11.4217 0.167963
44.3988 11.3478 0.168167
44.2259 11.4916 0.172606
44.2739 11.4863 0.170993
44.2437 11.4136 0.172878
44.2674 11.4231 0.16866
44.3675 11.3535 0.172664
44.1919 11.3946 0.171827
44.2374 11.4173 0.171229
44.2158 11.4506 0.171551
44.2997 11.332 0.167165
44.4109 11.3695 0.166951
44.2263 11.3745 0.16991
44.2136 11.4004 0.17043
44.2735 11.4317 0.17016
44.202 11.465 0.171131
44.3206 11.3318 0.170062
44.3211 11.4019 0.170614
44.3038 11.4103 0.17156
44.3187 11.3585 0.170853
44.3477 11.3615 0.171669
44.2704 11.5389 0.169543
44.2658 11.418 0.173092
44.1932 11.3611 0.171703
44.3137 11.2469 0.16693
44.3741 11.2741 0.169396
44.3576 11.2747 0.168149
44.3616 11.324 0.169086
44.2406 11.3366 0.168958
44.2113 11.3816 0.171476
44.2643 11.3277 0.171317
44.2784 11.3798 0.167964
44.3777 11.2837 0.16497
44.2401 11.4226 0.17131
44.2462 11.374 0.174828
44.2531 11.4774 0.172799
44.2291 11.3638 0.171627
44.2578 11.3245 0.171744
44.2725 11.3314 0.172207
44.2001 11.2943 0.170281
44.2002 11.4106 0.168594
44.3286 11.4322 0.173276
44.3334 11.4087 0.169158
44.2991 11.3585 0.169109
44.2452 11.4137 0.170135
44.2176 11.3901 0.168464
44.2436 11.338 0.168971
44.3248 11.3694 0.171484
44.2894 11.3957 0.169145
44.2654 11.3992 0.170569
44.3223 11.3397 0.169839
44.2321 11.4651 0.171495
44.2296 11.4331 0.170255
44.2879 11.3885 0.168672
44.2708 11.3997 0.170168
44.3201 11.4322 0.169716
44.3232 11.3922 0.169906
44.2855 11.2417 0.169442
44.2308 11.3637 0.172583
44.235 11.3687 0.172178
44.2941 11.3279 0.166663
44.2419 11.4337 0.170014
44.3505 11.3776 0.171595
44.3053 11.3218 0.168406
44.2991 11.3615 0.172271
44.2948 11.4106 0.16795
44.3205 11.3591 0.166162
44.2285 11.4267 0.1719
44.1916 11.4126 0.17085
44.1966 11.4258 0.168782
44.2615 11.4089 0.174811
44.3033 11.3925 0.170234
44.3511 11.3802 0.170052
44.2731 11.3462 0.172134
44.3513 11.331 0.170844
44.3031 11.3256 0.167646
44.2168 11.3596 0.170271
44.2067 11.3321 0.170759
44.1603 11.502 0.172321
44.2197 11.4267 0.17142
44.2311 11.4653 0.172441
44.2047 11.2949 0.17134
44.2058 11.326 0.169242
44.3393 11.3685 0.171932
44.1914 11.3795 0.169165
44.2734 11.3632 0.169421
44.2317 11.4541 0.169895
44.2784 11.3579 0.16737
44.3367 11.2525 0.170203
44.2934 11.3057 0.169053
44.3307 11.3593 0.169441
44.3106 11.3804 0.17441
44.1924 11.3757 0.175591
44.1845 11.4453 0.173057
44.2387 11.3555 0.172076
44.2841 11.3779 0.17376
44.2452 11.4061 0.17024
44.2636 11.4345 0.170941
44.25 11.4505 0.16742
44.1604 11.4671 0.170642
44.2392 11.3964 0.172833
44.2366 11.3949 0.168445
44.2566 11.3333 0.166586
44.3481 11.3458 0.170243
44.2997 11.3685 0.171733
44.3079 11.4279 0.17156
44.1479 11.3602 0.167178
44.231 11.4498 0.173992
44.2451 11.3826 0.17104
44.2214 11.4617 0.173044
44.3205 11.3457 0.16717
44.3287 11.3194 0.171334
44.1643 11.3851 0.171143
43.4241 11.309 0.143389
44.2363 11.377 0.169811
44.2205 11.4004 0.16845
44.2353 11.3501 0.167264
44.3021 11.3775 0.169209
44.2969 11.3945 0.172059
44.2287 11.3258 0.174585
44.322 11.3396 0.167391
44.2854 11.329 0.169918
44.3183 11.3583 0.169799
44.3242 11.4352 0.167579
44.2325 11.3759 0.167319
44.2749 11.366 0.171708
44.3158 11.3414 0.170144
44.3287 11.3859 0.166114
44.2166 11.4059 0.171218
44.3415 11.3191 0.17248
44.2718 11.4365 0.171697
44.2802 11.316 0.168665
44.1995 11.3498 0.170658
44.3299 11.3721 0.174109
44.2174 11.3487 0.173662
44.1654 11.3306 0.172802
44.2558 11.4934 0.171811
44.2492 11.3793 0.167436
44.3261 11.4284 0.171893
44.2133 11.3286 0.170704
44.2524 11.3803 0.16983
44.2296 11.3679 0.168847
44.2204 11.3747 0.172885
44.291 11.4206 0.169446
44.2006 11.3318 0.171801
44.2578 11.4142 0.174007
44.3846 11.3449 0.17152
44.2833 11.3882 0.169139
44.2412 11.3521 0.169126
44.2701 11.3048 0.166322
44.2042 11.3537 0.173535
44.2773 11.3722 0.17126
44.2559 11.389 0.167002
44.2641 11.3473 0.169806
44.309 11.3687 0.166373
44.2684 11.3922 0.171083
44.2096 11.3519 0.169575
44.2899 11.3148 0.171622
44.1874 11.4279 0.173649
44.2045 11.4739 0.173602
44.2689 11.2725 0.167743
44.3519 11.2725 0.167327
44.3023 11.4405 0.169816
44.2856 11.4231 0.170647
44.2371 11.4638 0.171025
44.2897 11.4514 0.169657
44.2584 11.3354 0.17476
44.2928 11.4305 0.170525
44.259 11.3738 0.168714
44.2801 11.4165 0.165738
44.3548 11.3026 0.174034
44.2304 11.3645 0.169666
44.2761 11.3969 0.169151
44.2578 11.3943 0.172132
44.3116 11.355 0.169376
44.2545 11.3525 0.168662
44.1865 11.3389 0.17088
44.253 11.3487 0.172343
44.2541 11.3721 0.168188
44.1989 11.3535 0.171036
44.2763 11.3372 0.168733
44.2577 11.3924 0.168563
44.2661 11.3989 0.169384
44.3241 11.4439 0.170187
44.2251 11.3935 0.169156
44.2382 11.4369 0.169437
44.3295 11.2647 0.171807
44.1435 11.5244 0.175396
44.1781 11.468 0.175472
44.2669 11.36 0.172144
44.261 11.3251 0.169914
44.3739 11.3539 0.168668
44.2826 11.4198 0.171756
44.3221 11.3792 0.169459
44.2335 11.2582 0.170714
44.1853 11.3755 0.171387
44.2554 11.3766 0.173082
44.063 11.3695 0.173607
44.2215 11.3637 0.170906
44.2183 11.3403 0.171752
44.3272 11.4673 0.170508
44.2524 11.3604 0.17396
44.2789 11.4186 0.17274
44.2183 11.3086 0.176725
44.3168 11.3864 0.169163
44.285 11.3643 0.171742
44.2966 11.327 0.168408
44.259 11.3246 0.17138
44.2069 11.5087 0.169091
44.3313 11.3574 0.169798
44.2884 11.4442 0.17183
44.2805 11.4543 0.172354
44.2779 11.4649 0.171649
44.2352 11.4293 0.168248
44.2356 11.3559 0.169709
44.2712 11.4102 0.165775
44.2662 11.3305 0.170197
44.2184 11.2803 0.172086
44.1901 11.4449 0.169844
44.2502 11.3357 0.171396
44.3437 11.3898 0.170116
44.3456 11.3067 0.169375
44.2249 11.4802 0.171845
44.1619 11.4306 0.172526
44.1983 11.4121 0.170241
44.2302 11.3893 0.17049
44.1907 11.3874 0.170527
44.2766 11.4387 0.170138
44.2205 11.3668 0.172965
44.2103 11.41 0.173951
44.2475 11.3414 0.167114
44.2559 11.3694 0.171447
44.2902 11.4147 0.172121
44.3411 11.3283 0.173793
44.3761 11.3514 0.171037
44.1926 11.3735 0.172447
44.2175 11.3199 0.168817
44.2326 11.3723 0.171746
44.1948 11.3963 0.171332
44.2031 11.4332 0.170136
44.2711 11.425 0.170735
44.2604 11.2907 0.170142
44.2737 11.4367 0.170383
44.1625 11.3081 0.169654
44.2454 11.4225 0.169609
44.3406 11.3667 0.173966
44.3393 11.3787 0.169238
44.1825 11.426 0.170487
44.1929 11.3785 0.171188
44.2512 11.3632 0.168734
44.3748 11.4183 0.169035
44.2007 11.3231 0.170225
44.174 11.3504 0.171667
44.2195 11.3246 0.173741
44.3378 11.4101 0.172759
44.1824 11.4242 0.172284
44.1494 11.3329 0.172577
44.2162 11.4035 0.168667
44.1895 11.4004 0.169795
44.2888 11.4326 0.169063
44.2209 11.3623 0.17206
44.2902 11.45 0.173689
44.2865 11.3611 0.170376
44.1763 11.5004 0.176625
44.3112 11.3776 0.172356
44.3127 11.3122 0.17136
44.2874 11.3734 0.167406
44.2997 11.4295 0.169644
44.3851 11.3502 0.170652
44.2248 11.3319 0.171426
44.2056 11.3542 0.17285
44.3124 11.3397 0.170952
44.259 11.3692 0.17006
44.2773 11.3799 0.171083
44.2895 11.3614 0.171862
44.2509 11.4437 0.169813
44.2956 11.3822 0.169682
44.3286 11.3521 0.175194
44.2494 11.4263 0.169377
44.2237 11.3531 0.172091
44.1858 11.5128 0.174176
44.2275 11.354 0.171484
44.2558 11.3632 0.16867
44.2557 11.3131 0.171802
44.2839 11.3846 0.172736
44.2605 11.3437 0.172386
44.2647 11.3933 0.167487
44.312 11.385 0.167585
44.3333 11.3396 0.169015
44.3742 11.334 0.172124
44.2489 11.3497 0.164783
44.2734 11.3459 0.171336
44.2178 11.335 0.173791
44.1831 11.3331 0.17233
44.238 11.5293 0.173638
44.3446 11.3495 0.165451
44.2473 11.3582 0.169287
44.2627 11.3371 0.170802
44.36 11.3345 0.172033
44.1584 11.417 0.172792
44.1955 11.2644 0.170655
44.108 11.4448 0.173507
44.2443 11.4573 0.171362
44.2233 11.3569 0.1696
44.2013 11.4093 0.170975
44.257 11.3192 0.16853
44.2395 11.355 0.166201
44.2781 11.3486 0.165859
44.2025 11.2904 0.169745
44.3001 11.2352 0.167972
44.2838 11.307 0.173063
44.3003 11.292 0.170494
44.1982 11.3853 0.172911
44.2244 11.3437 0.168455
44.2925 11.3393 0.167949
44.2164 11.406 0.16988
44.2677 11.3508 0.16912
44.3171 11.4234 0.168769
44.181 11.3745 0.174504
44.25 11.4561 0.173604
44.2211 11.4127 0.169141
44.2551 11.3526 0.168157
44.0974 11.4605 0.173191
44.276 11.4423 0.171982
44.3491 11.3715 0.168962
44.3581 11.3851 0.168434
44.3894 11.3309 0.165617
44.31 11.4443 0.170627
44.2837 11.2895 0.174212
44.2761 11.3666 0.17155
44.2407 11.2698 0.170433
44.204 11.4029 0.173446
44.1515 11.4194 0.174989
44.2008 11.402 0.170798
44.2525 11.3522 0.170956
44.3461 11.4069 0.169085
44.3144 11.3049 0.16827
44.2356 11.4314 0.172137
44.2182 11.428 0.171415
44.2707 11.3276 0.173872
44.2773 11.4281 0.169094
44.2594 11.3074 0.16833
44.3718 11.3174 0.168982
44.3263 11.3132 0.169369
44.2565 11.3038 0.170813
44.3534 11.3337 0.169406
44.2761 11.344 0.171269
44.1774 11.4007 0.173091
44.1961 11.3924 0.174375
44.1429 11.3684 0.17106
44.2985 11.3112 0.171314
44.2541 11.3961 0.170694
44.2582 11.4003 0.167572
44.2678 11.3811 0.173778
44.3435 11.4083 0.168863
44.2434 11.2987 0.170693
44.2276 11.4461 0.171602
44.2384 11.4084 0.170265
44.2976 11.3608 0.169995
44.2535 11.4257 0.169652
44.3274 11.2818 0.16841
44.2125 11.3454 0.172162
44.3239 11.3851 0.16887
44.205 11.406 0.169804
44.3097 11.2611 0.171867
44.4107 11.3395 0.171544
44.2091 11.3092 0.173072
44.3001 11.4088 0.168837
44.2659 11.41 0.168455
44.223 11.3928 0.170058
44.2613 11.2751 0.171774
44.365 11.3765 0.169948
44.3322 11.3204 0.168604
44.266 11.4224 0.170472
44.252 11.424 0.169669
44.3744 11.3165 0.169778
44.141 11.3953 0.176574
44.1798 11.3515 0.174244
44.2279 11.4043 0.170985
44.1918 11.3511 0.17046
44.2643 11.3219 0.171735
44.2382 11.3295 0.168439
44.3008 11.4451 0.17071
44.273 11.3412 0.167211
44.2443 11.3481 0.166208
44.0944 11.5225 0.174115
44.3249 11.3966 0.169533
44.3387 11.3713 0.171466
44.3244 11.401 0.172676
44.1873 11.4331 0.168866
44.1754 11.4489 0.167747
44.1837 11.395 0.170029
44.2703 11.4198 0.172015
44.2155 11.3698 0.171374
44.2048 11.2597 0.174061
44.2138 11.3564 0.172943
44.2714 11.4323 0.168225
44.2349 11.3912 0.173844
44.1941 11.4261 0.172512
44.2207 11.3653 0.174288
44.2644 11.376 0.16931
44.303 11.318 0.166764
44.2195 11.4123 0.169393
44.3 11.3644 0.169496
44.2496 11.4104 0.167373
44.2039 11.3948 0.173244
44.2264 11.355 0.170234
44.2256 11.3765 0.171662
44.3558 11.3624 0.169369
44.2546 11.3356 0.169215
44.2558 11.417 0.167471
44.2617 11.4245 0.172437
44.3204 11.3521 0.16992
44.286 11.394 0.17062
44.3188 11.3525 0.167874
44.265 11.3199 0.167093
44.3109 11.3913 0.168248
44.2264 11.4342 0.167558
44.264 11.2808 0.169955
44.1814 11.3686 0.173523
44.3084 11.2433 0.169637
44.2981 11.4079 0.167273
44.2374 11.4309 0.170065
44.2241 11.3309 0.173575
44.3526 11.3599 0.17486
44.2792 11.4428 0.172007
44.2973 11.346 0.172204
44.2597 11.3359 0.169217
44.1552 11.5322 0.176765
44.2574 11.3696 0.169543
44.2984 11.369 0.173392
44.2124 11.3248 0.172351
44.2811 11.3564 0.171805
44.3458 11.3978 0.169772
44.2152 11.4385 0.170451
44.3133 11.3753 0.172515
44.2558 11.4043 0.169916
44.2071 11.3802 0.173086
44.3466 11.3296 0.171445
44.3036 11.3196 0.172372
44.2506 11.3983 0.171165
44.2346 11.403 0.169808
44.2949 11.4491 0.171824
44.1619 11.3184 0.173393
44.3639 11.333 0.167901
44.3332 11.3718 0.169163
44.2523 11.3698 0.169025
44.2938 11.3508 0.169497
44.2556 11.3249 0.170595
44.1722 11.4675 0.169364
44.3153 11.3213 0.172334
44.1913 11.4082 0.17256
44.2213 11.424 0.172503
44.2882 11.3568 0.170366
44.304 11.4261 0.169787
44.2261 11.4212 0.174659
44.2255 11.3378 0.169785
44.295 11.3785 0.166836
44.277 11.3363 0.168187
44.3164 11.3974 0.172477
44.276 11.3634 0.170639
44.3214 11.3087 0.170888
44.2311 11.3028 0.17292
44.2302 11.4347 0.167966
44.2997 11.3407 0.171075
44.3146 11.4413 0.172062
44.3181 11.4065 0.17109
44.304 11.3251 0.171387
44.2808 11.3448 0.17262
44.2041 11.3864 0.174994
44.1951 11.3636 0.174131
44.2409 11.2905 0.169342
44.2174 11.3078 0.168974
44.3785 11.3632 0.171118
44.3005 11.4746 0.172314
44.3136 11.3363 0.169351
44.1179 11.3918 0.173556
44.3321 11.2963 0.173485
44.2499 11.2339 0.171828
44.1919 11.3954 0.17023
44.1472 11.479 0.173806
44.1143 11.4788 0.174936
44.1449 11.4776 0.173076
44.3167 11.4412 0.1716
44.2348 11.3783 0.173913
44.3424 11.3822 0.169572
44.3572 11.4095 0.173286
44.3241 11.3181 0.170536
44.4436 11.3556 0.169949
44.3007 11.3473 0.16829
44.2422 11.4736 0.173325
44.2591 11.3142 0.172087
44.3378 11.2641 0.168503
44.2679 11.3925 0.167036
44.2508 11.3958 0.168972
44.2123 11.4078 0.170538
44.2318 11.3754 0.17079
44.2611 11.3757 0.1725
44.2379 11.3577 0.171506
44.2037 11.44 0.172133
44.4032 11.326 0.172528
44.294 11.3541 0.168941
44.3411 11.3976 0.170921
44.2993 11.3964 0.169066
44.2491 11.2918 0.167344
44.2545 11.3762 0.172165
44.1777 11.4868 0.172501
44.2512 11.2919 0.172314
44.2827 11.5016 0.167756
44.181 11.4086 0.172107
44.2528 11.4407 0.17143
44.2203 11.3257 0.174288
44.2775 11.4842 0.169554
44.2414 11.4431 0.173391
44.3563 11.2943 0.17156
44.2416 11.3092 0.172175
44.2727 11.3678 0.168029
44.1934 11.3282 0.174744
44.2665 11.396 0.16965
44.2745 11.3429 0.170101
44.2467 11.3762 0.169793
44.2609 11.4565 0.170246
44.3177 11.4692 0.173054
44.2788 11.3236 0.171834
44.2228 11.3329 0.171316
44.1977 11.4727 0.170992
44.18 11.429 0.171117
44.3525 11.3406 0.168848
44.2191 11.3899 0.170159
44.2704 11.4648 0.169882
44.2845 11.3653 0.169485
44.3119 11.3345 0.173456
44.2357 11.4555 0.173554
44.3959 11.2758 0.168708
44.2659 11.4122 0.169022
44.2097 11.3323 0.172551
44.2947 11.3574 0.169701
44.2755 11.3723 0.174491
44.3254 11.298 0.168114
44.3606 11.3346 0.17012
44.3099 11.4582 0.169002
44.1166 11.3804 0.173688
44.2201 11.3723 0.172141
44.2152 11.4019 0.170257
44.2075 11.4041 0.169245
44.3656 11.4023 0.17026
44.3494 11.4295 0.170848
44.2458 11.3402 0.172693
44.2199 11.3993 0.168951
44.3161 11.4076 0.165755
44.2727 11.2209 0.169628
44.2744 11.3927 0.169319
44.2693 11.327 0.171841
44.2709 11.2967 0.168978
44.3234 11.2924 0.16948
44.3394 11.4133 0.167141
44.228 11.3663 0.171099
44.2844 11.3082 0.171491
44.3181 11.4373 0.170008
44.2537 11.3911 0.169988
44.2027 11.3237 0.171866
44.2467 11.4533 0.171629
44.176 11.4551 0.170378
44.1873 11.3958 0.172853
44.2767 11.382 0.167453
44.3115 11.3337 0.170701
44.2261 11.3603 0.172908
44.2271 11.3493 0.1714
44.3316 11.3942 0.170936
44.2709 11.4346 0.170645
44.2375 11.3526 0.172133
44.2851 11.4047 0.16623
44.3146 11.3464 0.16766
44.3397 11.257 0.170987
44.2165 11.4693 0.169481
44.1758 11.4233 0.168272
44.2172 11.4522 0.17055
44.3018 11.337 0.173075
44.3001 11.3038 0.169609
44.2949 11.4126 0.168258
44.3034 11.4101 0.166899
44.2359 11.4157 0.16972
44.3057 11.3993 0.170757
44.2888 11.3918 0.169344
44.2892 11.2767 0.170882
44.1975 11.3646 0.172049
44.3615 11.4111 0.165649
44.1528 11.3364 0.173719
44.3157 11.3954 0.171986
44.2187 11.3546 0.171874
44.1842 11.3799 0.172523
44.246 11.3724 0.169028
44.2877 11.3532 0.171453
44.2391 11.2926 0.167948
44.2239 11.3276 0.170145
44.2486 11.2916 0.170981
44.2688 11.3678 0.169755
44.2284 11.4682 0.17055
44.231 11.4408 0.170423
44.2346 11.306 0.172667
44.2168 11.4008 0.173143
44.2246 11.347 0.172384
44.2783 11.4129 0.172595
44.2808 11.3894 0.168949
44.2454 11.3085 0.17225
44.2487 11.3096 0.166818
44.2983 11.3729 0.173841
44.3003 11.4563 0.172001
44.2109 11.4028 0.172033
44.2803 11.4055 0.172153
44.2403 11.4231 0.172877
44.251 11.371 0.172137
44.234 11.4147 0.172101
43.941 11.506 0.173406
