179.016 -10.7759 3.20575
179.078 -10.7536 3.21187
178.96 -10.9784 3.21135
178.92 -10.9541 3.21138
178.972 -11.068 3.21023
179.059 -11.0104 3.20966
179.01 -10.9324 3.20583
178.975 -10.9091 3.21052
178.926 -11.04 3.21184
179.043 -10.8824 3.21292
178.948 -10.8923 3.21104
179.073 -10.8851 3.20609
178.922 -10.852 3.21025
178.963 -10.9388 3.21058
178.968 -10.8607 3.21043
178.863 -10.9647 3.20643
178.934 -10.955 3.21089
179.12 -10.8434 3.20888
179.074 -10.9524 3.21241
178.946 -10.8918 3.20836
179.062 -10.9015 3.20874
179.027 -10.81 3.20962
178.912 -10.8976 3.20853
178.911 -10.884 3.20673
178.889 -10.9445 3.20338
178.959 -10.8553 3.21161
179.002 -11.0446 3.20805
179.129 -10.952 3.2058
178.988 -10.8848 3.208
178.872 -10.9819 3.21019
179.036 -10.9298 3.20913
179.022 -10.9767 3.21112
178.966 -10.823 3.20793
178.93 -10.9401 3.20873
178.999 -10.8963 3.21063
178.872 -10.8854 3.20856
179.023 -10.8529 3.20926
178.99 -10.9847 3.20925
178.983 -10.9517 3.20839
178.943 -10.9392 3.20541
179.001 -10.8493 3.2118
179.102 -10.8778 3.21117
179.008 -10.8964 3.21041
178.946 -10.8832 3.20881
178.974 -10.8192 3.20822
178.939 -10.9218 3.20875
179.017 -11.026 3.21067
179.034 -10.9281 3.20828
178.837 -10.9013 3.20796
178.894 -10.8418 3.20916
178.938 -10.9113 3.20788
178.891 -10.9776 3.20988
179.206 -10.8335 3.20722
178.984 -10.8826 3.20851
178.945 -10.849 3.20855
179.023 -10.9225 3.20674
178.979 -10.8779 3.20977
179.142 -10.9015 3.2101
179.054 -10.813 3.20864
179 -10.8784 3.207
178.942 -10.9285 3.21021
179.028 -10.9569 3.21004
178.955 -11.0855 3.20903
178.98 -11.0608 3.20809
179.128 -11.023 3.21038
178.976 -10.8099 3.21003
179.055 -10.8129 3.2106
178.959 -10.8331 3.21065
178.983 -10.9077 3.20986
178.909 -10.9248 3.20955
179.042 -10.9545 3.21108
178.955 -10.9894 3.21162
178.966 -11.0555 3.21253
178.924 -10.8801 3.20888
178.946 -10.9427 3.20982
179.091 -10.8925 3.2091
179.022 -10.9398 3.20517
178.941 -10.8605 3.21054
178.937 -10.8291 3.2089
178.875 -10.8779 3.20842
178.961 -10.9373 3.2076
178.946 -10.9393 3.20875
178.982 -10.9954 3.2111
178.912 -10.9266 3.20505
178.927 -10.8541 3.2038
179.054 -10.9291 3.20779
178.909 -10.9542 3.21065
179.022 -10.8193 3.21255
179.008 -10.874 3.21124
178.957 -10.8962 3.208
179.012 -10.9049 3.20823
179.025 -10.9018 3.20777
178.982 -10.9889 3.20754
178.983 -10.9696 3.20602
179.064 -11.078 3.21103
178.933 -10.7802 3.20768
178.953 -10.9161 3.21124
179.076 -10.87 3.20958
179.035 -10.9123 3.20974
179.034 -10.8897 3.21042
178.944 -10.9135 3.20958
179.049 -10.8358 3.20975
178.935 -10.9695 3.20869
178.966 -10.8692 3.2111
178.99 -10.849 3.20812
178.913 -10.8819 3.20903
179.093 -11.0536 3.20993
178.889 -11.0929 3.21183
178.983 -10.7853 3.20938
179.013 -10.7711 3.20838
179.084 -10.8019 3.21172
178.978 -10.9065 3.21027
178.978 -10.8417 3.21249
178.934 -10.8825 3.21161
179.066 -10.9069 3.20831
179.024 -10.9535 3.2085
179.055 -10.8668 3.21183
178.996 -10.7924 3.20683
178.889 -10.796 3.21044
178.946 -10.9294 3.21109
179.033 -10.7346 3.211
179.088 -10.9109 3.20772
178.836 -10.8161 3.20933
179.105 -10.8592 3.21078
179.126 -10.9261 3.20963
179.025 -10.8579 3.20923
178.996 -10.8486 3.20929
179.007 -10.9378 3.20963
178.901 -10.8936 3.20615
179.077 -10.971 3.20987
178.944 -10.9761 3.20898
179.033 -10.9706 3.20926
179.097 -10.8979 3.20874
179.02 -11.0085 3.21012
179.037 -10.9776 3.21026
178.984 -11.0298 3.20795
178.899 -10.7913 3.21061
178.987 -10.7736 3.20796
178.983 -11.001 3.20785
178.973 -11.0351 3.20944
178.927 -11.1013 3.21062
179.034 -10.9685 3.20981
179.106 -10.9818 3.21169
178.931 -10.9396 3.20985
179.072 -10.8213 3.21118
179.059 -10.813 3.21182
178.977 -10.8391 3.21239
178.924 -10.8877 3.20839
178.88 -10.9115 3.20881
178.993 -10.845 3.21032
178.86 -10.9694 3.20962
179.061 -10.9686 3.21171
178.942 -10.7953 3.20638
179.041 -10.9836 3.20957
179.038 -10.9057 3.21053
179.069 -10.9019 3.21024
178.953 -11.0097 3.21008
178.908 -10.943 3.20659
178.895 -10.929 3.20537
178.991 -10.8754 3.21046
179.003 -10.9446 3.20771
179.044 -10.9101 3.20756
178.943 -11.0082 3.20803
179.097 -10.9799 3.21272
179.021 -10.9238 3.20919
178.917 -10.9385 3.21399
178.964 -10.9664 3.20911
178.887 -10.9691 3.21004
179.012 -10.8491 3.21234
178.994 -10.9661 3.21139
178.981 -10.9247 3.21131
178.973 -10.9079 3.21016
178.906 -10.998 3.20936
178.912 -10.9906 3.20755
178.994 -10.9341 3.20846
179.024 -10.8968 3.20878
178.989 -10.7815 3.20856
179.028 -10.9572 3.20885
178.959 -10.9098 3.21022
178.947 -10.9212 3.20853
178.923 -10.8736 3.20799
178.959 -10.9216 3.20994
179.103 -10.8556 3.21039
179.01 -10.9 3.20889
179.14 -10.8362 3.20832
178.953 -10.8244 3.20708
178.946 -10.9171 3.20967
178.987 -10.9154 3.21029
178.975 -10.8455 3.21206
179.038 -10.9136 3.20734
179.02 -11.0185 3.20941
178.958 -10.9792 3.20853
179.046 -10.9569 3.21113
178.892 -10.9281 3.20983
179.006 -10.8924 3.21126
178.954 -10.9556 3.21032
178.938 -10.9473 3.21187
179 -10.948 3.2063
179.059 -10.9287 3.20769
178.843 -10.9928 3.20509
178.938 -10.9291 3.20542
179.048 -10.8063 3.20934
178.857 -10.8351 3.20994
179.004 -10.9567 3.21027
178.973 -10.9933 3.2091
179.001 -10.9134 3.2115
178.893 -10.9114 3.20972
178.879 -10.929 3.2083
179.009 -10.8761 3.20966
179.019 -10.9114 3.20681
179.019 -10.8186 3.20991
178.9 -10.9191 3.20975
178.995 -10.9453 3.2124
178.973 -10.9477 3.21112
179.082 -10.8544 3.21015
178.94 -10.9647 3.20575
179.067 -10.9036 3.2113
179.041 -10.9889 3.20663
178.896 -10.8802 3.20892
178.96 -10.8567 3.21089
178.887 -10.8709 3.20972
178.85 -10.8808 3.20951
179.057 -10.9371 3.20798
178.981 -10.9855 3.20639
178.98 -10.9982 3.20981
178.872 -11.0039 3.21199
179.054 -10.9406 3.2085
178.918 -10.9068 3.20969
179.09 -10.7858 3.20959
178.937 -10.913 3.20673
178.971 -10.8976 3.20723
178.996 -10.9456 3.20802
179.013 -10.9189 3.20437
179.031 -10.8548 3.20785
178.97 -10.865 3.20791
178.969 -10.8935 3.20564
178.975 -10.8407 3.20821
179.013 -10.9134 3.20882
178.953 -10.8676 3.20964
179.004 -10.9203 3.21055
178.995 -10.8889 3.20797
178.889 -10.9006 3.20552
179.035 -10.843 3.20666
179.019 -10.8515 3.20824
178.982 -10.9556 3.20894
179.001 -10.938 3.20854
179.08 -10.8326 3.20926
179.078 -10.8429 3.20761
178.898 -10.8412 3.20983
178.929 -10.8573 3.20663
179.119 -10.9661 3.21424
179.049 -10.8811 3.21255
179.037 -10.9664 3.2075
179.002 -10.7186 3.20888
179.016 -10.7138 3.20995
178.998 -10.9595 3.21077
179.017 -10.9624 3.21325
178.869 -10.9343 3.21015
178.847 -10.9749 3.21
178.832 -10.9069 3.20951
179.091 -10.9133 3.20783
178.989 -10.9033 3.20634
179.046 -10.9297 3.20527
178.958 -10.863 3.21009
179.06 -10.9066 3.20879
179.041 -10.8783 3.20898
178.978 -10.9285 3.20998
178.987 -10.8828 3.20801
178.999 -10.8913 3.21066
179 -10.8261 3.21137
178.985 -10.8588 3.20692
178.977 -10.988 3.2099
179.013 -10.9121 3.21186
178.961 -11.0532 3.20715
178.976 -10.8803 3.20899
179.038 -10.8073 3.20926
179.016 -10.9107 3.20883
178.99 -10.8783 3.2081
178.982 -11.032 3.20886
179.03 -10.9987 3.21032
179.031 -10.9431 3.21087
179.013 -10.9964 3.20657
179.029 -10.8878 3.20702
179.1 -10.9235 3.21042
179.043 -10.9895 3.21222
179.017 -10.9807 3.20844
178.963 -10.8276 3.21158
179.011 -10.904 3.21085
178.974 -10.9765 3.20933
178.989 -10.9873 3.20952
178.891 -10.8977 3.20962
179.042 -10.934 3.20703
179.152 -10.8429 3.21023
179.002 -10.8151 3.20779
178.983 -10.8351 3.21342
178.91 -11.0356 3.20667
178.878 -10.8202 3.20615
178.936 -10.8788 3.20612
178.989 -11.0215 3.21212
179.018 -10.8156 3.21098
178.956 -10.9122 3.2077
178.885 -10.8884 3.20856
178.875 -10.9257 3.20541
178.911 -11.045 3.20756
179.046 -10.9403 3.20732
179.077 -10.8468 3.20766
179.075 -10.8546 3.20978
179.101 -10.8735 3.20914
178.911 -10.9285 3.21338
178.972 -10.8559 3.21205
178.945 -10.9725 3.20987
178.985 -11.0085 3.20787
178.949 -10.9901 3.21207
178.954 -10.8685 3.20874
178.907 -10.9278 3.20797
178.925 -10.9153 3.20783
179.029 -10.8628 3.21099
178.995 -10.8535 3.20895
178.834 -10.8919 3.20858
179.067 -10.8332 3.20665
178.923 -10.9367 3.20989
178.841 -10.8859 3.20551
178.991 -10.9108 3.21121
179.01 -10.9172 3.21118
178.937 -10.9012 3.21318
178.943 -10.8941 3.20912
179.05 -10.9257 3.20695
178.991 -10.8809 3.20819
178.942 -10.8457 3.20545
178.978 -10.933 3.21168
178.968 -10.985 3.21054
179.031 -10.8265 3.21113
179.051 -10.9636 3.20822
178.841 -10.8326 3.2087
179.033 -10.8983 3.2118
178.961 -10.904 3.20841
179.029 -10.7914 3.2087
178.997 -10.8957 3.20999
179.033 -10.8414 3.21043
178.935 -10.9795 3.20651
178.982 -10.9679 3.20841
179.056 -10.8861 3.20975
179.017 -10.8887 3.20799
178.94 -10.9666 3.20863
178.902 -10.9083 3.21053
178.972 -10.9627 3.2106
179.076 -10.9535 3.20874
179.038 -10.8379 3.21059
178.967 -10.8386 3.20898
179.063 -10.8771 3.21008
179.009 -10.8209 3.20953
178.98 -10.9611 3.20716
178.976 -10.8564 3.20851
179.035 -10.9897 3.20846
178.894 -10.9727 3.20949
179.015 -10.8212 3.20878
178.924 -10.9295 3.21009
178.977 -10.8674 3.20827
178.99 -10.9318 3.20962
179.063 -10.8615 3.20806
178.97 -10.9049 3.21245
178.933 -10.8967 3.21172
178.896 -10.9027 3.20813
179.04 -10.8948 3.21235
178.993 -10.9393 3.21113
178.978 -10.9534 3.20948
179.032 -10.8938 3.20418
178.903 -10.9433 3.20866
179.006 -10.9081 3.20755
178.886 -10.8638 3.20912
178.873 -10.883 3.20924
178.983 -10.9064 3.21157
179.056 -11.077 3.20822
178.982 -10.9106 3.21102
179.018 -10.8824 3.21109
178.97 -11.024 3.20634
179.198 -10.9032 3.21174
178.985 -10.9383 3.20603
178.991 -10.9742 3.20573
179.023 -10.8925 3.20764
179.032 -10.9735 3.2085
178.999 -10.882 3.2092
178.851 -10.941 3.2119
178.968 -10.8275 3.20806
178.987 -10.9463 3.21078
179.05 -10.9684 3.20922
178.965 -10.9427 3.2078
178.925 -10.9831 3.20653
179.09 -10.94 3.21191
178.941 -10.8955 3.2091
179.029 -10.9053 3.20753
179.052 -10.9029 3.20853
178.879 -10.8715 3.20985
178.989 -10.9107 3.21141
179.001 -10.9453 3.2099
178.992 -10.9166 3.21109
179.107 -10.936 3.20906
178.938 -10.7747 3.2101
178.989 -10.9633 3.2109
179.037 -10.8344 3.21196
179.073 -11.0213 3.21309
178.91 -10.9406 3.21042
179.068 -10.836 3.2073
179.066 -10.9147 3.21155
179.017 -10.9941 3.21006
178.962 -10.8543 3.20637
179.068 -10.8912 3.21115
178.874 -10.8096 3.20954
178.986 -11.0674 3.21131
178.927 -10.9732 3.20959
179.045 -10.863 3.20735
178.915 -10.762 3.21216
179.083 -11.0284 3.21085
178.883 -10.9017 3.21183
178.986 -11.0298 3.208
178.955 -10.8463 3.20554
178.947 -10.9601 3.20985
178.881 -10.8636 3.20684
178.879 -10.8951 3.20662
178.943 -10.7839 3.20926
179.067 -10.9321 3.21106
178.992 -10.8697 3.21005
179.01 -10.9018 3.21017
179.027 -11.0713 3.21409
179.012 -10.9514 3.20452
179.072 -10.897 3.21243
179.04 -10.8742 3.20983
178.981 -11.0154 3.2064
179.02 -10.8981 3.21226
179.031 -10.8703 3.21018
178.975 -10.9823 3.20893
178.986 -11.0379 3.20743
178.979 -11.0235 3.20739
179.034 -10.8752 3.21172
178.989 -10.8189 3.20931
178.948 -10.889 3.21211
178.801 -10.9955 3.20765
178.968 -11.0155 3.20991
179.1 -10.8771 3.20743
178.959 -10.9146 3.21049
179.038 -10.9907 3.21416
179.05 -10.8394 3.20852
179.05 -10.9743 3.21302
178.963 -10.9655 3.21264
178.87 -10.954 3.20433
179.018 -11.062 3.20876
178.943 -10.8528 3.20894
179.039 -10.93 3.20783
179.113 -10.8908 3.21102
178.935 -10.8769 3.21104
178.986 -11.0469 3.21139
178.999 -11.0188 3.21069
179.009 -10.9632 3.20914
178.917 -10.8585 3.20751
178.932 -10.9111 3.2098
178.836 -10.928 3.20746
179.077 -10.8281 3.208
178.961 -10.9627 3.20876
179.061 -10.9063 3.2082
178.942 -10.9013 3.20864
178.936 -10.8759 3.2066
178.887 -10.9213 3.20611
178.963 -10.9707 3.20851
178.87 -11.0815 3.21146
179.062 -10.8914 3.21164
178.965 -10.9101 3.21045
179.047 -10.7979 3.20851
178.969 -10.9351 3.2076
178.957 -10.8234 3.20791
179.03 -10.7768 3.209
179.01 -10.8324 3.20912
179.056 -11.0065 3.21047
179.05 -10.9788 3.20722
179.038 -10.8964 3.21014
179.078 -10.9258 3.21146
178.966 -10.8593 3.20703
178.981 -10.8875 3.20835
178.91 -10.985 3.2099
178.973 -10.8698 3.21082
178.998 -10.8364 3.21077
178.949 -10.9312 3.20708
178.948 -10.8926 3.20621
178.943 -10.9034 3.20635
178.937 -10.9615 3.2074
179.021 -10.9399 3.20739
179.02 -10.9135 3.20959
179.057 -10.9094 3.20654
178.835 -10.9353 3.20707
179.084 -10.7937 3.20769
179.062 -10.9306 3.20595
179.108 -10.9452 3.20691
178.959 -10.8907 3.20872
178.927 -10.9135 3.20871
179.02 -10.8206 3.20731
178.925 -10.9395 3.20953
179.002 -10.8121 3.21085
178.979 -11.0336 3.20818
178.859 -10.9896 3.20967
179.064 -10.8663 3.21073
180.833 -10.7022 3.19314
