105.107 17.6574 0.0665519
105.149 17.9142 0.0671824
105.069 17.8607 0.0722929
104.93 17.911 0.0684614
105.147 17.925 0.0681135
104.911 17.7972 0.0712877
104.859 17.8638 0.069823
105.056 17.7109 0.0723606
105.208 17.8554 0.071857
105.07 17.7783 0.0694937
105.122 17.8004 0.0701278
105.095 17.8164 0.0748575
105.061 17.8369 0.0699313
104.937 17.9087 0.0704211
105.153 17.9003 0.070871
105.163 17.9709 0.0695048
105.155 17.867 0.0731485
105.039 17.8389 0.0672743
105.088 17.9009 0.0705677
105.072 17.8807 0.0692439
105.061 17.8048 0.069407
105.121 17.8968 0.0711139
105.148 17.961 0.0739082
105.107 17.8927 0.0705972
105.016 17.9277 0.0722461
105.154 17.9073 0.0740714
105.098 17.8557 0.0728062
105.131 17.832 0.0724706
104.96 17.8454 0.0743163
104.938 17.8964 0.0730629
105.231 17.8782 0.0720993
105.176 18.0031 0.0713917
105.146 17.8916 0.0684725
105.056 17.7646 0.0692056
104.986 17.8642 0.0719902
105.03 17.9387 0.0706645
105.156 17.8076 0.0724664
105.067 17.9407 0.0694568
105.01 17.8308 0.0664789
105.106 17.9966 0.0690924
105.089 17.8978 0.0683739
105.03 17.7947 0.0705658
105.004 17.8339 0.0676106
105.08 17.8187 0.0728843
105.096 17.9049 0.0723116
105.068 17.8319 0.0692994
104.994 17.823 0.0738416
105.04 17.7634 0.0729386
105.093 17.8367 0.0695183
105.109 17.9012 0.0692508
105.143 17.7883 0.0650864
105.08 17.8182 0.0702316
105.095 17.7783 0.0701524
105.077 17.9321 0.0691894
105.074 17.8896 0.0681395
105.099 17.8264 0.0664815
105.153 17.9125 0.0696201
104.985 17.8047 0.0682981
105.211 17.8365 0.0710657
105.115 17.7481 0.0689553
105.027 17.7847 0.0647645
105.112 17.792 0.0710429
105.138 17.9555 0.0688465
105.112 17.8982 0.0727046
104.974 17.809 0.0719705
105.111 17.8267 0.0726213
105.065 17.8359 0.0715593
104.98 17.7612 0.071086
104.987 17.8176 0.0732095
105.139 17.9206 0.0736895
104.931 17.8311 0.0722035
105.113 17.8934 0.0720848
105.066 17.7749 0.0738601
105.05 17.7528 0.0682396
105.085 17.833 0.0717607
105.001 17.7865 0.0715891
105.147 17.8526 0.0692382
105.116 17.9056 0.0718204
105.122 17.8395 0.0677086
105.159 17.9043 0.0706606
105.128 17.7713 0.0714699
105.107 17.7471 0.067418
105.061 17.907 0.0708727
105.179 17.914 0.069602
105.019 17.9547 0.0687425
104.964 17.967 0.0672891
105.201 17.8352 0.0704714
105.137 17.9631 0.0689638
105.055 17.8084 0.0712265
105.123 17.8668 0.0693354
105.147 17.8024 0.0689704
105.196 17.7677 0.0736276
105.117 17.7845 0.067328
105.068 17.7431 0.0739344
105.083 17.9647 0.0716612
105.198 17.8103 0.0659969
105.134 17.7294 0.0681728
105.062 17.8454 0.071504
105.049 17.8623 0.0674444
105.193 17.8265 0.0723729
105.087 17.784 0.0684775
105.049 17.867 0.0704446
105.115 17.8753 0.0703034
105.161 17.7749 0.0710445
105.076 17.9731 0.0677612
105.132 17.9855 0.0688165
105.184 17.871 0.0713999
105.213 17.9595 0.0695418
105.161 17.8526 0.0707126
105.125 17.8451 0.0682549
105.159 17.7612 0.0729306
104.972 17.8643 0.0731683
105.094 17.8788 0.070536
105.119 17.8535 0.0722771
105.136 17.9603 0.0741657
105.148 17.7731 0.0743083
105.124 17.972 0.0689448
105.136 17.8858 0.0695366
105.085 17.9114 0.0697711
105.101 17.9668 0.0700457
105.099 17.7845 0.067333
105.064 17.943 0.0673878
105.093 17.8455 0.0686363
105.079 17.8451 0.0682942
105.131 17.9488 0.0669387
105.097 17.8627 0.0700995
104.956 17.8815 0.0695561
105.151 17.911 0.0734597
105.031 17.8447 0.072586
105.127 17.9295 0.0696553
105.013 17.8763 0.0726207
105.043 17.7964 0.0726868
105.009 17.9939 0.074627
105.112 17.9957 0.0727786
105.093 17.8487 0.0726939
105.125 17.8822 0.0701649
105.176 17.9427 0.0721402
105.066 17.8403 0.0725514
105.114 17.8 0.067058
105.109 17.891 0.0691715
105.144 17.8693 0.0724886
105.13 17.8442 0.0707141
105.067 17.9328 0.0717794
105.1 17.7371 0.0738651
104.996 17.8792 0.0748407
105.129 17.9022 0.0728143
105.091 17.8003 0.0671342
105.021 17.841 0.0723205
105.057 17.9791 0.0719556
105.158 17.9332 0.0706392
105.174 17.899 0.0702955
105.015 17.9523 0.07076
104.993 17.9075 0.0727755
104.989 17.8425 0.0716473
105.04 17.9138 0.0714746
105.097 17.7952 0.0718759
105.093 17.8899 0.070091
105.03 17.8394 0.0716322
105.042 17.8503 0.0698224
105.079 17.831 0.0684931
105.087 17.6849 0.0752906
105.105 17.8264 0.0696011
105.1 17.8559 0.0697109
105.158 17.8471 0.0665439
105.15 17.8538 0.0661757
105.085 17.9226 0.0728579
105.058 17.8584 0.0639721
105.088 17.9918 0.0730342
105.175 17.8666 0.0687775
105.117 17.75 0.0746474
105.074 17.7413 0.0696188
105.169 17.9873 0.0721019
105.093 17.7232 0.0705867
105.117 17.9017 0.070659
105.119 17.8845 0.069667
105.143 17.8453 0.0709069
105.081 17.8025 0.0693131
105.086 17.7944 0.0704914
105.053 17.8055 0.0709998
105.029 17.9109 0.0680497
105.169 17.9194 0.0692807
105.14 17.9191 0.0690854
105.065 17.8607 0.0725101
105.003 17.864 0.0718769
105.076 17.9434 0.0703523
105.158 17.9385 0.0729416
105.075 17.8626 0.0695456
105.157 17.7829 0.0709044
105.125 17.8734 0.070155
105.133 17.8941 0.0701774
105.072 17.9286 0.0716723
105.208 17.7671 0.0698226
105.082 17.7445 0.0763026
105.09 17.8281 0.0714318
105.276 17.8688 0.0688266
105.145 17.8547 0.071292
105.084 17.8697 0.069969
105.167 17.8612 0.0702402
105.101 17.8738 0.0698872
105.11 17.6953 0.0728736
105.072 17.8489 0.0690294
104.988 17.8047 0.0701885
105.096 17.8212 0.0681742
105.073 17.8342 0.0683728
105.129 17.9442 0.0692124
105.138 17.9844 0.0710753
105.104 17.7283 0.0679321
105.069 17.8793 0.0704275
105.119 17.8808 0.0720458
105.197 17.8607 0.0721875
105.131 17.9231 0.0715814
105.065 17.8386 0.0684004
105.017 17.7564 0.0735809
105.116 17.8083 0.0717125
105.121 17.8224 0.0690191
105.133 17.863 0.0722791
105.088 17.7491 0.0720047
105.136 17.8516 0.0672546
105.063 17.859 0.0715724
105.052 17.8748 0.0729739
105.057 17.9246 0.069067
105.133 17.9011 0.0726299
105.064 17.8294 0.0715802
105.089 17.8373 0.066706
105.085 17.9184 0.0705535
105.11 17.8694 0.0709223
105.028 17.8755 0.0660667
105.094 17.7813 0.0672372
105.154 17.9863 0.0741422
105.114 17.7124 0.0726078
105.158 17.9798 0.0695099
105.01 17.8424 0.072776
105.217 17.9266 0.0688709
104.954 17.8431 0.0714605
105.171 17.8869 0.0741016
105.18 17.8472 0.0751123
105.066 17.7284 0.0725579
104.994 17.8644 0.070941
105.114 17.8548 0.0677521
105.111 17.8402 0.0699623
105.042 17.7794 0.0717219
105.1 17.6856 0.0748225
105.048 17.8646 0.0714608
105.086 17.8439 0.0727456
105.133 17.8526 0.066588
105.1 17.8444 0.0683787
104.994 17.9064 0.0712774
105.052 17.9001 0.0662998
105.089 17.715 0.0696762
105.062 17.8784 0.0708573
105.007 17.8662 0.0737003
105.122 18.0041 0.0695811
104.941 17.8075 0.0704242
104.993 17.7862 0.0727567
105.098 17.8692 0.0699108
105.216 17.8824 0.0708185
105.092 17.8157 0.0693115
105.025 17.7969 0.0706067
104.996 17.7571 0.0707313
105.113 17.7958 0.0733526
105.133 17.9278 0.071265
105.209 17.8929 0.0715482
105.143 17.9647 0.0711106
105.06 17.9409 0.0691288
105.03 17.866 0.0685073
105.04 17.7652 0.067341
105.021 17.895 0.0751161
105.079 17.8408 0.0701575
105.063 17.8646 0.0680256
105.157 17.823 0.0689981
105.032 18.0168 0.0696849
105.194 17.9001 0.069452
105.202 17.9426 0.0698023
105.055 17.8698 0.07274
105.155 17.8096 0.0718411
105.077 17.7845 0.0713787
105.065 17.7701 0.0741815
105.151 17.9833 0.071991
105.201 17.8849 0.0715949
105.027 17.813 0.071763
105.112 17.925 0.0704684
105.091 17.8641 0.0717321
105.116 17.8225 0.0700424
104.993 17.8456 0.0704866
105.085 17.8183 0.0679491
105.122 17.9433 0.0677474
105.052 17.9794 0.0742848
105.058 17.7986 0.0683516
105.173 18.017 0.0744777
104.982 17.8254 0.0735149
104.931 17.8841 0.0699136
105.118 17.8014 0.0723219
104.967 17.855 0.0691823
105.176 17.8242 0.0711007
105.072 17.996 0.0708587
105.069 17.8899 0.0702687
105.076 17.8183 0.0725023
105.097 18.0143 0.0724823
105.15 17.7994 0.0673381
105.103 17.8166 0.0709167
105.188 17.903 0.0702542
105.087 17.8342 0.0692714
105.068 17.8431 0.0677147
105.004 17.8425 0.0732922
105.078 17.8608 0.0742145
105.147 17.8727 0.0718093
105.038 17.8197 0.0713828
105.182 17.7959 0.0687578
104.99 17.9353 0.0696289
105.147 17.7174 0.0727625
105.219 17.9521 0.0685912
104.963 17.917 0.0692309
105.103 17.8014 0.0704129
104.962 17.9118 0.0738013
105.004 17.6822 0.0711978
105.063 17.7157 0.0694197
105.055 17.8744 0.0699274
105.085 17.7695 0.069228
105.127 17.7623 0.0707919
105.139 17.863 0.0703978
105.137 17.8647 0.0712163
105.103 17.8846 0.07279
105.11 17.8726 0.0655245
105.12 17.7965 0.0676969
105.082 17.7766 0.0696367
105.138 17.964 0.0676589
105.133 17.7618 0.0707793
105.043 18.045 0.0726143
105.175 17.7722 0.0695719
105.045 17.822 0.0714603
104.986 17.8195 0.0730293
104.946 17.8451 0.0719696
105.116 17.9693 0.0693822
104.941 17.7995 0.0695869
104.984 17.9091 0.0717732
105.06 17.7333 0.071954
105.13 17.9213 0.07204
105.055 17.7775 0.0711114
105.15 17.8226 0.0690038
105.138 17.8295 0.0745457
105.126 17.8317 0.0734999
105.066 17.8653 0.0716047
105.137 17.9142 0.070454
105.151 17.779 0.0674924
104.974 17.9289 0.0736936
105.012 17.9548 0.0693716
104.984 17.9574 0.0713644
105.095 17.7781 0.0703069
105.135 17.8048 0.0691065
105.073 17.915 0.0720304
105.194 17.9346 0.0722148
105.112 17.9738 0.0695122
105.005 17.8883 0.0716715
105.08 17.926 0.0690869
105.088 17.805 0.0696946
105.135 17.8058 0.072213
105.04 17.9131 0.0717067
105.173 17.8527 0.068285
105.188 17.8376 0.0707921
105.1 17.8263 0.0753773
105.1 17.8602 0.0694166
105.041 17.8087 0.0716278
105.13 17.8248 0.0722261
105.106 17.8819 0.0689494
105.045 17.8172 0.069169
104.993 17.8668 0.070076
105.129 17.8444 0.0685616
105.122 17.7837 0.0674247
105.093 17.8246 0.0665867
105.128 17.9625 0.0689346
105.134 17.9276 0.0667687
105.024 17.969 0.0720004
105.064 17.9055 0.0715407
105.094 17.9168 0.0700243
105.127 17.7034 0.0688887
105.07 17.8955 0.075204
104.969 17.8763 0.0741108
105.144 17.8394 0.0714074
104.93 17.8315 0.0707651
104.892 17.8725 0.0693727
105.16 17.8049 0.0704868
105.082 17.8572 0.0738048
105.076 17.8298 0.067931
105.075 17.7996 0.0692616
105.022 17.7784 0.0715428
105.136 17.899 0.0696694
105.115 17.8326 0.0725222
105.117 17.8484 0.0732502
105.044 17.9419 0.0695373
105.042 17.9236 0.0692181
105.142 17.8751 0.0671724
105.073 17.8107 0.0708141
105.058 17.8309 0.0737033
104.95 17.8649 0.0747173
105.088 17.781 0.0668834
105.058 17.8737 0.0701074
105.009 17.8677 0.0644443
105.14 17.949 0.0704349
105.169 17.9305 0.0675853
105.121 17.8815 0.0680389
105.094 17.9118 0.0727784
105.049 17.906 0.073823
105.053 17.9056 0.0734785
105.055 17.8361 0.0702552
105.142 17.8313 0.0694586
105.134 17.7989 0.0696229
105.016 17.9662 0.0717693
105.035 17.9053 0.068991
105.066 17.9215 0.067853
105.132 17.8728 0.0672954
104.978 17.8531 0.0731045
105.153 17.8198 0.0665925
105.099 17.8016 0.0671479
105.1 17.804 0.0687809
105.089 18.001 0.0761961
105.103 17.7263 0.06764
105.033 17.9066 0.0694248
104.986 17.93 0.0676287
105.007 17.9504 0.0710859
105.171 17.9821 0.0707315
105.084 17.8463 0.0709408
105.201 17.9325 0.0717796
105.064 17.8417 0.0739516
105.187 17.8491 0.0692503
105.067 17.7699 0.0698477
105.057 17.8734 0.0714832
105.162 17.8606 0.0726967
105.04 17.8067 0.0709486
104.973 17.8117 0.0714703
105.131 17.8025 0.0700085
105.077 17.7717 0.0679703
105.012 17.8994 0.0688021
105.111 17.8619 0.0661526
105.115 17.8167 0.0691119
105.084 17.9233 0.0681456
105.16 17.8085 0.0702635
105.115 17.8124 0.0684062
105.018 18.0079 0.0708186
105.217 17.9316 0.0690886
105.11 17.8844 0.0691242
105.117 17.823 0.0737889
105.161 17.768 0.0701389
105.156 17.8536 0.0725296
105.101 17.9349 0.0714165
105.181 17.6745 0.0731018
105.159 17.9114 0.0720959
105.057 17.7662 0.0678393
105.102 17.7543 0.0684423
105.136 17.7846 0.0676697
104.953 17.9563 0.0739601
105.094 17.9304 0.0679152
105.075 18.012 0.0676261
105.158 17.818 0.0729613
105.038 17.9024 0.0699137
105.016 17.8772 0.0733248
104.952 17.7937 0.0700952
104.92 17.8432 0.0674675
105.148 17.7991 0.0713133
105.247 17.813 0.0722591
105.073 17.8442 0.0719787
105.042 17.8237 0.073827
105.06 17.8439 0.0732842
105.138 17.8321 0.0708124
105.11 17.8676 0.0724402
105.092 17.8933 0.0706075
105.128 17.8746 0.0738265
105.107 17.9179 0.0704549
105.104 17.751 0.0734671
105.007 17.8167 0.0671979
104.988 17.8597 0.0745675
105.081 17.797 0.068019
105.165 17.8686 0.0720443
105.098 17.8524 0.064291
105.075 17.8137 0.0646356
105.078 17.9538 0.0678433
105.153 17.9035 0.0732905
105.018 17.9454 0.0707421
105.243 18.0115 0.06859
105.012 17.8192 0.0703289
105.152 17.8239 0.0703327
105.106 17.9034 0.0738781
105.028 17.8215 0.0691992
105.117 17.9381 0.0677579
104.951 17.9047 0.0736523
105.056 17.9897 0.0701593
105.042 17.959 0.0700765
105.088 17.8426 0.0683665
105.103 17.9215 0.0701053
105.141 17.9545 0.0706455
105.065 17.854 0.0659114
105.154 17.7557 0.0682147
105.145 17.9616 0.0689665
105.013 17.9097 0.0733141
105.035 17.9345 0.077726
104.929 17.8293 0.0707532
104.97 17.9091 0.0715569
105.129 17.8517 0.0692977
105.362 17.9553 0.0666828
105.061 17.838 0.0743075
103.365 19.1667 0.0877928
105.103 17.9207 0.0691502
104.974 17.8566 0.0718498
105.041 17.8656 0.0700983
105.098 17.9217 0.0707813
105.044 17.8671 0.0745571
105.041 17.9311 0.0737025
105.201 17.9063 0.0733214
105.179 17.8842 0.0732066
105.186 17.8215 0.067816
105.212 17.8952 0.0696789
105.153 17.8911 0.070778
104.897 17.7427 0.07219
104.974 17.8755 0.0710272
105.102 17.8853 0.065438
105.081 17.8328 0.0732437
105.126 17.906 0.0677111
105.072 17.8843 0.0706816
105.204 17.8086 0.0673025
105.118 17.8719 0.0715713
105.046 17.8124 0.0702726
105.078 17.8526 0.0700818
105.098 17.9294 0.0687169
105.126 17.8305 0.0698192
105.104 17.9531 0.0698455
105.11 17.7038 0.0697608
105.091 17.7517 0.0691788
105.115 17.8424 0.0719929
105.138 17.7872 0.0706267
105.104 17.7764 0.0690605
105.147 17.7964 0.0729408
105.052 17.8637 0.0701956
105.154 17.8088 0.0682253
105.189 17.7332 0.0701441
105.027 17.7697 0.0725746
105.138 17.8024 0.069064
105.008 17.8692 0.0723049
105.008 17.7849 0.0689972
105.042 17.9068 0.0706296
105.176 17.8912 0.0716877
105.081 17.8888 0.0715776
105.174 17.8818 0.0719728
104.955 17.9131 0.0706963
105.13 17.7683 0.0699595
104.992 17.8819 0.0690845
105.205 17.8261 0.0692529
104.978 17.8175 0.073681
105.145 17.9144 0.0707324
105.148 17.8346 0.0688532
105.054 17.8196 0.069765
105.102 17.8263 0.0713547
105.137 17.7327 0.0671916
105.117 17.9805 0.0690223
105.052 17.7807 0.0710641
104.908 17.8602 0.0710579
105.14 17.8944 0.0701038
105.022 17.8268 0.0684306
105.093 17.9365 0.0694371
105.009 17.8197 0.0693921
105.102 17.8614 0.0745743
105.087 17.9666 0.0707837
105.023 17.7975 0.0661514
105.201 17.8059 0.0691311
105.132 17.8699 0.0754162
105.086 17.7863 0.0706103
105.081 17.781 0.0695671
105.08 17.8891 0.0721614
105.232 17.802 0.0706228
105.067 17.9195 0.0726258
104.986 17.9262 0.0716605
105.15 17.916 0.0712767
105.065 17.8316 0.0708623
104.974 17.8081 0.0720871
105.055 17.8729 0.0717007
105.068 17.9138 0.0681157
105.073 17.9511 0.0703708
105.088 17.8369 0.070916
105.142 17.8826 0.0730346
105.032 17.8985 0.0688285
105.048 17.8916 0.071515
105.119 17.8447 0.0723558
105.108 17.9254 0.0685451
105.084 17.7563 0.0699505
105.175 17.8514 0.0708497
105.16 17.8544 0.0697159
105.022 17.8171 0.0709909
104.986 17.8272 0.0721147
105.069 17.8804 0.0701666
105.192 17.8408 0.0694026
105.153 17.7896 0.0678432
105.122 17.773 0.0755646
105.016 17.9192 0.073271
104.939 17.821 0.0732946
105.053 17.7986 0.0704199
105.242 17.8533 0.0705848
105.073 17.9039 0.0668181
105.096 17.8314 0.0663626
105.157 17.8175 0.0734333
104.994 17.9036 0.073482
104.978 17.8381 0.0706258
105.049 17.8396 0.06912
105.13 17.9556 0.0666859
104.927 17.8544 0.0700879
104.903 17.8242 0.0693165
105.031 17.842 0.0694729
105.032 17.8901 0.0690026
105.075 17.887 0.0719763
105.006 17.8487 0.071879
105.087 17.7545 0.069504
105.066 17.7569 0.0686577
105.055 17.882 0.0710505
105.181 17.8136 0.0690576
105.09 17.7848 0.0739383
105.094 17.7437 0.0703512
105.104 17.7648 0.0669516
105.272 17.8907 0.0717763
105.133 17.8446 0.0701691
105.148 17.8248 0.0739042
105.105 17.7747 0.0680623
105.067 17.8136 0.0727137
104.976 17.8804 0.0705384
105.008 18.0169 0.0704961
105.178 17.7737 0.0752017
105.022 17.9062 0.0689623
105.171 17.7819 0.0708223
105.043 17.672 0.0727358
105.139 17.8035 0.0738344
105.068 17.8167 0.0734548
105.178 17.8534 0.0710973
105.045 17.9096 0.0723594
105.012 17.8046 0.0689759
105.038 17.9334 0.0725486
105.147 17.84 0.0691177
105.109 17.8141 0.0709245
105.22 17.8247 0.0702596
105.048 17.8977 0.0705544
105.061 17.7236 0.0672629
105.056 17.8348 0.0700132
105.123 17.8794 0.0715298
105.193 17.9941 0.0707599
105.253 17.84 0.0717346
105.101 17.8605 0.0708496
104.935 17.9222 0.069209
105.077 17.8505 0.0700345
105.182 17.9697 0.0714066
105.124 17.8661 0.0686679
105.144 17.8612 0.0698532
105.032 17.8404 0.072522
105.106 17.8428 0.06979
105.148 17.849 0.0708192
105.035 17.8899 0.0745812
105.059 17.9457 0.0754372
105.074 17.9456 0.0703692
105.112 17.9352 0.0671118
105.138 17.9748 0.0682189
105.094 17.9334 0.0697027
105.13 17.8929 0.0718481
105.104 17.8109 0.0670736
105.017 17.8563 0.0735688
105.107 17.9574 0.06851
105.1 17.9266 0.0686171
105.187 17.8724 0.0726418
105.079 17.9648 0.0718535
105.036 17.8155 0.0698424
105.156 17.8883 0.0693627
105.115 17.8245 0.0718906
105.067 17.8769 0.0695421
104.98 17.8095 0.071337
104.955 17.7914 0.0716908
104.99 17.8442 0.0736948
105.071 17.7427 0.0698935
105.053 17.9086 0.0728137
105.133 17.763 0.0728451
105.1 17.8204 0.0740671
104.995 17.8975 0.0680396
104.97 17.8169 0.0668666
105.031 17.8684 0.0716245
105.056 17.8975 0.0704359
105.047 17.9201 0.0689202
105.066 17.8734 0.0693961
105.075 17.8708 0.0694432
105.067 17.9008 0.0743907
105.126 17.9162 0.0688213
105.165 17.8703 0.0702433
105.112 17.8138 0.0699286
105.116 17.8152 0.0685527
105.086 17.9585 0.0683965
105.244 17.7551 0.0707466
105.106 17.8155 0.0732732
105.083 17.8651 0.0718098
105.06 17.865 0.0721034
105.044 17.7963 0.0677228
105.121 17.941 0.0706606
105.053 17.8634 0.068781
105.102 17.8974 0.0718697
105.103 18.0275 0.0680637
105.146 17.8759 0.0699275
105.166 17.8648 0.0705007
105.066 17.8004 0.0718143
105.151 17.9564 0.0689356
105.132 17.87 0.0687675
105.08 17.707 0.0708422
105.073 17.8922 0.0684598
105.075 17.7703 0.0700569
105.114 17.83 0.0721378
105.127 17.8768 0.0708517
105.092 17.8126 0.0744633
105.062 17.8301 0.0702837
105.052 17.7629 0.0693737
104.943 17.78 0.0734351
105.126 17.8472 0.0668178
105.156 17.7724 0.0734079
104.995 17.7871 0.0707241
104.875 17.8977 0.0755547
105.105 17.8748 0.0719145
105.13 17.8868 0.0722321
105.007 17.8528 0.0680848
105.114 17.8653 0.0716209
105.138 17.7981 0.0686373
105.053 17.7833 0.069378
105.087 17.7732 0.0722457
105.147 17.8976 0.0700179
105.19 17.9716 0.0711194
105.064 17.9208 0.0702627
105.088 17.8386 0.0702439
105.265 17.8131 0.0681479
105.148 17.725 0.0709488
104.955 17.8819 0.0722341
105.158 17.822 0.0716015
105.066 17.7688 0.0673191
105.111 17.727 0.0663442
105.073 17.6744 0.0676056
105.095 17.9911 0.0689953
105.139 17.9494 0.0697514
105.037 17.8534 0.0714386
105.134 17.8167 0.0718037
105.051 17.8318 0.0704299
104.906 17.8173 0.0714184
105.117 17.7882 0.0726059
105.025 17.8578 0.0703416
104.999 17.9691 0.0714682
105.136 17.8663 0.0673524
105.122 17.8419 0.0706939
105.018 17.8473 0.0723773
105.127 17.9336 0.0716258
105.097 17.8765 0.0706631
105.101 17.9544 0.0699277
104.997 17.7976 0.0673466
105.002 17.9214 0.070014
105.005 17.852 0.071067
105.064 17.8806 0.0712672
105.171 17.8616 0.0716968
105.041 17.8175 0.0744401
105.126 17.9736 0.0694938
104.951 17.8386 0.0721103
105.122 17.7378 0.0685034
105.173 17.897 0.0738867
104.99 17.8154 0.0705797
105.088 17.7998 0.0708789
105.199 17.9113 0.0715552
105.076 17.9254 0.0715302
104.942 17.8656 0.0733137
105.014 17.8733 0.0748969
105.19 17.8234 0.0702891
105.058 17.7817 0.0693299
105.164 17.8981 0.0718835
105.081 17.9226 0.0731377
105.172 17.7762 0.0752726
105.093 17.8771 0.0699397
105.075 17.9448 0.070873
105.116 17.9102 0.0708801
105.086 17.9617 0.0704952
104.992 17.8577 0.0714405
105.085 17.8454 0.0741828
105.127 17.9129 0.0703404
105.103 17.7783 0.0696829
105.037 17.8431 0.0719185
105.042 17.8034 0.0731239
105.132 17.9567 0.0724989
105.096 17.7978 0.0697493
105.082 17.8248 0.0692248
105.219 17.794 0.0673363
105.077 17.9306 0.0707287
104.984 17.8837 0.0719959
105.144 17.8809 0.0711779
104.913 17.7993 0.0698942
105.081 18.0115 0.0732732
105.133 17.805 0.0657726
105.148 18.0023 0.0685294
105.092 17.8308 0.0738726
105.061 17.8478 0.0716497
105.031 17.8589 0.0716556
105.025 17.9024 0.0712207
105.039 17.884 0.068959
105.096 17.9588 0.0683085
105.085 17.7751 0.0718529
105.07 17.7773 0.0688143
105.108 17.9425 0.0701767
104.976 17.9153 0.0694705
105.114 17.7949 0.0691551
105.096 17.758 0.0686431
105.105 17.9399 0.0696847
105.078 17.9816 0.0722175
105.066 17.7567 0.0697454
105.145 17.9602 0.0745295
105.158 17.8005 0.0690695
105.079 17.8382 0.0712721
105.085 17.8198 0.0698302
105.003 17.7547 0.0693171
105.132 17.8147 0.069399
105.105 17.8014 0.0704828
105.051 17.876 0.0721236
105.073 17.9967 0.0709138
104.975 18.0093 0.0729641
105.058 17.8618 0.0714691
105.011 17.8677 0.0690394
105.001 17.8987 0.0727621
104.975 17.9389 0.0714626
105.075 17.8689 0.0686701
105.082 17.891 0.073199
105.148 17.9051 0.0704271
105.2 17.8819 0.0711077
105.165 17.8333 0.0743719
105.15 17.9102 0.0714724
105.075 17.8266 0.0701113
105.078 17.8331 0.0701273
105.055 17.9501 0.0719403
104.938 17.9685 0.0710456
105.106 17.8051 0.0706357
105.145 17.8591 0.0698625
105.149 17.8879 0.0706321
105.027 17.8564 0.071097
105.12 17.8668 0.0704273
105.188 17.8651 0.0698152
105.175 17.8379 0.0739673
104.924 17.9378 0.0710917
105.149 17.8297 0.0698334
105.009 17.8735 0.0682277
105.189 17.9372 0.0714772
105.111 18.0134 0.0697738
105.056 17.7705 0.0668863
105.024 17.9465 0.0692153
105.03 17.8821 0.0707546
105.127 17.8044 0.07357
105.081 17.8881 0.0702749
105.07 17.8738 0.0728445
105.121 17.7887 0.0684369
105.102 17.9497 0.0678429
105.011 17.815 0.0712779
105.127 17.911 0.0712462
105.19 17.8243 0.0699068
105.139 17.927 0.0744977
105.026 17.9566 0.0709255
105.006 17.7817 0.0728097
105.092 17.8797 0.0711131
105.082 17.9161 0.0706959
105.141 17.848 0.0707302
105.104 17.8648 0.0712805
105.101 17.888 0.0693075
105.068 17.7675 0.0702658
105.06 17.9069 0.0684863
105.056 17.7898 0.0710354
105.171 17.99 0.0702256
104.946 17.8754 0.0699658
105.049 17.8858 0.0709403
105.317 17.8679 0.0720311
104.993 17.8852 0.0715589
105.045 17.8791 0.0676652
105.124 17.7699 0.0697114
105.014 17.9017 0.0704432
105.039 17.9242 0.0702702
105.026 17.951 0.0705878
105.152 17.9082 0.0692083
105.065 17.9463 0.071891
105.033 17.7791 0.0703263
105.106 17.8543 0.0708263
105.187 17.9255 0.0716921
105.066 17.8046 0.0690494
105.168 17.8872 0.0689872
104.966 17.825 0.0726402
105.025 17.761 0.0708953
105.092 17.9443 0.0715322
105.132 17.8605 0.066824
105.136 18.0569 0.0704152
105.083 17.7779 0.0718142
104.981 17.8967 0.0729792
104.995 17.86 0.0712765
105.086 17.9508 0.0686125
105.135 17.8536 0.0674317
105.128 17.8627 0.0714349
105.077 17.8446 0.0695062
105.128 17.9699 0.069799
105.095 17.8209 0.0733112
105.222 17.754 0.0700496
105.094 17.8637 0.0743567
105.04 17.8796 0.0721167
105.048 17.7676 0.0713539
105.173 17.915 0.0703132
105.223 17.866 0.0710269
105.073 17.87 0.0704195
105.069 17.8967 0.0708181
105.213 17.7699 0.0689579
105.098 17.8592 0.0712229
105.092 17.7699 0.0684347
105.134 17.8235 0.0662637
105.14 17.8368 0.0715501
105.151 17.8761 0.0745811
105.087 17.8558 0.072856
105.113 17.8364 0.0698732
105.088 17.9056 0.0727564
105.039 17.8382 0.0703905
105.193 17.8509 0.0753547
105.016 17.8518 0.0709124
105.059 17.9503 0.0709662
105.028 17.923 0.071826
105.016 17.9693 0.0687662
105.177 17.8793 0.0692261
105.068 17.7416 0.0707457
105.119 17.7072 0.0717009
105.095 17.7569 0.0756295
105.166 17.9774 0.0699
105.157 17.8127 0.0727251
105.014 17.8396 0.0721805
105.222 17.8351 0.0702864
105.163 17.7963 0.0708338
105.065 17.859 0.071763
105.064 17.8966 0.0689588
105.112 17.8925 0.0706071
105.098 17.7974 0.0715181
105.04 17.8612 0.0719674
105.089 17.947 0.0692026
105.096 17.9699 0.0708762
105.019 17.8016 0.0728103
105.125 17.9091 0.0730243
105.012 17.8689 0.0702154
105.161 17.8425 0.0688691
104.952 17.8995 0.0704449
105.007 17.8945 0.0709911
105.169 17.9313 0.0688668
105.11 17.9764 0.0729298
105.132 17.8306 0.0696842
105.015 17.6959 0.06699
105.011 17.7468 0.0682985
105.103 17.8462 0.0680773
105.093 17.8777 0.0724005
105.151 17.9043 0.0666762
105.102 17.9652 0.0699586
105.101 17.816 0.0692753
104.965 17.8642 0.0722806
105.189 17.9317 0.0688333
105.083 17.8134 0.0709889
105.141 17.842 0.0716937
105.063 17.9502 0.0732314
104.96 17.7979 0.0717262
105.027 17.9068 0.0712966
105.116 17.878 0.0684494
105.032 17.9422 0.0699303
105.023 17.9654 0.0727079
105.147 17.9532 0.0687699
105.249 17.8334 0.0699792
105.099 17.9131 0.0711093
105.117 17.8969 0.0699481
105.069 17.8833 0.0702927
105.084 17.9033 0.0699215
105.011 17.8522 0.0697084
105.042 17.963 0.0681617
105.09 17.9459 0.0728433
105.038 17.8653 0.0740862
105.052 17.7179 0.0729728
105.103 17.8883 0.0697833
105.072 17.9251 0.07503
105.023 17.8736 0.0717331
105.088 17.9682 0.0705347
105.134 17.9055 0.0719895
105.123 17.7804 0.0683015
105.106 17.984 0.0695417
105.058 17.9304 0.0714678
105.023 17.9176 0.0733101
104.914 17.7934 0.0710024
105.061 17.8707 0.0713568
105.077 17.8728 0.0730423
105.105 17.8259 0.0660187
105.118 17.7899 0.0716232
105.168 17.9291 0.070215
105.107 17.8523 0.0687133
105.101 17.9088 0.0686408
105.048 17.852 0.0721789
105.104 17.8258 0.067491
105.048 17.7488 0.070545
105.045 17.8772 0.0702675
105.116 17.8018 0.0699401
105.06 17.7888 0.0722303
105.109 17.8171 0.0673418
104.997 17.817 0.07304
105.171 17.7433 0.0712543
104.941 17.8668 0.0733076
105.125 17.9361 0.0728434
105.158 17.8042 0.0720104
104.952 17.8129 0.0678784
104.966 17.7385 0.0729302
105.152 19.3106 0.0879587
105.117 17.8241 0.0706378
105.049 18.0217 0.0709862
105.05 18.0053 0.0694661
105.153 17.9214 0.0724045
105.044 17.848 0.0708373
105.039 17.9421 0.069557
105.172 17.8114 0.074889
105.046 17.7757 0.0708292
105.111 17.841 0.0698558
105.051 17.8375 0.0741937
105.073 17.8616 0.0720253
105.122 17.873 0.071628
104.99 17.8262 0.0678105
105.122 17.8101 0.0656523
105.142 17.8441 0.0673125
105.085 17.8853 0.0706558
105.096 17.9218 0.0665398
105.008 17.6606 0.0706491
105.289 18.0355 0.0695555
105.048 17.8483 0.068563
105.218 17.8699 0.0719133
105.123 17.8554 0.0737936
105.017 17.8807 0.0720691
105.072 17.834 0.0731712
105.201 17.8458 0.0747096
105.041 17.922 0.0730597
105.163 17.8802 0.0673979
105.14 17.796 0.0680244
105.24 18.0383 0.0670832
105.176 17.9026 0.068269
105.179 17.9466 0.0670314
105.074 17.8227 0.0693628
105.016 17.858 0.0706535
105.18 17.844 0.0702792
104.994 17.6959 0.0727071
105.038 17.8562 0.0742799
105.064 17.8902 0.0714065
105.146 17.8245 0.0719771
105.203 17.893 0.0732147
105.104 17.9413 0.0690766
104.979 17.8405 0.0725146
105.109 17.8429 0.0741899
105.079 17.7953 0.0725067
105.075 17.7816 0.0674016
105.132 17.9378 0.0690352
104.991 17.863 0.0732489
105.013 17.9268 0.0729813
104.97 17.8464 0.0701025
105.048 17.8704 0.0722742
105.067 17.9432 0.0718152
105.145 17.912 0.0714343
105.012 17.9138 0.067298
105.203 17.9217 0.0681613
105.181 17.895 0.0700825
105.163 17.7877 0.0701148
105.035 17.9551 0.0705381
105.005 17.7 0.0736526
104.973 17.7813 0.0747854
105.066 17.9357 0.0681099
105.055 17.8867 0.0712399
105.082 17.8987 0.0702476
105.111 17.911 0.0711595
105.105 17.766 0.0746099
105.181 17.8244 0.0700355
105.161 17.9054 0.0645877
105.011 17.8957 0.0726388
105.038 17.9465 0.0718714
105.095 17.9937 0.0720661
105.021 18.0056 0.0710742
105.215 17.9175 0.0696075
105.204 17.8966 0.0697267
105.181 17.8867 0.0706336
105.071 17.9023 0.070931
105.007 17.864 0.0732567
105.024 17.9063 0.0714114
105.029 17.7412 0.074434
105.064 17.8348 0.0676991
105.119 17.9543 0.0713304
105.073 17.8881 0.0712963
105.213 17.8319 0.0744306
105.193 17.8781 0.0723279
104.919 17.9552 0.0711691
105.171 17.8154 0.0702377
104.983 17.9522 0.0724445
105.03 17.8509 0.070804
104.992 17.8718 0.072522
105.133 17.8752 0.0704198
104.997 17.9652 0.0693841
105.126 17.8971 0.0714737
105.047 17.9289 0.0686223
105.025 17.7982 0.0700772
105.27 17.9712 0.0736471
105.094 17.8031 0.0702376
105.092 17.812 0.0715238
105.041 17.8431 0.0672987
105.111 17.8823 0.0667174
105.228 17.8226 0.0697234
105.04 17.8344 0.0721654
105.183 17.9199 0.0710195
104.995 17.8981 0.0722178
105.007 17.8945 0.0749747
104.973 17.7236 0.0724199
105.253 17.9849 0.0697522
105.066 17.7948 0.0702426
105.093 17.9196 0.0713339
105.159 17.9077 0.0746299
105.13 17.7713 0.0704406
104.953 17.89 0.07122
105.155 17.7808 0.0686321
105.217 17.9062 0.0683876
105.089 17.8316 0.0722182
105.104 17.7911 0.0664713
105.099 17.9154 0.0716734
105.121 17.9121 0.0725353
105.136 17.9002 0.0696313
105.199 17.9514 0.0682356
105.026 17.8941 0.0712125
104.985 18.052 0.0719276
105.187 17.8211 0.0698145
105.023 17.8994 0.0720201
105.106 17.7939 0.0676495
105.12 17.7966 0.0644719
105.077 17.8373 0.0691339
105.064 17.8737 0.0689252
105.06 17.8283 0.0690648
105.061 17.833 0.0656909
104.981 17.8713 0.067824
105.164 17.978 0.068483
105.095 17.781 0.0732591
105.037 17.9374 0.0744807
105.144 17.8391 0.0700583
105.171 17.7822 0.0706979
105.096 17.864 0.0722476
105.099 18.0568 0.0683474
105.161 17.8061 0.0692277
105.07 17.789 0.0716012
105.212 17.8317 0.0729701
105.036 17.9218 0.07068
105.1 17.9136 0.0691302
105.117 17.7808 0.0748504
105.137 17.8395 0.0677327
105.076 17.8596 0.0711364
105.274 17.8054 0.0717492
105.153 17.9969 0.0745158
104.984 17.8562 0.0700189
105.008 17.9192 0.0721514
105.121 17.9171 0.0708685
105.068 17.7544 0.0700356
104.868 17.8 0.0759117
105.025 17.957 0.073947
105.104 17.8683 0.0710322
104.98 17.9107 0.069431
104.988 17.9196 0.0722238
105.07 17.9073 0.0704922
105.018 17.9068 0.0705735
105.016 17.8569 0.068122
105.075 17.8573 0.0678197
105.064 17.873 0.0715448
104.962 18.0379 0.0725547
105.09 17.9242 0.0724368
105.101 17.9652 0.0738892
105.186 17.8476 0.0742841
104.999 17.8999 0.0676133
105.075 17.8755 0.0675613
104.898 17.9228 0.0708461
105.102 17.887 0.0729529
105.167 17.9825 0.068717
105.301 17.806 0.0709427
105.089 17.8208 0.0712814
105.02 17.9908 0.0716495
105.207 17.8881 0.0692913
104.963 17.9157 0.0725659
105.12 17.875 0.0743938
105.279 17.8023 0.0747434
105.092 17.8444 0.0713608
105.086 17.8249 0.0719001
105.173 17.8376 0.0724808
105 17.8125 0.0691875
105 17.8079 0.0676313
105.08 17.898 0.0701928
105.11 17.9868 0.0714287
105.148 17.9661 0.0703918
105.129 17.8776 0.06965
104.989 17.8893 0.06894
105.102 17.9768 0.0720138
105.042 17.8829 0.0728852
104.983 17.7101 0.0705716
105.062 17.8457 0.0717775
105 17.8847 0.0738269
105.036 17.9349 0.0691106
104.953 17.9085 0.0708181
105.065 17.8481 0.0712386
105.082 17.7943 0.0717399
105.106 17.7867 0.0725871
105.127 17.8305 0.0710396
105.191 17.9918 0.0647739
105.089 17.9354 0.0709089
105.127 17.7248 0.0667593
105.208 17.8477 0.0719096
105.015 17.8011 0.070105
104.976 17.7731 0.0703261
105.012 17.7271 0.0703333
104.985 17.877 0.0703799
105.154 17.8395 0.0713822
105.128 17.7767 0.0729279
105.093 17.839 0.0744271
105.037 17.7697 0.071688
105.135 17.7952 0.0675664
105.194 17.7999 0.0655918
105.11 17.8614 0.0692118
105.045 17.8251 0.0674272
105.163 17.9404 0.0693431
105 17.8823 0.0708229
105.075 17.9364 0.0737228
105.079 17.9468 0.0687597
105.016 18.0061 0.0705429
105.236 17.9519 0.0724822
105.017 17.9255 0.0690701
105.15 18.0122 0.0681304
105.172 17.7617 0.0677687
105.21 17.8065 0.069666
105.129 17.9794 0.0698195
105.092 17.975 0.0687066
105.093 17.8324 0.0744693
105.056 17.8889 0.0708035
105.206 17.7803 0.0674205
105.028 17.8434 0.0760759
105.103 17.9059 0.0701777
105.177 17.7602 0.0671996
105.159 17.9608 0.0654732
105.01 17.893 0.0700845
105.136 18.0061 0.0712973
105.055 17.9078 0.0699901
105.055 17.9488 0.0680369
105 18.0577 0.0721808
105.185 17.9003 0.0709108
105.244 17.9438 0.0685916
105.09 17.9016 0.0706486
105.165 17.9197 0.0723294
105.111 17.8823 0.0708238
105.159 17.9275 0.0704226
105.135 17.9394 0.0710025
105.044 17.9472 0.0693339
105.024 17.8759 0.0717205
105.067 17.8301 0.0670404
105.125 17.8896 0.0706499
105.02 17.914 0.0721579
104.959 17.7747 0.069875
105.042 17.9004 0.0735132
105.042 17.8444 0.070912
104.928 17.8582 0.069088
105.113 17.8864 0.0716864
105.2 17.9458 0.067894
105.155 17.847 0.0710325
104.959 17.8655 0.0743652
105.162 17.8113 0.0696844
105.084 17.8053 0.0709612
105.022 17.9289 0.0678283
105.092 17.7223 0.0711762
105.293 17.9916 0.0718349
105.048 17.8606 0.0718324
105.14 17.7973 0.0709658
105.022 17.9315 0.0704507
105.107 17.8835 0.0729512
104.989 17.8847 0.0697453
104.937 17.8928 0.0704397
105.018 17.8925 0.0724286
105.096 18.0002 0.0739327
105.122 17.978 0.0686217
105.174 17.873 0.0737985
105.106 17.8293 0.0735475
105.122 17.8831 0.072116
105.109 17.8816 0.0688917
105.118 17.8723 0.0722761
105.096 17.8019 0.0741376
105.051 17.9997 0.0716266
105.01 17.8987 0.0721409
105.148 17.8434 0.0711161
105.007 17.8286 0.0734311
105.181 17.7969 0.0692004
105.165 17.8959 0.0681417
105 17.8864 0.0725305
105.087 17.7567 0.0679749
105.131 17.8624 0.0708603
105.042 17.9155 0.0730137
105.211 17.9151 0.0677819
105.118 17.9263 0.069865
105.177 17.9624 0.0706996
105.253 17.9585 0.068513
105.134 17.9255 0.0695597
105.131 17.8775 0.0702532
104.985 17.9844 0.0702628
105.049 17.7418 0.0696026
105.046 17.8559 0.0671221
105.087 17.8645 0.0749441
104.991 17.8523 0.0710475
105.113 17.9215 0.0715151
105.136 17.8243 0.0701457
105.194 17.7775 0.0648619
105.085 17.7923 0.0707764
105.069 17.8458 0.0729688
105.063 17.8443 0.0702557
105.11 17.8227 0.0665026
105.062 17.8599 0.0704868
104.996 17.879 0.0718891
105.11 17.7285 0.0745834
105.046 17.897 0.0687611
105.076 17.8823 0.0678581
105.186 17.7966 0.0712031
105.121 17.8406 0.0684156
104.974 18.074 0.0716374
105.166 17.9118 0.0699787
105.083 17.8672 0.0696819
105.12 17.9142 0.0712876
105.175 17.7804 0.0686206
105.096 17.8607 0.0702976
105.181 17.7715 0.0711188
105.076 17.9945 0.0724503
105.076 17.7641 0.0658727
105.168 17.9676 0.068416
105.227 17.8584 0.0724871
105.133 17.9415 0.0673569
105.146 17.8919 0.0697918
105.072 17.911 0.0708475
105.144 17.9258 0.0701649
105.086 17.7848 0.0731912
105.04 17.7037 0.0703539
105.039 17.8964 0.0706671
105.003 17.8714 0.0742181
105.067 17.9398 0.0717795
105.07 17.9422 0.0689367
105.094 17.9241 0.0728995
105.127 17.9467 0.0727683
105.003 17.7865 0.0742573
105.043 17.89 0.0707555
104.963 17.8758 0.069523
105.003 17.8558 0.0712656
105.167 17.8375 0.0757777
105.176 17.9579 0.0730657
105.162 17.9428 0.0679646
105.131 18.0237 0.0667006
105.186 17.9361 0.0671301
105.115 17.9461 0.0713725
105.12 17.8718 0.0696413
105.059 17.9156 0.0725557
105.098 17.9793 0.0690529
105.06 17.8467 0.0710986
105.282 17.9749 0.0714694
105.091 17.8203 0.071191
105.104 17.9282 0.072161
105.056 17.8344 0.0709248
105.145 17.8028 0.0724331
105.116 17.7705 0.0702503
105.005 17.8751 0.0717861
105.051 17.7762 0.0663366
105.117 17.8764 0.0740598
105.1 17.8284 0.0676817
105.008 17.8508 0.0707519
105.1 17.94 0.0685506
105.074 18.032 0.072523
105.072 17.8898 0.0728541
105.135 17.7146 0.069992
105.136 17.9429 0.0694718
105.214 17.7933 0.0722455
105.158 17.7208 0.0706431
105.051 17.9062 0.0700247
105.155 17.8033 0.0685693
105.03 17.9509 0.0717481
105.168 17.8481 0.0726333
105.168 17.8075 0.0716254
105.082 17.8415 0.0702828
105.075 17.8645 0.0696596
105.27 18.0193 0.0692465
105.094 17.8963 0.0714189
105.236 17.799 0.0652005
105.214 17.9176 0.0674757
105.201 17.9431 0.0693623
105.082 17.9476 0.0715067
105.046 17.7708 0.0697778
105.177 18.025 0.0687635
105.002 17.8191 0.0705729
105.137 17.8223 0.0727093
105.111 17.9543 0.0710736
105.142 17.9973 0.0716716
104.91 17.8229 0.0703581
105.145 17.9837 0.0696233
105.203 17.8583 0.0723573
105.125 17.8995 0.0696234
105.071 17.7706 0.0721412
105.05 17.8089 0.0678159
105.225 17.9956 0.0725448
105.164 17.9611 0.0695209
105.043 17.815 0.0652948
105.062 17.8889 0.0710867
105.159 17.8572 0.0697811
105.209 17.9608 0.0711279
105.185 17.8056 0.0689537
105.238 17.8957 0.0703485
105.025 17.8966 0.0740496
105.141 17.7885 0.0712076
105.032 18.0156 0.0684851
105.186 17.8313 0.0693663
104.971 17.9051 0.0706624
105.151 17.8036 0.0712142
105.167 18.015 0.0689812
105.093 18.0506 0.069697
105.086 17.9306 0.071531
105.162 17.7198 0.0661482
105.063 17.89 0.0704959
105.046 17.8376 0.073244
105.13 18.0042 0.0712596
105.149 17.8183 0.067104
105.123 17.8194 0.0674145
105.162 17.9693 0.0672805
105.137 17.9443 0.0680784
105.203 17.9761 0.0698428
105.15 17.8862 0.0713814
105.02 17.9743 0.0690358
105.1 17.755 0.0686829
105.027 17.7576 0.0723028
105.221 17.8071 0.0711703
105.011 17.7918 0.072588
105.038 17.9143 0.0717024
105.032 17.8541 0.0701607
105.018 17.8656 0.0682163
105.128 17.9743 0.0717112
105.141 17.8719 0.0749711
105.177 17.9226 0.0709276
105.054 17.8279 0.0677532
105.042 18.017 0.0726598
105.212 17.8447 0.0720436
104.988 17.8848 0.0747155
105.105 17.8562 0.0712033
105.158 17.8969 0.0715346
105.096 17.9243 0.0719831
105.075 17.9199 0.0732669
105.01 17.9761 0.0712611
105.076 17.9799 0.0695353
105.029 17.8534 0.0687879
105.052 17.8832 0.0700663
105.029 17.7801 0.0702553
105.15 17.8659 0.0708336
105.081 17.8686 0.0706664
105.132 17.8557 0.0724447
105.026 17.9662 0.069622
105.006 17.7954 0.0664209
105.132 17.8585 0.0680006
104.95 17.9185 0.0688097
105.202 17.8689 0.0729114
105.013 17.9365 0.0687851
105.119 17.8482 0.0708845
105.029 17.7624 0.0730731
105.11 17.8339 0.0715502
105.177 17.9462 0.0704007
105.104 17.8949 0.075037
105.056 17.9203 0.0690044
104.996 17.8983 0.0679341
105.068 17.9226 0.0732984
105.175 17.8634 0.0687424
105.069 17.8226 0.0714124
105.072 17.9206 0.0730898
105.228 17.9961 0.0662913
105.032 17.8135 0.0739902
105.111 17.9472 0.0692895
105.027 17.9388 0.070688
105.141 17.8598 0.0689949
105.166 17.9151 0.0697132
105.11 17.7919 0.0716532
105.118 17.8442 0.0726722
105.107 17.8997 0.0731637
105.11 17.9004 0.0752971
105.19 18.0422 0.069634
105.168 18.0699 0.0695359
105.069 17.8102 0.0674206
105.121 17.9076 0.0705251
105.107 17.8164 0.0718841
105.203 17.8179 0.0710841
105.061 17.8528 0.066474
105.118 17.8095 0.064934
105.165 17.871 0.0695008
105.121 17.8436 0.0697527
105.046 17.8141 0.0681491
104.993 17.8153 0.069869
105.135 17.9679 0.0695782
105.062 17.8463 0.0665965
105.075 17.8725 0.0668504
105.118 17.8477 0.0674365
105.06 17.8235 0.0672654
105.049 17.9023 0.0707734
105.1 17.9478 0.0693228
105.219 17.917 0.070123
105.065 17.9522 0.0682105
105.147 17.8465 0.0705198
105.189 17.7874 0.0685394
105.129 17.7614 0.0688155
104.953 17.8258 0.0712317
105.182 17.8569 0.0720241
105.105 17.8933 0.0745084
105.123 17.8321 0.06719
103.244 21.3763 0.0994403
104.951 17.845 0.0751689
105.069 17.8636 0.0708887
105.008 17.8322 0.0686896
105.078 17.8518 0.0717283
105.229 17.8376 0.0706726
105.025 17.8127 0.0686779
105.103 17.7861 0.0663874
105.168 17.7063 0.0675818
105.002 17.8729 0.0723805
105.103 17.9081 0.0719686
105.056 17.8788 0.0696793
105.115 17.873 0.0695541
105.022 17.985 0.0722529
105.017 17.8785 0.0686817
105.002 17.7505 0.0694831
104.985 17.7225 0.0728169
105.015 17.8078 0.073988
105.146 17.8113 0.0712883
105.167 17.8136 0.0700626
105.148 17.8296 0.0705955
105.132 17.8349 0.0719581
105.148 17.9565 0.0711453
105.075 17.8575 0.0703999
105.166 17.6763 0.0690785
105.042 17.9559 0.0704215
105.066 17.9695 0.0709488
104.976 17.8632 0.0710293
105.168 17.8707 0.0708158
105.147 17.9853 0.0721567
105.124 17.7876 0.0683225
104.967 17.865 0.0708801
105.197 17.9251 0.0723299
105.15 17.9263 0.072876
105.06 17.7849 0.0697698
105.045 17.7986 0.0704478
105.004 17.772 0.0699624
105.022 17.7961 0.0706711
105.113 17.9201 0.0695747
105.095 17.9204 0.070985
105.002 17.8795 0.0702309
104.927 17.8533 0.0698551
105.146 17.9651 0.0699121
105.041 17.7978 0.0738531
105.103 17.8981 0.071811
105.049 17.8414 0.0696771
105.158 17.7823 0.0692308
105.13 17.8827 0.073391
105.002 17.7715 0.065677
105.028 17.7167 0.0691056
105.158 17.8586 0.0715181
105.103 17.8588 0.0693468
105.07 17.8277 0.0694354
105.056 17.8946 0.0689677
104.982 17.945 0.0704804
105.162 17.9044 0.0687572
105.08 17.8395 0.0704602
105.095 17.9061 0.0715116
105.113 17.9296 0.0703995
105.106 17.8041 0.0727078
104.999 17.839 0.0722772
105.047 17.8822 0.0732782
105.141 17.8214 0.0714824
105.071 17.8476 0.0687131
105.085 17.8354 0.0701483
105.071 17.8353 0.0702761
105.077 17.763 0.0722327
105.053 17.775 0.0713258
105.046 17.8022 0.0711157
105.038 17.9072 0.0705336
104.95 17.9475 0.0737981
105.062 17.7999 0.0693221
105.221 17.8201 0.0666276
105.048 17.7911 0.0736074
104.991 17.8827 0.0741112
105.02 17.8749 0.0679774
105.024 17.842 0.0719467
104.974 17.8544 0.0657122
105.124 17.7423 0.0672316
105.099 17.6949 0.0660427
105.237 17.8126 0.0723537
105.051 17.812 0.0715827
105.069 17.8177 0.0719151
105.042 17.8907 0.0706044
105.066 17.8645 0.0685194
105.111 17.8267 0.0721797
105.072 17.8255 0.0708271
105.199 17.9525 0.0702824
105.097 17.7997 0.0699902
105.092 17.851 0.073855
105.089 17.7836 0.0693535
105.104 17.9409 0.0706856
105.034 17.8949 0.071323
105.076 17.7906 0.0686911
105.128 17.6986 0.0657078
105.081 17.7887 0.0698898
105.088 17.8809 0.0713238
105.229 17.6844 0.0707004
105.167 17.9568 0.0752633
105.148 17.7953 0.0711353
105.053 17.8376 0.0710188
105.048 17.8581 0.0732028
105.121 17.9171 0.070243
104.942 17.8352 0.0686554
105.073 17.9635 0.0728807
105.181 17.8902 0.0678367
105.027 17.9449 0.0724923
105.036 17.9138 0.0704371
105.047 17.928 0.0706501
105.111 17.7315 0.06765
105.058 17.7979 0.0663698
105.06 17.6724 0.0683815
105.04 17.7947 0.0723345
104.948 17.8609 0.0708295
105.068 17.9134 0.0702887
105.01 17.9024 0.0671535
104.99 17.8304 0.0714227
105.093 17.9433 0.0700405
105.088 17.9304 0.0705689
105.078 17.9109 0.0720936
105.109 17.8788 0.0717659
104.938 17.8372 0.0727164
105.182 17.7545 0.0695544
105.13 18.0655 0.0739511
105.068 17.871 0.0720309
105.078 17.8588 0.0720452
105.126 17.72 0.0754377
105.007 17.8128 0.0718662
105.132 17.9042 0.0727812
105.189 17.8672 0.0728875
104.989 17.9122 0.0706139
105.068 17.9772 0.0726943
105.133 17.9067 0.0703666
104.998 17.8961 0.0669271
105.128 17.7277 0.0671446
105.117 17.7235 0.0666326
105.154 17.9268 0.0703982
105.061 17.9695 0.0698917
104.939 17.8149 0.0731345
105.114 17.8399 0.0695815
105.148 17.8813 0.0696447
105.105 17.7367 0.07
105.09 17.7922 0.0747279
105.001 17.8961 0.0724298
104.945 17.8607 0.0709039
104.939 17.8655 0.070102
105.124 17.9412 0.0726397
105.124 17.8418 0.0737877
105.052 17.8359 0.0754726
105.157 17.8507 0.069576
105.118 17.8774 0.0720037
105.067 17.9761 0.071457
105.188 17.9418 0.0702107
105.078 17.9203 0.0674681
105.121 17.7638 0.0677276
105.116 17.9566 0.0711671
105.078 17.9221 0.0678657
105.115 17.869 0.0716328
105.016 17.8501 0.0706711
105.023 17.8818 0.0712346
105.05 17.7216 0.0677607
104.987 17.8587 0.0699738
105.164 17.8954 0.0694932
105.084 17.7338 0.0710538
105.174 17.796 0.0708085
105.139 17.8382 0.0698022
104.955 17.8034 0.0694823
105.13 17.984 0.070109
105.032 17.8433 0.0704188
105.151 18.0026 0.0684074
105.053 17.8135 0.0719195
105.132 17.8566 0.0718807
105.074 17.9043 0.0683695
105.064 17.8652 0.0705651
105.144 17.7993 0.0690415
105.136 17.7193 0.0679659
105.11 17.7651 0.0696113
104.996 17.9167 0.0700072
105.017 17.8845 0.0696234
104.99 17.855 0.0716968
105.019 17.8359 0.0690043
105.059 17.7732 0.069742
105.174 17.9288 0.0710218
105.118 17.809 0.0696833
105.127 17.9036 0.0699552
105.045 17.8755 0.0721708
105.028 17.9099 0.0705451
105.119 17.887 0.0695615
104.969 17.8188 0.0721228
105.085 17.863 0.0694866
105.01 17.7359 0.0719771
105.008 17.9646 0.0719966
105.013 17.8464 0.073789
105.087 17.8092 0.0703233
105.185 17.8927 0.0719572
104.988 17.8315 0.0721338
105.118 17.8084 0.0714084
105.053 17.8127 0.0733055
105.09 17.8908 0.0710836
105.007 17.9116 0.0692486
105.052 17.8101 0.0685336
105.003 17.8272 0.072948
105.128 17.7675 0.0690883
105.062 17.8421 0.0746987
104.967 17.8997 0.069005
105.167 17.8976 0.0730932
105.071 17.924 0.0712148
105.068 17.9321 0.070849
105.015 17.8469 0.0665512
104.927 17.8584 0.0682618
105.145 17.9896 0.0732912
105.137 17.8747 0.0699742
105.126 17.883 0.0719557
105.041 17.8211 0.0712565
105.099 17.8271 0.0677003
105.034 17.7186 0.0688543
105.004 17.8397 0.072178
105.134 17.9177 0.0697591
105.055 17.8763 0.0696
105.084 17.8905 0.073833
105.106 17.8047 0.0685201
105.082 17.8342 0.0677253
105.112 17.7254 0.0699984
105.13 17.852 0.0719444
105.157 17.9055 0.0709223
105.136 17.8001 0.0706692
105.091 17.8188 0.0714002
104.926 17.912 0.0702756
105.133 17.8385 0.0732199
105.149 17.9382 0.0742095
105.18 17.8452 0.0734984
105.123 17.9304 0.0721475
105.063 17.9188 0.070854
105.156 17.7205 0.0674643
105.056 17.6916 0.069751
105.163 17.796 0.0726429
105.056 17.7184 0.0697204
105.026 17.8558 0.0714855
105.183 17.924 0.0725157
105.022 17.8935 0.0729244
105.114 17.7907 0.0759529
105.111 17.9026 0.0707263
105.082 17.9517 0.0736358
105.085 17.8396 0.0733419
105.141 17.908 0.0715468
105.185 17.8033 0.0714034
105.1 17.8592 0.0717485
105.15 17.9209 0.072765
105.127 17.9359 0.0713983
105.025 17.8318 0.0715442
105.019 17.8422 0.0686702
105.104 17.7726 0.0664263
105.304 17.9016 0.0716758
105.106 18.0033 0.0713523
105.228 17.6547 0.0709287
105.129 17.8148 0.0693796
105.141 17.788 0.0706693
105.086 17.7962 0.0757092
105.162 17.9161 0.0702994
105.159 17.8777 0.0726542
105.109 17.8344 0.0713617
105.101 17.9571 0.0718704
105.122 17.971 0.0719181
105.097 17.9201 0.0710115
105.086 17.8216 0.0719458
105.121 17.9495 0.0680224
105.229 17.7307 0.0695712
105.048 17.9339 0.069179
105.035 17.8755 0.0688051
105.108 17.8992 0.0746318
105.03 17.8271 0.0744626
105.022 17.7918 0.0743506
105.06 17.9197 0.07166
105.028 17.8412 0.0697229
105.128 17.7963 0.0713242
105.093 17.7019 0.0692254
105.104 17.8124 0.0712712
105.075 17.7509 0.0708968
105.127 17.9023 0.068407
105.197 17.9284 0.070353
105.017 17.8592 0.0700439
104.951 17.8818 0.0687441
104.981 17.8891 0.0686012
105.066 17.93 0.0694747
105.075 17.7989 0.0727456
105.033 17.8006 0.0703602
105.096 17.8358 0.0722651
105.069 17.8079 0.0706297
105.158 17.8198 0.0695844
104.984 17.8453 0.0734174
105.046 17.8415 0.0676412
105.159 17.8532 0.0717234
105.179 17.8908 0.0699337
105.126 17.8356 0.0696188
105.123 17.8521 0.07088
105.017 17.9133 0.0711344
104.984 17.9042 0.0709295
105.081 17.9062 0.0708523
105.106 17.8137 0.0706426
104.944 17.7142 0.070217
105.078 17.9215 0.0699167
104.999 17.829 0.0714392
104.956 17.9089 0.0717208
105.045 17.8475 0.0766426
105.11 17.9303 0.068128
105.102 17.8152 0.0701381
105.111 17.8288 0.0719438
105.147 17.9143 0.0737166
105.04 17.8091 0.0710617
105.036 17.7894 0.0715766
105.029 17.8842 0.0702806
105.036 17.9239 0.075236
105.135 17.8621 0.0720291
105.088 17.8158 0.073178
105.203 17.8294 0.0689611
104.984 17.8887 0.0737344
105.08 17.8524 0.0707697
105.046 17.8085 0.0738709
105.054 17.8234 0.0677509
105.096 17.8403 0.0724321
105.114 17.9787 0.0730286
105.131 17.7145 0.0658511
105.138 17.747 0.0675179
105.189 17.8193 0.0702053
105.002 17.8607 0.0713101
105.066 17.9185 0.0728709
105.083 17.7537 0.0724474
105.069 17.7168 0.0703755
105.043 17.8133 0.0689315
105.023 17.7644 0.0697121
105.011 17.8227 0.07117
105.201 17.9409 0.0711887
105.141 17.9239 0.070762
105.099 17.8464 0.0690524
105.062 17.9032 0.0700351
105.044 17.9073 0.071502
105.092 17.849 0.0679986
105.023 17.8755 0.0711752
105.087 17.803 0.0691223
105.077 17.7916 0.0694625
105.174 17.8064 0.0688734
105.055 17.824 0.0686007
105.108 17.818 0.0718208
105.061 17.8675 0.0723702
105.075 17.7344 0.0702147
105.101 17.7341 0.0701468
105.214 17.6762 0.0694916
105.134 17.8136 0.0701707
104.962 17.8496 0.0761716
105.034 17.9322 0.0687643
104.894 17.9106 0.0719103
105.042 17.8492 0.0686958
105.057 17.8448 0.0690201
104.974 17.9494 0.0737557
105.262 17.9485 0.0690454
105.022 17.872 0.069765
105.115 17.956 0.0714826
105.085 17.7368 0.0691971
105.13 17.8371 0.0700169
105.02 17.7214 0.0676074
105.016 17.7202 0.0759783
105.161 17.9614 0.0725483
105.102 17.9039 0.0714926
105.148 17.856 0.0678653
104.967 17.8615 0.0723244
105.126 17.9071 0.0686475
105.055 17.8811 0.0709133
105.199 17.9384 0.0723278
105.076 17.9505 0.0725443
105.136 17.853 0.0731696
105.124 17.9053 0.0721944
105.145 17.8933 0.0735951
105.043 17.874 0.0699345
105.007 17.9399 0.0744219
105.1 17.6674 0.0651217
105.126 17.7202 0.0659354
105.184 17.7078 0.0668579
105.148 17.723 0.0670714
105.139 17.887 0.0721897
105.133 17.987 0.0686761
105.211 17.9045 0.0716475
105.089 17.9131 0.0721273
105.127 17.8313 0.0706726
105.118 17.8255 0.0720939
104.959 17.8037 0.0703794
104.982 17.7686 0.0708082
105.193 17.8264 0.0709456
105.037 17.8418 0.0722324
105.159 17.7728 0.0702474
105.047 17.9762 0.0721478
105.143 17.8529 0.0724845
105.114 18.0178 0.0682857
105.121 17.8164 0.070605
105.071 17.9219 0.070586
105.135 17.9239 0.0703819
105.103 17.9376 0.0692073
105.043 17.9151 0.0684175
105.091 17.8656 0.0709675
105.014 17.8965 0.0707172
104.988 17.8521 0.0684257
105.081 17.8453 0.0742581
105.023 17.7048 0.0731118
105.08 17.8879 0.0737657
105.04 17.7036 0.0697005
105.035 17.8403 0.070591
105.153 17.8632 0.0696497
105.035 17.735 0.0710704
105.144 17.9124 0.0701602
105.089 17.9101 0.0700626
105.047 17.8554 0.0703144
104.999 17.8101 0.0687873
104.949 17.9236 0.0709891
105.16 17.8938 0.0722789
105.119 17.8291 0.0700527
105.102 17.7773 0.0726921
105.124 17.9118 0.069104
105.102 17.8039 0.0678037
105.187 17.7364 0.071567
105.167 17.7701 0.0689487
104.979 17.9195 0.0685958
105.092 17.892 0.0698227
104.968 17.7859 0.0701107
105.144 17.8483 0.06969
105.137 17.8423 0.0715386
105.117 17.8134 0.0752723
105.096 17.8226 0.0705993
105.128 17.9293 0.0695155
105.032 17.8478 0.0751056
105.081 17.8657 0.0693511
104.947 17.7772 0.0721531
105.044 17.8471 0.0764925
105.118 17.8611 0.0720012
105.181 17.8005 0.0718609
105.166 17.906 0.0694584
105.083 17.9512 0.0693664
105.088 17.8165 0.0707657
105.069 17.7998 0.0696673
105.023 17.8268 0.0740924
105.04 17.7988 0.0698207
104.974 17.8793 0.0732992
105.13 17.6454 0.0690579
105.094 17.8996 0.0704756
104.968 17.7853 0.0738993
105.052 17.839 0.0740906
105.145 17.8916 0.0721046
105.098 17.8308 0.074183
105.168 17.8843 0.0721983
105.086 17.8096 0.0731261
105.037 17.9006 0.0720122
105.019 17.8574 0.068377
105.074 17.795 0.0684035
105.054 17.756 0.067881
104.989 17.8351 0.0733443
105.133 17.8304 0.0707782
105.142 17.8764 0.0699543
105.089 17.8429 0.0728047
105.052 17.96 0.0726713
105.037 17.7556 0.0724469
105.025 17.8949 0.0710861
105.122 17.8459 0.0698563
105.065 17.7671 0.0701135
104.975 17.8256 0.0729987
105.067 17.8672 0.0706135
105.065 17.8837 0.0753017
105.17 17.8486 0.0692353
105.033 17.8335 0.0678213
105.079 17.7286 0.0673928
105.111 17.7309 0.068201
105.047 17.8436 0.0717478
105.136 17.8515 0.0722214
105.137 17.831 0.0706983
105.079 17.8955 0.0724843
104.995 17.9293 0.0701556
105.02 17.8973 0.0731838
105.121 17.8445 0.0745073
105.098 17.8701 0.0722916
105.135 17.8888 0.0739145
105.16 17.9393 0.0712463
105.053 17.8665 0.0724903
104.999 17.9819 0.0711626
105.084 17.7399 0.0678395
105.01 17.6887 0.066565
105.051 17.8375 0.0706988
105.022 17.769 0.0691947
105.066 17.7579 0.0677449
105 17.8894 0.0699148
105.131 17.9994 0.0700133
105.055 17.7962 0.0704942
104.999 17.7962 0.0714728
105.06 17.8837 0.0654895
104.995 17.8258 0.0727483
105.2 17.8049 0.0697047
105.08 17.8971 0.0736195
105.127 17.7493 0.0719458
105.146 17.8521 0.0711042
105.137 17.8635 0.0695634
105.011 17.8776 0.0738977
105.002 17.8752 0.0725829
105.091 17.9451 0.0702742
105.076 17.9099 0.0713081
104.067 16.0414 0.028873
105.117 17.7456 0.0664027
105.111 17.8395 0.0697117
105.235 17.8307 0.0684554
105.11 17.9158 0.0697893
105.103 17.9297 0.0708798
105.083 17.9489 0.0701418
105.054 17.9468 0.0657457
105.087 17.8153 0.0713816
105.112 17.833 0.0725957
105.15 17.8332 0.0702788
105.154 17.8725 0.0707527
105.091 17.8529 0.0684113
105.018 17.8292 0.0701002
105.05 17.8475 0.0701361
105.096 17.7462 0.068107
105.142 17.8093 0.0690403
105.126 17.8723 0.0695766
105.125 17.8614 0.0677357
105.102 17.8714 0.0709335
105.018 17.8158 0.072175
105.045 17.8232 0.0702066
105.056 17.8622 0.0683292
105.059 17.8852 0.0733102
105.105 17.86 0.0702806
104.983 17.8784 0.0710752
104.966 17.9011 0.0710577
105.091 17.8839 0.0717235
105.059 17.8897 0.07202
105.131 17.775 0.073164
105.085 17.9185 0.0687636
105.096 17.7373 0.06808
105.064 17.8348 0.0729156
105.087 17.8172 0.0731492
104.988 17.859 0.0702437
105.17 17.7108 0.0707351
105.034 17.9142 0.071541
104.943 17.8357 0.0737906
105.065 17.9459 0.0728743
105.238 17.906 0.0711293
105.064 17.8263 0.0708378
105.152 17.9064 0.0725166
105.01 17.8231 0.0728374
105.056 17.7498 0.0665167
105.049 17.7339 0.0669783
105.03 17.8623 0.0707815
105.1 17.8272 0.0696078
105.101 17.9132 0.0727169
105.232 17.7802 0.0713103
105.136 17.916 0.0710807
105.171 17.8338 0.0685054
105.143 17.8221 0.0666603
105.09 17.8596 0.0757366
105.053 17.885 0.0723735
105.153 17.7839 0.0707411
105.111 17.7915 0.0697064
105.083 17.9287 0.0722579
105.076 17.8942 0.066265
105.035 17.8973 0.0692986
105.186 17.9021 0.0708829
105.097 17.858 0.0692318
105.088 17.8295 0.0741151
105.159 17.8211 0.0651714
104.961 17.8819 0.0722844
105.143 17.8765 0.0717176
105.133 17.8128 0.0732109
105.083 17.8564 0.074283
105.011 17.8318 0.0684726
105.051 17.9577 0.0740429
104.989 17.8289 0.0687305
105.162 17.8223 0.0677997
105.176 17.9317 0.0685633
105.092 17.9066 0.0654984
105 17.9027 0.0755607
105.06 17.7537 0.0681874
105.089 17.9376 0.0697694
105.006 17.8024 0.0688069
104.983 17.8195 0.0722668
105.108 17.8685 0.0704741
105.173 17.8957 0.0682609
105.046 17.9557 0.0693488
105.051 17.8847 0.0719971
105.064 17.8454 0.0699426
105.159 17.7963 0.0701871
105.12 17.9871 0.0699489
105.113 17.8115 0.0721102
105.083 17.9142 0.0731854
105.145 17.9244 0.0741926
105.062 17.7823 0.0697584
105.098 17.8503 0.0708081
105.169 17.8429 0.0709728
105.059 17.8222 0.0679797
105.129 17.9064 0.0704434
105.046 17.8644 0.0753701
105.133 17.8539 0.0712471
105.136 17.9396 0.0711219
105.14 17.896 0.0726331
105.127 17.9332 0.0743971
104.98 17.8726 0.0718448
105.054 17.8436 0.0733203
105.17 17.8353 0.069185
105.092 17.8932 0.072755
105.094 17.7445 0.0710718
105.068 17.8825 0.0671767
105 17.9085 0.0724542
105.044 17.8309 0.0675027
105.137 17.9147 0.0702129
105.097 17.807 0.06922
105.048 17.9232 0.0700442
105.186 17.8041 0.0715797
105.059 17.809 0.0729831
105.11 17.8568 0.0688863
105.046 17.9863 0.069242
105.001 17.9523 0.0681814
105.169 17.7714 0.068137
105.068 17.7944 0.0681154
105.03 17.7983 0.0727928
105.055 17.7748 0.0719872
105.177 17.7944 0.0681676
104.995 17.7837 0.0713285
104.991 17.855 0.0722948
105.108 17.8484 0.0717382
105.165 17.9003 0.0678478
105.087 17.8697 0.0688785
105.095 17.8583 0.0715076
105.07 17.774 0.0712702
105.132 17.8539 0.0708026
105.031 17.9258 0.0695226
105.127 17.8343 0.069974
105.084 17.8467 0.07155
105.096 17.6907 0.0682967
105.12 17.7311 0.0699864
105.089 17.929 0.0693575
104.979 17.8342 0.0710413
105.168 17.8881 0.0729631
105.011 17.993 0.0738533
105.117 17.7684 0.0706339
105.058 17.9198 0.0711632
105.027 17.8584 0.0716205
105.071 17.8618 0.0707844
105.15 17.786 0.0721103
105.081 17.7533 0.0665216
104.997 17.7851 0.0709125
105.1 17.8777 0.0720357
105.16 17.8062 0.0695143
104.97 17.8134 0.0732337
105.034 17.9068 0.0712963
105.007 17.9193 0.067932
105.003 17.8812 0.0743397
105.031 17.8478 0.0714144
105.074 17.855 0.0686299
105.127 17.9431 0.0726649
105.154 17.7059 0.0704368
105.076 17.7465 0.0728295
105.035 17.8752 0.0690827
105.142 17.853 0.0687012
105.055 17.7666 0.0669351
105.061 17.8012 0.0732986
105.034 17.8933 0.0713471
105.042 17.9234 0.0699768
105 17.9804 0.069431
105.088 17.8817 0.0693625
104.986 17.8934 0.0694693
105.029 17.9422 0.0687091
105.105 17.8181 0.0698181
105.096 17.8134 0.0698936
105.145 17.8027 0.0652142
105.135 17.7676 0.0662892
105.034 17.7583 0.0685726
104.984 17.8319 0.0683708
105.121 17.8697 0.0714644
105.052 17.9136 0.069305
105.109 17.7365 0.0723452
105.102 17.843 0.0711204
105.14 17.8808 0.0719716
105.129 17.9214 0.0738728
105.046 17.8873 0.069363
105.08 17.8012 0.0693082
105.158 17.777 0.0713124
105.135 17.7808 0.0701172
105.117 17.8642 0.070628
105.128 17.8619 0.069772
105.185 17.7828 0.071079
105.009 17.8711 0.0703557
105.094 17.939 0.0693702
105.284 17.7568 0.0691644
105.075 17.8671 0.0686295
105.16 17.8058 0.0720787
105.002 17.8441 0.0731141
105.205 17.9127 0.07243
105.227 17.7588 0.0705989
105.185 17.787 0.0745977
105.104 17.8367 0.0711353
105.08 17.89 0.0703735
105.092 17.9556 0.0679874
105.155 17.8389 0.0703948
105.123 17.7776 0.0734346
105.023 17.8886 0.0728661
105.117 17.8423 0.0721635
105.122 17.8716 0.076147
105.049 17.8277 0.0690836
105.129 17.8353 0.0721358
105.119 17.8128 0.0705986
105.114 17.7953 0.0715762
105.015 17.8716 0.0703034
105.113 17.8423 0.0687778
105.169 17.8538 0.0668694
105.084 17.8543 0.0720822
105.064 17.9119 0.0720765
105.022 17.835 0.0702737
105.025 17.747 0.0719151
105.063 17.7693 0.0706685
105.187 17.9485 0.0741587
105.061 17.9048 0.0715994
104.968 17.9044 0.0715283
105.049 17.7825 0.0662437
104.999 17.824 0.0646429
104.987 17.8418 0.0695756
105.15 17.8091 0.0680657
105.206 17.8588 0.0697496
105.193 17.8224 0.070468
105.295 17.913 0.0683558
105.251 17.9124 0.0678978
105.099 17.8318 0.0755736
105.101 17.8398 0.0701576
105.024 17.9014 0.0701493
105.089 17.9123 0.0685204
105.073 17.7476 0.0664909
104.971 17.8065 0.0738995
105.193 17.8452 0.0663246
105.052 17.7247 0.0695256
105.018 17.8475 0.0701108
105.106 17.9137 0.0697178
105.121 17.9617 0.069126
105.026 17.8192 0.0682409
105.087 17.8968 0.0754082
105.213 17.8598 0.0692603
105.152 17.889 0.0711924
105.004 17.8506 0.069115
104.999 17.8281 0.0692352
105.083 17.8344 0.0686874
105.125 17.7318 0.0676425
105.135 17.742 0.0678011
105.145 17.7822 0.0669832
105.093 17.8863 0.0704532
105.154 17.8543 0.0716216
105.128 17.9361 0.0710035
105.032 17.8721 0.0711916
105.067 17.9214 0.0741511
105.083 17.7441 0.069369
105.114 17.883 0.0698029
105.037 17.9173 0.0688614
105.098 17.9632 0.0717889
105.096 17.8272 0.0710993
105.026 17.8539 0.0701911
105.095 17.8404 0.0697874
105.028 17.8983 0.0701415
104.992 17.7516 0.0683212
105.033 18.0085 0.0721126
105.048 17.7904 0.0701859
105.132 17.9152 0.0686875
105.069 17.8647 0.0746736
104.983 17.8279 0.0667633
105.054 17.7981 0.0697144
105.015 17.8376 0.0695011
105.104 17.7853 0.0705784
105.069 17.7813 0.0685493
105.14 17.8494 0.0703476
105.113 17.8798 0.0714042
105.054 17.6885 0.0689596
105.087 17.9342 0.0708271
105.177 17.7354 0.0743243
105.109 17.919 0.0712866
104.999 17.7821 0.0665716
105.11 17.8093 0.0716047
105.146 17.7771 0.0719266
104.993 17.9206 0.0749675
105.01 17.9144 0.0714504
104.966 17.9851 0.0702408
105.003 17.8535 0.0736166
105.103 17.7552 0.0700752
105.163 17.7663 0.0706753
105.182 17.83 0.0651669
104.995 17.7939 0.0683393
105.15 17.9592 0.0711118
105.037 17.8074 0.071763
105.006 17.9162 0.0721916
105.061 17.8713 0.0724406
105.045 17.8177 0.0691366
105.152 17.9324 0.0739187
105.043 17.8291 0.0683204
105.157 17.8069 0.0693014
105.124 17.8226 0.0691177
105.119 17.795 0.0703107
105.134 17.8575 0.0719943
105.244 17.8946 0.0681987
105.063 17.8161 0.0727224
105.064 17.8987 0.0685235
105.155 17.9605 0.0699369
105.031 17.9236 0.0747227
105.126 17.7682 0.0682876
105.122 17.8783 0.0693064
105.1 17.8444 0.068932
105.114 17.8612 0.070088
105.094 17.9269 0.0717997
105.01 17.8014 0.0691222
105.214 17.9103 0.0710101
104.966 17.8088 0.0730748
105.142 17.8189 0.0740324
105.051 17.9842 0.0710918
105.113 17.8808 0.0707907
105.12 17.8366 0.0727837
105.054 17.8784 0.0741586
105.091 17.9918 0.0689165
105.029 17.8372 0.0708364
105.068 17.8872 0.0693286
105.098 17.9239 0.0746077
105.091 17.8832 0.0699191
105.037 17.8709 0.074181
104.971 17.811 0.0699095
105.123 17.9121 0.0757293
105.068 17.8659 0.0708041
105.207 17.7908 0.0680046
105.191 17.8131 0.0675363
105.099 17.9637 0.0689768
105.123 17.9501 0.0705319
105.067 17.9321 0.0724769
105.014 17.8637 0.0692847
105.055 17.7965 0.0711166
105.008 17.8481 0.0732538
105.087 17.8328 0.0730474
105.015 17.8773 0.0702576
105.09 17.8069 0.0702541
105.01 17.9087 0.0710993
105.127 17.7691 0.0679748
105.008 17.8259 0.0706065
105.057 17.8258 0.0713609
105.115 17.8446 0.0706338
105.177 17.903 0.072467
105.025 17.9053 0.0713411
105.28 17.8785 0.0674822
105.138 17.8766 0.068968
105.096 17.9945 0.0683415
105.015 17.9276 0.0684357
105.084 17.8186 0.0698253
105.117 17.878 0.069737
105.209 17.7701 0.0679381
105.035 17.7579 0.0693726
105.109 17.73 0.070047
105.137 17.7831 0.0701265
105.087 17.7894 0.0714399
105.118 17.8534 0.069036
105.057 17.7274 0.0701485
105.174 17.8581 0.0711954
105.048 17.8033 0.0732445
105.215 17.8483 0.0721197
104.977 17.8925 0.0704329
105.017 17.8901 0.0702292
105.035 17.8835 0.0705736
105.07 17.8615 0.0718609
105.169 17.9028 0.0694546
105.073 17.876 0.0717763
105.065 17.8462 0.0735425
105.047 17.8147 0.069474
105.047 17.8929 0.071176
105.14 17.9031 0.0708204
105.078 17.8747 0.0702054
105.145 17.8987 0.0730992
105.073 17.9873 0.0691661
105.09 17.9195 0.0701
105.05 17.856 0.0716964
105.082 17.8095 0.0683493
105.142 17.8094 0.0691796
105.09 17.9 0.0721685
105.103 17.8555 0.0723903
105.038 17.8854 0.0706117
105.011 17.8116 0.0699843
105.142 17.7667 0.0732513
105.051 17.8697 0.0717728
105.124 17.8766 0.0701561
105.088 17.8721 0.0696995
105.024 17.792 0.0672476
105.086 17.8522 0.0696572
105.122 17.8854 0.0686452
105.025 17.7835 0.0707658
105.097 17.7569 0.0705016
105.187 17.8875 0.0739527
105.105 17.8226 0.0691625
105.091 17.8194 0.0658891
105.038 17.8115 0.0665575
105.042 17.8301 0.0754195
105.124 17.7458 0.0698346
105.095 17.7873 0.0696624
105.059 17.9304 0.0693041
105.06 17.9466 0.0683217
105.092 17.9202 0.0678539
105.097 17.9374 0.0718953
105.019 17.922 0.0684474
105.096 17.8261 0.0687645
105.032 17.8825 0.0721666
105.099 17.7678 0.0726852
105.166 17.7622 0.0659927
105.036 17.7354 0.06893
105.002 17.8545 0.070168
104.899 17.8138 0.0724112
104.986 17.8812 0.0730901
105.065 17.8977 0.0687195
105.059 17.7629 0.0697931
105.021 17.7934 0.0689133
105.075 17.8691 0.0756279
105.115 17.7475 0.0686187
105.082 17.8714 0.0704432
105.118 17.8408 0.070683
105.086 17.945 0.0705726
105.062 17.9693 0.0713267
105.049 17.9291 0.0706485
105.076 17.7882 0.0670463
105.099 17.8193 0.0687891
105.139 17.9207 0.0708591
105.047 17.7644 0.0746452
105.055 17.7862 0.0725828
105.057 17.9161 0.0720025
105.184 17.8698 0.0678537
105.091 17.9236 0.0658855
105.149 17.8337 0.070022
105.199 17.8659 0.0709601
104.957 17.8873 0.0735
105.033 17.8131 0.0719062
105.024 17.8204 0.0699487
105.077 17.7852 0.0692973
105.046 17.7609 0.0733604
105.157 17.8709 0.0690926
105.005 17.8254 0.0725811
105.101 17.8363 0.070785
104.995 17.7644 0.0729015
105.075 17.8222 0.0725103
105.038 17.8225 0.0720118
105.127 17.8943 0.0728237
105.224 17.8984 0.0706737
105.048 17.9691 0.0727876
105.071 17.7456 0.072099
104.993 17.8471 0.0700202
105.021 17.8235 0.0648934
105.019 17.8402 0.0709911
105.079 17.8645 0.070396
105.188 17.8019 0.0688968
105.133 17.9693 0.0745791
105.16 17.9199 0.0736166
105.106 17.8894 0.073052
105.018 17.912 0.0696708
105.104 17.8816 0.0742853
105.061 17.9441 0.0707575
105.168 17.9327 0.0723035
105.14 17.7493 0.0684059
104.969 17.8175 0.0715779
105.237 17.7906 0.0678531
105.051 17.7262 0.0711996
104.995 17.7217 0.0705717
105.079 17.9165 0.0690319
105.058 17.8453 0.0694086
105.031 17.9303 0.072929
105.149 17.8189 0.0706145
105.127 17.7896 0.0699658
105.092 17.8149 0.0726408
105.17 17.7278 0.0673823
105.123 17.8653 0.0679199
105.133 17.9023 0.0740704
105.081 17.8445 0.0682469
105.102 17.9272 0.0707646
105.064 17.8869 0.0696865
105.04 17.9126 0.0703841
105.057 17.9701 0.0716205
105.095 17.758 0.0720339
105.169 17.7754 0.0729802
105.069 17.9191 0.07051
105.042 17.8038 0.0698549
105.071 17.8407 0.0708422
105.053 17.8443 0.0698389
105.168 17.8088 0.07004
105.038 17.938 0.0704679
105.035 17.889 0.0713636
105.049 17.8332 0.0692575
104.987 17.928 0.0743854
105.017 17.9249 0.0743302
105.043 17.8063 0.0660969
105.066 17.8455 0.0683829
105.042 17.7972 0.0684333
105.188 17.7543 0.0727893
105.147 17.8921 0.0691002
104.988 17.8655 0.0742734
105.118 17.8578 0.0705135
105.122 17.9371 0.0686086
105.06 17.8143 0.0703105
104.953 17.9394 0.0740125
105.016 17.8463 0.0704307
104.97 17.8054 0.0741149
105.126 17.8812 0.0738558
105.106 17.7164 0.0700577
104.991 17.9013 0.0707926
104.966 17.8948 0.0730287
104.447 17.991 0.070423
