135.434 -18.197 3.37231
135.39 -18.2327 3.37272
135.431 -18.2156 3.37145
135.367 -18.2382 3.37595
135.286 -18.2455 3.37333
135.353 -18.3111 3.37539
135.312 -18.2724 3.37498
135.44 -18.258 3.37439
135.356 -18.2187 3.37204
135.35 -18.2546 3.37296
135.444 -18.197 3.37301
135.468 -18.2717 3.37285
135.469 -18.2776 3.37337
135.484 -18.2821 3.37778
135.479 -18.2682 3.3758
135.393 -18.2212 3.3747
135.35 -18.1652 3.37611
135.426 -18.2027 3.37512
135.283 -18.3207 3.37124
135.464 -18.1275 3.37101
135.32 -18.2592 3.37366
135.43 -18.2988 3.37592
135.361 -18.1198 3.37378
135.396 -18.2298 3.37494
135.466 -18.259 3.37446
135.334 -18.1944 3.36909
135.327 -18.2425 3.37249
135.409 -18.2872 3.37233
135.42 -18.1401 3.37457
135.432 -18.216 3.37546
135.341 -18.1835 3.3751
135.359 -18.2341 3.37297
135.322 -18.1999 3.37468
135.392 -18.1286 3.37252
135.322 -18.2829 3.37298
135.272 -18.2001 3.37049
135.27 -18.1361 3.37243
135.431 -18.3454 3.37189
135.295 -18.1024 3.3703
135.355 -18.2191 3.37734
135.298 -18.2228 3.37196
135.367 -18.249 3.37377
135.375 -18.1424 3.37079
135.367 -18.2805 3.36829
135.291 -18.1874 3.3718
135.375 -18.2071 3.37188
135.363 -18.2771 3.3733
135.414 -18.1422 3.37371
135.413 -18.3975 3.37342
135.376 -18.2489 3.37434
135.33 -18.2715 3.37353
135.372 -18.1901 3.37424
135.359 -18.173 3.37384
135.337 -18.2042 3.37443
135.313 -18.1796 3.37538
135.177 -18.3116 3.37287
135.419 -18.2385 3.37506
135.345 -18.1372 3.37419
135.423 -18.1765 3.37364
135.241 -18.2147 3.37412
135.253 -18.2388 3.37566
135.297 -18.245 3.37078
135.421 -18.2017 3.37238
135.33 -18.1453 3.37427
135.391 -18.2178 3.37238
135.302 -18.1782 3.36998
135.417 -18.2913 3.37466
135.285 -18.0893 3.37341
135.379 -18.2517 3.37435
135.389 -18.2429 3.37343
135.309 -18.2509 3.37279
135.322 -18.1106 3.37171
135.322 -18.2225 3.37311
135.483 -18.127 3.37079
135.351 -18.1739 3.37638
135.384 -18.2463 3.37313
135.364 -18.2498 3.37162
135.293 -18.0597 3.37045
135.242 -18.2831 3.37208
135.194 -18.2345 3.37422
135.403 -18.253 3.37179
135.371 -18.1599 3.37428
135.377 -18.2067 3.37572
135.372 -18.2823 3.37209
135.369 -18.1356 3.37188
135.51 -18.1881 3.37465
135.403 -18.2762 3.37492
135.437 -18.1952 3.3739
135.524 -18.1727 3.37598
135.509 -18.2045 3.37328
135.472 -18.1815 3.37655
135.346 -18.22 3.37192
135.413 -18.1963 3.37109
135.445 -18.0983 3.37353
135.372 -18.273 3.37729
135.385 -18.1617 3.37158
135.377 -18.2396 3.37248
135.434 -18.2101 3.37324
135.316 -18.2697 3.37397
135.312 -18.2712 3.3735
135.217 -18.1973 3.37346
135.314 -18.1955 3.37432
135.366 -18.1886 3.37392
135.459 -18.2498 3.38062
135.272 -18.276 3.37295
135.351 -18.2674 3.37207
135.389 -18.1988 3.37308
135.391 -18.2354 3.37198
135.223 -18.2001 3.37548
135.301 -18.1644 3.36935
135.448 -18.0754 3.37619
135.371 -18.2236 3.37635
135.356 -18.2528 3.3735
135.334 -18.1358 3.373
135.461 -18.1816 3.37329
135.431 -18.1629 3.37319
135.309 -18.1133 3.37435
135.355 -18.1283 3.37289
135.259 -18.2336 3.37069
135.406 -18.1205 3.37649
135.396 -18.1875 3.37354
135.347 -18.268 3.37212
135.401 -18.1788 3.37224
135.346 -18.1556 3.37384
135.354 -18.1996 3.37323
135.367 -18.2805 3.37295
135.312 -18.3058 3.3723
135.329 -18.2485 3.37103
135.303 -18.2292 3.36978
135.491 -18.1287 3.3747
135.296 -18.1238 3.37585
135.347 -18.1276 3.37746
135.328 -18.1425 3.37776
135.328 -18.1582 3.37384
135.421 -18.2239 3.37427
135.385 -18.1884 3.37173
135.341 -18.2503 3.3724
135.423 -18.2199 3.37196
135.458 -18.2943 3.37511
135.352 -18.2568 3.37282
135.426 -18.2121 3.37403
135.319 -18.231 3.37111
135.316 -18.1343 3.37514
135.38 -18.33 3.37216
135.519 -18.2948 3.3708
135.265 -18.249 3.36998
135.359 -18.2129 3.37413
135.319 -18.227 3.37291
135.43 -18.1825 3.37431
135.439 -18.2645 3.37083
135.419 -18.0832 3.37114
135.454 -18.012 3.37467
135.453 -18.2206 3.37493
135.373 -18.2362 3.37445
135.365 -18.0898 3.37511
135.353 -18.179 3.36882
135.336 -18.1946 3.3716
135.222 -18.1403 3.36624
135.258 -18.267 3.37449
135.382 -18.2944 3.37564
135.332 -18.1903 3.37199
135.381 -18.179 3.37492
135.433 -18.2464 3.3717
135.409 -18.2792 3.37292
135.353 -18.1885 3.37367
135.371 -18.0792 3.37213
135.4 -18.1868 3.37478
135.439 -18.1936 3.37366
135.379 -18.1942 3.37425
135.408 -18.2135 3.37377
135.424 -18.1488 3.37111
135.262 -18.266 3.37191
135.356 -18.2555 3.37255
135.383 -18.3382 3.37566
135.319 -18.2052 3.37519
135.428 -18.2906 3.37449
135.238 -18.191 3.37536
135.231 -18.2093 3.37324
135.271 -18.2226 3.37327
135.229 -18.2798 3.37358
135.513 -18.2718 3.37292
135.29 -18.1501 3.37389
135.399 -18.1707 3.3777
135.509 -18.2211 3.37325
135.334 -18.2361 3.37544
135.392 -18.2722 3.37468
135.349 -18.2528 3.37345
135.318 -18.1561 3.37699
135.349 -18.1082 3.3729
135.428 -18.1646 3.37111
135.365 -18.3078 3.37329
135.261 -18.2103 3.3694
135.311 -18.2147 3.37369
135.259 -18.147 3.3706
135.378 -18.3146 3.37356
135.376 -18.3 3.37305
135.355 -18.3011 3.37385
135.392 -18.2849 3.37359
135.346 -18.2592 3.373
135.354 -18.1711 3.37275
135.309 -18.288 3.37186
135.281 -18.1735 3.37339
135.325 -18.1921 3.36929
135.326 -18.2716 3.37348
135.309 -18.1908 3.37066
135.416 -18.1684 3.37253
135.416 -18.1083 3.37563
135.324 -18.198 3.37369
135.413 -18.3047 3.37222
135.405 -18.213 3.37529
135.324 -18.1399 3.37327
135.426 -18.2343 3.37408
135.417 -18.2362 3.37575
135.319 -18.1225 3.37181
135.311 -18.2488 3.37455
135.45 -18.1752 3.37414
135.289 -18.2424 3.37032
135.338 -18.1731 3.37215
135.252 -18.2011 3.3726
135.368 -18.2504 3.37563
135.334 -18.1776 3.37096
135.377 -18.2396 3.37406
135.359 -18.1931 3.37296
135.355 -18.2352 3.37206
135.348 -18.1675 3.37187
135.386 -18.2037 3.37353
135.419 -18.2158 3.377
135.417 -18.2429 3.37452
135.237 -18.1791 3.36942
135.261 -18.2783 3.37094
135.437 -18.2892 3.37247
135.397 -18.1824 3.37579
135.414 -18.2049 3.37523
135.318 -18.309 3.37539
135.39 -18.1905 3.37144
135.398 -18.3018 3.37376
135.376 -18.2228 3.37388
135.474 -18.2132 3.37616
135.514 -18.2018 3.37533
135.407 -18.2342 3.37518
135.495 -18.2514 3.37643
135.352 -18.1115 3.37484
135.41 -18.3073 3.37727
135.443 -18.2766 3.37401
135.344 -18.2902 3.37722
135.358 -18.2526 3.37731
135.368 -18.3058 3.36983
135.362 -18.2171 3.376
135.401 -18.2056 3.37377
135.407 -18.3037 3.37314
135.274 -18.2857 3.37211
135.359 -18.2301 3.37178
135.326 -18.2472 3.37497
135.285 -18.1523 3.37358
135.373 -18.3078 3.37111
135.406 -18.2381 3.37253
135.39 -18.2167 3.37288
135.412 -18.1228 3.37189
135.427 -18.2428 3.38009
135.275 -18.2262 3.37422
135.308 -18.2271 3.37228
135.218 -18.2267 3.37389
135.228 -18.1352 3.37404
135.336 -18.1673 3.37418
135.396 -18.2425 3.36806
135.3 -18.171 3.37274
135.478 -18.1731 3.37464
135.307 -18.1397 3.37438
135.385 -18.1506 3.37338
135.415 -18.1674 3.37265
135.45 -18.3096 3.37455
135.326 -18.076 3.37657
135.382 -18.136 3.37536
135.307 -18.2177 3.37011
135.356 -18.186 3.37207
135.35 -18.1505 3.37278
135.383 -18.2168 3.37119
135.421 -18.2009 3.37085
135.392 -18.2538 3.37512
135.397 -18.2366 3.37487
135.223 -18.2757 3.37083
135.364 -18.2786 3.37306
135.312 -18.2448 3.371
135.378 -18.2572 3.37407
135.372 -18.2566 3.37172
135.318 -18.1355 3.37206
135.362 -18.24 3.37262
135.364 -18.1979 3.36927
135.379 -18.2628 3.37064
135.32 -18.1937 3.37111
135.283 -18.3504 3.37521
135.346 -18.2753 3.37013
135.446 -18.3064 3.37254
135.339 -18.1826 3.37216
135.317 -18.266 3.37108
135.454 -18.3104 3.37242
135.385 -18.2717 3.37379
135.464 -18.2573 3.37303
135.212 -18.2325 3.37065
135.218 -18.1821 3.37338
135.403 -18.1419 3.37468
135.288 -18.3813 3.37524
135.476 -18.1916 3.37171
135.36 -18.2604 3.37159
135.473 -18.0916 3.3711
135.413 -18.1662 3.37231
135.279 -18.1736 3.37081
135.256 -18.1989 3.37607
135.452 -18.1845 3.37361
135.355 -18.17 3.37297
135.42 -18.159 3.37394
135.399 -18.2032 3.37406
135.356 -18.1474 3.37218
135.362 -18.122 3.36914
135.339 -18.1758 3.37368
135.415 -18.2488 3.37147
135.359 -18.26 3.37289
135.3 -18.256 3.37496
135.334 -18.2449 3.37376
135.396 -18.0788 3.3714
135.423 -18.192 3.37266
135.359 -18.2729 3.37254
135.368 -18.1759 3.3754
135.29 -18.0833 3.37458
135.479 -18.2091 3.36996
135.51 -18.062 3.37133
135.583 -18.2022 3.37431
135.45 -18.3058 3.37744
135.404 -18.1268 3.37315
135.403 -18.2647 3.37343
135.37 -18.1932 3.37125
135.454 -18.2677 3.37241
135.279 -18.088 3.37356
135.447 -18.1436 3.37577
135.191 -18.199 3.37139
135.383 -18.2738 3.37384
135.309 -18.25 3.37617
135.448 -18.2001 3.37325
135.391 -18.209 3.37226
135.33 -18.2246 3.36965
135.451 -18.2592 3.37177
135.252 -18.2512 3.37293
135.317 -18.2265 3.3756
135.294 -18.1379 3.37017
135.466 -18.2247 3.37734
135.396 -18.1886 3.37173
135.299 -18.2503 3.37187
135.292 -18.2675 3.37145
135.404 -18.2043 3.37406
135.39 -18.2702 3.37531
135.342 -18.1222 3.37484
135.278 -18.2017 3.36892
135.281 -18.2349 3.3712
135.364 -18.0864 3.37649
135.383 -18.2802 3.37298
135.377 -18.1833 3.37541
135.406 -18.266 3.37267
135.326 -18.2956 3.37187
135.364 -18.1231 3.3742
135.421 -18.2393 3.37469
135.375 -18.1831 3.37389
135.337 -18.2198 3.37432
135.319 -18.1319 3.36959
135.45 -18.1594 3.37228
135.359 -18.1619 3.37229
135.405 -18.18 3.37536
135.383 -18.2107 3.37271
135.404 -18.2609 3.37242
135.492 -18.0814 3.37576
135.337 -18.2615 3.37502
135.303 -18.2484 3.37334
135.318 -18.2522 3.37137
135.343 -18.1532 3.37089
135.327 -18.2437 3.37318
135.45 -18.1468 3.37238
135.397 -18.2628 3.37736
135.326 -18.2022 3.37366
135.41 -18.1483 3.37127
135.195 -18.1938 3.3681
135.279 -18.2231 3.37287
135.417 -18.2814 3.37155
135.429 -18.2819 3.37307
135.427 -18.1844 3.37473
135.465 -18.1794 3.37501
135.336 -18.2582 3.37515
135.384 -18.2648 3.37282
135.516 -18.1572 3.3729
135.547 -18.1845 3.376
135.454 -18.2574 3.37316
135.428 -18.224 3.37364
135.374 -18.2706 3.37556
135.369 -18.2867 3.37067
135.407 -18.2155 3.37426
135.509 -18.133 3.37596
135.363 -18.2572 3.3744
135.331 -18.2344 3.36999
135.36 -18.151 3.37467
135.433 -18.0995 3.37429
135.36 -18.2308 3.37796
135.382 -18.229 3.37689
135.432 -18.2338 3.37102
135.339 -18.1657 3.37422
135.364 -18.1603 3.37695
135.31 -18.1225 3.37465
135.38 -18.2911 3.37463
135.387 -18.2852 3.37359
135.387 -18.2169 3.37259
135.375 -18.221 3.37205
135.416 -18.2364 3.37262
135.457 -18.1734 3.37134
135.274 -18.3274 3.3708
135.322 -18.2639 3.37241
135.203 -18.2016 3.37231
135.283 -18.1548 3.37421
135.334 -18.1353 3.37454
135.315 -18.1391 3.37307
135.291 -18.2467 3.36953
135.384 -18.1252 3.37024
135.385 -18.235 3.37345
135.355 -18.1692 3.37343
135.342 -18.4276 3.36742
135.478 -18.2773 3.37098
135.341 -18.1614 3.37392
135.371 -18.1563 3.37121
135.433 -18.2206 3.37636
135.423 -18.3444 3.37311
135.253 -18.1745 3.3773
135.411 -18.2318 3.37132
135.501 -18.1754 3.37445
135.289 -18.1267 3.3715
135.394 -18.1653 3.3722
135.41 -18.1592 3.37715
135.369 -18.2112 3.37407
135.316 -18.2687 3.37218
135.405 -18.321 3.37388
135.346 -18.1761 3.37472
135.368 -18.1524 3.37458
135.326 -18.153 3.37402
135.384 -18.2392 3.37204
135.305 -18.3353 3.37043
135.262 -18.267 3.37083
135.419 -18.3055 3.37578
135.263 -18.1647 3.37679
135.369 -18.3083 3.3745
135.404 -18.1398 3.37589
135.416 -18.2178 3.37383
135.359 -18.2264 3.36903
135.498 -18.3086 3.37128
135.396 -18.2464 3.37163
135.428 -18.1982 3.37367
135.371 -18.1698 3.37498
135.389 -18.2044 3.37294
135.325 -18.1396 3.37277
135.37 -18.2287 3.37153
135.244 -18.247 3.37159
135.453 -18.3373 3.37206
135.364 -18.2452 3.36991
135.38 -18.2375 3.3739
135.436 -18.244 3.3755
135.422 -18.2529 3.37651
135.302 -18.1497 3.37247
135.397 -18.2182 3.37348
135.441 -18.1624 3.37482
135.369 -18.3055 3.376
135.404 -18.2776 3.37191
135.3 -18.2581 3.37326
135.414 -17.9806 3.37299
135.478 -18.1628 3.3723
135.236 -18.2747 3.37064
135.187 -18.0999 3.37081
135.295 -18.1677 3.37567
135.378 -18.2142 3.37094
135.426 -18.1871 3.37448
135.367 -18.1989 3.37378
135.377 -18.1819 3.37145
135.321 -18.2111 3.37364
135.358 -18.3415 3.37434
135.344 -18.2836 3.37035
135.39 -18.2112 3.37603
135.469 -18.2201 3.37151
135.483 -18.2888 3.37109
135.395 -18.2141 3.37454
135.441 -18.3084 3.37643
135.425 -18.2519 3.37389
135.397 -18.2393 3.37469
135.462 -18.1149 3.37415
135.26 -18.2272 3.37365
135.439 -18.2831 3.37858
135.439 -18.2602 3.37696
135.252 -18.2605 3.37374
135.407 -18.1594 3.3713
135.386 -18.1808 3.37348
135.19 -18.2616 3.37337
135.412 -18.161 3.37029
135.474 -18.2251 3.37402
135.29 -18.2762 3.3758
135.438 -18.2935 3.37252
135.43 -18.2068 3.37881
135.47 -18.2596 3.36965
137.233 -17.6801 3.36887
