155.573 22.2555 0.0806751
155.551 22.2739 0.075351
155.433 22.2383 0.0802896
155.477 22.1969 0.0796358
155.611 22.3362 0.076501
155.573 22.1308 0.0826333
155.576 22.2851 0.079091
155.585 22.1809 0.0795665
155.613 22.2176 0.0791082
155.546 22.2318 0.0812948
155.565 22.2118 0.0796322
155.719 22.2162 0.076864
155.674 22.1865 0.0821079
155.575 22.1624 0.082546
155.556 22.2592 0.0757873
155.45 22.1718 0.0817271
155.625 22.2292 0.0789438
155.575 22.2418 0.0814237
155.503 22.2666 0.0810942
155.565 22.2635 0.07821
155.469 22.2922 0.0817535
155.47 22.3226 0.0806405
155.439 22.2305 0.0810067
155.567 22.2126 0.0805398
155.584 22.3412 0.0793706
155.602 22.3258 0.0819169
155.593 22.3212 0.0775404
155.595 22.2683 0.0770716
155.497 22.2657 0.0775217
155.689 22.2882 0.0809912
155.457 22.2412 0.0857817
155.549 22.3241 0.0777976
155.533 22.3003 0.0781084
155.626 22.1298 0.0755239
155.557 22.3255 0.0821845
155.51 22.2766 0.0780359
155.532 22.2407 0.0803224
155.632 22.063 0.0787124
155.591 22.2223 0.0800024
155.535 22.316 0.0757097
155.618 22.1775 0.0819006
155.628 22.218 0.0802802
155.651 22.2933 0.0791707
155.635 22.2562 0.0803419
155.573 22.2211 0.0777696
155.504 22.2912 0.0777228
155.663 22.2098 0.0785993
155.596 22.1881 0.0788501
155.522 22.3033 0.0800459
155.614 22.3488 0.0755479
155.544 22.3149 0.0768597
155.545 22.1913 0.0827616
155.464 22.2044 0.0782943
155.434 22.2416 0.0772555
155.608 22.2817 0.0783665
155.643 22.2664 0.0784518
155.6 22.1611 0.0770303
155.476 22.328 0.0822966
155.619 22.2105 0.0793195
155.529 22.1624 0.0741155
155.503 22.2125 0.0816193
155.635 22.2715 0.081594
155.524 22.1553 0.0802069
155.581 22.3975 0.0775669
155.586 22.2739 0.0808197
155.531 22.2117 0.0807242
155.526 22.2414 0.0799023
155.582 22.1828 0.0804931
155.48 22.2775 0.0810787
155.484 22.2844 0.0778436
155.522 22.2751 0.0824328
155.505 22.2998 0.078992
155.598 22.2531 0.0783994
155.553 22.207 0.081498
155.621 22.1989 0.0765084
155.556 22.1548 0.079915
155.535 22.2676 0.0808084
155.484 22.343 0.0803785
155.564 22.2355 0.0775019
155.513 22.26 0.0788348
155.488 22.247 0.0777785
155.574 22.2491 0.0796302
155.561 22.2762 0.0818691
155.486 22.253 0.0785371
155.621 22.3174 0.0779406
155.551 22.0819 0.0800886
155.69 22.2929 0.0752106
155.635 22.2674 0.0787446
155.692 22.2063 0.0770364
155.639 22.2063 0.077497
155.616 22.1718 0.0743627
155.638 22.2619 0.078021
155.548 22.1602 0.0835077
155.604 22.2662 0.0774433
155.545 22.1976 0.0778512
155.515 22.1636 0.0756911
155.589 22.1882 0.081279
155.642 22.2966 0.0801241
155.534 22.0847 0.0795797
155.647 22.3417 0.0781958
155.548 22.2949 0.0760918
155.598 22.1715 0.0768126
155.561 22.2182 0.082612
155.584 22.1897 0.0812682
155.586 22.3029 0.0783986
155.444 22.2662 0.0800084
155.644 22.2123 0.0779973
155.663 22.2752 0.0772965
155.522 22.2311 0.0813926
155.484 22.2638 0.0816763
155.539 22.0937 0.0812275
155.518 22.2799 0.0793915
155.658 22.2512 0.0741714
155.471 22.1937 0.080239
155.56 22.2352 0.080803
155.621 22.3185 0.0794084
155.633 22.3501 0.0781478
155.594 22.3341 0.0773204
155.572 22.2988 0.0773134
155.569 22.3412 0.0809491
155.467 22.2219 0.0775282
155.449 22.3271 0.0759309
155.509 22.3106 0.0779369
155.688 22.1486 0.0763115
155.485 22.2557 0.0774768
155.602 22.3177 0.0808472
155.542 22.2773 0.0791385
155.508 22.2754 0.0808008
155.578 22.2077 0.0802068
155.585 22.1203 0.077783
155.588 22.2739 0.0748175
155.571 22.2304 0.0797103
155.491 22.2153 0.0786504
155.506 22.269 0.0812722
155.536 22.2684 0.079363
155.516 22.1432 0.0777417
155.523 22.185 0.0831752
155.616 22.2515 0.0804049
155.633 22.1864 0.0812808
155.457 22.1016 0.07833
155.612 22.1813 0.0801395
155.597 22.3112 0.0764069
155.56 22.1403 0.080714
155.575 22.2693 0.079901
155.525 22.0376 0.0798554
155.639 22.2331 0.0782047
155.554 22.2892 0.0821157
155.557 22.222 0.0754553
155.496 22.2693 0.0790767
155.515 22.2208 0.081121
155.591 22.2224 0.0803412
155.515 22.182 0.0788515
155.475 22.1566 0.0779006
155.626 22.2128 0.0779795
155.59 22.2416 0.0793628
155.602 22.2817 0.079138
155.635 22.0844 0.0775598
155.553 22.1766 0.0815627
155.603 22.3781 0.0772568
155.62 22.149 0.075331
155.455 22.1588 0.0849333
155.478 22.1906 0.0815462
155.535 22.2141 0.080519
155.592 22.2327 0.0797369
155.519 22.2804 0.0769037
155.553 22.3469 0.0765507
155.651 22.2598 0.0788611
155.561 22.2462 0.07641
155.486 22.3628 0.0811624
155.538 22.3014 0.0759195
155.528 22.2446 0.0871177
155.583 22.3467 0.0774177
155.56 22.2999 0.07849
155.549 22.2077 0.0766879
155.516 22.1855 0.0791423
155.561 22.156 0.081203
155.505 22.351 0.0819988
155.496 22.1559 0.0825586
155.595 22.1982 0.082325
155.577 22.201 0.0803782
155.619 22.2326 0.0765632
155.553 22.3864 0.0744393
155.539 22.2833 0.0821571
155.543 22.1038 0.0800399
155.592 22.1233 0.0777342
155.512 22.195 0.0828753
155.441 22.2345 0.0770074
155.5 22.2496 0.0828414
155.56 22.2744 0.0784227
155.598 22.2941 0.0785406
155.581 22.1397 0.080582
155.546 22.2535 0.0777904
155.576 22.3301 0.0801673
155.477 22.331 0.0793012
155.588 22.214 0.0782016
155.607 22.1072 0.0780975
155.703 22.158 0.0804308
155.548 22.3128 0.0772083
155.518 22.2183 0.0768764
155.49 22.3162 0.0817837
155.568 22.2917 0.0822536
155.525 22.2553 0.0794818
155.58 22.1546 0.0779788
155.677 22.2341 0.0792494
155.616 22.2987 0.0766377
155.58 22.2752 0.0758504
155.668 22.2191 0.081199
155.565 22.1583 0.0784286
155.602 22.1716 0.0793326
155.696 22.2301 0.0790174
155.653 22.2611 0.0773236
155.614 22.3045 0.0770106
155.596 22.2593 0.0794904
155.475 22.1864 0.0834479
155.608 22.2136 0.079219
155.524 22.2519 0.0810694
155.603 22.209 0.0782921
155.585 22.238 0.0781214
155.675 22.3496 0.0784112
155.644 22.2571 0.0781807
155.606 22.1299 0.0764385
155.549 22.2993 0.0778867
155.64 22.2687 0.079147
155.6 22.3236 0.0788292
155.542 22.1988 0.0773141
155.593 22.2881 0.0793742
155.572 22.2846 0.0780064
155.491 22.2363 0.0805097
155.601 22.2932 0.0787789
155.601 22.1518 0.0814833
155.732 22.2427 0.0760712
155.7 22.2138 0.0761229
155.528 22.2751 0.0790131
155.477 22.1866 0.0792877
155.437 22.2401 0.0823906
155.494 22.1723 0.0804951
155.595 22.2184 0.0761317
155.592 22.3953 0.0767855
155.645 22.3198 0.0766711
155.592 22.2913 0.0768686
155.57 22.2866 0.0794563
155.52 22.2872 0.0797122
155.436 22.3676 0.0753971
155.507 22.2424 0.0762437
155.575 22.2438 0.0806939
155.527 22.2707 0.077089
155.545 22.169 0.0793954
155.553 22.1885 0.0771731
155.559 22.1871 0.0788347
155.598 22.1376 0.0795556
155.502 22.1598 0.0781718
155.562 22.2512 0.0778597
155.56 22.2976 0.084713
155.58 22.2718 0.0848786
155.556 22.1666 0.0798458
155.545 22.2516 0.0779929
155.503 22.2835 0.0769507
155.622 22.1824 0.0809131
155.582 22.2577 0.0798924
155.581 22.2325 0.0824991
155.59 22.2042 0.078447
155.558 22.2781 0.0763645
155.446 22.2284 0.0751242
155.558 22.1401 0.077048
155.493 22.1023 0.0822146
155.54 22.1758 0.0788558
155.513 22.3113 0.0816221
155.494 22.3195 0.0818492
155.59 22.1835 0.0784297
155.569 22.2308 0.080788
155.557 22.3134 0.0782885
155.577 22.3146 0.0772691
155.68 22.1983 0.0774772
155.561 22.2502 0.0819223
155.663 22.1392 0.078706
155.56 22.3935 0.0762202
155.55 22.2286 0.0754781
155.577 22.2155 0.0797471
155.649 22.2852 0.0823351
155.495 22.2229 0.0791784
155.612 22.2464 0.0783378
155.487 22.2066 0.0834876
155.523 22.191 0.0788568
155.579 22.2357 0.0789979
155.643 22.2188 0.0798326
155.629 22.24 0.0781884
155.576 22.213 0.07646
155.489 22.3783 0.0796946
155.514 22.3602 0.0801069
155.519 22.3519 0.0807859
155.505 22.2937 0.0802122
155.509 22.1005 0.077447
155.523 22.2451 0.0767679
155.586 22.1589 0.0789062
155.573 22.3085 0.0760807
155.512 22.1981 0.0809433
155.516 22.1151 0.0797226
155.565 22.1952 0.0778968
155.522 22.0305 0.0797801
155.559 22.2713 0.0775615
155.536 22.2575 0.078395
155.584 22.1893 0.0795801
155.476 22.2833 0.0833891
155.481 22.1769 0.0765903
155.513 22.1798 0.0770821
155.527 22.1847 0.0771413
155.535 22.2081 0.0819746
155.665 22.2398 0.0767756
155.48 22.3409 0.0821521
155.555 22.1677 0.076241
155.537 22.2986 0.0789114
155.564 22.2569 0.0772451
155.53 22.2573 0.0812302
155.594 22.1503 0.0788388
155.525 22.2105 0.0813248
155.501 22.2247 0.0779747
155.58 22.3184 0.0795262
155.569 22.2317 0.0756547
155.502 22.2224 0.0778724
155.541 22.2339 0.0787878
155.469 22.2591 0.0771127
155.523 22.2471 0.0820023
155.555 22.3587 0.0799377
155.628 22.3258 0.0811746
155.503 22.2236 0.0766444
155.554 22.2707 0.0790034
155.609 22.2241 0.0770062
155.575 22.0669 0.0809958
155.512 22.265 0.0808316
155.539 22.2907 0.0770432
155.563 22.1343 0.0778988
155.577 22.2607 0.0771911
155.668 22.2601 0.0777884
155.525 22.2014 0.0777659
155.556 22.2788 0.0770213
155.503 22.1496 0.0804351
155.567 22.2055 0.0775313
155.429 22.187 0.0789845
155.608 22.1007 0.0802481
155.59 22.1678 0.0753486
155.47 22.211 0.0757453
155.525 22.2007 0.0726432
155.573 22.2803 0.0789859
155.623 22.3079 0.0774275
155.514 22.3287 0.0759556
155.592 22.2076 0.0807831
155.578 22.2559 0.079263
155.598 22.3174 0.0776729
155.54 22.2665 0.0773255
155.678 22.2516 0.0790591
155.619 22.2973 0.0791301
155.631 22.266 0.0759263
155.54 22.2324 0.0820005
155.509 22.2432 0.0794682
155.594 22.2139 0.0780003
155.623 22.1731 0.0800331
155.682 22.2372 0.0798499
155.606 22.1861 0.0805568
155.677 22.2674 0.0767051
155.535 22.2344 0.0773374
155.61 22.1227 0.0804255
155.52 22.2286 0.0805176
155.624 22.1555 0.0811169
155.607 22.3447 0.0751906
155.588 22.2991 0.078424
155.595 22.298 0.0767421
155.682 22.3199 0.078884
155.564 22.3372 0.0755548
155.585 22.2951 0.0790996
155.575 22.2547 0.0786239
155.553 22.2883 0.0799054
155.498 22.2845 0.0813743
155.651 22.2071 0.0772835
155.525 22.1716 0.0774578
155.605 22.1077 0.0751196
155.47 22.2538 0.0800285
155.562 22.3187 0.0742667
155.547 22.2491 0.0796423
155.558 22.2528 0.0805204
155.458 22.1634 0.0780686
155.566 22.1194 0.0819684
155.547 22.1847 0.0810442
155.557 22.3147 0.0807932
155.479 22.2083 0.0789015
155.484 22.2797 0.0789043
155.638 22.2827 0.0782753
155.554 22.1394 0.0814175
155.557 22.2499 0.0757084
155.455 22.2561 0.0795126
155.591 22.2166 0.0765046
155.629 22.194 0.0778338
155.534 22.2034 0.0759344
155.521 22.2965 0.0778892
155.443 22.2526 0.0812576
155.613 22.1835 0.0777364
155.547 22.1886 0.0783879
155.549 22.2068 0.078681
155.563 22.2498 0.0800227
155.596 22.3273 0.0796638
155.521 22.3039 0.0795402
155.667 22.2068 0.0784548
155.569 22.0698 0.0821292
155.537 22.1145 0.0785115
155.587 22.3447 0.0768479
155.624 22.2686 0.0767936
155.636 22.2858 0.0791575
155.592 22.159 0.0787549
155.532 22.1984 0.0786894
155.515 22.2945 0.082768
155.474 22.2296 0.0822431
155.524 22.1716 0.0824266
155.557 22.2614 0.0775475
155.531 22.2199 0.0802593
155.546 22.2982 0.0789784
155.546 22.2952 0.0736547
155.452 22.3363 0.0805506
155.581 22.1561 0.0760684
155.51 22.2836 0.0769653
155.514 22.2175 0.0765821
155.674 22.3029 0.0758146
155.519 22.1525 0.0819278
155.517 22.1533 0.0797451
155.49 22.2698 0.0772158
155.582 22.1912 0.0772972
155.464 22.3577 0.0796401
155.601 22.1894 0.0793012
155.511 22.2232 0.0845038
155.504 22.1719 0.0800945
155.602 22.1688 0.0775694
155.563 22.3585 0.0787164
155.599 22.3159 0.0818169
155.513 22.2395 0.0816484
155.489 22.2399 0.0811369
155.641 22.216 0.0784848
155.505 22.2955 0.0805244
155.438 22.2579 0.0780028
155.554 22.1757 0.0783523
155.498 22.2183 0.0798472
155.618 22.2454 0.0788337
155.45 22.2445 0.0764251
155.546 22.1528 0.0795739
155.557 22.214 0.0799409
155.523 22.2591 0.0803697
155.582 22.3404 0.0846023
155.51 22.2767 0.0783803
155.563 22.3278 0.079513
155.602 22.0871 0.0812175
155.532 22.2928 0.0784868
155.526 22.2434 0.0806258
155.619 22.3185 0.0775156
155.645 22.3383 0.0783228
155.56 22.3438 0.0766685
155.551 22.1447 0.0787006
155.623 22.3045 0.0793359
155.65 22.3082 0.0791185
155.617 22.1807 0.0815428
155.518 22.2313 0.0814629
155.355 22.3146 0.0799383
155.565 22.1421 0.0780065
155.574 22.1909 0.0758385
155.568 22.2941 0.0768669
155.573 22.2042 0.0787597
155.622 22.25 0.0775198
155.461 22.2078 0.0836578
155.66 22.1829 0.0783178
155.577 22.1671 0.0799788
155.574 22.2199 0.0791
155.649 22.322 0.0779527
155.58 22.161 0.0798557
155.636 22.2791 0.0788746
155.622 22.2827 0.0770076
155.622 22.3061 0.0775147
155.508 22.2117 0.0791841
155.489 22.3452 0.0801746
155.418 22.2796 0.081677
155.559 22.1641 0.0780546
155.587 22.2079 0.0766906
155.642 22.2261 0.0766099
155.579 22.1405 0.0796857
155.72 22.2499 0.0744699
155.563 22.1192 0.0791806
155.484 22.2832 0.082348
155.505 22.2528 0.0814032
155.611 22.135 0.0811064
155.637 22.2571 0.0764497
155.519 22.3413 0.0821344
155.629 22.2661 0.0773237
155.521 22.24 0.0762425
155.573 22.2415 0.0799202
155.546 22.1078 0.0804585
155.542 22.2486 0.0779163
155.525 22.2599 0.0783537
155.479 22.2318 0.0780431
155.514 22.1736 0.0789091
155.438 22.2276 0.0802816
155.505 22.2012 0.0776649
155.5 22.3085 0.0811566
155.496 22.2257 0.0829098
155.489 22.2425 0.0801052
154.448 22.4952 0.0587605
