158.962 -11.8771 3.2891
159.058 -12.087 3.2916
158.902 -11.9257 3.2904
158.918 -11.931 3.28777
158.8 -11.9438 3.28791
158.758 -11.8865 3.28661
158.898 -11.894 3.28957
158.824 -11.9264 3.28474
158.962 -11.8549 3.28669
158.859 -11.924 3.28955
158.983 -11.8986 3.28611
158.854 -12.0858 3.28831
159.005 -11.9495 3.29073
159.075 -12.0807 3.29117
158.825 -11.9764 3.28857
158.878 -11.8244 3.28607
158.888 -11.9348 3.28892
158.994 -11.9515 3.29
158.867 -11.9602 3.2917
158.98 -12.0081 3.2882
158.933 -11.8955 3.28747
158.9 -11.8514 3.28872
158.801 -11.9317 3.2877
159.048 -12.0772 3.29143
159.104 -11.9775 3.28965
158.965 -11.9824 3.28957
158.89 -12.0515 3.28957
159.028 -11.8937 3.28576
158.849 -11.9704 3.28554
159.023 -12.0719 3.28822
158.86 -11.9652 3.29159
159.079 -12.0145 3.29067
158.926 -11.8782 3.28481
158.976 -11.9354 3.28945
159.002 -11.9091 3.28699
158.906 -11.9019 3.29096
159.019 -12.046 3.29304
158.982 -12.0156 3.28824
158.969 -11.865 3.28856
159.023 -11.9477 3.2903
158.965 -11.96 3.28917
159.001 -11.9471 3.29113
158.827 -12.0166 3.28667
159.053 -11.8509 3.28466
159.003 -11.8481 3.28908
158.864 -11.8679 3.28665
158.993 -11.8386 3.2865
158.963 -11.9662 3.2848
158.985 -11.8938 3.29007
158.88 -11.8684 3.28946
158.927 -11.9115 3.29024
158.999 -12.025 3.29222
159.028 -11.9107 3.28996
158.962 -11.9743 3.29061
158.854 -11.9201 3.28527
158.888 -11.9301 3.28975
158.754 -11.9636 3.28652
158.946 -11.8919 3.2858
158.912 -12.0285 3.2821
158.977 -11.9687 3.28703
158.943 -11.91 3.28982
158.948 -11.8317 3.28609
159.035 -11.954 3.2899
158.978 -11.9834 3.28938
158.988 -11.9329 3.28698
159.008 -11.8604 3.28781
158.927 -12.0414 3.29235
159.023 -12.0544 3.29258
158.946 -11.9835 3.28727
158.976 -12.0033 3.2908
158.802 -11.8695 3.28885
158.888 -12.0141 3.29074
158.909 -11.931 3.28909
158.84 -11.9582 3.28867
158.904 -11.9226 3.28928
158.928 -12.0463 3.28823
159.011 -11.8854 3.28687
158.906 -11.9067 3.28763
158.953 -11.9548 3.29189
159.047 -11.9084 3.29002
159.04 -11.9048 3.28919
158.836 -11.9771 3.28892
158.884 -11.9408 3.29344
158.882 -11.9958 3.28519
158.991 -12.0289 3.2923
158.907 -11.9264 3.28479
158.933 -11.9548 3.29206
158.897 -11.8666 3.28462
158.901 -11.8934 3.28481
159.037 -11.9994 3.29053
159 -11.9584 3.29234
159.007 -11.9792 3.2909
158.87 -11.8618 3.28542
159.023 -11.8867 3.28677
158.761 -11.9004 3.28846
158.875 -12.0038 3.28848
159.005 -11.8922 3.29348
158.968 -11.9198 3.29295
158.924 -11.9905 3.2894
158.942 -12.044 3.29088
159.036 -11.8048 3.28817
159.002 -11.9706 3.29047
158.984 -11.9472 3.29081
158.985 -11.9349 3.29238
159.017 -11.9836 3.29018
158.96 -11.9515 3.29212
158.931 -11.987 3.28736
158.96 -11.9832 3.28436
158.929 -11.9826 3.28552
158.95 -11.7738 3.28854
158.992 -11.831 3.28967
158.898 -11.9437 3.28898
158.937 -12.0123 3.29002
158.961 -11.9861 3.29012
159.011 -11.9092 3.28955
158.898 -11.8982 3.28917
158.969 -11.9555 3.28909
159.095 -11.9089 3.29064
159.074 -11.8692 3.28723
158.897 -11.9331 3.28888
158.937 -11.8354 3.28993
158.975 -11.9087 3.28933
158.976 -12.1034 3.2905
158.958 -11.802 3.292
158.919 -11.9879 3.28906
159.025 -11.9569 3.28548
158.787 -11.9345 3.28526
158.847 -11.9516 3.2911
158.899 -11.8099 3.28729
159.032 -12.001 3.28487
158.913 -11.9116 3.28584
158.954 -11.8999 3.29077
159.148 -12.0882 3.29469
158.857 -11.9469 3.28769
158.865 -11.758 3.28611
158.908 -11.8079 3.28687
158.925 -11.923 3.28498
159.006 -11.979 3.29018
158.897 -11.9137 3.2901
158.896 -12.0392 3.29514
158.993 -11.994 3.28847
158.936 -12.0425 3.2906
158.786 -11.9243 3.2915
158.913 -11.8979 3.28715
159.111 -11.9306 3.29072
159.03 -12.0362 3.29169
158.89 -11.8745 3.29124
158.992 -11.9051 3.28605
158.889 -12.0117 3.28808
158.896 -11.9129 3.28645
159.034 -11.8961 3.28661
158.921 -11.9061 3.28793
158.915 -11.8945 3.28555
158.98 -11.8786 3.28741
158.944 -11.9458 3.28874
158.971 -12.0305 3.28753
158.969 -11.9471 3.29243
158.878 -11.8677 3.28679
158.939 -11.8647 3.29231
158.932 -11.8706 3.28849
158.883 -11.9862 3.28901
158.976 -11.9217 3.28556
159.009 -11.9336 3.29165
158.944 -12.0312 3.29141
159.003 -11.8743 3.28642
158.992 -11.833 3.29009
158.994 -11.9539 3.28574
158.925 -11.9287 3.28917
158.842 -11.7932 3.28422
158.826 -11.961 3.28484
158.971 -11.8626 3.2907
158.899 -11.892 3.29094
158.922 -11.8833 3.28879
159.012 -12.0872 3.28896
158.929 -11.8396 3.28691
158.958 -11.9271 3.2879
158.95 -11.9366 3.28799
158.915 -12.0515 3.29144
158.866 -11.9419 3.29233
158.891 -11.9407 3.28949
158.958 -11.9193 3.28756
158.862 -11.9085 3.28646
158.968 -11.9837 3.28872
158.955 -11.7703 3.28665
158.97 -11.8251 3.29114
158.949 -11.9199 3.28965
158.886 -11.9422 3.29064
158.952 -11.9369 3.28837
158.871 -11.9187 3.29064
158.818 -11.9512 3.29013
158.897 -11.8321 3.28448
158.969 -11.9443 3.28966
158.92 -11.9716 3.28708
158.894 -12.0076 3.29007
158.94 -12.0502 3.29346
158.83 -11.9187 3.29167
158.994 -11.9903 3.2908
158.895 -11.9457 3.28881
158.938 -11.9815 3.28513
158.949 -12.0585 3.29283
158.992 -11.9403 3.29277
158.909 -11.9652 3.28825
158.908 -11.9865 3.29151
159.026 -12.0057 3.29112
158.976 -11.846 3.28737
158.966 -11.9454 3.29632
158.819 -11.9361 3.2887
159.008 -11.9235 3.28798
159.019 -11.9228 3.28769
159.058 -11.9784 3.28829
159.053 -11.8565 3.28954
159.091 -11.9479 3.29103
158.796 -12.0026 3.28816
158.973 -11.979 3.28973
158.966 -11.9272 3.28548
158.939 -11.9838 3.28677
158.905 -11.8746 3.28278
158.949 -12.0214 3.29103
158.966 -11.8916 3.29088
158.913 -11.9178 3.28957
159.004 -11.9685 3.28887
158.956 -11.8217 3.289
158.97 -11.8406 3.28904
158.998 -11.9408 3.28724
158.829 -11.899 3.28636
158.905 -12.0341 3.29154
158.879 -11.9313 3.28862
158.865 -12.021 3.28765
159.007 -11.9381 3.28773
159.022 -11.8738 3.29122
158.919 -11.8617 3.28712
159.035 -11.9302 3.28886
158.806 -11.8478 3.28543
158.871 -11.8389 3.28605
158.977 -12.0005 3.29003
158.936 -11.9222 3.29121
158.877 -11.8848 3.28648
158.902 -11.8999 3.28613
158.925 -11.8116 3.29133
159.022 -11.9007 3.28462
158.88 -11.9247 3.29053
159.005 -11.9706 3.29003
159.012 -11.8962 3.28989
159.042 -11.919 3.29015
158.841 -11.8803 3.28882
158.923 -11.891 3.28833
158.85 -11.9402 3.28983
158.87 -11.8564 3.29115
158.934 -11.8724 3.29145
159.021 -12.0204 3.29108
158.847 -12.0091 3.29136
158.923 -11.9491 3.29287
158.96 -11.8919 3.28956
159.058 -11.8509 3.28739
158.951 -11.9644 3.28804
158.902 -11.9438 3.28894
158.978 -11.9666 3.28858
159.005 -11.8859 3.28744
158.944 -11.8668 3.28757
159.02 -12.0478 3.29114
159.009 -11.9077 3.29031
158.956 -11.9234 3.28667
158.978 -11.9135 3.28976
158.926 -11.86 3.28776
159.032 -12.0093 3.28894
158.986 -11.8677 3.2859
158.957 -11.9288 3.28869
158.901 -11.9728 3.28832
158.825 -11.9178 3.28845
158.97 -12.0526 3.29029
158.966 -11.9688 3.28967
158.956 -11.9631 3.28749
158.85 -12.084 3.29078
158.954 -11.8208 3.28786
158.956 -11.8135 3.28759
158.987 -12.0117 3.29151
158.941 -11.9885 3.28607
158.93 -11.9029 3.28818
159.062 -11.993 3.2893
159.02 -11.9948 3.28793
158.905 -12.0134 3.2874
158.905 -11.9786 3.28993
158.955 -11.9438 3.2878
158.927 -12.0816 3.28704
158.843 -11.8755 3.28508
158.894 -12.0247 3.28962
158.982 -11.9671 3.29303
158.89 -12.0154 3.28768
158.993 -11.9881 3.29092
158.984 -11.875 3.28882
158.974 -11.8917 3.2884
158.963 -11.8931 3.2865
158.832 -11.9627 3.2848
158.936 -11.9701 3.28861
158.876 -11.9742 3.28805
158.988 -11.8928 3.29015
158.998 -11.9087 3.28664
158.921 -12.0687 3.2913
158.95 -11.8928 3.2907
158.908 -12.0411 3.28684
158.848 -11.8876 3.28496
158.998 -11.9061 3.29215
158.923 -11.9644 3.2893
158.972 -12.0022 3.28968
158.952 -11.9214 3.28546
158.877 -11.9056 3.28744
158.947 -11.8293 3.29051
158.971 -11.978 3.28489
158.832 -11.7778 3.28485
158.977 -12.0112 3.28807
159.002 -12.0297 3.29031
158.852 -11.9214 3.29057
158.893 -11.8986 3.2873
158.963 -12.0651 3.28792
159.061 -11.8214 3.28846
159.039 -11.9324 3.2888
158.987 -11.9237 3.28863
158.91 -12.0655 3.28779
158.845 -11.9443 3.28783
158.914 -11.8417 3.28725
158.959 -11.8339 3.286
158.89 -12.0496 3.28867
159.005 -11.9633 3.28839
158.941 -11.9341 3.29254
158.992 -11.9667 3.28914
159.066 -12.0107 3.2891
158.948 -11.8252 3.28649
158.924 -11.8469 3.28567
158.916 -12.0604 3.28825
159.003 -11.8623 3.2862
158.935 -11.8717 3.28773
158.887 -11.9169 3.28807
158.856 -11.9591 3.28812
158.86 -11.9169 3.28968
158.873 -11.8153 3.28692
158.892 -11.8956 3.28623
158.92 -11.9676 3.28729
158.917 -11.9864 3.28707
158.887 -11.9201 3.28914
158.922 -11.9527 3.28928
158.95 -11.9408 3.28995
158.914 -11.8204 3.28832
158.928 -11.8628 3.28868
158.903 -11.9841 3.29049
159.007 -12.0229 3.29015
159.017 -12.0467 3.28642
159.063 -11.9843 3.28505
159.124 -11.896 3.28989
158.982 -11.9023 3.29158
158.826 -11.9664 3.28444
158.962 -11.8633 3.28647
158.898 -11.9583 3.29133
158.876 -12.0208 3.2889
158.838 -11.9435 3.28778
158.862 -11.8738 3.2871
158.891 -11.994 3.2916
158.917 -11.8555 3.29056
158.925 -12.0208 3.28861
158.918 -11.8828 3.28829
158.994 -12.0311 3.29111
158.94 -12.024 3.29027
158.913 -12.0264 3.28989
158.877 -12.01 3.28794
158.99 -11.9967 3.2903
158.924 -11.8677 3.28973
158.933 -11.8894 3.29033
158.984 -12.0263 3.28776
158.971 -12.0318 3.2901
158.944 -11.9019 3.2897
158.816 -11.9147 3.2837
158.867 -11.9146 3.28705
158.905 -11.9639 3.28703
158.866 -11.9894 3.28599
158.947 -11.7695 3.29031
158.845 -11.9484 3.28926
158.924 -11.9998 3.28768
159.047 -11.9802 3.2895
158.913 -11.9659 3.29125
158.857 -11.8986 3.28866
158.893 -11.9209 3.28901
158.91 -11.8751 3.28669
158.937 -11.8611 3.28678
158.903 -12.0072 3.28916
158.902 -11.9909 3.29112
158.983 -11.9589 3.29056
158.914 -11.8589 3.28914
158.939 -11.9563 3.28884
158.943 -11.8614 3.28907
158.857 -11.9951 3.28707
158.976 -11.9119 3.28897
159.018 -11.9911 3.28861
159 -11.8495 3.28849
158.873 -12.0296 3.29004
158.792 -11.8471 3.28734
159.019 -12.0013 3.28701
159.067 -12.0668 3.287
159.106 -12.0541 3.28955
158.876 -11.8664 3.28669
158.857 -11.9578 3.28869
158.977 -11.9279 3.28974
158.883 -12.0038 3.28886
158.986 -11.8343 3.29312
158.897 -11.8484 3.28444
158.856 -11.7578 3.28897
158.905 -11.9121 3.28695
158.892 -11.9086 3.28991
158.802 -11.905 3.28654
158.929 -11.9291 3.29077
158.963 -11.9865 3.28822
158.98 -11.8114 3.28833
158.964 -11.879 3.28808
158.828 -11.9011 3.28788
158.832 -11.9056 3.29057
158.954 -11.9162 3.28712
159.028 -11.9889 3.28742
159.005 -11.868 3.29198
158.935 -11.9393 3.28986
158.921 -11.9606 3.29061
158.845 -12.0013 3.29026
158.904 -11.9907 3.28748
158.844 -12.035 3.2873
158.877 -11.9021 3.28459
159.096 -11.9799 3.28838
158.828 -11.9185 3.28537
158.911 -11.9237 3.2864
158.991 -11.9128 3.28803
158.972 -11.8674 3.28642
158.862 -11.9133 3.28785
158.834 -11.9487 3.28514
158.979 -12.1087 3.29036
159.011 -11.9298 3.29099
158.917 -12.03 3.28718
158.942 -11.9857 3.28936
159.04 -11.8793 3.29331
158.888 -11.898 3.28745
159.053 -11.9219 3.28857
158.921 -11.898 3.28677
159.001 -12.0718 3.291
158.949 -11.9885 3.28733
159.026 -11.9389 3.28979
158.986 -11.8458 3.28562
158.969 -11.8917 3.28609
158.924 -11.8794 3.2853
158.828 -11.8797 3.2865
158.887 -11.8307 3.28625
158.823 -11.8728 3.28505
158.883 -12.0942 3.28515
158.913 -11.9032 3.28754
158.905 -11.9604 3.28428
158.969 -11.8733 3.29293
159.027 -11.9096 3.2903
159 -11.8687 3.28867
158.951 -11.8882 3.29007
158.94 -11.9882 3.29158
158.952 -11.9664 3.29094
159.003 -11.8975 3.28604
159.073 -11.8526 3.28765
158.938 -11.9446 3.28765
158.855 -11.8901 3.28658
158.906 -11.8685 3.28868
158.961 -11.8867 3.28916
158.993 -11.8857 3.28594
158.953 -12.0363 3.28911
158.813 -11.8303 3.28617
159.035 -11.8989 3.29117
158.95 -12.0198 3.2884
159.118 -12.0297 3.28922
158.924 -11.8078 3.2835
158.933 -11.8755 3.28649
158.999 -12.0159 3.28719
158.967 -11.8863 3.29354
159.007 -11.8949 3.29397
158.938 -11.8938 3.28909
158.903 -11.7853 3.28684
158.92 -11.7863 3.28619
158.905 -12.0275 3.28981
158.979 -11.9962 3.29067
158.897 -11.8817 3.29098
158.889 -11.8901 3.28862
158.958 -11.9203 3.28965
158.946 -11.7956 3.28795
158.837 -11.8643 3.29209
158.884 -11.975 3.28697
159.028 -11.9923 3.29114
159.071 -11.9583 3.29072
159.001 -11.9439 3.28935
158.9 -11.9989 3.29074
159.008 -12.0196 3.29369
159.05 -12.0307 3.28901
158.941 -11.8855 3.28752
158.92 -11.8858 3.29141
159.011 -11.9955 3.29189
158.968 -11.9923 3.29104
159.002 -12.0136 3.29029
158.95 -11.8005 3.28935
158.948 -11.8746 3.28846
158.859 -11.9584 3.28802
158.805 -12.056 3.28505
159.04 -11.9086 3.2917
159.759 -14.9013 3.29272
