6.46725 2.0054 -0.0021105
6.59939 1.7993 -0.0022785
6.33847 2.04228 -0.000728164
6.21641 2.23458 0.00222752
6.47781 1.96811 -0.00520119
6.16537 1.98292 0.00622362
6.26433 1.85919 0.00372734
6.35945 1.95821 -0.00132165
6.35945 1.95821 -0.00132165
6.29598 1.85366 0.000628226
6.39413 2.06308 -0.00179996
6.38281 2.03767 0.000497653
6.4338 1.91774 -0.00265015
6.38575 2.08168 0.00522348
6.38539 2.15338 0.00545666
6.25433 1.83787 0.00179797
6.25433 1.83787 0.00179797
6.33847 2.04228 -0.000728164
6.32099 1.91045 -0.00349768
6.54015 2.06803 -0.000517488
6.18566 1.98503 -0.000365665
6.26433 1.85919 0.00372734
6.35945 1.95821 -0.00132165
6.39413 2.06308 -0.00179996
6.38281 2.03767 0.000497653
6.38575 2.08168 0.00522348
6.46725 2.0054 -0.0021105
6.52097 1.93788 0.00536379
6.47274 1.79432 -0.00119168
6.32694 2.0358 -0.00152076
6.54015 2.06803 -0.000517488
6.26433 1.85919 0.00372734
6.29598 1.85366 0.000628226
6.38281 2.03767 0.000497653
6.38281 2.03767 0.000497653
6.4338 1.91774 -0.00265015
6.46725 2.0054 -0.0021105
6.46725 2.0054 -0.0021105
6.12685 1.75129 0.0010704
6.33847 2.04228 -0.000728164
6.3062 2.01709 -0.00113286
6.52457 1.97868 -3.44137e-05
6.26433 1.85919 0.00372734
6.29598 1.85366 0.000628226
6.39413 2.06308 -0.00179996
6.20197 1.99755 0.00571093
6.38281 2.03767 0.000497653
6.46725 2.0054 -0.0021105
6.46725 2.0054 -0.0021105
6.31086 1.8387 -3.56585e-05
6.25433 1.83787 0.00179797
6.36948 2.19855 -0.00572042
6.16069 1.92005 0.00381132
6.3062 2.01709 -0.00113286
6.52457 1.97868 -3.44137e-05
6.26433 1.85919 0.00372734
6.35945 1.95821 -0.00132165
6.20197 1.99755 0.00571093
6.37634 2.064 -0.00178047
6.4338 1.91774 -0.00265015
6.4338 1.91774 -0.00265015
6.4338 1.91774 -0.00265015
6.35258 2.11859 0.000827393
6.25433 1.83787 0.00179797
6.23769 2.10481 0.00115471
6.33847 2.04228 -0.000728164
6.47781 1.96811 -0.00520119
6.26433 1.85919 0.00372734
6.26433 1.85919 0.00372734
6.35945 1.95821 -0.00132165
6.35945 1.95821 -0.00132165
6.39413 2.06308 -0.00179996
6.38281 2.03767 0.000497653
6.4338 1.91774 -0.00265015
6.35258 2.11859 0.000827393
6.25433 1.83787 0.00179797
6.33847 2.04228 -0.000728164
6.47274 1.79432 -0.00119168
6.3062 2.01709 -0.00113286
6.52457 1.97868 -3.44137e-05
6.26433 1.85919 0.00372734
6.29598 1.85366 0.000628226
6.22453 2.13867 0.00277823
6.39413 2.06308 -0.00179996
6.38281 2.03767 0.000497653
6.4338 1.91774 -0.00265015
6.38575 2.08168 0.00522348
6.46725 2.0054 -0.0021105
6.31086 1.8387 -3.56585e-05
6.33847 2.04228 -0.000728164
6.16069 1.92005 0.00381132
6.3062 2.01709 -0.00113286
6.33454 2.10275 0.00586816
6.18566 1.98503 -0.000365665
6.35945 1.95821 -0.00132165
6.29598 1.85366 0.000628226
6.39413 2.06308 -0.00179996
6.38281 2.03767 0.000497653
6.37639 1.94439 -0.00761304
6.2783 1.73823 0.00195172
6.25433 1.83787 0.00179797
6.16069 1.92005 0.00381132
6.32694 2.0358 -0.00152076
6.32694 2.0358 -0.00152076
6.26433 1.85919 0.00372734
6.35945 1.95821 -0.00132165
6.29598 1.85366 0.000628226
6.39413 2.06308 -0.00179996
6.02567 2.00554 0.00168227
6.38281 2.03767 0.000497653
6.38281 2.03767 0.000497653
6.37639 1.94439 -0.00761304
6.46725 2.0054 -0.0021105
6.23769 2.10481 0.00115471
6.16069 1.92005 0.00381132
6.47274 1.79432 -0.00119168
6.20833 2.11262 0.00571581
6.32694 2.0358 -0.00152076
6.54015 2.06803 -0.000517488
6.12245 1.88864 -0.00260423
6.26433 1.85919 0.00372734
6.35945 1.95821 -0.00132165
6.37634 2.064 -0.00178047
6.4338 1.91774 -0.00265015
6.4338 1.91774 -0.00265015
6.46725 2.0054 -0.0021105
6.23769 2.10481 0.00115471
6.36808 2.11876 0.00445845
6.3062 2.01709 -0.00113286
6.16537 1.98292 0.00622362
6.26433 1.85919 0.00372734
6.35945 1.95821 -0.00132165
6.29598 1.85366 0.000628226
6.29598 1.85366 0.000628226
6.41348 2.1952 -0.000863248
6.37634 2.064 -0.00178047
6.38281 2.03767 0.000497653
6.38281 2.03767 0.000497653
6.38281 2.03767 0.000497653
6.46725 2.0054 -0.0021105
6.51802 1.77092 0.00463701
6.33847 2.04228 -0.000728164
6.47274 1.79432 -0.00119168
6.32694 2.0358 -0.00152076
6.36696 2.0433 0.00621731
6.26433 1.85919 0.00372734
6.26433 1.85919 0.00372734
6.55024 1.79569 -0.00500939
6.37634 2.064 -0.00178047
6.4338 1.91774 -0.00265015
6.46725 2.0054 -0.0021105
6.23769 2.10481 0.00115471
6.3062 2.01709 -0.00113286
6.32694 2.0358 -0.00152076
6.18566 1.98503 -0.000365665
6.26433 1.85919 0.00372734
6.26433 1.85919 0.00372734
6.35945 1.95821 -0.00132165
6.29598 1.85366 0.000628226
6.29598 1.85366 0.000628226
6.39413 2.06308 -0.00179996
6.37408 1.87896 0.00685916
6.38281 2.03767 0.000497653
6.4338 1.91774 -0.00265015
6.32428 1.95921 -0.00554696
6.46725 2.0054 -0.0021105
6.25433 1.83787 0.00179797
6.25433 1.83787 0.00179797
6.47274 1.79432 -0.00119168
6.32694 2.0358 -0.00152076
6.26433 1.85919 0.00372734
6.35945 1.95821 -0.00132165
6.35945 1.95821 -0.00132165
6.29598 1.85366 0.000628226
6.29598 1.85366 0.000628226
6.39413 2.06308 -0.00179996
6.20197 1.99755 0.00571093
6.4338 1.91774 -0.00265015
6.38575 2.08168 0.00522348
6.35258 2.11859 0.000827393
6.25433 1.83787 0.00179797
6.47274 1.79432 -0.00119168
6.33454 2.10275 0.00586816
6.52457 1.97868 -3.44137e-05
6.35945 1.95821 -0.00132165
6.20197 1.99755 0.00571093
6.38281 2.03767 0.000497653
6.38281 2.03767 0.000497653
6.4338 1.91774 -0.00265015
6.35258 2.11859 0.000827393
6.25433 1.83787 0.00179797
6.47274 1.79432 -0.00119168
6.47274 1.79432 -0.00119168
6.32694 2.0358 -0.00152076
6.26433 1.85919 0.00372734
6.29598 1.85366 0.000628226
6.37408 1.87896 0.00685916
6.38281 2.03767 0.000497653
6.4338 1.91774 -0.00265015
6.4338 1.91774 -0.00265015
6.46433 2.18935 0.00263091
6.2783 1.73823 0.00195172
6.12685 1.75129 0.0010704
6.16069 1.92005 0.00381132
6.47274 1.79432 -0.00119168
6.3062 2.01709 -0.00113286
6.52457 1.97868 -3.44137e-05
6.18566 1.98503 -0.000365665
6.35945 1.95821 -0.00132165
6.35945 1.95821 -0.00132165
6.29598 1.85366 0.000628226
6.37408 1.87896 0.00685916
6.38281 2.03767 0.000497653
6.4338 1.91774 -0.00265015
6.46725 2.0054 -0.0021105
6.31086 1.8387 -3.56585e-05
6.52097 1.93788 0.00536379
6.47274 1.79432 -0.00119168
6.19103 1.75338 0.0045505
6.32694 2.0358 -0.00152076
6.52457 1.97868 -3.44137e-05
6.26433 1.85919 0.00372734
6.29598 1.85366 0.000628226
6.38281 2.03767 0.000497653
6.4338 1.91774 -0.00265015
6.38575 2.08168 0.00522348
6.31086 1.8387 -3.56585e-05
6.33847 2.04228 -0.000728164
6.47274 1.79432 -0.00119168
6.3062 2.01709 -0.00113286
6.32694 2.0358 -0.00152076
6.36696 2.0433 0.00621731
6.16537 1.98292 0.00622362
6.29598 1.85366 0.000628226
6.29598 1.85366 0.000628226
6.37634 2.064 -0.00178047
6.38281 2.03767 0.000497653
6.38575 2.08168 0.00522348
6.31086 1.8387 -3.56585e-05
6.18697 1.86438 0.00632815
6.33847 2.04228 -0.000728164
6.47274 1.79432 -0.00119168
6.32099 1.91045 -0.00349768
6.32694 2.0358 -0.00152076
6.52457 1.97868 -3.44137e-05
6.26433 1.85919 0.00372734
6.35945 1.95821 -0.00132165
6.35945 1.95821 -0.00132165
6.29598 1.85366 0.000628226
6.37408 1.87896 0.00685916
6.4338 1.91774 -0.00265015
6.4338 1.91774 -0.00265015
6.46725 2.0054 -0.0021105
6.25433 1.83787 0.00179797
6.33847 2.04228 -0.000728164
6.3062 2.01709 -0.00113286
6.32694 2.0358 -0.00152076
6.54015 2.06803 -0.000517488
6.26433 1.85919 0.00372734
6.29598 1.85366 0.000628226
6.39413 2.06308 -0.00179996
6.38281 2.03767 0.000497653
6.46725 2.0054 -0.0021105
6.46725 2.0054 -0.0021105
6.18697 1.86438 0.00632815
6.18697 1.86438 0.00632815
6.18697 1.86438 0.00632815
6.32099 1.91045 -0.00349768
6.36808 2.11876 0.00445845
6.12999 2.00959 0.0013976
6.32694 2.0358 -0.00152076
6.32694 2.0358 -0.00152076
6.32694 2.0358 -0.00152076
6.35308 2.18566 0.00259152
6.54015 2.06803 -0.000517488
6.52457 1.97868 -3.44137e-05
6.52457 1.97868 -3.44137e-05
6.18566 1.98503 -0.000365665
6.35945 1.95821 -0.00132165
6.20197 1.99755 0.00571093
6.38281 2.03767 0.000497653
6.4338 1.91774 -0.00265015
6.34906 2.02662 -0.00479381
6.18697 1.86438 0.00632815
6.52445 2.03962 0.00728287
6.32099 1.91045 -0.00349768
6.20833 2.11262 0.00571581
6.54015 2.06803 -0.000517488
6.52457 1.97868 -3.44137e-05
6.52457 1.97868 -3.44137e-05
6.26433 1.85919 0.00372734
6.35945 1.95821 -0.00132165
6.35945 1.95821 -0.00132165
6.35945 1.95821 -0.00132165
6.55024 1.79569 -0.00500939
6.39413 2.06308 -0.00179996
6.38281 2.03767 0.000497653
6.38281 2.03767 0.000497653
6.4338 1.91774 -0.00265015
6.31086 1.8387 -3.56585e-05
6.25433 1.83787 0.00179797
6.33847 2.04228 -0.000728164
6.47274 1.79432 -0.00119168
6.47781 1.96811 -0.00520119
6.52457 1.97868 -3.44137e-05
6.26433 1.85919 0.00372734
6.35945 1.95821 -0.00132165
6.39413 2.06308 -0.00179996
6.38281 2.03767 0.000497653
6.4338 1.91774 -0.00265015
6.46725 2.0054 -0.0021105
6.34906 2.02662 -0.00479381
6.33847 2.04228 -0.000728164
6.3062 2.01709 -0.00113286
6.3062 2.01709 -0.00113286
6.52457 1.97868 -3.44137e-05
6.16537 1.98292 0.00622362
6.26433 1.85919 0.00372734
6.29598 1.85366 0.000628226
6.36824 2.14318 -0.00367609
6.38281 2.03767 0.000497653
6.4338 1.91774 -0.00265015
6.34906 2.02662 -0.00479381
6.18697 1.86438 0.00632815
6.16069 1.92005 0.00381132
6.3062 2.01709 -0.00113286
6.42848 1.7067 0.00300356
6.52457 1.97868 -3.44137e-05
6.26433 1.85919 0.00372734
6.26433 1.85919 0.00372734
6.29598 1.85366 0.000628226
6.37634 2.064 -0.00178047
6.37408 1.87896 0.00685916
6.38281 2.03767 0.000497653
6.35258 2.11859 0.000827393
6.2783 1.73823 0.00195172
6.31086 1.8387 -3.56585e-05
6.33847 2.04228 -0.000728164
6.3062 2.01709 -0.00113286
6.52457 1.97868 -3.44137e-05
6.35945 1.95821 -0.00132165
6.39413 2.06308 -0.00179996
6.37408 1.87896 0.00685916
6.38281 2.03767 0.000497653
6.38281 2.03767 0.000497653
6.38281 2.03767 0.000497653
6.4338 1.91774 -0.00265015
6.4338 1.91774 -0.00265015
6.46725 2.0054 -0.0021105
6.46725 2.0054 -0.0021105
6.31086 1.8387 -3.56585e-05
6.25433 1.83787 0.00179797
6.59939 1.7993 -0.0022785
6.47274 1.79432 -0.00119168
6.3062 2.01709 -0.00113286
6.3062 2.01709 -0.00113286
6.54015 2.06803 -0.000517488
6.35945 1.95821 -0.00132165
6.39413 2.06308 -0.00179996
6.20197 1.99755 0.00571093
6.4338 1.91774 -0.00265015
6.2783 1.73823 0.00195172
6.25433 1.83787 0.00179797
6.47274 1.79432 -0.00119168
6.32694 2.0358 -0.00152076
6.32694 2.0358 -0.00152076
6.26433 1.85919 0.00372734
6.35945 1.95821 -0.00132165
6.35945 1.95821 -0.00132165
6.35945 1.95821 -0.00132165
6.20197 1.99755 0.00571093
6.38281 2.03767 0.000497653
6.46725 2.0054 -0.0021105
6.18697 1.86438 0.00632815
6.3062 2.01709 -0.00113286
6.36696 2.0433 0.00621731
6.52457 1.97868 -3.44137e-05
6.18566 1.98503 -0.000365665
6.26433 1.85919 0.00372734
6.35945 1.95821 -0.00132165
6.35945 1.95821 -0.00132165
6.29598 1.85366 0.000628226
6.29598 1.85366 0.000628226
6.39413 2.06308 -0.00179996
6.39413 2.06308 -0.00179996
6.38281 2.03767 0.000497653
6.46433 2.18935 0.00263091
6.38575 2.08168 0.00522348
6.25433 1.83787 0.00179797
6.25433 1.83787 0.00179797
6.16069 1.92005 0.00381132
6.47781 1.96811 -0.00520119
6.54015 2.06803 -0.000517488
6.35945 1.95821 -0.00132165
6.35945 1.95821 -0.00132165
6.29598 1.85366 0.000628226
6.38281 2.03767 0.000497653
6.4338 1.91774 -0.00265015
6.46725 2.0054 -0.0021105
6.46725 2.0054 -0.0021105
6.25433 1.83787 0.00179797
6.25433 1.83787 0.00179797
6.19103 1.75338 0.0045505
6.32694 2.0358 -0.00152076
6.36696 2.0433 0.00621731
6.54015 2.06803 -0.000517488
6.26433 1.85919 0.00372734
6.35945 1.95821 -0.00132165
6.29598 1.85366 0.000628226
6.14966 2.11655 0.00114194
6.39413 2.06308 -0.00179996
6.20197 1.99755 0.00571093
6.37634 2.064 -0.00178047
6.37634 2.064 -0.00178047
6.38281 2.03767 0.000497653
6.35258 2.11859 0.000827393
6.31086 1.8387 -3.56585e-05
6.16069 1.92005 0.00381132
6.3062 2.01709 -0.00113286
6.52457 1.97868 -3.44137e-05
6.26433 1.85919 0.00372734
6.35945 1.95821 -0.00132165
6.29598 1.85366 0.000628226
6.37634 2.064 -0.00178047
6.38281 2.03767 0.000497653
6.4338 1.91774 -0.00265015
6.46725 2.0054 -0.0021105
6.18697 1.86438 0.00632815
6.18697 1.86438 0.00632815
6.33847 2.04228 -0.000728164
6.47274 1.79432 -0.00119168
6.36696 2.0433 0.00621731
6.54015 2.06803 -0.000517488
6.26433 1.85919 0.00372734
6.35945 1.95821 -0.00132165
6.37634 2.064 -0.00178047
6.4338 1.91774 -0.00265015
6.46725 2.0054 -0.0021105
6.2783 1.73823 0.00195172
6.2783 1.73823 0.00195172
6.31086 1.8387 -3.56585e-05
6.33847 2.04228 -0.000728164
6.3062 2.01709 -0.00113286
6.18566 1.98503 -0.000365665
6.26433 1.85919 0.00372734
6.29598 1.85366 0.000628226
6.41348 2.1952 -0.000863248
6.38281 2.03767 0.000497653
6.4338 1.91774 -0.00265015
6.31086 1.8387 -3.56585e-05
6.31086 1.8387 -3.56585e-05
6.25433 1.83787 0.00179797
6.33847 2.04228 -0.000728164
6.31278 2.15093 0.00296588
6.32694 2.0358 -0.00152076
6.52457 1.97868 -3.44137e-05
6.52457 1.97868 -3.44137e-05
6.35945 1.95821 -0.00132165
6.29598 1.85366 0.000628226
6.37408 1.87896 0.00685916
6.4338 1.91774 -0.00265015
6.35258 2.11859 0.000827393
6.31086 1.8387 -3.56585e-05
6.33847 2.04228 -0.000728164
6.3062 2.01709 -0.00113286
6.36696 2.0433 0.00621731
6.36696 2.0433 0.00621731
6.26433 1.85919 0.00372734
6.35945 1.95821 -0.00132165
6.35945 1.95821 -0.00132165
6.36824 2.14318 -0.00367609
6.37634 2.064 -0.00178047
6.4338 1.91774 -0.00265015
6.46725 2.0054 -0.0021105
6.46725 2.0054 -0.0021105
6.18697 1.86438 0.00632815
6.31278 2.15093 0.00296588
6.54015 2.06803 -0.000517488
6.35945 1.95821 -0.00132165
6.35945 1.95821 -0.00132165
6.55024 1.79569 -0.00500939
6.29598 1.85366 0.000628226
6.22453 2.13867 0.00277823
6.38281 2.03767 0.000497653
6.4338 1.91774 -0.00265015
6.4338 1.91774 -0.00265015
6.46725 2.0054 -0.0021105
6.34906 2.02662 -0.00479381
6.18697 1.86438 0.00632815
6.16069 1.92005 0.00381132
6.32694 2.0358 -0.00152076
6.52457 1.97868 -3.44137e-05
6.26433 1.85919 0.00372734
6.35945 1.95821 -0.00132165
6.36824 2.14318 -0.00367609
6.37408 1.87896 0.00685916
6.08145 1.98517 0.00640966
6.34906 2.02662 -0.00479381
6.25433 1.83787 0.00179797
5.68979 2.63827 -0.00247372
6.56514 1.9016 0.00120573
6.39505 1.92497 0.00194126
6.27951 1.9003 0.00274137
6.27872 1.89695 0.00260915
6.46091 1.95736 -0.00281121
6.45332 1.9337 0.00339538
6.37545 1.99697 -0.00190355
6.39493 1.93512 0.00152604
6.21543 1.86122 0.00402429
6.21709 1.85915 0.00402406
6.32358 1.9551 0.00201062
6.36672 1.9003 -0.000192628
6.39659 1.92484 0.00185196
6.40263 1.92433 0.00185635
6.28603 1.89662 0.00262555
6.45532 1.95908 -0.00281867
6.50671 1.88683 -0.00147099
6.38067 1.99716 -0.00194418
6.38989 1.93861 0.0017546
6.35794 1.73669 0.00135477
6.21117 2.02347 0.0018176
6.34481 1.92288 0.00556982
6.28226 1.89459 0.00272085
6.3551 2.07411 0.00264044
6.45628 1.95731 -0.00271432
6.38189 1.99929 -0.00186052
6.39765 1.93404 0.00153227
6.32511 1.95785 0.00177047
6.31185 2.08034 0.00606067
6.12391 1.87226 0.00711981
6.59203 1.97025 -0.00599183
6.28364 1.89811 0.00262541
6.55552 2.03935 -0.002853
6.29385 1.63927 0.00572556
6.2886 2.17848 0.00497253
6.45316 1.96014 -0.0026796
6.17499 1.79525 0.00041737
6.45436 1.93409 0.00312706
6.50873 1.88397 -0.00155182
6.35711 1.7375 0.00134593
6.20911 2.01723 0.00157259
6.20553 2.01217 0.00697033
6.22011 2.05231 0.00680151
6.34471 1.92497 0.00582926
6.28242 1.89833 0.00258257
6.45855 1.96111 -0.00266175
6.38251 1.99054 -0.00186849
6.39436 1.93051 0.00158881
6.32224 1.95485 0.00183362
6.3646 1.90021 -7.28418e-05
6.40334 1.93213 0.0017475
6.2783 1.89581 0.00250791
6.3158 1.85866 0.00623488
6.51203 1.88049 -0.0015122
6.39985 1.93404 0.00155802
6.21758 1.86219 0.00408516
6.31102 2.07787 0.000377864
6.3449 1.92129 0.00573064
6.40151 1.92849 0.00200911
6.28564 1.9005 0.00259966
6.36546 2.07097 0.00266251
6.32522 1.8602 0.00644984
6.46007 1.95932 -0.00252418
6.44768 1.93412 0.00306023
6.39567 1.93457 0.00171652
6.31884 1.9552 0.00181508
6.36743 1.89314 -0.000190294
6.47686 2.13741 0.000166351
6.28784 1.90312 0.00258573
6.45839 1.95915 -0.00290334
6.48523 2.10011 -0.00187191
6.45424 1.93088 0.00327764
6.37687 1.99424 -0.00184988
6.25238 2.07084 0.00664525
6.25582 2.00506 0.0063781
6.55323 1.84166 0.00319215
6.3866 2.08229 -0.00264684
6.39837 1.92328 0.00208535
6.44325 1.88329 0.00364701
6.44579 1.93416 0.00317933
6.50391 1.88125 -0.00161247
6.39421 1.93308 0.0016317
6.19436 1.80226 -0.000468878
6.32073 1.95605 0.0018647
6.36575 1.89488 -0.000169011
6.37011 1.89121 -0.000116938
6.39046 2.08588 -0.00258739
6.39308 1.93203 0.00200588
6.35852 2.07503 0.00252526
6.25861 2.16039 0.00561015
6.37618 1.9912 -0.00182379
6.21637 1.85817 0.00426483
6.3078 2.07523 0.000314551
6.37088 1.89764 -0.00026292
6.3665 1.88918 -0.000364891
6.21457 2.05213 0.00696029
6.38236 2.08663 -0.00276883
6.28423 1.89932 0.0027059
6.45816 1.95867 -0.00267874
6.4563 1.95704 -0.00273626
6.37836 1.99333 -0.00182821
6.39288 1.92718 0.00140007
6.19984 1.80248 -0.000395839
6.32996 1.96233 0.0017109
6.21426 2.01678 0.00158324
6.36842 1.89369 -0.000210347
6.3721 1.89304 -0.00018744
6.37116 1.89035 -0.000146224
6.34477 1.9258 0.00583202
6.28246 1.8983 0.00256526
6.35962 2.07473 0.00249747
6.45131 1.92606 0.00326888
6.39225 1.93377 0.00169048
6.21861 1.86233 0.00406042
6.32831 1.95945 0.00192138
6.32766 1.95907 0.00195732
6.37522 1.89761 -0.000177888
6.36788 1.88662 -9.03992e-05
6.34848 1.92476 0.00570723
6.28497 1.8992 0.00257555
6.53195 1.81569 0.00243337
6.44258 1.87562 0.00368749
6.45012 1.92845 0.00317151
6.37975 1.99882 -0.00192098
6.3811 1.99414 -0.00179131
6.39376 1.93703 0.00173955
6.22072 1.85981 0.00410758
6.31994 1.96048 0.00165557
6.20314 2.00958 0.00700969
6.3802 2.08493 -0.00257682
6.18986 2.03773 0.00602598
6.28841 1.89822 0.00253797
6.5516 2.04244 -0.00286413
6.34666 1.97615 0.00546126
6.34691 1.98182 0.0055275
6.38434 1.99707 -0.00189137
6.39366 1.93224 0.00181799
6.39621 1.93327 0.00164201
6.32437 1.95709 0.00183928
6.36762 1.8938 -0.000113023
6.47696 2.13951 -3.79304e-05
6.39929 1.9285 0.0019381
6.27884 1.89513 0.00271056
6.31943 1.85799 0.00638853
6.34921 1.98197 0.00539246
6.34623 1.98009 0.0053876
6.3824 2.00133 -0.00184671
6.39248 1.93274 0.00168896
6.20121 1.79968 -0.000450559
6.21326 1.85789 0.00400147
6.32521 1.96068 0.00166482
6.32755 1.95655 0.00197084
6.20251 2.01314 0.00694853
6.39788 1.92761 0.00186067
6.31598 1.86151 0.00626418
6.37455 2.10895 -0.00573336
6.51365 1.88232 -0.00128686
6.37999 1.99072 -0.00190032
6.37983 1.9934 -0.00168482
6.39523 1.93671 0.00159888
6.36695 1.73707 0.00159354
6.32483 1.95967 0.00182152
6.30787 2.08712 0.00619231
6.2105 2.00851 0.00700453
6.5613 1.75942 0.00107259
6.28106 1.90034 0.00252381
6.36745 2.07648 0.00252042
6.4431 1.88362 0.00366269
6.44068 1.87826 0.00380488
6.35019 1.98275 0.00542567
6.30832 2.04944 -0.00254009
6.39448 1.93213 0.00153095
6.32729 1.96391 0.00183411
6.32217 1.96305 0.00192973
6.20697 2.02349 0.00157048
6.36772 1.89263 -0.000229124
6.36853 1.89623 -0.000157579
6.09444 1.88902 0.00849214
6.39987 1.92952 0.00199083
6.28279 1.89865 0.00257905
6.48591 2.09955 -0.00192511
6.3909 1.93128 0.00166666
6.39201 1.92376 0.0017359
6.32539 1.95967 0.00180097
6.54853 1.84079 0.00330545
6.47564 2.13766 0.000221715
6.34401 1.9238 0.00576169
6.2781 1.89414 0.00274123
6.45955 1.95639 -0.00245237
6.49156 2.10341 -0.00182202
6.50406 1.88431 -0.0015573
6.22236 1.86389 0.00407978
6.32726 1.95585 0.00172736
6.31165 2.08187 0.000640955
6.3741 1.90033 -0.000206968
6.34972 1.92716 0.00593382
6.20904 1.88323 -0.000669497
6.27767 1.89315 0.00242057
6.45937 1.95814 -0.00280663
6.25825 2.01658 -0.00081318
6.37567 1.99758 -0.00160586
6.36028 1.73233 0.00128834
6.31094 2.07643 0.000374208
6.37213 1.89187 -0.000310718
6.40208 1.92302 0.00192321
6.28268 1.89837 0.00262207
6.28695 1.89105 0.00252067
6.36822 2.07447 0.00248967
6.38237 2.11206 -0.00599354
6.25675 2.15948 0.00561038
6.38021 1.99808 -0.0019415
6.39374 1.93659 0.00152634
6.33277 1.96159 0.00189361
6.3111 2.07154 0.000365139
6.37166 1.89383 -0.000218628
6.37107 1.89594 -6.37302e-07
6.39681 1.92369 0.00179876
6.39758 1.92881 0.00206203
6.27875 1.9001 0.00263021
6.44259 1.87675 0.00383993
6.50542 1.88745 -0.00156589
6.25169 2.07769 0.00652627
6.21948 1.85877 0.00422194
6.32747 1.96151 0.00168632
6.56687 1.90068 0.00125726
6.34409 1.92178 0.0057618
6.39653 1.92404 0.00203766
6.40517 1.92746 0.0018497
6.3981 1.92942 0.00174513
6.5459 2.04495 -0.00266078
6.30951 2.0513 -0.0026756
6.5065 1.88416 -0.00146123
6.39589 1.93789 0.00176354
6.25988 2.01105 0.00641511
6.32528 1.95802 0.00180691
6.2062 2.00717 0.00697724
6.39942 1.92615 0.00185116
6.39878 1.9303 0.00204186
6.2878 1.89673 0.00260099
6.36297 2.07184 0.00247452
6.45688 1.95719 -0.0027157
6.45749 1.95758 -0.00277902
6.45713 1.95916 -0.00279797
6.45326 1.95858 -0.00271516
6.38068 1.99484 -0.00208586
6.39736 1.94022 0.00142226
6.33196 1.9591 0.00185281
6.36486 1.8951 -0.000183926
6.34903 1.92255 0.0058242
6.40344 1.92742 0.00187026
6.36188 2.07476 0.00253313
6.3201 1.85664 0.00611594
6.34675 1.97917 0.005317
6.34899 1.98227 0.00554312
6.39404 1.93922 0.0016205
6.39488 1.93655 0.00150183
6.39583 1.92981 0.00170944
6.32974 1.95956 0.0018284
6.19769 2.01152 0.00698185
6.40274 1.93131 0.00165243
6.4415 1.87832 0.0037618
6.46364 1.96299 -0.00256467
6.38141 1.99449 -0.00186043
6.25436 2.01133 0.00655016
6.32881 1.96521 0.00191433
6.33332 1.95479 0.00177622
6.37031 1.89626 -0.000203144
6.20634 1.88423 -0.000628254
6.28376 1.8956 0.00269392
6.36723 2.07349 0.00253425
6.36596 2.07094 0.00273385
6.44031 1.87917 0.00385238
6.45715 1.96132 -0.00259498
6.25724 2.16561 0.00548954
6.30213 2.04812 -0.00258229
6.30658 2.04885 -0.00269847
6.38797 1.93636 0.00151825
6.39104 1.93369 0.00180576
6.32592 1.96395 0.00181278
6.3725 1.89774 -0.000423577
6.39371 1.93176 0.00168817
6.31645 1.85454 0.00618729
6.45146 1.93125 0.00338293
6.39533 1.93681 0.00177234
6.39466 1.93 0.0016485
6.32756 1.96201 0.00169336
6.3085 2.07602 0.00055167
6.37264 1.98381 0.0083387
6.39606 1.92578 0.00201693
6.28276 1.89654 0.00245578
6.44399 1.88213 0.00357617
6.46185 1.95922 -0.00267812
6.33884 1.98084 0.00553171
6.39158 1.93765 0.00137809
6.39054 1.94062 0.00163049
6.32327 1.95676 0.00162504
6.3267 1.96457 0.00169932
6.30549 2.085 0.00615888
6.36808 1.89454 -0.000295282
6.40478 1.92964 0.00186348
6.3983 1.92959 0.00197779
6.44312 1.87915 0.00361482
6.4582 1.96142 -0.0027675
6.49046 2.10167 -0.0017825
6.45141 1.93172 0.0030978
6.38977 1.93181 0.00154009
6.09301 2.02167 0.00819559
6.25588 1.77772 0.000648225
6.37337 1.89245 -0.000248864
6.37068 1.89629 -0.000139727
6.3931 1.93161 0.00197479
6.43532 1.87989 0.00361935
6.34437 1.98713 0.00544548
6.39431 1.93818 0.00152542
6.25609 2.007 0.00639603
6.37109 1.89302 -0.000216275
6.19478 2.03573 0.00613192
6.28341 1.89768 0.00263321
6.35965 2.07343 0.0025289
6.34476 1.98982 0.00565355
6.57431 1.87096 -0.00833689
6.25748 2.01746 -0.000678091
6.36413 1.73853 0.00149181
6.25982 2.00855 0.00627106
6.32322 1.95693 0.00181245
6.32494 1.95567 0.00191891
6.37085 1.90061 -0.000129944
6.3971 1.92951 0.00175806
6.28412 1.89714 0.00251235
6.53787 1.81698 0.00235571
6.46043 1.95907 -0.00264432
6.51284 1.8856 -0.00160688
6.39159 1.92945 0.00153056
6.33347 1.96462 0.00178619
6.55293 1.84189 0.00352466
6.21335 2.02519 0.00171966
6.37073 1.90094 -0.000210011
6.34 1.92651 0.00572896
6.39749 1.92471 0.00184367
6.28461 1.90157 0.00277313
6.36881 2.0702 0.00264347
6.38693 1.96555 -0.00662854
6.50794 1.87998 -0.0014846
6.39003 1.94134 0.0015854
6.21894 1.86321 0.00405448
6.32256 1.95357 0.00171743
6.36952 1.89496 -0.000291901
6.56165 1.89549 0.00113598
6.39432 1.93225 0.0019548
6.44606 1.87624 0.00355837
6.27502 2.15324 0.00474153
6.46215 1.95805 -0.00262118
6.34811 1.98446 0.00538487
6.37864 1.99319 -0.00206465
6.1045 2.02029 0.0079564
6.21436 2.02135 0.00166561
6.377 1.88973 -0.000116309
6.36647 1.89014 -3.3354e-05
6.40132 1.92662 0.00199182
6.44409 1.87492 0.00356826
6.50716 1.89089 -0.00145992
6.50045 1.88387 -0.00156985
6.39149 1.93468 0.00170882
6.39175 1.9352 0.00160778
6.21151 1.86193 0.00408318
6.37096 1.89005 -2.2725e-05
6.37 1.89286 -0.000293549
6.37103 1.89728 -0.000216287
6.40468 1.93081 0.00181409
6.27982 1.89733 0.00268935
6.31752 1.85429 0.00636546
6.20016 2.16486 0.00288176
6.45355 1.96052 -0.00280894
6.37666 1.9985 -0.00191738
6.2582 2.00896 0.00624852
6.3679 1.89675 -0.000255037
6.57469 1.89757 0.00108076
6.34879 1.92316 0.0054492
6.28711 1.90501 0.00281433
6.35974 2.07202 0.00257364
6.2752 2.15378 0.00481406
6.45446 1.9592 -0.00274503
6.3435 1.98374 0.00533595
6.38313 1.99798 -0.00176608
6.39361 1.93229 0.00168403
6.2569 2.07867 0.00658772
6.21818 1.8534 0.00419191
6.30558 2.08161 0.000633656
6.36646 1.90075 -0.000305026
6.39616 1.92303 0.001748
6.39952 1.92748 0.00176416
6.36301 2.07431 0.00268879
6.45994 1.9624 -0.00277894
6.34476 1.98167 0.00568995
6.34749 1.98127 0.00521355
6.39337 1.93302 0.00172478
6.35933 1.73641 0.00150371
6.3242 1.96085 0.00190203
6.37513 1.89836 -0.000139831
6.40334 1.92853 0.00183299
6.4054 1.93159 0.00180985
6.29148 2.18189 0.00501159
6.34195 1.9905 0.00544023
6.39463 1.93379 0.00162382
6.38734 1.9357 0.00150915
6.25602 2.01092 0.00644476
6.32543 1.95936 0.00171785
6.32643 1.95689 0.00161721
6.32523 1.95471 0.00168901
6.3725 1.89466 -0.00010907
6.21823 2.05222 0.0069196
6.347 1.92763 0.00583574
6.28078 1.89601 0.002626
6.49285 2.10241 -0.00201367
6.25315 2.01778 -0.000771981
6.39245 1.93112 0.00188564
6.30847 2.08524 0.00605213
6.31388 2.08067 0.000403924
6.42124 2.13525 0.00613872
6.28108 1.8946 0.00260121
6.27821 1.89386 0.00269272
6.35766 2.07498 0.00262757
6.43996 1.87992 0.00374312
6.45923 1.9564 -0.00274503
6.25936 2.02222 -0.00068335
6.37825 1.99314 -0.00190679
6.39322 1.94039 0.00191017
6.25284 2.07635 0.00646739
6.32562 1.96273 0.00186173
6.2195 2.05873 0.00694936
6.45119 2.18371 -0.000838103
6.39441 1.93179 0.00181356
6.36244 2.07307 0.00261136
6.31991 1.86129 0.00632448
6.45833 1.95799 -0.0026164
6.37687 1.99911 -0.00192324
6.39966 1.93061 0.0016606
6.3932 1.93319 0.00158549
6.25897 2.00966 0.00621404
6.3711 1.89736 -0.000279188
6.39911 1.92764 0.0018658
6.55218 2.04008 -0.0026249
6.45603 1.93345 0.0031701
6.39515 1.93106 0.00170143
6.33046 1.9625 0.00188724
6.50735 2.07655 -0.00517694
6.37089 1.89668 -0.00037278
6.20616 2.01509 0.00708872
6.39624 1.92909 0.00188596
6.40043 1.92634 0.00172863
6.27967 1.90291 0.00256182
6.36145 2.07656 0.00267694
6.38209 1.96274 -0.00642608
6.45615 1.9322 0.00319473
6.39144 1.93896 0.00174125
6.36358 1.73612 0.00132881
6.32811 1.96038 0.00177473
6.37006 1.89867 -0.000345561
6.38028 2.08419 -0.00261928
6.34189 1.92034 0.00595859
6.39449 1.92798 0.00171965
6.44506 1.87907 0.00376156
6.3483 1.97796 0.0054473
6.39626 1.93514 0.00155145
6.32617 1.95993 0.00188307
6.36939 1.89988 1.47936e-05
6.2092 2.01471 0.00699313
6.19407 2.03235 0.00624555
6.4217 2.13503 0.00597526
6.39727 1.92787 0.00176441
6.43968 1.87721 0.00368514
6.45691 1.95742 -0.00278601
6.51205 1.88501 -0.00148321
6.4023 1.93545 0.00151526
6.32763 1.96432 0.00196888
6.50636 2.08053 -0.00523816
6.35164 1.9319 0.00570451
6.39602 1.92949 0.00192335
6.28246 1.89658 0.00265889
6.4415 1.87851 0.00372773
6.45185 1.93461 0.00305239
6.39764 1.937 0.00184842
6.25389 2.01313 0.00642869
6.31466 2.08193 0.000467904
6.37211 1.90063 -9.80196e-05
6.39501 1.9231 0.00188329
6.40057 1.92919 0.00194383
6.28329 1.89578 0.00275396
6.36268 2.07488 0.00259288
6.27723 2.14892 0.00478497
6.37757 1.9945 -0.00187652
6.39002 1.92892 0.00178337
6.32873 1.95761 0.00162977
6.36681 1.89345 -0.000162999
6.36929 1.90028 -2.32736e-05
6.36825 1.89637 -0.000199754
6.40194 1.92719 0.00177791
6.29146 1.89674 0.00253389
6.36488 2.07346 0.00270824
6.84267 2.17494 -0.00208773
6.32547 1.97691 0.00300379
6.31925 1.97668 0.00281971
6.32922 1.97551 0.00322021
6.51272 1.94662 0.00399695
6.38932 1.75083 0.000512385
6.1972 1.79581 0.00291139
6.22575 2.0868 0.000974254
6.22168 1.96536 0.00445164
6.38701 1.81462 0.00519097
6.31589 1.85447 0.00258608
6.33108 1.9763 0.00309833
6.27373 1.99789 0.00607265
6.39424 1.75419 0.00049353
6.27784 1.94932 -0.00195692
6.52212 1.88655 0.00558219
6.45257 1.98843 -0.000731962
6.32658 1.97083 0.00621364
6.32042 1.86008 0.0023215
6.31996 1.98086 0.00296507
6.27387 1.99952 0.00612321
6.45783 1.85446 -0.00102271
6.15308 1.89516 0.00520056
6.4495 2.06687 -0.00210364
6.42244 2.05544 0.000897464
6.42533 2.05644 0.00108477
6.4248 2.08874 0.000380019
6.47928 1.88797 0.00490681
6.31082 1.85341 0.0025154
6.31411 1.8606 0.00244282
6.3212 1.9742 0.00313029
6.15176 1.89781 0.00530393
6.39519 1.7537 0.000523168
6.19885 1.79777 0.00292997
6.44912 1.98322 -0.000497674
6.22471 1.96222 0.00447924
6.3251 1.96754 0.00611066
6.36597 1.99199 0.00396603
6.32573 1.97523 0.00301277
6.32444 1.97626 0.00304151
6.5093 1.9337 -0.000588211
6.3872 1.75818 0.000453321
6.41934 2.05493 0.00109425
6.45557 1.99315 -0.000582733
6.45405 1.98781 -0.000498469
6.22656 1.96669 0.00437283
6.34595 1.7954 0.000680189
6.41884 2.07028 0.00261576
6.32091 1.97392 0.00286769
6.51254 1.93382 -0.000582944
6.50927 1.94745 0.00375858
6.46991 1.86473 -0.00439338
6.19161 2.06056 0.00679323
6.45986 1.98735 -0.000648236
6.37975 1.81575 0.00526773
6.3426 1.78682 0.000768459
6.31717 1.85748 0.0025516
6.32493 1.977 0.00307391
6.45319 1.85714 -0.000695886
6.51057 1.93623 -0.000361682
6.39716 1.74722 0.000430887
6.4485 2.0646 -0.0024491
6.19988 1.79187 0.0029664
6.42402 2.08435 0.000477247
6.45761 1.98529 -0.000744131
6.48515 1.88391 0.00489036
6.36453 1.98753 0.00429936
6.1692 1.96411 0.00126257
6.32249 1.97961 0.00285321
6.51691 1.93569 -0.000426235
6.50713 1.94076 -0.000342618
6.41583 2.05311 0.000922825
6.42302 2.08509 0.000365251
6.4469 1.99372 -0.000706508
6.22454 1.96371 0.00447818
6.22405 1.96329 0.00443074
6.38043 1.81601 0.00535153
6.31427 1.85661 0.00257492
6.3201 1.85949 0.00248748
6.4206 2.06286 0.00272612
6.32305 2.03829 -0.00536339
6.27392 2.00376 0.00614198
6.27125 2.00004 0.00610993
6.51624 1.94559 0.00398823
6.42211 2.05204 0.00105367
6.22293 2.08839 0.00112449
6.22392 1.96267 0.00449726
6.22324 1.962 0.00428327
6.33358 1.96967 0.00617516
6.35236 1.99205 0.00430342
6.31354 1.85312 0.00231596
6.32623 1.97549 0.00308599
6.27464 2.00266 0.0062828
6.51069 1.95024 0.00395405
6.45072 2.06368 -0.00235158
6.16203 2.15784 -0.000373384
6.19177 2.05541 0.00692573
6.56579 2.03904 -0.00224559
6.36132 1.99368 0.00426382
6.31314 1.85716 0.00237077
6.42295 2.07248 0.00272158
6.27054 2.00503 0.00619043
6.4356 2.07472 0.00358685
6.26518 1.77229 0.0043989
6.45268 1.99238 -0.000688852
6.22487 1.9627 0.00444195
6.48016 1.88533 0.00488836
6.31518 1.85797 0.00262976
6.41912 2.07651 0.00272801
6.32472 1.97854 0.00315397
6.26873 2.00524 0.00603593
6.5092 1.94887 0.00387898
6.42393 2.05778 0.00106725
6.23081 2.16645 0.00432663
6.42975 2.09294 0.000360216
6.4527 1.99208 -0.000692377
6.38053 1.8161 0.00526018
6.31068 1.85383 0.00257909
6.42049 2.06765 0.00259744
6.32317 1.97228 0.00291902
6.27227 2.00217 0.00592994
6.45508 1.85467 -0.000913848
6.45195 2.06638 -0.00242537
6.46869 1.86598 -0.00451145
6.07151 2.02268 0.00743563
6.22616 1.9679 0.00451937
6.3674 1.99587 0.00407375
6.38892 1.89769 -0.00477559
6.32486 1.97957 0.00286554
6.32239 1.98125 0.00298961
6.51052 1.93437 -0.000432355
6.46993 1.86143 -0.00435347
6.42647 2.05765 0.000987254
6.42698 2.09471 0.000406771
6.48304 1.88384 0.004971
6.36818 2.00187 0.00416716
6.41793 2.07667 0.00276496
6.27023 2.00185 0.00599856
6.45039 1.8588 -0.000834698
6.38569 1.74986 0.000571178
6.28288 1.95261 -0.00187049
6.19443 1.79732 0.00294009
6.23116 2.07832 0.00438801
6.22072 2.08939 0.000972063
6.45359 1.98421 -0.000697419
6.32735 1.97233 0.00614514
6.27529 2.08717 0.00179363
6.31601 1.8557 0.00253273
6.31252 1.85579 0.00245541
6.43418 1.7453 0.000207642
6.32663 1.97687 0.0030048
6.44896 1.85543 -0.000711223
6.4541 1.85839 -0.000759446
6.2771 1.95265 -0.00193127
6.43408 1.8845 -0.00538602
6.45742 1.9851 -0.000520425
6.55683 2.04049 -0.00231114
6.3226 1.96774 0.00617942
6.36126 1.99041 0.0043686
6.36516 2.00001 0.00432106
6.31068 1.85437 0.00235652
6.32142 1.98299 0.00300295
6.45419 1.85628 -0.000747063
6.31047 1.85001 0.00771238
6.27967 1.95496 -0.00183829
6.42606 2.05429 0.000983948
6.10611 1.93595 0.00444196
6.45659 1.99308 -0.000560123
6.46045 1.99149 -0.000568709
6.12376 1.86368 0.00510933
6.32788 1.97606 0.00608138
6.33163 1.9704 0.00609636
6.34633 1.78512 0.000655448
6.35331 1.99112 0.00418804
6.31756 1.85438 0.0023937
6.16335 1.96415 0.00148891
6.39597 1.89669 -0.00493246
6.32033 1.98042 0.00321718
6.10902 2.09719 0.00480211
6.4503 2.06065 -0.00216958
6.45018 2.06389 -0.00212862
6.3798 2.12265 0.000340384
6.45583 1.98892 -0.00065177
6.3026 2.14436 0.00373761
6.36133 1.99802 0.00416915
6.43832 1.90791 0.00808085
6.43782 1.74306 0.000169579
6.32533 1.98206 0.00288988
6.32776 1.97702 0.00283222
6.44911 1.85597 -0.000972093
6.43293 2.07843 0.00352113
6.4178 2.05899 0.00101637
6.31903 2.02907 0.0089539
6.4264 2.08554 0.000360202
6.39309 1.81656 0.00513731
6.31502 1.85987 0.00221595
6.32585 1.98047 0.00298135
6.3248 1.97996 0.00308072
6.2694 2.00168 0.00597028
6.45233 1.85845 -0.000797057
6.42352 2.07257 0.00371811
6.3048 1.86012 0.00762666
6.42165 2.0605 0.00103375
6.01487 1.97442 0.00530438
6.22617 1.96399 0.00458163
6.26964 2.09407 0.00189202
6.32022 1.85636 0.0025913
6.3137 1.8537 0.00251286
6.41964 2.06943 0.00266734
6.45684 1.8524 -0.000830575
6.38729 1.75831 0.000594471
6.13105 2.07322 0.0022289
6.4575 1.98962 -0.000573572
6.2306 1.96177 0.00450813
6.55734 2.03762 -0.00237338
6.36808 1.98982 0.0040774
6.64326 1.86325 0.000336357
6.31394 1.85441 0.00254012
6.32201 1.9768 0.00294346
6.32271 1.97729 0.00306499
6.27456 2.00594 0.00605391
6.50832 1.93225 -0.000678667
6.44758 2.06081 -0.00221557
6.19375 2.06174 0.00704894
6.45799 1.98724 -0.000576512
6.27667 2.09592 0.00174858
6.36745 1.99328 0.00431066
6.37237 1.99393 0.00418172
6.30848 1.8549 0.0025221
6.31336 1.8544 0.00258851
6.16263 1.96152 0.00131227
6.32732 1.97933 0.00292605
6.45004 1.85299 -0.000873708
6.45898 1.8572 -0.000850687
6.5383 1.94949 0.00467921
6.4673 1.86882 -0.00424265
6.421 2.0573 0.000798771
6.43223 1.88886 -0.00537532
6.46129 1.9935 -0.000554437
6.32629 1.96796 0.00588959
6.36515 1.99338 0.0040559
6.42237 2.06715 0.00252632
6.3251 1.97235 0.00292304
6.54575 1.95151 0.00485288
6.15291 1.8971 0.00509951
6.39245 1.75268 0.000495583
6.4478 2.05791 -0.00219503
6.37775 2.12072 0.00024771
6.45276 1.98457 -0.000434638
6.29093 2.14009 0.00354671
6.27613 2.08705 0.00162236
6.31043 1.85397 0.00235684
6.33143 1.97221 0.00306726
6.31711 1.9788 0.00303574
6.50951 1.93386 -0.00044136
6.51151 1.94316 0.00379106
6.42083 2.05692 0.000998649
6.45317 1.99108 -0.000610507
6.45818 1.99014 -0.000508801
6.32558 1.96821 0.00608792
6.33183 1.97315 0.0060335
6.36197 1.99676 0.00399929
6.10564 1.98552 0.00597527
6.38728 1.89771 -0.00477157
6.27778 2.00757 0.00608903
6.15357 1.8959 0.00520515
6.39091 1.74866 0.000479045
6.27528 1.95738 -0.00182723
6.12653 2.00966 0.001869
6.22448 1.96167 0.00437525
6.36412 1.99027 0.00417381
6.42143 2.06861 0.00260374
6.32625 1.97847 0.00302996
6.45086 1.8572 -0.000772779
6.30401 1.85333 0.00762589
6.41731 2.05685 0.000896336
6.12461 2.00816 0.00185676
6.56009 2.04166 -0.00227834
6.3625 1.99512 0.00408597
6.36387 1.99384 0.00434476
6.32902 1.97689 0.00302292
6.45822 1.85246 -0.000803034
6.50758 1.89934 0.00410324
6.28223 1.94886 -0.00188687
6.3811 2.12293 0.000319914
6.45166 1.98671 -0.000650333
6.22511 1.9657 0.00445332
6.33016 1.97426 0.00613275
6.27121 2.0887 0.00175887
6.36457 1.99312 0.0042456
6.31332 1.85894 0.00227077
6.31991 1.97397 0.00285083
6.32115 1.97052 0.00299815
6.27989 2.00418 0.00608604
6.45224 1.84873 -0.00079316
6.50823 1.93429 -0.000544536
6.45101 2.06135 -0.00230473
6.23541 2.07889 0.00434193
6.21968 2.08424 0.00128286
6.45063 1.98821 -0.000511028
6.45676 1.98502 -0.000598667
6.55855 2.03781 -0.00242247
6.34825 1.78669 0.000565412
6.31452 1.85682 0.00238798
6.38795 1.89874 -0.00496025
6.45599 1.86011 -0.00082036
6.5124 1.9496 0.00420698
6.4509 2.06441 -0.00228745
6.19382 2.05431 0.00692439
6.56278 2.03657 -0.00232917
6.36588 1.9994 0.00425418
6.42272 2.06571 0.00280707
6.4498 1.86106 -0.0009679
6.39119 1.76092 0.000409514
6.44996 2.06859 -0.00214335
6.44564 2.06246 -0.00234527
6.38208 2.11898 0.000340541
6.42463 2.08143 0.000211464
6.38043 1.81765 0.00508444
6.3654 1.99891 0.00408143
6.42284 2.06648 0.00262851
6.39193 1.89571 -0.00494592
6.32682 1.98156 0.00306548
6.53901 1.95503 0.00471767
6.32845 1.7354 0.00752522
6.42408 2.08476 0.000443776
6.45631 1.98971 -0.000671592
6.23219 1.96301 0.00442114
6.33902 1.78554 0.000771703
6.41752 2.06955 0.00266414
6.42158 2.06519 0.0025934
6.26934 1.99987 0.00623924
6.44888 1.85456 -0.000782221
6.51093 1.93855 -0.000476841
6.46583 1.86194 -0.00438457
6.2347 2.16197 0.00425909
6.45931 1.98867 -0.000692223
6.32767 1.96599 0.00594442
6.27358 2.09039 0.00190212
6.31329 1.85773 0.00232312
6.32387 1.9742 0.00300125
6.45654 1.86025 -0.000849062
6.45478 1.8563 -0.000833234
6.50575 1.93251 -0.000343993
6.42456 2.06017 0.000983566
6.43077 1.89501 -0.00533239
6.12804 2.00939 0.00183938
6.42948 2.08568 0.000270245
6.4605 1.98773 -0.000470165
6.56373 2.04884 -0.00222062
6.29383 2.14312 0.003535
6.34751 1.78559 0.000785333
6.15926 1.96409 0.0015976
6.31778 1.97452 0.00299823
6.4392 2.07422 0.00347609
6.42006 2.05738 0.000942304
6.60941 1.93446 -0.00709235
6.45507 1.9909 -0.00062783
6.45905 1.99143 -0.000459518
6.28697 2.09123 0.00165618
6.31602 1.85214 0.00244621
6.32399 1.97988 0.00287387
6.4499 1.85856 -0.000921297
6.39273 1.75245 0.000681904
6.41909 2.0564 0.000774301
6.42232 2.08752 0.000297074
6.45661 1.99408 -0.000734314
6.38312 1.81486 0.00516077
6.36628 1.99477 0.00423344
6.32657 1.97362 0.0029246
6.3285 1.975 0.00307309
6.5153 1.92999 -0.000486646
6.27672 1.94699 -0.00194631
6.23006 2.1612 0.00420457
6.41921 2.09207 0.000231694
6.45938 1.98786 -0.000625749
6.33068 1.9689 0.00600388
6.37071 1.98899 0.00404942
6.36316 1.99234 0.00417201
6.32438 1.97801 0.0029716
6.4532 1.85657 -0.000814944
6.50786 1.8998 0.00384681
6.23768 2.08301 0.00448004
6.12873 2.06606 0.00213883
6.45348 1.98947 -0.00072338
6.22504 1.96012 0.00446679
6.23 1.96396 0.00437522
6.22574 1.96125 0.00445932
6.36777 1.99401 0.00420516
6.31188 1.85975 0.00229602
6.31296 1.86078 0.0024014
6.32404 1.98039 0.00300798
6.50545 1.93205 -0.000346114
6.44565 2.06549 -0.0022007
6.12731 2.00544 0.00199846
6.29715 2.14262 0.00351629
6.32312 1.97472 0.00597493
6.26114 2.20586 0.000278753
6.31544 1.84966 0.00245415
6.31443 1.85347 0.00248468
6.3264 1.976 0.00313961
6.45172 1.85465 -0.000929499
6.39325 1.75589 0.00056124
6.42139 2.0584 0.00100906
6.13164 2.00658 0.00186367
6.22116 2.09414 0.00126214
6.2976 2.14087 0.00366217
6.36482 1.99557 0.00419074
6.32132 1.97639 0.00302982
6.45382 1.85214 -0.000978375
6.45394 1.85671 -0.000872213
6.51585 1.94813 0.00374826
6.28208 1.95141 -0.00162939
6.23238 2.07605 0.00440596
6.4522 1.98629 -0.000751597
6.45661 1.987 -0.000475987
6.22791 1.96855 0.00444603
6.36539 1.99372 0.00423285
6.60784 1.8234 0.0028457
6.32174 1.97925 0.003012
6.45451 1.8478 -0.000696199
6.45255 1.85716 -0.00097506
6.45928 1.85303 -0.00100301
6.1445 1.89489 0.00511497
6.41809 2.05795 0.00062856
6.43044 2.08725 0.000301493
6.22484 1.96421 0.0043457
6.36086 1.99663 0.00429197
6.31999 1.85548 0.00257721
6.32398 1.97557 0.00310943
6.27336 2.00069 0.00612851
6.51 1.93263 -0.000437891
6.50733 1.93444 -0.000281202
6.14873 1.897 0.00523367
6.4521 2.06362 -0.0025337
6.37882 2.11291 0.000178051
6.42415 2.0819 0.000393253
6.38268 1.81587 0.00500814
6.32619 1.96756 0.00609905
6.36916 1.99476 0.00433054
6.37977 2.23642 0.0045202
6.27019 2.00019 0.00612535
6.51075 1.92945 -0.000365752
6.51036 1.89787 0.00395748
6.50437 1.89746 0.00408046
6.44679 2.06052 -0.00232659
6.6081 1.92902 -0.00722531
6.45733 1.98667 -0.000705841
6.55992 2.04262 -0.00234202
6.36599 1.99993 0.00415465
6.42048 2.07048 0.00268487
6.27284 2.00305 0.00619907
6.67058 1.94377 0.000724228
6.5104 1.94731 0.00376982
6.45139 2.06385 -0.00226412
6.13077 2.00234 0.00205698
6.45124 1.9921 -0.000626261
6.22519 1.96219 0.00453291
6.27573 2.09214 0.00190038
6.36322 1.9976 0.00422376
6.36991 1.99256 0.00406902
6.31752 1.85962 0.00228257
6.31451 1.85853 0.00264904
6.32432 1.97634 0.00288828
6.45453 1.85751 -0.000611852
6.51383 1.93436 -0.000528649
6.4203 2.05853 0.000798086
6.37797 2.12041 0.000307401
6.45416 1.98978 -0.000430622
6.28471 1.87912 -0.0058982
6.29838 2.14323 0.00340307
6.36564 1.99299 0.00419274
6.32011 1.91289 -0.00777193
6.41668 2.07236 0.00276084
6.32434 1.98294 0.0029995
6.45616 1.8611 -0.000899811
6.28077 1.95398 -0.00186233
6.37199 2.117 0.000321716
6.45505 1.9846 -0.000612038
6.45027 1.98918 -0.000812077
6.47708 1.88651 0.00492263
6.59297 2.09891 0.00282884
6.31253 1.85852 0.00244497
6.3058 1.85599 0.00251387
6.32285 1.97899 0.00296392
6.32508 1.98504 0.0030473
6.26937 2.00879 0.00605138
6.45331 1.85033 -0.000888214
6.50137 1.94227 -0.000505501
6.42276 2.05834 0.000988652
6.23698 2.08232 0.00458104
6.4216 2.08354 0.000365581
6.55725 2.04367 -0.00218497
6.55096 2.04276 -0.00239785
6.27992 2.09522 0.00189608
6.34632 1.79204 0.000785079
6.16147 1.95629 0.00146842
6.31924 1.9759 0.00300587
6.32417 1.97742 0.0029829
6.51138 1.93439 -0.000241736
5.88882 2.41249 0.0235275
6.25561 2.10068 0.00411863
6.42744 1.91441 0.00148903
6.43191 1.91962 0.00155209
6.27072 2.0679 0.00277607
6.49787 1.82594 -0.00450771
6.3725 1.87938 -6.88523e-05
6.36909 1.87336 -0.000113992
6.1904 1.97259 0.00611658
6.13018 2.04093 0.00560639
6.33946 2.06173 0.00449294
6.41972 1.96493 -0.00524589
6.46666 2.1173 -0.0024404
6.43085 1.91506 0.00174604
6.17913 1.97179 0.00292997
6.27351 2.06947 0.00282923
6.27314 2.07371 0.00276804
6.51685 1.78974 0.000759112
6.36742 1.87798 -0.000153219
6.22674 2.04634 0.00356231
6.10799 1.94299 -0.000239117
6.25237 2.10522 0.0103569
6.42944 1.9169 0.00151488
6.42939 1.91378 0.00154596
6.23405 1.92863 0.000891079
6.37281 1.8711 9.82679e-06
6.19348 1.97021 0.0060114
6.13133 2.04202 0.00537058
6.18129 2.0373 0.00375938
6.3655 2.10805 0.000552219
6.42805 1.91365 0.00159945
6.42378 1.91857 0.00145703
6.1781 1.97539 0.00322798
6.36644 1.87722 -0.000157618
6.36738 1.87284 -0.000117302
6.23314 2.04745 0.00357377
6.16272 2.0002 0.00411176
6.37528 1.80857 0.00543533
6.30678 1.79957 -0.00187199
6.31053 1.80439 -0.00181788
6.43144 1.9127 0.0014626
6.26987 2.07211 0.00278106
6.59141 1.85922 -0.00316043
6.36476 1.87125 -8.0767e-05
6.12158 1.83564 0.00684205
6.18244 2.03426 0.00375938
6.47084 1.99217 0.00467571
6.26438 2.07649 0.00276648
6.49602 1.82202 -0.00446413
6.36135 1.87478 -5.91112e-05
6.23162 2.04382 0.00365374
6.5377 1.89062 -0.00184794
6.31015 1.80102 -0.00162711
6.42444 1.91862 0.00161996
6.22669 1.96305 0.000231916
6.37048 1.87218 -0.000174389
6.33991 2.10015 0.000204074
6.37274 1.81126 0.00562361
6.3409 2.07187 0.00471872
6.37167 2.11259 0.000767342
6.42982 1.91419 0.00143887
6.42783 1.91135 0.00154692
6.4207 2.12844 -0.000412834
6.37079 1.87764 3.88695e-05
6.54263 1.85453 0.00156216
6.25938 2.02121 0.00903229
6.47291 1.98805 0.00467774
6.42942 1.91451 0.00157831
6.27076 2.07286 0.00286368
6.59202 1.86517 -0.00303741
6.36395 1.87452 -9.92826e-05
6.15121 1.99808 0.00403748
6.38063 1.80671 0.00549218
6.46883 1.99158 0.00466857
6.42628 1.91014 0.00149077
6.35814 2.09627 -0.00013486
6.22973 1.96535 0.000465918
6.36838 1.88166 9.43545e-05
6.36742 1.87045 -0.000104406
6.20552 2.1581 0.00542147
6.53501 1.89796 -0.00180355
6.53329 1.89185 -0.00176498
6.37064 1.81443 0.00554596
6.14992 1.90848 0.00769198
6.18148 2.03209 0.00378141
6.33388 2.11743 -0.0023298
6.46459 1.98865 0.00472012
6.43094 1.91932 0.00164195
6.35434 2.09775 -5.39585e-05
6.36202 2.10024 -7.62739e-05
6.37094 1.87191 8.69583e-05
6.37075 1.873 -3.88436e-05
6.54577 1.98292 0.00344959
6.5386 1.8896 -0.00188481
6.18214 2.03649 0.003898
6.4322 1.91682 0.00158617
6.22748 1.92419 0.00104582
6.37081 1.87452 -8.72461e-05
6.06701 1.9754 0.00383543
6.54026 1.8896 -0.00163239
6.37123 2.10959 0.000489624
6.42896 1.91674 0.00144491
6.35506 2.10304 3.79575e-05
6.36984 1.87395 -8.97284e-05
6.22858 2.04201 0.00357646
6.22974 2.04188 0.0037325
6.14212 1.90107 0.00764899
6.37323 2.11028 0.00060848
6.4238 1.91758 0.00159506
6.42915 1.91587 0.0014488
6.51718 1.78416 0.000748953
6.36719 1.87964 -5.33956e-05
6.19433 1.9777 0.00603354
6.34071 2.07043 0.00438831
6.4275 1.91341 0.00145374
6.43122 1.913 0.00133235
6.23026 1.92859 0.00100129
6.23027 1.96527 0.000290847
6.36865 1.87211 -5.99288e-05
6.53731 1.85375 0.0015502
6.16748 2.15496 0.00160322
6.12503 1.83461 0.00711202
6.14494 1.90094 0.00754702
6.24559 2.05334 -0.00141315
6.18497 2.0371 0.00372348
6.4668 1.99319 0.00475996
6.4302 1.91559 0.0015251
6.4265 1.91745 0.00149455
6.231 1.95941 0.000369197
6.36716 1.86963 -0.000121227
6.36821 1.88037 -0.00021928
6.20819 1.93062 -0.00143826
6.42577 1.96817 -0.00512369
6.46632 1.99173 0.00478007
6.4195 1.8656 -0.00669674
6.18063 1.97108 0.00298173
6.30169 1.89846 -0.00250563
6.36804 1.87192 9.30469e-07
6.37171 1.87209 0.000143436
6.54031 1.98097 0.00346894
6.2132 2.0806 0.00673527
6.33649 2.11233 -0.00251771
6.36032 2.09575 0.000176751
6.36511 1.87205 9.73443e-06
6.54004 1.85584 0.00153015
6.14989 1.90517 0.00741145
6.46457 1.99221 0.00490147
6.42691 1.91544 0.00151845
6.17999 1.97444 0.00304582
6.22312 1.96556 0.000178367
6.26575 1.70311 0.00323671
6.19518 1.97315 0.00596149
6.21365 2.0773 0.00693005
6.43109 1.91644 0.00141929
6.27456 2.07144 0.00255923
6.26414 1.70356 0.00331091
6.36819 1.87428 7.34868e-06
6.4316 1.85248 0.00848426
6.48312 1.75184 -0.00626407
6.36843 2.11535 0.000487233
6.4243 1.9207 0.00129026
6.22805 1.9637 0.000331112
6.36391 1.87529 6.37969e-05
6.23335 2.05073 0.00367276
6.2001 2.1591 0.0055403
6.44251 2.17987 5.73809e-05
6.18723 2.03943 0.00357381
6.31094 2.17769 0.000361529
6.37055 2.11557 0.000674299
6.42518 1.91921 0.00140489
6.26992 2.07348 0.00274288
6.42102 2.183 -2.75779e-05
6.36899 1.87337 -0.000168773
6.36705 1.87391 -6.28019e-05
6.36851 1.8724 -0.000126506
6.54034 1.97279 0.00344815
6.53845 1.88603 -0.00177026
6.25419 2.10276 0.00420509
6.43219 1.91909 0.00154882
6.35634 2.09708 -1.78636e-05
6.49782 1.82886 -0.00459525
6.36173 1.87037 -0.000103195
6.19474 1.97312 0.00609626
6.19394 1.9769 0.00620514
6.53086 1.8895 -0.00204673
6.53574 1.8934 -0.00185049
6.4705 2.16109 -0.000169475
6.42613 1.91389 0.00147045
6.23178 1.92365 0.000783379
6.2318 1.92265 0.000831626
6.22779 1.96678 0.000278575
6.29905 1.89732 -0.00273966
6.3694 1.87429 -2.8631e-05
6.11967 2.04535 0.00550456
6.34257 2.06513 0.00436589
6.43448 2.07558 -0.00456709
6.37532 2.10766 0.00055341
6.46198 2.1123 -0.00274639
6.22824 1.93104 0.000993201
6.37727 2.08605 -0.00473884
6.51758 1.77957 0.000765421
6.23013 2.04493 0.00350674
6.53727 1.89298 -0.00182206
6.37295 1.80514 0.00538489
6.47147 2.15905 -0.000256675
6.3747 2.10897 0.000483492
6.43192 1.91415 0.00150883
6.2287 1.96322 0.00042271
6.36337 1.87495 -0.000232483
6.37503 1.80291 0.00548555
6.36998 2.10663 0.000558309
6.46787 1.99396 0.00452163
6.43213 1.91631 0.00150057
6.22796 1.93298 0.000920683
6.23423 1.95994 0.000313721
6.3649 1.8754 -0.000180652
6.2309 2.0507 0.00374926
6.14667 1.90873 0.00754419
6.42049 1.96754 -0.00515822
6.42737 1.91622 0.0015793
6.17784 1.97821 0.00316037
6.36264 1.87095 -0.00016944
6.22798 2.04562 0.00357527
6.15642 1.99918 0.00410359
6.34182 2.06867 0.00445563
6.25172 2.04079 -0.00146844
6.18496 2.03933 0.00374963
6.42286 1.91578 0.00144722
6.22808 1.93052 0.000938585
6.30547 1.89936 -0.00257403
6.2443 1.87705 -0.00133881
6.33586 2.09397 0.00036051
6.34096 2.09526 0.000178771
6.37388 1.80956 0.00540183
6.30634 1.79519 -0.00156117
6.43049 1.91449 0.001358
6.35562 2.0977 -0.000198486
6.49708 1.82465 -0.00448634
6.37298 1.87984 -0.000159961
6.06065 1.97616 0.00385338
6.18927 1.97105 0.00607233
6.54043 1.89759 -0.0018666
6.37559 1.81043 0.00526294
6.3097 1.79707 -0.00152417
6.43297 1.91409 0.00162423
6.1766 1.97845 0.00314591
6.22805 1.96243 0.000314367
6.30279 1.897 -0.00272524
6.36749 1.87082 -0.000238776
6.33304 2.10141 0.000312072
6.33654 2.06276 0.0042725
6.46588 1.99137 0.00458059
6.42959 1.9172 0.00147246
6.35764 2.09795 -9.06384e-05
6.26943 2.07344 0.00283066
6.23046 1.96125 0.000391366
6.24451 1.87733 -0.00128036
6.54169 1.85464 0.00170284
6.14537 1.90677 0.00745505
6.33983 2.06125 0.00429293
6.41988 1.96878 -0.00501627
6.42678 1.9171 0.0015288
6.4314 1.92147 0.00151669
6.35354 2.09618 0.00013397
6.234 1.92787 0.00090781
6.37075 1.87648 -1.26687e-06
6.36672 1.87554 -0.00013834
6.43985 2.18195 5.72857e-05
6.15395 1.90647 0.00742314
6.33733 2.06657 0.00435288
6.33456 2.11369 -0.00255146
6.42968 1.91451 0.00141043
6.27295 2.07161 0.00264829
6.41649 2.12744 -0.000623908
6.36618 1.87176 -6.43899e-05
6.23589 2.04335 0.0034918
6.16283 2.00387 0.00433032
6.41702 1.96791 -0.00530758
6.3766 2.11227 0.000578619
6.22745 1.93221 0.00109947
6.30416 1.89686 -0.00259369
6.23024 2.04541 0.00370878
6.23098 2.04878 0.00375547
6.26076 2.0201 0.00905964
6.25264 2.10405 0.00419648
6.31343 2.17901 0.00019187
6.41963 1.91353 0.00154338
6.42786 1.91278 0.00145009
6.22432 1.96771 0.000547835
6.24544 1.87512 -0.00146216
6.14806 2.00667 0.00434953
6.53773 1.84986 0.0015281
6.344 2.06894 0.00450761
6.34278 2.06796 0.00432219
6.41732 1.96464 -0.00513041
6.18401 2.03351 0.00375105
6.23001 1.9247 0.00108459
6.31018 1.89267 -0.00270279
6.50067 1.82658 -0.00452198
6.37025 1.86497 -0.0001294
6.22675 2.04429 0.00362972
6.37121 1.8116 0.00532157
6.3119 2.18077 -5.46356e-05
6.35819 2.10275 -3.07375e-05
6.26968 2.06909 0.00285058
6.37089 1.86926 -0.000176344
6.26886 1.82709 -0.00430508
6.34246 2.06126 0.00435876
6.31333 2.18118 0.000288086
6.37216 2.11071 0.000613196
6.46068 2.1153 -0.00256304
6.17753 1.97104 0.00317801
6.2728 2.07337 0.00299641
6.37206 1.87546 6.76971e-05
6.36879 1.87683 7.2912e-05
6.19407 1.97117 0.00612447
6.33777 2.06742 0.00442349
6.34055 2.06482 0.00436926
6.21452 2.08144 0.00677544
6.42834 1.91679 0.00160864
6.17195 1.97175 0.00305137
6.22843 1.96238 0.000361953
6.17909 2.07387 0.00176131
6.36228 1.87447 -0.000130685
6.36233 1.87424 -0.000232199
6.53686 1.89447 -0.00192789
6.3743 2.11366 0.00047543
6.42855 1.91886 0.00150779
6.17311 1.97683 0.00304587
6.27313 2.07408 0.0027602
6.36124 1.8727 -0.000127839
6.19609 1.97207 0.00605759
6.34352 2.09843 0.000201505
6.38298 1.99053 -0.00519923
6.36942 2.11432 0.000666001
6.42986 1.91452 0.00167759
6.23814 1.93193 0.00100291
6.5966 1.86426 -0.00289963
6.36542 1.87146 -6.70866e-05
6.36836 1.87021 -0.000139689
6.53581 1.8918 -0.00193186
6.37281 2.11342 0.000395521
6.43147 1.91499 0.00146376
6.35702 2.10569 -8.72547e-06
6.22295 1.9642 0.00021735
6.41987 2.12959 -0.000388444
6.5383 1.85241 0.00168369
6.25418 2.10482 0.00417336
6.37427 2.10677 0.000557909
6.35984 2.10125 -9.65055e-05
6.23452 1.92436 0.00107899
6.42233 2.13074 -0.000509345
6.37244 1.87065 -0.000224684
6.36984 1.87852 -2.43478e-06
6.43867 1.85567 0.00844712
6.53829 1.89076 -0.00197994
6.33906 2.06788 0.00429571
6.46624 1.98329 0.00457628
6.42797 1.9155 0.00166611
6.17478 1.97403 0.00304051
6.5135 1.78091 0.000964683
6.59228 1.86074 -0.00302073
6.15783 2.00029 0.0043069
6.54307 1.8558 0.00159324
6.37604 1.80724 0.00529295
6.31184 1.80115 -0.001637
6.42964 1.92047 0.0014291
6.4322 1.92236 0.00142562
6.17705 1.97253 0.0029601
6.22908 1.9278 0.000999469
6.22799 1.92722 0.00119519
6.22518 1.96017 0.000337582
6.36682 1.88109 -4.5345e-05
6.36496 1.87703 -4.82743e-05
6.24783 1.88094 -0.00170945
6.53195 1.89257 -0.00181353
6.3423 2.06781 0.00441536
6.25483 2.10663 0.00440143
6.37288 2.11082 0.000646659
6.35743 2.10131 -1.76628e-05
6.36168 1.87387 -0.000203823
6.36596 1.87798 -0.000193035
6.34044 2.09826 0.000427723
6.15013 1.90602 0.00747363
6.43036 1.91366 0.00155473
6.17391 1.97665 0.00314447
6.51893 1.78454 0.000839163
6.36424 1.87138 -7.56806e-05
6.3457 2.09553 8.53184e-05
6.41804 1.96539 -0.00525834
6.42403 1.91608 0.00126475
6.42879 1.91653 0.00169263
6.30228 1.89805 -0.00254623
6.36697 1.87602 -5.82954e-05
6.53415 1.89619 -0.00178635
6.14392 2.0678 0.000579174
6.428 1.91536 0.00140117
6.42599 1.91799 0.00136774
6.51829 1.7865 0.000743039
6.36184 1.86839 7.29246e-05
6.53159 1.89279 -0.00188325
6.25727 2.10061 0.00435725
6.43166 1.92225 0.00141613
6.42925 1.91695 0.00159775
6.1718 1.98137 0.00306504
6.22631 1.93005 0.000890103
6.23234 1.93058 0.000943852
6.22704 1.95948 0.000350836
6.41956 2.12818 -0.000677138
6.36687 1.87606 -0.000157005
6.54069 1.85022 0.00151988
6.12274 2.04553 0.00555416
6.30657 2.18172 0.000286479
6.3741 2.11172 0.000644899
6.42943 1.9187 0.00169024
6.26935 2.07182 0.00274246
6.41532 2.12828 -0.000510693
6.37282 1.87909 -0.000131103
6.44129 2.17407 0.000247713
6.3081 1.79422 -0.00180996
6.37774 2.11427 0.000664513
6.42701 1.92317 0.00163417
6.35685 2.10038 -3.83199e-06
6.37123 1.86769 -7.16561e-05
6.5437 1.85421 0.00145291
6.33908 2.06791 0.00413902
6.42861 1.91504 0.0015143
6.27328 2.07293 0.0028586
6.36561 1.86672 -4.97235e-05
6.36672 1.87686 0.000112021
6.20405 1.92778 -0.00135835
6.34462 2.06445 0.00433452
6.21208 2.07962 0.00676627
6.4265 1.91137 0.00161601
6.42378 1.91598 0.00151649
6.26987 2.07874 0.0027689
6.3729 1.87271 -0.000116202
6.53363 1.89401 -0.00196144
6.33895 2.06687 0.00437411
6.42265 1.96056 -0.00529905
6.14747 2.06415 0.000587468
6.42698 1.92368 0.00144209
6.22785 1.9285 0.00100306
6.22625 1.92841 0.0010366
6.50593 1.82155 -0.00435238
6.36885 1.87421 -0.000173319
6.37149 1.87005 -5.11553e-05
6.36987 1.87276 -4.57942e-05
6.19375 1.97506 0.00612888
6.25586 2.10122 0.00411261
6.42674 1.91718 0.00154723
6.2309 1.92492 0.00113013
6.36328 1.87148 -0.000179832
6.33979 2.09708 0.000159313
6.24979 2.10552 0.00430306
6.33179 2.1186 -0.00256047
6.36276 2.10237 1.24479e-05
6.36449 1.87605 -0.000225335
6.36189 1.87295 -0.000181393
6.22757 2.04754 0.00375059
6.34273 2.06422 0.00430359
6.37236 2.11139 0.000691241
6.47266 1.99347 0.0046193
6.35697 2.09941 -0.000107399
6.22283 1.92828 0.000893014
6.23009 1.96244 0.000318688
6.3027 1.89798 -0.0025385
6.36669 1.87833 -0.000115102
6.2366 2.04535 0.00368237
6.55778 1.94054 0.00515166
6.34861 2.06431 0.00429642
6.46998 1.99107 0.00462447
6.43217 1.91476 0.0014862
6.42885 1.91969 0.00154852
6.52353 1.78311 0.000620892
6.51903 1.78616 0.00085515
6.3633 1.87113 -0.00011898
6.34389 2.09227 0.000359082
6.30586 1.79888 -0.00153683
6.1828 2.03552 0.00387194
6.18306 2.035 0.00357809
6.1815 2.03685 0.0037789
6.42889 1.91161 0.00152797
6.22859 1.92788 0.000799459
6.58848 1.86181 -0.00296582
6.36759 1.87161 -5.94745e-05
6.3665 1.87792 -0.00013306
6.54272 1.84628 0.00140831
6.585 1.67291 -0.00294138
6.25408 2.10419 0.00405538
6.42729 1.91624 0.00142918
6.42545 1.91638 0.00156122
6.17035 1.97367 0.00300625
6.09329 1.96982 0.0111877
6.36605 1.8713 3.25212e-05
6.36488 1.87884 -0.000237253
6.4394 2.1829 0.000218997
6.17844 2.03773 0.00383117
6.42987 1.91331 0.00164844
6.27332 2.06923 0.00284172
6.04266 2.73632 -0.0163731
6.4461 1.92422 0.00302299
6.17644 1.80144 0.00265892
6.27481 1.96965 0.0019241
6.12107 1.88014 0.00719806
6.27464 1.97497 0.00353268
6.25581 1.85348 0.00922437
6.38919 1.92946 0.00127995
6.38866 1.92274 0.00129497
6.34284 1.95566 0.00320343
6.44351 1.92747 0.00305124
6.62642 2.01536 -0.000919814
6.23502 1.8035 0.00221078
6.27991 1.81166 0.00760301
6.3245 1.9832 -0.000680819
6.39433 1.92548 0.0012405
6.29397 1.94291 0.00322244
6.38201 2.13355 -0.00166523
6.44268 1.92254 0.00290605
6.27327 1.93253 0.00222795
6.47129 1.91057 0.00141287
6.40974 1.96496 -0.00125786
6.27649 1.97615 0.00211026
6.27758 1.97106 0.00365058
6.32032 1.98932 -0.000745048
6.46773 1.97421 0.00249626
6.38872 1.92623 0.00116403
6.28649 1.9422 0.003343
6.27783 1.95004 0.00406244
6.28147 1.95222 0.00412885
6.47287 1.913 0.00155826
6.33762 1.76762 -0.0056722
6.40352 1.87808 0.00455641
6.27242 1.97536 0.00350469
6.27104 1.97029 0.00367519
6.27449 1.97269 0.00359081
6.39737 1.92225 0.0010893
6.34205 1.9586 0.0030499
6.20903 1.93253 0.0033812
6.3401 2.13645 0.00237373
6.3377 2.13964 0.00251506
6.2721 1.93371 0.00214227
6.27409 1.93593 0.00222519
6.40402 2.03468 0.0028591
6.47262 1.91054 0.00165229
6.40935 1.97281 -0.0011753
6.27659 1.97274 0.00216087
6.32855 1.98932 -0.000767527
6.39114 1.91951 0.00112363
6.40307 2.04684 0.00391651
6.28866 1.94286 0.00322442
6.29179 1.94182 0.00320199
6.20835 1.93548 0.00336767
6.20584 1.93789 0.0033254
6.2728 1.92905 0.00216651
6.17243 1.80892 0.00264238
6.41263 1.97115 -0.000947132
6.41681 1.88519 0.00444796
6.27679 1.96863 0.00361495
6.39347 1.92534 0.00111801
6.17383 1.91943 0.00216613
6.33893 1.95766 0.00318656
6.21002 1.93412 0.00325563
6.27961 1.94791 0.00413936
6.2755 1.93206 0.00222866
6.47025 1.91324 0.00156077
6.48973 2.04009 -0.00133665
6.27479 1.98003 0.00219178
6.32564 1.98484 -0.000969415
6.3908 1.92243 0.00120378
6.40238 2.04059 0.00389439
6.21151 1.93801 0.00333447
6.44088 1.92829 0.00293581
6.27398 1.9364 0.00225783
6.40766 2.03399 0.00259918
6.2275 1.80718 0.00217742
6.41361 1.96646 -0.00108562
6.49666 1.85108 0.0043021
6.40903 1.88484 0.00442742
6.41292 1.88615 0.00446831
6.2757 1.97744 0.00356252
6.46834 1.97614 0.00239277
6.39951 2.04269 0.00390829
6.17585 1.91097 0.00221716
6.37641 2.14071 -0.00187474
6.45092 1.92717 0.00292676
6.27445 1.9385 0.00221132
6.17069 1.79979 0.00262282
6.27536 1.97714 0.00198195
6.27103 1.97652 0.00364442
6.46552 1.97498 0.00239097
6.38945 1.91955 0.00104488
6.2941 1.94292 0.00315908
6.34391 1.95666 0.0030119
6.28065 1.95126 0.00406543
6.2772 1.94434 0.00428334
6.44643 1.92712 0.00303032
6.40618 2.03315 0.0029743
6.41132 1.96636 -0.00118752
6.27919 1.9754 0.00215222
6.41441 1.88505 0.00425171
6.24653 2.0368 0.00760029
6.47545 1.90305 -0.00599837
6.39292 1.92604 0.00103072
6.29577 1.9445 0.0034006
6.29314 1.93933 0.00326473
6.34218 1.95775 0.00323523
6.33601 2.13009 0.00248742
6.45328 1.92976 0.00292067
6.47474 1.9121 0.00146615
6.41401 1.96744 -0.00114383
6.41061 1.96648 -0.001108
6.1238 1.88465 0.00720102
6.14928 1.85592 0.0110205
6.27159 1.97881 0.00371892
6.46925 1.97317 0.00246239
6.465 1.97857 0.00248589
6.29304 1.93925 0.00329008
6.21271 1.93831 0.00325092
6.34171 2.13415 0.00244768
6.27623 1.93507 0.00234668
6.46397 2.08217 0.000653766
6.40843 1.96845 -0.000924268
6.40857 1.96765 -0.00109715
6.27525 1.97293 0.00368197
6.46654 1.97977 0.00254313
6.39513 1.92351 0.00121056
6.28951 1.9429 0.00334151
6.33923 1.95531 0.00306799
6.44652 1.92744 0.00305459
6.26801 1.93227 0.00236
6.2705 1.93558 0.00226791
6.43549 1.84477 0.00560512
6.46478 1.81303 0.00617025
6.40581 1.96543 -0.00116141
6.05674 1.98061 0.0062356
6.2711 1.96717 0.00370702
6.31884 1.98714 -0.000901683
6.39177 1.92921 0.00119001
6.29411 1.94398 0.00339988
6.33913 1.95668 0.00318743
6.35817 1.69908 0.00152624
6.27349 1.93689 0.00212817
6.47379 1.916 0.00150492
6.27474 1.98199 0.00219138
6.27303 1.97566 0.00215943
6.27148 1.97342 0.00357366
6.46542 1.9775 0.00257463
6.30734 2.12452 0.0041985
6.38844 1.92616 0.00131716
6.40452 2.04099 0.00393737
6.29157 1.94194 0.00321638
6.24353 2.12687 0.00395121
6.27641 1.94878 0.00389189
6.27776 1.95161 0.0040862
6.28047 1.94959 0.00400338
6.40546 2.03453 0.0025716
6.40713 2.02661 0.00288315
6.40643 1.96533 -0.0011676
6.2767 1.97617 0.00208484
6.27759 1.97875 0.00364691
6.46785 1.97854 0.00239403
6.47613 1.90416 -0.0060481
6.4053 2.04391 0.00385516
6.33738 1.95791 0.00321214
6.28359 1.94685 0.00423893
6.19246 1.81154 0.00884401
6.27207 1.93129 0.00217662
6.46883 1.91797 0.00159174
6.23344 1.80336 0.00193385
6.40769 1.96762 -0.00117561
6.27915 1.97272 0.00205242
6.46974 1.9769 0.00254957
6.40095 2.04099 0.00387685
6.21263 1.93632 0.00316679
6.17147 1.90741 0.00756048
6.45121 1.92988 0.0029777
6.40706 2.0288 0.0027092
6.23025 1.80371 0.00210473
6.40749 1.96401 -0.0010566
6.21058 1.78468 0.000239707
6.25179 2.03819 0.00738265
6.47055 1.98201 0.0025752
6.38887 1.93145 0.0010132
6.40514 2.03876 0.00379993
6.34331 1.9587 0.00326487
6.16998 1.90421 0.00728221
6.23808 2.12489 0.00375056
6.27041 1.93609 0.00242767
6.47166 1.91553 0.00160175
6.41188 1.96197 -0.00111138
6.40793 1.97021 -0.00108918
6.27444 1.9792 0.0019171
6.27259 1.9726 0.0036471
6.27853 1.97076 0.00368348
6.32048 1.98523 -0.000781618
6.46638 1.97706 0.00238491
6.40295 2.04461 0.00407625
6.29005 1.9398 0.00312188
6.20855 1.92952 0.00317238
6.45098 1.93143 0.00298147
6.4077 2.03247 0.00275007
6.23152 1.8021 0.00202702
6.52935 2.14018 0.00161251
6.55244 2.06053 0.00508006
6.27246 1.97586 0.00362156
6.32448 1.98323 -0.000990661
6.39811 1.92151 0.00125038
6.28886 1.93618 0.00332788
6.34358 1.95953 0.00334432
6.44713 1.92694 0.00304457
6.47693 1.91348 0.00165134
6.40814 1.96463 -0.00111398
6.41149 1.96623 -0.000972689
6.27776 1.97115 0.00213265
6.27418 1.97301 0.00347596
6.39768 1.92647 0.00088802
6.40706 2.04383 0.00375221
6.34673 1.95779 0.00312361
6.2812 1.94998 0.00399564
6.26912 1.93247 0.00221497
6.49307 2.03973 -0.00116741
6.279 1.97045 0.00188289
6.27324 1.97845 0.0035864
6.27047 1.97334 0.00367947
6.38659 1.92548 0.00122858
6.40414 2.04458 0.00397254
6.33886 1.95765 0.0031914
6.44415 1.93174 0.00304601
6.47543 1.90916 0.00159347
6.40902 1.97038 -0.00102501
6.40977 1.96968 -0.000988699
6.21465 1.9208 0.00948861
6.28326 1.97791 0.00203881
6.26663 1.96991 0.00350327
6.31865 2.12089 0.00432495
6.38892 1.92668 0.00128557
6.38773 1.93175 0.00098703
6.38659 1.92356 0.00104879
6.17478 1.91295 0.00222262
6.33916 1.9581 0.00324686
6.34126 1.95706 0.00312842
6.44537 1.93782 0.0030905
6.27567 1.93097 0.0022611
6.13174 1.94935 -0.000775292
6.40997 1.96757 -0.00117725
6.50026 1.85728 0.00440616
6.46877 1.97886 0.00269433
6.38732 1.92635 0.00122035
6.16848 1.91323 0.00225064
6.28156 1.95307 0.00394013
6.33835 1.79602 0.00563595
6.47423 1.91201 0.00153345
6.41124 1.96568 -0.000995978
6.41132 1.96851 -0.00117331
6.11944 1.87582 0.00719172
6.60193 1.89746 -0.000641003
6.39344 1.9214 0.000962085
6.28608 1.94031 0.00332812
6.34082 1.95569 0.00318024
6.20746 1.93699 0.00319264
6.27969 1.94655 0.00406165
6.2698 1.93499 0.00224558
6.46871 1.91173 0.00171188
6.41707 1.97283 -0.00107565
6.26868 1.97815 0.00379842
6.32183 1.98732 -0.000604574
6.43395 1.81275 0.0064825
6.39855 1.92418 0.00113697
6.40254 2.03941 0.00400278
6.29041 1.94277 0.00305202
6.21259 1.9382 0.00325155
6.38063 2.1409 -0.00176564
6.2806 1.95099 0.00413741
6.27004 1.93433 0.00230034
6.47091 1.91765 0.00162433
6.49389 2.05019 -0.00121775
6.41042 1.88762 0.00430171
6.32615 1.98484 -0.000724295
6.05063 1.89348 0.0064042
6.39708 1.92786 0.00125601
6.28769 1.94153 0.00330309
6.27558 1.95165 0.00400467
6.44655 1.93132 0.00298015
6.40926 2.02955 0.00283622
6.4103 1.97069 -0.00101681
6.2768 1.96901 0.0035836
6.31187 2.12478 0.00414653
6.30913 2.12148 0.00437399
6.40241 2.04337 0.00397772
6.34256 1.95813 0.00331295
6.33702 2.13299 0.00255595
6.27932 1.95032 0.00384976
6.26846 1.93389 0.00225629
6.43534 1.84215 0.00559256
6.47009 1.91758 0.00163388
6.46972 2.09004 0.000529657
6.27269 1.94149 -0.00400235
6.2741 1.97148 0.00359771
6.39046 2.13664 0.00412812
6.39761 2.14199 0.00430205
6.2924 1.93862 0.00314735
6.16735 1.90136 0.00717999
6.27542 1.93084 0.00234285
6.23481 1.80307 0.00230548
6.46333 2.08712 0.000763133
6.41051 1.96715 -0.00103807
6.27424 1.97758 0.00203342
6.32079 1.98515 -0.0007094
6.4643 1.97735 0.00255146
6.39189 1.92357 0.00109527
6.38997 1.92759 0.00108389
6.34331 1.95593 0.00334221
6.21012 1.93814 0.0034503
6.2822 1.94683 0.00424212
6.26859 1.93635 0.00226404
6.48788 2.04702 -0.0010948
6.40567 1.96983 -0.00116807
6.27404 1.97254 0.00362894
6.39014 1.92566 0.00126461
6.33631 1.95929 0.00320892
6.27921 1.95427 0.00414039
6.27007 1.93374 0.00222323
6.47618 1.91451 0.00153083
6.49704 2.0443 -0.000964882
6.27412 1.97465 0.00208069
6.32577 1.98611 -0.000872534
6.60209 1.89355 -0.00099007
6.3881 1.92432 0.00119725
6.39399 1.92369 0.0010644
6.29084 1.94496 0.00342102
6.34021 1.95918 0.00315697
6.2823 1.94745 0.00419711
6.27433 1.93249 0.0021404
6.27137 1.93954 0.00228762
6.2684 1.93656 0.00207671
6.41398 2.0341 0.0027525
6.47383 1.91102 0.00165101
6.47927 2.00763 0.00558402
6.47144 2.08734 0.000661541
6.21082 1.78576 0.000287505
6.4078 1.88418 0.00430887
6.27701 1.97944 0.00370635
6.32164 1.98194 -0.000907508
6.46791 1.97611 0.00256981
6.39257 1.92601 0.00103829
6.33949 1.95881 0.00305236
6.33672 1.95784 0.00323364
6.44144 1.92841 0.00298374
6.27646 1.93199 0.00220828
6.4096 2.0325 0.00274846
6.41421 1.96229 -0.00113852
6.27387 1.96937 0.00361398
6.27871 1.97218 0.00360829
6.43019 1.81772 0.00611354
6.3914 1.92771 0.00115904
6.33976 1.96029 0.00323861
6.3336 1.95754 0.00310475
6.17146 1.90591 0.00729744
6.28398 1.95079 0.00406963
6.40724 2.03581 0.00276873
6.40676 2.02964 0.00268809
6.49202 2.04719 -0.00113595
6.41315 1.96867 -0.00117875
6.25617 2.03666 0.00755142
6.40026 2.13999 0.00430927
6.29198 1.94106 0.00332958
6.28646 1.94868 0.00407007
6.33741 1.79919 0.00562434
6.39977 2.03487 0.00280625
6.49373 2.04707 -0.00128047
6.40871 1.96311 -0.00122216
6.40925 1.88896 0.00443243
6.32216 1.98578 -0.00085715
6.4524 2.16043 0.000852182
6.39285 1.92631 0.00121597
6.29034 1.94472 0.00324859
6.2854 1.94395 0.00324513
6.34098 1.95417 0.00306534
6.28596 1.94594 0.00402133
6.27406 1.93692 0.00216855
6.47249 1.91547 0.00179719
6.23478 1.80376 0.00207198
6.27873 1.97457 0.00186608
6.27362 1.97565 0.0021092
6.2794 1.97435 0.00210696
6.32326 1.98284 -0.000862194
6.39666 1.92415 0.00111773
6.39233 1.92392 0.00127474
6.39262 1.93338 0.00119779
6.29519 1.93541 0.00319133
6.34816 1.95517 0.00307491
6.33754 1.95888 0.00334778
6.33961 1.96126 0.00314716
6.28454 1.94979 0.00409526
6.40468 2.0356 0.00283553
6.40938 1.96758 -0.000934769
6.41766 1.97607 -0.00122963
6.27416 1.97216 0.00359175
6.27449 1.97562 0.00358306
6.3867 1.92444 0.00104199
6.38881 1.92674 0.00112174
6.28988 1.94455 0.00333431
6.29184 1.94036 0.00330564
6.2084 1.9361 0.00331439
6.28478 1.94877 0.00424693
6.40902 2.03015 0.00276692
6.47928 2.00161 0.00570616
6.41542 1.96634 -0.00109516
6.27062 1.98268 0.00205849
6.27058 1.97579 0.00361324
6.32403 1.9862 -0.000876478
6.38954 1.92602 0.00106402
6.40587 2.04206 0.00388396
6.40027 2.04527 0.00382452
6.29288 1.94091 0.00310333
6.24325 2.12595 0.00359885
6.44668 1.92623 0.00281785
6.45032 1.9275 0.00304914
6.40575 2.03407 0.00273758
6.46479 2.08026 0.000614892
6.40752 1.96485 -0.00105429
6.21317 1.78371 0.000225721
6.41235 1.88585 0.00430658
6.31956 1.98756 -0.000552411
6.39315 1.92251 0.00109552
6.29669 1.94211 0.00335056
6.34328 1.95502 0.0031252
6.17216 1.90672 0.00744088
6.44849 1.92396 0.00284578
6.27641 1.93625 0.00212668
6.40679 2.03053 0.00295566
6.40894 1.96777 -0.00125443
6.27407 1.98309 0.00190604
6.32997 1.99492 -0.000791362
6.31299 2.12419 0.00442592
6.39002 1.92815 0.00136849
6.38689 1.93228 0.00110696
6.28963 1.93939 0.00340422
6.3425 1.95635 0.00300641
6.34407 1.96446 0.00315696
6.33121 1.7954 0.00559451
6.4459 1.92777 0.0030869
6.27233 1.93104 0.00215714
6.26816 1.93044 0.00221006
6.47204 1.91592 0.00163977
6.27894 1.97879 0.00213546
6.32321 1.98738 -0.000767415
6.59831 1.89381 -0.00092475
6.40382 2.03766 0.00379944
6.33878 1.956 0.00316426
6.20993 1.93664 0.00320964
6.44056 1.93178 0.00298871
6.47283 1.91193 0.00162035
6.40619 1.97168 -0.00126462
6.40369 1.96711 -0.00110242
6.41048 1.97161 -0.00107277
6.49738 1.98349 0.00530273
6.32799 1.98875 -0.000806561
6.39201 1.92708 0.0013641
6.40062 2.04222 0.00402114
6.3403 1.95914 0.00314451
6.24384 2.12088 0.00380141
6.26908 1.93631 0.00216806
6.2759 1.93712 0.00212643
6.47568 1.91268 0.00151679
6.27526 1.9752 0.00205933
6.40918 1.88516 0.00441435
6.32484 1.9835 -0.000851622
6.39257 1.92265 0.00122753
6.2864 1.93841 0.00331965
6.28969 1.94127 0.00334105
6.16469 1.90447 0.00736362
6.2496 2.12191 0.00379551
6.27799 1.95099 0.00411096
6.28283 1.95439 0.00385548
6.27146 1.93443 0.00235716
6.22936 1.8037 0.00210539
6.47124 2.08086 0.000633022
6.33872 1.78099 -0.00567078
6.27936 1.97799 0.00204191
6.25378 2.0355 0.00726995
6.4948 1.98225 0.00518744
6.47257 1.97835 0.00244907
6.38989 1.92898 0.00102097
6.29338 1.94369 0.00334913
6.29099 1.94042 0.00347803
6.33995 1.95856 0.00310664
6.44874 1.92249 0.00302936
6.27336 1.93195 0.00225169
6.26987 1.93392 0.00229948
6.40595 2.03238 0.00260942
6.47205 1.90692 0.00178072
6.40521 1.96601 -0.00134136
6.41575 1.96821 -0.00130411
6.27351 1.97745 0.00203598
6.11983 1.8792 0.00695259
6.60202 1.8998 -0.000846934
6.07023 2.02349 0.00304201
6.29249 1.94208 0.00330375
6.36523 2.24622 0.00915583
