277.859 11.0779 4.93156
277.834 11.037 4.93648
277.963 10.9774 4.93662
277.87 11.0934 4.93604
277.919 10.94 4.93355
277.955 11.1459 4.93395
277.951 10.8939 4.93779
277.926 10.9551 4.93618
278.012 11.0261 4.93864
278.013 10.9467 4.93493
278.022 10.985 4.93449
278.02 10.9346 4.93348
278.097 10.9338 4.93183
277.878 10.9427 4.93853
277.898 11.1348 4.93523
278.073 10.96 4.93707
278.017 10.8765 4.9411
278.043 10.9753 4.9414
278.001 10.9743 4.94064
277.95 11.0916 4.93462
277.906 10.9886 4.93564
278.048 10.9574 4.93597
277.951 11.0261 4.93572
277.997 11.1437 4.93621
277.847 10.8988 4.94132
277.936 10.9946 4.93635
277.937 11.0675 4.93568
277.946 11.0009 4.93482
278.006 11.0028 4.93369
277.943 10.9961 4.93412
277.951 10.9458 4.93434
277.995 10.9746 4.9353
277.971 11.1013 4.93482
277.837 10.9489 4.94035
278.1 10.9386 4.94063
277.939 11.0512 4.93652
278.037 11.033 4.93694
277.971 11.0151 4.9337
277.998 11.0572 4.93586
277.982 11.0565 4.9353
277.925 11.104 4.93335
277.988 11.0941 4.93963
278.01 11.0073 4.93384
277.953 10.9716 4.93279
277.983 11.1901 4.93144
277.983 10.929 4.93392
278.026 10.9111 4.93864
277.926 11.112 4.9388
277.935 11.0106 4.93506
277.838 11.0326 4.93602
278.024 11.0212 4.93318
277.95 10.9637 4.93479
277.971 11.1311 4.93316
277.946 10.9889 4.93336
277.908 11.0097 4.93481
278.027 11.0661 4.93579
277.921 11.0224 4.93156
278.019 10.995 4.93244
278.002 11.0429 4.93402
278.115 10.9986 4.93365
278.051 10.9081 4.93267
278.041 10.9324 4.93285
277.989 10.9795 4.93778
277.875 10.9772 4.93637
277.972 11.0086 4.93481
277.98 10.9725 4.93718
277.98 11.0906 4.93744
278.041 11.0089 4.93603
277.967 11.0268 4.93493
277.978 11.0647 4.93447
277.828 11.0934 4.93604
278.018 11.0906 4.93451
277.996 11.0226 4.93366
277.863 10.9786 4.93305
277.936 11.0742 4.93641
277.938 10.9024 4.93397
277.946 10.9164 4.93754
277.922 11.0778 4.93723
278.008 10.9952 4.93601
277.988 11.0082 4.9356
277.96 11.053 4.93733
277.953 10.9288 4.93199
278.041 11.1428 4.93989
277.891 11.0113 4.93974
277.919 10.9979 4.93813
277.941 10.9353 4.93552
278.057 10.9695 4.93612
277.905 11.0573 4.93634
277.928 11.0697 4.93538
277.879 11.056 4.9362
277.917 10.9674 4.93435
277.941 11.0278 4.93633
277.916 11.0252 4.93411
277.963 11.0389 4.9343
277.925 11.0231 4.93494
278.047 10.9074 4.93332
277.934 11.0524 4.93591
277.882 10.9997 4.9347
277.886 11.0218 4.9376
277.891 11.0443 4.93815
277.949 10.9585 4.93607
277.94 11.0705 4.93433
278.014 10.9442 4.92845
277.858 11.0905 4.93413
277.96 10.925 4.93535
277.896 10.8478 4.93787
278.129 10.989 4.93652
278.03 11.0318 4.9371
277.852 11.1123 4.93641
277.932 10.9574 4.93339
277.944 11.1062 4.93448
277.903 10.9548 4.93721
278.04 11.0835 4.93784
278.017 11.0306 4.93951
277.925 11.0593 4.93816
277.933 10.8623 4.93603
277.945 10.9524 4.93601
278.015 10.9636 4.93491
277.999 11.0381 4.93541
278.086 11.0231 4.93881
277.938 10.9743 4.93881
277.972 11.0486 4.93966
277.91 11.0236 4.9315
277.996 10.9611 4.93973
277.962 10.9968 4.93465
277.918 10.9825 4.93641
277.876 11.0401 4.93691
277.969 10.9874 4.93852
278.028 11.063 4.93806
277.85 10.916 4.93788
277.877 11.0217 4.93632
278.096 10.9706 4.93792
278.014 10.957 4.93555
278.017 10.9813 4.93576
278 10.9732 4.93656
277.915 11.0181 4.93647
278.01 11.0304 4.93786
277.955 11.0264 4.93323
277.893 11.0565 4.93855
277.901 11.0279 4.9387
278 10.9755 4.93825
278.002 10.8903 4.9321
277.909 11.094 4.93455
278.008 10.9467 4.93673
277.963 10.9948 4.93318
277.968 11.0412 4.93584
277.847 11.0596 4.93518
277.966 10.9359 4.93778
277.985 10.9712 4.93509
278.047 10.9294 4.93607
278.034 11.0275 4.93866
277.984 11.0586 4.93703
278.039 11.0733 4.93618
277.974 11.0903 4.93693
277.934 10.8953 4.93545
277.985 11.0884 4.93536
277.958 10.8327 4.93666
278.025 10.9705 4.9392
278.011 11.0687 4.93479
277.823 10.9949 4.93664
277.9 10.9822 4.93705
277.935 10.9398 4.93343
277.88 11.0443 4.93137
277.883 11.0132 4.93434
277.896 10.9988 4.93679
277.837 11.0798 4.93582
278.057 11.0394 4.93614
278.091 11.0057 4.93485
277.893 11.0552 4.93638
277.923 11.0248 4.93611
278.031 10.9203 4.93454
278.033 10.9829 4.93911
277.866 11.0491 4.93468
277.983 11.1012 4.93579
278.1 10.9986 4.93354
277.976 11.0743 4.93453
277.891 11.0051 4.93718
277.893 10.9259 4.93455
277.999 10.9379 4.93969
277.977 10.9369 4.9374
278.088 11.0526 4.93897
278.112 10.9078 4.93304
277.917 11.1079 4.93555
277.86 11.1231 4.93701
277.871 11.0894 4.93704
277.885 11.0525 4.9322
278.043 11.0648 4.93558
277.934 10.9987 4.93501
277.978 10.9047 4.93429
277.976 10.9925 4.93814
277.963 10.9779 4.93635
278.045 10.9743 4.94009
278.083 11.0097 4.93615
277.897 10.9037 4.93642
277.961 10.9856 4.9379
277.934 11.002 4.93651
277.852 10.9799 4.93463
277.874 11.0334 4.93557
278.037 10.9975 4.93436
278.01 10.9504 4.93659
278.08 10.9027 4.93291
277.975 11.0328 4.93434
278.076 11.0226 4.93635
277.887 11.0472 4.93288
277.907 11.0852 4.93508
278.003 11.022 4.93628
277.922 10.9558 4.93281
277.856 10.9452 4.9326
277.933 10.9561 4.93467
277.956 10.9843 4.93398
277.907 11.0458 4.93363
278.084 11.0827 4.936
277.858 11.0055 4.93699
278.047 11.0094 4.93544
278.078 11.0012 4.93323
277.991 10.9622 4.93772
277.905 10.9452 4.93437
277.951 11.0163 4.93661
277.965 11.012 4.93938
277.926 10.9895 4.93256
278.063 10.9403 4.93503
277.943 11.0207 4.93419
277.843 10.9835 4.93432
277.938 10.9657 4.93584
277.978 11.0798 4.93973
277.902 11.0081 4.93714
277.992 10.9555 4.93435
277.89 10.9328 4.93576
277.979 11.0622 4.93648
278.066 11.0454 4.93455
277.943 10.9851 4.93521
277.919 10.9653 4.9359
277.986 10.9402 4.93264
278.012 10.9666 4.93521
278.015 11.0971 4.93692
277.994 10.9516 4.93176
277.969 11.1214 4.93602
277.922 10.9505 4.93516
277.937 10.9301 4.93804
277.97 11.0396 4.93723
277.981 10.9252 4.93666
278.052 10.8464 4.93594
278.006 11.0051 4.93538
278.034 10.9774 4.93591
278.04 11.0502 4.93881
277.907 10.9761 4.93594
277.959 10.9877 4.93733
277.964 10.9155 4.9329
277.975 10.9321 4.93847
277.968 10.9353 4.94123
277.924 11.0009 4.93687
277.933 11.0733 4.93525
277.907 10.9941 4.93222
277.919 10.9431 4.94028
278.083 11.0416 4.93491
278.052 10.9302 4.94059
277.954 11.021 4.93225
277.982 11.069 4.93437
277.958 10.9989 4.93116
277.943 11.0168 4.93792
277.916 10.9983 4.9368
277.932 10.9743 4.93942
278.081 10.9717 4.93788
277.902 11.1301 4.93435
278.039 11.0139 4.9366
277.923 11.0883 4.93435
277.915 10.9326 4.93426
277.804 11.0479 4.93484
277.862 11.0873 4.93455
277.953 11.0655 4.93558
277.996 10.9319 4.93507
277.949 11.0277 4.9379
278.018 11.0052 4.93555
277.857 10.9514 4.93452
278.085 10.9996 4.93655
278.003 10.9106 4.93265
277.969 11.0841 4.93564
277.882 11.0828 4.93824
277.969 11.0666 4.93844
278.002 11.0653 4.93768
277.84 10.9906 4.9374
277.78 11.0208 4.9355
277.996 10.8792 4.9348
277.939 10.9344 4.93725
277.881 11.002 4.93523
277.893 11.0121 4.93511
277.89 11.0725 4.9333
277.984 11.0924 4.936
277.969 11.1438 4.93331
277.944 11.1232 4.93515
277.944 10.999 4.93521
278.028 11.0712 4.93543
277.944 11.043 4.93674
278.014 11.1321 4.93461
277.865 11.0676 4.93499
277.99 11.1596 4.93586
278.09 11.0139 4.93438
278.004 11.0389 4.93832
277.999 11.0355 4.93095
277.998 10.9511 4.93952
277.911 10.9829 4.93695
278.087 11.0532 4.93846
277.964 10.9696 4.93564
277.991 10.9266 4.93176
277.935 11.053 4.9351
277.892 11.0998 4.93688
277.859 11.0505 4.93617
277.961 11.0012 4.93572
277.971 10.9907 4.93696
277.961 11.0405 4.93573
277.912 11.0861 4.93819
278.043 10.9509 4.9358
277.975 11.0201 4.93401
277.947 10.9197 4.93719
277.873 11.0119 4.93649
277.958 11.0151 4.9362
278.066 10.9197 4.93757
278.052 11.0105 4.94001
278.025 11.0975 4.93837
278.116 11.1327 4.93883
277.932 10.9695 4.939
277.889 10.9572 4.93421
277.949 11.0101 4.93281
277.898 11.0671 4.93515
277.943 11.0773 4.93505
277.973 10.9695 4.93495
277.934 11.0606 4.93496
278.068 11.1009 4.93361
277.998 10.9496 4.93393
277.967 10.9931 4.92968
278.012 11.0012 4.93864
277.871 11.0043 4.93722
277.872 11.0686 4.93485
277.938 11.0463 4.93505
277.964 10.9208 4.93342
278.049 10.9482 4.93603
277.975 10.9479 4.93724
277.939 10.9688 4.93362
278.039 11.002 4.94016
277.87 10.9816 4.93226
277.902 11.0136 4.9364
277.975 11.0619 4.93451
277.921 11.0866 4.93696
277.965 10.8783 4.93942
277.979 10.9366 4.94016
278.075 10.9778 4.93333
278.009 11.0127 4.93491
277.963 10.9534 4.93582
277.898 11.0724 4.93671
277.965 10.9913 4.9355
277.973 10.9492 4.93632
277.926 11.0168 4.93742
277.92 10.962 4.93916
278.074 11.0459 4.93653
277.918 11.0316 4.93723
277.87 11.0165 4.93804
277.956 10.8885 4.9371
278.024 10.992 4.92971
277.937 11.0048 4.93291
278.024 10.9982 4.93309
278.082 11.0158 4.9352
278.023 11.0066 4.93914
277.895 10.9592 4.93743
278.058 11.0582 4.93901
278.03 11.0335 4.93415
277.859 11.1002 4.93429
277.948 11.0942 4.93968
278.046 11.0528 4.93832
278.032 10.9354 4.93908
277.936 11.0661 4.93481
278.052 10.8915 4.93402
277.848 11.0577 4.93532
277.926 10.9595 4.9372
278.028 11.0861 4.93734
278.034 11.0308 4.93813
277.924 10.9385 4.93852
277.917 10.9631 4.9384
278.085 11.0311 4.93538
278.033 10.9992 4.93281
277.988 10.9924 4.93598
277.961 10.9834 4.93608
278.024 11.0037 4.93171
278.006 10.9943 4.93554
277.925 11.0289 4.93745
277.903 10.984 4.93867
278.018 11.1331 4.93664
277.98 11.0184 4.93727
277.868 11.0606 4.93319
278.013 11.0594 4.9355
277.955 11.0749 4.93405
277.949 10.9592 4.93522
278.142 11.0693 4.93626
277.902 11.0413 4.93456
278.014 11.0126 4.93662
277.816 11.1106 4.93481
277.864 11.0963 4.93527
277.825 11.0578 4.93407
278.06 10.9734 4.93545
277.991 11.0662 4.93977
278.015 11.0039 4.94014
277.984 11.018 4.94006
278.027 11.0097 4.93424
278.039 11.0824 4.93456
278.032 11.0746 4.9383
277.961 10.9886 4.93794
277.916 10.9463 4.93476
277.96 11.0826 4.93354
277.928 10.9332 4.93208
277.977 11.0105 4.93801
277.988 10.9669 4.93873
278.049 11.0956 4.93694
278.008 10.9402 4.93287
277.816 10.9697 4.93553
277.984 10.9573 4.93589
278.097 10.9436 4.93464
277.966 11.0663 4.93444
278.028 11.0497 4.93395
277.984 10.8658 4.93417
278.036 10.9815 4.93549
278.009 11.0131 4.93619
277.937 10.9492 4.93432
277.912 10.9659 4.9332
277.95 11.0487 4.93267
277.971 10.8819 4.93259
278.078 11.0306 4.93408
278.004 10.9447 4.93688
278.051 10.996 4.93811
277.959 10.9264 4.93589
277.987 10.9303 4.93635
277.907 10.9749 4.93533
278.009 11.0226 4.9343
277.912 11.0458 4.93619
278.004 11.0328 4.93089
277.912 11.0451 4.9295
277.895 11.1201 4.93739
278.071 11.0247 4.93401
277.934 11.0125 4.93438
277.935 11.0087 4.9358
277.925 11.0215 4.9317
278.013 10.9184 4.93944
278.086 11.0164 4.93449
278.079 11.0089 4.93606
277.879 11.0036 4.9398
277.925 10.9422 4.9376
278.005 11.081 4.93397
277.971 11.0364 4.93702
278.004 11.0813 4.93328
277.866 11.0428 4.93271
277.897 11.0705 4.93283
277.854 11.0117 4.93796
278.049 11.0124 4.93103
277.896 10.9255 4.9354
277.95 10.968 4.93463
278.057 10.9529 4.93335
277.969 11.0042 4.93566
277.943 10.9719 4.93464
277.897 11.0454 4.93691
277.934 10.9633 4.93586
277.905 10.9544 4.93451
277.969 11.0404 4.93433
278 10.9677 4.9335
278.054 11.0132 4.93607
277.929 11.0332 4.93378
277.884 11.0102 4.93399
278.009 11.1109 4.93566
277.898 10.912 4.93417
277.906 11.0213 4.93675
277.863 10.9741 4.93334
277.953 10.9895 4.93439
278.024 11.014 4.9365
277.931 11.0805 4.93781
277.901 10.8925 4.94018
278.061 10.9867 4.93406
277.933 10.992 4.93414
277.843 11.0744 4.93568
278.002 10.9378 4.93466
277.951 11.0781 4.93397
277.939 11.0618 4.93456
277.968 10.9774 4.93607
277.907 11.0373 4.93331
277.983 11.0805 4.93759
277.899 11.0862 4.93851
277.919 10.9537 4.93601
278.026 10.9887 4.9344
278.055 11.0263 4.94008
277.913 10.9954 4.93641
277.992 11.0244 4.93648
277.992 10.9992 4.93494
277.96 11.0349 4.93762
277.925 10.8576 4.93306
277.972 10.9979 4.93894
277.934 11.0371 4.93275
278.154 11.0669 4.93948
277.938 10.9689 4.93538
277.897 11.056 4.93586
278.022 11.1113 4.93725
278.01 11.0766 4.93824
277.971 11.0048 4.93177
277.856 10.9647 4.93311
276.7 8.75755 4.92472
