273.845 19.9619 5.43314
273.812 19.8866 5.43699
273.721 20.026 5.43587
273.774 20.0094 5.43928
273.823 20.1235 5.43498
273.884 19.9448 5.43281
273.807 19.9821 5.43554
273.976 20.0769 5.43509
273.898 20.0273 5.43387
273.886 20.1414 5.43586
273.765 20.0906 5.43381
273.802 20.0825 5.43375
273.789 20.0756 5.43913
273.734 20.0397 5.43113
273.927 20.0373 5.43773
273.823 20.0221 5.4332
273.789 20.021 5.43546
273.809 19.9881 5.435
273.816 20.1081 5.4354
273.858 20.0361 5.43998
273.75 20.1058 5.439
273.77 20.103 5.43773
273.864 19.906 5.43437
273.821 19.9427 5.43151
273.831 19.9915 5.43419
273.971 19.9912 5.43522
273.809 19.9508 5.43875
273.853 19.994 5.43686
273.789 20.0362 5.43752
273.829 20.0748 5.43355
273.889 20.0047 5.43728
273.811 19.9699 5.4349
273.894 19.9704 5.43776
273.704 20.004 5.43568
273.735 20.0582 5.43747
273.806 20.1543 5.43624
273.75 20.0063 5.43591
273.696 20.0895 5.43678
273.806 19.9597 5.4353
273.709 20.0715 5.43651
273.927 20.0567 5.43313
273.815 20.0888 5.43611
273.879 20.1448 5.43896
273.87 20.0377 5.43464
273.833 19.9828 5.43523
273.791 20.1351 5.43622
273.74 20.0861 5.43938
273.78 20.0766 5.43905
273.895 20.0316 5.43715
273.873 19.9865 5.43711
273.891 19.9793 5.43447
273.87 20.0109 5.43683
273.834 20.0074 5.43978
273.918 20.0652 5.43771
273.866 20.0381 5.43332
273.886 20.0727 5.43425
273.776 20.0351 5.43698
273.825 20.0171 5.43223
273.991 20.0097 5.43457
273.841 20.0399 5.43671
273.862 19.9388 5.43383
273.841 19.9999 5.43295
273.851 20.0619 5.44015
273.751 20.014 5.43512
273.857 20.0609 5.44005
273.955 20.0965 5.43538
273.83 20.0307 5.43505
273.848 20.0471 5.4373
273.831 20.0145 5.43892
273.83 19.8636 5.43349
273.936 19.9899 5.43384
273.864 20.0205 5.43922
273.869 20.0402 5.43925
273.78 19.9875 5.42985
273.795 19.9888 5.43286
273.834 20.0886 5.43661
273.897 20.0501 5.43284
273.915 20.0387 5.43243
273.841 20.0648 5.43408
273.809 19.9122 5.43455
274.015 20.0223 5.43714
273.811 20.0538 5.43654
273.875 20.0335 5.43524
273.869 19.9937 5.43626
273.853 20.012 5.43638
273.861 19.9981 5.43375
273.888 19.9909 5.43565
273.971 19.9935 5.43554
273.88 19.9712 5.43653
273.846 20.0272 5.43648
273.857 19.9828 5.43491
273.798 19.9322 5.43574
273.906 19.8944 5.43456
273.884 19.9747 5.43578
273.849 20.0395 5.43847
273.76 20.0788 5.43472
273.883 20.0922 5.43722
273.88 20.0299 5.43478
273.936 19.9776 5.43509
273.916 19.944 5.43359
274.01 20.0803 5.43697
273.723 20.0313 5.43241
273.863 20.0755 5.43531
273.811 19.9946 5.43538
273.842 19.9642 5.43583
273.886 20.1006 5.43285
273.887 20.1192 5.43196
273.886 20.1433 5.43566
273.772 20.0243 5.43386
273.817 20.0789 5.43537
273.855 19.9657 5.4341
273.747 20.0861 5.43427
273.758 20.0209 5.44015
273.773 20.0224 5.43514
273.864 19.9903 5.4331
273.697 19.9403 5.43783
273.866 19.9909 5.43279
273.878 19.9562 5.43422
273.865 19.9901 5.43646
273.815 19.9656 5.43571
273.848 20.0598 5.43969
273.787 20.0733 5.43445
273.849 19.9203 5.43453
273.856 19.911 5.43472
273.83 19.9316 5.43493
273.743 20.0722 5.43684
273.778 20.0952 5.43804
273.958 19.9047 5.43591
273.818 20.0331 5.4347
273.783 19.9628 5.43633
273.901 20.0384 5.43451
273.896 20.0417 5.43807
273.728 20.1152 5.4381
273.755 20.0392 5.43758
273.739 20.0153 5.43749
273.813 20.0111 5.44042
273.831 19.9562 5.43462
273.832 19.909 5.43433
273.792 19.949 5.43496
273.857 19.9771 5.4352
273.826 20.0088 5.43702
273.87 20.0333 5.43895
273.886 20.0084 5.43753
274.045 20.0237 5.43857
273.936 20.056 5.43742
273.909 20.0296 5.43837
273.888 19.9499 5.43373
273.903 20.0506 5.43557
273.865 20.0152 5.43577
273.77 20.0203 5.43562
273.775 20.0438 5.44061
273.769 20.0756 5.43726
273.799 20.0732 5.43746
273.75 20.0442 5.436
273.917 20.0542 5.43752
273.968 20.0607 5.43148
273.898 20.0619 5.43379
273.818 20.0069 5.43662
273.981 20.0555 5.43765
273.839 19.9948 5.43684
273.795 20.1053 5.43653
273.867 19.99 5.44298
273.876 19.9966 5.43632
273.912 19.994 5.43673
273.839 20.0607 5.43535
273.816 20.102 5.43761
273.913 20.0531 5.4368
273.743 19.9933 5.43577
273.785 20.1237 5.43818
273.79 20.0747 5.43799
273.831 20.0999 5.4388
273.917 20.0686 5.43683
273.843 19.8873 5.43449
273.918 19.9572 5.43466
273.922 20.0582 5.43363
273.881 20.0468 5.43364
273.922 20.1283 5.43969
273.86 20.035 5.4312
273.816 20.084 5.44054
273.788 20.132 5.43482
273.894 20.1151 5.43163
273.882 20.0557 5.4357
273.804 20.0387 5.43709
273.858 20.0467 5.43583
273.856 19.807 5.43463
273.868 19.9095 5.43446
273.904 20.0233 5.43837
273.807 20.0232 5.43377
273.781 20.0538 5.43313
273.788 20.1206 5.43836
273.81 19.9732 5.43781
274.003 19.9887 5.4358
273.827 20.1369 5.43485
273.813 20.0059 5.43523
273.934 19.9806 5.43583
273.877 19.9949 5.43282
273.731 20.1026 5.43415
273.791 20.1162 5.43352
273.871 20.097 5.43598
273.958 20.0802 5.43772
273.77 20.0939 5.43416
273.893 20.0358 5.43607
273.851 20.0768 5.43531
273.791 20.0586 5.43652
273.835 19.9442 5.43376
273.852 20.157 5.43463
273.934 20.0048 5.4355
273.832 20.0215 5.43796
273.751 19.9816 5.43544
273.993 20.0524 5.43484
273.863 20.0773 5.43505
273.768 20.02 5.43653
273.76 19.8959 5.4331
273.765 20.0814 5.43643
273.752 20.0545 5.43943
273.839 20.049 5.43472
273.953 20.0756 5.43656
273.856 19.9719 5.43636
273.715 20.035 5.43963
273.762 20.0264 5.43699
273.738 19.9774 5.43598
273.856 20.0107 5.43468
273.908 20.032 5.43678
273.786 20.0663 5.43372
273.75 19.9946 5.43965
273.735 19.9861 5.43908
273.828 20.0257 5.43558
273.838 20.0395 5.43618
273.859 19.9794 5.43805
273.921 19.9234 5.4366
273.847 19.9929 5.43653
273.908 20.0443 5.43716
273.828 20.0079 5.43701
273.846 19.9461 5.43497
273.826 19.9564 5.4338
273.841 20.0354 5.43702
273.83 19.9493 5.43596
273.939 20.0085 5.43802
273.903 20.0278 5.4387
273.988 20.0301 5.43299
273.973 20.0661 5.43763
273.821 19.9677 5.43516
273.787 20.0665 5.4378
273.851 20.1115 5.43477
273.8 20.0053 5.43505
273.847 20.0318 5.43505
273.907 20.0953 5.43652
273.851 20.0379 5.43692
273.877 20.0572 5.43356
273.819 20.0443 5.43945
273.823 19.9565 5.43336
273.841 19.9812 5.44202
273.758 20.1074 5.43442
273.905 19.9537 5.43624
273.779 20.0125 5.43437
273.939 19.9686 5.43024
273.876 20.0382 5.43767
273.82 19.943 5.43252
273.847 19.9165 5.43443
273.767 20.0483 5.43827
273.878 20.0107 5.43357
273.818 20.0428 5.43316
273.838 20.0284 5.43729
273.907 20.0151 5.44138
273.884 20.0051 5.44045
273.923 20.0158 5.43453
273.816 20.0258 5.43722
273.78 20.0336 5.43429
273.773 20.0414 5.43551
273.806 20.0451 5.43901
273.738 20.114 5.43767
273.824 19.8548 5.43286
273.878 19.8897 5.43273
273.917 19.9438 5.43538
273.758 20.2144 5.43827
273.914 20.0955 5.43796
273.842 20.0203 5.43552
273.926 19.9939 5.4365
273.791 20.066 5.43496
273.818 19.9853 5.43429
273.873 20.025 5.43431
273.826 20.0153 5.43674
273.823 20.0599 5.4389
273.799 20.0124 5.43311
273.749 20.0606 5.43334
273.768 20.0705 5.43746
273.837 19.949 5.43516
273.923 20.076 5.43766
273.748 20.048 5.43193
273.838 19.9863 5.43534
273.78 20.069 5.43351
273.89 19.9134 5.43306
273.9 19.8789 5.43423
273.902 19.9143 5.43688
273.846 20.0403 5.43783
273.838 20.1191 5.43292
273.846 20.0825 5.43883
273.821 19.9652 5.43454
273.792 19.9906 5.43636
273.766 20.0101 5.43501
273.869 20.074 5.43676
273.725 19.985 5.43658
273.912 20.083 5.43597
273.822 20.0027 5.44106
273.892 20.0456 5.43728
273.762 20.0548 5.43382
273.804 20.0269 5.43642
273.828 20.0168 5.43319
273.87 20.0087 5.4375
273.856 20.0239 5.43566
273.802 20.0025 5.43723
273.904 19.9548 5.43543
273.853 19.9263 5.43346
273.878 19.9271 5.43477
273.865 20.0719 5.437
273.972 20.0142 5.43546
273.879 19.9965 5.43529
273.766 19.9533 5.43911
273.822 20.0331 5.43435
273.917 19.9941 5.438
273.879 20.065 5.43754
273.864 20.0622 5.43289
273.817 20.064 5.43245
273.86 20.0746 5.43743
273.838 20.0283 5.44338
273.848 19.9435 5.43371
273.899 20.0218 5.43844
273.907 20.05 5.43888
273.74 20.1412 5.4343
273.948 19.9974 5.43573
273.96 20.0376 5.43497
273.883 20.0105 5.43803
273.754 20.1191 5.43894
273.859 20.1046 5.43827
273.843 20.0226 5.43874
273.939 20.0989 5.43649
273.871 19.9577 5.43589
273.737 19.9519 5.43499
273.798 19.9805 5.43822
273.794 19.986 5.43793
273.829 19.9973 5.43765
273.843 20.1421 5.43822
273.85 20.0179 5.43433
273.815 20.0646 5.43535
273.813 20.0269 5.43435
273.832 20.0913 5.43537
273.96 20.1007 5.43518
273.819 20.0418 5.43493
273.805 20.0308 5.43699
273.904 20.007 5.44267
273.878 19.9075 5.4363
273.865 19.9265 5.43584
273.946 19.9265 5.43591
273.981 20.0445 5.43637
273.672 20.0412 5.43393
273.902 20.0717 5.43784
273.867 20.0854 5.437
273.842 19.9126 5.43372
273.802 19.9356 5.43546
273.804 20.0599 5.43737
273.865 19.9577 5.43501
273.99 20.1508 5.43896
273.796 20.0799 5.43788
273.884 20.0003 5.43465
273.716 20.0181 5.43271
273.901 20.0501 5.43586
273.788 20.0871 5.43446
273.88 20.0927 5.43766
273.802 20.0384 5.43292
273.803 20.0239 5.43367
273.838 20.113 5.43753
273.747 20.0214 5.43771
273.809 20.0175 5.4401
273.807 19.9531 5.43193
273.896 19.9938 5.4342
273.954 20.0679 5.43072
273.783 20.1008 5.43581
273.941 20.0609 5.43852
273.865 20.0732 5.43577
273.869 19.9989 5.43441
273.699 20.0192 5.43345
273.784 20.0131 5.43722
273.952 19.9252 5.43581
273.905 20.0421 5.43573
273.671 20.1772 5.4376
273.893 20.0622 5.43354
273.898 20.0168 5.43409
273.826 19.8883 5.43229
273.794 20.1103 5.43427
273.847 20.0294 5.43222
273.814 19.9848 5.4326
273.888 20.0082 5.43638
273.916 20.1364 5.43074
273.928 19.9844 5.43642
273.897 20.0828 5.43766
273.817 19.9563 5.43318
273.707 19.955 5.43174
273.832 20.1288 5.43507
273.805 20.0852 5.43317
273.868 20.0097 5.43257
273.891 20.0011 5.43522
273.952 20.1418 5.43339
273.764 20.0306 5.43623
273.777 20.0238 5.43753
273.853 20.0564 5.43671
273.898 19.899 5.4356
273.843 19.9851 5.43742
273.802 20.1231 5.43482
273.902 20.1067 5.43341
273.778 19.9965 5.43946
273.907 20.0443 5.4394
273.888 19.9401 5.43665
273.937 20.0468 5.43692
273.823 20.01 5.43683
273.826 20.0892 5.43629
273.922 19.997 5.43423
273.882 20.054 5.43973
273.929 20.052 5.43818
273.867 20.0859 5.43924
273.822 19.9599 5.4338
273.866 20.0854 5.43834
273.755 20.2102 5.43753
273.808 20.028 5.43791
273.906 20.0207 5.43877
273.898 20.0574 5.4381
273.866 20.0812 5.43768
273.91 20.0288 5.43632
273.907 20.0432 5.43235
273.858 19.9804 5.43416
273.883 20.0548 5.43688
273.68 19.9932 5.43461
273.841 20.0133 5.43562
273.825 20.0255 5.43379
273.794 19.9688 5.43487
273.921 20.0453 5.43508
273.836 20.0922 5.43492
273.901 20.0279 5.43901
273.789 20.0921 5.43747
273.841 20.0209 5.43503
273.841 20.0527 5.43481
273.756 20.0835 5.43564
273.895 19.9792 5.43798
273.857 20.041 5.43474
273.893 20.0064 5.43364
273.87 19.9439 5.43363
273.882 19.9581 5.43514
273.734 19.9647 5.43421
273.715 20.0243 5.43845
273.789 20.0481 5.4337
273.942 19.9663 5.43602
273.766 20.0726 5.43875
273.924 20.0244 5.43579
273.837 20.0048 5.43621
273.784 20.0714 5.43714
273.892 20.033 5.43847
273.901 20.0336 5.43873
273.983 20.0931 5.43768
273.828 20.0219 5.43901
273.859 19.9896 5.43513
273.747 19.999 5.43475
273.97 20.0821 5.43757
273.847 20.0199 5.4391
273.767 20.0905 5.43139
273.79 20.1375 5.43618
273.811 20.0901 5.437
273.873 20.0221 5.43624
273.805 20.0173 5.43855
273.859 20.0645 5.43399
273.876 19.8538 5.43322
273.943 19.8932 5.4343
273.878 20.0237 5.43751
273.855 20.0548 5.43758
273.811 20.0846 5.43585
273.79 20.149 5.43621
273.819 20.0656 5.4356
273.837 20.1001 5.43432
273.758 20.0672 5.43908
273.843 20.0274 5.43709
273.822 19.9502 5.43075
273.958 20.0356 5.43656
273.754 20.0543 5.43412
273.916 20.0447 5.43366
273.851 20.0201 5.43622
273.831 20.0208 5.43522
273.853 19.986 5.43453
273.929 19.9691 5.43541
273.845 20.0747 5.43479
273.88 20.141 5.43562
273.849 19.9503 5.43471
273.885 20.0987 5.43328
273.875 19.9434 5.43589
273.829 20.0377 5.43884
273.793 20.041 5.4348
273.98 20.0648 5.43585
273.852 19.9291 5.43233
273.905 19.9051 5.43469
273.964 19.9423 5.43605
273.935 19.9412 5.43625
273.915 19.9324 5.43482
272.367 17.7686 5.42706
