274.924 -5.93994 4.2021
274.852 -5.95282 4.20831
274.906 -5.92581 4.20538
274.763 -5.86387 4.20347
274.763 -5.94986 4.20297
274.828 -5.89871 4.20725
274.828 -5.89786 4.2072
274.655 -5.97846 4.20107
274.809 -5.96466 4.2057
274.74 -6.01876 4.20576
274.806 -5.93979 4.19987
274.647 -5.91163 4.2015
274.759 -5.95545 4.20208
274.639 -6.03738 4.20239
274.721 -5.90286 4.20228
274.882 -5.94563 4.20396
274.793 -6.00494 4.2035
274.84 -5.85296 4.20797
274.719 -5.95289 4.20272
274.701 -5.92404 4.20254
274.76 -5.92181 4.20296
274.823 -5.93525 4.20532
274.747 -5.92959 4.20568
274.828 -5.96438 4.20139
274.827 -5.97299 4.20568
274.788 -5.94959 4.20573
274.848 -6.02038 4.20565
274.792 -5.96772 4.20638
274.774 -5.98369 4.20664
274.754 -5.95923 4.20329
274.751 -6.08266 4.20278
274.802 -6.0384 4.20487
274.846 -6.04688 4.20661
274.738 -5.89823 4.20227
274.749 -5.92833 4.20585
274.885 -5.98172 4.21034
274.7 -6.00045 4.2038
274.803 -5.81752 4.20442
274.85 -6.01431 4.20319
274.832 -5.83036 4.20612
274.618 -6.04383 4.20063
274.708 -5.96333 4.20053
274.772 -5.91787 4.20556
274.676 -5.95076 4.20341
274.793 -5.92923 4.20409
274.734 -5.98288 4.20123
274.765 -5.94306 4.20549
274.756 -5.97395 4.20587
274.869 -5.94308 4.20424
274.876 -5.94576 4.20181
274.769 -5.99581 4.20381
274.766 -6.00063 4.20403
274.78 -5.901 4.20425
274.782 -5.91136 4.20404
274.764 -5.89815 4.20312
274.692 -5.97471 4.20233
274.76 -5.84269 4.20147
274.774 -5.88519 4.20602
274.749 -5.89156 4.2067
274.829 -6.02441 4.20608
274.822 -6.02836 4.20618
274.796 -5.99504 4.20497
274.724 -5.89623 4.20451
274.793 -5.89922 4.20659
274.79 -5.90162 4.20678
274.775 -5.97249 4.20761
274.806 -5.88777 4.20831
274.777 -6.03333 4.20571
274.778 -5.99246 4.20332
274.641 -5.93283 4.2011
274.684 -5.99028 4.20143
274.818 -6.04861 4.20578
274.721 -5.97893 4.20438
274.658 -5.98724 4.19972
274.655 -5.98676 4.19965
274.794 -6.00646 4.20926
274.891 -5.94588 4.20842
274.765 -5.88606 4.20271
274.872 -5.95355 4.20803
274.905 -5.89162 4.20907
274.707 -5.99269 4.20049
274.83 -5.93514 4.20621
274.836 -5.93876 4.20616
274.819 -5.95285 4.20627
274.697 -5.93964 4.20224
274.703 -5.94537 4.20234
274.674 -5.92286 4.19926
274.7 -5.96435 4.20513
274.825 -6.01254 4.20496
274.777 -5.80281 4.20615
274.716 -5.96429 4.20486
274.824 -5.99162 4.20714
274.874 -5.88713 4.20097
274.838 -5.93674 4.20739
274.833 -5.92831 4.20723
274.803 -5.97552 4.20702
274.784 -6.02961 4.20365
274.735 -6.00149 4.20259
274.839 -5.9204 4.20868
274.797 -5.96578 4.20403
274.721 -5.97525 4.20183
274.863 -5.81541 4.20801
274.864 -5.8153 4.20827
274.834 -5.9296 4.20687
274.829 -5.93069 4.2069
274.791 -5.9268 4.20755
274.762 -6.06386 4.20471
274.727 -5.92512 4.20177
274.74 -5.94531 4.20312
274.793 -5.91491 4.20205
274.756 -5.93301 4.20351
274.845 -5.87435 4.20319
274.857 -5.88044 4.20548
274.717 -6.01912 4.20134
274.773 -5.95463 4.20461
274.796 -5.87643 4.20702
274.8 -5.87537 4.20707
274.832 -5.95968 4.20739
274.792 -5.96258 4.2051
274.815 -6.03045 4.20453
274.756 -5.94096 4.20057
274.758 -5.83342 4.21079
274.862 -5.94844 4.20682
274.647 -5.97174 4.20191
274.75 -6.04256 4.20361
274.744 -5.95161 4.20637
274.752 -5.909 4.20465
274.754 -5.91864 4.2027
274.868 -5.89747 4.20553
274.756 -5.93439 4.20579
274.826 -6.00117 4.20579
274.707 -5.90944 4.20181
274.76 -5.95082 4.20519
274.761 -5.94998 4.20531
274.77 -5.98301 4.20304
274.763 -5.9446 4.20232
274.834 -6.01274 4.20408
274.797 -6.05755 4.20732
274.878 -5.97321 4.20731
274.713 -5.91088 4.20269
274.715 -5.91468 4.20265
274.83 -5.99492 4.20616
274.771 -5.83899 4.20518
274.709 -5.9411 4.2041
274.724 -5.95377 4.20191
274.755 -5.95185 4.2041
274.789 -5.88362 4.20167
274.866 -5.99181 4.20852
274.722 -5.92549 4.20556
274.732 -5.97164 4.20618
274.817 -5.91092 4.20588
274.816 -5.89705 4.20607
274.818 -5.90172 4.20448
274.774 -5.99825 4.20489
274.783 -6.03112 4.20353
274.789 -6.0294 4.20341
274.807 -5.95721 4.20688
274.741 -6.00591 4.20316
274.69 -5.96951 4.20089
274.721 -6.01598 4.20151
274.66 -5.96136 4.20222
274.77 -5.87928 4.20187
274.781 -5.90029 4.20356
274.818 -5.94578 4.19975
274.846 -5.95362 4.20819
274.765 -5.86478 4.2034
274.817 -5.91199 4.20757
274.721 -5.99578 4.20315
274.736 -5.99001 4.20714
274.638 -6.0161 4.20388
274.744 -5.92726 4.20459
274.745 -5.92492 4.20444
274.651 -5.97796 4.20116
274.722 -5.93474 4.20237
274.773 -5.9962 4.20506
274.719 -5.90087 4.20205
274.745 -5.89627 4.20179
274.785 -5.89704 4.20646
274.63 -5.94204 4.20325
274.703 -5.91747 4.20246
274.839 -5.94358 4.20357
274.768 -5.91641 4.20308
274.8 -5.95342 4.20713
274.82 -5.93511 4.20519
274.791 -5.97775 4.2059
274.757 -5.96784 4.20216
274.823 -5.94403 4.20755
274.859 -5.94943 4.20578
274.795 -5.96896 4.20608
274.745 -5.97883 4.20539
274.79 -6.04119 4.20821
274.739 -6.0216 4.20296
274.737 -5.89289 4.20226
274.733 -5.89777 4.20245
274.751 -5.83313 4.20641
274.748 -5.96183 4.20315
274.885 -5.9751 4.21051
274.805 -5.81684 4.20445
274.747 -5.97327 4.20753
274.709 -5.96196 4.201
274.737 -5.98287 4.20016
274.855 -6.00367 4.20683
274.707 -6.02513 4.20222
274.674 -5.95676 4.20337
274.693 -5.9311 4.20393
274.75 -6.00002 4.20468
274.747 -6.03116 4.2056
274.737 -5.97833 4.20131
274.764 -5.94202 4.20555
274.778 -6.02144 4.20343
274.778 -6.01481 4.20349
274.877 -5.94869 4.20179
274.798 -5.96755 4.2045
274.723 -6.06658 4.20246
274.802 -5.98809 4.20411
274.77 -5.89636 4.19919
274.793 -6.01079 4.20528
274.763 -5.89855 4.20329
274.757 -5.89624 4.20313
274.822 -5.94334 4.20645
274.761 -5.83779 4.20135
274.777 -5.88807 4.20604
274.703 -6.07419 4.20504
274.699 -5.9214 4.20285
274.817 -5.95391 4.20742
274.716 -5.88881 4.2044
274.794 -5.90457 4.2067
274.787 -5.95725 4.20694
274.757 -5.91891 4.20292
274.719 -6.09236 4.20265
274.762 -5.92837 4.20553
274.751 -5.92901 4.20583
274.683 -5.99479 4.20119
274.711 -5.95385 4.20179
274.771 -5.96795 4.20388
274.659 -5.9762 4.19973
274.742 -6.03313 4.20332
274.773 -6.05569 4.2042
274.732 -6.00897 4.19828
274.809 -5.95673 4.20425
274.769 -5.8851 4.20268
274.731 -5.9538 4.20339
274.82 -5.95187 4.20612
274.806 -5.93916 4.2068
274.839 -6.01109 4.20024
274.839 -6.00842 4.20033
274.716 -5.95649 4.20113
274.703 -5.94529 4.20221
274.674 -5.93237 4.19941
274.67 -5.92985 4.19934
274.699 -5.96472 4.20528
274.729 -6.01271 4.20751
274.831 -6.00887 4.20471
274.738 -5.93524 4.20227
274.71 -5.98985 4.20259
274.867 -5.89283 4.21045
274.868 -5.88506 4.20105
274.873 -5.88509 4.20106
274.778 -5.96822 4.2069
274.805 -6.03243 4.20514
274.752 -5.89559 4.2046
274.675 -5.97906 4.20122
274.669 -5.97927 4.20118
274.71 -5.9004 4.20322
274.715 -5.89658 4.20351
274.8 -5.96783 4.20411
274.633 -5.96565 4.20018
274.723 -5.98556 4.20181
274.764 -5.97315 4.20084
274.83 -5.92592 4.20704
274.742 -5.92283 4.1989
274.748 -5.92555 4.19886
274.73 -5.92722 4.20149
274.724 -5.94438 4.20234
274.747 -5.9429 4.20295
274.769 -5.96911 4.20392
274.752 -5.92998 4.20264
274.751 -5.93106 4.20368
274.851 -5.87545 4.20338
274.719 -6.01663 4.20141
274.761 -5.93201 4.20607
274.803 -5.87644 4.20698
274.791 -5.9681 4.20522
274.788 -5.98816 4.207
274.693 -5.95407 4.20157
274.845 -5.93011 4.20959
274.744 -6.026 4.20316
274.749 -6.01404 4.20302
274.721 -5.93509 4.20151
274.755 -5.90881 4.20445
274.75 -5.90716 4.20464
274.756 -5.9203 4.20222
274.755 -5.9264 4.20233
274.874 -5.89804 4.20559
274.745 -5.98355 4.20472
274.822 -6.00679 4.20579
274.715 -6.01461 4.20037
274.71 -6.0185 4.2005
274.728 -5.99306 4.20055
274.707 -5.91245 4.20184
274.736 -6.02978 4.20262
274.713 -5.84704 4.20101
274.76 -5.95179 4.20512
274.773 -5.97706 4.20306
274.84 -6.03974 4.20249
274.655 -5.99148 4.20004
274.816 -5.86138 4.20634
274.797 -6.05286 4.20726
274.763 -6.01158 4.20798
274.758 -5.87723 4.20172
274.768 -5.96787 4.20129
274.75 -5.9516 4.20204
274.781 -5.98585 4.2046
274.721 -6.01067 4.2035
274.711 -5.94613 4.20416
274.754 -5.95696 4.204
274.789 -5.88257 4.2017
274.792 -5.88188 4.2019
274.786 -6.04733 4.20211
274.806 -5.91508 4.20608
274.727 -6.02047 4.20086
274.745 -5.91027 4.20239
274.813 -5.90353 4.20605
274.814 -5.89891 4.20449
274.778 -5.98914 4.20468
274.74 -5.95301 4.20621
274.809 -5.95384 4.20697
274.769 -6.01694 4.2046
274.736 -5.99155 4.20509
274.714 -6.01627 4.20147
274.804 -5.97822 4.20722
274.658 -5.9647 4.20215
274.769 -5.87744 4.20192
274.858 -5.80942 4.2109
274.822 -6.07331 4.20529
274.778 -5.90241 4.20332
274.845 -5.91975 4.20575
274.821 -6.02053 4.20643
274.849 -5.95278 4.20824
274.713 -5.98758 4.19882
274.758 -5.86358 4.20332
274.84 -6.03118 4.20832
274.786 -5.85118 4.2086
274.827 -5.89832 4.20752
274.657 -5.97921 4.20109
274.65 -5.97126 4.2012
274.645 -6.01251 4.20036
274.717 -5.93236 4.20233
274.736 -6.02211 4.20576
274.814 -5.99765 4.2064
274.653 -5.90522 4.20153
274.713 -5.89467 4.20227
274.742 -5.90255 4.20187
274.742 -5.89292 4.20162
274.789 -5.89202 4.20635
274.645 -5.97548 4.19993
274.717 -5.95784 4.20259
274.636 -5.94683 4.20317
274.704 -5.92084 4.20243
274.768 -5.91458 4.20314
274.825 -5.93548 4.2053
274.903 -6.01496 4.20851
274.748 -5.92959 4.2056
274.759 -5.96929 4.20235
274.823 -5.94562 4.20775
274.82 -5.9767 4.20568
274.769 -6.02864 4.20054
274.793 -5.96617 4.20617
274.719 -5.96934 4.20841
274.758 -5.96086 4.20322
274.732 -5.97773 4.20408
274.734 -5.89105 4.20217
274.748 -5.91593 4.20355
274.744 -5.99179 4.20269
274.796 -5.81953 4.20461
274.802 -5.89772 4.20521
274.83 -5.82106 4.2061
274.832 -5.82845 4.20615
274.737 -5.98811 4.19999
274.774 -5.91558 4.20561
274.759 -6.04057 4.20251
274.692 -5.9543 4.20319
274.691 -5.95635 4.20325
274.8 -6.03993 4.20865
274.801 -6.04118 4.20858
274.664 -6.02118 4.20124
274.879 -5.9459 4.20436
274.737 -6.00664 4.20334
274.831 -5.96039 4.20379
274.774 -5.99297 4.20385
274.779 -5.91349 4.20436
274.782 -5.91225 4.20441
274.789 -6.05031 4.20359
274.759 -5.89888 4.20322
274.688 -5.97493 4.20241
274.823 -5.94215 4.20665
274.76 -5.83476 4.2014
274.769 -5.89066 4.20615
274.751 -5.91431 4.2042
274.783 -5.97216 4.20583
274.776 -5.98302 4.20662
274.814 -5.95488 4.20768
274.721 -5.89822 4.20429
274.796 -5.90206 4.20691
274.779 -5.97632 4.20765
274.869 -5.96826 4.20423
274.76 -5.92394 4.20565
274.688 -5.99009 4.2015
274.769 -5.97246 4.20407
274.773 -5.9655 4.20384
274.719 -5.9591 4.20037
274.793 -6.00234 4.2094
274.863 -5.97163 4.20119
274.748 -5.96288 4.20364
274.835 -5.97334 4.20398
274.831 -5.9746 4.20391
274.912 -5.89493 4.2092
274.702 -5.99805 4.20054
274.834 -5.94023 4.20621
274.841 -6.00659 4.20011
274.699 -5.93813 4.20212
274.667 -5.9261 4.19927
274.672 -5.92948 4.19919
274.867 -5.92986 4.20778
274.699 -5.96574 4.2053
274.696 -5.97455 4.20322
274.779 -5.79467 4.20616
274.72 -5.96088 4.20476
274.724 -5.86405 4.20718
274.871 -5.89007 4.20099
274.669 -5.91099 4.20118
274.78 -5.96508 4.2067
274.834 -5.93592 4.20715
274.842 -5.93689 4.20726
274.759 -5.89613 4.20471
274.849 -5.90758 4.20596
274.848 -5.91617 4.20586
274.669 -5.97595 4.20118
274.837 -5.92976 4.20855
274.835 -5.92912 4.20854
274.716 -5.8995 4.20335
274.723 -5.997 4.20398
274.717 -5.97945 4.20188
274.714 -5.9795 4.20164
274.868 -5.81124 4.20823
274.867 -5.80999 4.2084
274.788 -5.92765 4.20752
274.837 -5.90476 4.20888
274.74 -6.02039 4.20376
274.732 -5.92872 4.20152
274.714 -5.94567 4.20212
274.641 -5.92783 4.20546
274.79 -5.91312 4.2022
274.751 -5.93539 4.20248
274.759 -5.92567 4.20337
274.759 -5.9272 4.2036
274.847 -5.87679 4.20322
274.855 -5.87946 4.20341
274.849 -5.87356 4.20322
274.854 -5.88194 4.20329
274.857 -5.87614 4.20536
274.858 -6.034 4.2043
274.774 -5.94582 4.20461
274.765 -5.96191 4.20462
274.832 -5.95814 4.20734
274.758 -5.94145 4.20045
274.695 -5.952 4.20169
274.796 -6.02619 4.20867
274.765 -6.01026 4.20232
274.743 -5.95049 4.20624
274.741 -5.95178 4.20607
274.755 -5.92258 4.20242
274.754 -5.91937 4.20231
274.702 -5.99266 4.20504
274.83 -6.00778 4.2059
274.708 -5.91015 4.20193
274.709 -5.84633 4.20094
274.711 -5.8379 4.20107
274.717 -6.01836 4.20863
274.844 -6.02781 4.2025
274.823 -5.85817 4.20648
274.816 -5.8628 4.20639
274.815 -6.00367 4.20577
274.751 -5.87852 4.20169
274.871 -5.96646 4.20735
274.764 -5.96892 4.20108
274.715 -5.90997 4.20281
274.839 -5.92577 4.20698
274.785 -5.98768 4.20463
274.766 -5.83937 4.2076
274.808 -5.99189 4.20325
274.789 -5.87987 4.20158
274.79 -5.88984 4.20179
274.771 -5.97195 4.20637
274.721 -5.9193 4.20568
274.745 -5.99428 4.20723
274.819 -5.9086 4.20599
274.814 -5.90283 4.20441
274.817 -5.90235 4.20432
273.995 -8.23933 4.19181
