260.553 28.6401 6.07069
260.562 28.638 6.07079
260.52 28.4512 6.06571
260.541 28.4567 6.06709
260.472 28.5252 6.0653
260.61 28.4668 6.06136
260.496 28.5181 6.06979
260.492 28.5175 6.06964
260.531 28.4957 6.0677
260.529 28.5185 6.06758
260.534 28.5216 6.06765
260.569 28.5855 6.06392
260.561 28.5783 6.06404
260.508 28.602 6.06493
260.563 28.4417 6.06723
260.565 28.448 6.06687
260.562 28.5695 6.06649
260.517 28.4789 6.06618
260.515 28.4832 6.06599
260.623 28.506 6.06491
260.615 28.5089 6.06518
260.607 28.4808 6.06476
260.603 28.4802 6.06479
260.604 28.483 6.06461
260.596 28.4904 6.06958
260.572 28.5363 6.06268
260.547 28.4997 6.06302
260.495 28.5914 6.06464
260.546 28.5566 6.06814
260.545 28.5686 6.06654
260.582 28.5748 6.06563
260.601 28.5664 6.0609
260.595 28.5168 6.06726
260.59 28.5214 6.06735
260.596 28.5087 6.06312
260.543 28.5098 6.06693
260.569 28.5099 6.0679
260.572 28.5238 6.0678
260.585 28.5316 6.06914
260.559 28.5209 6.06637
260.488 28.4315 6.06397
260.486 28.4363 6.06404
260.491 28.4461 6.06415
260.583 28.554 6.06354
260.64 28.5094 6.06325
260.579 28.5395 6.06827
260.522 28.4794 6.06555
260.518 28.5456 6.06456
260.578 28.4786 6.06729
260.556 28.5667 6.06637
260.542 28.6125 6.06518
260.545 28.3906 6.06239
260.475 28.4797 6.06631
260.598 28.4923 6.06558
260.58 28.5815 6.06662
260.482 28.5012 6.06762
260.545 28.6037 6.06834
260.587 28.5578 6.06347
260.592 28.5618 6.06342
260.541 28.4912 6.06784
260.542 28.4919 6.06802
260.673 28.5766 6.06664
260.556 28.4874 6.06323
260.572 28.489 6.06406
260.53 28.4107 6.07014
260.512 28.4668 6.06549
260.513 28.4671 6.06566
260.511 28.4661 6.06593
260.586 28.5653 6.06382
260.545 28.5056 6.06793
260.625 28.5476 6.0632
260.498 28.4768 6.06544
260.521 28.6132 6.06584
260.483 28.5168 6.06619
260.553 28.5724 6.06676
260.547 28.4993 6.06897
260.553 28.5013 6.06906
260.516 28.4296 6.0673
260.499 28.4629 6.06577
260.511 28.4863 6.06591
260.505 28.492 6.06579
260.613 28.5409 6.06583
260.464 28.4016 6.06363
260.49 28.5556 6.06786
260.517 28.4933 6.06552
260.567 28.4851 6.06511
260.575 28.4486 6.06713
260.574 28.4475 6.06717
260.499 28.4542 6.06563
260.521 28.4556 6.06688
260.58 28.4314 6.0638
260.506 28.4414 6.06671
260.514 28.4725 6.06692
260.522 28.4717 6.06692
260.491 28.5049 6.06889
260.552 28.5999 6.06678
260.456 28.4425 6.06876
260.495 28.4548 6.06493
260.491 28.4559 6.06506
260.491 28.4534 6.06503
260.502 28.5835 6.06391
260.578 28.4503 6.06929
260.585 28.5822 6.06441
260.554 28.4963 6.06568
260.684 28.4655 6.0654
260.539 28.5006 6.06964
260.63 28.5239 6.06839
260.659 28.5216 6.06591
260.481 28.4519 6.0627
260.52 28.4823 6.06777
260.616 28.5878 6.06657
260.491 28.537 6.06802
260.561 28.59 6.06633
260.499 28.5796 6.06812
260.536 28.4592 6.06435
260.492 28.5036 6.06961
260.471 28.5121 6.06565
260.633 28.52 6.0639
260.574 28.4891 6.0656
260.577 28.4939 6.06543
260.672 28.5632 6.06568
260.526 28.5556 6.06223
260.514 28.5098 6.06593
260.518 28.5096 6.06605
260.656 28.5608 6.06369
260.509 28.6044 6.06643
260.527 28.5963 6.06452
260.536 28.5992 6.06451
260.593 28.6263 6.06443
260.639 28.5282 6.0674
260.521 28.5127 6.0656
260.504 28.4525 6.06511
260.528 28.4776 6.06615
260.543 28.45 6.06673
260.557 28.4824 6.06576
260.589 28.445 6.06322
260.503 28.419 6.06947
260.59 28.4698 6.06643
260.533 28.4526 6.06552
260.473 28.4919 6.07049
260.461 28.4475 6.06838
260.528 28.4507 6.06984
260.54 28.6207 6.06629
260.518 28.525 6.06689
260.523 28.5276 6.06684
260.5 28.5455 6.06199
260.56 28.5291 6.06315
260.523 28.4078 6.06575
260.493 28.4674 6.06582
260.591 28.5854 6.06366
260.537 28.5109 6.06781
260.515 28.6204 6.06448
260.476 28.4801 6.06735
260.57 28.5808 6.06602
260.642 28.4967 6.06715
260.561 28.5047 6.06552
260.611 28.5542 6.06184
260.525 28.5349 6.06944
260.499 28.4702 6.06692
260.56 28.5017 6.06608
260.557 28.4913 6.06626
260.525 28.4978 6.06717
260.528 28.5163 6.06551
260.526 28.5175 6.06561
260.525 28.5841 6.06666
260.528 28.5875 6.06662
260.549 28.5401 6.06897
260.594 28.4855 6.06534
260.513 28.5071 6.06519
260.514 28.4436 6.0647
260.516 28.4432 6.06483
260.624 28.5154 6.06598
260.542 28.529 6.07196
260.527 28.5111 6.06726
260.465 28.4962 6.06551
260.475 28.4966 6.06562
260.591 28.5009 6.06465
260.512 28.4989 6.07026
260.544 28.5322 6.06551
260.542 28.5396 6.06551
260.47 28.4292 6.06463
260.558 28.5159 6.06433
260.502 28.5488 6.06543
260.587 28.5902 6.06915
260.521 28.4913 6.06515
260.535 28.5389 6.06667
260.547 28.4885 6.0678
260.538 28.496 6.06778
260.602 28.5005 6.06532
260.508 28.4701 6.06536
260.518 28.4063 6.06642
260.499 28.4473 6.06639
260.506 28.4446 6.06669
260.504 28.4501 6.06668
260.551 28.5528 6.07018
260.5 28.4533 6.06931
260.558 28.5433 6.06493
260.487 28.5129 6.06874
260.493 28.485 6.06527
260.484 28.5283 6.06602
260.516 28.6047 6.06935
260.541 28.4542 6.06551
260.602 28.498 6.06471
260.522 28.5145 6.06524
260.542 28.5029 6.06342
260.549 28.5111 6.06336
260.623 28.5403 6.06713
260.511 28.4756 6.06614
260.509 28.4717 6.06606
260.522 28.559 6.06828
260.541 28.5623 6.06661
260.541 28.5606 6.06657
260.595 28.5453 6.06486
260.564 28.5075 6.06642
260.558 28.5094 6.06652
260.528 28.5972 6.06407
260.526 28.5968 6.06434
260.502 28.5209 6.06683
260.507 28.6098 6.06722
260.611 28.4476 6.06623
260.608 28.442 6.06639
260.503 28.5103 6.06481
260.51 28.4976 6.0653
260.559 28.4606 6.06908
260.522 28.6026 6.06698
260.544 28.527 6.06808
260.542 28.52 6.068
260.544 28.5265 6.068
260.507 28.5583 6.06933
260.553 28.5973 6.06472
260.475 28.4394 6.06979
260.475 28.4424 6.06978
260.551 28.5986 6.06835
260.494 28.5379 6.06428
260.493 28.5374 6.0643
260.538 28.4499 6.06713
260.57 28.5873 6.06468
260.54 28.4564 6.06906
260.612 28.4674 6.06121
260.494 28.5741 6.06868
260.533 28.4275 6.0711
260.504 28.526 6.06957
260.534 28.5221 6.06768
260.57 28.5832 6.06403
260.597 28.5559 6.0667
260.59 28.554 6.06884
260.524 28.4548 6.06564
260.558 28.5701 6.06662
260.516 28.4789 6.06636
260.605 28.4827 6.06461
260.598 28.4862 6.06955
260.598 28.4931 6.06956
260.592 28.4839 6.06949
260.575 28.5301 6.06255
260.577 28.5287 6.0627
260.55 28.5038 6.06302
260.545 28.5358 6.06662
260.507 28.5625 6.06428
260.544 28.5619 6.06666
260.607 28.5701 6.06106
260.592 28.5239 6.06727
260.595 28.5044 6.06323
260.597 28.5118 6.06301
260.517 28.5887 6.06746
260.575 28.525 6.06793
260.58 28.5228 6.06773
260.577 28.5248 6.06766
260.556 28.5253 6.06644
260.493 28.4365 6.06388
260.641 28.5087 6.06346
260.577 28.5322 6.0685
260.517 28.5453 6.06452
260.559 28.5625 6.06627
260.608 28.5697 6.06909
260.57 28.4719 6.06687
260.484 28.4998 6.06795
260.488 28.5057 6.06785
260.474 28.4788 6.06664
260.594 28.4842 6.06567
260.599 28.4869 6.06567
260.583 28.5814 6.06667
260.488 28.5054 6.06751
260.629 28.5531 6.06482
260.545 28.4913 6.06779
260.536 28.5676 6.06409
260.554 28.4908 6.06347
260.578 28.4968 6.06391
260.528 28.407 6.06985
260.525 28.4139 6.06993
260.572 28.5656 6.06566
260.545 28.4993 6.06792
260.534 28.6124 6.06254
260.626 28.5498 6.06306
260.492 28.4824 6.06549
260.522 28.4577 6.06499
260.518 28.616 6.06597
260.493 28.4805 6.06833
260.568 28.5778 6.06594
260.555 28.5014 6.06887
260.556 28.5036 6.06903
260.475 28.5194 6.068
260.613 28.4925 6.06502
260.512 28.4901 6.06591
260.513 28.486 6.0659
260.514 28.5599 6.06595
260.581 28.5036 6.06617
260.522 28.4661 6.0706
260.499 28.5267 6.0685
260.533 28.5355 6.07079
260.528 28.5065 6.06459
260.526 28.5091 6.06443
260.514 28.4879 6.0654
260.512 28.4916 6.06543
260.571 28.4891 6.06514
260.561 28.4858 6.06505
260.57 28.4441 6.06719
260.496 28.4472 6.06551
260.5 28.4489 6.06569
260.498 28.4551 6.06564
260.524 28.4574 6.06679
260.513 28.4502 6.06705
260.505 28.4485 6.06712
260.514 28.4544 6.06699
260.58 28.4308 6.06369
260.511 28.4469 6.06669
260.475 28.4636 6.06931
260.521 28.4697 6.06697
260.551 28.5984 6.0667
260.459 28.4444 6.0689
260.457 28.4449 6.06879
260.454 28.4392 6.06887
260.471 28.3953 6.06862
260.505 28.4727 6.06647
260.59 28.5644 6.06548
260.587 28.5632 6.06561
260.584 28.5843 6.06437
260.588 28.5879 6.06449
260.562 28.4825 6.06712
260.539 28.496 6.06978
260.5 28.4778 6.06826
260.505 28.5492 6.06477
260.535 28.6284 6.06344
260.593 28.5965 6.06733
260.52 28.4753 6.06765
260.621 28.5921 6.06671
260.493 28.5318 6.06807
260.492 28.5315 6.06798
260.498 28.5327 6.068
260.516 28.4653 6.06708
260.503 28.5489 6.06411
260.485 28.5534 6.06771
260.493 28.5848 6.06802
260.54 28.4609 6.06396
260.543 28.4583 6.06424
260.491 28.5078 6.06949
260.485 28.534 6.06638
260.636 28.5162 6.06385
260.578 28.4917 6.06553
260.543 28.522 6.0653
260.67 28.5628 6.06588
260.528 28.5563 6.06237
260.496 28.4523 6.06879
260.488 28.4546 6.06882
260.512 28.602 6.0668
260.531 28.6003 6.06447
260.638 28.5183 6.06771
260.521 28.5075 6.06544
260.504 28.4545 6.065
260.501 28.4494 6.06524
260.521 28.4854 6.06612
260.555 28.4886 6.0657
260.622 28.5536 6.06656
260.514 28.4329 6.06695
260.513 28.4347 6.06709
260.513 28.4358 6.06689
260.513 28.4306 6.06709
260.51 28.4151 6.06961
260.583 28.4701 6.06657
260.528 28.4494 6.06547
260.461 28.4398 6.06816
260.488 28.5207 6.06488
260.52 28.5223 6.06694
260.504 28.5439 6.06205
260.529 28.4034 6.0659
260.615 28.4978 6.06599
260.537 28.3863 6.06896
260.532 28.5134 6.06759
260.537 28.5083 6.06766
260.567 28.5403 6.06801
260.617 28.5514 6.0669
260.577 28.575 6.06592
260.639 28.4943 6.06713
260.562 28.5102 6.06521
260.524 28.3952 6.06443
260.519 28.5322 6.06934
260.632 28.59 6.06526
260.491 28.4797 6.06676
260.566 28.493 6.06616
260.527 28.5002 6.06697
260.588 28.5888 6.06606
260.519 28.5221 6.06569
260.528 28.5818 6.0667
260.552 28.5385 6.06862
260.59 28.4877 6.0652
260.517 28.5539 6.06611
260.507 28.5574 6.06605
260.515 28.4394 6.06486
260.576 28.6047 6.06724
260.622 28.5179 6.06625
260.521 28.51 6.06722
260.47 28.488 6.06794
260.59 28.5021 6.06457
260.512 28.4958 6.07015
260.508 28.4998 6.07028
260.544 28.538 6.06563
260.558 28.5107 6.06422
260.56 28.52 6.06439
260.548 28.5045 6.0637
260.551 28.5068 6.06403
260.561 28.4421 6.06726
260.589 28.5892 6.06917
260.519 28.4884 6.06492
260.542 28.497 6.06778
260.599 28.5 6.06527
260.601 28.4955 6.06527
260.504 28.4749 6.0653
260.51 28.4025 6.06661
260.578 28.4269 6.06565
260.5 28.4497 6.06686
260.566 28.4949 6.06957
260.619 28.6061 6.06843
260.505 28.4605 6.06915
260.496 28.5121 6.0689
260.501 28.4851 6.06525
260.492 28.4709 6.06844
260.48 28.5264 6.06609
260.517 28.5767 6.06747
260.574 28.5658 6.06507
260.609 28.4967 6.0648
260.521 28.5117 6.065
260.542 28.5084 6.06346
260.541 28.5938 6.06409
260.618 28.5396 6.06707
260.529 28.5592 6.06835
260.522 28.4128 6.06791
260.539 28.5649 6.06638
260.589 28.5436 6.0649
260.562 28.5033 6.06651
260.527 28.5629 6.06527
260.565 28.5809 6.06326
260.591 28.5617 6.06581
260.5 28.5233 6.06681
260.504 28.5187 6.06693
260.498 28.5399 6.06545
260.606 28.5895 6.06904
260.61 28.443 6.06625
260.497 28.5068 6.06481
260.514 28.5065 6.0653
260.56 28.4623 6.06907
260.604 28.4511 6.06525
260.542 28.5231 6.06795
260.558 28.6022 6.06462
260.475 28.4357 6.06971
260.473 28.4811 6.06925
260.525 28.4461 6.06578
260.537 28.4462 6.06705
260.482 28.5217 6.06516
260.613 28.4669 6.06123
260.616 28.4723 6.06133
260.497 28.5229 6.0696
260.492 28.5231 6.06955
260.504 28.5302 6.06967
260.533 28.4909 6.06747
260.531 28.5202 6.06761
260.567 28.5799 6.06395
260.522 28.4476 6.06555
260.561 28.5676 6.06658
260.559 28.567 6.06674
260.512 28.4833 6.06621
260.586 28.5784 6.06288
260.617 28.5056 6.06525
260.594 28.4849 6.06959
260.577 28.5335 6.06269
260.552 28.5007 6.06291
260.503 28.5932 6.06474
260.547 28.5587 6.06846
260.544 28.5559 6.06824
260.645 28.6189 6.06541
260.484 28.5227 6.06901
260.585 28.5726 6.06575
260.526 28.4674 6.06646
260.53 28.4651 6.0662
260.533 28.4731 6.06637
260.59 28.5168 6.06732
260.602 28.5049 6.0632
260.595 28.5076 6.06316
260.513 28.5849 6.06728
260.518 28.5889 6.06737
260.516 28.5868 6.06732
259.076 25.8261 6.05316
