55.5838 -54.8234 3.9039
55.5779 -54.8975 3.90315
55.6418 -54.8664 3.90426
55.6318 -54.8612 3.90403
55.5659 -54.8346 3.90359
55.6705 -54.8778 3.90407
55.5897 -54.7898 3.90315
55.5906 -54.8921 3.90316
55.6407 -54.8831 3.90627
55.6143 -54.8317 3.90601
55.6022 -54.8873 3.90457
55.6331 -54.7979 3.90459
55.6325 -54.7978 3.90445
55.6353 -54.9159 3.90565
55.5819 -54.9469 3.90613
55.5785 -54.951 3.90603
55.5812 -54.821 3.90548
55.5598 -54.7831 3.90081
55.6069 -54.7987 3.90111
55.5748 -54.8909 3.90441
55.5707 -54.8405 3.90492
55.5752 -54.8349 3.90489
55.6606 -54.9129 3.90471
55.6125 -54.912 3.90325
55.5749 -54.8903 3.90296
55.629 -54.8907 3.90353
55.6668 -54.8265 3.90497
55.6625 -54.8212 3.90482
55.5872 -54.8563 3.90346
55.6256 -54.9507 3.90608
55.6213 -54.9048 3.90387
55.6379 -54.9333 3.90176
55.5979 -54.8743 3.90447
55.6417 -54.9434 3.90178
55.5358 -54.9135 3.90514
55.5599 -54.8433 3.90491
55.5825 -54.8013 3.90271
55.6752 -54.8932 3.90421
55.6194 -54.814 3.90312
55.6557 -54.8611 3.90591
55.6108 -54.8526 3.90401
55.6065 -54.8487 3.9039
55.5827 -54.8738 3.90353
55.5909 -54.9426 3.90343
55.6867 -54.9139 3.90293
55.5875 -54.8415 3.90017
55.6499 -54.8739 3.90347
55.662 -54.881 3.90341
55.58 -54.8521 3.906
55.567 -54.8569 3.90398
55.5675 -54.8549 3.90382
55.5425 -54.8861 3.90313
55.5409 -54.8379 3.9054
55.5879 -54.8958 3.90374
55.5866 -54.9782 3.90494
55.5952 -54.969 3.90443
55.6167 -54.8008 3.90491
55.5672 -54.83 3.90426
55.5946 -54.7779 3.90227
55.5334 -54.8688 3.90038
55.7079 -54.8266 3.90523
55.5926 -54.8568 3.90512
55.6483 -54.8055 3.90577
55.6532 -54.802 3.90586
55.5635 -54.9231 3.90424
55.5625 -54.9269 3.9041
55.5626 -54.8317 3.90331
55.7185 -54.9537 3.90758
55.5539 -54.9164 3.906
55.5684 -54.9001 3.90503
55.6327 -54.8635 3.90468
55.6354 -54.8694 3.90474
55.6202 -54.7994 3.90474
55.5914 -54.7938 3.90371
55.586 -54.7956 3.9038
55.5494 -54.8317 3.90531
55.6173 -54.8677 3.90534
55.5965 -54.9644 3.90559
55.5663 -54.8682 3.90406
55.5627 -54.8702 3.90427
55.6377 -54.8938 3.90012
55.6392 -54.895 3.90017
55.6184 -54.8949 3.90462
55.6213 -54.9269 3.90368
55.5943 -54.8662 3.90172
55.5481 -54.9529 3.90144
55.6145 -54.8628 3.90491
55.6409 -54.8778 3.90442
55.6378 -54.8752 3.90475
55.571 -54.9052 3.90157
55.575 -54.912 3.90168
55.6191 -54.8379 3.90075
55.5885 -54.9434 3.90393
55.5783 -54.945 3.90348
55.5259 -54.8378 3.9025
55.6131 -54.9074 3.90409
55.6811 -54.8131 3.90477
55.6826 -54.8111 3.90484
55.5976 -54.8798 3.90377
55.5709 -54.8856 3.9041
55.5702 -54.8893 3.90456
55.5675 -54.8874 3.90441
55.6037 -54.8217 3.90469
55.687 -54.853 3.90121
55.6679 -54.9448 3.90511
55.6028 -54.8717 3.90324
55.6309 -54.8249 3.90483
55.533 -54.8702 3.90113
55.6181 -54.9377 3.90074
55.6064 -54.7621 3.90502
55.6151 -54.7586 3.90499
55.6298 -54.8838 3.90534
55.6155 -54.8934 3.90789
55.572 -54.8952 3.90415
55.567 -54.8444 3.90287
55.562 -54.7859 3.90348
55.6672 -54.8367 3.90377
55.6301 -54.8779 3.9057
55.5347 -54.8923 3.90033
55.5392 -54.8974 3.90047
55.5991 -54.8517 3.90361
55.5789 -54.8345 3.90287
55.7085 -54.8741 3.90522
55.6535 -54.8764 3.90229
55.6493 -54.8832 3.90226
55.6472 -54.8793 3.90223
55.5457 -54.8064 3.90528
55.6638 -54.8284 3.9034
55.7067 -54.8456 3.90251
55.6542 -54.8428 3.90529
55.6522 -54.8348 3.90792
55.6209 -54.8666 3.90366
55.6771 -54.8669 3.90343
55.5749 -54.831 3.90548
55.5769 -54.8321 3.90552
55.5749 -54.829 3.90535
55.5528 -54.8698 3.90313
55.5777 -54.8692 3.90301
55.6515 -54.8394 3.90529
55.6352 -54.8985 3.904
55.546 -54.8222 3.90275
55.5858 -54.8148 3.90358
55.5913 -54.8135 3.90358
55.6586 -54.8161 3.90446
55.5906 -54.8417 3.90499
55.5894 -54.822 3.90184
55.5847 -54.8131 3.90169
55.6334 -54.8293 3.90394
55.6334 -54.8333 3.90367
55.5614 -54.9402 3.90397
55.6806 -54.902 3.90481
55.6804 -54.914 3.90484
55.6404 -54.9032 3.90602
55.5292 -54.8203 3.90298
55.6167 -54.8597 3.90587
55.5135 -54.8784 3.90337
55.5136 -54.8788 3.90329
55.4994 -54.9828 3.90383
55.5719 -54.8541 3.9029
55.5457 -54.8342 3.90004
55.5962 -54.8314 3.9008
55.589 -54.9109 3.90396
55.5383 -54.93 3.90144
55.6631 -54.8554 3.89998
55.5878 -54.7259 3.90406
55.5925 -54.7862 3.90409
55.6915 -54.8168 3.90277
55.5877 -54.9074 3.9042
55.5189 -54.7736 3.90158
55.5197 -54.7704 3.90185
55.5884 -54.7741 3.90416
55.6268 -54.8828 3.90343
55.5992 -54.9316 3.90161
55.6629 -54.8412 3.90711
55.595 -54.9142 3.9007
55.5888 -54.832 3.90446
55.5301 -54.9474 3.90179
55.6004 -54.8187 3.90475
55.6153 -54.8666 3.90414
55.6129 -54.8716 3.9042
55.5836 -54.9238 3.90302
55.5839 -54.9288 3.90321
55.5226 -54.8781 3.90357
55.5837 -54.9032 3.90238
55.5877 -54.9192 3.9039
55.5437 -54.8912 3.90586
55.6013 -54.8566 3.9051
55.6274 -54.9027 3.90204
55.6552 -54.8418 3.90451
55.5956 -54.7747 3.90453
55.5605 -54.8208 3.90427
55.5086 -54.9337 3.90492
55.5683 -54.867 3.90492
55.566 -54.8651 3.90485
55.6104 -54.8662 3.90461
55.6529 -54.8533 3.90862
55.5404 -54.9005 3.90353
55.5599 -54.9087 3.90742
55.6193 -54.9479 3.90223
55.6091 -54.8716 3.90314
55.6084 -54.9083 3.90362
55.6105 -54.9108 3.90342
55.5091 -54.8731 3.90562
55.6083 -54.8547 3.90378
55.5964 -54.8632 3.90387
55.5306 -54.819 3.90442
55.6008 -54.8901 3.90259
55.609 -54.8875 3.90668
55.7183 -54.9131 3.90159
55.6201 -54.8675 3.90174
55.6238 -54.8656 3.90155
55.6721 -54.9287 3.90577
55.6169 -54.9328 3.9029
55.6207 -54.858 3.90477
55.635 -54.8428 3.90274
55.5238 -54.8703 3.90689
55.6209 -54.8426 3.90459
55.6313 -54.8217 3.905
55.6267 -54.8258 3.90503
55.6402 -54.9696 3.90316
55.5593 -54.8683 3.90559
55.4627 -54.802 3.9041
55.5477 -54.7446 3.90234
55.5453 -54.9338 3.9007
55.5444 -54.9373 3.90069
55.5708 -54.8774 3.90145
55.654 -54.9901 3.90395
55.58 -54.9686 3.90436
55.5389 -54.8903 3.90324
55.638 -54.8759 3.90178
55.5837 -54.9034 3.90308
55.6139 -54.8764 3.90485
55.5484 -54.9331 3.90637
55.6131 -54.7783 3.9045
55.5487 -54.8522 3.90288
55.6336 -54.7955 3.90226
55.6398 -54.7935 3.90227
55.5663 -54.848 3.90242
55.6312 -54.9401 3.9027
55.6318 -54.9393 3.90281
55.5378 -54.8294 3.90452
55.5306 -54.8349 3.90455
55.5743 -54.9154 3.90325
55.6164 -55.0186 3.90276
55.5549 -54.8937 3.90504
55.6989 -54.8815 3.90368
55.5115 -54.8831 3.90196
55.5492 -54.8623 3.90588
55.5849 -54.8196 3.90378
55.6058 -54.8189 3.90549
55.6037 -54.8172 3.90555
55.5691 -54.8356 3.90336
55.5699 -54.9194 3.90318
55.5745 -54.8875 3.9004
55.565 -54.9732 3.90547
55.6172 -54.82 3.90458
55.5158 -54.81 3.90635
55.5761 -54.8826 3.90545
55.6011 -54.8797 3.90452
55.6013 -54.8906 3.90392
55.635 -54.7971 3.90439
55.522 -54.9268 3.90148
55.5803 -54.816 3.90557
55.5591 -54.8437 3.90523
55.6072 -54.7973 3.90126
55.5739 -54.8868 3.90442
55.6395 -54.872 3.89915
55.657 -54.9261 3.90469
55.575 -54.8842 3.90304
55.5368 -54.9569 3.90348
55.6319 -54.8936 3.9033
55.5894 -54.8532 3.90336
55.6174 -54.959 3.90373
55.5605 -54.875 3.90419
55.5299 -54.88 3.90181
55.6474 -54.9448 3.90146
55.5585 -54.8151 3.90543
55.5635 -54.8449 3.90486
55.5847 -54.8039 3.90303
55.6471 -54.9349 3.90399
55.6748 -54.8989 3.90421
55.616 -54.8162 3.90322
55.6544 -54.8584 3.90593
55.6046 -54.8445 3.90394
55.5819 -54.8736 3.90372
55.583 -54.8764 3.90357
55.7835 -54.912 3.90991
55.6875 -54.9257 3.90296
55.5884 -54.8341 3.90031
55.5249 -54.9609 3.90373
55.5951 -54.9241 3.90136
55.521 -54.9445 3.90311
55.5684 -54.8557 3.90399
55.539 -54.8462 3.90558
55.5879 -54.8936 3.90376
55.5845 -54.8913 3.90399
55.635 -54.8915 3.90581
55.5787 -54.855 3.90141
55.6135 -54.7986 3.9048
55.5699 -54.8614 3.90339
55.63 -54.8924 3.90391
55.5347 -54.8706 3.90066
55.5932 -54.8595 3.9052
55.653 -54.8018 3.90594
55.516 -54.8541 3.90711
55.6274 -54.9586 3.90357
55.5628 -54.8296 3.90341
55.7198 -54.9588 3.90763
55.5577 -54.799 3.90353
55.5641 -54.7999 3.90332
55.5499 -54.9204 3.90615
55.6534 -54.885 3.90629
55.6592 -54.8837 3.90645
55.6182 -54.9813 3.90474
55.6324 -54.8656 3.90472
55.6137 -54.7996 3.90507
55.617 -54.7975 3.90504
55.589 -54.7996 3.90377
55.5462 -54.8249 3.90531
55.6136 -54.9157 3.90457
55.6121 -54.8909 3.90267
55.6099 -54.8765 3.90274
55.6103 -54.8854 3.90285
55.6119 -54.9016 3.90464
55.5975 -54.8649 3.90164
55.5917 -54.8642 3.90177
55.5507 -54.951 3.90133
55.6419 -54.8785 3.90484
55.6364 -54.8721 3.90479
55.5755 -54.908 3.90186
55.6185 -54.8381 3.90065
55.5878 -54.9294 3.90403
55.5448 -54.9279 3.90476
55.5764 -54.9468 3.90334
55.5293 -54.8405 3.90238
55.6723 -54.9614 3.90344
55.5165 -54.8424 3.90526
55.6847 -54.8143 3.9046
55.5693 -54.8834 3.90425
55.5673 -54.892 3.90433
55.6017 -54.833 3.90476
55.6021 -54.8312 3.90484
55.6162 -55.0082 3.90288
55.6669 -54.9486 3.90523
55.6703 -54.943 3.90521
55.6039 -54.8763 3.90312
55.6066 -54.7719 3.90582
55.5607 -54.8643 3.90513
55.6138 -54.7624 3.90504
55.6232 -54.8868 3.90521
55.541 -54.8976 3.9027
55.6762 -54.9277 3.9034
55.5664 -54.7825 3.90348
55.6266 -54.8797 3.90565
55.5946 -54.8528 3.90379
55.5985 -54.8417 3.9037
55.5877 -54.945 3.90449
55.5829 -54.8368 3.90302
55.7126 -54.8689 3.9051
55.6516 -54.875 3.90248
55.5444 -54.806 3.90517
55.6601 -54.825 3.90345
55.7085 -54.8523 3.90241
55.7066 -54.8463 3.90262
55.6 -54.9426 3.90489
55.6025 -54.9449 3.90456
55.5339 -54.9434 3.90322
55.6416 -54.8545 3.90613
55.5664 -54.8919 3.9047
55.5807 -54.8378 3.90541
55.5425 -54.9856 3.90407
55.5834 -54.8606 3.90287
55.5796 -54.8646 3.90295
55.617 -54.9145 3.90486
55.549 -54.8124 3.90266
55.59 -54.8154 3.9036
55.5919 -54.8122 3.90353
55.6659 -54.8089 3.90471
55.5952 -54.8399 3.90484
55.5787 -54.8128 3.90144
55.5852 -54.816 3.90139
55.5801 -54.8169 3.90137
55.6104 -54.8981 3.90248
55.6777 -54.9059 3.90473
55.6817 -54.9066 3.90481
55.6 -54.9402 3.90394
55.5988 -54.9428 3.90396
55.5846 -54.9294 3.90472
55.5859 -54.9194 3.90472
55.5272 -54.8181 3.90333
55.6219 -54.8684 3.90627
55.6294 -54.8695 3.90683
55.5825 -54.8535 3.90308
55.4934 -54.8361 3.90191
55.5442 -54.8373 3.89995
55.6002 -54.8365 3.90095
55.526 -54.9065 3.90221
55.5389 -54.9378 3.90145
55.5791 -54.8434 3.90635
55.6566 -54.859 3.9
55.6335 -54.8434 3.90779
55.5612 -54.8887 3.90211
55.5613 -54.8672 3.89992
55.585 -54.9054 3.90395
55.5477 -54.7972 3.90598
55.6134 -54.9379 3.90634
55.6847 -54.9091 3.90659
55.5567 -54.8974 3.90468
55.5616 -54.8915 3.90461
55.3514 -54.7915 3.90238
55.6605 -54.8322 3.90273
55.5617 -54.8977 3.90452
55.5315 -54.9409 3.90183
55.6026 -54.8192 3.90485
55.5806 -54.9314 3.90285
55.5824 -54.9339 3.90303
55.5886 -54.9017 3.90243
55.5414 -54.8846 3.90594
55.5949 -54.8599 3.90511
55.572 -54.7971 3.90526
55.6227 -54.8508 3.90075
55.6599 -54.8457 3.90472
55.5595 -54.8235 3.90421
55.5609 -54.8214 3.90414
55.5135 -54.9404 3.9048
55.5791 -54.8493 3.90049
55.5769 -54.8504 3.90013
55.611 -54.8674 3.90476
55.5904 -54.8848 3.90442
55.5849 -54.8878 3.9043
55.6159 -54.8732 3.90223
55.6279 -54.8751 3.90225
55.6171 -54.8799 3.9023
55.6091 -54.8718 3.90292
55.6133 -54.8726 3.90297
55.6107 -54.9033 3.90347
55.6112 -54.9091 3.90357
55.5276 -54.8861 3.90362
55.531 -54.9042 3.90386
55.6 -54.8819 3.90239
55.7192 -54.908 3.90168
55.6109 -54.9146 3.90156
55.6171 -54.8635 3.90183
55.6136 -54.9293 3.90292
55.6253 -54.8607 3.90498
55.5527 -54.8735 3.90493
55.6456 -54.849 3.90277
55.6237 -54.8435 3.90473
55.6209 -54.843 3.90463
55.5904 -54.8635 3.90491
55.7175 -54.8209 3.90397
55.5564 -54.8022 3.90067
55.6486 -54.9443 3.90543
55.6468 -54.9397 3.90538
55.626 -54.8382 3.90639
55.5668 -54.8777 3.9013
55.7372 -54.8525 3.90594
55.5157 -54.9191 3.9054
55.5928 -54.9399 3.90507
55.6678 -54.8747 3.90493
55.6733 -54.8704 3.90485
55.6357 -54.8763 3.90194
55.561 -54.9419 3.90542
55.6137 -54.8768 3.90475
55.6165 -54.8779 3.90505
55.6704 -54.8109 3.90552
55.6169 -54.7802 3.90446
55.5327 -54.8458 3.90261
55.6443 -54.879 3.90323
55.5687 -54.8443 3.90262
55.5711 -54.8485 3.90251
55.6277 -54.942 3.90265
55.5347 -54.8322 3.90435
55.5265 -54.8217 3.90479
55.5736 -54.9205 3.9034
55.5542 -54.8967 3.90503
55.6541 -54.8352 3.90554
55.6108 -54.8889 3.90618
55.5168 -54.8867 3.90214
55.5166 -54.7757 3.90293
55.6744 -54.7986 3.9053
55.6782 -54.8072 3.90514
55.6813 -54.8104 3.90516
55.6818 -54.8085 3.90529
55.5904 -54.8192 3.90406
55.5767 -54.8981 3.90317
55.5637 -54.8326 3.90349
55.5729 -54.9245 3.90344
55.6708 -54.8829 3.90386
55.5597 -54.9251 3.90331
55.6176 -54.8138 3.9046
55.5888 -54.8965 3.90316
55.6427 -54.8809 3.90632
55.6052 -54.8862 3.90425
55.5972 -54.8899 3.9041
55.6277 -54.9117 3.90569
55.5833 -54.9484 3.90605
55.5798 -54.824 3.90538
55.5649 -54.8533 3.90538
56.2144 -57.8318 3.90022
