-7.93399 -94.8814 2.98717
-7.93493 -94.8871 2.98688
-8.04956 -94.988 2.98347
-8.03441 -94.9173 2.98161
-8.03229 -94.918 2.98199
-8.08692 -94.9268 2.98217
-8.0055 -94.9565 2.98259
-8.01206 -95.0428 2.97852
-7.98587 -94.9646 2.98112
-8.02376 -94.9288 2.98167
-8.03925 -94.9208 2.98072
-8.02091 -94.9873 2.98114
-8.04084 -94.9797 2.98155
-8.08539 -94.8914 2.98239
-8.04483 -94.8633 2.98118
-8.06565 -94.9136 2.97977
-8.09893 -94.8896 2.98202
-8.05026 -94.9008 2.97873
-8.04832 -94.9689 2.98174
-8.07739 -94.8943 2.98016
-8.03104 -94.9744 2.98269
-8.03233 -94.8977 2.98037
-8.06292 -94.9378 2.98287
-8.14351 -94.9648 2.983
-8.04642 -94.9704 2.97981
-7.9765 -94.9553 2.98284
-8.01533 -94.8903 2.9808
-8.09703 -94.9686 2.97931
-8.04315 -94.9723 2.98276
-8.08288 -94.913 2.9812
-8.06419 -94.9589 2.97913
-8.00632 -94.9894 2.98267
-8.15347 -95.0629 2.98001
-7.87539 -95.0332 2.98411
-8.14169 -94.9987 2.98146
-8.10717 -94.9757 2.98207
-8.07851 -94.9799 2.9823
-8.00989 -94.8904 2.98124
-8.0194 -94.9441 2.98391
-8.06674 -94.9506 2.98289
-8.069 -94.9946 2.98065
-8.06544 -94.9269 2.98032
-8.08344 -94.9308 2.97939
-7.96736 -94.9339 2.98248
-8.0721 -94.8738 2.98206
-8.01524 -94.8968 2.98321
-8.01248 -94.8948 2.98336
-8.00084 -94.9206 2.98441
-8.06568 -94.9649 2.97736
-8.02494 -94.9589 2.98207
-8.05258 -95.0048 2.98303
-8.07331 -94.9006 2.98084
-8.08047 -94.9258 2.97881
-8.1471 -95.0465 2.98192
-8.08441 -94.9418 2.98124
-8.05263 -94.9346 2.98308
-8.05807 -94.9436 2.98321
-8.02059 -94.9033 2.98086
-7.99993 -94.8936 2.98149
-8.06752 -94.8947 2.98095
-7.97046 -94.9636 2.98575
-8.04622 -94.8527 2.98091
-8.07863 -94.9451 2.98467
-7.97276 -94.9707 2.9816
-8.00692 -94.9328 2.98489
-8.01027 -94.8957 2.98133
-8.02798 -94.9062 2.98062
-8.02949 -94.8995 2.98055
-8.02841 -94.9149 2.98126
-8.05294 -94.9534 2.98159
-8.06994 -94.9101 2.97995
-8.00801 -94.9469 2.98481
-8.01406 -94.9372 2.98472
-8.04204 -94.8836 2.98177
-8.04548 -94.8871 2.98184
-8.0953 -95.0769 2.98075
-8.0139 -94.864 2.98302
-8.14596 -94.9531 2.98029
-8.11072 -95.0076 2.9843
-8.01261 -94.904 2.98149
-8.00872 -94.9062 2.98153
-8.03257 -94.8753 2.9836
-8.15549 -94.9207 2.98084
-8.07154 -94.9079 2.9813
-8.04604 -94.9808 2.98337
-8.05003 -94.9846 2.98338
-8.12339 -94.9157 2.97966
-8.08717 -94.9056 2.98116
-7.95579 -95.0045 2.98308
-8.03641 -94.8421 2.98185
-8.05832 -94.8997 2.98223
-8.16158 -94.9439 2.97986
-8.15104 -95.0332 2.97996
-8.06873 -94.971 2.98121
-8.07084 -94.9693 2.98132
-7.9834 -94.9947 2.98123
-8.04183 -94.8834 2.97905
-8.08541 -94.931 2.98022
-8.01783 -94.8859 2.98165
-8.00569 -94.9708 2.98052
-8.07667 -94.8955 2.98208
-8.07711 -94.8984 2.98208
-8.04208 -94.9073 2.9818
-8.05743 -94.9257 2.98192
-8.09755 -94.9219 2.98051
-8.04019 -95.0342 2.98051
-8.09144 -94.9582 2.98136
-8.0586 -94.8666 2.98119
-8.03567 -94.9415 2.98128
-8.03708 -94.9411 2.9813
-8.0286 -94.9437 2.98053
-8.03045 -94.9304 2.98121
-8.02818 -94.9277 2.98144
-8.07386 -94.9007 2.97822
-8.03308 -94.9705 2.98265
-8.10507 -94.9363 2.98033
-8.23783 -94.9601 2.98114
-8.06948 -94.9511 2.97989
-8.01526 -95.0538 2.9789
-8.09848 -94.9492 2.98424
-8.09605 -94.9544 2.97969
-8.04968 -94.9199 2.98122
-8.07264 -95.0539 2.98418
-8.06245 -94.9094 2.98276
-7.93603 -94.8775 2.98683
-8.03436 -94.9134 2.98172
-8.03093 -94.91 2.98192
-8.05218 -94.9291 2.98075
-8.08882 -94.9252 2.98232
-8.10931 -94.884 2.9786
-8.10819 -94.8817 2.97858
-8.04574 -94.8471 2.98116
-8.05642 -94.9391 2.98282
-8.04408 -94.9225 2.98065
-8.1741 -94.8808 2.98049
-8.01199 -94.9161 2.98492
-8.0121 -94.9128 2.9851
-8.02396 -94.9671 2.98233
-8.14634 -94.9348 2.98131
-8.04252 -94.8635 2.98115
-8.03931 -94.865 2.98116
-8.10499 -94.8915 2.982
-8.02673 -94.9345 2.98307
-8.07352 -94.9736 2.98589
-8.07561 -94.8935 2.97997
-8.04058 -94.9364 2.98176
-8.03019 -94.8961 2.98037
-8.04242 -95.0168 2.98126
-8.02671 -95.0923 2.98541
-8.14962 -95.0227 2.98295
-8.13831 -94.9 2.9788
-7.9786 -94.9522 2.98268
-8.01032 -94.8915 2.9809
-7.9857 -95.0486 2.98009
-8.0244 -94.9163 2.98112
-8.06489 -94.9567 2.97932
-8.00935 -94.9856 2.98273
-8.09212 -94.9067 2.97894
-8.05455 -94.9704 2.97971
-8.06822 -94.9418 2.98335
-7.92231 -94.9258 2.9839
-7.92285 -94.9276 2.98381
-7.91255 -94.9241 2.98391
-8.19112 -94.8997 2.98013
-8.16262 -94.9494 2.98241
-8.20703 -94.9929 2.9832
-8.0438 -94.8861 2.98129
-8.04926 -94.9622 2.98015
-8.06378 -94.9348 2.98061
-8.09324 -94.9359 2.98088
-7.96625 -94.9298 2.98265
-8.07388 -94.8707 2.98201
-8.01827 -94.8889 2.98078
-8.05841 -94.9666 2.98066
-8.06793 -94.9644 2.97748
-7.96466 -94.9137 2.98075
-7.95371 -94.914 2.98092
-8.1075 -94.8778 2.98089
-8.1039 -94.878 2.98105
-8.03254 -94.9607 2.9814
-8.13476 -95.0197 2.97896
-8.09293 -94.9178 2.97904
-7.98976 -94.9249 2.98267
-8.09267 -94.9327 2.97714
-8.02081 -94.9049 2.98244
-8.09129 -94.9059 2.98287
-8.09672 -94.9593 2.98428
-8.00285 -94.9338 2.98343
-8.06418 -94.8952 2.98093
-8.09865 -94.9173 2.98084
-8.05444 -94.8576 2.9809
-8.11511 -94.9584 2.98339
-8.07933 -94.9402 2.98444
-7.97394 -94.9734 2.9816
-8.17476 -94.9021 2.97859
-8.05071 -94.8965 2.9807
-8.01524 -94.8933 2.98138
-8.01456 -94.8975 2.98119
-8.01224 -94.8934 2.98124
-7.98065 -94.9917 2.98148
-8.10711 -94.9347 2.97912
-8.11921 -94.9403 2.97923
-8.02416 -94.9129 2.98122
-8.02731 -94.918 2.98131
-8.0247 -94.907 2.98136
-8.05649 -94.9601 2.98184
-7.98149 -94.9371 2.98223
-7.98138 -94.9377 2.98234
-8.05367 -94.8572 2.98162
-8.06469 -94.9072 2.98005
-8.06253 -95.0067 2.98379
-8.09835 -94.9416 2.98282
-8.05727 -94.9604 2.98066
-8.1526 -94.9532 2.97999
-7.99679 -94.9767 2.98022
-8.03149 -94.8364 2.98426
-8.03177 -94.8755 2.98359
-8.03079 -94.8743 2.98336
-8.02272 -94.9703 2.97968
-8.10247 -94.9045 2.9827
-8.06722 -94.9121 2.98134
-7.98903 -94.8685 2.98114
-7.98808 -94.8722 2.9813
-8.04985 -94.9648 2.98287
-8.04712 -94.9291 2.98313
-8.05124 -94.9281 2.98314
-8.05129 -94.9339 2.98314
-8.09058 -94.8911 2.98359
-7.99364 -95.0678 2.98281
-8.00594 -94.8765 2.98112
-8.00936 -94.8806 2.98118
-8.01032 -94.8718 2.98087
-8.03777 -94.8449 2.9818
-8.05835 -94.9035 2.98219
-8.15774 -94.9954 2.97861
-8.10873 -95.1469 2.97964
-8.0442 -94.8833 2.97901
-8.03601 -94.8836 2.97908
-8.0466 -95.072 2.98259
-8.05994 -94.9761 2.98068
-8.02271 -94.8857 2.98159
-8.1005 -94.8834 2.98089
-8.07169 -94.902 2.98004
-8.05065 -94.9291 2.98184
-8.05162 -94.9539 2.98142
-8.08204 -94.9562 2.98138
-8.05865 -94.8698 2.98123
-8.0492 -94.8694 2.9812
-8.12583 -94.9457 2.98312
-8.12065 -94.9382 2.98299
-8.00836 -94.9039 2.9806
-8.01172 -94.8952 2.98069
-8.00667 -94.8975 2.98068
-8.01342 -94.8991 2.98082
-8.02696 -94.9482 2.98052
-8.07902 -94.9034 2.97813
-8.07348 -94.9027 2.97843
-7.9898 -95.0858 2.98297
-8.05633 -94.9513 2.98427
-8.08735 -94.9105 2.98079
-8.08479 -94.9159 2.98117
-8.11533 -94.9673 2.98199
-8.04219 -94.9925 2.98177
-8.04734 -94.9518 2.98207
-8.04794 -94.9198 2.98119
-8.04531 -94.9164 2.98128
-8.04271 -94.9338 2.98258
-8.04465 -94.9369 2.98247
-8.05873 -94.9129 2.98115
-7.93429 -94.8767 2.98683
-8.08007 -94.861 2.98273
-8.05189 -94.9276 2.98053
-8.0828 -94.9302 2.98233
-8.08566 -94.9231 2.98226
-8.15312 -94.9089 2.98209
-8.05362 -95.0099 2.97968
-8.05166 -94.8481 2.9812
-8.04574 -94.8464 2.98116
-7.98354 -94.9683 2.98107
-8.03903 -94.9572 2.98395
-8.02223 -94.9325 2.97996
-8.04243 -95.0063 2.98339
-8.0036 -94.9862 2.98119
-8.0561 -94.8663 2.97655
-8.06352 -94.913 2.97988
-8.11539 -95.029 2.98037
-8.04804 -94.8993 2.97867
-8.09836 -94.9418 2.98242
-8.08251 -94.8953 2.98004
-8.00334 -95.0635 2.98155
-8.10569 -95.0524 2.9843
-8.0579 -94.9698 2.97989
-8.10394 -94.9096 2.98009
-8.00931 -94.8871 2.98079
-8.05045 -94.9411 2.98058
-8.11274 -94.9373 2.98058
-8.05863 -94.9605 2.97943
-8.03846 -94.9343 2.98162
-8.04143 -94.9418 2.98132
-8.03706 -94.9369 2.98145
-8.03149 -95.096 2.98767
-8.06604 -94.9631 2.97911
-7.93359 -95.0664 2.98173
-8.09329 -94.9102 2.97904
-7.96766 -95.032 2.98152
-8.06652 -94.94 2.98323
-7.91659 -94.9336 2.9837
-8.08405 -94.9706 2.98227
-7.92522 -95.1236 2.98198
-8.0243 -94.949 2.97854
-8.0123 -94.9832 2.98275
-8.12053 -94.918 2.98353
-8.07237 -95.0045 2.98072
-8.00975 -94.8602 2.98262
-8.06176 -94.9354 2.98043
-8.03638 -94.8983 2.98005
-7.96623 -94.9256 2.98248
-7.96632 -94.9327 2.98241
-8.03042 -94.9607 2.98161
-8.01562 -94.8919 2.98097
-8.06115 -94.9694 2.98052
-8.06257 -94.9616 2.97749
-7.95971 -94.9115 2.98082
-8.08369 -94.9683 2.98283
-8.10679 -94.875 2.98103
-8.0734 -94.9052 2.98065
-8.09278 -94.9141 2.97922
-7.98572 -94.9251 2.98284
-7.98966 -94.9288 2.98282
-8.07506 -94.9026 2.97876
-8.01781 -94.9038 2.98254
-8.02758 -94.9146 2.98261
-8.02443 -94.909 2.98259
-8.05729 -94.9417 2.98318
-7.9965 -94.896 2.98124
-8.0481 -95.0318 2.9829
-8.10191 -94.9076 2.98093
-8.12465 -94.9552 2.98369
-8.16716 -94.9631 2.97749
-7.97549 -94.972 2.98167
-8.00077 -94.9288 2.98497
-8.04916 -94.8977 2.98069
-8.02174 -94.8922 2.98141
-8.12732 -94.943 2.97915
-8.11996 -94.9373 2.97944
-8.03148 -94.9188 2.98121
-8.0239 -94.9146 2.98147
-7.98072 -94.937 2.98233
-7.97833 -94.9362 2.98219
-8.05603 -94.8604 2.98177
-8.06183 -94.862 2.98197
-8.06869 -94.9163 2.97997
-8.07433 -94.9103 2.97988
-8.00029 -94.9241 2.98093
-8.00601 -94.9412 2.98495
-8.04571 -94.8832 2.98182
-8.04295 -94.8875 2.98187
-8.08365 -94.9357 2.98236
-8.01198 -94.8697 2.98297
-7.99257 -94.9854 2.97963
-8.09812 -94.9419 2.9799
-8.14582 -94.9564 2.98021
-8.01455 -94.9075 2.9816
-8.03016 -94.8358 2.98414
-8.01143 -94.9874 2.98196
-8.15776 -94.9245 2.98074
-8.02916 -94.952 2.98459
-7.98991 -94.868 2.98129
-8.06925 -94.9455 2.97988
-8.0455 -94.9345 2.98322
-8.09438 -94.8831 2.98364
-8.0113 -94.8832 2.98102
-8.00842 -94.8782 2.98102
-8.05841 -94.8935 2.9821
-8.05341 -94.923 2.98162
-8.1654 -94.9503 2.97981
-8.10911 -94.9285 2.9848
-8.10953 -94.9293 2.98478
-8.04562 -95.0427 2.98244
-8.03733 -94.885 2.97921
-8.15546 -95.0253 2.98118
-8.0538 -94.9757 2.98072
-8.0159 -94.892 2.98169
-8.0713 -94.8941 2.98234
-8.06605 -94.8972 2.98012
-8.04924 -94.9094 2.98186
-8.06044 -94.9277 2.9819
-8.10028 -94.9147 2.98042
-8.05786 -94.8739 2.98119
-8.00828 -94.8952 2.98086
-8.08004 -94.9019 2.97808
-8.21972 -94.9168 2.98023
-8.1147 -95.0419 2.98019
-8.09751 -95.0237 2.98282
-8.05644 -95.0246 2.97972
-8.02628 -94.966 2.98113
-8.08372 -94.9118 2.98076
-8.11563 -94.9931 2.98104
-8.06704 -94.971 2.98354
-8.024 -94.9225 2.97919
-8.04625 -94.9543 2.98189
-8.0716 -94.969 2.98131
-8.0302 -95.0172 2.98081
-8.05904 -94.914 2.98119
-7.92998 -94.8825 2.98711
-8.0753 -94.853 2.98268
-8.05063 -94.9263 2.98066
-8.0131 -95.0125 2.98041
-8.07437 -94.949 2.97981
-8.04601 -94.8455 2.98139
-8.04702 -94.8452 2.98118
-8.12019 -95.0434 2.98304
-8.03255 -94.9538 2.98406
-8.04434 -94.9223 2.98068
-8.04394 -94.9209 2.98061
-8.17508 -94.8757 2.98088
-8.03786 -95 2.98328
-8.04628 -94.9784 2.98163
-8.02257 -94.9648 2.98242
-8.08217 -94.8928 2.98245
-8.05247 -94.8699 2.9766
-8.06342 -94.9126 2.97981
-8.10216 -94.8862 2.98189
-8.02045 -94.9356 2.98313
-8.08279 -94.9004 2.97993
-8.0361 -94.9332 2.98157
-8.03788 -94.9377 2.98164
-8.03446 -94.9348 2.98188
-8.03025 -94.893 2.98045
-8.0513 -94.971 2.97989
-8.12515 -94.973 2.97982
-8.00805 -94.885 2.98089
-8.05298 -94.9401 2.9805
-8.05656 -94.9786 2.98446
-8.11192 -94.9396 2.98083
-8.08285 -94.9293 2.98107
-8.04108 -94.939 2.98163
-8.01196 -94.9895 2.98284
-8.07018 -95.0298 2.97838
-8.06581 -95.0152 2.98578
-8.05991 -94.9778 2.98223
-8.02679 -94.9511 2.97854
-8.03297 -94.9528 2.97874
-8.01286 -94.9467 2.98414
-8.00675 -94.97 2.98338
-8.12643 -94.9151 2.98353
-8.04499 -94.8836 2.98129
-8.04302 -94.8827 2.98131
-8.04567 -94.8865 2.98129
-8.01564 -94.8632 2.98267
-8.06048 -94.9364 2.98046
-8.1205 -94.8939 2.97899
-8.11511 -94.8942 2.97897
-7.97223 -94.9337 2.98242
-8.07184 -94.8737 2.98202
-8.0199 -94.8894 2.98096
-8.0118 -94.8971 2.98321
-8.05503 -94.9663 2.98074
-8.06125 -94.9671 2.98048
-8.02762 -95.0165 2.98048
-8.0997 -94.884 2.98102
-8.07534 -94.9085 2.98048
-8.0725 -94.9084 2.98044
-8.09168 -94.9163 2.97899
-8.10264 -95.0805 2.98222
-7.98599 -94.927 2.98285
-7.99055 -94.927 2.98285
-7.9853 -94.9286 2.98273
-8.07878 -94.9038 2.97901
-8.13179 -94.8665 2.98233
-8.08487 -94.9092 2.98286
-7.99728 -94.904 2.98124
-8.06629 -94.8946 2.98105
-7.98739 -95.144 2.98064
-8.00444 -94.9513 2.98259
-8.09588 -94.9979 2.98063
-8.0153 -94.9554 2.98212
-8.01328 -94.9556 2.98237
-7.9711 -94.9739 2.98172
-8.00239 -94.9318 2.985
-8.00412 -94.9628 2.98222
-8.0186 -94.895 2.98137
-8.17552 -94.9807 2.97926
-8.0603 -94.9528 2.98173
-8.05538 -94.8599 2.982
-8.13234 -94.9557 2.9824
-7.99505 -94.9268 2.9809
-8.05815 -95.0066 2.98382
-8.05297 -95.0086 2.98376
-8.09058 -94.9333 2.98245
-8.01162 -94.8674 2.98275
-8.10635 -95.0048 2.9828
-8.01113 -94.9081 2.98125
-8.03026 -94.8386 2.98383
-8.02495 -94.9715 2.97962
-8.01226 -94.9871 2.98208
-8.06829 -94.9097 2.98131
-8.06834 -94.9024 2.98117
-8.06795 -94.9088 2.98115
-7.46642 -91.81 2.98061
