278.76 1.85505 4.59161
278.704 1.88935 4.59586
278.758 1.83241 4.59469
278.747 1.88737 4.59558
278.722 1.91388 4.59143
278.737 1.87103 4.5901
278.696 1.85293 4.59248
278.662 1.87924 4.59591
278.726 1.79944 4.59669
278.663 1.8447 4.59256
278.66 1.79366 4.59093
278.607 1.85858 4.59086
278.943 1.84165 4.59685
278.782 1.88328 4.58625
278.616 1.91886 4.59041
278.769 2.0009 4.59261
278.754 1.94192 4.59468
278.633 1.83674 4.58973
278.779 1.86947 4.59454
278.867 1.95137 4.59067
278.77 1.87223 4.59286
278.719 1.9399 4.59474
278.75 1.94417 4.59436
278.77 1.96658 4.59672
278.844 1.96614 4.59342
278.763 2.00221 4.59405
278.784 1.93021 4.59281
278.827 1.96677 4.59481
278.661 1.8505 4.59065
278.671 1.97599 4.59031
278.836 2.03095 4.58973
278.815 1.95656 4.59289
278.831 1.84805 4.59479
278.727 1.94371 4.59352
278.787 2.00113 4.59421
278.826 1.86055 4.59214
278.755 1.87446 4.59013
278.814 1.87967 4.59751
278.652 1.85444 4.59033
278.754 1.86698 4.59194
278.643 1.80016 4.5912
278.756 1.89051 4.59128
278.8 1.83111 4.5924
278.709 1.91871 4.59581
278.748 1.9325 4.59849
278.772 1.98401 4.59442
278.766 1.91458 4.59531
278.761 1.94852 4.59134
278.841 1.98304 4.59564
278.683 1.85361 4.5883
278.629 1.86728 4.5931
278.951 1.84203 4.59498
278.695 1.95891 4.59482
278.798 1.90593 4.5954
278.741 1.86643 4.59157
278.71 1.96406 4.59388
278.82 1.88367 4.59501
278.833 1.86585 4.59743
278.663 1.87198 4.58716
278.783 1.85185 4.5954
278.711 1.88281 4.59731
278.72 1.83928 4.59366
278.722 1.80307 4.58958
278.641 1.86705 4.58585
278.779 1.77858 4.59254
278.693 1.9843 4.59411
278.78 1.86889 4.59409
278.702 1.9549 4.59419
278.801 1.96003 4.59348
278.743 1.80763 4.59099
278.761 1.83901 4.59647
278.747 1.854 4.59739
278.711 1.98432 4.59197
278.681 1.83594 4.59322
278.742 1.88701 4.59251
278.61 1.88512 4.59186
278.72 1.92572 4.59062
278.8 1.81686 4.59102
278.761 1.87091 4.59049
278.751 1.89629 4.59123
278.82 1.96996 4.59464
278.909 1.83987 4.59416
278.815 1.83856 4.59356
278.799 1.89334 4.59557
278.601 1.85822 4.59027
278.768 1.94879 4.59381
278.768 1.80495 4.5974
278.757 1.94841 4.59411
278.695 1.93346 4.5949
278.686 1.87917 4.5963
278.797 1.91241 4.59359
278.91 1.91301 4.58899
278.77 1.84218 4.59078
278.697 1.93155 4.58704
278.787 1.86556 4.59598
278.768 2.00867 4.58976
278.632 1.89476 4.59244
278.864 2.00673 4.59454
278.71 1.88467 4.59034
278.737 2.02376 4.58866
278.774 1.84976 4.59285
278.75 1.86398 4.59501
278.638 1.77908 4.59018
278.81 1.87719 4.5946
278.756 1.88272 4.5931
278.779 1.82249 4.5909
278.703 1.95438 4.59569
278.745 1.8747 4.5953
278.838 1.99759 4.59291
278.715 2.02711 4.59253
278.734 1.86622 4.59635
278.741 1.82719 4.59638
278.68 1.86229 4.59443
278.85 2.00198 4.59423
278.75 1.97922 4.58965
278.636 1.86801 4.59264
278.775 1.81774 4.59166
278.805 1.89915 4.5959
278.757 1.85317 4.59172
278.729 1.84688 4.59447
278.798 1.86609 4.59093
278.867 1.89461 4.59507
278.862 1.90772 4.59232
278.774 1.88296 4.59075
278.763 1.7985 4.59601
278.737 1.93329 4.59567
278.744 1.9263 4.59627
278.767 1.83736 4.58325
278.813 1.85441 4.59625
278.68 1.90339 4.59201
278.86 1.94312 4.59183
278.72 1.81432 4.58764
278.683 1.85267 4.59264
278.747 1.88784 4.59373
278.831 1.87681 4.59253
278.809 1.91924 4.59161
278.762 1.91827 4.59085
278.874 1.85595 4.59717
278.766 1.9419 4.59232
278.775 1.89409 4.59299
278.69 1.95155 4.59583
278.672 1.91417 4.59485
278.758 2.00549 4.59158
278.835 1.97857 4.59461
278.755 1.86208 4.59642
278.695 1.98297 4.59098
278.65 1.86054 4.58813
278.761 1.86185 4.59569
278.798 1.91773 4.59141
278.811 1.99773 4.58806
278.794 1.91858 4.59121
278.863 1.88813 4.59415
278.764 1.90966 4.59006
278.709 1.98655 4.59301
278.765 1.98211 4.5886
278.641 1.94041 4.58985
278.699 1.96965 4.59028
278.742 2.05273 4.59384
278.76 1.94137 4.59311
278.771 1.80728 4.59473
278.723 1.98761 4.59335
278.698 1.95016 4.59819
278.71 1.91735 4.59428
278.841 1.92741 4.59424
278.828 1.96687 4.59432
278.784 1.90806 4.59125
278.758 1.88427 4.59227
278.769 1.88224 4.59554
278.685 1.85409 4.59123
278.818 2.04285 4.59248
278.804 1.81674 4.59546
278.681 1.94401 4.59328
278.86 1.97943 4.59305
278.688 1.83381 4.59077
278.773 1.90085 4.59226
278.84 1.88381 4.59517
278.743 1.86153 4.5904
278.806 1.89509 4.59351
278.69 1.98975 4.59391
278.766 1.87661 4.59435
278.762 1.89511 4.59013
278.76 1.81369 4.59595
278.793 1.92063 4.59559
278.795 1.94099 4.59393
278.693 1.91713 4.59608
278.724 1.95771 4.59482
278.809 1.91129 4.596
278.73 1.85183 4.59114
278.782 1.85524 4.59606
278.713 1.94967 4.59515
278.647 1.83089 4.59408
278.759 1.92056 4.58824
278.811 1.96985 4.58966
278.865 1.88112 4.59196
278.761 1.96269 4.59373
278.702 1.94003 4.58684
278.718 1.9767 4.59318
278.723 1.89129 4.59211
278.808 1.9793 4.59344
278.79 1.88415 4.59488
278.694 1.87725 4.59316
278.703 1.94394 4.5962
278.792 1.95342 4.59577
278.682 1.86149 4.58908
278.636 1.89898 4.59353
278.821 1.96249 4.58812
278.826 1.84715 4.59403
278.781 1.90735 4.59132
278.867 1.88907 4.59563
278.734 1.9336 4.59228
278.751 1.85809 4.59122
278.835 1.83129 4.59351
278.752 1.88693 4.59241
278.829 1.83427 4.59463
278.763 1.84463 4.59358
278.781 1.84094 4.59524
278.766 1.88332 4.59597
278.775 1.86454 4.59481
278.807 1.84335 4.59297
278.93 1.9449 4.59309
278.744 1.88614 4.59023
278.745 1.81304 4.59074
278.621 1.89991 4.59054
278.622 1.82102 4.59381
278.723 1.86778 4.59182
278.794 1.84358 4.59523
278.761 1.89479 4.59523
278.772 1.85482 4.59322
278.82 1.83144 4.59404
278.647 1.92761 4.59099
278.821 1.9135 4.59187
278.738 1.82369 4.58644
278.804 1.81598 4.59421
278.819 1.91025 4.5948
278.753 1.8966 4.59471
278.821 1.87955 4.59251
278.773 1.87772 4.59565
278.74 1.86135 4.59566
278.687 1.90127 4.59112
278.723 1.84789 4.59381
278.729 1.97366 4.59355
278.812 1.99494 4.59423
278.75 1.90376 4.58746
278.699 1.84346 4.59272
278.697 1.89955 4.58948
278.667 1.92947 4.58995
278.832 1.80907 4.59386
278.734 1.82747 4.59575
278.765 1.82037 4.59573
278.893 1.92901 4.59513
278.785 1.83884 4.59447
278.782 1.7691 4.59548
278.79 1.88867 4.59035
278.703 1.8907 4.59538
278.812 1.90054 4.59172
278.761 1.8374 4.59383
278.854 1.98308 4.5957
278.736 1.91955 4.5922
278.793 1.9013 4.59549
278.736 1.91118 4.59158
278.652 1.83615 4.5911
278.665 1.82996 4.59371
278.769 1.86581 4.59473
278.641 1.88093 4.59373
278.738 1.91436 4.59163
278.816 1.82391 4.59431
278.781 1.93894 4.58866
278.754 1.84703 4.59219
278.854 1.89397 4.59602
278.665 1.97511 4.5918
278.832 1.99898 4.5906
278.786 1.84462 4.5978
278.715 1.96195 4.59366
278.713 1.92337 4.59485
278.706 1.91519 4.59151
278.705 1.89746 4.59352
278.752 1.87515 4.59401
278.777 1.90528 4.59548
278.662 1.86061 4.5941
278.682 1.77048 4.58941
278.762 1.86522 4.58913
278.788 1.91396 4.59713
278.794 1.87013 4.59407
278.776 1.85537 4.59482
278.875 1.86671 4.59633
278.776 1.86921 4.59247
278.721 2.01017 4.59002
278.885 1.87775 4.59137
278.728 1.9085 4.59691
278.712 1.92313 4.59515
278.707 1.89836 4.59163
278.758 1.91615 4.59544
278.598 1.90863 4.58752
278.756 1.89044 4.58828
278.703 1.88169 4.59136
278.772 2.05134 4.59217
278.682 1.92741 4.58952
278.789 1.86825 4.59411
278.698 1.96333 4.59053
278.798 1.89747 4.59537
278.733 1.87598 4.58885
278.759 1.86194 4.59645
278.775 1.78161 4.59184
278.74 1.90096 4.59344
278.681 1.92613 4.59349
278.666 1.88417 4.58855
278.873 1.91171 4.59281
278.921 1.90175 4.59338
278.741 1.84428 4.59563
278.646 1.8482 4.59314
278.843 1.98394 4.59394
278.81 1.9056 4.59264
278.772 1.85606 4.59341
278.727 1.95944 4.59288
278.821 1.90044 4.593
278.821 1.91016 4.59653
278.851 1.92481 4.59444
278.823 1.87011 4.59046
278.772 1.83995 4.59231
278.793 1.95916 4.59318
278.833 1.89743 4.59597
278.713 1.84434 4.59355
278.727 1.99876 4.59349
278.741 1.96338 4.59303
278.719 1.90262 4.59562
278.714 1.96946 4.59352
278.721 1.8856 4.59083
278.75 1.88114 4.59483
278.761 1.91635 4.59704
278.706 1.93997 4.59198
278.754 1.8905 4.5934
278.775 2.05038 4.59293
278.839 1.88673 4.59471
278.838 1.85659 4.59319
278.862 1.8667 4.59275
278.626 1.87159 4.59065
278.857 1.86186 4.59298
278.859 1.82767 4.59621
278.717 1.89802 4.59519
278.736 1.91512 4.59425
278.784 1.98469 4.59295
278.785 1.90025 4.59599
278.678 1.84441 4.59474
278.783 1.99446 4.59241
278.685 1.9725 4.59453
278.741 1.90441 4.59432
278.814 1.86785 4.59494
278.761 1.84725 4.59325
278.875 1.96796 4.59747
278.735 2.03065 4.59382
278.823 1.92301 4.59061
278.699 2.0145 4.59303
278.794 1.8247 4.59342
278.688 1.93005 4.59771
278.708 1.90054 4.59705
278.888 1.96572 4.59314
278.788 1.82375 4.59536
278.662 1.86266 4.59401
278.749 2.01498 4.58651
278.65 1.91359 4.59127
278.791 1.88007 4.59639
278.702 1.79739 4.59015
278.844 1.89238 4.5967
278.801 1.9108 4.5963
278.777 2.00617 4.59109
278.626 1.88016 4.5911
278.627 2.00778 4.58644
278.72 1.98507 4.59383
278.732 1.8972 4.5966
278.679 1.89043 4.59533
278.797 1.90649 4.59388
278.734 1.92176 4.59141
278.683 1.94076 4.59154
278.684 1.80725 4.59234
278.746 1.90654 4.59581
278.769 1.89908 4.59366
278.687 1.70442 4.58948
278.753 1.92854 4.59002
278.753 1.84302 4.596
278.823 1.89515 4.59422
278.837 1.92342 4.59614
278.775 1.91403 4.59205
278.765 1.99017 4.59263
278.713 1.88844 4.58947
278.756 1.86283 4.59425
278.788 1.91061 4.59437
278.742 1.94994 4.59649
278.673 1.93586 4.59567
278.695 1.93184 4.59375
278.839 1.89807 4.58942
278.791 1.86725 4.59212
278.701 1.87181 4.59664
278.691 1.9056 4.59386
278.899 1.92575 4.59593
278.665 1.91468 4.5926
278.737 1.92017 4.59069
278.712 1.73832 4.5886
278.891 1.95642 4.59133
278.815 1.81426 4.59497
278.736 1.83312 4.59355
278.722 1.82136 4.59332
278.829 1.82877 4.58861
278.948 1.95262 4.59476
278.815 1.94837 4.59141
278.707 2.03978 4.59315
278.715 1.92534 4.59361
278.695 1.8515 4.59632
278.87 1.87924 4.59247
278.648 1.9098 4.59245
278.739 1.91227 4.59102
278.796 1.90648 4.5964
278.763 1.90223 4.59611
278.786 1.83346 4.58735
278.637 1.83977 4.58797
278.734 1.80103 4.5936
278.844 1.78019 4.59446
278.88 1.95684 4.59323
278.727 1.9591 4.5908
278.776 1.86108 4.59365
278.803 1.93745 4.59167
278.788 1.85849 4.59504
278.725 1.95748 4.58954
278.749 1.79004 4.59043
278.8 1.87621 4.5926
278.708 1.95559 4.59213
278.742 1.92794 4.59682
278.769 2.0363 4.59276
278.7 1.84685 4.59409
278.763 1.9261 4.59651
278.656 1.85485 4.59391
278.544 1.81369 4.58806
278.625 1.8698 4.59256
278.789 1.87551 4.59392
278.665 1.84827 4.58855
278.904 1.87272 4.59339
278.847 1.89977 4.59115
278.714 1.94869 4.59328
278.71 1.88153 4.59329
278.857 1.89465 4.59634
278.779 1.88009 4.59434
278.665 1.8462 4.5916
278.789 1.95745 4.58914
278.777 1.85865 4.58915
278.709 1.98462 4.59437
278.699 1.94673 4.59685
278.724 1.95355 4.59584
278.829 1.91612 4.59267
278.766 1.83402 4.59423
278.84 1.85329 4.59433
278.709 1.90657 4.59427
278.708 1.93787 4.59194
278.721 1.90059 4.58666
278.787 1.86201 4.59543
278.735 1.89572 4.59438
278.769 1.92286 4.59659
278.726 1.86221 4.59121
278.743 1.81985 4.58652
278.843 1.86457 4.59336
278.659 1.8199 4.59053
278.806 1.80344 4.59487
278.767 1.83892 4.59733
278.744 1.85632 4.59455
278.764 1.88073 4.59601
278.672 1.94628 4.59669
278.669 1.91773 4.59564
278.64 1.85503 4.59611
278.835 1.95109 4.59156
278.75 1.916 4.59461
278.78 1.86437 4.58833
278.601 1.88769 4.58801
278.631 1.88162 4.59137
278.775 1.87208 4.5888
278.81 1.91196 4.59264
278.675 1.74555 4.59098
278.861 1.93403 4.59788
278.795 1.9863 4.59251
278.66 1.7928 4.58983
278.844 1.90474 4.59498
278.928 1.92824 4.59527
278.803 1.83979 4.59572
278.81 1.86948 4.59292
278.792 1.90319 4.59296
278.72 1.89401 4.59648
278.807 1.84303 4.59377
278.726 1.90066 4.5943
278.688 1.92769 4.5962
278.715 1.87098 4.59637
278.72 1.87819 4.59573
278.83 1.95131 4.5964
278.77 1.96632 4.59381
278.781 1.9245 4.59454
278.779 1.86592 4.59081
278.705 1.83856 4.59308
278.599 1.85023 4.59124
278.812 1.83916 4.59304
278.756 1.91657 4.59561
278.875 1.84566 4.59484
278.739 1.86288 4.59298
278.803 1.88069 4.59238
277.598 7.89389 4.59267
