230.982 -14.3715 2.90759
230.904 -14.2768 2.90808
231.147 -14.3336 2.90741
231.101 -14.4134 2.90742
231.099 -14.3678 2.9103
230.952 -14.2875 2.9087
230.95 -14.4322 2.90669
231.025 -14.2479 2.90717
231 -14.3136 2.90675
231.185 -14.3854 2.90758
230.88 -14.2677 2.90539
230.981 -14.3695 2.90468
231.055 -14.2706 2.90534
231.05 -14.2579 2.90557
231.042 -14.3129 2.90483
231.12 -14.2083 2.90533
231.146 -14.4013 2.90789
230.981 -14.4478 2.90851
231.045 -14.3548 2.90329
231.052 -14.3208 2.91074
231.031 -14.3291 2.90705
231.141 -14.3392 2.90511
231.057 -14.3869 2.90771
230.941 -14.3288 2.90531
231.145 -14.4435 2.90642
230.929 -14.2805 2.9062
230.989 -14.3949 2.90453
231.114 -14.3454 2.90173
231.065 -14.3533 2.90752
230.925 -14.2557 2.90383
230.978 -14.3689 2.90368
231.045 -14.2682 2.90571
231.039 -14.2496 2.9081
231.124 -14.29 2.91047
230.952 -14.3504 2.90599
231.037 -14.317 2.90754
231.08 -14.4617 2.90642
230.984 -14.3887 2.90475
230.997 -14.2829 2.90703
230.97 -14.3989 2.90356
230.96 -14.3303 2.90341
230.995 -14.2702 2.90527
231.115 -14.2765 2.9063
230.985 -14.2779 2.90592
231.062 -14.3799 2.90579
230.943 -14.3569 2.90578
231.078 -14.3468 2.9078
230.993 -14.2653 2.90396
231.097 -14.3308 2.90481
231.053 -14.2089 2.90208
231.008 -14.4157 2.90525
231.159 -14.4095 2.90751
231.097 -14.3029 2.90331
231.061 -14.2978 2.90585
230.991 -14.2125 2.90659
231.16 -14.2384 2.90538
230.97 -14.3204 2.9068
230.986 -14.3199 2.90444
230.945 -14.3529 2.90539
231.075 -14.245 2.90684
231.133 -14.2883 2.90992
231.026 -14.4443 2.90776
231.029 -14.2472 2.9068
231.071 -14.2785 2.90668
231.035 -14.2378 2.9061
230.978 -14.3178 2.90405
231.074 -14.4194 2.90737
231.076 -14.436 2.90405
230.966 -14.4694 2.90309
231.018 -14.3468 2.89947
231.019 -14.4767 2.90583
231.034 -14.3843 2.90751
231.055 -14.3939 2.90719
231.123 -14.4127 2.90348
231.076 -14.3962 2.90375
231.099 -14.4417 2.90395
231.107 -14.2009 2.90451
231.069 -14.3289 2.90776
230.97 -14.3181 2.90477
231.066 -14.4164 2.90937
231.019 -14.2443 2.90711
230.947 -14.3255 2.9031
231.036 -14.4208 2.90758
231.041 -14.4723 2.90695
231.021 -14.4992 2.90202
231.012 -14.3956 2.90708
231.167 -14.3411 2.90775
230.895 -14.2794 2.90528
231.055 -14.2933 2.90695
230.963 -14.4104 2.90504
231.039 -14.2136 2.90756
230.999 -14.3193 2.90451
231.085 -14.2959 2.91232
231.061 -14.2545 2.90369
230.991 -14.3664 2.90559
231.167 -14.2833 2.90493
231.01 -14.4248 2.90852
231.023 -14.2523 2.90556
230.986 -14.252 2.90454
230.952 -14.3017 2.90453
230.919 -14.2572 2.90118
231.15 -14.3914 2.90457
231.095 -14.4006 2.90926
231.131 -14.2859 2.90461
230.991 -14.3321 2.90566
231.019 -14.3626 2.90551
231.03 -14.2597 2.90627
230.966 -14.3762 2.90626
230.98 -14.3537 2.90646
230.941 -14.327 2.90518
231.126 -14.3414 2.90947
231.025 -14.4122 2.90604
231.044 -14.3927 2.90748
230.922 -14.3326 2.90685
231.024 -14.3392 2.90643
231.046 -14.3234 2.90694
231.018 -14.2264 2.90717
231.004 -14.3015 2.90647
231.023 -14.3555 2.90753
230.942 -14.3553 2.90464
230.86 -14.3795 2.90612
231.044 -14.2289 2.90717
230.914 -14.3629 2.90553
231.061 -14.2866 2.90338
230.949 -14.297 2.9046
230.955 -14.3635 2.90673
231.048 -14.3376 2.90623
231.062 -14.397 2.90696
230.963 -14.3151 2.90863
231.026 -14.2852 2.90857
230.918 -14.3646 2.90518
231.066 -14.3537 2.90309
230.967 -14.3369 2.90408
230.932 -14.4123 2.90698
231.121 -14.3108 2.90502
231.057 -14.3151 2.90572
230.939 -14.4012 2.9042
230.988 -14.2754 2.9055
230.995 -14.3984 2.90927
231.115 -14.2341 2.90338
231.002 -14.3456 2.90707
231.057 -14.3907 2.90742
230.964 -14.3025 2.90289
231.028 -14.3703 2.90901
231.087 -14.3491 2.90587
230.981 -14.3552 2.90863
231.084 -14.3424 2.90549
231.005 -14.3748 2.90585
230.935 -14.35 2.90141
231.055 -14.2488 2.9074
231.008 -14.2045 2.90667
230.942 -14.3892 2.90366
231.053 -14.4181 2.90539
230.918 -14.436 2.90511
230.96 -14.3768 2.90631
231.049 -14.3441 2.90551
231.023 -14.33 2.90774
230.992 -14.3411 2.90806
231.125 -14.2568 2.90617
231.058 -14.3266 2.91
231.01 -14.3939 2.90532
231.029 -14.3587 2.90415
231.093 -14.1858 2.90799
230.969 -14.4298 2.90592
231.105 -14.4274 2.90848
231.047 -14.3835 2.9034
231.023 -14.3508 2.90475
231.039 -14.2502 2.90858
231.024 -14.3386 2.90598
231.009 -14.2202 2.90717
231.053 -14.2909 2.90626
230.945 -14.3525 2.90695
231.031 -14.4514 2.9076
231.029 -14.3886 2.90639
231.038 -14.2936 2.90561
231.036 -14.4976 2.9096
230.954 -14.3199 2.9077
231.066 -14.3575 2.90332
231.197 -14.3323 2.90588
231.033 -14.3464 2.90642
230.76 -14.2791 2.9043
230.999 -14.3291 2.90421
231.056 -14.3642 2.9065
230.948 -14.3909 2.90638
231.065 -14.3133 2.90761
230.86 -14.2854 2.90779
230.975 -14.3061 2.90561
231.015 -14.2637 2.90483
230.879 -14.2797 2.90314
231.03 -14.2627 2.90859
231.033 -14.3306 2.90616
231.106 -14.3181 2.90915
231.128 -14.3358 2.91107
230.89 -14.2751 2.90788
231.013 -14.3335 2.90891
231.028 -14.3138 2.90874
231.031 -14.2818 2.90575
231.079 -14.2174 2.90442
231.055 -14.3589 2.90575
231.072 -14.4217 2.90567
231.09 -14.392 2.90923
231.017 -14.3333 2.90571
231.088 -14.3735 2.9034
231.035 -14.3501 2.90853
231.058 -14.414 2.90726
230.913 -14.3945 2.90771
231.054 -14.34 2.90763
231.008 -14.3414 2.90907
231.018 -14.3306 2.90622
230.976 -14.2166 2.90466
230.996 -14.299 2.90815
230.846 -14.3176 2.90516
231.044 -14.3334 2.90604
231.1 -14.2646 2.9072
231.108 -14.1659 2.90627
231.026 -14.2099 2.90822
231.121 -14.2629 2.90979
231.111 -14.3068 2.91056
231.022 -14.3618 2.90917
231.052 -14.3149 2.90334
231.041 -14.3363 2.90496
231.023 -14.3956 2.90402
230.984 -14.2578 2.90641
231.216 -14.3522 2.90508
231.051 -14.14 2.90722
230.962 -14.3674 2.90688
230.95 -14.2317 2.90717
231.139 -14.3822 2.90494
231.137 -14.4016 2.90339
231.066 -14.3008 2.9073
230.995 -14.3598 2.90554
231.094 -14.3105 2.90926
231.014 -14.3625 2.90716
231.013 -14.3625 2.90393
231.021 -14.4025 2.9064
231.027 -14.2163 2.90846
231.035 -14.3982 2.90866
231.096 -14.4212 2.90774
230.901 -14.2642 2.90764
231.021 -14.3358 2.90975
231.039 -14.3354 2.90567
231.004 -14.3357 2.90462
231.14 -14.3088 2.90731
231.101 -14.2821 2.90797
231.015 -14.2352 2.90494
231.082 -14.3068 2.90885
231.129 -14.3756 2.90656
230.928 -14.235 2.90254
230.915 -14.3025 2.9074
231.052 -14.3329 2.90479
231.044 -14.285 2.90548
230.93 -14.2915 2.90816
230.991 -14.3309 2.9057
231.022 -14.3437 2.90471
231.112 -14.3025 2.90184
230.939 -14.3959 2.90651
230.995 -14.4264 2.90562
230.981 -14.2832 2.90699
230.92 -14.342 2.90737
230.896 -14.3146 2.90433
230.991 -14.498 2.90808
231.091 -14.3531 2.9084
230.986 -14.3107 2.90555
231.044 -14.3271 2.90313
231.054 -14.2599 2.90516
231.033 -14.2055 2.90634
230.995 -14.334 2.90929
230.736 -14.2985 2.90182
231.026 -14.2752 2.90598
231.085 -14.2209 2.90722
231.067 -14.3546 2.91118
231.041 -14.2762 2.90572
230.959 -14.3111 2.90589
231.06 -14.3427 2.90691
231.024 -14.4676 2.90623
231.011 -14.3562 2.90424
231.082 -14.232 2.90503
231.008 -14.206 2.90574
230.974 -14.2983 2.90277
230.953 -14.3574 2.90568
231.082 -14.363 2.90909
231.143 -14.308 2.90684
231.032 -14.3232 2.90555
231.013 -14.2903 2.90668
230.954 -14.2839 2.90809
231.075 -14.3438 2.90687
230.954 -14.2726 2.90813
231.022 -14.2987 2.90596
231.052 -14.2752 2.90776
231.143 -14.389 2.90783
230.886 -14.3042 2.90208
231.044 -14.3596 2.90895
230.835 -14.3489 2.90638
231.054 -14.302 2.907
231.067 -14.3074 2.90598
230.884 -14.2542 2.90558
230.918 -14.37 2.90519
231.052 -14.3901 2.9045
230.955 -14.375 2.90696
230.982 -14.3769 2.90065
231.095 -14.2564 2.90712
231.042 -14.2643 2.90963
231.013 -14.4259 2.9102
230.957 -14.3156 2.9077
231.013 -14.3605 2.90548
231.038 -14.3393 2.90616
231.125 -14.3626 2.90422
231.061 -14.3808 2.90622
230.948 -14.2565 2.90408
230.939 -14.312 2.90267
230.988 -14.2095 2.90703
231.019 -14.348 2.90577
231.024 -14.2564 2.90412
231.02 -14.4463 2.9075
231.001 -14.3449 2.90747
231.116 -14.3216 2.90745
230.983 -14.3321 2.90763
230.988 -14.3918 2.90624
231.09 -14.4224 2.90984
230.987 -14.3199 2.9086
230.995 -14.2904 2.90388
230.957 -14.3816 2.90458
231.077 -14.2529 2.90821
231.126 -14.4079 2.90861
231.089 -14.4128 2.90756
231.124 -14.2305 2.90726
231.043 -14.1913 2.90501
231.027 -14.3129 2.90287
231.004 -14.2783 2.90492
231.089 -14.2425 2.90318
231.008 -14.3589 2.90624
231.009 -14.29 2.90783
230.932 -14.3733 2.90722
230.908 -14.3396 2.90488
231.042 -14.2693 2.90523
230.994 -14.423 2.90316
231.064 -14.2262 2.91001
231.032 -14.4775 2.90912
231.055 -14.5003 2.90887
231.014 -14.3993 2.90716
230.923 -14.3183 2.90334
231.031 -14.2886 2.90624
230.922 -14.3462 2.90814
231.004 -14.3851 2.90304
231.088 -14.3495 2.90541
231.031 -14.3589 2.90808
230.96 -14.2842 2.90636
230.92 -14.4391 2.90744
231.005 -14.394 2.90742
231.023 -14.2339 2.90829
231.055 -14.349 2.90793
231.025 -14.2506 2.90298
231.007 -14.479 2.90576
231.071 -14.3637 2.90834
231.039 -14.3012 2.90508
230.926 -14.2655 2.90575
230.983 -14.1855 2.90867
230.997 -14.2795 2.90118
230.971 -14.2754 2.90801
231.005 -14.2727 2.90551
231.09 -14.3671 2.90505
231.071 -14.4214 2.90959
231.133 -14.2941 2.90697
230.965 -14.3251 2.90544
230.98 -14.3391 2.90282
231.115 -14.4016 2.90325
231.045 -14.3631 2.9079
231.025 -14.3485 2.9092
230.92 -14.3905 2.90596
231.113 -14.2927 2.90371
231.02 -14.3631 2.90465
231.105 -14.3417 2.90454
230.955 -14.2829 2.90737
231.113 -14.2863 2.90801
231.028 -14.4331 2.90395
230.939 -14.3779 2.90585
231.039 -14.3555 2.90723
231.086 -14.2692 2.90739
231.092 -14.2533 2.90889
231.059 -14.4251 2.91043
231.059 -14.2638 2.90846
230.961 -14.2271 2.90504
231.012 -14.3501 2.90652
230.978 -14.3745 2.90472
231.044 -14.2926 2.90663
231.049 -14.3436 2.90757
231.145 -14.3566 2.90725
231.051 -14.1579 2.90618
230.962 -14.4187 2.90418
231.067 -14.4979 2.90821
230.923 -14.3912 2.90427
230.916 -14.4389 2.90481
230.857 -14.2623 2.90203
230.934 -14.3805 2.90982
231.042 -14.4217 2.90608
231.075 -14.34 2.90777
230.991 -14.3481 2.90645
230.971 -14.3555 2.90376
231.026 -14.3875 2.90518
230.938 -14.3335 2.90431
230.922 -14.24 2.90739
230.962 -14.2389 2.90988
230.936 -14.372 2.90817
230.97 -14.2959 2.90486
230.946 -14.3578 2.90325
230.991 -14.2647 2.90936
231.015 -14.3561 2.90486
231.044 -14.381 2.90339
231.06 -14.3001 2.90594
231.056 -14.3102 2.90588
230.937 -14.3397 2.90742
231.123 -14.3002 2.90503
231.118 -14.2982 2.90463
231.011 -14.4684 2.90771
230.917 -14.2625 2.9053
231.119 -14.3098 2.90553
231.141 -14.2997 2.90548
230.982 -14.3277 2.90425
230.985 -14.3781 2.90648
230.978 -14.3224 2.90533
231.051 -14.3977 2.90506
230.89 -14.336 2.90515
230.951 -14.419 2.9094
230.992 -14.3396 2.90196
231.15 -14.3157 2.90561
230.99 -14.3295 2.90725
231.1 -14.2598 2.90645
230.984 -14.3118 2.90845
230.985 -14.3887 2.90895
231.056 -14.3295 2.90929
230.968 -14.4206 2.90532
230.926 -14.3709 2.90734
231.078 -14.3609 2.90622
230.951 -14.2833 2.9057
230.982 -14.3517 2.90604
230.971 -14.3239 2.9049
231.05 -14.3642 2.90922
231.031 -14.3902 2.90614
231.12 -14.2521 2.9057
230.92 -14.347 2.90598
231.091 -14.3526 2.9058
231.185 -14.3446 2.90885
231.006 -14.2371 2.90416
231.018 -14.3573 2.90558
231.146 -14.4417 2.9086
230.905 -14.3022 2.90624
231.048 -14.2001 2.90552
231.118 -14.2853 2.90495
231.004 -14.2809 2.90601
230.972 -14.2642 2.9047
230.947 -14.3455 2.90742
231.018 -14.3587 2.90404
230.966 -14.2965 2.90204
230.956 -14.4366 2.90402
231.014 -14.3536 2.90545
231.01 -14.3812 2.90637
231.061 -14.2797 2.90786
230.982 -14.2636 2.9063
231.026 -14.2402 2.90652
231.086 -14.2936 2.90626
231.087 -14.3621 2.90599
231.035 -14.4147 2.90862
231.119 -14.333 2.90677
231.022 -14.3218 2.90459
230.928 -14.3258 2.90513
230.974 -14.4207 2.90777
231.124 -14.3812 2.90363
230.951 -14.3379 2.90491
231.028 -14.4925 2.90462
231.02 -14.4229 2.90647
230.977 -14.3627 2.90654
231.009 -14.2836 2.90839
231.009 -14.2781 2.90379
231.03 -14.3591 2.91046
230.989 -14.275 2.90779
230.948 -14.3734 2.90981
231.122 -14.2457 2.9092
231.002 -14.3063 2.9067
231.011 -14.3136 2.90577
231.108 -14.226 2.90623
231.014 -14.3046 2.90491
231.011 -14.2959 2.90482
231.045 -14.3534 2.90922
231.047 -14.439 2.90366
231.081 -14.2947 2.9068
231.151 -14.2778 2.9067
231.049 -14.2646 2.90587
231.019 -14.2782 2.90238
230.991 -14.4234 2.90638
231.04 -14.3329 2.90584
231.053 -14.3021 2.90312
231.133 -14.3477 2.9038
231.054 -14.2586 2.91202
230.879 -14.3466 2.90942
231.055 -14.3368 2.90702
231.074 -14.2329 2.90355
231.117 -14.3468 2.90652
231.023 -14.4831 2.90633
231.079 -14.3084 2.90353
231.197 -9.99696 2.90731
