-38.5207 -63.9326 1.78914
-38.4704 -63.9857 1.79021
-38.5776 -63.9751 1.7894
-38.529 -64.0129 1.78951
-38.5137 -63.9508 1.79074
-38.4969 -64.0268 1.79132
-38.5387 -63.9496 1.79198
-38.4794 -63.961 1.79014
-38.5753 -64.0542 1.79
-38.4747 -64.0233 1.78902
-38.5581 -64.0645 1.79062
-38.5592 -64.0972 1.79103
-38.5605 -64.1031 1.79101
-38.4962 -63.8999 1.78809
-38.5875 -63.993 1.78936
-38.4996 -63.9627 1.79209
-38.6696 -63.9139 1.7893
-38.4808 -63.925 1.78769
-38.514 -64.0184 1.78971
-38.5988 -63.9075 1.78559
-38.462 -63.939 1.78713
-38.5342 -64.007 1.78911
-38.546 -64.0237 1.78515
-38.5981 -64.0019 1.78552
-38.5701 -63.996 1.78791
-38.4542 -63.927 1.79035
-38.5717 -64.0226 1.78918
-38.5665 -63.9651 1.78943
-38.606 -64.101 1.78885
-38.542 -63.9852 1.78816
-38.5478 -63.9252 1.78733
-38.5342 -64.0457 1.78955
-38.5773 -63.9296 1.78585
-38.5743 -63.9272 1.78572
-38.5127 -63.9324 1.79006
-38.6 -64.0062 1.78982
-38.5517 -63.9668 1.79056
-38.541 -63.934 1.79027
-38.5535 -64.0276 1.79155
-38.5675 -64.0817 1.79003
-38.4611 -63.863 1.78877
-38.5205 -63.9704 1.78947
-38.4714 -63.9514 1.78934
-38.4741 -63.9503 1.78931
-38.5953 -64.0276 1.78793
-38.5483 -63.9351 1.78711
-38.5878 -63.9592 1.78967
-38.553 -64.054 1.79111
-38.546 -63.9324 1.788
-38.5099 -64.004 1.78736
-38.5795 -64.0129 1.78493
-38.6032 -64.0431 1.78555
-38.5526 -64.1078 1.79132
-38.5082 -63.958 1.78625
-38.6738 -64.0207 1.78782
-38.5203 -63.9287 1.78825
-38.5904 -64.0458 1.78765
-38.5496 -63.8927 1.78815
-38.5506 -63.8951 1.78815
-38.4625 -63.9996 1.78664
-38.4626 -63.9969 1.78657
-38.5822 -63.8114 1.78607
-38.5542 -64.033 1.78745
-38.6451 -64.0877 1.78718
-38.535 -63.9874 1.78988
-38.5373 -63.959 1.78942
-38.6005 -63.9172 1.78878
-38.5118 -64.0207 1.78847
-38.4537 -63.9965 1.79003
-38.6587 -63.991 1.78708
-38.6134 -63.9395 1.78891
-38.5409 -64.0256 1.78778
-38.5758 -63.9628 1.78842
-38.5842 -63.9535 1.79186
-38.5943 -64.0047 1.78853
-38.47 -63.8666 1.78728
-38.6152 -63.8294 1.78935
-38.5617 -64.1377 1.79083
-38.5316 -63.9237 1.78753
-38.659 -63.9531 1.78595
-38.5536 -63.9765 1.78445
-38.5551 -63.9731 1.78444
-38.4784 -63.9881 1.7878
-38.5774 -64.0062 1.79396
-38.4931 -64.0605 1.78922
-38.4876 -64.057 1.7894
-38.6318 -64.0677 1.78555
-38.5153 -63.9878 1.7866
-38.592 -64.0181 1.78808
-38.5806 -64.0283 1.78715
-38.6536 -64.0361 1.79054
-38.5608 -63.9215 1.78921
-38.5343 -63.9929 1.78608
-38.5215 -63.934 1.78894
-38.5255 -64.01 1.78945
-38.5886 -63.934 1.78549
-38.5159 -63.9354 1.79048
-38.4994 -64.0303 1.79138
-38.5539 -63.9461 1.78572
-38.4733 -63.9615 1.7903
-38.471 -64.0267 1.78912
-38.4976 -64.0673 1.78732
-38.6145 -64.0474 1.79134
-38.5599 -64.0964 1.7913
-38.7131 -64.0209 1.78523
-38.5815 -63.909 1.78786
-38.549 -64.0673 1.79234
-38.6235 -63.9226 1.78615
-38.4837 -63.9237 1.78772
-38.6314 -64.0541 1.78843
-38.561 -64.0608 1.7926
-38.4593 -63.936 1.78698
-38.5585 -64.0372 1.78967
-38.5644 -64.0248 1.78738
-38.5949 -64.021 1.78779
-38.5739 -63.9999 1.7877
-38.4584 -63.9221 1.79043
-38.4874 -63.8858 1.78853
-38.5425 -63.9816 1.78796
-38.561 -64.0555 1.78766
-38.5303 -64.0483 1.78952
-38.532 -64.0493 1.78946
-38.6175 -63.8548 1.78762
-38.596 -64.0096 1.78972
-38.5368 -63.9336 1.79013
-38.5661 -63.9875 1.78901
-38.6597 -63.9619 1.78657
-38.5767 -64.0304 1.79389
-38.5138 -63.9692 1.78956
-38.468 -63.9515 1.78959
-38.5654 -64.0466 1.78967
-38.5028 -63.9575 1.78987
-38.5023 -63.9629 1.78978
-38.545 -63.9291 1.78764
-38.506 -63.998 1.7875
-38.5081 -64.0047 1.78756
-38.5377 -63.8783 1.79014
-38.5064 -63.9573 1.7862
-38.5093 -63.9569 1.78612
-38.571 -64.0026 1.78782
-38.5526 -63.9818 1.7876
-38.5723 -64.0191 1.78602
-38.58 -63.9929 1.78982
-38.6361 -63.9922 1.79314
-38.4661 -64.0004 1.78636
-38.553 -63.9746 1.78878
-38.5865 -63.8116 1.78593
-38.5354 -63.9646 1.78971
-38.5092 -63.9403 1.78646
-38.5746 -63.9806 1.78814
-38.5192 -63.9697 1.7876
-38.5749 -64.0673 1.79125
-38.6224 -63.9937 1.78937
-38.5092 -63.9618 1.78745
-38.4506 -63.9928 1.78993
-38.537 -63.9648 1.7872
-38.5309 -63.9661 1.78707
-38.5437 -64.0166 1.78751
-38.6027 -63.9285 1.78803
-38.5411 -63.9754 1.78897
-38.5741 -63.9484 1.78403
-38.5237 -63.9392 1.78748
-38.5575 -63.9543 1.79013
-38.5255 -63.929 1.78732
-38.4881 -63.9121 1.78927
-38.489 -63.9061 1.78924
-38.5629 -63.9723 1.78414
-38.5116 -63.9791 1.78915
-38.4826 -63.9918 1.78782
-38.4758 -63.9918 1.78768
-38.6128 -64.028 1.79062
-38.5637 -64.0303 1.78878
-38.5633 -64.0296 1.7889
-38.5104 -63.99 1.7866
-38.5918 -64.0161 1.78804
-38.5343 -63.9076 1.78919
-38.5637 -63.9654 1.79157
-38.5417 -64.0454 1.78477
-38.5328 -63.9918 1.78634
-38.5845 -64.136 1.79158
-38.5237 -64.0103 1.78939
-38.5178 -64.075 1.78782
-38.5211 -64.0754 1.78808
-38.5242 -64.0659 1.78975
-38.5676 -64.0568 1.7892
-38.6076 -64.0194 1.78889
-38.476 -63.9663 1.79018
-38.5553 -63.9473 1.78998
-38.4747 -64.0201 1.78883
-38.5688 -63.9712 1.78592
-38.5705 -63.9552 1.7894
-38.538 -64.0149 1.78898
-38.4966 -63.902 1.78798
-38.5483 -64.0686 1.7924
-38.5939 -64.0822 1.79215
-38.486 -63.9211 1.7877
-38.5508 -63.9712 1.78803
-38.6432 -64.0006 1.78889
-38.6288 -63.992 1.79032
-38.4553 -63.9346 1.78707
-38.5173 -63.9196 1.79109
-38.623 -64.0043 1.79247
-38.5757 -63.9284 1.79244
-38.5667 -64.021 1.78915
-38.6539 -64.0561 1.79035
-38.5431 -63.9825 1.78796
-38.5971 -64.0465 1.78804
-38.5644 -64.059 1.78745
-38.6239 -64.0117 1.78961
-38.5264 -64.0231 1.78728
-38.5246 -64.0245 1.78717
-38.5151 -63.9346 1.78985
-38.5657 -64.0802 1.78834
-38.5402 -63.9309 1.79032
-38.5663 -64.0843 1.79002
-38.4625 -63.8691 1.78906
-38.6122 -63.9328 1.78361
-38.539 -64.0166 1.7896
-38.5614 -63.9933 1.78647
-38.611 -64.0471 1.78885
-38.6242 -64.0246 1.78945
-38.6825 -63.9823 1.7855
-38.5971 -63.9858 1.79232
-38.5922 -64.0269 1.78789
-38.5672 -64.0414 1.78964
-38.5904 -64.2048 1.78966
-38.5544 -63.9596 1.79325
-38.6018 -64.0196 1.79045
-38.6138 -64.0165 1.79
-38.5855 -63.9519 1.78776
-38.6415 -63.9917 1.78839
-38.5766 -64.0011 1.78774
-38.4768 -64.0033 1.78656
-38.582 -64.0146 1.78598
-38.6216 -63.9423 1.78949
-38.5338 -63.9772 1.7857
-38.5379 -64.0213 1.78619
-38.5514 -63.9771 1.78884
-38.5166 -64.0614 1.78987
-38.5228 -64.0711 1.79133
-38.5782 -63.989 1.78898
-38.5389 -63.9971 1.78983
-38.5167 -63.9699 1.78756
-38.6208 -63.9997 1.78956
-38.5081 -63.9621 1.78752
-38.5121 -63.9668 1.78748
-38.5091 -63.9703 1.78768
-38.4492 -63.9932 1.7898
-38.5422 -63.9283 1.78983
-38.5623 -63.9793 1.7894
-38.6544 -63.9954 1.78695
-38.5395 -63.9655 1.78711
-38.5289 -64.088 1.7912
-38.5317 -64.0887 1.79111
-38.5308 -63.9772 1.78706
-38.4972 -63.8764 1.7905
-38.5409 -63.9765 1.78901
-38.6062 -63.881 1.78482
-38.5213 -63.9421 1.78748
-38.5335 -63.9717 1.78585
-38.5392 -64.0724 1.78961
-38.488 -63.9127 1.78925
-38.4984 -63.859 1.78847
-38.5946 -63.9753 1.7903
-38.5696 -64.0021 1.78542
-38.5093 -63.9799 1.78901
-38.4798 -63.9964 1.78769
-38.5986 -64.0288 1.78823
-38.6351 -63.9998 1.78678
-38.5514 -64.1198 1.79019
-38.487 -64.0575 1.78937
-38.4905 -64.0558 1.78942
-38.4863 -64.0589 1.78934
-38.4998 -64.0536 1.78952
-38.57 -64.0247 1.78823
-38.5105 -63.9927 1.78664
-38.5533 -64.0002 1.78937
-38.5737 -64.0746 1.78754
-38.5391 -63.9096 1.78903
-38.6038 -64.0147 1.78676
-38.6269 -63.9799 1.78851
-38.5407 -64.0405 1.78466
-38.5434 -64.0437 1.78467
-38.5299 -63.9883 1.78634
-38.584 -64.1375 1.79161
-38.4645 -63.9853 1.7902
-38.5226 -64.0832 1.78786
-38.5121 -63.9543 1.79081
-38.5202 -63.8841 1.78944
-38.5944 -63.9496 1.79331
-38.5551 -63.9443 1.78592
-38.5591 -63.9537 1.79017
-38.5233 -63.8903 1.78753
-38.4954 -64.0686 1.78715
-38.4934 -64.0706 1.78729
-38.5761 -63.9573 1.78949
-38.6332 -63.9812 1.79014
-38.5504 -63.9277 1.78915
-38.5322 -64.0068 1.78978
-38.5326 -64.0076 1.78963
-38.5295 -64.0086 1.78975
-38.5808 -63.925 1.78658
-38.5205 -64.0184 1.7896
-38.5957 -64.107 1.78989
-38.4619 -63.9328 1.78696
-38.5463 -64.0294 1.78518
-38.5469 -64.0304 1.7852
-38.6078 -64.0616 1.78607
-38.5299 -64.0144 1.78939
-38.6037 -63.9744 1.78886
-38.5993 -63.938 1.79034
-38.5591 -64.0483 1.78755
-38.5285 -64.0244 1.78718
-38.6006 -64.011 1.78983
-38.5638 -64.078 1.7884
-38.532 -63.9341 1.79005
-38.5541 -64.0324 1.7913
-38.5659 -63.927 1.78756
-38.5926 -63.9762 1.78524
-38.536 -64.0108 1.78963
-38.559 -63.9113 1.78658
-38.5114 -63.8932 1.79163
-38.4787 -63.9479 1.78936
-38.5677 -63.9388 1.78838
-38.5052 -63.9635 1.78979
-38.4968 -63.9603 1.7898
-38.5422 -63.9336 1.78771
-38.5451 -63.9259 1.78781
-38.5146 -63.9998 1.78753
-38.5753 -64.0092 1.78493
-38.5603 -63.9627 1.7913
-38.5091 -63.9577 1.78612
-38.5994 -64.0828 1.78563
-38.5196 -63.9309 1.78854
-38.4755 -63.9994 1.78664
-38.4704 -64.0013 1.78668
-38.5747 -64.0181 1.78594
-38.5592 -64.0212 1.78574
-38.6012 -63.9521 1.79035
-38.642 -64.0877 1.78762
-38.4983 -63.9455 1.78641
-38.5248 -63.9522 1.78981
-38.536 -63.9578 1.78938
-38.6026 -63.8912 1.78673
-38.5372 -63.9308 1.79061
-38.507 -63.9646 1.78744
-38.5176 -64.0236 1.78848
-38.5975 -64.0222 1.7883
-38.5416 -63.9686 1.78717
-38.541 -64.1188 1.79097
-38.538 -64.0232 1.78775
-38.5787 -63.9637 1.78849
-38.703 -63.9009 1.78712
-38.5019 -63.9047 1.79021
-38.5279 -63.9387 1.78752
-38.5654 -64.1398 1.79076
-38.5364 -64.0739 1.78963
-38.6097 -63.9533 1.79026
-38.5992 -63.971 1.79031
-38.5515 -64.0347 1.78795
-38.5115 -63.9821 1.7891
-38.4782 -63.9912 1.7877
-38.5475 -64.1177 1.79005
-38.4966 -64.055 1.78917
-38.5611 -64.0357 1.78889
-38.5584 -64.0307 1.78883
-38.5173 -63.9914 1.78664
-38.5472 -64.0071 1.78659
-38.5839 -64.0321 1.78722
-38.6231 -63.9791 1.78845
-38.5723 -64.1258 1.79132
-38.5877 -64.1366 1.79152
-38.4751 -63.984 1.79008
-38.5212 -64.0146 1.78935
-38.5119 -63.9611 1.79089
-38.5212 -63.8805 1.78949
-38.5921 -63.9005 1.79027
-38.4958 -64.0235 1.79139
-38.5446 -64.0113 1.78719
-38.4762 -63.9625 1.79021
-38.5558 -63.9562 1.78992
-38.5561 -63.9485 1.78997
-38.5335 -64.0068 1.78928
-38.5232 -63.8902 1.78766
-38.6061 -64.0416 1.78617
-38.4774 -64.0214 1.78902
-38.4749 -64.0269 1.78893
-38.4991 -64.0692 1.7872
-38.5584 -64.024 1.7896
-38.561 -64.0224 1.78986
-38.6349 -63.9753 1.79013
-38.5476 -63.928 1.78922
-38.5322 -64.0103 1.78971
-38.5743 -63.9023 1.78852
-38.6184 -64.1424 1.79028
-38.6167 -64.1455 1.79047
-38.5178 -64.0303 1.78964
-38.5941 -64.1016 1.7898
-38.4624 -63.9383 1.78691
-38.5656 -64.0246 1.78764
-38.5993 -64.0686 1.78597
-38.5839 -63.9437 1.78472
-38.6509 -64.0485 1.79047
-38.4915 -63.8796 1.78852
-38.5743 -64.0839 1.78968
-38.5706 -63.9625 1.78957
-38.5437 -63.9825 1.78802
-38.6527 -63.9897 1.78986
-38.5247 -64.0281 1.79032
-38.5192 -64.0279 1.79036
-38.5284 -64.0458 1.7895
-38.5039 -63.9328 1.78994
-38.5973 -64.0158 1.78988
-38.566 -64.0737 1.78842
-38.5715 -64.0889 1.78835
-38.6293 -63.9317 1.78377
-38.5612 -63.9879 1.78624
-38.6254 -63.9699 1.79262
-38.543 -63.9098 1.78657
-38.5086 -63.8898 1.7916
-38.4747 -63.953 1.78941
-38.4745 -63.9491 1.78941
-38.5805 -64.0322 1.78679
-38.5676 -64.0441 1.78978
-38.5816 -63.9584 1.78951
-38.5443 -63.9353 1.78766
-38.503 -64.0011 1.7875
-38.5758 -64.0158 1.78487
-38.6109 -63.9194 1.7887
-38.6052 -64.0409 1.78553
-38.5111 -63.9614 1.78607
-38.5581 -63.8747 1.78628
-38.5571 -63.8808 1.7865
-38.5923 -64.0492 1.78765
-38.579 -64.0135 1.78615
-38.5799 -63.9918 1.79
-38.5406 -64.019 1.78613
-38.5431 -64.0288 1.78623
-38.5607 -64.0194 1.78574
-38.4681 -64.0001 1.78648
-38.5519 -63.972 1.78878
-38.5546 -64.0371 1.78756
-38.5224 -64.062 1.79145
-38.664 -63.9707 1.7872
-38.5247 -63.9712 1.78769
-38.5243 -63.9481 1.78992
-38.5298 -63.96 1.78946
-38.5098 -63.9698 1.78733
-38.4579 -63.9914 1.78998
-38.5506 -64.055 1.78483
-38.5378 -64.0867 1.79117
-38.5344 -63.9789 1.78721
-38.5642 -63.9963 1.78926
-38.5836 -63.9588 1.79184
-38.5371 -63.9682 1.78898
-38.5914 -64.0042 1.78841
-38.5382 -64.0229 1.79045
-38.5029 -63.9079 1.7901
-38.5279 -63.9384 1.78753
-38.5618 -64.138 1.79095
-38.5575 -63.9299 1.79426
-38.588 -64.0958 1.79036
-38.5301 -63.9778 1.78738
-38.5072 -63.9265 1.78923
-38.5568 -63.976 1.78446
-38.5143 -63.9889 1.7893
-38.6042 -64.0292 1.79046
-38.4926 -64.0516 1.78935
-38.5148 -63.9884 1.78661
-38.5146 -63.9978 1.7868
-38.6253 -64.114 1.78837
-38.5471 -64.0027 1.78918
-38.5922 -63.9128 1.78674
-38.5368 -63.9077 1.78902
-38.6045 -64.0214 1.78682
-38.6432 -64.137 1.78965
-38.4645 -63.9786 1.79007
-38.5742 -63.9794 1.78963
-38.522 -64.0131 1.78926
-38.5912 -63.9362 1.7854
-38.5256 -64.0695 1.78986
-38.6302 -64.0744 1.7882
-38.4769 -63.9649 1.79025
-38.4743 -63.962 1.7902
-38.606 -64.0409 1.78616
-38.4773 -64.0313 1.78892
-38.6626 -63.9832 1.78842
-38.5606 -64.0987 1.79096
-38.5018 -63.8983 1.78785
-38.5005 -63.8962 1.78791
-38.6027 -63.9977 1.78616
-38.5846 -63.9927 1.78963
-38.5009 -63.9691 1.79207
-38.5749 -64.012 1.78777
-38.6196 -64.1417 1.79041
-38.6182 -64.009 1.78788
-38.5887 -64.105 1.78988
-38.4569 -63.9363 1.7871
-38.5615 -64.0211 1.78755
-37.7556 -66.168 1.80455
