265.603 26.5265 5.79997
265.571 26.5865 5.8032
265.625 26.5816 5.79613
265.67 26.5409 5.79946
265.666 26.5351 5.79955
265.606 26.5698 5.80233
265.59 26.4792 5.79719
265.573 26.6093 5.79793
265.628 26.5246 5.79643
265.625 26.5259 5.79649
265.659 26.5131 5.795
265.654 26.5276 5.79793
265.628 26.5551 5.79898
265.718 26.5251 5.79749
265.589 26.6644 5.80015
265.619 26.5655 5.79404
265.639 26.5775 5.8024
265.522 26.5517 5.7945
265.637 26.5055 5.79874
265.632 26.5051 5.79863
265.749 26.5911 5.79674
265.607 26.609 5.79921
265.655 26.5077 5.79881
265.677 26.5302 5.79379
265.682 26.5294 5.79364
265.647 26.5687 5.80199
265.647 26.601 5.7992
265.667 26.5748 5.79772
265.668 26.5707 5.79561
265.665 26.5714 5.79543
265.617 26.5599 5.79643
265.613 26.4768 5.79659
265.776 26.5667 5.79765
265.781 26.5656 5.79757
265.714 26.5923 5.79621
265.665 26.6226 5.79755
265.575 26.477 5.79931
265.604 26.5663 5.80009
265.601 26.5864 5.79563
265.599 26.5875 5.79554
265.635 26.6203 5.79802
265.681 26.4581 5.79816
265.677 26.5899 5.79537
265.501 26.5351 5.79822
265.602 26.4923 5.79762
265.657 26.6224 5.79787
265.706 26.4968 5.79498
265.671 26.5105 5.79393
265.662 26.4939 5.80155
265.761 26.6065 5.79925
265.654 26.5275 5.79719
265.649 26.5232 5.79855
265.62 26.5079 5.79771
265.623 26.4828 5.799
265.736 26.5028 5.79727
265.641 26.4212 5.80017
265.598 26.5106 5.79815
265.569 26.5668 5.79548
265.56 26.5642 5.79544
265.678 26.5101 5.79782
265.579 26.6172 5.80381
265.681 26.4526 5.79492
265.653 26.5682 5.79712
265.547 26.5184 5.79862
265.553 26.5321 5.7982
265.627 26.4743 5.7933
265.601 26.6416 5.79553
265.571 26.6073 5.79615
265.738 26.4791 5.79511
265.74 26.4794 5.79483
265.509 26.4944 5.79799
265.618 26.5464 5.80121
265.58 26.6329 5.7993
265.577 26.6287 5.79926
265.637 26.5354 5.7979
265.598 26.5204 5.79696
265.651 26.5808 5.80156
265.788 26.5944 5.80152
265.653 26.5591 5.79823
265.658 26.5581 5.79818
265.645 26.5706 5.7953
265.594 26.4749 5.79972
265.591 26.4696 5.79947
265.506 26.5058 5.79663
265.598 26.5709 5.79635
265.655 26.5102 5.79751
265.691 26.5051 5.79775
265.623 26.5565 5.79639
265.664 26.5492 5.79835
265.667 26.5488 5.79835
265.651 26.5668 5.79918
265.642 26.4964 5.79718
265.709 26.6114 5.79741
265.639 26.5207 5.79906
265.668 26.4843 5.79689
265.645 26.5237 5.8005
265.646 26.5325 5.80027
265.644 26.521 5.80049
265.699 26.5494 5.79983
265.695 26.5435 5.79986
265.636 26.4435 5.79899
265.573 26.5844 5.79961
265.787 26.5763 5.79738
265.663 26.487 5.79875
265.728 26.5365 5.79552
265.677 26.5831 5.79698
265.657 26.5972 5.79728
265.654 26.547 5.79715
265.651 26.547 5.79709
265.66 26.7452 5.79596
265.577 26.5194 5.8003
265.664 26.6172 5.79875
265.542 26.5435 5.79889
265.534 26.5384 5.79885
265.632 26.6298 5.7971
265.663 26.5503 5.79889
265.666 26.5538 5.79891
265.656 26.5097 5.79615
265.643 26.6216 5.79571
265.713 26.5582 5.7976
265.639 26.5381 5.79671
265.598 26.5188 5.79333
265.589 26.5409 5.79827
265.626 26.5446 5.80095
265.654 26.5124 5.80074
265.601 26.5255 5.79892
265.645 26.5288 5.79748
265.628 26.6203 5.79411
265.587 26.4872 5.79689
265.627 26.5234 5.79572
265.581 26.556 5.7978
265.676 26.5438 5.79659
265.625 26.6038 5.79236
265.718 26.5767 5.79645
265.688 26.5687 5.79904
265.542 26.487 5.8017
265.584 26.613 5.79737
265.663 26.5442 5.80025
265.596 26.5783 5.79537
265.666 26.5189 5.79963
265.685 26.4979 5.79799
265.733 26.4737 5.79739
265.667 26.5377 5.79482
265.582 26.6016 5.80092
265.579 26.6008 5.80081
265.659 26.5984 5.79758
265.665 26.549 5.79841
265.65 26.4263 5.80046
265.622 26.6031 5.79819
265.586 26.5642 5.79877
265.594 26.5668 5.79878
265.627 26.5653 5.80038
265.69 26.5155 5.79527
265.556 26.5823 5.79973
265.607 26.4723 5.79805
265.739 26.5279 5.7935
265.648 26.5097 5.7972
265.62 26.509 5.79797
265.617 26.5341 5.79878
265.588 26.5622 5.79736
265.591 26.5232 5.79761
265.64 26.5186 5.79731
265.711 26.5582 5.79966
265.63 26.5067 5.79513
265.623 26.5421 5.79769
265.671 26.5151 5.79831
265.626 26.5389 5.79729
265.608 26.5755 5.79485
265.572 26.5691 5.79983
265.593 26.5342 5.79782
265.631 26.5017 5.79658
265.689 26.5024 5.79894
265.572 26.6169 5.79711
265.648 26.6204 5.79959
265.663 26.7241 5.79565
265.647 26.5244 5.79758
265.649 26.5294 5.79866
265.63 26.5329 5.79965
265.627 26.5828 5.80084
265.583 26.5606 5.79766
265.604 26.5435 5.80069
265.692 26.4696 5.79791
265.649 26.5566 5.80003
265.633 26.5286 5.79712
265.607 26.5717 5.79575
265.573 26.5628 5.7978
265.574 26.5649 5.7978
265.594 26.5769 5.79931
265.634 26.465 5.79733
265.611 26.5399 5.7948
265.609 26.5452 5.79474
265.578 26.5757 5.80057
265.73 26.6085 5.79694
265.578 26.5136 5.79692
265.602 26.5516 5.79497
265.631 26.611 5.796
265.667 26.5284 5.79923
265.621 26.4475 5.79783
265.593 26.574 5.79966
265.667 26.5364 5.79808
265.68 26.4808 5.79855
265.586 26.5716 5.79431
265.605 26.4677 5.79692
265.683 26.4476 5.79704
265.647 26.4995 5.80027
265.58 26.5551 5.79973
265.582 26.5479 5.79979
265.583 26.5532 5.79967
265.623 26.5967 5.80117
265.654 26.5631 5.79496
265.717 26.5013 5.79854
265.716 26.5082 5.79849
265.637 26.5114 5.79772
265.547 26.5981 5.79381
265.649 26.5375 5.79801
265.635 26.5207 5.79771
265.637 26.5764 5.79688
265.71 26.4146 5.79896
265.668 26.595 5.80265
265.623 26.5326 5.7966
265.566 26.5577 5.79696
265.569 26.5591 5.79713
265.706 26.626 5.79721
265.586 26.5677 5.79828
265.587 26.5674 5.79849
265.585 26.564 5.79851
265.639 26.509 5.79946
265.571 26.5007 5.79593
265.659 26.5164 5.79527
265.542 26.5356 5.79866
265.579 26.6753 5.79687
265.588 26.5494 5.79957
265.624 26.5508 5.7951
265.629 26.5022 5.80104
265.625 26.4799 5.79839
265.698 26.5987 5.79938
265.566 26.5575 5.79913
265.72 26.5423 5.79668
265.642 26.5404 5.79777
265.597 26.5469 5.79946
265.674 26.4384 5.79971
265.682 26.5379 5.79729
265.567 26.5668 5.80072
265.662 26.572 5.79682
265.66 26.5726 5.79687
265.627 26.5999 5.79959
265.64 26.4439 5.80163
265.59 26.5287 5.79479
265.655 26.528 5.79621
265.631 26.4499 5.79928
265.636 26.6392 5.79719
265.616 26.5693 5.79602
265.628 26.5655 5.7961
265.62 26.5612 5.79602
265.7 26.4687 5.79746
265.698 26.4664 5.79738
265.702 26.4674 5.79742
265.576 26.5224 5.80174
265.625 26.4467 5.7993
265.631 26.5221 5.80103
265.644 26.6 5.802
265.711 26.5618 5.79837
265.631 26.5601 5.80104
265.635 26.5562 5.80102
265.63 26.607 5.80054
265.641 26.5174 5.79762
265.701 26.5795 5.79873
265.612 26.524 5.79797
265.568 26.5702 5.7951
265.602 26.5685 5.79706
265.628 26.5246 5.79556
265.652 26.5829 5.79664
265.595 26.499 5.79558
265.615 26.598 5.79948
265.583 26.594 5.80329
265.717 26.5835 5.79845
265.632 26.5777 5.79629
265.632 26.5725 5.7961
265.639 26.6129 5.79816
265.707 26.594 5.79641
265.639 26.597 5.79805
265.613 26.5418 5.79697
265.624 26.5625 5.79636
265.623 26.4087 5.79714
265.758 26.5474 5.80073
265.6 26.5191 5.79702
265.631 26.5807 5.79608
265.63 26.5767 5.79594
265.665 26.5355 5.79949
265.651 26.5501 5.79917
265.579 26.5453 5.8028
265.596 26.4777 5.79708
265.515 26.5702 5.79471
265.653 26.5167 5.79504
265.655 26.5255 5.79773
265.589 26.6075 5.80125
265.585 26.6034 5.8012
265.628 26.5598 5.7992
265.621 26.6656 5.7914
265.553 26.5338 5.80189
265.554 26.5419 5.80182
265.632 26.4624 5.79822
265.591 26.5144 5.79604
265.636 26.5701 5.79649
265.661 26.4893 5.80013
265.638 26.5062 5.79882
265.749 26.5874 5.79684
265.547 26.5218 5.7972
265.606 26.606 5.79918
265.609 26.6052 5.79907
265.659 26.5319 5.7967
265.676 26.5243 5.79351
265.653 26.5772 5.80211
265.646 26.6003 5.79919
265.68 26.5715 5.79752
265.706 26.5376 5.79785
265.664 26.5664 5.79554
265.735 26.5572 5.80172
265.75 26.4914 5.79665
265.606 26.4718 5.79656
265.614 26.4749 5.79671
265.776 26.565 5.79777
265.613 26.6486 5.79587
265.711 26.5878 5.79613
265.709 26.5926 5.79613
265.596 26.4688 5.79542
265.634 26.4915 5.79829
265.638 26.5206 5.79965
265.599 26.5847 5.79544
265.598 26.5856 5.79558
265.647 26.5321 5.79705
265.685 26.4585 5.79818
265.683 26.4508 5.79807
265.681 26.5908 5.79536
265.594 26.4847 5.79764
265.605 26.4881 5.79757
265.653 26.6214 5.79792
265.66 26.6205 5.79771
265.592 26.5927 5.80036
265.664 26.495 5.80149
265.546 26.4699 5.79971
265.565 26.6382 5.79911
265.56 26.6358 5.79938
265.647 26.5252 5.79866
265.648 26.5262 5.79848
265.619 26.5092 5.7977
265.735 26.5037 5.7974
265.597 26.5054 5.7982
265.703 26.6001 5.79825
265.565 26.5707 5.79563
265.678 26.5038 5.79778
265.678 26.5086 5.79781
265.704 26.4804 5.79759
265.698 26.4786 5.79746
265.628 26.6019 5.79553
265.587 26.5958 5.80289
265.592 26.6039 5.80291
265.643 26.6594 5.79856
265.583 26.4056 5.79586
265.581 26.6151 5.80011
265.509 26.5219 5.79962
265.672 26.5195 5.79509
265.57 26.6033 5.79632
265.609 26.5455 5.80115
265.72 26.478 5.79747
265.585 26.6275 5.79919
265.596 26.5159 5.79704
265.604 26.4939 5.79895
265.673 26.4966 5.79824
265.656 26.5574 5.79831
265.634 26.5233 5.79485
265.646 26.5708 5.79518
265.588 26.4727 5.79966
265.677 26.571 5.79717
265.676 26.57 5.79716
265.668 26.5587 5.80047
265.601 26.57 5.79619
265.66 26.5092 5.79754
265.627 26.5723 5.79562
265.671 26.55 5.79822
265.648 26.6956 5.7945
265.642 26.4952 5.7971
265.663 26.5132 5.79764
265.665 26.525 5.79752
265.636 26.5247 5.79897
265.664 26.4816 5.79679
265.639 26.5298 5.80068
265.681 26.5736 5.79625
265.623 26.4832 5.79666
265.606 26.4833 5.79655
265.599 26.4646 5.79506
265.574 26.5835 5.79954
265.573 26.5828 5.79943
265.666 26.5303 5.79857
265.732 26.5343 5.79572
265.683 26.6051 5.79786
265.661 26.5968 5.79733
265.649 26.5496 5.797
265.643 26.4705 5.79987
265.661 26.6174 5.79869
265.712 26.4972 5.79836
265.593 26.5931 5.79999
265.67 26.683 5.79836
265.638 26.6291 5.79706
265.667 26.548 5.79886
265.638 26.6198 5.79537
265.642 26.6171 5.79552
265.722 26.5619 5.79753
265.636 26.5428 5.79687
265.612 26.5032 5.79771
265.588 26.5458 5.79822
265.66 26.6276 5.7969
265.616 26.6276 5.79993
265.599 26.5254 5.79874
265.541 26.6602 5.79797
265.631 26.625 5.79431
265.629 26.624 5.79419
265.586 26.5601 5.79771
265.579 26.5657 5.79784
265.679 26.5418 5.79659
265.722 26.5825 5.79644
265.718 26.5795 5.79637
265.543 26.485 5.80168
265.582 26.611 5.79746
265.705 26.5425 5.79816
265.659 26.5476 5.80032
265.651 26.5467 5.80025
265.645 26.6123 5.79715
265.659 26.5156 5.79965
265.73 26.4765 5.79728
265.664 26.5415 5.7948
265.585 26.6036 5.80075
265.66 26.5918 5.79754
265.49 26.5142 5.8007
265.62 26.5768 5.79971
265.625 26.6041 5.79796
265.532 26.5139 5.79881
265.589 26.5658 5.79893
265.587 26.5331 5.80056
265.653 26.5484 5.80021
265.733 26.5213 5.79374
265.734 26.5181 5.79371
265.733 26.5219 5.79374
265.646 26.5093 5.79716
265.645 26.5048 5.79723
265.617 26.5128 5.79809
265.618 26.5128 5.79806
265.611 26.5377 5.79865
265.586 26.5567 5.79733
265.604 26.5529 5.79792
265.593 26.525 5.7976
265.641 26.5174 5.79731
265.7 26.5416 5.79607
265.632 26.506 5.79514
265.626 26.541 5.79768
265.659 26.5131 5.79832
265.682 26.5577 5.80079
265.623 26.5376 5.79731
265.609 26.5762 5.79488
265.608 26.5758 5.79476
265.633 26.5191 5.79891
265.589 26.5311 5.798
265.641 26.5073 5.7967
265.693 26.5046 5.7988
265.57 26.6186 5.7969
265.763 26.5594 5.79289
265.647 26.624 5.79959
265.615 26.5317 5.8025
265.644 26.5255 5.79747
265.641 26.5241 5.79747
265.646 26.5312 5.79855
265.642 26.5461 5.79771
265.652 26.5256 5.7994
265.577 26.5648 5.79768
265.595 26.5361 5.80073
265.648 26.5542 5.79988
265.631 26.5301 5.79683
265.636 26.5314 5.79688
265.635 26.5316 5.79683
265.607 26.57 5.79565
265.611 26.5691 5.79554
265.685 26.6373 5.79774
265.573 26.5631 5.79771
265.606 26.5009 5.79507
265.603 26.4945 5.79494
265.64 26.4722 5.79714
265.615 26.5399 5.79457
265.616 26.5385 5.79453
265.632 26.492 5.79833
265.58 26.5741 5.80057
265.735 26.6115 5.79727
265.584 26.5318 5.79945
265.583 26.5263 5.79954
265.584 26.5343 5.79946
265.574 26.5157 5.79728
265.608 26.5572 5.79514
265.631 26.6115 5.79585
265.629 26.4428 5.79789
265.585 26.5765 5.79954
264.266 23.9185 5.78553
