246.514 28.6405 0.0789652
246.609 28.6467 0.0792553
246.511 28.5048 0.0814968
246.473 28.5653 0.078518
246.444 28.5758 0.0805288
246.419 28.6746 0.0803197
246.584 28.6524 0.0819414
246.602 28.6746 0.081039
246.466 28.6648 0.0814729
246.647 28.5992 0.0784061
246.591 28.6634 0.0784199
246.577 28.672 0.0788088
246.529 28.607 0.0809662
246.614 28.5611 0.0774352
246.502 28.6604 0.0801238
246.473 28.5075 0.0818159
246.548 28.5933 0.0781963
246.393 28.5606 0.0780139
246.528 28.5926 0.0787159
246.503 28.6819 0.0798916
246.501 28.6638 0.0805836
246.58 28.5548 0.0778698
246.541 28.5829 0.0814793
246.512 28.5076 0.0812319
246.584 28.6117 0.0810586
246.551 28.5667 0.0787556
246.535 28.513 0.0796246
246.71 28.6651 0.078839
246.53 28.6133 0.0782512
246.46 28.5522 0.0776484
246.534 28.5958 0.0795001
246.519 28.5936 0.0809772
246.59 28.5755 0.0801941
246.471 28.5306 0.0803819
246.452 28.603 0.0798407
246.497 28.6835 0.080096
246.468 28.7612 0.0801695
246.561 28.7137 0.0788744
246.49 28.6006 0.0797709
246.492 28.6039 0.0791741
246.575 28.5537 0.0778461
246.41 28.5193 0.0762882
246.513 28.5549 0.0809946
246.493 28.5686 0.0801874
246.593 28.7128 0.0764717
246.53 28.6658 0.0814489
246.469 28.5897 0.079563
246.499 28.6282 0.0807431
246.612 28.5853 0.0816462
246.519 28.5609 0.0808799
246.529 28.4793 0.0771807
246.628 28.622 0.0791705
246.526 28.591 0.0799933
246.505 28.4554 0.0809385
246.504 28.4853 0.0796335
246.492 28.5401 0.079633
246.408 28.5715 0.0809069
246.583 28.6134 0.077703
246.449 28.5728 0.0817475
246.527 28.5263 0.0760911
246.564 28.5952 0.0806025
246.524 28.6289 0.078971
246.532 28.4918 0.0820994
246.489 28.597 0.080055
246.478 28.5676 0.0785907
246.631 28.555 0.0740052
246.52 28.5034 0.078399
246.513 28.6014 0.0817204
246.586 28.635 0.0798018
246.446 28.5521 0.0811472
246.493 28.5544 0.0815309
246.491 28.6053 0.0837321
246.502 28.4982 0.0813346
246.593 28.6412 0.0785411
246.568 28.6149 0.0793476
246.548 28.5523 0.0783779
246.506 28.6458 0.0769373
246.456 28.5922 0.0832002
246.552 28.5033 0.0786694
246.457 28.6569 0.0770051
246.446 28.61 0.081248
246.524 28.5118 0.0790607
246.606 28.4378 0.0810832
246.443 28.6083 0.0781054
246.455 28.5288 0.0792349
246.598 28.5646 0.0752428
246.616 28.4827 0.0789465
246.52 28.4823 0.0828012
246.594 28.5584 0.0799299
246.414 28.5174 0.0789686
246.49 28.6262 0.0783073
246.568 28.6442 0.0778711
246.513 28.6212 0.0795515
246.556 28.609 0.0782238
246.554 28.5112 0.0807379
246.597 28.5888 0.0770509
246.535 28.5246 0.0790737
246.542 28.6071 0.0817911
246.468 28.6304 0.0798486
246.657 28.5912 0.0753811
246.465 28.6803 0.0817325
246.488 28.6359 0.0800475
246.508 28.5965 0.0790956
246.507 28.6159 0.078408
246.583 28.6911 0.0755062
246.575 28.602 0.079371
246.422 28.5497 0.0813425
246.537 28.6592 0.0796713
246.688 28.6277 0.0758672
246.432 28.5022 0.0811119
246.541 28.6214 0.0813372
246.515 28.5919 0.0807395
246.486 28.6001 0.0798541
246.505 28.6285 0.0795512
246.432 28.5901 0.079111
246.498 28.6329 0.0809892
246.581 28.6252 0.077935
246.543 28.5648 0.0800747
246.639 28.558 0.0786833
246.44 28.5588 0.0765301
246.559 28.5697 0.0791581
246.532 28.67 0.0792814
246.532 28.5467 0.0803199
246.554 28.6199 0.0799282
246.572 28.5907 0.0794102
246.605 28.6179 0.0789144
246.507 28.6294 0.0801581
246.522 28.52 0.0807587
246.545 28.6254 0.0795044
246.625 28.571 0.0796695
246.483 28.511 0.0819889
246.488 28.5717 0.0792988
246.526 28.6005 0.0799774
246.538 28.5894 0.0764807
246.41 28.4936 0.0792539
246.491 28.5858 0.0837158
246.522 28.619 0.0810164
246.465 28.6314 0.0787787
246.538 28.5936 0.0793391
246.57 28.5561 0.0836953
246.568 28.5159 0.0790704
246.478 28.6074 0.0772458
246.556 28.6561 0.0786833
246.574 28.5949 0.0801264
246.559 28.4476 0.0795463
246.423 28.4783 0.0811822
246.509 28.5666 0.0812334
246.612 28.6699 0.0806611
246.427 28.6254 0.0802538
246.532 28.5775 0.0771926
246.505 28.483 0.077974
246.562 28.63 0.0786453
246.633 28.542 0.0791624
246.537 28.6799 0.0793837
246.491 28.6806 0.0793825
246.51 28.5662 0.0800392
246.485 28.5633 0.0811735
246.58 28.6062 0.0804925
246.398 28.5269 0.0798579
246.489 28.5374 0.0805951
246.576 28.6136 0.0771785
246.632 28.6376 0.0789868
246.482 28.4668 0.0786505
246.516 28.6241 0.0803035
246.458 28.6227 0.0796544
246.633 28.4418 0.0814027
246.536 28.6967 0.0794679
246.47 28.5714 0.0794584
246.624 28.6109 0.077111
246.517 28.6974 0.0795798
246.578 28.6692 0.0775618
246.541 28.7234 0.0779505
246.586 28.6662 0.0791286
246.481 28.4759 0.0763395
246.607 28.6318 0.0779148
246.503 28.5099 0.0808658
246.551 28.612 0.0800316
246.528 28.646 0.0810632
246.559 28.6684 0.0751006
246.535 28.6415 0.0797707
246.463 28.4947 0.0758432
246.497 28.622 0.0803674
246.507 28.6747 0.0806129
246.485 28.6714 0.0808961
246.478 28.555 0.076086
246.503 28.5259 0.0783685
246.582 28.6399 0.0795802
246.589 28.5425 0.075051
246.502 28.6156 0.0749967
246.548 28.6403 0.0800457
246.558 28.4581 0.0791723
246.558 28.5678 0.0799802
246.507 28.6604 0.0802973
246.428 28.6365 0.0782452
246.521 28.5914 0.0792294
246.552 28.5256 0.0811376
246.503 28.6282 0.0791822
246.487 28.5455 0.0813035
246.528 28.5882 0.0799385
246.496 28.6498 0.0799813
246.444 28.6512 0.0812809
246.528 28.6254 0.0823542
246.588 28.6729 0.0794273
246.478 28.5854 0.0806887
246.563 28.57 0.0866577
246.61 28.6353 0.0793918
246.55 28.5591 0.0802694
246.526 28.5684 0.0780303
246.467 28.5594 0.0783379
246.529 28.6565 0.0791161
246.548 28.6702 0.0783054
246.517 28.6326 0.0754078
246.536 28.4724 0.0778601
246.489 28.5347 0.0800235
246.561 28.5303 0.0769069
246.438 28.5754 0.0781502
246.537 28.6123 0.0763438
246.455 28.6754 0.080698
246.473 28.6927 0.0800731
246.574 28.5436 0.080716
246.622 28.5621 0.0732273
246.609 28.6883 0.0766058
246.567 28.6097 0.0785483
246.558 28.651 0.0788224
246.581 28.5591 0.0771754
246.473 28.5881 0.0771353
246.455 28.5255 0.0767468
246.61 28.6237 0.0774015
246.658 28.6218 0.0799031
246.527 28.5498 0.0769274
246.61 28.6251 0.0746663
246.491 28.5977 0.0762454
246.615 28.7465 0.0793586
246.496 28.6535 0.0791297
246.503 28.6091 0.0801668
246.503 28.5124 0.0808272
246.594 28.526 0.0803418
246.577 28.5719 0.0774488
246.52 28.6416 0.0783232
246.622 28.6698 0.0796281
246.547 28.671 0.079087
246.614 28.6249 0.0796714
246.559 28.49 0.0796784
246.645 28.6575 0.0765533
246.48 28.6499 0.0818406
246.504 28.6427 0.0816614
246.409 28.615 0.0813195
246.499 28.6356 0.0806229
246.608 28.5145 0.0764354
246.663 28.5992 0.0774952
246.604 28.5327 0.0778296
246.571 28.5635 0.0795852
246.579 28.6514 0.0804562
246.585 28.5752 0.0792308
246.543 28.5986 0.0775553
246.478 28.553 0.0817705
246.559 28.5384 0.0779044
246.547 28.6027 0.0778506
246.573 28.5235 0.0804344
246.568 28.6138 0.079096
246.515 28.4581 0.0822828
246.535 28.5873 0.0769466
246.514 28.5891 0.0800947
246.475 28.4996 0.080966
246.48 28.5111 0.0799076
246.607 28.4675 0.0745098
246.507 28.6115 0.0797884
246.489 28.6159 0.0817206
246.575 28.6031 0.0821661
246.582 28.6584 0.0801036
246.601 28.6423 0.0810028
246.604 28.6434 0.0809991
246.478 28.5318 0.0818509
246.535 28.5338 0.0777298
246.545 28.6209 0.0830996
246.57 28.6237 0.078439
246.581 28.6038 0.0795066
246.458 28.5771 0.0768064
246.552 28.5616 0.0748459
246.477 28.5333 0.0803016
246.41 28.5141 0.0818599
246.629 28.6458 0.0816748
246.448 28.6069 0.0811605
246.456 28.526 0.0788825
246.629 28.4791 0.0812724
246.489 28.6273 0.0787513
246.431 28.6511 0.0784686
246.478 28.5839 0.0793333
246.492 28.6533 0.0808674
246.602 28.5591 0.0798149
246.459 28.4575 0.0789803
246.579 28.5057 0.0801202
246.497 28.5324 0.0817481
246.582 28.587 0.0773622
246.503 28.6418 0.0802027
246.531 28.5884 0.0789003
246.546 28.4928 0.0808714
246.544 28.5758 0.0772017
246.493 28.5113 0.0782546
246.551 28.6044 0.0814567
246.57 28.5576 0.0793564
246.406 28.5988 0.0811492
246.538 28.6832 0.079202
246.487 28.5745 0.0770243
246.575 28.7211 0.0782176
246.477 28.6698 0.0787523
246.556 28.5633 0.0779395
246.545 28.574 0.082201
246.551 28.5799 0.0782857
246.394 28.4937 0.077243
246.594 28.6618 0.0757561
246.47 28.5304 0.0792383
246.53 28.6295 0.0847419
246.469 28.6026 0.0811231
246.422 28.6638 0.0824358
246.6 28.6438 0.0767798
246.575 28.5435 0.0778203
246.569 28.4814 0.0817177
246.666 28.5244 0.0786819
246.67 28.5843 0.0788803
246.52 28.5342 0.0786155
246.587 28.6175 0.0775706
246.522 28.6616 0.079005
246.519 28.5558 0.0816546
246.571 28.6195 0.080422
246.565 28.6881 0.07845
246.534 28.5436 0.0798442
246.508 28.5902 0.0803935
246.535 28.5764 0.0819547
246.5 28.609 0.0785706
246.562 28.6816 0.0818865
246.562 28.655 0.0837219
246.497 28.5214 0.0811984
246.505 28.516 0.0786717
246.523 28.5094 0.0828494
246.515 28.5854 0.0782387
246.479 28.612 0.0790643
246.52 28.5688 0.0802967
246.595 28.4655 0.0803746
246.519 28.5444 0.0779015
246.493 28.5625 0.0794333
246.492 28.5849 0.0791902
246.419 28.585 0.0802568
246.493 28.5949 0.0794426
246.523 28.5644 0.0781267
246.613 28.5734 0.0771005
246.458 28.6683 0.079381
246.493 28.5485 0.0822351
246.448 28.5463 0.0839587
246.65 28.5296 0.0789966
246.49 28.6946 0.0810295
246.466 28.5591 0.078401
246.509 28.6067 0.0740931
246.595 28.6433 0.0799014
246.542 28.5537 0.0780886
246.487 28.5838 0.0789732
246.573 28.6596 0.0778654
246.51 28.529 0.0817095
246.471 28.5052 0.0780363
246.499 28.5557 0.0801666
246.563 28.534 0.079459
246.655 28.6296 0.0796867
246.472 28.6086 0.0790535
246.58 28.6517 0.0808335
246.618 28.556 0.0790781
246.487 28.6309 0.075732
246.529 28.6916 0.0787854
246.505 28.5607 0.0801065
246.494 28.6584 0.079637
246.528 28.644 0.077389
246.488 28.4873 0.0763274
246.59 28.6363 0.0785152
246.533 28.5716 0.0776223
246.552 28.6219 0.0764746
246.556 28.5722 0.0797459
246.634 28.5538 0.0793249
246.583 28.6608 0.0760488
246.532 28.518 0.0793936
246.634 28.5206 0.0798829
246.542 28.6056 0.0801119
246.598 28.5006 0.0783018
246.579 28.5255 0.0806363
246.639 28.5751 0.079151
246.549 28.5649 0.0800409
246.6 28.6229 0.0781175
246.602 28.6213 0.0786071
246.517 28.6077 0.0777855
246.504 28.5079 0.0788502
246.594 28.5696 0.0806888
246.544 28.5916 0.0813755
246.512 28.545 0.0796873
246.489 28.6104 0.0810595
246.503 28.6269 0.0775438
246.514 28.5056 0.0803413
246.55 28.5597 0.0775921
246.418 28.6358 0.0772436
246.569 28.596 0.0780428
246.491 28.5744 0.0816929
246.563 28.6318 0.0813719
246.55 28.5968 0.0752201
246.551 28.5757 0.0848416
246.535 28.6317 0.0789657
246.501 28.6252 0.0788487
246.477 28.6384 0.0790624
246.588 28.5732 0.0759954
246.489 28.5239 0.0837545
246.563 28.5758 0.0790992
246.439 28.6035 0.0808065
246.661 28.5779 0.0799175
246.416 28.624 0.076657
246.532 28.4695 0.0768395
246.476 28.5948 0.0759946
246.54 28.7024 0.0797817
246.568 28.5358 0.0798332
246.564 28.4513 0.077467
246.542 28.5317 0.0758534
246.628 28.6171 0.077763
246.586 28.6479 0.0804786
246.486 28.4844 0.0809776
246.616 28.591 0.0781687
246.53 28.6196 0.077801
246.437 28.6339 0.0813496
246.513 28.546 0.0787246
246.618 28.5727 0.0773478
246.448 28.5994 0.0795746
246.519 28.5226 0.0787862
246.531 28.5086 0.0774775
246.627 28.6398 0.0786971
246.537 28.5692 0.0825786
246.62 28.5181 0.078483
246.551 28.6248 0.0793941
246.526 28.6035 0.0785989
246.591 28.5572 0.0767913
246.446 28.614 0.081016
246.555 28.7634 0.0802514
246.477 28.5227 0.0820666
246.532 28.6178 0.0780764
246.58 28.609 0.0789492
246.611 28.7536 0.0778187
246.519 28.6757 0.077907
246.544 28.49 0.0790217
246.553 28.5921 0.0773436
246.536 28.5697 0.0801791
246.577 28.5968 0.0808137
246.634 28.537 0.077712
246.601 28.5249 0.0789747
246.433 28.6412 0.0821208
246.51 28.5557 0.0812133
246.444 28.5116 0.0794865
246.585 28.6206 0.0803192
246.487 28.6433 0.0816477
246.57 28.5798 0.0778742
246.446 28.5338 0.0791023
246.553 28.5713 0.0766471
246.53 28.6569 0.0797112
246.503 28.5603 0.0766517
246.589 28.6129 0.0782643
246.452 28.5067 0.080969
246.606 28.5157 0.0782513
246.529 28.6296 0.0797651
246.556 28.6617 0.0796955
246.517 28.5827 0.0801113
246.561 28.6067 0.0789934
246.6 28.5662 0.0788325
246.471 28.533 0.0775018
246.496 28.5887 0.0827408
246.585 28.6819 0.0805964
246.582 28.5965 0.0787516
246.528 28.5558 0.0795104
246.472 28.5974 0.0800575
246.502 28.5506 0.0784022
246.495 28.4979 0.07736
246.457 28.5519 0.0815209
246.534 28.5142 0.0789408
246.556 28.6742 0.0781138
246.442 28.5799 0.0801097
246.505 28.6049 0.0774412
246.556 28.6062 0.0791369
246.597 28.6382 0.0803505
246.613 28.5854 0.0756959
246.597 28.594 0.0774603
246.463 28.5987 0.0807451
246.659 28.5351 0.079848
246.494 28.6708 0.0776749
246.506 28.4554 0.0794764
246.434 28.5806 0.0801053
246.548 28.6084 0.0801301
246.528 28.5662 0.0807548
246.466 28.6203 0.0775996
246.517 28.5653 0.0809172
246.491 28.596 0.0796249
246.482 28.5701 0.0790892
246.628 28.6034 0.0797852
246.543 28.5809 0.0795062
246.454 28.5755 0.0816919
246.428 28.5627 0.0788073
246.528 28.573 0.0782784
246.645 28.6105 0.0786188
246.496 28.5619 0.0809192
243.507 33.3015 0.0859612
