-22.9753 -9.7101 0.799438
-22.9772 -9.66129 0.79111
-22.8538 -9.64719 0.794602
-22.8958 -9.77278 0.792862
-22.9381 -9.65718 0.793873
-22.8931 -9.64783 0.794619
-22.9283 -9.65547 0.791617
-23.0092 -9.61194 0.791813
-22.9385 -9.65021 0.791977
-22.96 -9.69496 0.792203
-22.8479 -9.77525 0.794823
-23.0022 -9.71019 0.790642
-23.0559 -9.709 0.791503
-22.8942 -9.60703 0.79212
-23.007 -9.63756 0.792327
-22.8812 -9.65255 0.79517
-22.9996 -9.68785 0.792175
-22.9139 -9.73684 0.791656
-22.9605 -9.69987 0.792429
-22.9407 -9.72298 0.790153
-22.8976 -9.71926 0.791044
-22.9117 -9.76568 0.79099
-22.8732 -9.7226 0.790896
-22.9214 -9.67333 0.789798
-23.0273 -9.59642 0.792309
-22.8732 -9.63113 0.795107
-23.078 -9.62705 0.794292
-22.9857 -9.72763 0.791886
-22.9324 -9.64617 0.793446
-23.0268 -9.70825 0.796196
-22.9393 -9.64875 0.793326
-23.0259 -9.68564 0.795568
-22.9589 -9.65615 0.79031
-22.9913 -9.65656 0.792453
-22.9559 -9.68781 0.797416
-22.9766 -9.64195 0.794523
-23.0117 -9.6971 0.790446
-22.9379 -9.64602 0.792098
-22.9403 -9.71406 0.793052
-22.9543 -9.66535 0.795262
-23.0738 -9.62523 0.79493
-22.9641 -9.77627 0.79517
-22.9157 -9.64001 0.793843
-22.994 -9.64296 0.793138
-22.8572 -9.72359 0.797022
-22.9806 -9.62706 0.794729
-22.9104 -9.75513 0.795677
-22.9909 -9.72369 0.791614
-22.873 -9.56894 0.790333
-22.9575 -9.72353 0.795027
-22.9482 -9.63247 0.792586
-22.9249 -9.67022 0.793344
-22.9838 -9.64404 0.793351
-22.9597 -9.63529 0.796172
-22.9742 -9.67084 0.791509
-22.9372 -9.72512 0.791349
-22.9992 -9.69543 0.791678
-22.9299 -9.58124 0.791671
-22.9174 -9.72856 0.79321
-22.9968 -9.65694 0.794693
-22.8828 -9.74109 0.793721
-22.8416 -9.73907 0.793921
-22.8978 -9.72644 0.789184
-23.0446 -9.61473 0.787612
-22.9596 -9.75338 0.792573
-22.8547 -9.64069 0.791894
-22.9747 -9.76941 0.790976
-22.9483 -9.745 0.791894
-22.8993 -9.75234 0.791344
-22.9888 -9.69842 0.792174
-23.053 -9.55727 0.794309
-23.0348 -9.60296 0.793564
-22.8999 -9.67497 0.789648
-22.9318 -9.6039 0.792002
-22.9452 -9.66322 0.793005
-23.0227 -9.59722 0.794125
-23.0462 -9.67778 0.792116
-22.8907 -9.64838 0.792475
-23.0344 -9.68556 0.793382
-22.8319 -9.66138 0.793048
-22.8652 -9.73251 0.793212
-22.8999 -9.66621 0.793387
-22.9891 -9.66882 0.793165
-22.9758 -9.71523 0.793275
-23.0458 -9.73685 0.79133
-22.9976 -9.60655 0.791779
-23.0474 -9.68378 0.79457
-23.0221 -9.75988 0.796341
-22.9392 -9.6472 0.789711
-23.0208 -9.52084 0.790987
-22.9774 -9.6971 0.795955
-23.0199 -9.64372 0.791502
-22.9453 -9.60345 0.794078
-22.8724 -9.62265 0.789498
-23.0313 -9.69918 0.79133
-22.9904 -9.66764 0.794888
-22.9324 -9.68896 0.794811
-22.9052 -9.73573 0.796216
-22.939 -9.51528 0.791659
-22.9763 -9.64779 0.793244
-22.9125 -9.65529 0.793856
-22.9094 -9.78876 0.798007
-22.9668 -9.59748 0.793749
-22.9 -9.65225 0.794807
-22.8408 -9.73153 0.79393
-22.8633 -9.48734 0.793358
-22.9355 -9.65295 0.788043
-22.8765 -9.56481 0.792597
-23.0483 -9.6494 0.789592
-22.9686 -9.67482 0.793556
-23.0024 -9.63178 0.790478
-22.8485 -9.77339 0.793629
-22.9395 -9.68266 0.792653
-22.9699 -9.54734 0.795304
-22.9643 -9.68745 0.794564
-22.9733 -9.6341 0.792763
-22.9619 -9.62351 0.791128
-22.838 -9.59114 0.792767
-22.9536 -9.6687 0.791722
-23.0247 -9.65781 0.793998
-22.9408 -9.70543 0.792084
-22.9972 -9.53422 0.794652
-23.009 -9.70159 0.789746
-22.8948 -9.70175 0.790492
-22.9185 -9.74834 0.7905
-22.9066 -9.73053 0.79173
-22.9625 -9.66517 0.787811
-22.8905 -9.65019 0.796989
-22.9918 -9.56623 0.794615
-22.8553 -9.58654 0.793375
-23.059 -9.5519 0.796853
-22.8071 -9.74382 0.794473
-22.9703 -9.65703 0.794868
-22.9586 -9.70536 0.793172
-22.9063 -9.59506 0.790202
-22.8909 -9.60191 0.792402
-23.0536 -9.65788 0.793375
-22.8299 -9.58455 0.791574
-22.9782 -9.6675 0.795227
-22.9476 -9.75612 0.794829
-23.0489 -9.59544 0.794798
-23.035 -9.60139 0.792216
-22.9923 -9.56451 0.793842
-22.9766 -9.75323 0.794657
-22.9574 -9.61874 0.792034
-23.0224 -9.65866 0.792453
-22.947 -9.72104 0.790638
-22.9469 -9.76816 0.79606
-22.9549 -9.63238 0.794212
-22.9301 -9.68887 0.792745
-22.8854 -9.78743 0.794243
-22.8774 -9.67022 0.791279
-22.8318 -9.68967 0.791328
-22.9379 -9.68334 0.791515
-22.9552 -9.70271 0.788262
-22.9466 -9.66606 0.796222
-22.8914 -9.59111 0.792977
-22.8747 -9.57274 0.791177
-22.9101 -9.71949 0.792489
-22.9185 -9.67661 0.79231
-22.8553 -9.71019 0.792203
-22.8974 -9.63426 0.793114
-22.9162 -9.62399 0.79463
-23.011 -9.61738 0.792923
-22.9292 -9.67197 0.792279
-22.9898 -9.65286 0.792199
-22.849 -9.61635 0.797278
-22.9608 -9.73269 0.796289
-22.9936 -9.68017 0.795655
-22.9642 -9.68076 0.793441
-22.9228 -9.63391 0.789592
-23.0065 -9.67809 0.793541
-22.9431 -9.71091 0.793187
-22.893 -9.72889 0.794181
-22.9844 -9.65693 0.791503
-22.9677 -9.69144 0.793004
-22.8767 -9.57188 0.786867
-22.9566 -9.65548 0.79297
-23.0477 -9.63186 0.795949
-22.9878 -9.68325 0.790553
-22.9184 -9.62328 0.793939
-22.9633 -9.74433 0.793176
-23.0918 -9.66398 0.792665
-22.9739 -9.77171 0.79493
-22.9634 -9.75796 0.789731
-22.9885 -9.70402 0.793966
-22.8986 -9.73654 0.791081
-23.1083 -9.68763 0.791766
-22.9546 -9.70448 0.793386
-23.0186 -9.67534 0.793988
-22.9156 -9.64149 0.793917
-22.9312 -9.71523 0.79268
-22.9377 -9.70677 0.795203
-23.0389 -9.58967 0.789462
-23.0396 -9.58177 0.794402
-22.9121 -9.66905 0.796329
-23.0402 -9.63528 0.789931
-22.896 -9.65801 0.790756
-22.8281 -9.63655 0.79438
-22.9304 -9.75561 0.796704
-22.9378 -9.62923 0.798177
-22.9357 -9.67637 0.789766
-22.994 -9.70293 0.790468
-23.0252 -9.70353 0.792163
-22.8428 -9.69716 0.79048
-22.988 -9.75652 0.79721
-22.9313 -9.69569 0.793539
-22.8567 -9.52806 0.78989
-22.9214 -9.62075 0.790598
-22.9289 -9.71376 0.791892
-22.903 -9.64522 0.793717
-22.9751 -9.73466 0.791738
-22.9558 -9.58879 0.793027
-22.9343 -9.69124 0.793305
-22.9446 -9.72701 0.792816
-23.0209 -9.64967 0.790734
-22.8585 -9.79785 0.795963
-22.9534 -9.64116 0.792654
-23.0631 -9.58704 0.794568
-22.9346 -9.58809 0.792469
-22.9545 -9.69382 0.795455
-22.9406 -9.71736 0.790451
-23.0168 -9.61476 0.791067
-22.9753 -9.76597 0.79314
-22.9352 -9.63006 0.794779
-22.9781 -9.70353 0.793978
-23.02 -9.74163 0.79466
-23.0151 -9.62641 0.791655
-22.9791 -9.60375 0.792904
-23.0026 -9.65987 0.794685
-22.9092 -9.62443 0.790038
-22.9985 -9.65882 0.792024
-23.0106 -9.64407 0.794467
-22.9243 -9.60127 0.795087
-22.8935 -9.66635 0.792359
-22.8802 -9.62325 0.792652
-22.9375 -9.64327 0.788497
-22.9462 -9.72482 0.792972
-22.8698 -9.75475 0.793143
-22.8172 -9.74854 0.791773
-22.9045 -9.73225 0.795407
-23.0303 -9.59887 0.792637
-23.103 -9.61606 0.789734
-22.951 -9.73193 0.794541
-22.9629 -9.75427 0.797079
-22.9525 -9.62103 0.7906
-23.001 -9.67468 0.794638
-22.9671 -9.74214 0.793981
-23.025 -9.62336 0.789641
-22.9658 -9.62735 0.793915
-22.9881 -9.6181 0.79123
-22.9022 -9.50687 0.791019
-22.9472 -9.67787 0.790688
-22.9911 -9.7117 0.792029
-22.9975 -9.67297 0.79665
-22.9516 -9.63848 0.791201
-22.8399 -9.78831 0.795934
-22.8672 -9.79053 0.797288
-22.9955 -9.67544 0.791752
-23.0001 -9.69985 0.791295
-22.9865 -9.5908 0.790056
-22.9361 -9.67367 0.791593
-22.8275 -9.73895 0.79314
-22.9971 -9.70315 0.793035
-22.9421 -9.7514 0.792044
-23.0194 -9.56854 0.792736
-22.9069 -9.58681 0.792628
-22.9528 -9.71293 0.791465
-22.9194 -9.76745 0.792869
-23.0037 -9.68975 0.797117
-22.9167 -9.67383 0.794527
-23.002 -9.71558 0.791308
-22.9042 -9.65309 0.794051
-22.8775 -9.60068 0.792296
-22.9696 -9.68088 0.789934
-22.8805 -9.71431 0.793354
-22.8978 -9.62405 0.79355
-23.0561 -9.67998 0.79491
-22.9442 -9.77399 0.793801
-22.9452 -9.63221 0.795225
-22.9661 -9.69833 0.790936
-23.0421 -9.5455 0.793394
-22.9287 -9.66511 0.794188
-22.9634 -9.61908 0.792266
-22.9435 -9.59787 0.794442
-22.9828 -9.64961 0.793348
-22.8739 -9.65629 0.788838
-22.8506 -9.64291 0.794061
-22.8558 -9.72008 0.794067
-22.9869 -9.72079 0.792152
-23.0135 -9.69272 0.794392
-23.0033 -9.61496 0.792049
-22.9754 -9.6543 0.790741
-22.8082 -9.55698 0.792558
-23.0765 -9.5591 0.79353
-22.9732 -9.74948 0.793614
-22.985 -9.68245 0.794544
-22.8576 -9.67784 0.790897
-22.8288 -9.51979 0.791113
-22.9749 -9.77138 0.793229
-22.9869 -9.63756 0.793566
-22.9638 -9.56416 0.794452
-22.9334 -9.71927 0.795041
-22.8836 -9.65577 0.78829
-23.0733 -9.63806 0.79331
-23.0843 -9.70198 0.789474
-23.0025 -9.65086 0.790389
-22.8645 -9.74703 0.795641
-22.989 -9.58751 0.789767
-22.9062 -9.77549 0.795973
-22.9202 -9.71274 0.788493
-22.9356 -9.67642 0.789974
-22.9562 -9.73008 0.797352
-22.9844 -9.6355 0.799341
-22.9362 -9.64357 0.79459
-22.9582 -9.65418 0.794468
-22.8934 -9.83448 0.790839
-23.0197 -9.66909 0.790194
-22.8427 -9.61708 0.790523
-23.0675 -9.62142 0.792352
-22.9164 -9.71896 0.792172
-22.8971 -9.61962 0.790831
-22.905 -9.73448 0.792167
-22.9347 -9.67719 0.793688
-22.8998 -9.68323 0.792658
-23.0085 -9.57978 0.792201
-23.0261 -9.66468 0.793434
-22.9336 -9.57141 0.794473
-22.9007 -9.53842 0.795789
-22.9595 -9.66647 0.790672
-23.0341 -9.67852 0.791628
-22.9805 -9.59619 0.790564
-22.9626 -9.66405 0.792756
-22.956 -9.76406 0.79061
-22.9344 -9.76774 0.793322
-22.9964 -9.49267 0.791844
-22.9894 -9.6382 0.794081
-22.9919 -9.70126 0.793324
-22.9383 -9.74071 0.79245
-22.983 -9.74253 0.792374
-22.9222 -9.7353 0.793842
-22.9627 -9.7111 0.792458
-22.9804 -9.59877 0.793846
-22.9227 -9.71412 0.7928
-22.9713 -9.64455 0.790819
-23.068 -9.62735 0.794002
-23.0606 -9.59712 0.793812
-22.9789 -9.60549 0.793546
-22.9151 -9.60193 0.793323
-23.0504 -9.61895 0.793904
-22.9091 -9.74237 0.79382
-22.9354 -9.81017 0.793719
-23.0653 -9.64558 0.794173
-22.9993 -9.68709 0.792422
-22.9868 -9.7137 0.794421
-23.038 -9.65036 0.795596
-22.9126 -9.65168 0.792594
-22.92 -9.71851 0.792981
-22.9669 -9.77931 0.79158
-23.0894 -9.63924 0.794323
-22.9337 -9.66734 0.793507
-22.9588 -9.65938 0.795749
-22.9261 -9.65784 0.791167
-22.9611 -9.73706 0.794149
-22.9347 -9.62918 0.796217
-22.967 -9.62199 0.792616
-22.9243 -9.73941 0.795141
-22.9016 -9.62108 0.791106
-22.9953 -9.66365 0.791064
-22.9295 -9.75101 0.796683
-22.9174 -9.69497 0.790666
-22.9199 -9.68599 0.795744
-22.9746 -9.58536 0.793667
-22.9276 -9.59349 0.795975
-22.9245 -9.68281 0.792098
-23.0184 -9.74406 0.792078
-22.8898 -9.64778 0.793046
-23.0123 -9.68732 0.791774
-23.036 -9.63254 0.793642
-22.8778 -9.66078 0.79162
-22.9496 -9.67401 0.792334
-22.9354 -9.69319 0.790832
-22.7801 -9.73922 0.789848
-22.9294 -9.68562 0.792992
-22.9823 -9.62782 0.791444
-22.9515 -9.73295 0.792376
-22.9051 -9.72687 0.794486
-23.0302 -9.64759 0.79296
-22.9771 -9.68564 0.790716
-22.8847 -9.66346 0.795932
-22.9216 -9.70621 0.79429
-22.9793 -9.60039 0.79366
-22.8992 -9.7355 0.791191
-22.948 -9.72428 0.792914
-22.9073 -9.65839 0.792503
-22.9987 -9.53548 0.79371
-23.0277 -9.67089 0.793599
-22.9788 -9.72188 0.789724
-22.9603 -9.71818 0.790783
-23.0409 -9.53213 0.793574
-22.983 -9.75094 0.793204
-22.7466 -9.63065 0.79189
-22.9022 -9.58841 0.792855
-22.9624 -9.54718 0.791451
-22.9042 -9.66025 0.794813
-22.9631 -9.57294 0.792874
-23.0267 -9.59204 0.793589
-23.0823 -9.63417 0.794232
-22.9898 -9.73847 0.795471
-22.9209 -9.62182 0.791997
-22.9414 -9.63374 0.793713
-23.0316 -9.65947 0.790561
-22.9604 -9.76544 0.794619
-22.8473 -9.7643 0.79014
-22.8825 -9.68767 0.79057
-22.9471 -9.64344 0.794583
-22.9695 -9.57094 0.790845
-22.9579 -9.66048 0.796263
-22.9182 -9.63397 0.793238
-22.9682 -9.67201 0.792396
-22.9057 -9.61445 0.795707
-23.0079 -9.62318 0.792314
-22.8718 -9.64309 0.791148
-22.9482 -9.61209 0.794738
-22.8823 -9.57688 0.790762
-23.0013 -9.68392 0.793216
-22.9431 -9.60689 0.791714
-22.9482 -9.74212 0.792452
-22.9289 -9.71692 0.791526
-22.9647 -9.66076 0.792527
-22.926 -9.53104 0.793441
-22.9558 -9.68122 0.792022
-22.9088 -9.76567 0.792335
-22.8902 -9.71597 0.792268
-22.8442 -9.79163 0.791509
-22.9282 -9.66551 0.791187
-22.9283 -9.66133 0.795147
-22.9252 -9.684 0.794957
-22.8805 -9.73529 0.791213
-22.8641 -9.75876 0.79289
-23.0017 -9.66462 0.792858
-22.9697 -9.74345 0.793764
-22.9772 -9.63632 0.791991
-22.8625 -9.79284 0.795307
-22.9469 -9.60026 0.793664
-23.0317 -9.65707 0.793404
-22.9142 -9.62423 0.793865
-22.9524 -9.76425 0.790168
-22.9119 -9.70652 0.792074
-22.8933 -9.73787 0.795193
-23.0565 -9.61236 0.793334
-22.9293 -9.61202 0.792303
-22.9182 -9.60938 0.791954
-22.9852 -9.77251 0.794577
-22.8591 -9.60224 0.79055
-23.0251 -9.60744 0.790211
-22.916 -9.57222 0.794811
-22.9923 -9.65692 0.792811
-22.9463 -9.62567 0.795058
-22.93 -9.61234 0.795138
-22.9027 -9.55332 0.789403
-22.9707 -9.74225 0.793485
-22.9543 -9.61681 0.794851
-22.911 -9.66133 0.794166
-22.8796 -9.61483 0.795221
-22.9876 -9.64098 0.792239
-22.9564 -9.72653 0.792584
-22.9096 -9.74015 0.79463
-22.867 -9.78776 0.795718
-22.9379 -9.75484 0.796779
-23.0383 -9.61708 0.792507
-22.8679 -9.67424 0.789638
-22.897 -9.71355 0.793227
-22.9594 -9.66361 0.791332
-22.9495 -9.63164 0.798067
-22.933 -9.63099 0.792033
-22.96 -9.65436 0.790503
-22.8714 -9.62047 0.792192
-22.9053 -9.68928 0.792259
-22.8893 -9.62677 0.793916
-22.9915 -9.62295 0.798522
-22.9498 -9.63899 0.791409
-22.9574 -9.59878 0.791477
-22.8555 -9.7174 0.795324
-22.8756 -9.79848 0.795562
-22.9273 -9.73575 0.79309
-22.8913 -9.64079 0.791891
-23.086 -9.66021 0.791948
-22.9058 -9.64351 0.792087
-23.0406 -9.52818 0.792525
-22.9894 -9.65591 0.792037
-22.9373 -9.67838 0.792581
-22.8119 -9.5746 0.796444
-22.9456 -9.72082 0.793907
-22.946 -9.61175 0.794268
-22.9832 -9.60437 0.79384
-22.9657 -9.73899 0.79291
-22.9613 -9.65608 0.793523
-22.9195 -9.75589 0.794658
-24.2012 -11.166 0.808488
