197.15 25.3887 0.0715297
197.053 25.4835 0.0735566
197.113 25.4274 0.0743067
197.195 25.3655 0.0721014
197.072 25.4336 0.0733921
197.094 25.3982 0.0734347
197.05 25.3198 0.0746851
197.114 25.4694 0.0714201
197.156 25.3667 0.072631
197.087 25.465 0.074546
197.036 25.4003 0.0736347
197.213 25.4706 0.0753538
197.156 25.3848 0.0741094
197.117 25.5028 0.0745595
197.108 25.4541 0.0715901
197.128 25.4751 0.0747482
197.102 25.461 0.0737212
197.135 25.367 0.072583
197.083 25.396 0.0736043
197.087 25.3303 0.0743109
197.062 25.4692 0.0713043
197.084 25.3301 0.0724881
197.122 25.4233 0.073552
197.075 25.4642 0.0740289
197.133 25.3984 0.0722922
197.062 25.4657 0.0747188
197.081 25.4352 0.0720871
197.112 25.3652 0.0732039
197.022 25.4989 0.0764019
197.112 25.3247 0.0703658
197.087 25.4071 0.0724506
197.126 25.4424 0.0714523
197.083 25.4432 0.0733098
197.168 25.4351 0.0736638
197.084 25.4553 0.0756132
197.119 25.395 0.0736441
197.142 25.464 0.0742402
197.177 25.5134 0.0732898
197.145 25.4373 0.0733195
197.205 25.4636 0.0749797
197.103 25.3393 0.0728411
197.154 25.5027 0.0734252
197.088 25.4459 0.0738377
197.111 25.3194 0.0748686
197.13 25.4313 0.0723417
197.264 25.4473 0.0722747
197.051 25.3398 0.0755789
197.116 25.3264 0.0747034
197.15 25.3924 0.0736164
197.099 25.3884 0.0749236
197.062 25.3411 0.0740873
197.106 25.3939 0.0700684
197.168 25.4329 0.0701544
197.19 25.426 0.0744381
197.034 25.3005 0.0728952
197.096 25.3621 0.0724464
197.062 25.3234 0.0722538
197.068 25.4034 0.0729812
197.176 25.4177 0.0735036
197.207 25.4009 0.0717446
197.149 25.4126 0.0750594
197.137 25.388 0.0731749
197.102 25.3606 0.0733658
197.151 25.4008 0.0716717
197.06 25.4171 0.0686119
197.221 25.442 0.0758997
197.129 25.4611 0.0728511
197.202 25.4508 0.0732037
197.161 25.4805 0.0736963
197.182 25.429 0.0727756
197.173 25.3622 0.0748141
197.157 25.3826 0.0720686
197.076 25.4473 0.0746218
197.015 25.356 0.0722784
197.147 25.3947 0.0770936
197.061 25.3112 0.0719022
197.065 25.5128 0.0717034
197.118 25.3895 0.0732595
197.208 25.3927 0.0738327
197.195 25.4026 0.0721844
197.185 25.4464 0.0738433
197.076 25.4306 0.0747653
197.107 25.2995 0.073268
197.154 25.3947 0.0740738
197.074 25.3576 0.0735152
197.072 25.3484 0.0735706
197.202 25.3934 0.0688229
197.129 25.5151 0.0781453
196.972 25.3966 0.0767709
197.055 25.4446 0.0751278
197.096 25.4117 0.0716652
197.142 25.4264 0.0718495
197.195 25.3547 0.0727026
197.166 25.5085 0.0746501
197.194 25.3627 0.0727989
197.168 25.4324 0.0756975
196.932 25.2767 0.0732327
197.032 25.3479 0.0731896
197.016 25.3299 0.0744245
197.141 25.3464 0.0723536
197.177 25.3109 0.0696157
197.056 25.4448 0.0755951
197.109 25.3972 0.0732443
197.135 25.4222 0.0747002
197.146 25.4375 0.0749287
197.117 25.3647 0.0748933
197.102 25.4141 0.0714629
197.159 25.4665 0.0690044
197.187 25.4621 0.0694213
197.174 25.5237 0.0756749
197.183 25.4623 0.0758355
197.117 25.3006 0.072975
197.137 25.5028 0.0715965
197.175 25.4413 0.0733027
197.246 25.483 0.0729053
197.177 25.4131 0.0751053
197.095 25.5016 0.073717
197.21 25.4273 0.0731149
197.056 25.3368 0.0757782
197.108 25.4422 0.0735099
197.018 25.3559 0.0732658
197.126 25.4209 0.0746031
197.104 25.3997 0.0740674
197.103 25.4369 0.0697491
197.267 25.4116 0.0722193
197.262 25.3812 0.0706194
197.184 25.4177 0.0712522
197.158 25.3268 0.0757177
197.091 25.311 0.0739717
197.126 25.477 0.0702949
197.161 25.4301 0.0721905
197.109 25.408 0.072196
197.184 25.3926 0.0745968
197.257 25.3711 0.0729347
197.08 25.4505 0.0765124
197.045 25.4631 0.0746995
197.123 25.3873 0.0730558
197.147 25.3846 0.0715867
197.159 25.3765 0.072752
197.115 25.4161 0.0736334
197.081 25.3891 0.0720194
197.119 25.4184 0.0721246
197.084 25.5008 0.0714305
197.14 25.4086 0.0694364
197.234 25.3284 0.071246
197.108 25.4967 0.0777575
197.081 25.4177 0.0748987
197.089 25.3533 0.0713987
197.103 25.495 0.0761331
197.144 25.3381 0.0732498
197.165 25.4522 0.0756531
197.075 25.3877 0.073963
197.165 25.5345 0.0676626
197.077 25.4481 0.0713377
197.2 25.4537 0.0758162
197.093 25.3765 0.0754465
197.177 25.4391 0.072055
197.111 25.3761 0.0724905
197.187 25.436 0.0725191
197.1 25.4245 0.0734938
197.098 25.4111 0.0731974
197.034 25.499 0.0700866
197.135 25.3772 0.0725861
197.113 25.3925 0.0704343
197.107 25.3432 0.0718366
197.127 25.445 0.0731667
196.995 25.4286 0.072945
197.126 25.4143 0.0692808
197.113 25.4375 0.0739001
197.137 25.4416 0.0739129
197.106 25.4631 0.0722659
197.126 25.4448 0.0715413
197.116 25.4798 0.0736258
197.052 25.4688 0.0773482
197.157 25.3646 0.0733914
197.113 25.3983 0.0716393
197.052 25.3244 0.0757931
197.081 25.4034 0.07341
197.102 25.4428 0.0759426
197.076 25.4218 0.073786
196.986 25.3891 0.075114
197.146 25.3407 0.0740789
197.23 25.4731 0.0744056
197.173 25.5105 0.0755156
197.189 25.4444 0.0747979
197.134 25.374 0.0743577
197.138 25.3693 0.075408
197.113 25.4159 0.0740082
197.07 25.3403 0.0716268
197.15 25.4127 0.072898
197.07 25.3697 0.0718894
197.14 25.3083 0.0760696
197.126 25.3971 0.0699496
197.1 25.4193 0.0702559
197.048 25.446 0.0739734
197.153 25.3721 0.0748527
197.075 25.3706 0.074276
197.088 25.3708 0.0748428
197.148 25.3992 0.0715809
197.13 25.3643 0.0719334
197.126 25.4314 0.0719326
197.133 25.4569 0.0717479
197.104 25.5224 0.0719019
197.121 25.2689 0.0724797
196.985 25.2256 0.0747074
197.059 25.4741 0.0735896
197.2 25.421 0.0751465
197.164 25.3974 0.0730921
197.194 25.3664 0.0725698
197.11 25.5092 0.075577
197.159 25.4293 0.0696573
197.084 25.395 0.0704829
197.099 25.4051 0.0738503
197.019 25.3937 0.0708858
197.124 25.4448 0.0727288
197.087 25.4445 0.0734889
197.184 25.4011 0.0747233
197.225 25.3323 0.0694049
197.194 25.2825 0.069278
197.116 25.3515 0.0738596
197.106 25.3992 0.074424
197.052 25.3744 0.0713663
197.094 25.4186 0.0720721
197.117 25.4422 0.0745432
197.037 25.4539 0.0740081
197.161 25.4148 0.076059
197.094 25.395 0.0773668
197.14 25.4071 0.0732427
197.117 25.4448 0.0728325
197.115 25.3846 0.0695351
197.064 25.3775 0.0737242
197.133 25.4258 0.0707999
197.154 25.3906 0.0703507
197.076 25.414 0.0706658
197.117 25.3473 0.0760936
197.189 25.4098 0.0729594
197.141 25.4571 0.071066
197.111 25.4296 0.0710027
197.154 25.4071 0.0740522
197.107 25.3964 0.074087
197.14 25.5019 0.0738556
197.127 25.3836 0.0732722
197.168 25.3905 0.0743886
197.14 25.4299 0.0747207
197.07 25.4201 0.0770367
197.078 25.4854 0.0768483
197.152 25.4118 0.0745867
197.106 25.3814 0.0707263
197.209 25.3945 0.0743541
197.11 25.4646 0.0732014
197.119 25.4448 0.0711958
197.122 25.5139 0.0745826
197.133 25.4195 0.075124
197.12 25.3158 0.0752042
197.019 25.4909 0.0718955
197.147 25.3198 0.0715907
197.091 25.31 0.0708461
197.071 25.3945 0.074242
197.03 25.52 0.0764463
197.14 25.4425 0.0730707
197.034 25.4403 0.0747346
197.037 25.371 0.0738767
197.024 25.4491 0.0731036
197.053 25.4761 0.0726548
197.173 25.5232 0.0680673
197.17 25.4281 0.0699101
197.113 25.442 0.0728833
197.133 25.2811 0.0749917
197.142 25.4578 0.0759821
197.197 25.4579 0.0711925
197.088 25.4815 0.0720086
197.249 25.5153 0.0716203
197.127 25.4622 0.0751326
197.094 25.5645 0.0755421
197.096 25.3615 0.0749214
197.021 25.3725 0.073447
197.106 25.4538 0.0736719
197.146 25.4539 0.0727348
197.096 25.3423 0.0705762
197.06 25.3108 0.0747845
197.267 25.3813 0.0719698
197.252 25.413 0.0712075
197.086 25.3695 0.0750181
197.2 25.4485 0.0700067
197.192 25.3694 0.0740407
197.169 25.359 0.0742135
197.173 25.3662 0.0749705
197.126 25.406 0.0734505
197.254 25.3938 0.0734339
197.196 25.3998 0.0740451
197.218 25.5545 0.0738288
197.112 25.3707 0.0742053
197.184 25.3673 0.070565
197.126 25.4068 0.0705686
197.139 25.413 0.0713332
197.074 25.5172 0.0767063
197.063 25.4145 0.075299
197.062 25.3407 0.0741406
197.197 25.4291 0.0710923
197.127 25.3739 0.0730384
197.088 25.3834 0.069624
197.031 25.4361 0.0732983
197.176 25.3676 0.0716921
197.144 25.3673 0.0687753
197.104 25.4278 0.0753518
197.064 25.4117 0.0758651
197.105 25.3172 0.0728911
197.103 25.4016 0.0715358
197.197 25.4125 0.0751052
197.045 25.3102 0.0717335
197.19 25.4195 0.0680166
197.141 25.4544 0.0723845
197.251 25.4721 0.0747948
197.079 25.5122 0.0733902
197.029 25.3564 0.0742291
197.201 25.418 0.0711101
197.094 25.4708 0.073397
197.109 25.3208 0.0730392
197.075 25.3306 0.0751017
197.185 25.3907 0.0756367
197.185 25.3932 0.0728188
197.15 25.5126 0.0724378
197.117 25.4359 0.0685694
197.186 25.3619 0.0746966
197.168 25.4649 0.073897
197.068 25.4001 0.0727394
197.067 25.4628 0.0732017
197.145 25.4109 0.0706833
197.136 25.3337 0.0707284
197.159 25.318 0.0724408
197.108 25.409 0.0725439
197.06 25.4165 0.0728349
197.067 25.4298 0.0723776
197.113 25.3469 0.0733895
197.161 25.4607 0.0722014
197.134 25.4542 0.0725929
197.124 25.4751 0.0745956
196.949 25.4074 0.0726299
197.128 25.3893 0.0705813
196.915 25.3288 0.0716899
197.103 25.3551 0.0689176
197.148 25.4455 0.0727762
197.125 25.5159 0.077209
197.045 25.3843 0.0731435
197.119 25.3467 0.0748033
197.081 25.3969 0.070021
197.116 25.3832 0.0726183
197.062 25.4732 0.0749409
197.137 25.4018 0.0730058
197.213 25.4058 0.0738393
197.221 25.4489 0.0731999
197.214 25.4492 0.0706565
197.131 25.3061 0.0728964
197.031 25.4389 0.0726297
197.195 25.4321 0.0728127
197.025 25.5167 0.0726212
197.153 25.469 0.0715961
197.07 25.3016 0.0753475
197.134 25.4134 0.067588
197.1 25.4609 0.0712363
197.102 25.3885 0.0724943
196.996 25.4325 0.0743115
197.175 25.4371 0.0724164
197.02 25.404 0.0726405
197.195 25.4037 0.0738979
197.122 25.3822 0.0734459
197.056 25.4008 0.072085
197.169 25.4027 0.0713231
197.023 25.462 0.0749295
197.079 25.4481 0.0731789
197.093 25.3596 0.0707046
197.1 25.3364 0.0727411
197.117 25.4523 0.0732298
197.223 25.4045 0.0722861
197.099 25.3797 0.0753226
197.106 25.4542 0.0735183
197.053 25.4571 0.0744418
197.08 25.4121 0.0737146
197.194 25.4122 0.0732731
197.121 25.4048 0.0732725
197.127 25.4424 0.0709407
197.11 25.4001 0.0715411
197.057 25.4595 0.0749417
197.111 25.3615 0.0742672
197.155 25.4282 0.0737941
197.182 25.5276 0.0779815
197.067 25.4061 0.0725267
197.138 25.3588 0.073384
197.092 25.5009 0.0700251
197.083 25.4683 0.0749666
197.192 25.4513 0.0754723
197.033 25.3748 0.0727413
197.063 25.4307 0.0767319
197.131 25.4617 0.0747841
197.207 25.3936 0.0758003
197.134 25.3378 0.0779744
197.151 25.3141 0.06966
197.034 25.4127 0.0710932
197.198 25.3842 0.0736446
197.073 25.4707 0.0707041
197.119 25.5288 0.0749733
197.154 25.3807 0.0743673
197.087 25.442 0.0723447
196.995 25.4501 0.0739461
197.03 25.4182 0.0754047
197.162 25.3753 0.078202
197.087 25.3638 0.0751676
197.115 25.4325 0.072649
197.091 25.5812 0.0729423
197.166 25.3821 0.0724174
197.075 25.4045 0.0726241
197.127 25.403 0.0766007
197.139 25.476 0.0733137
197.145 25.4047 0.0724336
197.067 25.4406 0.0735239
197.258 25.4788 0.0737091
197.182 25.4461 0.0735132
197.109 25.3904 0.0715379
197.097 25.4652 0.0741924
197.041 25.4484 0.0733939
197.054 25.4413 0.0742493
197.109 25.3716 0.0745832
197.011 25.3265 0.0737436
197.174 25.4897 0.0736017
197.123 25.3652 0.0726717
197.106 25.312 0.0743566
197.056 25.3103 0.0747921
197.113 25.4328 0.0718145
197.151 25.3427 0.0753089
197.051 25.4588 0.0750345
197.222 25.4485 0.0728591
197.196 25.43 0.0718563
197.075 25.4107 0.0772406
197.15 25.3543 0.0719417
197.165 25.3744 0.0724766
197.091 25.4249 0.0765679
196.996 25.4061 0.0759633
197.069 25.4131 0.0739913
196.954 25.4058 0.0765288
197.102 25.4196 0.0705453
197.018 25.5245 0.0754988
197.058 25.3832 0.0741999
197.177 25.3867 0.071934
197.209 25.3549 0.0715545
197.153 25.4218 0.0696237
197.124 25.3833 0.0728582
197.08 25.3596 0.0738114
197.171 25.4721 0.0749379
197.052 25.3701 0.0708217
197.137 25.4285 0.0729139
197.226 25.4706 0.07702
197.2 25.3998 0.0717114
197.167 25.3722 0.073494
197.135 25.3515 0.074206
197.159 25.4434 0.0703917
197.13 25.4861 0.0734924
197.152 25.4195 0.0752791
197.133 25.4088 0.0739637
197.104 25.4203 0.0728328
197.106 25.3922 0.075692
197.19 25.4022 0.0765383
197.125 25.49 0.0760971
197.173 25.4462 0.0727786
197.13 25.5216 0.0736037
197.151 25.4073 0.073376
197.167 25.3904 0.073726
197.104 25.3819 0.0755507
197.169 25.4097 0.0729012
197.063 25.4298 0.0747861
197.009 25.2697 0.0726649
197.129 25.5089 0.0727022
197.072 25.3587 0.0694996
197.148 25.4724 0.0724037
197.161 25.297 0.0728557
197.098 25.4801 0.0731609
197.164 25.4621 0.0746809
197.121 25.4801 0.0726543
197.164 25.5042 0.0751441
197.121 25.3714 0.0735716
197.157 25.4439 0.0717681
197.156 25.4784 0.0746256
197.088 25.3706 0.074881
197.121 25.4818 0.0741865
197.087 25.4205 0.0703134
197.148 25.3174 0.0743048
197.062 25.3267 0.0757682
197.078 25.299 0.0746749
197.05 25.3649 0.0752153
197.153 25.4493 0.073916
197.21 25.4733 0.0751508
197.143 25.4177 0.0722446
197.069 25.3163 0.0739505
197.084 25.3956 0.0743576
197.218 25.3888 0.0712306
197.107 25.498 0.0726387
197.14 25.4198 0.0739871
197.041 25.3181 0.0743891
197.087 25.3946 0.0739574
196.98 25.398 0.0717234
195.472 24.508 0.0478757
