72.4851 -40.8029 3.77705
72.4624 -40.8276 3.78226
72.4908 -40.7728 3.78336
72.4497 -40.7874 3.78095
72.4943 -40.755 3.78092
72.4049 -40.884 3.77881
72.4452 -40.7662 3.78143
72.5402 -40.7346 3.78001
72.4833 -40.7111 3.77992
72.4714 -40.6908 3.78223
72.4721 -40.7751 3.77712
72.4647 -40.7958 3.77717
72.5758 -40.7041 3.78151
72.5583 -40.8648 3.78124
72.558 -40.7027 3.78089
72.4124 -40.7743 3.78186
72.5012 -40.7674 3.77874
72.4905 -40.7567 3.78115
72.4221 -40.7262 3.77987
72.6464 -40.7661 3.78115
72.5388 -40.7495 3.77628
72.4852 -40.7252 3.78355
72.4824 -40.75 3.78232
72.5091 -40.8461 3.78238
72.531 -40.8694 3.7808
72.4585 -40.8268 3.77989
72.516 -40.771 3.78076
72.4841 -40.7874 3.77999
72.4967 -40.752 3.78136
72.4944 -40.7344 3.7807
72.5632 -40.8375 3.77734
72.5495 -40.7242 3.779
72.5123 -40.7954 3.77729
72.5082 -40.7896 3.78058
72.4781 -40.7389 3.7805
72.5318 -40.7746 3.78069
72.5152 -40.7323 3.78166
72.4759 -40.7576 3.77944
72.5644 -40.7634 3.78278
72.5437 -40.7677 3.78071
72.5495 -40.7429 3.78212
72.4462 -40.782 3.78248
72.4983 -40.6591 3.78017
72.5714 -40.7811 3.7838
72.4953 -40.8198 3.78227
72.4961 -40.873 3.78231
72.4499 -40.8145 3.78109
72.513 -40.7655 3.78301
72.6075 -40.7364 3.78244
72.5562 -40.7326 3.78326
72.5329 -40.6929 3.78036
72.4605 -40.8041 3.77916
72.5426 -40.7737 3.77865
72.4951 -40.7656 3.77934
72.4852 -40.8788 3.77843
72.442 -40.7885 3.78005
72.4364 -40.8702 3.77882
72.4831 -40.8411 3.77984
72.5176 -40.7006 3.78124
72.5486 -40.7815 3.7786
72.5405 -40.7537 3.7792
72.5032 -40.7884 3.77968
72.389 -40.8687 3.77935
72.5521 -40.7037 3.78021
72.5061 -40.7984 3.78039
72.4675 -40.8169 3.78139
72.4762 -40.8936 3.78053
72.4931 -40.7552 3.78104
72.4829 -40.7793 3.78036
72.5964 -40.7597 3.78309
72.6207 -40.7911 3.78359
72.4353 -40.7851 3.78138
72.5601 -40.8379 3.77809
72.5663 -40.7354 3.77981
72.5513 -40.7547 3.78238
72.4741 -40.8286 3.77996
72.432 -40.7919 3.78069
72.5729 -40.779 3.77869
72.4574 -40.7521 3.77916
72.4653 -40.7823 3.77619
72.3752 -40.8028 3.78107
72.4372 -40.7903 3.77999
72.4268 -40.803 3.78157
72.615 -40.7263 3.77947
72.5135 -40.8132 3.77893
72.4724 -40.7709 3.77737
72.4873 -40.8419 3.78151
72.4205 -40.8907 3.77942
72.4363 -40.8279 3.78116
72.4566 -40.8159 3.78287
72.6007 -40.7749 3.77984
72.532 -40.8349 3.77998
72.5261 -40.8223 3.77911
72.453 -40.8068 3.7789
72.5026 -40.8511 3.78095
72.4425 -40.8006 3.77804
72.4909 -40.7415 3.77752
72.5251 -40.7806 3.77743
72.3582 -40.8811 3.78177
72.5303 -40.7849 3.77894
72.6154 -40.814 3.78207
72.4874 -40.7455 3.78058
72.5219 -40.6692 3.78139
72.5213 -40.6817 3.77803
72.587 -40.7677 3.77703
72.6654 -40.7265 3.78006
72.5059 -40.7475 3.77985
72.4915 -40.7433 3.77968
72.4514 -40.731 3.78133
72.4463 -40.7258 3.78236
72.5303 -40.6994 3.77753
72.4938 -40.7475 3.78035
72.5519 -40.7215 3.78094
72.5392 -40.7751 3.78037
72.5094 -40.7937 3.78057
72.5117 -40.8143 3.78097
72.4487 -40.7607 3.78022
72.5642 -40.7336 3.78032
72.5721 -40.7442 3.78158
72.497 -40.7156 3.77975
72.4586 -40.8322 3.78043
72.5085 -40.7918 3.77971
72.4889 -40.7632 3.77957
72.4808 -40.6287 3.77838
72.443 -40.7176 3.7803
72.4856 -40.8076 3.78105
72.5099 -40.7755 3.78037
72.5881 -40.7311 3.78246
72.4708 -40.8837 3.78253
72.3804 -40.7374 3.78171
72.568 -40.7689 3.78044
72.5753 -40.7644 3.77659
72.5327 -40.7179 3.78642
72.4971 -40.7004 3.77799
72.5708 -40.8109 3.78077
72.5099 -40.8095 3.78312
72.6011 -40.7418 3.78071
72.5337 -40.7736 3.77904
72.5102 -40.7235 3.77979
72.5496 -40.768 3.77802
72.5423 -40.7493 3.7788
72.5312 -40.7544 3.78151
72.3693 -40.8351 3.77667
72.4822 -40.7325 3.77945
72.5589 -40.8448 3.77943
72.527 -40.7645 3.78182
72.5278 -40.7061 3.7778
72.5291 -40.8283 3.78097
72.4304 -40.8055 3.77851
72.4798 -40.8643 3.78439
72.5105 -40.7742 3.78433
72.4562 -40.8059 3.77997
72.4341 -40.8456 3.77928
72.5371 -40.8417 3.78115
72.5015 -40.8317 3.78099
72.545 -40.8249 3.78057
72.5046 -40.7866 3.78131
72.5873 -40.673 3.77925
72.5723 -40.7544 3.78024
72.402 -40.7829 3.78181
72.5795 -40.7397 3.77844
72.453 -40.8222 3.77752
72.5575 -40.8136 3.77981
72.4461 -40.8688 3.77896
72.6011 -40.7275 3.77772
72.4603 -40.774 3.77749
72.454 -40.7662 3.78199
72.4438 -40.746 3.77756
72.4387 -40.6994 3.77691
72.5143 -40.7428 3.77848
72.4835 -40.7421 3.78392
72.5144 -40.7414 3.77842
72.5927 -40.6904 3.77686
72.4734 -40.7845 3.77884
72.5211 -40.7246 3.78283
72.5314 -40.7398 3.78277
72.5105 -40.7923 3.77775
72.6397 -40.7259 3.7774
72.4514 -40.8223 3.77872
72.4626 -40.8311 3.77982
72.5999 -40.7996 3.78247
72.4862 -40.7788 3.78523
72.5575 -40.7303 3.77967
72.5467 -40.7725 3.77948
72.5597 -40.6756 3.784
72.5807 -40.7177 3.77926
72.5316 -40.8108 3.78088
72.5375 -40.8314 3.77862
72.4586 -40.7935 3.78168
72.4364 -40.8329 3.78014
72.4867 -40.7203 3.78222
72.511 -40.7777 3.78256
72.4854 -40.8046 3.78078
72.5111 -40.7293 3.78141
72.5319 -40.7318 3.78266
72.547 -40.7945 3.78148
72.5366 -40.6741 3.78342
72.427 -40.7901 3.78069
72.5191 -40.8002 3.77939
72.5426 -40.8311 3.7804
72.4723 -40.7717 3.7794
72.3899 -40.7178 3.7776
72.524 -40.7875 3.78367
72.6019 -40.7397 3.78094
72.561 -40.7524 3.77983
72.4238 -40.8532 3.78374
72.5691 -40.8459 3.77917
72.5413 -40.7253 3.77654
72.4432 -40.8306 3.78034
72.6499 -40.7579 3.78201
72.4888 -40.7861 3.78064
72.5894 -40.781 3.77837
72.5661 -40.8517 3.78159
72.5021 -40.747 3.77843
72.5034 -40.7135 3.77974
72.443 -40.8795 3.77918
72.6157 -40.8045 3.7811
72.4642 -40.8417 3.78248
72.4342 -40.7601 3.77761
72.5071 -40.7591 3.78058
72.5075 -40.7437 3.77939
72.515 -40.6801 3.77917
72.3903 -40.7997 3.77871
72.4279 -40.8024 3.77675
72.4526 -40.7928 3.78128
72.4446 -40.7903 3.781
72.5083 -40.7821 3.77829
72.4727 -40.7078 3.77671
72.4674 -40.7666 3.78008
72.4664 -40.7426 3.77758
72.4745 -40.8271 3.77992
72.4812 -40.7867 3.78056
72.5303 -40.8347 3.77913
72.4402 -40.869 3.7797
72.4926 -40.7665 3.78105
72.5208 -40.7322 3.77792
72.4615 -40.8691 3.77916
72.439 -40.8465 3.77984
72.545 -40.7841 3.77726
72.4749 -40.7973 3.78013
72.5253 -40.8262 3.78001
72.5 -40.7681 3.77995
72.6061 -40.7143 3.78209
72.4903 -40.8486 3.78038
72.4598 -40.7734 3.77775
72.4235 -40.7869 3.78023
72.5601 -40.7838 3.78036
72.5029 -40.7876 3.78233
72.3882 -40.8025 3.78214
72.5738 -40.7477 3.78039
72.6256 -40.7854 3.77918
72.5088 -40.7341 3.78142
72.4446 -40.713 3.77676
72.4232 -40.862 3.77759
72.4868 -40.752 3.7808
72.5908 -40.7083 3.77949
72.5816 -40.6748 3.7802
72.5414 -40.7776 3.77941
72.5122 -40.7972 3.78081
72.4804 -40.7705 3.7806
72.4738 -40.8118 3.78707
72.4642 -40.7609 3.78429
72.4898 -40.7237 3.78039
72.6086 -40.8048 3.78013
72.5234 -40.9017 3.78213
72.5767 -40.7626 3.78167
72.4636 -40.7841 3.77837
72.4812 -40.8242 3.78119
72.5362 -40.7461 3.77998
72.458 -40.7423 3.78005
72.4048 -40.706 3.78226
72.4646 -40.7056 3.78077
72.5471 -40.6692 3.78148
72.5749 -40.6876 3.7815
72.4413 -40.8586 3.78092
72.386 -40.7733 3.78172
72.461 -40.7329 3.77778
72.5055 -40.7416 3.7804
72.5128 -40.7001 3.77832
72.4871 -40.7373 3.7828
72.4959 -40.717 3.7812
72.4533 -40.7869 3.77971
72.4532 -40.8438 3.77827
72.5427 -40.7882 3.7844
72.5117 -40.7776 3.779
72.474 -40.8601 3.77874
72.5353 -40.6464 3.77986
72.504 -40.7399 3.78111
72.525 -40.7901 3.78288
72.5009 -40.7865 3.7821
72.5275 -40.82 3.78009
72.5592 -40.6652 3.77874
72.4688 -40.7245 3.78149
72.4243 -40.9161 3.78047
72.5508 -40.8536 3.78011
72.4441 -40.7691 3.78185
72.4946 -40.836 3.78253
72.5052 -40.7963 3.78266
72.5357 -40.7411 3.78185
72.4638 -40.7798 3.77932
72.3842 -40.8063 3.7808
72.3823 -40.8527 3.77776
72.4727 -40.8173 3.78001
72.4634 -40.8101 3.77837
72.5363 -40.8043 3.77877
72.4988 -40.819 3.77807
72.4378 -40.7904 3.7788
72.5539 -40.7709 3.7797
72.4602 -40.7868 3.77911
72.6763 -40.7689 3.78195
72.5585 -40.799 3.77959
72.5217 -40.8467 3.78278
72.4685 -40.7428 3.78259
72.6396 -40.79 3.78009
72.5062 -40.7348 3.78207
72.4595 -40.7346 3.78033
72.3868 -40.84 3.78266
72.5227 -40.7632 3.77994
72.4718 -40.7796 3.77797
72.4627 -40.7883 3.77742
72.5687 -40.7396 3.77998
72.5449 -40.7947 3.77927
72.4887 -40.7919 3.7781
72.4874 -40.8008 3.781
72.5354 -40.7378 3.782
72.4562 -40.7163 3.78072
72.5143 -40.7737 3.78069
72.4281 -40.7278 3.77966
72.513 -40.7197 3.77908
72.4675 -40.8121 3.77721
72.5206 -40.6872 3.78073
72.4105 -40.77 3.77997
72.5526 -40.7643 3.78122
72.509 -40.775 3.77694
72.5216 -40.8154 3.78455
72.5036 -40.7244 3.78159
72.5771 -40.7585 3.78096
72.5044 -40.734 3.78141
72.5075 -40.7017 3.78378
72.5599 -40.7908 3.78375
72.5569 -40.8219 3.78272
72.4103 -40.7923 3.77975
72.5449 -40.7454 3.77793
72.4977 -40.7725 3.77997
72.4228 -40.8991 3.78238
72.4567 -40.9396 3.77509
72.5079 -40.7987 3.7811
72.4258 -40.7648 3.78066
72.491 -40.7795 3.78305
72.4902 -40.8697 3.78089
72.5013 -40.8346 3.78048
72.5709 -40.8217 3.78191
72.5435 -40.7578 3.77956
72.4131 -40.7912 3.77899
72.5048 -40.7817 3.77995
72.45 -40.8653 3.77993
72.5729 -40.6966 3.78005
72.6159 -40.8225 3.78081
72.5277 -40.8077 3.78009
72.4904 -40.7784 3.7796
72.4683 -40.7352 3.78144
72.4457 -40.7822 3.78002
72.5535 -40.7612 3.7813
72.5498 -40.8214 3.77812
72.5467 -40.8072 3.77948
72.562 -40.7641 3.78054
72.4204 -40.8483 3.77945
72.468 -40.804 3.78097
72.5683 -40.6962 3.78112
72.5015 -40.7097 3.78176
72.4525 -40.772 3.78111
72.4537 -40.7858 3.78097
72.4062 -40.787 3.78207
72.4653 -40.7156 3.7775
72.5146 -40.7362 3.78103
72.6467 -40.6771 3.77547
72.4798 -40.8457 3.77999
72.5682 -40.7491 3.78099
72.5193 -40.8039 3.77691
72.4062 -40.7866 3.77872
72.5086 -40.8011 3.78058
72.5256 -40.7954 3.77875
72.5305 -40.8174 3.77957
72.5403 -40.8274 3.7819
72.5909 -40.6802 3.78478
72.5302 -40.6955 3.77733
72.5828 -40.7102 3.78117
72.5542 -40.7813 3.77838
72.5967 -40.7949 3.77762
72.586 -40.8002 3.78205
72.5196 -40.6593 3.78097
72.4446 -40.8074 3.78288
72.5729 -40.7714 3.78293
72.6034 -40.7554 3.7765
72.4788 -40.7223 3.77846
72.4894 -40.7885 3.78173
72.5239 -40.7822 3.77979
72.5866 -40.7196 3.77547
72.5904 -40.7384 3.77903
72.5117 -40.7563 3.77807
72.4799 -40.69 3.78192
72.5125 -40.8247 3.77901
72.4876 -40.7221 3.78086
72.5411 -40.8339 3.78172
72.5385 -40.8196 3.78502
72.5672 -40.7952 3.78196
72.5466 -40.8478 3.78126
72.4674 -40.8237 3.78165
72.5378 -40.6979 3.78011
72.5271 -40.7883 3.78079
72.6501 -40.773 3.77755
72.5784 -40.7836 3.7794
72.4788 -40.8595 3.78192
72.4548 -40.7813 3.78175
72.4393 -40.8001 3.77907
72.537 -40.7278 3.77965
72.4577 -40.806 3.77968
72.6169 -40.7555 3.78167
72.5994 -40.7774 3.78083
72.5766 -40.7849 3.77902
72.6008 -40.6525 3.7782
72.6174 -40.6857 3.78034
72.3786 -40.7871 3.77881
72.4773 -40.7601 3.78103
72.5283 -40.7175 3.78146
72.4118 -40.7995 3.77824
72.5727 -40.753 3.77985
72.4203 -40.8682 3.78038
72.5585 -40.7705 3.77932
72.5684 -40.7761 3.78083
72.5779 -40.7759 3.78042
72.46 -40.8184 3.78048
72.48 -40.7539 3.77862
72.4514 -40.7558 3.77914
72.5189 -40.7943 3.77864
72.4326 -40.7665 3.78079
72.5766 -40.7436 3.77943
72.6359 -40.8099 3.78111
72.5085 -40.7567 3.78229
72.5192 -40.7571 3.78151
72.5593 -40.7239 3.77855
72.6601 -40.7195 3.78076
72.4129 -40.8122 3.77876
72.4879 -40.785 3.78252
72.4945 -40.8098 3.78338
72.5241 -40.7398 3.77921
72.4343 -40.7029 3.77848
72.5254 -40.7164 3.78116
72.5033 -40.7933 3.78015
72.5946 -40.8132 3.78062
72.5903 -40.7604 3.77931
72.569 -40.8458 3.78089
72.5699 -40.8058 3.78019
72.4903 -40.725 3.78066
72.5155 -40.8127 3.77866
72.4914 -40.8084 3.77958
72.5687 -40.8094 3.7778
72.5859 -40.7387 3.77897
72.458 -40.8566 3.77908
72.4444 -40.8183 3.78033
72.4509 -40.7927 3.78021
72.5166 -40.7498 3.77885
72.5061 -40.7537 3.78045
72.4513 -40.801 3.78112
72.418 -40.7849 3.77715
72.5814 -40.739 3.78072
72.5082 -40.8008 3.78192
72.431 -40.7728 3.77952
72.4639 -40.8585 3.77785
72.4823 -40.7539 3.77973
72.5487 -40.8551 3.78328
72.5257 -40.7886 3.77952
72.4446 -40.7479 3.77853
72.6347 -40.7201 3.77888
72.5797 -40.7485 3.77947
72.428 -40.7516 3.77872
72.5591 -40.7951 3.7812
72.4742 -40.841 3.7809
72.5095 -40.7932 3.77932
72.5133 -40.7258 3.78092
72.5421 -40.7772 3.78162
72.5205 -40.794 3.78194
72.4715 -40.7791 3.78179
72.4868 -40.7936 3.78115
72.4114 -40.7926 3.78271
72.5153 -40.8125 3.78331
72.5123 -40.8277 3.7806
72.5352 -40.7527 3.78248
72.539 -40.7756 3.78229
72.5293 -40.792 3.7792
72.4523 -40.8024 3.77768
72.4272 -40.7449 3.77898
72.5099 -40.7806 3.77897
72.5059 -40.8315 3.77886
72.4903 -40.7778 3.77662
72.4686 -40.8329 3.77749
72.4928 -40.7125 3.77861
72.5203 -40.7628 3.78069
72.5984 -40.7886 3.78024
72.6293 -36.8683 3.78503
