14.2274 7.55729 0.227934
14.1664 7.4543 0.225547
14.2793 7.50538 0.228329
14.2099 7.52318 0.227053
14.2053 7.5214 0.227259
14.2925 7.60587 0.224339
14.2802 7.53117 0.229904
14.2474 7.53998 0.229072
14.2457 7.54195 0.229291
14.2808 7.55452 0.223892
14.2733 7.50984 0.225486
14.277 7.50874 0.225419
14.2007 7.59753 0.226102
14.1975 7.51222 0.228757
14.3327 7.41947 0.226675
14.2762 7.59751 0.225593
14.2052 7.5517 0.22527
14.274 7.50307 0.225818
14.2223 7.48145 0.224721
14.21 7.55074 0.226591
14.1639 7.5209 0.226662
14.2095 7.50424 0.228088
14.2402 7.59256 0.225907
14.2846 7.51334 0.224779
14.2639 7.51434 0.225439
14.1996 7.57909 0.227174
14.2651 7.48575 0.229646
14.2384 7.59803 0.223304
14.2398 7.60416 0.227137
14.2454 7.59793 0.229302
14.256 7.57455 0.2315
14.2696 7.63246 0.22941
14.2784 7.55455 0.225811
14.2842 7.46918 0.227922
14.2914 7.60226 0.227349
14.268 7.48563 0.226717
14.1715 7.5621 0.225665
14.2356 7.58488 0.225454
14.2823 7.50676 0.22675
14.3166 7.56414 0.22619
14.2389 7.59317 0.227464
14.2162 7.51933 0.2248
14.3523 7.53318 0.223164
14.3462 7.53459 0.223077
14.2483 7.36728 0.226028
14.2527 7.37335 0.225926
14.2933 7.53726 0.2273
14.388 7.59756 0.224186
14.2649 7.53501 0.225985
14.3539 7.59267 0.227233
14.2439 7.55113 0.226774
14.3433 7.57273 0.225858
14.1739 7.49094 0.229951
14.1889 7.54615 0.227669
14.1824 7.54468 0.227484
14.225 7.56141 0.224114
14.3471 7.57523 0.225694
14.3171 7.54846 0.223651
14.2435 7.58019 0.224697
14.2953 7.62698 0.2233
14.2379 7.42793 0.226898
14.2288 7.43271 0.226816
14.2334 7.42427 0.227036
14.2707 7.44374 0.229922
14.2831 7.53429 0.2266
14.2203 7.62657 0.225546
14.2228 7.62052 0.225692
14.2455 7.56631 0.227871
14.3629 7.44579 0.227508
14.3517 7.56819 0.22822
14.2313 7.46403 0.226366
14.3308 7.45662 0.224911
14.1468 7.59801 0.22667
14.2337 7.57005 0.22676
14.2804 7.47731 0.228173
14.3299 7.54151 0.226153
14.2232 7.50812 0.226009
14.2241 7.50417 0.225951
14.2648 7.52027 0.228239
14.2081 7.58189 0.224054
14.3165 7.54211 0.225853
14.184 7.59062 0.225886
14.2917 7.65172 0.223852
14.1888 7.4888 0.226858
14.266 7.43973 0.226869
14.2668 7.43657 0.22699
14.2661 7.56804 0.224201
14.2056 7.59157 0.226681
14.2607 7.53017 0.225362
14.3524 7.63212 0.225353
14.2941 7.57543 0.226314
14.2954 7.63411 0.224584
14.3412 7.57956 0.223731
14.1367 7.48757 0.228686
14.2331 7.56566 0.227905
14.3462 7.50109 0.227824
14.2956 7.50622 0.227059
14.2879 7.54538 0.227025
14.3169 7.5257 0.225601
14.3119 7.64103 0.224461
14.2203 7.56465 0.225156
14.2019 7.55811 0.224269
14.2271 7.55015 0.225949
14.3186 7.57594 0.22442
14.2182 7.48796 0.229527
14.3137 7.58161 0.227964
14.2955 7.41462 0.226596
14.2917 7.41304 0.226642
14.2368 7.45888 0.226694
14.2394 7.4608 0.226667
14.3175 7.56054 0.224755
14.2626 7.51244 0.225071
14.3025 7.56176 0.228386
14.287 7.57569 0.227463
14.1392 7.5439 0.227006
14.2419 7.55831 0.226753
14.2809 7.46925 0.226391
14.3058 7.65153 0.226147
14.1393 7.52956 0.225866
14.3619 7.51118 0.22522
14.279 7.52675 0.224578
14.278 7.60324 0.222448
14.2303 7.55441 0.224628
14.2785 7.48457 0.227147
14.2773 7.43811 0.226894
14.2034 7.54578 0.22647
14.2981 7.64703 0.224875
14.2599 7.53427 0.22936
14.168 7.45675 0.225671
14.214 7.60462 0.224881
14.2814 7.50981 0.227535
14.2181 7.62052 0.225223
14.221 7.57674 0.228499
14.2423 7.54275 0.229386
14.2786 7.55782 0.223806
14.303 7.48575 0.227622
14.2247 7.50719 0.22847
14.2421 7.51785 0.228478
14.2451 7.51966 0.228373
14.3524 7.57718 0.227188
14.2419 7.56999 0.226288
14.197 7.55675 0.225221
14.2005 7.5542 0.225373
14.2685 7.5104 0.225821
14.2592 7.55605 0.227206
14.2201 7.48257 0.22458
14.2203 7.48309 0.224701
14.3146 7.52068 0.224436
14.2118 7.54671 0.226597
14.1721 7.5118 0.226769
14.1667 7.51618 0.226799
14.2089 7.50708 0.228044
14.3247 7.55458 0.228275
14.2237 7.59292 0.222564
14.284 7.51033 0.224684
14.1976 7.58074 0.227263
14.2716 7.56243 0.227513
14.3128 7.53214 0.225745
14.2279 7.61361 0.223282
14.2614 7.63332 0.226533
14.2382 7.46637 0.227256
14.2389 7.46882 0.227342
14.2613 7.58261 0.229319
14.1941 7.56477 0.225558
14.1928 7.56126 0.225403
14.2124 7.50795 0.227144
14.2847 7.47696 0.228035
14.2751 7.51725 0.223441
14.2688 7.48579 0.226521
14.2646 7.48497 0.226578
14.1751 7.56278 0.225732
14.2852 7.50591 0.226844
14.2792 7.59663 0.228256
14.346 7.53135 0.222841
14.297 7.53667 0.227299
14.2787 7.43294 0.224031
14.2742 7.57703 0.224886
14.2735 7.6508 0.226613
14.246 7.55217 0.226557
14.2048 7.4791 0.231532
14.1968 7.47474 0.23162
14.2319 7.60252 0.22595
14.2379 7.60926 0.225673
14.3381 7.51484 0.225667
14.3345 7.51771 0.225836
14.2337 7.54019 0.227647
14.2388 7.49839 0.228159
14.2765 7.55948 0.227309
14.3033 7.61332 0.223262
14.2626 7.55013 0.225996
14.2626 7.61357 0.226896
14.3286 7.56889 0.22304
14.1664 7.54402 0.228271
14.2368 7.58699 0.226527
14.3057 7.54337 0.226418
14.2336 7.57121 0.227613
14.2323 7.45977 0.226487
14.1672 7.56264 0.227944
14.171 7.56222 0.227841
14.2482 7.46968 0.225418
14.203 7.51375 0.221708
14.2071 7.53259 0.228288
14.2934 7.53836 0.227204
14.282 7.60485 0.228856
14.2248 7.51075 0.225976
14.3183 7.48347 0.223608
14.2114 7.58399 0.224105
14.3203 7.54321 0.22556
14.2298 7.64025 0.224522
14.1951 7.48785 0.226796
14.1917 7.48487 0.226768
14.2646 7.43217 0.226784
14.2644 7.43653 0.227064
14.2615 7.5665 0.223896
14.2041 7.59481 0.226791
14.2421 7.5526 0.226661
14.2596 7.53081 0.225194
14.3475 7.65997 0.224388
14.1403 7.49454 0.228716
14.2994 7.63781 0.228299
14.303 7.52615 0.22478
14.2973 7.50486 0.227134
14.3372 7.55037 0.225777
14.3214 7.52522 0.225644
14.204 7.55033 0.224248
14.2546 7.65843 0.227816
14.2752 7.64749 0.226199
14.3228 7.54142 0.228066
14.2362 7.54685 0.22601
14.3169 7.58064 0.224387
14.2697 7.58761 0.227147
14.2733 7.59873 0.225616
14.2425 7.54519 0.227963
14.3303 7.50962 0.225671
14.2334 7.56058 0.225308
14.2267 7.55876 0.225346
14.258 7.51491 0.225248
14.2699 7.50448 0.229907
14.1459 7.54427 0.227067
14.2414 7.5545 0.226618
14.2484 7.55595 0.226697
14.2009 7.57088 0.226654
14.3037 7.65352 0.226285
14.3614 7.50681 0.225276
14.2496 7.56739 0.22762
14.2181 7.64333 0.228297
14.2064 7.57907 0.22659
14.2758 7.49564 0.226915
14.2828 7.43986 0.226841
14.2002 7.54606 0.226396
14.2455 7.54641 0.227853
14.3609 7.52191 0.224922
14.2495 7.48327 0.229279
14.2212 7.55965 0.227944
14.2009 7.61587 0.225368
14.2072 7.61856 0.225378
14.2103 7.52274 0.226967
14.2175 7.62487 0.225253
14.2223 7.57411 0.228589
14.2495 7.53927 0.229457
14.3012 7.5631 0.226536
14.2216 7.51428 0.228292
14.2683 7.50928 0.225151
14.2553 7.64966 0.226344
14.2585 7.64701 0.22624
14.244 7.51891 0.228355
14.1894 7.51485 0.226731
14.1964 7.5097 0.229076
14.3214 7.58331 0.22788
14.3074 7.59938 0.225398
14.315 7.59561 0.225602
14.3279 7.46445 0.227932
14.2726 7.50668 0.225732
14.224 7.47982 0.224859
14.2237 7.64332 0.227224
14.2097 7.5506 0.226625
14.2283 7.57628 0.226885
14.2171 7.53325 0.230014
14.3243 7.55476 0.228146
14.2104 7.50812 0.228309
14.2415 7.62104 0.22453
14.2023 7.52342 0.233146
14.2561 7.5105 0.225523
14.2633 7.51789 0.225586
14.2709 7.55588 0.227364
14.3099 7.52003 0.225523
14.31 7.52714 0.225689
14.2451 7.56912 0.230544
14.2661 7.56254 0.225479
14.2724 7.55529 0.225684
14.2908 7.47589 0.227865
14.3553 7.50077 0.227773
14.2702 7.51938 0.223481
14.2997 7.60085 0.227349
14.1922 7.60435 0.226147
14.1747 7.56411 0.225625
14.177 7.56331 0.225614
14.2396 7.58146 0.22539
14.1994 7.62989 0.227578
14.2186 7.52914 0.224939
14.2292 7.65366 0.222656
14.3694 7.40685 0.223453
14.2558 7.36835 0.22606
14.2532 7.5224 0.229011
14.2625 7.5816 0.229082
14.2699 7.439 0.224042
14.2795 7.57397 0.224704
14.284 7.61985 0.224028
14.2508 7.54556 0.226686
14.2293 7.51192 0.227839
14.1714 7.48842 0.230094
14.3094 7.47343 0.227685
14.2365 7.44305 0.227036
14.2312 7.60594 0.22707
14.2397 7.50025 0.228038
14.2297 7.43154 0.226728
14.2528 7.58752 0.229622
14.262 7.61492 0.22674
14.1924 7.47074 0.228691
14.3311 7.57051 0.223287
14.3272 7.56794 0.223245
14.2176 7.62577 0.226584
14.1939 7.5518 0.229562
14.187 7.5596 0.229479
14.2255 7.62613 0.225757
14.2711 7.53656 0.228168
14.245 7.56752 0.227869
14.3815 7.43872 0.225904
14.2312 7.56784 0.227712
14.2487 7.62903 0.227216
14.2465 7.46606 0.225445
14.2459 7.4694 0.225421
14.2428 7.46638 0.225528
14.2494 7.46808 0.225358
14.246 7.46824 0.225268
14.23 7.56643 0.226867
14.2825 7.47659 0.228258
14.2329 7.65336 0.228004
14.22 7.5085 0.225886
14.2102 7.58392 0.224129
14.2067 7.58193 0.22438
14.2844 7.6026 0.226293
14.1914 7.48941 0.226927
14.1895 7.48611 0.227015
14.1906 7.48348 0.22667
14.265 7.43358 0.226955
14.2701 7.56901 0.223889
14.3206 7.57241 0.227088
14.2061 7.59322 0.226748
14.2052 7.59293 0.226732
14.2602 7.53135 0.225274
14.2646 7.5329 0.225171
14.3329 7.586 0.223674
14.1383 7.49785 0.228644
14.239 7.56522 0.227912
14.2953 7.5311 0.224814
14.2897 7.50276 0.227267
14.314 7.52446 0.225567
14.2205 7.56412 0.225282
14.2265 7.56251 0.225421
14.1984 7.55734 0.22433
14.3259 7.65813 0.224801
14.2484 7.60667 0.227763
14.2344 7.54704 0.227821
14.337 7.55107 0.224412
14.3309 7.50831 0.22534
14.303 7.57266 0.227346
14.2309 7.5574 0.22542
14.3199 7.56125 0.224683
14.2911 7.51462 0.227266
14.294 7.51727 0.22727
14.2767 7.50329 0.229988
14.3231 7.51251 0.226489
14.2503 7.55819 0.226767
14.3129 7.60526 0.226516
14.3636 7.50692 0.225132
14.2787 7.52539 0.224517
14.2777 7.59985 0.222577
14.2314 7.55811 0.224479
14.2772 7.49033 0.227186
14.298 7.53776 0.227543
14.2018 7.54588 0.226331
14.2613 7.51177 0.228193
14.2493 7.48089 0.229457
14.2585 7.53556 0.229587
14.1718 7.45292 0.225701
14.2075 7.61564 0.225353
14.2741 7.50181 0.228475
14.2075 7.52656 0.227083
14.2674 7.53005 0.228058
14.2468 7.54041 0.229282
14.2698 7.55724 0.225984
14.2786 7.55212 0.22391
14.3006 7.48454 0.227502
14.2993 7.54735 0.227887
14.2558 7.6287 0.227662
14.3559 7.5696 0.226952
14.2358 7.56526 0.226021
14.2695 7.50498 0.2258
14.263 7.5054 0.225876
14.2226 7.4776 0.224937
14.2117 7.55475 0.2266
14.1726 7.52264 0.226696
14.2107 7.50956 0.228215
14.2975 7.60465 0.22447
14.2395 7.62067 0.224706
14.283 7.51076 0.224805
14.2906 7.56307 0.230291
14.266 7.55195 0.227226
14.31 7.52212 0.225492
14.238 7.60784 0.226932
14.2406 7.60273 0.229305
14.2402 7.46721 0.227316
14.2411 7.46725 0.227471
14.2067 7.66735 0.227075
14.2688 7.55818 0.225761
14.3736 7.4851 0.227938
14.3726 7.48709 0.228114
14.2258 7.58678 0.228377
14.2598 7.56397 0.228891
14.2588 7.55768 0.228745
14.2822 7.4283 0.228162
14.1898 7.61225 0.22614
14.1732 7.56323 0.225754
14.2272 7.57943 0.225273
14.2846 7.50526 0.226929
14.3205 7.57125 0.226112
14.3253 7.57636 0.226226
14.2121 7.52226 0.224826
14.3736 7.403 0.223436
14.3448 7.53714 0.2229
14.3393 7.55304 0.225567
14.2744 7.44346 0.224451
14.2656 7.52715 0.22603
14.275 7.57929 0.224733
14.2835 7.61911 0.223888
14.2489 7.5521 0.226828
14.2654 7.51123 0.22856
14.1866 7.54687 0.227548
14.2368 7.44727 0.226887
14.2386 7.44511 0.226861
14.3469 7.57505 0.225683
14.3339 7.5167 0.225647
14.2403 7.49868 0.228145
14.2348 7.43197 0.226926
14.1875 7.47564 0.228382
14.2875 7.53595 0.226429
14.2538 7.55863 0.226315
14.2215 7.62123 0.226599
14.1879 7.55619 0.229286
14.2409 7.58382 0.226449
14.2665 7.54681 0.228253
14.2487 7.56688 0.227952
14.246 7.567 0.227832
14.2161 7.54369 0.225887
14.2385 7.5777 0.227518
14.2382 7.56833 0.227466
14.2466 7.63024 0.227167
14.1485 7.59376 0.226629
14.2293 7.56154 0.226929
14.3352 7.54146 0.226338
14.3246 7.4957 0.22737
14.2332 7.65572 0.224923
14.2183 7.51085 0.226006
14.3116 7.47689 0.223899
14.2898 7.60979 0.22769
14.2098 7.60699 0.227292
14.3042 7.52381 0.227104
14.1962 7.48719 0.226961
14.2684 7.43736 0.227041
14.277 7.44131 0.227719
14.2673 7.56256 0.224018
14.2036 7.59242 0.226891
14.2003 7.58921 0.226851
14.2398 7.5486 0.226637
14.2978 7.57493 0.226267
14.1348 7.49344 0.228912
14.3126 7.61149 0.2285
14.314 7.62256 0.227243
14.2402 7.56562 0.227857
14.3365 7.4985 0.226753
14.3342 7.55272 0.225871
14.266 7.57003 0.225134
14.3194 7.52201 0.225463
14.3191 7.52583 0.225577
14.3168 7.52583 0.225819
14.2185 7.56289 0.225301
14.2609 7.65255 0.227801
14.2356 7.55043 0.225957
14.2251 7.5486 0.227986
14.2816 7.60126 0.225658
14.2379 7.53792 0.228089
14.297 7.57247 0.22714
14.2446 7.46278 0.226357
14.2448 7.46184 0.226614
14.2353 7.60397 0.226135
14.2281 7.56024 0.225188
14.3175 7.56124 0.225036
14.2652 7.51589 0.225191
13.1775 10.3019 0.210919
