268.072 25.0741 5.71336
267.895 25.0162 5.7156
267.899 24.9866 5.71569
267.899 24.9887 5.71594
267.972 25.0374 5.71663
267.917 25.0724 5.71355
267.97 25.1496 5.71773
268.053 25.0571 5.71391
267.927 25.018 5.71483
267.994 25.0248 5.71783
267.992 25.0234 5.71803
267.989 25.0165 5.71798
267.963 25.0577 5.71684
267.96 25.0554 5.71675
268.044 25.1578 5.71803
267.978 25.1015 5.71936
267.995 25.085 5.71756
268.022 25.0835 5.71601
267.985 25.1316 5.71806
267.99 25.1333 5.71788
267.926 25.0818 5.71844
268.02 25.0464 5.71488
268.003 25.0383 5.71866
268.005 25.0352 5.719
267.876 25.0083 5.71868
268.007 25.0306 5.71508
267.885 25.0953 5.71754
267.974 25.0822 5.71737
267.98 25.0762 5.71727
267.99 25.1053 5.71715
267.939 25.0327 5.71474
267.93 25.0331 5.7149
267.985 25.063 5.71692
267.963 25.0062 5.71704
267.967 25.0571 5.71921
268.01 25.1778 5.71632
268.014 25.0407 5.71605
268 25.0549 5.71698
267.941 25.0526 5.71843
267.945 25.054 5.71822
267.937 25.0947 5.71578
267.919 25.0461 5.71793
268.075 25.0785 5.71387
267.971 25.0298 5.71659
267.923 25.0217 5.7176
268.015 25.051 5.71572
267.942 25.2155 5.71391
268.076 25.0653 5.71443
267.96 25.0552 5.71887
267.969 25.0883 5.715
267.97 25.0918 5.71475
268.064 25.0308 5.71625
268.064 25.0314 5.716
267.948 25.0013 5.71638
268.056 25.0441 5.71458
268.058 25.0445 5.71464
267.929 25.0412 5.7139
268.012 25.0502 5.71488
268.044 25.0575 5.71911
267.917 25.1075 5.71662
267.985 25.0984 5.71702
267.993 25.1192 5.71549
268.029 25.0661 5.71438
268.066 25.0886 5.71228
267.938 24.9975 5.71508
267.972 25.114 5.71714
267.913 25.1521 5.71529
268.095 25.1078 5.71417
268.024 25.0158 5.71444
267.996 25.0866 5.71677
267.993 25.0892 5.71657
268.054 25.0943 5.71669
267.954 25.1138 5.71855
268.054 25.0165 5.71306
268.116 25.0554 5.71321
267.995 25.0868 5.71646
267.991 25.0787 5.71646
267.964 25.0163 5.71699
267.957 24.959 5.71374
268.014 25.0644 5.71701
268.025 24.994 5.71275
268.017 24.9849 5.7126
267.991 25.0607 5.71384
268.01 25.0525 5.71398
268.074 25.0601 5.71345
267.942 25.1143 5.71881
267.994 25.0674 5.71587
267.905 25.099 5.71534
267.944 25.1105 5.71799
268.071 25.0981 5.71655
267.974 24.9951 5.71847
267.945 25.0601 5.71841
268.035 25.0072 5.71522
267.998 25.0381 5.71559
267.945 25.0321 5.71602
267.925 25.0706 5.7182
267.93 25.0689 5.71808
267.997 25.0573 5.71249
267.916 25.0577 5.71706
267.919 25.0502 5.71707
268.021 24.9851 5.71529
268.063 24.999 5.71818
267.946 25.0377 5.7171
267.961 25.1105 5.71392
268.033 25.0335 5.71735
267.923 25.1113 5.71636
267.985 24.9831 5.72038
267.982 24.978 5.72024
268.023 25.0894 5.71502
268.038 25.0217 5.71714
268.043 25.0257 5.71697
267.962 25.0179 5.71676
268.015 25.1438 5.72089
268.014 25.143 5.72094
268.051 25.0677 5.71854
268.058 25.1038 5.71606
267.906 24.9834 5.71989
267.953 25.0638 5.71473
267.955 25.0691 5.71487
267.942 25.178 5.71543
268.045 25.1035 5.7151
267.95 25.0692 5.71978
268.026 25.0423 5.71533
267.864 25.0899 5.72015
268.067 25.0129 5.71409
268.072 25.0922 5.71271
267.962 25.0006 5.71371
268.016 25.0841 5.71122
267.932 25.0986 5.71781
268.123 25.0965 5.71506
267.974 25.1016 5.7149
267.976 25.0355 5.71604
267.954 25.1567 5.71418
268.032 25.0738 5.71701
267.993 25.0963 5.71496
268.023 25.0529 5.7167
268.004 24.9992 5.71698
267.996 25.0733 5.71346
267.996 25.0989 5.71588
268.005 25.0575 5.71491
267.923 25.0618 5.71324
267.963 25.0458 5.71737
268.047 25.0368 5.71696
268.039 25.0252 5.71694
268.017 25.0357 5.71544
267.986 25.0626 5.71497
267.887 25.1013 5.71234
267.887 25.1044 5.71217
267.958 25.0168 5.71833
267.981 25.1041 5.71541
267.99 25.0849 5.71506
267.999 25.0672 5.71494
268.007 25.0665 5.71489
268.002 24.9986 5.7184
268.005 25 5.7184
267.906 25.0645 5.71977
267.956 25.1417 5.71939
268.069 25.1543 5.71634
267.91 25.1543 5.71632
268.074 25.0464 5.71555
268.032 25.0739 5.71507
267.947 25.0618 5.7148
267.924 25.0039 5.71975
267.986 25.0092 5.71416
268.027 25.0653 5.71929
268.031 25.0638 5.71931
268.026 25.0601 5.71927
267.993 24.9929 5.71399
268.01 25.0976 5.71645
268.006 25.0951 5.71638
267.953 25.1336 5.71547
268 25.0801 5.71514
267.982 25.1279 5.71645
268.017 25.1326 5.71564
267.945 25.0828 5.71538
268.03 25.0532 5.71839
267.954 25.1165 5.71644
267.949 25.1079 5.72016
267.974 25.074 5.7192
268.014 25.0377 5.71706
268.003 25.1762 5.71711
267.975 25.0711 5.7202
267.997 25.0297 5.71652
268.006 25.1014 5.71664
268.021 25.0418 5.71682
268.01 25.1049 5.71446
268.013 25.1034 5.71429
268.029 25.1151 5.71432
267.99 25.1892 5.71956
267.927 25.0772 5.71786
268.003 25.1234 5.71633
268.053 25.0871 5.71737
267.943 25.112 5.71586
267.922 25.0856 5.71589
267.847 25.1474 5.71728
268.039 25.0441 5.71633
268.068 25.1336 5.71998
268 25.0496 5.71261
267.984 25.1081 5.72063
267.993 25.0216 5.71896
267.993 25.0184 5.71898
268.035 25.0212 5.71404
268.036 25.0227 5.71397
268.04 24.8885 5.71887
267.983 24.8947 5.71874
267.95 25.132 5.71717
268.026 25.1221 5.71699
267.925 25.0646 5.71932
267.984 25.0024 5.71522
268.078 25.0789 5.71337
268.001 25.0759 5.71694
267.891 25.1876 5.71626
268.07 25.0689 5.71323
268.073 25.0768 5.71352
268.004 25.1215 5.71242
267.998 25.0775 5.71403
267.92 25.1276 5.71771
267.962 25.1488 5.71773
268.059 25.0583 5.71389
268.059 25.0577 5.71396
267.992 25.0258 5.71818
267.991 25.0218 5.7182
267.96 25.0541 5.71657
267.981 25.1025 5.71945
267.991 25.0806 5.71769
268.023 25.0778 5.7158
267.902 25.0572 5.71539
267.901 25.0585 5.71522
267.92 25.0376 5.71995
267.932 25.0825 5.71829
268.026 25.047 5.71488
268.001 25.0389 5.71872
267.877 25.0125 5.71857
267.881 25.063 5.7198
267.888 25.0643 5.72005
267.98 25.0791 5.71727
267.99 25.1038 5.71715
268.115 25.0203 5.7135
267.937 25.0674 5.71696
267.984 25.0549 5.717
267.96 25.0125 5.71715
268.05 25.0945 5.71847
268.005 25.0429 5.71755
268.021 25.0557 5.71511
267.95 25.0542 5.71832
268.05 25.0405 5.71615
267.937 25.0982 5.71581
267.884 25.0057 5.71713
268.015 25.1328 5.72198
268.072 25.0823 5.71386
267.972 25.0303 5.71662
268.022 24.9788 5.71816
268.027 24.9764 5.71798
268.023 24.9758 5.71805
268.029 24.9769 5.71814
267.931 24.9367 5.71938
267.93 24.9303 5.7192
268.072 25.0632 5.71436
267.943 25.0648 5.71794
267.956 25.047 5.71895
267.994 25.1387 5.71868
267.95 25.0036 5.71623
267.951 25.1339 5.71334
267.955 25.1284 5.71357
268.052 25.0521 5.71468
268.026 25.073 5.71673
267.93 25.0408 5.71377
267.993 25.0643 5.71382
267.912 25.1068 5.71667
267.99 25.0947 5.71704
267.887 25.1324 5.71676
268.071 25.0932 5.71234
267.987 25.1534 5.71575
267.958 25.0561 5.71813
268.097 25.1082 5.71422
267.989 25.0573 5.71354
267.991 25.0562 5.71355
268.06 25.0898 5.7165
267.943 25.0791 5.71554
268.053 25.0222 5.71298
268.067 25.1579 5.71928
267.972 25.1658 5.71473
267.959 24.959 5.7137
268.015 25.0694 5.71721
268.02 24.9885 5.71263
268.039 25.04 5.71325
267.975 25.0277 5.71609
268.005 25.0536 5.71392
267.931 25.0884 5.71828
267.892 25.1048 5.71312
268.024 25.0697 5.71558
268.018 25.0654 5.7155
267.901 25.1004 5.71565
268.029 25.0528 5.7137
268.011 25.0869 5.71481
267.92 25.0886 5.71977
267.979 24.9947 5.71853
267.865 25.0712 5.7182
268.032 25.0107 5.71525
268.035 25.0088 5.71537
267.911 25.0769 5.71244
267.926 25.0639 5.7181
268.012 25.0549 5.71658
267.954 25.0937 5.7143
268.018 24.9842 5.71545
268.02 24.9844 5.71555
267.991 25.1217 5.7158
267.975 25.1049 5.71517
268.058 25.0014 5.71809
267.944 25.0386 5.71725
267.898 25.0253 5.71801
267.905 25.0302 5.71822
267.916 25.1156 5.7161
267.984 24.98 5.72037
267.992 25.064 5.71921
267.973 25.1318 5.71559
268.037 25.024 5.71714
267.955 25.0172 5.71691
267.915 25.0186 5.7115
268.051 25.0699 5.71862
268.052 25.0705 5.71836
268.002 25.1079 5.71603
267.903 24.9852 5.71986
268.014 25.0733 5.71618
267.953 25.0651 5.7148
268.051 25.0988 5.7166
267.951 25.0686 5.71946
267.954 25.1022 5.71949
268.076 25.0895 5.71268
268.064 25.0589 5.71423
268.061 25.0585 5.71416
267.916 25.1257 5.71508
267.987 25.1771 5.71295
268.017 25.0904 5.71141
267.973 25.0752 5.7163
267.973 25.1079 5.71477
267.972 25.0425 5.71625
267.939 25.08 5.71724
267.941 25.0772 5.71722
268.039 25.0704 5.71699
267.985 25.0946 5.71488
267.939 25.0448 5.71712
268.003 25 5.71689
268.002 25.0009 5.71688
267.977 25.0712 5.7128
268.003 25.0761 5.71353
268.015 25.0264 5.72008
268.02 25.029 5.72032
268.016 25.022 5.72028
267.885 25.0334 5.71727
267.925 25.0505 5.71314
267.978 25.1491 5.71648
268.105 25.0316 5.71251
268.041 25.0322 5.71687
268.039 25.0304 5.71704
267.938 25.0511 5.71546
268 25.074 5.71532
267.905 25.0695 5.7158
268.08 25.1386 5.71898
267.925 25.1631 5.71635
268.036 25.2075 5.71693
267.986 25.1125 5.71529
267.991 25.0846 5.71489
268.123 25.0657 5.7162
268.012 25.0681 5.71497
268.003 24.998 5.71832
267.929 25.1515 5.7166
267.938 25.0642 5.71348
267.918 25.057 5.71224
268.053 25.0465 5.71597
267.975 25.106 5.71491
267.915 25.1549 5.71649
268.033 25.0689 5.71531
267.927 24.9985 5.71972
267.984 25.0055 5.71441
267.93 25.0891 5.71683
267.991 24.9995 5.71405
267.996 24.999 5.71411
267.999 24.9878 5.71408
267.996 25.0636 5.71477
267.956 25.1289 5.71545
267.97 25.1269 5.71676
268.021 24.9628 5.7167
267.946 25.076 5.71536
267.948 25.1234 5.71645
267.959 25.1379 5.71474
268.039 25.0923 5.71506
267.972 25.0691 5.71909
268.013 25.0354 5.71686
268 25.1461 5.7213
267.922 25.12 5.71905
268.004 25.0655 5.71708
268.018 25.0404 5.71657
268.019 25.0826 5.71455
268.035 25.124 5.71607
268.041 25.0622 5.71615
267.948 25.0691 5.71688
267.925 25.0827 5.71805
268.005 25.127 5.71618
268.051 25.0912 5.71732
268.045 25.0482 5.71625
268.036 25.1508 5.71952
267.912 25.0026 5.71679
268.032 25.02 5.71439
267.999 25.0152 5.71904
267.998 25.0195 5.71879
267.996 25.0172 5.71891
268.042 25.1317 5.71647
268.041 24.8952 5.71898
267.986 24.8979 5.71876
267.957 25.128 5.71698
267.926 25.1419 5.71856
267.971 25.0095 5.71304
267.986 25.0029 5.71532
267.942 25.0379 5.71628
267.944 25.0398 5.71642
268.004 25.0741 5.717
268.088 25.1113 5.7191
267.989 25.0693 5.71274
268 25.0792 5.71394
267.976 25.0472 5.71655
267.913 25.0699 5.71334
268.062 25.0606 5.71376
268.057 25.0569 5.71379
268.057 25.053 5.71389
268 25.0408 5.71284
267.996 25.0222 5.71795
268.048 25.1566 5.71797
267.979 25.102 5.71928
267.885 25.1398 5.71835
267.931 25.1679 5.71293
267.98 25.063 5.71556
267.989 25.1299 5.71797
267.916 25.038 5.71994
267.877 25.0489 5.72007
267.926 25.0786 5.71837
268.024 25.0452 5.71496
268.024 25.05 5.7148
268.009 25.0391 5.71874
268.008 25.0312 5.71504
268.002 25.0341 5.71503
267.883 25.0918 5.71765
267.977 25.079 5.71725
267.95 25.1015 5.71327
268.11 25.0207 5.71334
267.931 25.0708 5.71719
267.936 25.0685 5.71707
267.987 25.0599 5.71698
267.959 25.0061 5.7171
267.961 25.0074 5.71709
268.004 25.0516 5.71767
268.01 25.0676 5.71152
268.017 25.0595 5.71499
267.993 25.0606 5.71669
268.045 25.0449 5.71591
268.048 25.0469 5.71599
267.921 25.0444 5.71791
267.971 25.0308 5.71658
267.949 25.115 5.71791
267.927 25.0226 5.71743
268.017 25.0543 5.71572
268.068 25.0686 5.71433
267.955 25.0524 5.71875
267.962 25.0905 5.71477
267.851 25.0148 5.71972
267.948 25.0034 5.71618
267.931 25.0187 5.71372
268.024 25.0792 5.71673
267.94 25.0536 5.71497
268.047 25.059 5.71918
267.91 24.9884 5.71589
267.993 25.0925 5.7171
267.975 25.0676 5.71454
267.99 25.1176 5.71549
268.031 25.0561 5.71451
268.07 25.0887 5.71247
268.019 25.1303 5.71514
267.961 25.0563 5.71797
268.02 25.023 5.71437
267.986 25.0563 5.71361
267.994 25.0904 5.71678
268.058 25.0834 5.71669
267.942 25.0779 5.71554
268.111 25.0514 5.71321
267.993 25.0844 5.71652
267.96 25.0092 5.71681
268.046 25.0429 5.71797
268.049 25.0419 5.71786
268.02 24.9888 5.71253
268.039 25.0456 5.71335
267.979 25.0227 5.71607
268.047 25.1572 5.71571
267.926 25.0851 5.71845
267.936 25.1145 5.71866
268.001 25.1178 5.71922
268.026 25.062 5.71551
267.901 25.1018 5.7156
267.95 25.1119 5.71808
268.074 25.0972 5.71659
266.489 22.573 5.70456
