49.652 -60.6797 3.9267
49.6665 -60.7577 3.92057
49.8285 -60.7486 3.92433
49.7471 -60.7085 3.92602
49.6891 -60.7329 3.923
49.5985 -60.6676 3.92492
49.7988 -60.6764 3.92535
49.7171 -60.7032 3.92631
49.6441 -60.7505 3.92516
49.5848 -60.7826 3.92387
49.7132 -60.7245 3.9242
49.8581 -60.8026 3.92437
49.6895 -60.7543 3.93007
49.7154 -60.7195 3.92663
49.8132 -60.8238 3.92334
49.8352 -60.7269 3.92765
49.742 -60.8341 3.92727
49.7198 -60.7913 3.92545
49.7168 -60.7078 3.92691
49.7114 -60.7708 3.92532
49.708 -60.7047 3.92408
49.6836 -60.8814 3.92921
49.7522 -60.8518 3.92613
49.667 -60.7591 3.92274
49.733 -60.7335 3.92582
49.7902 -60.6996 3.92668
49.6765 -60.6978 3.92525
49.5975 -60.7216 3.92445
49.6765 -60.7492 3.92317
49.6773 -60.8385 3.92215
49.6903 -60.8308 3.92784
49.698 -60.7518 3.92639
49.6554 -60.7254 3.92238
49.6585 -60.726 3.92526
49.6925 -60.7498 3.93005
49.7007 -60.7673 3.93117
49.6871 -60.8678 3.92598
49.638 -60.7367 3.92065
49.6264 -60.803 3.92481
49.7484 -60.7561 3.92451
49.7301 -60.7362 3.9216
49.6819 -60.6837 3.92521
49.6413 -60.729 3.92538
49.7569 -60.8147 3.92853
49.6995 -60.7867 3.92775
49.7041 -60.8668 3.92595
49.763 -60.805 3.92469
49.6925 -60.8284 3.92246
49.6409 -60.6986 3.92533
49.7568 -60.6951 3.92336
49.6378 -60.6766 3.92169
49.7202 -60.6141 3.92487
49.6173 -60.7239 3.92666
49.6306 -60.7893 3.92399
49.6519 -60.726 3.92559
49.6075 -60.7503 3.9263
49.5806 -60.8439 3.92552
49.6039 -60.7641 3.92339
49.7619 -60.7325 3.92836
49.7218 -60.7504 3.928
49.7141 -60.7825 3.92765
49.6623 -60.673 3.92596
49.7281 -60.7443 3.92137
49.6389 -60.7722 3.92205
49.7221 -60.7209 3.92515
49.7519 -60.7512 3.92798
49.7209 -60.7439 3.9281
49.7362 -60.7386 3.926
49.7993 -60.7537 3.92752
49.7648 -60.7102 3.92514
49.7906 -60.684 3.92423
49.6512 -60.7683 3.92225
49.6198 -60.7466 3.9284
49.7261 -60.7796 3.92492
49.7634 -60.7582 3.92303
49.7885 -60.8257 3.92731
49.7633 -60.8316 3.92638
49.7862 -60.8025 3.92606
49.8484 -60.7897 3.92859
49.7186 -60.7228 3.92321
49.6516 -60.7005 3.92296
49.7408 -60.7427 3.92737
49.7385 -60.7626 3.92609
49.6591 -60.6882 3.92518
49.6944 -60.8022 3.92588
49.7323 -60.7731 3.92561
49.6636 -60.6782 3.92188
49.6553 -60.7662 3.92545
49.6911 -60.7695 3.92313
49.6851 -60.6699 3.92802
49.6217 -60.7599 3.92579
49.7211 -60.7262 3.92048
49.7427 -60.7214 3.92313
49.6559 -60.6531 3.92916
49.7378 -60.7366 3.92483
49.8101 -60.8137 3.92535
49.8115 -60.7422 3.92558
49.5897 -60.6548 3.92576
49.7064 -60.717 3.92751
49.5758 -60.8081 3.92452
49.6487 -60.7309 3.92695
49.7966 -60.7379 3.92256
49.7507 -60.7916 3.92736
49.6312 -60.7904 3.92576
49.5769 -60.6995 3.92558
49.8126 -60.7236 3.92647
49.7174 -60.7114 3.92729
49.7573 -60.6801 3.92489
49.7026 -60.7566 3.92438
49.6375 -60.7552 3.92306
49.7644 -60.7799 3.92497
49.7234 -60.6863 3.93023
49.6906 -60.726 3.92437
49.7913 -60.6956 3.92376
49.6616 -60.5992 3.92161
49.6475 -60.7197 3.92379
49.6701 -60.7723 3.9232
49.6122 -60.6639 3.92251
49.6793 -60.8708 3.92695
49.701 -60.8369 3.92841
49.7142 -60.8206 3.92541
49.6051 -60.6117 3.92248
49.6645 -60.731 3.92442
49.642 -60.744 3.92363
49.6148 -60.696 3.92585
49.7542 -60.7778 3.92515
49.7004 -60.7875 3.92713
49.7014 -60.7482 3.92465
49.6937 -60.7743 3.92644
49.6204 -60.7746 3.92784
49.6981 -60.7215 3.92426
49.7376 -60.6646 3.92465
49.6171 -60.7368 3.92498
49.7457 -60.7036 3.92166
49.7646 -60.6162 3.92367
49.7103 -60.6855 3.92546
49.7497 -60.8425 3.92446
49.5958 -60.7073 3.92663
49.6268 -60.7538 3.9271
49.662 -60.7944 3.92629
49.6715 -60.7383 3.92706
49.7002 -60.6873 3.93021
49.608 -60.7272 3.92825
49.7437 -60.8391 3.92592
49.6829 -60.7636 3.92317
49.8132 -60.688 3.92483
49.7611 -60.766 3.92453
49.7143 -60.693 3.92567
49.6373 -60.7637 3.92649
49.8559 -60.6998 3.92832
49.7003 -60.8002 3.92624
49.7113 -60.6932 3.92478
49.6366 -60.6523 3.92209
49.6947 -60.6979 3.92281
49.6456 -60.8489 3.92436
49.6579 -60.6251 3.92482
49.7324 -60.7518 3.92365
49.8171 -60.7316 3.92496
49.7225 -60.7114 3.92682
49.6596 -60.6937 3.92576
49.6242 -60.7877 3.9234
49.5767 -60.8551 3.92114
49.684 -60.6606 3.92353
49.7598 -60.7173 3.92574
49.7424 -60.7235 3.92768
49.598 -60.7152 3.92784
49.7185 -60.7348 3.9287
49.6737 -60.6866 3.92526
49.4789 -60.7644 3.91885
49.7195 -60.7441 3.92475
49.7171 -60.7406 3.925
49.7071 -60.7058 3.92299
49.7311 -60.7636 3.9265
49.73 -60.6727 3.92867
49.6934 -60.7183 3.92522
49.7159 -60.7409 3.92779
49.7724 -60.7429 3.92633
49.7414 -60.632 3.92875
49.5908 -60.8426 3.92343
49.6235 -60.7603 3.92677
49.6277 -60.6687 3.92953
49.6787 -60.7874 3.92556
49.801 -60.8531 3.92938
49.785 -60.872 3.92571
49.7451 -60.8407 3.92746
49.8241 -60.7716 3.92682
49.7301 -60.7436 3.92148
49.7046 -60.7257 3.92885
49.7555 -60.8266 3.92643
49.746 -60.6827 3.92576
49.7719 -60.809 3.92683
49.6643 -60.7824 3.92851
49.6101 -60.804 3.92345
49.7703 -60.8243 3.92777
49.6907 -60.7031 3.92748
49.6749 -60.6846 3.9269
49.717 -60.7678 3.92533
49.7064 -60.7328 3.9248
49.6485 -60.8077 3.92591
49.6639 -60.7261 3.92022
49.6574 -60.7291 3.92106
49.7092 -60.6888 3.92244
49.6996 -60.68 3.92218
49.8183 -60.7875 3.92293
49.8225 -60.7344 3.92466
49.6739 -60.768 3.92388
49.573 -60.7476 3.92557
49.5829 -60.7935 3.92594
49.6468 -60.7935 3.92526
49.6497 -60.8387 3.92599
49.7564 -60.701 3.9264
49.6522 -60.8281 3.92433
49.6917 -60.6656 3.92714
49.746 -60.8327 3.92057
49.6609 -60.7174 3.92525
49.6434 -60.7459 3.92552
49.704 -60.741 3.92367
49.7141 -60.7096 3.92528
49.711 -60.695 3.92465
49.8247 -60.8145 3.92358
49.7493 -60.7561 3.9251
49.763 -60.7186 3.92563
49.7193 -60.6861 3.93009
49.6817 -60.8346 3.92502
49.7544 -60.7505 3.92637
49.7066 -60.8911 3.92717
49.6654 -60.7722 3.92679
49.6921 -60.6688 3.92425
49.6782 -60.71 3.92429
49.615 -60.8567 3.92646
49.6683 -60.7149 3.92572
49.5932 -60.7771 3.92434
49.6626 -60.7249 3.92034
49.676 -60.7229 3.92263
49.7083 -60.6891 3.92788
49.801 -60.7672 3.91997
49.7029 -60.7467 3.92216
49.625 -60.7252 3.92031
49.6369 -60.7618 3.92597
49.671 -60.7197 3.92608
49.578 -60.7189 3.9223
49.5817 -60.7157 3.92237
49.6871 -60.8771 3.92366
49.7072 -60.847 3.92311
49.6991 -60.7276 3.92328
49.7536 -60.6326 3.92359
49.7159 -60.6949 3.92713
49.6964 -60.8525 3.92616
49.7593 -60.7222 3.92708
49.5315 -60.7019 3.92401
49.6054 -60.8461 3.92746
49.7545 -60.653 3.92521
49.7115 -60.7457 3.93089
49.7072 -60.7307 3.92639
49.7257 -60.8662 3.92345
49.7334 -60.6506 3.92238
49.7131 -60.6394 3.92424
49.7185 -60.8117 3.9214
49.7307 -60.7597 3.92663
49.7616 -60.6874 3.92585
49.7299 -60.7081 3.9257
49.6955 -60.8049 3.92243
49.5894 -60.7245 3.92449
49.6863 -60.6506 3.92423
49.5468 -60.7656 3.92583
49.7838 -60.6594 3.92437
49.8462 -60.6768 3.92589
49.6833 -60.7051 3.92527
49.6664 -60.6758 3.92316
49.6357 -60.7697 3.92531
49.5752 -60.7227 3.92292
49.7457 -60.7926 3.92399
49.7074 -60.7925 3.92503
49.7285 -60.7284 3.92838
49.6986 -60.7633 3.92532
49.738 -60.7731 3.92651
49.6846 -60.8037 3.92401
49.6245 -60.6608 3.92536
49.6879 -60.7035 3.92542
49.5461 -60.7455 3.92341
49.695 -60.7719 3.92477
49.7202 -60.7905 3.92638
49.7658 -60.7142 3.92232
49.6814 -60.7342 3.92625
49.6654 -60.7977 3.92474
49.7342 -60.6568 3.92649
49.664 -60.6942 3.92834
49.6834 -60.7602 3.92573
49.6221 -60.6447 3.92507
49.6658 -60.7608 3.92227
49.6688 -60.7091 3.92455
49.5929 -60.6686 3.92707
49.6805 -60.6013 3.92509
49.742 -60.7918 3.92575
49.6968 -60.7143 3.92347
49.7062 -60.7225 3.92441
49.6688 -60.697 3.92381
49.7108 -60.777 3.92925
49.5822 -60.7218 3.9252
49.7587 -60.7357 3.92468
49.7987 -60.785 3.92548
49.7796 -60.8315 3.92861
49.6801 -60.7243 3.92509
49.6764 -60.7371 3.92114
49.7976 -60.7187 3.92639
49.7018 -60.7805 3.92548
49.6617 -60.768 3.92241
49.58 -60.7967 3.92394
49.6451 -60.8035 3.92265
49.7019 -60.7747 3.92614
49.7571 -60.6236 3.92476
49.7319 -60.6997 3.92573
49.6301 -60.775 3.92235
49.6192 -60.7168 3.92417
49.7037 -60.7089 3.92455
49.6422 -60.7979 3.92499
49.801 -60.7441 3.92736
49.7554 -60.7511 3.92733
49.7729 -60.6469 3.9272
49.666 -60.7625 3.92333
49.5741 -60.7911 3.92507
49.7307 -60.7493 3.92294
49.8089 -60.6543 3.9267
49.7649 -60.665 3.92963
49.7376 -60.6569 3.92871
49.7171 -60.7708 3.9269
49.6868 -60.7219 3.92435
49.7366 -60.7826 3.92512
49.6903 -60.8092 3.92642
49.6821 -60.7389 3.92412
49.7629 -60.7389 3.92438
49.7238 -60.7334 3.92498
49.7199 -60.7493 3.92546
49.7459 -60.6674 3.92421
49.7081 -60.6758 3.92707
49.6389 -60.743 3.92318
49.7136 -60.8695 3.9263
49.7049 -60.8024 3.92588
49.6122 -60.5932 3.9212
49.6177 -60.7712 3.92694
49.6839 -60.8389 3.92407
49.6779 -60.6713 3.92531
49.6766 -60.7213 3.92546
49.6626 -60.6705 3.92789
49.7044 -60.7083 3.92327
49.6744 -60.7054 3.9248
49.7846 -60.7302 3.92708
49.6879 -60.7649 3.92473
49.6823 -60.7962 3.92551
49.7908 -60.6748 3.92378
49.6983 -60.785 3.92144
49.6727 -60.7679 3.92403
49.6597 -60.7207 3.92388
49.6834 -60.6917 3.92587
49.7025 -60.7968 3.92549
49.6803 -60.669 3.92167
49.6098 -60.7412 3.92419
49.7676 -60.7506 3.92511
49.7156 -60.7418 3.92395
49.6499 -60.7405 3.92492
49.6976 -60.7149 3.92752
49.7454 -60.7548 3.93009
49.6894 -60.7314 3.92543
49.6687 -60.7439 3.92418
49.7008 -60.6932 3.92294
49.723 -60.7212 3.92425
49.6764 -60.7774 3.92787
49.8099 -60.754 3.92722
49.7332 -60.7426 3.92743
49.736 -60.633 3.9227
49.7354 -60.7366 3.92552
49.6939 -60.6344 3.92355
49.5949 -60.6986 3.9262
49.7825 -60.7281 3.92433
49.836 -60.6661 3.92655
49.6649 -60.7671 3.92615
49.7194 -60.8495 3.9252
49.6118 -60.7031 3.9252
49.703 -60.8083 3.92367
49.739 -60.8274 3.9219
49.6105 -60.7713 3.92391
49.5923 -60.7122 3.92386
49.5855 -60.7378 3.92584
49.7358 -60.7929 3.92532
49.7567 -60.7247 3.92782
49.6514 -60.7697 3.92492
49.5461 -60.7677 3.92456
49.6354 -60.6909 3.92573
49.6544 -60.7972 3.92457
49.632 -60.7216 3.92319
49.733 -60.7458 3.92877
49.7263 -60.8536 3.92469
49.7384 -60.7117 3.92755
49.6808 -60.6339 3.92722
49.7506 -60.6344 3.92118
49.6899 -60.7371 3.92729
49.7028 -60.6958 3.92602
49.7405 -60.7025 3.92786
49.7214 -60.778 3.92604
49.8145 -60.8904 3.92726
49.8688 -60.8366 3.92599
49.6497 -60.7895 3.927
49.579 -60.6477 3.92693
49.7601 -60.8254 3.92531
49.7461 -60.7027 3.9274
49.6614 -60.7843 3.92263
49.5383 -60.7378 3.92199
49.7805 -60.8154 3.92566
49.6286 -60.7536 3.92427
49.7108 -60.7238 3.92325
49.7501 -60.7253 3.92535
49.732 -60.7824 3.9252
49.6675 -60.7891 3.92426
49.716 -60.8608 3.92592
49.713 -60.6734 3.92638
49.7186 -60.7486 3.92749
49.5342 -60.7733 3.92246
49.807 -60.765 3.92643
49.7578 -60.6638 3.92507
49.7425 -60.7121 3.9253
49.7656 -60.6594 3.92424
49.7327 -60.7514 3.92744
49.6012 -60.6741 3.92572
49.6322 -60.7816 3.92531
49.6539 -60.6757 3.92453
49.646 -60.7671 3.92456
49.7881 -60.7335 3.92874
49.6473 -60.806 3.92461
49.5933 -60.7249 3.92516
49.7523 -60.6566 3.92732
49.6223 -60.8424 3.92633
49.7735 -60.7504 3.92493
49.7047 -60.8263 3.9232
49.7234 -60.7778 3.92624
49.7319 -60.7347 3.93126
49.6312 -60.8272 3.92125
49.8138 -60.6917 3.92377
49.6592 -60.6295 3.92499
49.7143 -60.7111 3.92384
49.6468 -60.6678 3.92527
49.6459 -60.8835 3.92374
49.674 -60.6078 3.92296
49.6585 -60.7198 3.9247
49.6322 -60.6789 3.92408
49.6151 -60.7176 3.92655
49.7138 -60.8403 3.92467
49.6497 -60.7629 3.92497
49.7147 -60.656 3.92412
49.6749 -60.7175 3.92495
49.751 -60.8314 3.92414
49.6927 -60.7642 3.92364
49.7044 -60.8555 3.92419
49.743 -60.8659 3.92729
49.708 -60.7971 3.92691
49.6741 -60.6558 3.92707
49.6145 -60.8223 3.92619
49.7426 -60.7117 3.92719
49.7432 -60.7336 3.92991
49.7255 -60.7662 3.92201
49.7162 -60.6961 3.9251
49.7623 -60.8082 3.92593
49.7029 -60.72 3.92521
49.6259 -60.6789 3.92454
49.6525 -60.7998 3.92749
49.6902 -60.7788 3.92282
49.7953 -60.7151 3.92795
49.7406 -60.7684 3.92572
49.6671 -60.5955 3.92089
49.7478 -60.734 3.9251
49.7346 -60.6816 3.92468
49.725 -60.6513 3.92446
49.6346 -60.7531 3.92309
49.6925 -60.8224 3.92605
49.7001 -60.7027 3.92186
49.698 -60.6749 3.92105
49.6858 -60.7015 3.92585
49.6054 -60.6727 3.92871
49.5535 -60.781 3.92375
49.7091 -60.8166 3.92409
49.649 -60.7724 3.92628
49.6838 -60.7649 3.92582
49.604 -60.7484 3.92495
49.5997 -60.8064 3.92383
49.5847 -60.7207 3.92512
49.6516 -60.8082 3.92785
49.7472 -60.7995 3.92387
49.7335 -60.7697 3.92846
49.6755 -60.732 3.92623
49.6663 -60.6753 3.92693
49.6503 -60.7227 3.9267
49.695 -60.699 3.92282
49.7229 -60.7259 3.92178
49.6781 -60.838 3.92337
49.8108 -60.7207 3.92768
49.6993 -60.589 3.92668
49.7378 -60.5992 3.9281
49.7216 -60.6828 3.92388
49.7202 -60.7434 3.92193
49.7112 -60.7777 3.92701
50.1787 -63.6936 3.92039
