-39.3228 -65.5244 1.80906
-39.2698 -65.5189 1.80896
-39.4356 -65.4271 1.81011
-39.4511 -65.4654 1.8097
-39.3911 -65.5005 1.81427
-39.523 -65.4125 1.80832
-39.4771 -65.4413 1.80835
-39.2967 -65.4912 1.81137
-39.3142 -65.4701 1.81044
-39.403 -65.4018 1.811
-39.319 -65.5014 1.80757
-39.4196 -65.4803 1.81218
-39.196 -65.5157 1.80995
-39.2558 -65.3637 1.81294
-39.4844 -65.4952 1.80947
-39.511 -65.6 1.81112
-39.2808 -65.4798 1.81094
-39.3486 -65.5151 1.80597
-39.2766 -65.4807 1.80956
-39.3678 -65.5531 1.8092
-39.3134 -65.5296 1.81127
-39.327 -65.4463 1.80777
-39.2913 -65.5523 1.80942
-39.39 -65.5509 1.80763
-39.4229 -65.5176 1.81038
-39.3386 -65.4603 1.8124
-39.4059 -65.5282 1.81268
-39.3995 -65.4195 1.80937
-39.357 -65.4146 1.80915
-39.3718 -65.4548 1.80684
-39.4237 -65.4385 1.80629
-39.3234 -65.4789 1.81399
-39.3041 -65.4889 1.80853
-39.2843 -65.4783 1.80838
-39.3215 -65.4528 1.80845
-39.3087 -65.53 1.81113
-39.3599 -65.512 1.81233
-39.3248 -65.456 1.81378
-39.42 -65.5242 1.80925
-39.3654 -65.5309 1.80921
-39.298 -65.4587 1.81253
-39.2919 -65.4841 1.80978
-39.2863 -65.5204 1.8103
-39.294 -65.5303 1.81094
-39.3987 -65.4305 1.80731
-39.4229 -65.4178 1.80625
-39.4617 -65.5191 1.81243
-39.3178 -65.4953 1.81016
-39.4662 -65.4546 1.81002
-39.3435 -65.5002 1.81067
-39.4346 -65.5119 1.80959
-39.4144 -65.5204 1.81088
-39.2695 -65.5763 1.81197
-39.2597 -65.426 1.8105
-39.4059 -65.4939 1.80801
-39.3745 -65.5512 1.81104
-39.2022 -65.5301 1.81279
-39.3893 -65.4696 1.80917
-39.4889 -65.4993 1.81378
-39.3663 -65.4223 1.80961
-39.3199 -65.4404 1.80919
-39.3192 -65.4736 1.80902
-39.2851 -65.496 1.81172
-39.3311 -65.5213 1.81562
-39.305 -65.4465 1.80717
-39.3049 -65.4243 1.80824
-39.4245 -65.5111 1.80794
-39.3032 -65.513 1.80798
-39.4175 -65.5041 1.81026
-39.3001 -65.5321 1.80861
-39.3166 -65.4392 1.80944
-39.4098 -65.5403 1.81137
-39.3116 -65.485 1.81155
-39.3753 -65.4449 1.81341
-39.4006 -65.5479 1.811
-39.3611 -65.6252 1.81101
-39.4021 -65.5258 1.8083
-39.3635 -65.5196 1.81276
-39.4233 -65.5516 1.81116
-39.4393 -65.58 1.80997
-39.2865 -65.5866 1.81196
-39.3454 -65.6882 1.81392
-39.3773 -65.6225 1.81392
-39.4326 -65.5977 1.80754
-39.4039 -65.4255 1.80991
-39.3256 -65.4942 1.80831
-39.4167 -65.6363 1.81034
-39.3218 -65.4349 1.80723
-39.286 -65.5067 1.80937
-39.2868 -65.5675 1.81212
-39.3129 -65.5643 1.80885
-39.2801 -65.4749 1.81076
-39.3506 -65.4964 1.81152
-39.3317 -65.4508 1.80864
-39.3077 -65.4089 1.80895
-39.36 -65.5101 1.80814
-39.3417 -65.4597 1.80821
-39.28 -65.3719 1.81061
-39.4718 -65.4266 1.80558
-39.3753 -65.4348 1.81008
-39.3488 -65.4483 1.80916
-39.3162 -65.4668 1.81373
-39.3233 -65.4664 1.80827
-39.3456 -65.5655 1.81334
-39.3743 -65.575 1.81259
-39.3184 -65.5247 1.81488
-39.2343 -65.7131 1.81093
-39.3567 -65.5454 1.8117
-39.5121 -65.518 1.80836
-39.3281 -65.5805 1.8066
-39.3931 -65.5546 1.81171
-39.3374 -65.479 1.81117
-39.2764 -65.495 1.81118
-39.333 -65.4485 1.80866
-39.3155 -65.4837 1.80905
-39.4421 -65.4821 1.81195
-39.3146 -65.4337 1.81093
-39.3913 -65.4395 1.80634
-39.457 -65.3892 1.811
-39.303 -65.4429 1.80639
-39.4307 -65.6111 1.80992
-39.3443 -65.4337 1.80748
-39.3432 -65.5618 1.81286
-39.3896 -65.5109 1.80813
-39.3432 -65.4759 1.80613
-39.2831 -65.5843 1.80749
-39.46 -65.4155 1.80835
-39.4276 -65.4037 1.81151
-39.269 -65.4838 1.81243
-39.3926 -65.4811 1.81285
-39.3806 -65.5494 1.81411
-39.4257 -65.5075 1.81267
-39.2596 -65.536 1.81201
-39.2983 -65.4023 1.80905
-39.4457 -65.517 1.81233
-39.1816 -65.3365 1.80919
-39.2658 -65.4337 1.80922
-39.4009 -65.5139 1.81139
-39.2668 -65.5275 1.81321
-39.2981 -65.5187 1.81421
-39.2221 -65.5256 1.81517
-39.2688 -65.5035 1.80911
-39.4355 -65.4705 1.80862
-39.2869 -65.502 1.81171
-39.3409 -65.4848 1.81077
-39.3177 -65.484 1.81032
-39.2772 -65.5426 1.81275
-39.3852 -65.5252 1.80827
-39.2928 -65.4896 1.81028
-39.3047 -65.4405 1.80819
-39.2444 -65.3963 1.80932
-39.3822 -65.4546 1.81555
-39.3543 -65.4258 1.81442
-39.3786 -65.4316 1.81628
-39.3486 -65.3875 1.81227
-39.4613 -65.4546 1.81068
-39.495 -65.5207 1.81006
-39.3523 -65.551 1.81403
-39.3293 -65.5979 1.81388
-39.3613 -65.5229 1.81358
-39.3493 -65.5793 1.81403
-39.3351 -65.4991 1.81449
-39.3316 -65.5209 1.80864
-39.3704 -65.4234 1.8104
-39.3993 -65.5235 1.80715
-39.5225 -65.5242 1.8123
-39.4361 -65.5064 1.8109
-39.4137 -65.4743 1.81318
-39.2518 -65.4397 1.81188
-39.4304 -65.5114 1.80657
-39.5432 -65.546 1.81089
-39.3134 -65.4943 1.81224
-39.2859 -65.4761 1.81103
-39.418 -65.5599 1.80773
-39.3344 -65.5309 1.80883
-39.2119 -65.4253 1.81129
-39.3356 -65.6493 1.81325
-39.3824 -65.4528 1.80788
-39.3177 -65.5042 1.80706
-39.3745 -65.5357 1.81098
-39.4155 -65.5085 1.81183
-39.3193 -65.5412 1.81199
-39.2273 -65.5204 1.81036
-39.2431 -65.5192 1.81214
-39.4128 -65.4312 1.80969
-39.3042 -65.551 1.80987
-39.3417 -65.5285 1.80987
-39.3756 -65.5541 1.80786
-39.3013 -65.4261 1.80881
-39.3484 -65.4788 1.81204
-39.3916 -65.453 1.81099
-39.2875 -65.4881 1.80899
-39.2927 -65.4118 1.81229
-39.241 -65.464 1.81217
-39.3858 -65.5347 1.81119
-39.2715 -65.4959 1.8096
-39.308 -65.4438 1.80946
-39.3636 -65.3949 1.80834
-39.3766 -65.5243 1.81141
-39.4301 -65.557 1.81166
-39.2776 -65.5857 1.81243
-39.4741 -65.4818 1.80943
-39.3909 -65.4837 1.81003
-39.3329 -65.5459 1.80873
-39.2668 -65.3985 1.80972
-39.2483 -65.51 1.80999
-39.2916 -65.391 1.81037
-39.3895 -65.4117 1.80905
-39.2226 -65.5139 1.81157
-39.2828 -65.5015 1.80933
-39.3051 -65.4014 1.81004
-39.3219 -65.5706 1.81018
-39.2483 -65.5026 1.81027
-39.322 -65.5002 1.8162
-39.3148 -65.538 1.8117
-39.3634 -65.6253 1.81074
-39.3772 -65.6045 1.81561
-39.2925 -65.4893 1.81127
-39.3129 -65.3579 1.81015
-39.3955 -65.4603 1.81165
-39.3073 -65.5002 1.81183
-39.4234 -65.4781 1.81467
-39.3838 -65.4901 1.81461
-39.3173 -65.5665 1.8118
-39.2797 -65.5721 1.80857
-39.4136 -65.5461 1.81116
-39.3749 -65.5732 1.81066
-39.3414 -65.5764 1.8101
-39.3526 -65.5661 1.81443
-39.4348 -65.5954 1.81019
-39.3761 -65.6021 1.8104
-39.3583 -65.6695 1.81361
-39.4338 -65.4299 1.81023
-39.2706 -65.6164 1.81116
-39.5171 -65.4693 1.81147
-39.3542 -65.4208 1.80697
-39.3802 -65.5037 1.80553
-39.3636 -65.4954 1.81333
-39.5074 -65.4986 1.81111
-39.4144 -65.4993 1.81198
-39.3476 -65.428 1.80847
-39.2555 -65.5195 1.80803
-39.4337 -65.4234 1.80561
-39.3476 -65.4265 1.81175
-39.3815 -65.4756 1.812
-39.3591 -65.4532 1.80809
-39.265 -65.5233 1.81012
-39.2881 -65.5684 1.81041
-39.3441 -65.5303 1.81071
-39.3016 -65.4895 1.80962
-39.287 -65.4456 1.8102
-39.3661 -65.4466 1.80654
-39.3963 -65.4782 1.8117
-39.3453 -65.4694 1.81451
-39.3827 -65.4812 1.81332
-39.4287 -65.5726 1.8081
-39.3208 -65.4755 1.80709
-39.2936 -65.5163 1.80984
-39.4156 -65.5749 1.80993
-39.3143 -65.4737 1.8116
-39.4215 -65.4969 1.8106
-39.2844 -65.4002 1.80953
-39.2792 -65.4105 1.81109
-39.3259 -65.5319 1.80824
-39.3311 -65.5211 1.80919
-39.3983 -65.6277 1.80741
-39.3773 -65.5183 1.81358
-39.4407 -65.4463 1.81469
-39.3261 -65.412 1.81043
-39.4028 -65.5386 1.80997
-39.4097 -65.4476 1.81107
-39.4728 -65.5382 1.8079
-39.3446 -65.4446 1.80953
-39.3843 -65.5434 1.81077
-39.2402 -65.4783 1.80936
-39.2899 -65.541 1.80975
-39.3742 -65.5907 1.80954
-39.4293 -65.3441 1.8093
-39.3235 -65.4841 1.81474
-39.1902 -65.5378 1.81342
-39.3927 -65.5335 1.81274
-39.2948 -65.5133 1.8126
-39.2879 -65.492 1.81315
-39.244 -65.384 1.81083
-39.5173 -65.4386 1.80832
-39.3525 -65.5244 1.81256
-39.3965 -65.5026 1.8136
-39.4066 -65.4865 1.80911
-39.4229 -65.4963 1.81187
-39.298 -65.5195 1.81037
-39.2636 -65.5027 1.81446
-39.3138 -65.5266 1.81207
-39.3551 -65.4998 1.80878
-39.2093 -65.412 1.80787
-39.2652 -65.4031 1.80699
-39.2905 -65.5293 1.81194
-39.3008 -65.5051 1.81201
-39.2275 -65.5313 1.80976
-39.2984 -65.5442 1.80967
-39.2394 -65.5445 1.81138
-39.3217 -65.5452 1.8095
-39.3572 -65.5251 1.80744
-39.3515 -65.4948 1.80955
-39.3005 -65.4288 1.80875
-39.2924 -65.4264 1.80871
-39.3302 -65.3928 1.81409
-39.4582 -65.5727 1.80792
-39.4471 -65.5536 1.80932
-39.2711 -65.4957 1.80939
-39.3735 -65.5082 1.81345
-39.3472 -65.5592 1.81274
-39.2786 -65.4136 1.80635
-39.3329 -65.4529 1.81133
-39.3552 -65.3794 1.80863
-39.3344 -65.5167 1.81222
-39.335 -65.5675 1.80837
-39.307 -65.413 1.81141
-39.2485 -65.4174 1.81283
-39.49 -65.5839 1.81166
-39.4037 -65.5953 1.8098
-39.3087 -65.4938 1.81156
-39.2879 -65.4286 1.80933
-39.2446 -65.413 1.81047
-39.2184 -65.4005 1.81024
-39.3678 -65.5259 1.8106
-39.3176 -65.5066 1.81129
-39.4377 -65.5495 1.81119
-39.4058 -65.4852 1.80872
-39.376 -65.5186 1.80867
-39.3361 -65.504 1.81211
-39.3671 -65.5428 1.80881
-39.367 -65.4767 1.81246
-39.3606 -65.4814 1.80709
-39.4289 -65.4755 1.81004
-39.2906 -65.4848 1.81242
-39.2526 -65.4573 1.81326
-39.3727 -65.5523 1.81134
-39.3471 -65.4293 1.81185
-39.3094 -65.5531 1.8082
-39.3845 -65.4741 1.80876
-39.2136 -65.532 1.80946
-39.3437 -65.5407 1.81207
-39.3536 -65.4027 1.811
-39.2502 -65.4573 1.80946
-39.3404 -65.5446 1.80757
-39.3457 -65.4217 1.80594
-39.335 -65.4923 1.81284
-39.3406 -65.5276 1.81224
-39.3138 -65.54 1.81139
-39.2799 -65.5306 1.81326
-39.3342 -65.4615 1.81234
-39.3599 -65.548 1.8074
-39.2173 -65.5631 1.81135
-39.3987 -65.5459 1.81442
-39.4244 -65.5354 1.81149
-39.434 -65.4538 1.81219
-39.4568 -65.4614 1.8109
-39.4477 -65.4491 1.81121
-39.3184 -65.5266 1.80798
-39.3731 -65.3986 1.81301
-39.3522 -65.5694 1.80889
-39.2451 -65.5609 1.8092
-39.2017 -65.4992 1.81369
-39.3661 -65.406 1.80964
-39.3789 -65.452 1.81043
-39.4188 -65.4736 1.80872
-39.3665 -65.3875 1.80959
-39.5098 -65.4896 1.81053
-39.3207 -65.4135 1.81028
-39.3493 -65.4523 1.81245
-39.319 -65.5243 1.8094
-39.3799 -65.5219 1.81576
-39.3992 -65.5052 1.81201
-39.3899 -65.4548 1.81371
-39.4101 -65.6197 1.81234
-39.4815 -65.4891 1.80969
-39.2743 -65.4235 1.80865
-39.2603 -65.6274 1.81224
-39.2283 -65.5348 1.8115
-39.2914 -65.4732 1.81142
-39.4691 -65.4626 1.81312
-39.3731 -65.6243 1.81016
-39.3997 -65.4428 1.80816
-39.3308 -65.5037 1.81409
-39.2872 -65.5084 1.80798
-39.2586 -65.6141 1.81006
-39.274 -65.5072 1.81025
-39.2883 -65.483 1.81233
-39.3925 -65.5696 1.80757
-39.3812 -65.4585 1.80857
-39.3446 -65.4332 1.81074
-39.3765 -65.5425 1.80874
-39.3204 -65.5423 1.80692
-39.4689 -65.526 1.80668
-39.2685 -65.4642 1.80866
-39.4844 -65.4291 1.81237
-39.2306 -65.6124 1.81252
-39.4939 -65.5038 1.81122
-39.4545 -65.5178 1.80785
-39.3737 -65.4155 1.80891
-39.2754 -65.4739 1.80921
-39.3698 -65.5513 1.81162
-39.2307 -65.5376 1.81138
-39.3736 -65.5339 1.8083
-39.3974 -65.4461 1.81256
-39.3551 -65.5042 1.80732
-39.3329 -65.4491 1.81033
-39.3532 -65.5229 1.81048
-39.4023 -65.4836 1.81215
-39.3619 -65.4168 1.81032
-39.3359 -65.4869 1.81472
-39.3513 -65.6532 1.80793
-39.2362 -65.3653 1.80752
-39.3643 -65.5033 1.81266
-39.2768 -65.4046 1.81025
-39.4652 -65.4665 1.80987
-39.325 -65.5106 1.80603
-39.3079 -65.4867 1.81117
-39.3966 -65.4246 1.80994
-39.3492 -65.523 1.81108
-39.2988 -65.5119 1.80917
-39.2876 -65.4873 1.80675
-39.3324 -65.3814 1.80915
-39.4042 -65.4047 1.80954
-39.3286 -65.5479 1.81267
-39.3695 -65.545 1.80924
-39.3071 -65.5789 1.80944
-39.3016 -65.5635 1.81096
-39.3241 -65.4499 1.81393
-39.2296 -65.4774 1.81157
-39.3708 -65.551 1.81173
-39.2854 -65.461 1.81075
-39.2565 -65.4721 1.81189
-39.3948 -65.471 1.81155
-39.2915 -65.391 1.80734
-39.4808 -65.4562 1.80773
-39.3185 -65.3723 1.81094
-39.1845 -65.33 1.81076
-39.2717 -65.4763 1.81152
-39.2403 -65.5995 1.81302
-39.3408 -65.5795 1.81247
-39.3494 -65.4384 1.8093
-39.327 -65.5462 1.8098
-39.2745 -65.4769 1.80998
-39.3735 -65.4944 1.81
-39.3905 -65.475 1.81035
-39.2872 -65.6174 1.81513
-39.2583 -65.5603 1.81003
-39.3543 -65.5643 1.81071
-39.3055 -65.4995 1.80814
-39.3357 -65.5183 1.8088
-39.4062 -65.5146 1.81313
-39.3222 -65.4093 1.80897
-39.2323 -65.3772 1.81031
-39.2874 -65.4181 1.81452
-39.2678 -65.4913 1.8127
-39.2676 -65.5418 1.80953
-39.385 -65.5872 1.81523
-39.3773 -65.5158 1.81229
-39.3301 -65.5597 1.81075
-39.292 -65.5671 1.8077
-39.4661 -65.4367 1.80734
-39.3065 -65.4489 1.80684
-39.3386 -65.5373 1.81108
-39.4168 -65.3854 1.81002
-39.3786 -65.5629 1.80905
-39.2002 -65.4822 1.80962
-39.293 -65.4129 1.81177
-39.3058 -65.4535 1.81215
-39.4195 -65.5377 1.80616
-39.5307 -65.4945 1.81286
-39.5053 -65.5605 1.80948
-39.3875 -65.586 1.8093
-39.4149 -65.5028 1.80728
-39.4312 -65.4821 1.80566
-39.2863 -65.4461 1.80939
-39.3263 -65.536 1.81137
-39.3161 -65.5046 1.81059
-39.4316 -65.5018 1.80783
-39.4341 -65.5638 1.81058
-39.2966 -65.5578 1.80824
-39.4384 -65.4577 1.80546
-39.2921 -65.4641 1.81196
-39.3177 -65.4135 1.81102
-39.2927 -65.5365 1.81122
-39.2451 -65.5455 1.81131
-39.3184 -65.5784 1.81
-39.2705 -65.5332 1.81013
-39.4066 -65.6176 1.81287
-39.2619 -65.604 1.81048
-39.3027 -65.4383 1.80776
-39.3227 -65.439 1.81244
-39.3979 -65.5483 1.81158
-39.2649 -65.5017 1.81073
-39.294 -65.4841 1.81099
-39.346 -65.5701 1.80963
-39.3606 -65.5532 1.81094
-39.3173 -65.4735 1.81072
-39.3211 -65.4829 1.81163
-39.1615 -63.1025 1.80848
