98.7509 18.1354 0.0802706
98.7341 18.2278 0.0758222
98.9025 18.117 0.0727349
98.8154 18.1298 0.0767519
98.8275 18.1766 0.0811907
98.8513 18.1526 0.075936
98.7729 18.0465 0.0760231
98.7688 18.0478 0.0760255
98.8157 18.0917 0.0775939
98.8249 18.1405 0.0740209
98.7943 18.093 0.0783046
98.8077 18.1684 0.0783911
98.8449 18.1931 0.0768174
98.7133 18.1583 0.0806809
98.7621 18.0639 0.0749654
98.8865 18.1726 0.0789142
98.8885 18.1008 0.0780425
98.7695 18.0761 0.0804374
98.8489 18.1497 0.0810107
98.8297 18.1339 0.0762596
98.8928 18.0944 0.0757263
98.9297 18.1317 0.0773973
98.7785 18.2931 0.0777292
98.819 18.1362 0.0807214
98.8261 18.1179 0.0832868
98.7139 18.1389 0.0768602
98.707 18.1392 0.0767544
98.7095 18.2215 0.0779675
98.706 18.2214 0.0781223
98.8151 18.1526 0.0741719
98.8737 18.276 0.0797238
98.8833 18.1207 0.0768673
98.8215 18.1032 0.0753384
98.762 18.0718 0.0776705
98.8407 18.1453 0.0766672
98.8389 18.1547 0.0766714
98.7587 18.138 0.0831008
98.8457 18.1763 0.0783728
98.8349 18.165 0.0792188
98.8705 18.2236 0.0774688
98.7712 18.1683 0.0799582
98.787 18.0379 0.0772744
98.781 18.0412 0.077034
98.8194 18.2122 0.0802315
98.7244 18.1515 0.0776701
98.7611 18.2175 0.0803644
98.8943 18.2849 0.0776657
98.7609 18.0483 0.0760578
98.7066 18.2012 0.0798358
98.7891 18.1344 0.0758153
98.8187 18.2446 0.0766591
98.8374 18.1187 0.0784668
98.93 18.1098 0.0792513
98.6801 18.2855 0.0793846
98.7256 18.0891 0.0774621
98.7582 18.2363 0.0769817
98.7994 18.1927 0.0769794
99.0195 18.179 0.0785539
98.7964 18.1916 0.0801415
98.7717 18.0816 0.076458
99.0127 18.1306 0.0794773
98.804 18.1349 0.0758021
98.7206 18.1773 0.0801816
98.7604 18.1777 0.07654
98.7603 18.1766 0.0764044
98.9053 18.1024 0.0755628
98.8133 18.1364 0.078689
98.8477 18.1569 0.0812898
98.7206 18.1847 0.0785396
98.9052 18.1612 0.0763198
98.9945 18.2973 0.076978
98.8144 18.1949 0.0779987
98.7936 18.1961 0.0735394
98.9178 18.0708 0.0775423
98.8852 18.1433 0.0747476
98.8989 18.1607 0.0793625
98.8352 18.0975 0.0742697
98.8704 18.1974 0.081672
98.7793 18.1666 0.0794779
98.7841 18.1667 0.079486
98.7433 18.1876 0.0724146
98.7185 18.1718 0.0800351
98.8668 18.1952 0.077443
98.8711 18.2659 0.0801787
98.8112 18.0985 0.0760164
98.8158 18.0943 0.0762048
98.8775 18.211 0.0793023
98.7969 18.1306 0.0778455
98.7249 18.1298 0.0836765
98.8782 18.1543 0.0756966
98.7986 18.2062 0.0762797
98.8087 18.2567 0.0819677
98.7416 18.142 0.0782341
98.8158 18.1885 0.0776827
98.804 18.1856 0.0777509
98.9183 18.0364 0.0744269
98.8174 18.0965 0.078178
98.7812 18.1756 0.0795047
98.7884 18.0786 0.0800741
98.7845 18.0774 0.0804051
98.7725 18.1506 0.0742168
98.9232 17.9478 0.0770361
98.7642 18.1586 0.075207
98.8022 18.0775 0.0774689
98.8022 18.1969 0.0787885
98.8727 18.1337 0.0796972
98.6949 18.1204 0.0790483
98.6795 18.1034 0.0751041
98.8529 18.2327 0.0795781
98.842 18.3104 0.079911
98.6789 18.1487 0.0824447
98.8844 18.1572 0.0798636
98.8418 17.9871 0.0786402
98.9015 18.2608 0.0777244
98.8201 18.204 0.0785588
99.0066 18.1017 0.0733137
98.8753 18.1861 0.0784447
98.7534 18.2619 0.0776583
98.8279 18.2188 0.0820791
98.8255 18.1379 0.0737713
98.827 18.1367 0.0737393
99.0091 18.1975 0.0756921
98.7757 18.2496 0.0802888
98.7552 18.1411 0.0759485
98.8448 18.161 0.0724338
98.8302 18.1504 0.0732948
98.7454 18.0872 0.0739443
98.8252 18.0302 0.0758942
98.8725 18.1389 0.0763567
98.961 18.2125 0.0776206
98.773 18.1302 0.0777315
98.7595 18.0762 0.0779962
98.8784 18.2086 0.0801088
98.8246 18.222 0.0803845
98.8158 18.1959 0.0753411
98.8449 18.1775 0.0800062
98.8719 18.1752 0.0759518
98.9118 18.1065 0.0748218
98.8247 18.176 0.0735938
98.831 18.1736 0.0737212
98.7149 18.1301 0.0763896
98.8995 18.2078 0.0815927
98.8129 18.1109 0.0788691
98.7542 18.1551 0.0792977
98.8198 18.2316 0.0773424
98.771 18.1547 0.0768045
98.7965 18.2904 0.0774917
98.9732 18.1653 0.0752976
98.7782 18.0988 0.0757891
98.9155 18.173 0.0760489
98.8375 18.1711 0.0749093
98.7501 18.0847 0.0764385
98.7781 18.1788 0.0788662
98.8018 18.0626 0.0788705
98.7956 18.0982 0.0782847
98.8857 18.258 0.0776099
98.6814 18.1651 0.0764367
98.6803 18.1649 0.0764694
98.7491 18.1299 0.080142
98.6712 18.0657 0.0790447
98.8001 18.1861 0.0755853
98.8184 18.1336 0.0767959
98.7824 18.1932 0.0789027
98.7099 18.1864 0.0782195
98.7066 18.1822 0.0783718
98.7764 18.0544 0.0760554
98.7656 18.147 0.0851962
98.814 18.0964 0.0777
98.8298 18.1429 0.0737725
98.8123 18.1671 0.0782596
98.8393 18.2005 0.0766038
98.768 18.0556 0.0750025
98.8797 18.1734 0.0789542
98.8067 18.1802 0.0784376
98.768 18.0722 0.0804125
98.7992 18.1744 0.0776807
98.8204 18.2014 0.0747599
98.8929 18.105 0.0759907
98.8229 18.2094 0.0762554
98.8411 18.1927 0.0813667
98.8305 18.1187 0.083346
98.8017 18.2058 0.0783728
98.7574 18.2075 0.0808501
98.7735 18.2699 0.0793401
98.878 18.2768 0.0798336
98.8142 18.2005 0.0807189
98.8005 18.1196 0.0740975
98.7565 18.0793 0.077594
98.8397 18.2379 0.0776222
98.8374 18.16 0.0792983
98.932 18.1587 0.0784671
98.9424 18.1589 0.0786344
98.9169 18.152 0.0701613
98.7672 18.1677 0.0798535
98.8873 18.1946 0.078287
98.7469 18.1928 0.0790918
98.7977 18.1978 0.0792322
98.9631 18.0948 0.0740681
98.7873 18.1408 0.0831742
98.8954 18.0989 0.0732182
98.8171 18.2156 0.0783107
98.7576 18.0467 0.0759717
98.6553 18.3115 0.0787221
98.791 18.1317 0.0756828
98.7825 18.0752 0.0768648
98.7839 18.0783 0.0767122
98.8374 18.122 0.0785149
98.7954 18.2847 0.0765298
98.7247 18.0857 0.0774831
98.9397 18.2101 0.0760394
98.8053 18.1915 0.0769157
98.9999 18.1321 0.075361
98.8294 18.2563 0.0773343
98.8544 18.0999 0.0731135
98.8055 18.2223 0.0722713
98.8035 18.1357 0.0778639
98.8394 18.1159 0.0780134
98.7624 18.1702 0.0786215
98.9026 18.0983 0.0756379
98.8412 18.2456 0.0759527
98.8119 18.1394 0.0787934
98.7705 18.279 0.0803596
98.8669 18.161 0.0763589
98.8656 18.1647 0.0764044
98.7691 18.1241 0.0796827
98.7228 18.1781 0.0786384
98.9161 18.2171 0.0771083
98.7856 18.2112 0.0811763
98.7909 18.1837 0.0734775
98.9196 18.0732 0.0777161
98.8823 18.1285 0.0789777
98.8451 18.11 0.0781464
98.9587 18.1844 0.0767728
98.8911 18.1589 0.0793047
98.8034 18.293 0.078674
98.838 18.2505 0.0796862
98.7418 18.1876 0.0727347
98.9192 18.269 0.0788032
98.8646 18.1964 0.0776289
98.7798 18.0885 0.0785528
98.854 18.1995 0.0781978
98.8167 18.1538 0.0752552
98.8128 18.1511 0.0751578
98.7993 18.2068 0.0760714
98.7824 18.2623 0.0791787
98.7501 18.1462 0.0783273
98.8013 18.1866 0.0777573
98.794 18.0714 0.0777193
98.7774 18.1743 0.0796603
98.7731 18.1467 0.0741185
98.9188 17.9479 0.0769174
98.8263 18.1993 0.0758167
98.7546 18.1291 0.077224
98.8073 18.1944 0.0790506
98.7556 18.1519 0.07863
98.864 18.1005 0.0797741
98.697 18.1207 0.0790167
98.8716 18.1621 0.0739909
98.9248 18.191 0.0740429
98.8045 18.0851 0.0734723
98.8453 17.9809 0.0787935
98.7926 18.0751 0.0791966
98.9712 18.1787 0.073431
98.8225 18.2535 0.0770438
98.8264 18.135 0.0739157
98.707 18.1806 0.0782013
98.7086 18.1797 0.0781551
98.7928 18.1932 0.0773271
98.7834 18.1809 0.080676
98.7907 18.1819 0.080287
98.8279 18.1612 0.0783491
98.8285 18.1456 0.0732193
98.8267 18.0273 0.0755865
98.8874 18.2544 0.0819907
98.8834 18.2612 0.0819109
98.871 18.147 0.0763254
98.83 18.1089 0.078949
98.7744 18.1195 0.0776731
98.7516 18.0709 0.0779829
98.8461 18.1266 0.0809586
98.7833 18.1303 0.0806128
98.8954 18.1925 0.0787126
98.8458 18.1674 0.0799157
98.874 18.1848 0.0758669
98.8109 18.1745 0.0774706
98.9137 18.1039 0.0748553
98.9406 18.1704 0.0785843
98.8462 18.1669 0.0734506
98.6955 18.1877 0.0783838
98.8116 18.1153 0.0789861
98.7517 18.1559 0.0792331
98.6495 18.0839 0.0797783
98.8134 18.1341 0.0755631
98.9434 18.1248 0.0762958
98.8949 18.1761 0.0776277
98.8196 18.1306 0.0752688
98.8246 18.1491 0.0732394
98.7823 18.0951 0.0759037
98.759 18.1552 0.0786061
98.8599 18.1013 0.0745319
98.8501 18.1696 0.0747671
98.753 18.0748 0.0762531
98.8785 18.0831 0.0785705
98.7746 18.1846 0.0788605
98.7941 18.1496 0.0812887
98.7961 18.1051 0.078276
98.8582 18.2795 0.0804031
98.7905 18.1913 0.0788698
98.7227 18.2286 0.0756997
98.7751 18.1774 0.079681
98.7507 18.2432 0.0827315
98.7837 18.1345 0.0738851
98.8161 18.1308 0.0766972
98.8202 18.1313 0.0769065
98.7825 18.1958 0.078661
98.7827 18.1939 0.0789123
98.856 18.1526 0.0759726
98.7706 18.0475 0.0760169
98.7662 18.151 0.0851616
98.735 18.2221 0.0780943
98.7904 18.0922 0.0782371
98.8149 18.1684 0.0782153
98.7694 18.2408 0.0790512
98.7624 18.0613 0.0749202
98.7814 18.1753 0.0789861
98.7571 18.1571 0.0797025
98.7674 18.0729 0.0804064
98.8513 18.1475 0.0809937
98.7829 18.0837 0.0835413
98.891 18.1005 0.0760034
98.8938 18.1025 0.0760434
98.8249 18.1401 0.0806768
98.9381 18.2602 0.0783571
98.8347 18.2255 0.0809632
98.79 18.1643 0.0799793
98.8752 18.2211 0.0780762
98.8272 18.1007 0.0754888
98.8254 18.1021 0.0754132
98.761 18.0695 0.0775987
98.8377 18.1546 0.0766713
98.83 18.1641 0.0791259
98.9264 18.1613 0.0783416
98.7649 18.1688 0.0800701
98.7839 18.039 0.0772213
98.7823 18.0394 0.0769959
98.748 18.1855 0.0790687
98.8272 18.2986 0.0785189
98.82 18.2085 0.0804504
98.8329 18.1686 0.0805136
98.8254 18.2514 0.0782468
98.7227 18.1492 0.0778591
98.8974 18.0972 0.0731205
98.757 18.0514 0.0761888
98.8698 18.0612 0.0799416
98.8678 18.0624 0.0800633
98.7943 18.1356 0.0756635
98.9113 18.2344 0.0775952
98.8606 18.2051 0.07688
98.8889 18.2116 0.0805606
98.8889 18.2121 0.0809341
98.7308 18.0831 0.0773088
98.8621 18.1908 0.0779946
98.7548 18.2365 0.0773384
98.8066 18.1982 0.0770833
98.7975 18.0882 0.0729485
98.9267 18.2949 0.0779395
99.0028 18.1282 0.0755334
98.7761 18.0798 0.076362
99.0101 18.1271 0.079533
98.9696 18.1878 0.0740378
98.8021 18.1421 0.0781081
98.8768 18.331 0.0750434
98.7556 18.1698 0.0764379
98.7901 18.1805 0.0748091
98.9016 18.0946 0.0756217
98.8037 18.052 0.0796729
98.7988 18.0468 0.0795018
98.85 18.1629 0.0814225
98.8503 18.1593 0.0812865
98.867 18.1612 0.0761146
98.7742 18.1181 0.0796752
98.9051 18.2063 0.0772131
98.7866 18.2592 0.0781943
98.7951 18.2563 0.0781486
98.9414 18.2047 0.0736026
98.8086 18.1894 0.0780618
98.8637 18.1961 0.0826212
98.8854 18.1804 0.0740427
98.8389 18.2464 0.0779731
98.8419 18.1081 0.0783848
98.8949 18.1588 0.0791984
98.8901 18.1502 0.0739527
98.6918 18.1363 0.0748199
98.7825 18.1724 0.0793878
98.7763 18.2735 0.0814978
98.8773 18.2628 0.0802634
98.7255 18.1952 0.0748254
98.8746 18.2134 0.0792895
98.8021 18.2871 0.0819258
98.8957 18.2901 0.0800778
98.8773 18.1543 0.0758036
98.7578 18.1947 0.0794717
98.7809 18.2617 0.0792446
98.8778 18.1748 0.0792951
98.7469 18.1443 0.0783618
98.8111 18.1862 0.0779111
98.8087 18.1863 0.0776681
98.8869 18.2685 0.0804536
98.7994 18.075 0.0776329
98.7826 18.1754 0.079747
98.7713 18.1521 0.0741762
98.8282 18.1969 0.075723
98.8008 18.0849 0.0775167
98.7545 18.1464 0.0787193
98.8637 18.107 0.0795956
98.8656 18.1047 0.0797694
98.6981 18.1272 0.0790239
98.8672 18.1601 0.0740985
99.0255 18.2039 0.0748241
98.8024 18.0864 0.0735792
98.846 17.9875 0.0787049
98.8425 17.986 0.0788055
98.8241 18.2034 0.0785282
98.8402 18.2245 0.0772184
98.7488 18.1345 0.0781593
98.7142 18.1802 0.078119
98.8088 18.1871 0.07857
98.7874 18.1915 0.0773325
98.79 18.1978 0.0773278
98.7829 18.1748 0.0806598
98.8254 18.1592 0.078029
98.7594 18.1464 0.0758845
98.843 18.1588 0.0723455
98.6893 18.0977 0.0757716
98.6888 18.0934 0.0759228
98.6872 18.0961 0.0757166
98.8273 18.0278 0.0758604
98.7764 18.1616 0.0776997
98.7793 18.1563 0.0777058
98.7787 18.1638 0.0779834
98.8722 18.1464 0.0761335
98.8338 18.113 0.0790266
98.755 18.071 0.0778088
98.7538 18.0727 0.0778528
98.8444 18.1239 0.0807888
98.8882 18.1861 0.0766712
98.7833 18.1306 0.080543
98.7852 18.1361 0.0808112
98.8096 18.1431 0.0847696
98.9438 18.103 0.0774072
98.8541 18.2056 0.0758065
98.8702 18.1757 0.0781571
98.8785 18.1717 0.0782369
98.9091 18.1063 0.0750473
98.8293 18.2264 0.071498
98.7131 18.1276 0.0763131
98.8431 18.1677 0.0730411
98.8549 18.2091 0.0793213
98.9013 18.2 0.0800625
98.7982 18.2233 0.0794934
98.811 18.1251 0.0757788
98.8225 18.2243 0.0808002
98.891 18.1774 0.0776338
98.8952 18.1924 0.0788353
98.7804 18.0984 0.0756823
98.7583 18.1557 0.0784558
98.8611 18.1021 0.0743703
98.8637 18.1015 0.0744167
98.8353 18.1867 0.0740905
98.7584 18.0825 0.076289
98.8734 18.079 0.078427
98.8616 18.2704 0.0764763
98.8089 18.0612 0.079051
98.8034 18.0639 0.0789922
98.7834 18.1009 0.0783464
98.7933 18.1015 0.0784916
98.8827 18.2577 0.0776541
98.7442 18.135 0.0802838
98.875 18.2132 0.0828706
98.9003 18.3361 0.0741826
98.7849 18.1352 0.0741904
98.8599 18.2489 0.0772472
98.7868 18.1963 0.0787688
98.8514 18.1546 0.0758674
98.7695 18.0502 0.0759462
98.877 18.2067 0.0782173
98.8179 18.0929 0.0774398
98.8224 18.135 0.0740685
98.7944 18.0905 0.0782909
98.84 18.1882 0.0766852
98.7112 18.1504 0.0809483
98.7872 18.1791 0.0788899
98.888 18.0986 0.0779713
98.7666 18.0807 0.0806971
98.7725 18.0754 0.0804917
98.8561 18.1398 0.0812023
98.7946 18.1713 0.0776343
98.887 18.1006 0.0759001
98.8074 18.2738 0.0790268
96.9095 19.8578 0.0995208
