16.2323 7.98006 0.216632
16.1147 7.92752 0.216538
16.2164 7.90682 0.213038
16.3331 7.89955 0.213454
16.3719 7.9589 0.216376
16.2956 7.8436 0.215403
16.2392 7.92693 0.214276
16.1429 7.95553 0.215618
16.1476 7.95026 0.215562
16.3269 7.9083 0.212418
16.1587 8.01687 0.212151
16.2473 7.91412 0.213698
16.2504 7.91383 0.21358
16.2624 7.94966 0.213726
16.288 7.96574 0.214468
16.2881 7.95105 0.214811
16.2869 7.957 0.214907
16.2801 7.94739 0.215751
16.3488 7.92718 0.21517
16.3332 7.87926 0.216346
16.226 8.00181 0.218079
16.2548 7.96853 0.216877
16.2586 7.96504 0.21711
16.332 7.87651 0.214777
16.2588 7.94003 0.215216
16.2631 7.94419 0.215261
16.2362 7.96335 0.217335
16.331 7.94212 0.212084
16.3499 7.88718 0.21521
16.3403 7.89242 0.21534
16.1609 7.97985 0.21731
16.2074 7.97902 0.215429
16.1808 7.96665 0.218075
16.1773 7.96872 0.218094
16.2208 7.94719 0.216624
16.2515 7.99502 0.214691
16.2795 7.83756 0.213422
16.2712 8.00074 0.216034
16.2664 7.93198 0.215294
16.2477 7.98479 0.216995
16.1584 7.95266 0.215513
16.2812 7.828 0.21203
16.2866 7.83533 0.212183
16.202 7.95667 0.216336
16.208 7.96168 0.215992
16.2156 7.89531 0.214814
16.2835 7.95103 0.215783
16.2886 7.94769 0.214962
16.2433 8.00245 0.215752
16.2388 7.92841 0.21338
16.2655 7.90878 0.213696
16.2604 8.0365 0.217683
16.2826 7.93825 0.215095
16.2034 8.01233 0.216818
16.243 7.996 0.216682
16.2224 7.99063 0.215087
16.284 8.00495 0.215299
16.3139 7.88661 0.216773
16.3155 7.88751 0.216576
16.2489 7.95953 0.216671
16.2509 7.97824 0.215081
16.2483 7.95271 0.21469
16.2821 7.9528 0.214854
16.2654 8.0263 0.217736
16.281 7.9893 0.216554
16.2828 7.93329 0.214323
16.1671 7.98193 0.214793
16.3263 7.94877 0.21193
16.2553 7.90788 0.215423
16.2508 8.02763 0.214498
16.2305 7.92053 0.21538
16.2852 7.90456 0.215182
16.3106 7.87083 0.216347
16.1802 8.03571 0.216766
16.2459 7.9626 0.215835
16.2516 7.96029 0.215798
16.2969 7.89702 0.212874
16.3001 7.8905 0.212855
16.1803 7.97191 0.217921
16.1733 8.00825 0.215799
16.3408 7.93548 0.214199
16.3328 7.93491 0.212498
16.2017 8.00706 0.215493
16.2411 7.95817 0.216396
16.233 7.98517 0.216857
16.2435 7.91697 0.215122
16.2601 7.99491 0.215036
16.1131 7.92778 0.216612
16.3219 7.94184 0.215509
16.291 7.93185 0.212176
16.109 7.92427 0.215322
16.2933 7.83723 0.215391
16.2781 8.00591 0.215921
16.2871 7.94414 0.213914
16.3268 7.90279 0.212881
16.2331 7.93541 0.217336
16.2568 7.90798 0.213841
16.2818 7.96288 0.212897
16.2584 7.98948 0.215015
16.2584 8.04489 0.216004
16.2492 7.99378 0.216404
16.2801 7.94545 0.215568
16.2941 7.96096 0.213684
16.2925 7.95975 0.213721
16.2733 7.92107 0.216535
16.2775 7.92161 0.216574
16.2884 7.93219 0.214677
16.2242 7.98419 0.213521
16.2563 7.96859 0.217006
16.1461 7.978 0.216253
16.3105 7.91173 0.215134
16.27 8.00462 0.216273
16.2365 8.03024 0.215909
16.2843 7.97841 0.214023
16.3157 7.97285 0.213669
16.2911 8.00206 0.214053
16.2129 7.97024 0.213073
16.2757 7.83834 0.21321
16.2836 7.95568 0.215797
16.2819 7.9571 0.216011
16.1473 8.05114 0.213525
16.2867 7.90854 0.214919
16.2747 7.87352 0.215129
16.2771 7.86568 0.215113
16.283 7.83323 0.213682
16.3242 7.95002 0.213523
16.2655 7.9719 0.216158
16.2708 7.99707 0.215185
16.3149 7.92302 0.213364
16.2199 8.02442 0.215167
16.1993 7.88224 0.213166
16.3042 8.03354 0.215083
16.2066 7.96092 0.216261
16.2198 7.89492 0.215191
16.2627 7.94302 0.214687
16.3008 7.94963 0.212737
16.2188 8.00879 0.212832
16.2371 8.03846 0.215134
16.3471 7.89165 0.214747
16.3396 7.93916 0.212236
16.2358 7.92914 0.215987
16.2383 7.93673 0.215919
16.1762 8.02529 0.215197
16.2186 7.98987 0.215148
16.2127 7.9827 0.215624
16.2163 7.96234 0.214192
16.2926 8.02258 0.21356
16.2845 7.95561 0.214996
16.246 8.03972 0.219588
16.2844 7.93479 0.214017
16.2159 7.98437 0.215446
16.2705 7.98728 0.214836
16.2553 7.99475 0.215697
16.2427 7.99087 0.216862
16.2319 7.91753 0.215541
16.2934 7.90716 0.215112
16.3148 7.86612 0.216215
16.2529 7.87743 0.214873
16.2225 8.03757 0.215092
16.2508 7.96078 0.215934
16.2653 7.97045 0.214894
16.3044 7.89179 0.212823
16.1855 7.9756 0.218274
16.2821 7.9986 0.217762
16.2409 7.95901 0.216255
16.3008 7.91207 0.212811
16.24 7.95716 0.215999
16.2569 7.99039 0.215091
16.2946 8.02345 0.21565
16.3406 7.89946 0.213655
16.2453 8.06892 0.213362
16.1866 8.0316 0.217386
16.1645 7.95836 0.215057
16.2334 7.93416 0.2172
16.235 8.02911 0.215579
16.2606 7.94916 0.213871
16.2201 7.98744 0.215086
16.2793 7.97186 0.214504
16.2882 7.95489 0.214941
16.2785 8.01113 0.218552
16.2616 7.92483 0.212464
16.261 8.01857 0.216038
16.2562 7.97062 0.216934
16.2041 7.99143 0.21475
16.2562 7.92186 0.214496
16.3245 7.86593 0.214951
16.2521 7.94571 0.212903
16.3117 7.91469 0.21506
16.2634 7.93796 0.215209
16.3355 7.93912 0.21489
16.1998 8.02495 0.213437
16.228 7.96469 0.212319
16.2914 8.00028 0.214098
16.2487 7.9927 0.217329
16.2435 7.99904 0.21749
16.1617 7.97727 0.217262
16.2132 7.99411 0.215473
16.2 7.95041 0.213993
16.2855 7.91318 0.21501
16.2863 7.91324 0.21487
16.2732 7.86604 0.215228
16.2804 7.83251 0.213705
16.2697 7.96918 0.216211
16.2644 7.92931 0.215242
16.2738 7.93964 0.215063
16.2497 7.985 0.216912
16.1655 8.0886 0.213864
16.3091 7.93168 0.21197
16.204 7.96644 0.216041
16.2132 7.95774 0.216239
16.2291 7.88476 0.215097
16.2478 7.97777 0.21506
16.2926 7.95349 0.214912
16.2691 7.95053 0.214554
16.3439 7.8906 0.214741
16.261 8.00239 0.216912
16.2818 7.94413 0.215075
16.1711 7.93998 0.214226
16.2749 8.01105 0.215291
16.2109 7.98278 0.215485
16.2599 7.95457 0.213813
16.2476 7.96196 0.216658
16.2821 8.01484 0.215419
16.2415 7.95314 0.214475
16.2492 7.95012 0.214528
16.135 7.93516 0.215605
16.2232 7.94596 0.216136
16.226 7.94384 0.216232
16.2822 7.94634 0.215003
16.2213 7.95743 0.216995
16.2335 7.94235 0.215379
16.2468 7.91216 0.215369
16.2425 7.99236 0.216852
16.2318 7.91659 0.215469
16.2818 7.90359 0.215131
16.3156 7.87332 0.216335
16.2448 7.8838 0.215248
16.1822 7.98688 0.216798
16.2488 7.99974 0.216352
16.1784 7.97135 0.218045
16.1837 7.96517 0.213996
16.1113 7.91268 0.22056
16.2116 8.00852 0.215489
16.246 7.92071 0.215068
16.2567 7.99502 0.215207
16.2624 7.99077 0.214975
16.1703 8.08637 0.213024
16.2591 8.00388 0.214705
16.3399 7.90085 0.213656
16.3384 7.89881 0.213666
16.2981 7.83139 0.215246
16.2738 8.01229 0.215873
16.1432 7.95508 0.215633
16.3291 7.9076 0.212429
16.1673 7.98649 0.213394
16.2627 7.95621 0.215329
16.2819 7.96319 0.213195
16.2309 8.02322 0.215487
16.2676 7.95801 0.21364
16.2645 7.94888 0.213755
16.2625 7.98916 0.215012
16.2559 7.96346 0.214168
16.2898 7.95669 0.214806
16.2304 7.98143 0.214491
16.2806 7.94282 0.215427
16.2897 7.96678 0.213545
16.2811 7.92647 0.216258
16.2807 7.92249 0.21669
16.2776 7.92093 0.216574
16.2569 7.98375 0.213951
16.1549 8.00098 0.214039
16.2114 7.98692 0.214542
16.3291 7.8712 0.214907
16.2224 7.9621 0.217113
16.208 7.9892 0.216561
16.2944 7.91066 0.214585
16.2532 7.94035 0.21487
16.2834 7.96191 0.213641
16.2868 7.89777 0.214357
16.2059 7.98237 0.215572
16.2092 7.98541 0.215414
16.2834 7.96061 0.215965
16.2212 7.95179 0.216781
16.2207 7.94811 0.216825
16.2244 7.94506 0.216804
16.2483 7.8781 0.212615
16.3426 7.95146 0.212258
16.2708 7.8716 0.215246
16.2729 7.86972 0.215187
16.287 7.83679 0.213678
16.3264 7.9525 0.213506
16.2722 7.99932 0.215288
16.2346 7.94345 0.212459
16.2156 7.91202 0.210871
16.1506 7.87776 0.211792
16.2847 7.83368 0.21215
16.2773 7.93505 0.21347
16.2179 7.89339 0.215133
16.2147 7.89139 0.215044
16.2555 7.94254 0.214768
16.3113 7.96267 0.216242
16.2988 7.94869 0.21276
16.1831 7.96796 0.214839
16.2609 8.03215 0.21767
16.2834 7.94627 0.215155
16.3367 7.94044 0.212104
16.2829 8.01171 0.215258
16.3076 7.88464 0.216633
16.2192 7.9649 0.214406
16.291 8.02805 0.213641
16.1696 7.98225 0.216052
16.2419 8.01077 0.214167
16.2453 7.95293 0.214434
16.2405 8.00395 0.215768
16.1815 7.93951 0.215008
16.3117 7.91331 0.214056
16.2247 7.95531 0.217271
16.2567 7.91048 0.215348
16.184 7.96346 0.213737
16.301 7.97096 0.214283
16.2418 7.94346 0.212718
16.3113 7.86727 0.216278
16.3134 7.91578 0.213136
16.2283 8.0083 0.216218
16.3037 7.88699 0.213038
16.1776 7.97593 0.218146
16.3047 7.91586 0.21302
16.2096 8.00392 0.215351
16.2687 8.05589 0.214272
16.2462 7.92067 0.214842
16.1894 7.96112 0.212095
16.3179 7.93647 0.215556
16.2185 7.96392 0.212774
16.1722 8.02193 0.214494
16.3579 7.93558 0.215085
16.2747 8.00414 0.214654
16.2915 7.84176 0.215283
16.1685 7.94886 0.215125
16.2322 7.93774 0.217286
16.2294 7.93125 0.217281
16.2613 7.95869 0.215115
16.2606 7.91381 0.213821
16.2551 7.90984 0.213744
16.2523 7.91178 0.213569
16.2581 7.99174 0.215071
16.2543 7.99161 0.215106
16.284 7.91854 0.210721
16.2307 7.97454 0.211884
16.2799 7.94693 0.215473
16.3494 7.92682 0.215147
16.3524 7.92726 0.215071
16.3236 7.8832 0.216272
16.2236 8.00276 0.217843
16.2619 8.0235 0.216137
16.1427 7.99875 0.214211
16.2601 7.96368 0.217138
16.2091 7.98498 0.214628
16.3333 7.86811 0.214968
16.2553 7.95193 0.213
16.263 7.94435 0.215077
16.255 7.98674 0.214522
16.2471 7.9857 0.21458
16.3695 7.92682 0.21379
16.3014 7.99184 0.213412
16.2684 7.92632 0.21304
16.2857 7.96608 0.213555
16.1639 7.98497 0.217344
16.2125 7.98109 0.215609
16.2795 7.95787 0.216009
16.2459 7.98991 0.215072
16.3359 7.95154 0.212254
16.2788 7.86762 0.215042
16.2847 7.8353 0.213641
16.3375 7.89286 0.214381
16.2696 7.97204 0.216287
16.2707 7.9734 0.216094
16.2679 7.93229 0.215311
16.2554 7.96891 0.214258
16.2452 7.98617 0.216908
16.3283 7.98931 0.211516
16.3017 7.93555 0.211755
16.2017 7.88724 0.213025
16.2111 8.05985 0.215379
16.2228 7.89145 0.215288
16.2228 7.99496 0.214147
16.2754 8.02893 0.215153
16.2856 7.92695 0.212385
16.3334 7.9968 0.213924
16.288 7.99702 0.216295
16.1916 8.05739 0.215476
16.3415 7.88676 0.214972
16.2681 8.0152 0.214444
16.2465 7.99005 0.216219
16.3145 7.88071 0.216572
16.3105 7.88513 0.216622
16.259 7.95482 0.213977
16.1717 7.97937 0.216166
16.2455 7.95466 0.214587
16.3219 7.95739 0.214354
16.1348 7.92993 0.215645
16.2823 7.99945 0.216487
16.2184 7.98318 0.215367
16.3083 7.91751 0.213901
16.2222 7.93872 0.215428
16.2587 7.9135 0.215557
16.2529 8.02615 0.214581
16.239 7.93981 0.212763
16.3109 7.86561 0.216393
16.2564 7.98168 0.215656
16.184 7.99647 0.216927
16.279 7.90778 0.215841
16.2469 7.95948 0.216295
16.2376 7.9621 0.215831
16.3429 7.94672 0.214242
16.2168 7.98244 0.213705
16.2336 7.9819 0.216689
16.2437 8.01116 0.216903
16.2124 7.97275 0.212858
16.2625 8.00147 0.214683
16.3637 7.95185 0.216363
16.3014 7.84086 0.215149
16.1652 7.9477 0.215037
16.2618 8.06279 0.213288
16.2419 7.93421 0.217189
16.2641 7.95512 0.213433
16.2692 7.95037 0.213821
16.2584 7.98844 0.215112
16.2801 7.96978 0.214523
16.223 8.03542 0.217344
16.223 8.02926 0.214688
16.233 7.98696 0.214602
16.2989 7.9594 0.213951
16.3479 7.92293 0.215175
16.3273 7.88264 0.216345
16.2882 7.92623 0.21489
16.2403 7.9494 0.212316
16.2519 7.96631 0.217033
16.2599 7.93035 0.214597
16.2594 7.91917 0.214646
16.3083 7.91215 0.214972
16.2648 7.94571 0.215332
16.2067 7.99266 0.216421
16.2916 7.90993 0.214556
16.2529 7.93318 0.214908
16.384 7.98286 0.213657
16.1606 7.98539 0.217419
16.2096 7.98135 0.215507
16.2768 7.96409 0.215911
16.2827 7.91222 0.214734
16.2845 7.91127 0.214948
16.2875 7.91869 0.214996
16.2903 7.91685 0.214897
16.2718 7.86345 0.215219
16.3421 7.9058 0.214502
16.1812 8.06743 0.216905
16.2649 7.9985 0.215382
16.2701 7.93547 0.215013
16.2152 7.96123 0.212986
16.2197 7.98014 0.21581
16.2105 8.05103 0.213748
16.207 8.03058 0.213793
16.264 7.98969 0.216998
16.2183 7.88761 0.215174
16.2799 7.94864 0.216002
16.281 7.95521 0.211196
16.2922 8.00039 0.216427
16.2509 8.05762 0.216268
16.3162 7.96499 0.214601
16.2439 7.94491 0.213265
16.1982 8.0118 0.216279
16.2844 7.9459 0.214962
16.2566 8.03319 0.213198
16.2501 7.99681 0.216155
16.2217 7.99369 0.215055
16.3083 7.94072 0.215739
16.2141 7.96407 0.214385
16.2472 7.97313 0.213762
16.2194 8.11159 0.217193
16.1339 7.93147 0.215781
16.1313 7.92931 0.215741
16.1802 7.93973 0.214869
16.2694 7.99142 0.214723
16.2491 8.0328 0.216215
16.2304 7.96107 0.21708
16.2522 7.91044 0.215406
16.255 8.03075 0.214633
16.2805 7.89829 0.215155
16.2258 8.00753 0.216098
16.2505 7.87442 0.214944
16.2528 7.88072 0.215156
16.228 8.04124 0.215022
16.2541 8.00139 0.212106
16.2991 7.89348 0.21285
16.2793 7.99361 0.217652
16.3422 7.94571 0.214313
16.1118 7.91103 0.220381
16.2451 7.92183 0.215104
16.2969 8.02754 0.214191
16.2547 8.02261 0.216479
15.1267 10.7269 0.196459
