109.003 -24.1176 3.40419
108.964 -24.0805 3.41019
109.027 -24.0746 3.40226
109.131 -24.0998 3.40301
108.935 -24.231 3.40389
108.892 -24.2169 3.40103
109.103 -24.2208 3.41149
108.966 -24.1726 3.40409
109.033 -24.1523 3.4094
108.895 -24.078 3.40529
109.056 -24.1616 3.40515
108.964 -24.2902 3.40112
109.033 -24.1473 3.40139
108.985 -24.1699 3.4009
109.06 -24.1113 3.40671
108.961 -24.0638 3.40888
109.057 -24.1837 3.40767
109.007 -24.2341 3.41155
108.966 -24.249 3.40861
109.041 -24.1269 3.40322
109.127 -24.0916 3.40778
109.174 -24.1819 3.40695
108.979 -24.1089 3.40669
109.104 -24.1799 3.41065
109.152 -24.2003 3.4056
109.07 -24.1229 3.40907
108.94 -24.1541 3.40473
109.052 -24.1072 3.40172
109.105 -24.1642 3.40297
109.043 -24.2226 3.40728
109.071 -24.1776 3.4069
109.054 -24.1857 3.40602
109.028 -24.0821 3.40855
109.211 -24.2221 3.41186
109.069 -24.1982 3.40722
108.991 -24.184 3.40682
109.023 -24.1748 3.40515
108.949 -24.1396 3.40376
109.099 -24.1496 3.40522
108.942 -24.2434 3.40374
108.975 -24.1292 3.40816
109.063 -24.1406 3.40908
108.933 -24.2004 3.40987
108.979 -24.0446 3.41074
109.034 -24.1983 3.40947
108.928 -24.092 3.40847
109.207 -24.1081 3.41271
108.972 -24.1232 3.40943
108.974 -24.0666 3.40857
108.8 -24.0335 3.40542
108.973 -24.1189 3.40379
108.939 -24.0942 3.40749
109.042 -24.2192 3.40771
109.154 -24.1914 3.40822
109.159 -24.2777 3.40877
108.936 -24.0612 3.40048
109.137 -24.2032 3.40972
109.108 -24.2398 3.41049
109.064 -24.1019 3.40422
108.899 -24.1256 3.4062
108.999 -24.0961 3.40334
109.079 -24.2089 3.40844
108.925 -24.0787 3.40467
108.947 -24.1557 3.40427
109.041 -24.1147 3.4059
109.095 -24.0733 3.4081
109.035 -24.1516 3.40495
108.937 -24.089 3.40432
109.016 -24.0384 3.40408
109.061 -24.1859 3.40784
109.001 -24.1965 3.40988
108.995 -24.2164 3.40926
108.966 -24.0945 3.41173
109.031 -24.1519 3.40607
108.994 -24.0746 3.40653
109.054 -24.0537 3.40176
109.079 -24.1282 3.40853
108.961 -24.1193 3.40691
109.13 -24.2766 3.41085
108.954 -24.0296 3.40504
108.818 -24.088 3.40613
109.088 -24.1714 3.40348
108.858 -24.0786 3.40017
109.097 -24.111 3.41055
109.075 -24.144 3.40845
109.071 -24.0576 3.40603
109.091 -24.1254 3.40753
109.003 -24.1587 3.41015
108.965 -24.2386 3.4054
109.013 -24.1348 3.40256
109.036 -24.0953 3.40418
109.043 -24.0659 3.40632
108.939 -24.1194 3.40264
109.075 -24.2174 3.40985
108.898 -24.0683 3.4034
108.955 -24.0626 3.40357
108.937 -24.0941 3.4066
108.898 -24.1712 3.40311
109.06 -24.1846 3.40957
108.95 -24.1495 3.4125
109.015 -24.2066 3.40437
108.866 -24.2078 3.40591
109.051 -24.108 3.4095
108.964 -24.1086 3.40476
109.2 -24.1641 3.41242
109.126 -24.1919 3.4134
109.143 -24.2256 3.40571
108.977 -24.1406 3.40315
108.937 -24.0999 3.40557
108.956 -24.1256 3.40577
109.1 -24.0777 3.40582
109.043 -24.1752 3.40713
109.11 -24.1451 3.40739
109.083 -24.0956 3.40591
109.02 -24.264 3.40968
109.005 -24.1016 3.40082
109.015 -24.1862 3.405
109.008 -24.2185 3.40485
108.954 -24.158 3.40467
108.987 -24.1 3.40857
109.015 -24.1563 3.40734
108.891 -24.1047 3.4055
109.06 -24.1116 3.40766
109.03 -24.2032 3.40479
109.071 -24.2334 3.40575
109.18 -24.1764 3.40586
108.957 -24.0824 3.40484
108.951 -24.2313 3.40093
108.935 -24.2291 3.40171
108.928 -24.2291 3.40415
109.05 -24.1835 3.40642
108.973 -24.1369 3.4058
108.926 -24.1089 3.40412
109.105 -24.2598 3.40932
108.995 -24.1777 3.40699
108.952 -24.1124 3.40392
108.98 -24.1128 3.40351
109.001 -24.1401 3.40207
109.061 -24.1169 3.40828
109.085 -24.1302 3.4088
108.913 -24.155 3.40294
108.981 -24.1562 3.41017
109.107 -24.1879 3.40814
108.927 -24.2045 3.40178
108.969 -24.1174 3.40529
108.983 -24.1072 3.4057
109.054 -24.2245 3.402
108.968 -24.1791 3.40248
109.078 -24.2185 3.41065
109.001 -24.1196 3.41034
108.859 -24.0582 3.40489
108.879 -23.9729 3.40424
109.023 -23.9957 3.4055
109.115 -24.1831 3.40314
109.146 -24.1193 3.40366
109.078 -24.101 3.40704
109.063 -24.0905 3.40701
108.936 -24.2707 3.40292
109.013 -24.2628 3.40165
108.917 -24.1049 3.40777
109.036 -24.11 3.40738
109.062 -24.117 3.40755
108.977 -24.2337 3.4072
108.975 -24.0812 3.40625
108.979 -24.0805 3.40499
108.966 -24.1925 3.40527
108.891 -24.1433 3.40701
108.986 -24.1473 3.40282
109.056 -24.1725 3.40828
109.138 -24.019 3.40795
109.048 -24.1515 3.40684
109.065 -24.2486 3.40745
109.091 -24.2565 3.40777
108.938 -24.1416 3.40795
109.063 -24.1767 3.41108
108.877 -24.1575 3.40132
109.061 -24.1363 3.41194
108.9 -24.1296 3.40535
108.993 -24.301 3.40562
108.92 -24.1125 3.40364
108.99 -24.287 3.40971
108.996 -24.1071 3.40415
109.071 -24.0421 3.40712
109.108 -24.2657 3.40672
108.969 -24.2834 3.40592
109.004 -23.9656 3.40723
108.969 -24.1762 3.40656
109.018 -24.0918 3.40642
109.031 -24.0516 3.40724
108.91 -24.2249 3.40843
108.943 -24.0928 3.4084
108.99 -24.1978 3.40997
108.845 -24.0395 3.40722
109.007 -24.1732 3.40633
109.01 -24.0676 3.40021
109.067 -24.0698 3.40168
109.101 -24.1403 3.40326
108.99 -24.1187 3.40751
109.016 -24.0261 3.40573
109.004 -24.1392 3.40212
109.011 -24.1408 3.4074
109.065 -24.2622 3.40778
108.991 -24.219 3.40952
109.071 -24.1649 3.40771
109.019 -24.0727 3.40068
108.947 -24.0979 3.40305
108.884 -24.0942 3.40502
108.982 -24.2601 3.41005
109.113 -24.2067 3.4104
109.037 -24.1732 3.40592
108.992 -24.3089 3.40163
108.961 -24.2684 3.40433
108.995 -24.2307 3.40331
109.024 -24.156 3.40821
108.963 -24.0893 3.40659
109.049 -24.0122 3.40978
108.975 -24.0643 3.40736
108.903 -24.1311 3.40332
109.043 -24.1497 3.40139
109.026 -24.0812 3.40898
109.055 -24.0707 3.40772
108.981 -24.1862 3.40432
109.057 -24.2479 3.40633
108.869 -24.1592 3.40298
109.04 -24.0778 3.40263
108.978 -24.0583 3.402
108.94 -24.1862 3.40277
108.878 -24.1633 3.4044
109.046 -24.303 3.41205
108.927 -24.116 3.40625
109.122 -24.0664 3.40556
108.928 -24.2201 3.40486
109.046 -24.0638 3.40446
108.973 -24.3013 3.39878
108.952 -24.1321 3.40545
109.156 -24.2753 3.40687
108.926 -24.2029 3.40766
109.085 -24.1584 3.40351
109.098 -24.1989 3.40448
109.115 -24.1654 3.40634
109.026 -24.1944 3.40892
109.157 -24.129 3.40878
109.087 -24.1688 3.40759
109.065 -24.0505 3.40432
108.941 -24.1448 3.40585
108.984 -24.1842 3.40901
108.988 -24.1951 3.40844
109.085 -24.1922 3.41046
109.078 -24.2051 3.41213
108.95 -24.1479 3.40436
108.975 -24.2136 3.40593
109.109 -24.1064 3.40867
109.086 -24.134 3.40778
108.87 -24.1014 3.40921
109.037 -24.0429 3.40527
108.932 -24.2255 3.4033
109.06 -24.2653 3.40982
108.939 -24.1667 3.40402
108.977 -24.168 3.40378
109.05 -24.2112 3.40675
108.88 -24.1057 3.40512
108.915 -24.1481 3.41027
108.998 -24.2085 3.40503
109.015 -24.1594 3.40535
108.985 -24.1763 3.40724
109.015 -24.2801 3.40174
109.045 -24.1583 3.40316
109.149 -24.1681 3.40948
109.002 -24.1039 3.40999
108.933 -24.2146 3.41188
109.034 -24.215 3.40986
109.014 -24.2076 3.40948
109.163 -24.1413 3.40681
109.093 -24.0894 3.41168
109.125 -24.1576 3.41226
109.009 -24.0352 3.4055
109.111 -24.1338 3.40927
109.134 -24.1447 3.40482
109.175 -24.1366 3.4091
109.122 -24.108 3.41017
108.991 -24.1922 3.40373
108.938 -24.0247 3.40336
109.061 -24.0894 3.40329
109.043 -24.2154 3.40776
108.973 -24.0482 3.40354
108.838 -24.045 3.40475
109.077 -24.1614 3.40592
108.979 -24.2531 3.40399
108.97 -24.2357 3.40498
109.154 -24.2549 3.41249
109.047 -24.0886 3.40458
109.105 -24.1846 3.40675
109.111 -24.1333 3.40295
108.938 -24.0867 3.4039
109.066 -24.0801 3.40767
109.036 -24.1306 3.40743
108.968 -24.1339 3.40181
108.876 -24.127 3.40368
109.224 -24.1005 3.40915
109.131 -24.2614 3.40804
109.018 -24.1495 3.40677
108.969 -24.1234 3.40697
109.009 -24.0274 3.4119
109.04 -24.0572 3.40798
109.051 -24.0891 3.4078
109.028 -24.1645 3.40516
109.02 -24.1679 3.41132
109.098 -24.2099 3.40931
109.052 -24.0164 3.40696
108.975 -24.1445 3.40461
109.097 -24.2485 3.40861
109.074 -24.1513 3.407
108.961 -24.156 3.40352
109.162 -24.067 3.40547
109.073 -24.0619 3.40492
109.114 -24.0678 3.4076
108.97 -24.1728 3.40647
108.972 -24.2134 3.40332
109.015 -24.247 3.40884
108.978 -24.1546 3.40335
108.928 -24.1733 3.40901
108.947 -24.1324 3.40609
108.98 -24.1056 3.40604
108.975 -24.1301 3.40707
108.918 -24.144 3.40734
109.046 -24.1741 3.40853
109.171 -24.0843 3.40635
109.04 -23.9791 3.40173
108.957 -24.0773 3.40313
108.891 -24.1175 3.3992
109.096 -24.0324 3.41136
109.047 -24.0793 3.40873
109.066 -24.1023 3.40785
108.952 -24.2185 3.41039
108.961 -24.2246 3.41035
109.001 -24.2395 3.40558
109.014 -24.1453 3.40387
108.99 -24.1275 3.40691
108.995 -24.0982 3.40835
109.063 -24.032 3.40645
109.123 -24.1001 3.40622
109.057 -24.2306 3.41058
109.038 -24.2415 3.40832
109.043 -24.159 3.40667
109.03 -24.1608 3.40871
109.055 -24.2734 3.40643
109.038 -24.0758 3.40803
108.958 -24.0627 3.40435
108.925 -24.1244 3.40408
108.902 -24.2037 3.40445
109.016 -24.0329 3.40487
109.028 -24.0682 3.4041
109.123 -24.2005 3.41253
109.144 -24.1909 3.40772
108.926 -24.1215 3.40348
109 -24.0289 3.40794
109.097 -24.0308 3.40906
108.939 -24.1288 3.40875
109.001 -24.0672 3.4042
108.99 -24.0984 3.40767
109.032 -24.2549 3.4104
108.949 -24.1278 3.40122
109.035 -24.2619 3.40777
108.965 -24.1008 3.40623
108.975 -24.1514 3.40776
108.942 -24.1408 3.40483
109.034 -24.1369 3.40745
108.968 -24.1169 3.40911
108.876 -24.1203 3.40714
108.917 -24.1306 3.40277
108.992 -24.2674 3.40618
108.968 -24.2408 3.40432
109.177 -24.2223 3.40506
108.987 -24.244 3.40134
108.945 -24.179 3.40487
108.929 -24.1066 3.40387
109.072 -24.2617 3.40897
109.11 -23.9987 3.40548
109.086 -24.0206 3.40566
108.978 -24.2015 3.40553
109.069 -24.1406 3.40298
109.028 -24.1711 3.4066
108.96 -24.1095 3.4109
109.052 -24.1928 3.40904
109.056 -24.1356 3.41025
108.975 -24.0531 3.40546
108.998 -24.2202 3.40561
109.003 -24.2451 3.40527
109.069 -24.2416 3.40699
109.016 -24.1273 3.40199
108.951 -24.1395 3.40283
109.021 -24.1863 3.41142
108.92 -24.0126 3.4027
109.033 -24.0666 3.40538
108.935 -24.0668 3.40611
109.097 -24.1496 3.40322
109.093 -24.138 3.40629
109.019 -24.2149 3.4054
108.951 -24.1268 3.40384
108.956 -24.2393 3.40279
108.901 -24.245 3.4041
108.845 -24.0802 3.40635
109.01 -24.1044 3.40819
109.03 -24.104 3.40821
109.053 -24.0901 3.4093
109.047 -24.1089 3.40919
109.018 -24.1498 3.40615
109.034 -24.1523 3.40696
108.992 -24.088 3.40463
108.997 -24.1859 3.40767
109.04 -24.2275 3.40783
109.096 -24.1824 3.40776
109.125 -24.2429 3.40798
109.064 -24.0235 3.40765
109.068 -24.0959 3.40981
109 -24.1702 3.40402
109.006 -24.0603 3.40278
108.923 -24.2277 3.40131
109.067 -24.2166 3.40912
109.079 -24.252 3.40852
108.921 -24.1355 3.40728
108.961 -24.297 3.40599
109.026 -24.0975 3.4056
109.065 -24.0902 3.40557
108.88 -24.1521 3.40404
108.999 -24.1573 3.40386
109.022 -24.1047 3.40659
108.975 -24.2475 3.40522
108.966 -24.2515 3.40717
109.023 -24.2035 3.40916
108.956 -24.2501 3.40038
109.002 -24.2388 3.40275
109.046 -24.0699 3.40214
109.156 -24.0913 3.40623
108.966 -24.0829 3.40621
108.922 -24.0907 3.40608
109.002 -24.0074 3.40961
108.888 -24.1097 3.40467
108.979 -24.1395 3.40515
109.001 -24.1354 3.40628
109.03 -24.0744 3.40233
108.93 -24.0929 3.40659
109.044 -24.0923 3.4121
108.918 -24.15 3.40196
108.968 -24.0256 3.40744
108.975 -24.1658 3.40875
108.978 -24.1062 3.40699
109.026 -24.1634 3.40749
108.955 -24.0528 3.40424
108.828 -24.1544 3.40684
109.023 -24.2097 3.40366
108.943 -24.2475 3.41103
109.082 -24.2356 3.41046
108.815 -24.1191 3.40572
109.012 -24.2767 3.40767
109.069 -24.1816 3.40758
109.01 -24.2596 3.40163
109.015 -24.281 3.40278
109.021 -24.1882 3.40901
109.014 -24.1726 3.40906
108.932 -24.0481 3.40767
109.008 -24.1145 3.41052
109.04 -24.0675 3.40796
108.952 -24.0516 3.40111
108.869 -24.1241 3.40283
109.046 -24.0767 3.41105
108.944 -24.0407 3.40321
109.113 -24.1286 3.41134
108.962 -24.2218 3.40808
108.914 -24.1834 3.40483
109.014 -24.1224 3.40385
108.889 -24.1102 3.41034
108.927 -24.1558 3.40644
109.035 -24.2599 3.41095
109.055 -24.2497 3.41142
109.078 -24.2052 3.41097
109.04 -24.2367 3.40901
109.054 -24.0654 3.40235
109.077 -24.1483 3.40503
108.929 -24.3109 3.40877
109.009 -24.2877 3.40175
109.005 -24.1526 3.40454
109.137 -24.2398 3.4072
109.055 -23.9883 3.40832
109.098 -24.1836 3.40368
108.927 -24.1413 3.40442
109.046 -24.1417 3.4075
108.926 -24.0816 3.39954
108.919 -24.0406 3.40056
109.09 -24.2298 3.40773
109.009 -24.0874 3.40739
109.082 -24.0914 3.40594
108.877 -24.0907 3.40261
108.88 -24.1351 3.40475
108.857 -24.1209 3.4062
109.053 -24.1638 3.40824
109.073 -24.191 3.40767
109.066 -24.1635 3.40864
109.021 -24.0592 3.40661
109.176 -20.1676 3.41956
