268.337 24.8598 5.70396
268.188 24.8836 5.70099
268.186 24.8814 5.70092
268.252 24.9042 5.70151
268.252 24.8976 5.70142
268.325 24.8519 5.70011
268.237 24.7915 5.70455
268.317 24.7687 5.70124
268.243 24.8935 5.70215
268.299 24.7962 5.70072
268.295 24.794 5.70078
268.231 24.9046 5.70172
268.246 24.8776 5.70333
268.25 24.8695 5.70327
268.305 24.7708 5.70241
268.275 24.8371 5.70206
268.275 24.9322 5.70071
268.323 24.8933 5.69982
268.291 24.8845 5.70644
268.327 24.847 5.70408
268.217 24.8891 5.70405
268.327 24.8991 5.70351
268.291 24.8717 5.7006
268.287 24.8693 5.7007
268.237 24.8621 5.70232
268.24 24.8556 5.70228
268.261 24.8408 5.70479
268.365 24.8188 5.7012
268.329 24.7848 5.70363
268.323 24.6946 5.70561
268.251 24.7051 5.70429
268.256 24.8145 5.69677
268.253 24.8618 5.7017
268.281 24.9185 5.69887
268.337 24.8386 5.70024
268.315 24.8245 5.70139
268.361 24.805 5.69937
268.299 24.851 5.70508
268.202 24.9127 5.70294
268.276 24.9289 5.70355
268.279 24.7614 5.70525
268.178 24.8453 5.70747
268.328 24.7968 5.70012
268.364 24.8939 5.7021
268.297 24.8375 5.70149
268.226 24.8751 5.70346
268.31 24.9125 5.70352
268.213 24.8977 5.70385
268.272 24.8931 5.70292
268.297 24.8197 5.70356
268.283 24.8079 5.70119
268.282 24.8697 5.70419
268.268 24.7976 5.69851
268.339 24.8319 5.7021
268.326 24.9095 5.70243
268.222 24.896 5.70451
268.249 24.8148 5.70397
268.292 24.8455 5.70364
268.221 24.9351 5.70336
268.164 24.8196 5.70738
268.302 24.8238 5.70147
268.311 24.8396 5.70427
268.317 24.8451 5.70433
268.295 24.8527 5.70263
268.319 24.8325 5.69992
268.342 24.9663 5.70027
268.244 24.8241 5.70254
268.239 24.8241 5.70246
268.335 24.9149 5.70147
268.334 24.9186 5.70132
268.331 24.918 5.70156
268.336 24.9218 5.70132
268.238 24.8833 5.70368
268.281 24.8037 5.70358
268.28 24.8064 5.70363
268.283 24.8059 5.70374
268.323 24.8475 5.70184
268.242 24.9344 5.70579
268.237 24.9345 5.70589
268.297 24.92 5.70535
268.242 24.9405 5.70149
268.204 24.8544 5.70277
268.143 24.7446 5.70177
268.308 24.8117 5.70043
268.203 24.832 5.70067
268.245 24.8423 5.70384
268.279 24.8336 5.70322
268.306 24.7641 5.70418
268.252 24.9152 5.70378
268.304 24.8383 5.70406
268.364 24.8393 5.70163
268.278 24.9049 5.70408
268.314 24.8973 5.69958
268.302 24.8113 5.70564
268.184 24.7809 5.70499
268.26 24.7826 5.70084
268.28 24.8501 5.7057
268.336 24.9187 5.7043
268.326 24.8207 5.70002
268.222 24.7851 5.70144
268.25 24.7784 5.70437
268.342 24.866 5.70219
268.234 24.9308 5.70517
268.267 24.9325 5.70346
268.16 24.8905 5.70376
268.277 24.8377 5.70421
268.239 24.853 5.7036
268.281 24.9013 5.70267
268.341 24.9051 5.70082
268.308 24.8386 5.70097
268.191 24.8756 5.70181
268.291 24.9091 5.70394
268.349 24.8877 5.70061
268.249 24.9823 5.70188
268.256 24.8295 5.70322
268.271 24.9076 5.70236
268.358 24.8409 5.69865
268.264 24.9222 5.70359
268.263 24.8073 5.69956
268.33 24.8895 5.70131
268.283 24.8145 5.70223
268.22 24.8638 5.70314
268.223 24.8666 5.70337
268.225 24.8622 5.7033
268.227 24.8667 5.70329
268.31 24.8503 5.70478
268.31 24.8544 5.70512
268.206 24.8355 5.70178
268.212 24.848 5.70482
268.276 24.9334 5.70556
268.224 24.8912 5.70522
268.224 24.8843 5.70525
268.318 24.7441 5.70039
268.268 24.8302 5.70393
268.269 24.82 5.70384
268.225 24.9049 5.70396
268.223 24.9113 5.70402
268.263 24.7749 5.70382
268.343 24.8067 5.70199
268.344 24.9389 5.70777
268.221 24.7972 5.70586
268.247 24.8824 5.69943
268.254 24.8404 5.70081
268.269 24.8721 5.70583
268.188 24.888 5.70681
268.237 24.857 5.70373
268.269 24.9206 5.70167
268.297 24.7658 5.70222
268.295 24.7675 5.70213
268.325 24.9423 5.69919
268.326 24.9461 5.69912
268.33 24.9001 5.70034
268.375 24.7824 5.70264
268.346 24.8257 5.70037
268.296 24.86 5.70219
268.244 24.8597 5.70358
268.242 24.8554 5.70361
268.183 24.882 5.69818
268.253 24.9341 5.70179
268.278 24.8672 5.70242
268.274 24.8604 5.70238
268.367 24.8381 5.70116
268.278 24.7995 5.70577
268.303 24.9186 5.70656
268.221 24.9625 5.70168
268.217 24.9614 5.70142
268.33 24.8697 5.70194
268.242 24.8425 5.70434
268.346 24.872 5.70681
268.316 24.8549 5.70574
268.31 24.8092 5.70021
268.311 24.8619 5.7024
268.312 24.8529 5.70262
268.286 24.919 5.70274
268.353 24.8216 5.70397
268.255 24.8419 5.70796
268.257 24.8418 5.70779
268.3 24.8713 5.70258
268.278 24.7948 5.70369
268.361 24.8693 5.70422
268.347 24.8978 5.70209
268.264 24.8863 5.70515
268.298 24.8664 5.70258
268.128 24.9532 5.70496
268.319 24.8632 5.70192
268.247 24.9292 5.70724
268.248 24.9348 5.70719
268.289 24.7593 5.70486
268.294 24.7593 5.70484
268.272 24.8131 5.70489
268.247 24.7361 5.70343
268.256 24.7359 5.70319
268.296 24.9449 5.70347
268.196 24.8713 5.70537
268.177 24.9748 5.7035
268.349 24.8787 5.69928
268.292 24.8585 5.70055
268.231 24.9206 5.70248
268.236 24.9493 5.70518
268.306 24.8584 5.70443
268.277 24.8488 5.70198
268.254 24.8855 5.7064
268.26 24.8854 5.70655
268.278 24.8599 5.70055
268.258 24.8816 5.70386
268.255 24.8859 5.70379
268.218 24.8398 5.70442
268.216 24.8384 5.70433
268.22 24.8396 5.70428
268.197 24.8626 5.70529
268.2 24.8677 5.70527
268.286 24.93 5.70277
268.24 24.8682 5.70081
268.242 24.8663 5.7008
268.273 24.7814 5.70372
268.275 24.7839 5.70364
268.334 24.8769 5.70137
268.22 24.8005 5.70516
268.227 24.8704 5.70139
268.219 24.7688 5.70204
268.221 24.7647 5.70184
268.258 24.795 5.7037
268.259 24.806 5.70353
268.31 24.8098 5.70376
268.31 24.7991 5.7037
268.297 24.8558 5.70496
268.246 24.9598 5.70466
268.277 24.8139 5.70532
268.282 25.0005 5.69928
268.312 24.8985 5.70346
268.314 24.8902 5.70341
268.204 24.9388 5.70256
268.285 24.9092 5.70274
268.217 24.9129 5.70211
268.219 24.9172 5.70227
268.25 24.939 5.70281
268.272 24.8401 5.70017
268.266 24.8404 5.69998
268.257 24.8633 5.70096
268.228 24.7492 5.69789
268.37 24.8075 5.70528
268.323 24.8708 5.70089
268.329 24.8792 5.70013
268.321 24.8803 5.69984
268.203 24.8845 5.70381
268.197 24.887 5.70391
268.373 24.8427 5.70424
268.3 24.8717 5.70027
268.29 24.871 5.70053
268.317 24.9357 5.69939
268.277 24.778 5.70422
268.28 24.893 5.70345
268.283 24.8911 5.70353
268.32 24.8622 5.70406
268.271 24.9608 5.70143
268.273 24.965 5.70126
268.29 24.8634 5.70297
268.347 24.8751 5.70532
268.321 24.8857 5.70115
268.205 24.8918 5.7048
268.201 24.8875 5.70485
268.34 24.8993 5.70005
268.273 24.9049 5.70248
268.266 24.814 5.70097
268.241 24.8572 5.70427
268.24 24.8665 5.70449
268.27 24.8687 5.70201
268.275 24.8708 5.70198
268.249 24.88 5.70249
268.33 24.7692 5.70181
268.371 24.7975 5.7061
268.306 24.8387 5.70612
268.231 24.8524 5.69954
268.228 24.8399 5.69942
268.335 24.8858 5.70406
268.328 24.8863 5.70403
268.267 24.8851 5.70009
268.268 24.8814 5.69989
268.231 24.9479 5.70228
268.234 24.9452 5.70217
268.365 24.8839 5.70019
268.197 24.8814 5.70109
268.227 24.8492 5.69834
268.258 24.9074 5.70139
268.201 24.8999 5.70233
268.319 24.7688 5.70123
268.244 24.8924 5.70215
268.299 24.7975 5.7008
268.302 24.7956 5.70092
268.234 24.9076 5.70134
268.307 24.7772 5.70248
268.278 24.9325 5.70089
268.322 24.8912 5.69978
268.29 24.8894 5.70656
268.218 24.8863 5.70394
268.318 24.8927 5.70316
268.3 24.851 5.70287
268.291 24.8748 5.70077
268.24 24.8533 5.70229
268.332 24.8502 5.702
268.358 24.9007 5.70315
268.357 24.9038 5.70311
268.366 24.8224 5.7012
268.201 24.8396 5.70274
268.296 24.8534 5.7064
268.263 24.9705 5.70313
268.256 24.9678 5.70321
268.223 24.9173 5.70577
268.228 24.9184 5.70597
268.252 24.8627 5.70165
268.327 24.8529 5.70281
268.344 24.8364 5.70016
268.303 24.8253 5.70199
268.359 24.8061 5.70039
268.362 24.8078 5.69921
268.201 24.9117 5.70311
268.202 24.9153 5.70274
268.266 24.8731 5.70103
268.283 24.9304 5.70347
268.279 24.9371 5.70341
268.17 24.8477 5.70746
268.212 24.8813 5.70308
268.368 24.8928 5.70217
268.298 24.8384 5.70156
268.221 24.876 5.70335
268.269 24.8704 5.7004
268.214 24.8989 5.70388
268.27 24.8919 5.70293
268.291 24.81 5.7036
268.281 24.8166 5.7011
268.288 24.8623 5.70415
268.328 24.8605 5.701
268.321 24.8599 5.70098
268.341 24.829 5.70216
268.22 24.8849 5.70435
268.261 24.9656 5.70226
268.26 24.9687 5.70224
268.301 24.8443 5.70338
268.296 24.8451 5.7035
268.166 24.8219 5.70745
268.201 24.8148 5.70274
268.278 24.8761 5.70309
268.311 24.8429 5.70429
268.303 24.848 5.70061
268.234 24.933 5.70264
268.239 24.8253 5.70252
268.349 24.8484 5.69961
268.316 24.9161 5.70342
268.334 24.9161 5.70127
268.235 24.8803 5.70386
268.322 24.8532 5.7049
268.323 24.8507 5.70206
268.326 24.8467 5.70183
268.235 24.939 5.70578
268.241 24.9297 5.70574
268.3 24.9254 5.70509
268.283 24.8834 5.70183
268.199 24.8686 5.70576
268.194 24.7778 5.70118
268.306 24.8118 5.70025
268.245 24.8587 5.6992
268.197 24.8332 5.70071
268.284 24.8383 5.70319
268.247 24.9179 5.70366
268.253 24.9122 5.70381
268.304 24.8372 5.7039
268.307 24.8382 5.70395
268.357 24.8401 5.70145
268.252 24.8769 5.70408
268.293 24.8433 5.70483
268.299 24.8457 5.70486
268.188 24.783 5.705
268.261 24.7901 5.70082
268.262 24.7869 5.70096
268.279 24.8447 5.70563
268.33 24.9212 5.70411
268.292 24.8761 5.70424
268.252 24.7838 5.70448
268.33 24.9559 5.70228
268.344 24.8681 5.70223
268.275 24.8538 5.70486
268.269 24.9244 5.70351
268.272 24.9275 5.70321
268.165 24.8908 5.70374
268.279 24.835 5.70405
268.276 24.8399 5.70427
268.24 24.8551 5.70361
268.276 24.8165 5.70172
268.332 24.8141 5.69962
268.309 24.8423 5.70102
268.307 24.8422 5.70109
268.329 24.8601 5.70356
268.329 24.8571 5.70372
268.292 24.9108 5.70395
268.315 24.7727 5.70173
268.317 24.7655 5.70162
268.267 24.9661 5.70332
268.362 24.8346 5.69979
268.315 24.9147 5.70194
268.362 24.8433 5.69883
268.248 24.8652 5.70097
268.263 24.8073 5.69952
268.296 24.8603 5.70224
268.326 24.8878 5.70136
268.184 24.8954 5.70471
268.224 24.862 5.7031
268.31 24.847 5.70493
268.205 24.847 5.70487
268.207 24.8473 5.70497
268.273 24.9273 5.70567
268.282 24.9287 5.70561
268.2 24.8548 5.70277
268.346 24.7893 5.70456
268.367 24.8116 5.70293
268.369 24.8113 5.70275
268.261 24.771 5.70396
268.388 24.7836 5.70229
268.304 24.8478 5.70344
268.317 24.8955 5.70771
268.222 24.7988 5.70584
268.25 24.8867 5.69949
268.256 24.8407 5.70095
268.289 25.0166 5.70112
268.268 24.8823 5.70581
268.195 24.8883 5.70685
268.188 24.8899 5.70684
268.194 24.8931 5.70685
268.242 24.8562 5.70386
268.244 24.8652 5.70379
268.269 24.9132 5.70189
268.27 24.9155 5.70178
268.331 24.9013 5.70029
268.331 24.9001 5.7004
268.339 24.8284 5.70023
268.241 24.8565 5.7037
268.361 24.8242 5.70287
268.223 24.8856 5.69811
268.278 24.862 5.70255
268.302 24.8284 5.70086
268.369 24.8352 5.70109
268.283 24.8082 5.70381
268.276 24.8006 5.70603
268.244 24.8572 5.70609
268.302 24.9172 5.7067
268.303 24.9142 5.70646
268.343 24.9596 5.70342
268.342 24.9596 5.70342
268.236 24.8212 5.70212
268.241 24.8412 5.70435
268.346 24.863 5.70692
268.311 24.8034 5.69984
268.291 24.9193 5.7027
268.25 24.9015 5.70032
268.354 24.8223 5.70401
268.345 24.8377 5.70463
268.303 24.8732 5.70275
268.287 24.883 5.70492
268.291 24.8645 5.70337
268.346 24.8691 5.70024
268.266 24.8866 5.70525
268.289 24.8672 5.70243
268.207 24.9113 5.70328
268.204 24.9065 5.70316
268.318 24.8577 5.70182
268.295 24.7605 5.7051
268.277 24.8119 5.70482
268.258 24.7322 5.70322
268.188 24.8758 5.70547
268.201 24.8793 5.70562
268.318 24.824 5.70238
268.287 24.8608 5.70054
268.225 24.9145 5.70241
268.31 24.8647 5.70467
268.303 24.8346 5.70332
268.312 24.8385 5.70324
268.304 24.8311 5.7031
268.255 24.8835 5.7064
268.277 24.8724 5.70372
268.246 24.8354 5.70621
268.314 24.8157 5.70226
268.313 24.818 5.70224
268.218 24.8371 5.70443
268.193 24.8641 5.70524
268.198 24.8634 5.70539
268.232 24.9302 5.70578
268.228 24.9323 5.7059
268.326 24.8546 5.70347
268.244 24.8563 5.70094
268.27 24.7761 5.70362
268.338 24.8816 5.70162
268.286 24.807 5.70241
268.263 24.8063 5.70354
268.268 24.8013 5.70354
268.368 24.7883 5.70535
268.253 24.7827 5.70625
268.283 24.7158 5.70514
268.29 24.8599 5.70487
268.293 24.8449 5.70415
268.24 24.957 5.70451
266.813 22.3603 5.69036
