117.13 18.7071 0.0693661
117.069 18.6236 0.0666342
117.103 18.6601 0.0655974
117.014 18.5599 0.0709641
117.088 18.7328 0.0664619
117.079 18.5484 0.0694574
117.131 18.5897 0.0675323
117.064 18.5781 0.0698351
117.07 18.6496 0.0670863
117.074 18.6191 0.0662333
117.221 18.6647 0.0697583
117.236 18.5413 0.068815
117.132 18.6679 0.0703008
117.135 18.6166 0.06795
117.135 18.6731 0.0706623
117.207 18.6248 0.0688977
117.219 18.7088 0.0679341
117.155 18.707 0.0686706
117.216 18.5706 0.0659208
117.086 18.5691 0.067475
117.098 18.5852 0.0667186
117.057 18.7049 0.0664537
117.093 18.6468 0.0740359
117.101 18.6252 0.0736397
117.185 18.6232 0.0718657
117.148 18.5906 0.0681145
117.05 18.6586 0.0721899
117.027 18.5753 0.0710024
117.007 18.5644 0.0727151
117.261 18.6916 0.0722283
117.019 18.6634 0.0702981
117.08 18.689 0.0664863
117.155 18.5609 0.0654661
117.205 18.5134 0.065012
116.996 18.6453 0.0731976
117.132 18.623 0.0691839
116.977 18.5961 0.0719374
117.079 18.5626 0.0680714
117.126 18.6331 0.0687909
117.063 18.5853 0.070298
116.996 18.6983 0.069567
116.957 18.572 0.0699431
117.056 18.4709 0.0678198
117.03 18.6813 0.068051
117.071 18.6797 0.0712692
117.004 18.7218 0.0653086
117.001 18.6257 0.0725882
117.102 18.6108 0.0678437
116.978 18.7564 0.0705756
117.057 18.7498 0.0693841
117.113 18.5415 0.0649747
117.114 18.6994 0.0685069
117.074 18.7006 0.0660058
116.936 18.7352 0.0705731
117.083 18.7161 0.0656042
117.079 18.6277 0.0717426
117.048 18.5715 0.0713335
117.104 18.6755 0.0744034
117.099 18.7305 0.0649253
117.05 18.5552 0.0697538
117.005 18.6714 0.0711582
117.03 18.6493 0.0718744
117.168 18.6947 0.0672733
117.126 18.5732 0.0707725
117.035 18.6871 0.0716626
117.061 18.6582 0.070647
116.937 18.7011 0.0723176
116.979 18.631 0.0724131
117.091 18.5488 0.0692236
117.112 18.6332 0.07266
117.187 18.6994 0.0727973
117.22 18.6193 0.0690888
117.209 18.5649 0.0690402
116.937 18.5661 0.0704407
116.965 18.6772 0.0684128
117.053 18.6211 0.0687512
117.08 18.7337 0.0703248
117.006 18.726 0.0704358
117.179 18.5637 0.0710067
117.01 18.4822 0.0704851
117.102 18.6349 0.0689612
117.185 18.628 0.0675509
117.104 18.6603 0.067557
117.067 18.701 0.0722988
117.109 18.6842 0.068118
116.984 18.4848 0.0722503
117.092 18.6957 0.0673376
117.118 18.6818 0.0670899
117.039 18.5456 0.0690273
117.051 18.5738 0.0696812
117.058 18.589 0.0670277
117.11 18.6001 0.0712407
117.03 18.6871 0.0681127
117.062 18.7172 0.0701786
117.134 18.6687 0.0675303
117.151 18.7492 0.0683046
117.162 18.6719 0.0680179
117.1 18.6803 0.0673453
117.109 18.6986 0.0674722
117.073 18.6143 0.0704455
117.106 18.7185 0.0680548
116.968 18.5756 0.0694868
117.183 18.5885 0.0698649
117.124 18.5288 0.0693069
116.981 18.5579 0.0694295
116.993 18.6232 0.0701828
117.067 18.6809 0.0674474
117.039 18.5024 0.0692902
117.09 18.6608 0.0697329
117.022 18.5894 0.0674566
117.091 18.7068 0.0655698
117.055 18.6715 0.068614
116.957 18.5922 0.0742135
117.059 18.7088 0.067931
117.05 18.7313 0.0720317
117.029 18.5914 0.0650852
117.178 18.6772 0.0705879
117.134 18.6919 0.0715076
117.027 18.6755 0.0697738
116.958 18.6772 0.0695478
117.155 18.6234 0.0685818
117.174 18.621 0.0677007
117.019 18.6113 0.0714632
117.086 18.6364 0.0689568
117.142 18.6002 0.0717856
117.013 18.585 0.067677
117.111 18.5504 0.0681274
117.053 18.6576 0.0646134
117.092 18.7055 0.0658501
117.164 18.6724 0.0655709
117.159 18.5527 0.0676608
117.119 18.6245 0.0689988
117.07 18.5275 0.0682272
116.999 18.7105 0.0717792
117.038 18.7173 0.071352
117.076 18.7271 0.0694792
117.096 18.7259 0.0659326
116.988 18.4924 0.0679401
117.108 18.5275 0.0687421
117.113 18.671 0.0673042
116.994 18.6042 0.0710301
116.959 18.6854 0.0720619
117.035 18.5771 0.066823
117.09 18.7196 0.0641408
117.096 18.7186 0.066012
117.08 18.7356 0.0705356
117.11 18.6181 0.0649132
117.031 18.6088 0.0680929
117.117 18.521 0.071192
117.053 18.5259 0.0687291
117.142 18.658 0.0728603
117.234 18.5912 0.0697349
117.145 18.6105 0.0668818
117.1 18.6291 0.0669965
117.025 18.6698 0.0710842
117.194 18.6658 0.0657108
117.146 18.6407 0.0707278
117.128 18.5826 0.0676956
117.038 18.6854 0.0713974
116.969 18.5007 0.0689853
117.055 18.6551 0.0692332
117.105 18.572 0.0742919
117.191 18.742 0.0701322
117.025 18.5603 0.0735386
117.036 18.5522 0.0695139
117.125 18.7061 0.0722764
117.104 18.6684 0.0717948
116.951 18.6483 0.0718841
117.175 18.6524 0.0712243
117.043 18.6829 0.0681121
117.08 18.7125 0.0663579
117.047 18.8132 0.0700587
117.089 18.6509 0.0691259
117.113 18.6154 0.0711089
117.19 18.5631 0.0669497
117.258 18.5136 0.0678291
117.025 18.6807 0.0692873
117.199 18.6021 0.0702126
117.106 18.5882 0.0684067
117.112 18.6316 0.0695873
117.083 18.6364 0.0695463
117.21 18.6716 0.0694192
117.105 18.7032 0.0728739
117.138 18.5629 0.0699013
117.052 18.7502 0.068513
117.029 18.7128 0.0684314
117.075 18.6647 0.0708841
117 18.692 0.0686045
117.047 18.7377 0.0685221
117.01 18.4535 0.0695233
116.945 18.6784 0.0753162
117.041 18.6164 0.0697664
117.099 18.6793 0.0703836
116.898 18.5776 0.0720514
117.096 18.6277 0.0675524
116.969 18.6219 0.0732822
117.068 18.7074 0.0683682
116.981 18.6414 0.0709861
117.055 18.7082 0.0695833
117.05 18.6273 0.0695915
117.074 18.6217 0.0682141
117.102 18.704 0.0703748
116.993 18.5087 0.0694465
117.097 18.5126 0.0695887
117.114 18.8045 0.0669732
117.086 18.7536 0.0681015
117.142 18.709 0.0671424
116.893 18.6387 0.0706951
117.162 18.6709 0.069759
117.067 18.589 0.0679612
117.016 18.7197 0.0689956
117.027 18.7065 0.0664128
117.14 18.6235 0.0708732
117.047 18.5614 0.0701481
117.072 18.5798 0.0684581
117.244 18.5637 0.0668157
116.995 18.7764 0.0700621
117.015 18.7039 0.0696237
117.058 18.6551 0.0710485
117.05 18.7227 0.0708239
117.174 18.5803 0.0713859
117.08 18.5781 0.0716731
117.081 18.6027 0.0684341
116.986 18.527 0.0671766
117.101 18.7143 0.0681628
117.131 18.7578 0.0697786
117.046 18.6403 0.069638
117.049 18.6044 0.0705406
117.088 18.562 0.0677215
116.997 18.6242 0.071367
117.062 18.7153 0.0676981
117.091 18.5594 0.0710727
117.118 18.6376 0.0675858
117.146 18.7724 0.0664343
117.115 18.6901 0.0682505
117.144 18.6641 0.0739974
117.056 18.5765 0.0687096
117.104 18.5614 0.0694345
117.173 18.6023 0.0695119
117.02 18.6383 0.0672574
117.031 18.6056 0.0652386
117.148 18.6329 0.0655999
117.171 18.6539 0.0678607
117.021 18.6838 0.0685904
117.114 18.7044 0.0708293
117.12 18.6839 0.0681041
117.078 18.7511 0.068824
117.065 18.48 0.067851
117.049 18.7119 0.0679923
117.047 18.6361 0.0713433
117.042 18.6699 0.0646676
117.089 18.6657 0.0691172
117.07 18.4809 0.0661081
117.144 18.6409 0.0698371
117.089 18.6641 0.0666913
117.172 18.6265 0.0667266
117.147 18.6506 0.068943
117.134 18.5053 0.0663836
117.055 18.6534 0.071684
117.018 18.6821 0.0693549
117.055 18.6827 0.0673322
117.048 18.6303 0.0716506
117.124 18.5817 0.0679658
117.095 18.5299 0.0695522
117.192 18.7005 0.070668
117.064 18.6558 0.069164
117.049 18.666 0.0677143
116.951 18.7356 0.0728013
117.099 18.7541 0.0673712
117.092 18.724 0.0653941
117.026 18.6718 0.0663806
117.123 18.5233 0.0709007
117.137 18.5363 0.0755952
117.032 18.6493 0.0735494
116.935 18.5403 0.0691026
116.946 18.6221 0.0673264
117.051 18.6544 0.0667053
117.099 18.5828 0.0713245
117.036 18.7019 0.0691088
117.01 18.5251 0.0682807
117.001 18.584 0.0697141
117.018 18.582 0.0722469
117.011 18.5139 0.0683095
117.072 18.6494 0.0713895
117.15 18.5938 0.0673655
117.113 18.6038 0.0665252
117.131 18.6296 0.0674945
117.055 18.6165 0.068849
117.063 18.6564 0.0676186
117.139 18.7026 0.0706281
117.183 18.5844 0.0666518
117.161 18.6107 0.0672773
117.055 18.7145 0.070385
117.126 18.6526 0.0695779
117.031 18.7045 0.0711221
117.05 18.7129 0.0732148
117.162 18.606 0.0714178
116.881 18.6923 0.0653383
116.989 18.5328 0.0699396
117.052 18.6642 0.0713575
117.077 18.4989 0.0702486
116.988 18.5004 0.0700378
117.072 18.6454 0.0697002
117.171 18.7389 0.0694515
117.222 18.6707 0.0697219
117.053 18.6616 0.0665297
116.954 18.5623 0.0747587
117.229 18.5765 0.0669591
117.205 18.5923 0.0656665
117.2 18.6045 0.0657722
117.006 18.7304 0.0717343
116.993 18.6666 0.0717257
117.122 18.6599 0.0687548
117.217 18.6729 0.0672312
117.061 18.5305 0.0710079
117.03 18.5648 0.0710165
117.134 18.5571 0.0672861
117.138 18.6289 0.0692462
117.042 18.641 0.0684489
117.09 18.5893 0.0716472
117.033 18.6508 0.0691719
117.016 18.6948 0.0708672
116.99 18.6286 0.0689372
117.053 18.5356 0.0717601
117.136 18.6475 0.0702278
116.995 18.6177 0.0687484
117.122 18.6871 0.0693202
117.024 18.6072 0.0704203
117.054 18.6242 0.0691288
116.96 18.6831 0.0727367
117.172 18.6471 0.067394
117.096 18.7003 0.0671019
117.072 18.7274 0.0653587
117.225 18.5294 0.0694995
117.193 18.5646 0.0685238
117.194 18.5587 0.0688631
117.234 18.583 0.0705627
117.144 18.72 0.0716449
117.106 18.7707 0.0644643
117.085 18.6759 0.0721329
117.167 18.6702 0.0662212
117.119 18.5972 0.0688854
116.985 18.6139 0.0715424
117.123 18.6032 0.0717737
117.029 18.6735 0.0672646
116.986 18.6921 0.0727321
117.089 18.6102 0.0693221
117.169 18.6301 0.0680406
117.183 18.5843 0.0672438
117.147 18.761 0.068611
117.122 18.7638 0.0701347
117.033 18.69 0.0687696
117.065 18.6915 0.0667125
117.089 18.7224 0.0685352
117.227 18.6501 0.0688685
117.008 18.7006 0.0713731
116.961 18.6699 0.0684447
117.1 18.7008 0.0674335
117.185 18.6965 0.0665736
117.017 18.5729 0.0698735
117.115 18.7449 0.0659742
117.108 18.633 0.0708064
117.05 18.635 0.0721937
117.053 18.6446 0.0714339
117.051 18.5849 0.0700309
116.985 18.7459 0.071585
117.135 18.7297 0.0672444
117.163 18.6622 0.0676495
117.11 18.6686 0.0679366
117.127 18.5904 0.0740823
117.115 18.5804 0.0693449
117.117 18.536 0.0694256
117.057 18.5978 0.0701712
117.091 18.5529 0.0681824
117.047 18.7746 0.0677342
117.133 18.6538 0.0671447
117.127 18.6623 0.0652765
117.08 18.7111 0.0707513
117.134 18.6482 0.0726928
117.121 18.5919 0.0714958
117.104 18.6097 0.0681375
117.053 18.6167 0.0720818
117.038 18.5234 0.0674421
117.037 18.5615 0.0696787
117.026 18.5743 0.0668978
117.178 18.571 0.0677782
117.154 18.6673 0.071154
117.242 18.5638 0.0700359
117.012 18.6055 0.0692497
117.153 18.6289 0.0676698
117.193 18.6339 0.0695849
117.173 18.4937 0.0661654
117.178 18.5343 0.066025
117.141 18.5263 0.0664185
117.085 18.6423 0.0700585
117.079 18.6835 0.070266
117.031 18.7937 0.0669955
117.039 18.5782 0.0731129
117.052 18.6124 0.0688186
117.063 18.6603 0.0713911
117.054 18.6256 0.072698
117.08 18.6179 0.0677501
117.2 18.67 0.0699741
117.173 18.6274 0.0674793
117.073 18.5896 0.0686215
117.015 18.616 0.069994
117.092 18.655 0.064661
117.08 18.608 0.0715827
117.079 18.734 0.0668723
116.977 18.6016 0.0689981
117.172 18.5397 0.0679752
117.056 18.6068 0.0728077
116.945 18.4976 0.0695968
116.93 18.6859 0.0723354
117.046 18.709 0.066821
117.024 18.6415 0.073596
117.162 18.6883 0.0664255
117.057 18.5527 0.069582
117.114 18.6155 0.0716809
116.915 18.5716 0.0662587
117.124 18.6226 0.0709313
117.213 18.6138 0.0702029
117.117 18.6619 0.0719331
117.083 18.5766 0.0700983
117.087 18.6553 0.067759
117.144 18.5863 0.0678914
117.129 18.7188 0.0685478
117.09 18.6149 0.0676907
117.216 18.7235 0.0660256
117.207 18.6767 0.0677623
117.163 18.6635 0.0699027
117.205 18.5452 0.0690948
117.03 18.6423 0.0692707
117.03 18.6211 0.0669552
117.031 18.6919 0.0701255
117.049 18.7217 0.07006
117.141 18.6678 0.0706359
117.061 18.5306 0.0722801
117.036 18.5642 0.070624
116.989 18.7298 0.0739578
116.954 18.4919 0.0719531
117.066 18.6332 0.0728518
117.177 18.6368 0.0703064
117.119 18.6618 0.0652407
117.011 18.7382 0.0663627
117.243 18.6471 0.0665217
116.982 18.5979 0.0699016
117.185 18.6046 0.0711727
116.96 18.5665 0.0691721
117.056 18.6273 0.0670992
117.117 18.6748 0.0714505
117.049 18.5611 0.0710282
116.947 18.6408 0.070685
117.059 18.6293 0.0715919
117.058 18.492 0.0715546
116.963 18.6332 0.0723586
117.103 18.8131 0.0726109
117.05 18.7633 0.0694766
117.06 18.5338 0.0705566
117.073 18.5947 0.0770825
117.036 18.5999 0.0679402
116.98 18.5577 0.0727688
117.147 18.6757 0.0669299
117.064 18.5472 0.0728485
116.996 18.6275 0.067569
117.109 18.6481 0.0689507
117.141 18.6033 0.070171
117.1 18.6882 0.0679323
117.132 18.7102 0.0729808
117.057 18.4976 0.0688596
117.075 18.5004 0.070058
117.154 18.715 0.0682932
117.057 18.5582 0.0737424
117.042 18.5637 0.0754183
117.047 18.5724 0.0702446
117.098 18.7105 0.0687003
117.11 18.6546 0.068984
116.996 18.6753 0.0654851
117.151 18.6032 0.0698778
117.083 18.5763 0.0712455
117.237 18.6422 0.0697292
117.009 18.7183 0.0703927
117.057 18.6514 0.073523
117.016 18.7235 0.0688144
116.985 18.6206 0.0682516
117.017 18.6894 0.0731335
117.186 18.6802 0.0678934
117.003 18.722 0.0705366
117.031 18.5601 0.0697966
117.162 18.5996 0.0691641
117.151 18.6513 0.068319
117.085 18.6913 0.0677706
117.037 18.6859 0.0720163
117.196 18.6619 0.0677834
117.091 18.691 0.0703268
117.025 18.7583 0.0707386
117.065 18.7123 0.0660504
117.049 18.56 0.0698759
117.07 18.5775 0.0685
115.291 20.0155 0.0858818
117.086 18.605 0.0631723
117.093 18.6452 0.0667571
117.115 18.5879 0.0714807
117.09 18.579 0.0680295
117.158 18.5779 0.0704475
117.058 18.5974 0.068392
117.079 18.7005 0.0716186
117.044 18.6579 0.0705959
117.031 18.6216 0.0696732
117.03 18.6291 0.0669806
117.206 18.6332 0.0680548
117.094 18.7018 0.0683739
117.14 18.7886 0.0670184
117.042 18.5496 0.0706118
117.084 18.5794 0.0687464
117.056 18.5703 0.0676095
117.083 18.5675 0.066338
117.145 18.6882 0.0693357
117.024 18.6197 0.0668121
117.042 18.5977 0.0674326
117.054 18.5791 0.0692998
117.141 18.6583 0.0714697
117.042 18.6123 0.0691062
117.093 18.7549 0.0722789
117.068 18.6319 0.0715807
117.065 18.5829 0.0690829
117.072 18.6748 0.0699018
117.006 18.6659 0.0655546
117.075 18.6377 0.0688443
117.098 18.7558 0.0705735
117.136 18.5234 0.0672201
117.132 18.7491 0.0705045
116.966 18.6156 0.0677925
117.017 18.5542 0.0739166
116.985 18.6132 0.0714434
117.062 18.6192 0.068872
117.099 18.6499 0.0685187
117.116 18.6703 0.0674653
116.993 18.6827 0.0696665
117.112 18.5192 0.070062
117.087 18.5253 0.0681571
117.137 18.584 0.0714618
117.074 18.6023 0.0706361
117.103 18.7418 0.0732687
117.146 18.7681 0.0693414
117.146 18.6847 0.0747868
117.21 18.6094 0.0692463
116.983 18.4853 0.0702162
117.022 18.6025 0.0679058
117.089 18.7212 0.0701716
117.147 18.6176 0.0677174
116.956 18.6836 0.0725618
117.189 18.6741 0.070055
117.026 18.6465 0.0685724
117.014 18.5735 0.0686439
117.153 18.7212 0.0690942
117.07 18.5815 0.0716147
117.052 18.7338 0.069711
116.912 18.6502 0.0657384
117.15 18.5217 0.0686039
117.081 18.5783 0.0655345
117.119 18.6389 0.0708254
117.057 18.5807 0.0668279
117.119 18.6551 0.06589
117.053 18.7512 0.0673409
117.05 18.6035 0.0702912
117.073 18.5947 0.0659735
117.049 18.5213 0.0692741
117.072 18.6071 0.0697438
116.993 18.676 0.0691545
117.138 18.6328 0.070619
117.204 18.588 0.0689385
117.123 18.6919 0.0702232
116.999 18.6815 0.0690354
117.184 18.6774 0.0690135
117.108 18.6647 0.0697499
117.172 18.6562 0.0718168
117.023 18.6938 0.070979
117.045 18.6106 0.0677051
117.048 18.6077 0.0701232
117.076 18.6133 0.0693758
117.097 18.6246 0.0710826
117.132 18.6119 0.0694703
117.092 18.6876 0.0680011
117.111 18.7289 0.0713307
116.947 18.6953 0.0688931
117.016 18.6862 0.0672711
117.074 18.5881 0.0685573
117.133 18.4865 0.0655798
116.967 18.6958 0.0671125
117.162 18.6556 0.0660629
117.167 18.6739 0.0688856
117.169 18.6386 0.0684293
117.13 18.641 0.0680608
117.144 18.6997 0.0715741
117.002 18.5856 0.0694236
117.145 18.6326 0.07751
117.057 18.592 0.0663857
117.067 18.6454 0.069588
116.981 18.7671 0.0733352
116.981 18.7063 0.0704909
117.148 18.6378 0.0712032
117.177 18.6787 0.0729333
116.996 18.5583 0.0653247
117.047 18.6068 0.0696856
117.014 18.6287 0.0685647
117.016 18.6145 0.0716709
116.985 18.659 0.0688157
117.154 18.6921 0.0686567
117.072 18.597 0.0695983
117.086 18.6649 0.0679821
117.283 18.6865 0.0664442
117.294 18.6247 0.0668818
117.225 18.6178 0.0674606
117.136 18.6494 0.0655749
117.095 18.616 0.0707616
117.073 18.438 0.068535
117.135 18.572 0.0666973
117.043 18.6402 0.0703765
117.129 18.5752 0.0687707
117.09 18.6859 0.0708865
116.969 18.6146 0.0676897
116.974 18.6454 0.0699514
117.105 18.7209 0.0690655
116.977 18.6259 0.0671838
117.016 18.6389 0.0722232
116.914 18.6373 0.0658327
117.046 18.5645 0.0712353
117.082 18.6274 0.0711883
117.065 18.6272 0.0700071
117.094 18.5858 0.0676172
117.013 18.6709 0.0733767
117.065 18.5403 0.0683418
117.098 18.7255 0.0700195
117.017 18.6563 0.0686212
117.105 18.6394 0.0688545
117.015 18.6218 0.0682623
117.138 18.6016 0.0706537
116.995 18.6367 0.0722101
116.957 18.664 0.0701233
117.063 18.5862 0.0678198
117.064 18.6924 0.0697414
117.101 18.6856 0.0673016
117.087 18.6018 0.0693666
117.093 18.5752 0.068459
117.155 18.5697 0.0721075
117.116 18.5938 0.0646854
117.114 18.6811 0.0663642
117.059 18.5941 0.0675533
117.04 18.7268 0.0725935
117.007 18.6225 0.0730042
116.979 18.7914 0.0701964
116.999 18.6226 0.0689974
117.13 18.629 0.0666106
117.188 18.5968 0.065703
117.166 18.651 0.0699624
117.137 18.5802 0.0719726
117.162 18.7758 0.070368
117.116 18.7718 0.0673054
117.132 18.6205 0.068457
117.077 18.5947 0.068929
117.024 18.6102 0.0688847
117.059 18.5761 0.0674191
117.165 18.5213 0.0696329
116.978 18.6562 0.0736176
117.105 18.6762 0.0681948
117.087 18.5845 0.0685148
117.162 18.5352 0.0699184
117.076 18.6764 0.069937
116.987 18.6372 0.0694137
117.041 18.5655 0.0702786
117.104 18.5503 0.0644243
117.041 18.7275 0.0701918
117.12 18.6183 0.0711282
116.991 18.5598 0.0711275
117.092 18.6546 0.0692561
116.976 18.603 0.0679795
116.999 18.5724 0.0736435
117.051 18.5823 0.0695735
117.09 18.6016 0.066091
117.155 18.6809 0.0672291
117.162 18.5973 0.0649955
117.027 18.6352 0.0671908
117.087 18.415 0.067425
117.174 18.676 0.0708401
117.167 18.6092 0.0710312
117.105 18.5566 0.0655096
117.067 18.5097 0.0706989
117.093 18.4879 0.0737774
117.136 18.629 0.0690924
117.088 18.6257 0.0693394
117.087 18.6562 0.0697537
117.073 18.5482 0.0657732
117.021 18.6148 0.0651113
117.044 18.6014 0.065742
117.081 18.6039 0.065202
117.044 18.709 0.0668654
117.091 18.6931 0.0691432
117.124 18.7148 0.069679
117.006 18.6484 0.0697383
117.005 18.6357 0.0710387
117.066 18.6369 0.0741396
117.04 18.6722 0.0731113
117.221 18.7157 0.0692837
117.034 18.6354 0.0689346
117.056 18.601 0.069916
117.022 18.5876 0.0685895
117.157 18.6158 0.0702686
117.075 18.6453 0.0698958
117.093 18.7089 0.0739782
117.047 18.5945 0.0721023
117.125 18.7609 0.0701598
117.066 18.6672 0.0733385
117.036 18.6638 0.0730891
117.237 18.7469 0.0688201
117.107 18.5388 0.0649397
117.059 18.5956 0.0700509
117.116 18.6108 0.0689425
117.139 18.6763 0.0677283
117.101 18.6274 0.0668593
116.998 18.5848 0.0689506
117.088 18.7395 0.0646036
117.064 18.6269 0.0699777
117.125 18.6244 0.0720194
116.995 18.6973 0.0719106
117.058 18.5805 0.065568
117.059 18.5922 0.0710549
117.023 18.7029 0.0709357
116.917 18.5911 0.0669406
117.172 18.6231 0.0692037
117.04 18.6704 0.0688773
117.096 18.5952 0.0700078
117.168 18.6332 0.0680132
117.121 18.6615 0.0703223
117.145 18.597 0.0692677
117.099 18.6679 0.0687324
117.058 18.7109 0.0702949
117.166 18.5786 0.0695295
117.098 18.6098 0.0686369
117.17 18.6223 0.0694685
117.009 18.5745 0.0691749
117.068 18.6221 0.0672009
117.099 18.5873 0.0696136
117.162 18.5522 0.0636665
117.074 18.7402 0.0674209
117.107 18.6077 0.0668307
117.171 18.6939 0.0682302
117.135 18.646 0.0680498
116.989 18.6117 0.0693534
116.875 18.6705 0.0700754
117.084 18.631 0.06945
117.055 18.71 0.0693017
117.028 18.622 0.0692593
117.149 18.7264 0.0671447
117.065 18.4947 0.0683575
116.875 18.6163 0.0690488
117.112 18.6745 0.0678018
117.114 18.7113 0.0711248
117.201 18.6203 0.069496
117.16 18.6587 0.0679997
117.097 18.6387 0.0682837
116.999 18.7135 0.0721124
117.185 18.6003 0.0651699
116.992 18.8484 0.0692973
117.093 18.666 0.0680451
117.142 18.6456 0.0678681
117.178 18.6448 0.0710296
117.012 18.5584 0.0706576
117.032 18.7392 0.0715498
117.046 18.6366 0.0670312
117.116 18.7152 0.0715205
117.019 18.5727 0.0677492
117.123 18.6938 0.0673615
117.042 18.6908 0.0686486
117.173 18.6175 0.0691416
117.099 18.6059 0.0724417
117.031 18.6389 0.0716255
117.116 18.6077 0.0656989
117.072 18.4997 0.0666083
117.049 18.539 0.0718331
117.04 18.578 0.0710391
117.093 18.4976 0.0732188
117.065 18.6689 0.0672746
117.074 18.6219 0.0694494
116.999 18.5751 0.0670124
117.169 18.6993 0.0653441
117.075 18.533 0.067886
117.033 18.6353 0.0680836
117.047 18.5982 0.068185
117.021 18.6024 0.0700682
117.099 18.5255 0.0693305
117.119 18.6356 0.0666193
117.14 18.6632 0.0660454
117.034 18.6222 0.0689657
117.037 18.7349 0.0707014
117.108 18.7218 0.0696684
117.093 18.6604 0.0696228
117.173 18.623 0.0676248
116.991 18.6084 0.0677798
117.148 18.6822 0.0702262
117.103 18.7388 0.0681421
117.079 18.6016 0.0692123
117.092 18.5186 0.0682992
117.066 18.5313 0.0668639
117.144 18.4408 0.0701876
117.126 18.6956 0.0708915
116.969 18.6192 0.066215
117.072 18.6033 0.0681271
117.045 18.531 0.0700084
117.035 18.6932 0.068827
117.041 18.6209 0.07111
117.069 18.7613 0.0707322
116.997 18.6875 0.0753494
117.171 18.5545 0.0647697
117.073 18.6895 0.0720374
117.197 18.5086 0.067413
117.183 18.5272 0.067779
117.129 18.6435 0.07227
117.08 18.5361 0.0719203
117.059 18.5773 0.0670695
117.058 18.5689 0.0672447
117.209 18.7105 0.0678789
117.03 18.6234 0.0696864
117.04 18.5955 0.0717927
117.129 18.6849 0.0677481
117.008 18.5859 0.0668095
117.075 18.3889 0.0684612
117.017 18.542 0.0703217
117.093 18.6927 0.0733112
117.066 18.545 0.0734342
117.052 18.5268 0.0693005
117.149 18.6476 0.0703031
117.09 18.5261 0.0651061
116.973 18.6656 0.0696229
117.067 18.6823 0.0692899
116.987 18.671 0.0704849
117.061 18.8185 0.0672156
117.079 18.6427 0.0669767
117.125 18.6454 0.0669762
117.067 18.6116 0.069606
117.01 18.7759 0.0719559
117.124 18.5512 0.0640849
117.055 18.6595 0.0713612
117.174 18.6793 0.0708934
117.208 18.6613 0.0671876
117.047 18.5745 0.0692921
117.176 18.6122 0.0730884
117.036 18.5709 0.0690529
117.126 18.6896 0.0687975
117.054 18.7124 0.0733243
116.952 18.6865 0.0710741
116.948 18.6009 0.0669911
116.978 18.6466 0.0726487
117.093 18.6054 0.0680171
117.091 18.5449 0.0658793
117.108 18.5256 0.0682775
117.08 18.6494 0.0728854
117.073 18.6146 0.0665987
117.134 18.5988 0.0703561
117.121 18.614 0.0691117
116.971 18.5918 0.0679955
117.061 18.5988 0.0678497
117.083 18.7369 0.0645197
116.936 18.7088 0.0767621
117.111 18.6119 0.073755
117.081 18.6297 0.0678693
117.114 18.6718 0.0708726
117.1 18.5406 0.0687564
117.225 18.6291 0.0691099
117.193 18.6689 0.0686754
117.183 18.5889 0.0692419
117.176 18.496 0.0693509
117.103 18.6873 0.0678302
117.187 18.6462 0.0711199
117.055 18.6697 0.0693447
117.007 18.6417 0.0733546
116.943 18.615 0.0718884
116.932 18.6616 0.0690729
117.021 18.68 0.0674294
117.099 18.6797 0.0682202
117.15 18.5647 0.0640044
117.185 18.4853 0.0625788
117.132 18.5913 0.0695262
117.058 18.5889 0.0693217
117.15 18.6361 0.0656512
117.051 18.6509 0.0736055
117.047 18.5534 0.0684374
117.064 18.6594 0.0696292
117.043 18.6001 0.0709045
116.982 18.659 0.0707707
116.927 18.8263 0.0744351
117.019 18.8784 0.0703064
117.012 18.6735 0.0695644
116.947 18.5459 0.0669451
117.077 18.6304 0.0689176
117.041 18.6063 0.0690052
117.141 18.653 0.0700677
117.144 18.6655 0.0688485
117.125 18.6596 0.0669236
117.026 18.6153 0.0634274
117.042 18.6003 0.0722356
117.135 18.5721 0.0695269
117.066 18.5948 0.0721909
117.095 18.7088 0.0707627
116.91 18.5836 0.0690252
117.118 18.6934 0.0706168
117.063 18.6961 0.0684887
116.93 18.67 0.0724568
117.168 18.5556 0.0656411
117.17 18.5944 0.0668681
117.12 18.5802 0.0667156
117.139 18.6072 0.0675838
117.049 18.6768 0.0646852
117.094 18.6631 0.0682541
117.086 18.688 0.0691887
117.08 18.5887 0.0679135
117.057 18.7172 0.0687675
116.937 18.649 0.0671299
117.121 18.6391 0.0679765
117.001 18.5836 0.0690529
117.113 18.5876 0.0701663
117.089 18.6278 0.0696014
117.097 18.6199 0.0704599
117.07 18.5843 0.0685174
117.017 18.6764 0.0688309
117.025 18.6557 0.0680801
117.143 18.7103 0.0706855
117.175 18.6423 0.0693518
117.044 18.5793 0.0692518
117.012 18.564 0.070365
117.027 18.6174 0.0692091
117.067 18.6226 0.0689639
116.946 18.6779 0.0707746
117.046 18.6875 0.0684609
117.05 18.614 0.0613629
117.161 18.6744 0.0659505
117.013 18.5747 0.0671775
117.125 18.7283 0.074622
117.156 18.6314 0.0677489
117.106 18.6435 0.0661741
117.02 18.7193 0.0680664
117.044 18.683 0.0698568
117.052 18.6653 0.0715326
116.995 18.6003 0.0687474
116.959 18.7038 0.069606
117.093 18.6206 0.0672742
117.066 18.5962 0.0703624
117.175 18.5736 0.0703393
117.063 18.5893 0.0697666
117.093 18.6641 0.0712033
117.089 18.5764 0.066788
117.125 18.4137 0.0694632
117.115 18.5415 0.0685863
117.122 18.6715 0.0675121
117.013 18.4557 0.0704447
117.132 18.7062 0.0704246
117.137 18.6124 0.0695282
116.843 18.617 0.0733064
117.083 18.7149 0.0712588
117.03 18.6409 0.066898
117.219 18.6167 0.0656788
117.251 18.5676 0.0662899
117.075 18.6067 0.0716161
116.974 18.7143 0.0729411
117.077 18.5298 0.0656978
117.08 18.5021 0.0638773
117.127 18.6683 0.0696526
117.167 18.6852 0.0712419
117.069 18.5116 0.0677962
117.029 18.5239 0.0687361
117.065 18.5684 0.0678635
117.166 18.6654 0.0688452
116.991 18.6236 0.0693214
117.087 18.6901 0.0677873
116.993 18.7507 0.0682456
117.076 18.5977 0.0712777
117.073 18.5947 0.0698513
117.067 18.5356 0.0664833
117.12 18.507 0.06786
117.113 18.7456 0.0698243
117.092 18.7654 0.0698368
117.134 18.618 0.0688208
117.066 18.5569 0.0656693
116.89 18.7223 0.0738936
117.089 18.7131 0.0710676
117.009 18.7366 0.0710977
117.078 18.5453 0.0655806
117.06 18.6873 0.0694593
117.166 18.7228 0.0684702
117.166 18.6256 0.0672422
117 18.6686 0.0680179
117.034 18.5042 0.0719556
117.122 18.7433 0.0698306
117.119 18.6071 0.0723847
117.109 18.6771 0.0679293
117.079 18.7659 0.0691315
117.084 18.6315 0.0704701
117.158 18.7223 0.0685803
117.18 18.6098 0.0713993
117.267 20.2557 0.0855766
117.244 18.7511 0.0694544
117.236 18.626 0.0683502
117.08 18.5753 0.0688105
116.949 18.599 0.0703525
117.065 18.6269 0.0706782
117.095 18.6292 0.0707907
117.096 18.6267 0.0683693
117.076 18.6752 0.0683434
117.034 18.6734 0.0690229
117.098 18.5537 0.0709938
117.095 18.7613 0.0676551
117.09 18.6079 0.0669196
117.099 18.7429 0.068695
117.011 18.5393 0.0683999
117.034 18.7625 0.0716723
117.015 18.6934 0.0686014
117.093 18.6079 0.0688326
116.991 18.5891 0.0704024
116.962 18.6883 0.0756076
117.137 18.6525 0.0679355
117.009 18.6879 0.0705962
117.069 18.6344 0.0734419
117.096 18.6116 0.0714207
117.05 18.571 0.070567
117.142 18.6771 0.0664791
117.15 18.5103 0.0737954
116.973 18.666 0.0712865
117.134 18.5732 0.0679109
116.963 18.6755 0.0694497
117.205 18.574 0.0690832
117.172 18.6046 0.069554
117.131 18.6537 0.0672996
117.097 18.6014 0.0667825
117.129 18.6156 0.0673465
117.051 18.6601 0.069595
117.116 18.7454 0.073849
117.181 18.564 0.0702921
117.047 18.5175 0.0717131
117.028 18.6754 0.0706591
116.959 18.5018 0.071274
117.055 18.61 0.0686176
117.065 18.5742 0.070968
116.993 18.5072 0.0673895
117.101 18.555 0.072045
117.091 18.6392 0.0637859
117.095 18.6418 0.0670005
117.037 18.487 0.0717528
116.99 18.5727 0.0745328
117.165 18.6498 0.0640742
117.137 18.5992 0.0675878
117.055 18.6376 0.0667074
117.055 18.5903 0.0670479
117.015 18.6564 0.0686964
117.052 18.644 0.0697152
117.044 18.6411 0.0717066
117.022 18.5512 0.06779
117.069 18.5084 0.0674234
117.028 18.5797 0.0711633
116.944 18.5532 0.0694443
116.988 18.5317 0.0686134
117.033 18.5592 0.0685391
117.042 18.633 0.068879
117.078 18.7276 0.073849
117.036 18.6372 0.0699947
117.002 18.6122 0.0699487
117.052 18.6461 0.0704913
117.12 18.6688 0.0692366
117.105 18.6743 0.0696481
117.118 18.7344 0.0736714
116.967 18.6518 0.0693403
117.019 18.6875 0.0733974
117.037 18.7399 0.0692036
117.052 18.5515 0.0671658
117.05 18.6624 0.0699264
116.976 18.6023 0.0699978
116.993 18.5707 0.0686018
116.989 18.6047 0.0730562
117.069 18.6534 0.070547
117.001 18.6237 0.0727433
117.049 18.6418 0.0706871
117.138 18.7512 0.0679464
117.169 18.6263 0.0673665
117.105 18.605 0.0702808
117.042 18.6529 0.0717516
117.068 18.5972 0.0662136
117.058 18.6801 0.0686607
117.031 18.5991 0.0736547
117.059 18.5658 0.0674125
117.107 18.6144 0.0725048
117.098 18.5055 0.070587
117.084 18.5569 0.0708231
117.106 18.576 0.0728257
116.946 18.5537 0.0712549
117.095 18.4912 0.0676314
117.104 18.6549 0.071043
117.061 18.6637 0.0693518
117.119 18.6593 0.0721021
116.984 18.6124 0.0720227
117.053 18.6368 0.068648
116.847 18.6051 0.0696277
117.124 18.5923 0.0725686
117.206 18.5534 0.069023
117.107 18.4904 0.068227
117.19 18.7306 0.069668
117.068 18.6431 0.0688261
117.114 18.5804 0.0659466
117.098 18.6255 0.0671348
117.106 18.733 0.071298
117.091 18.7428 0.0727722
117.078 18.6005 0.0713446
117.104 18.5136 0.0675771
117.086 18.6326 0.0718204
116.997 18.6915 0.07361
117.13 18.7818 0.068545
117.068 18.5456 0.0668989
117.014 18.4963 0.068338
117.085 18.5805 0.0688843
116.985 18.7711 0.0670913
117.03 18.5126 0.0714417
117.086 18.6204 0.0706758
117.015 18.7032 0.0652133
117.084 18.6589 0.0658209
117.01 18.577 0.067423
117.033 18.6376 0.0705171
117.143 18.6034 0.0652438
117.083 18.6365 0.0708957
117.124 18.6184 0.0732505
117.268 18.5939 0.0692594
117.061 18.569 0.0654528
117.087 18.7232 0.0699663
117.156 18.7177 0.0681063
117.092 18.6557 0.0768096
117.072 18.7112 0.0734978
117.152 18.7075 0.0711337
117.202 18.6128 0.0679849
117.176 18.5602 0.0721895
116.964 18.6349 0.0678986
117.05 18.5498 0.0653064
117.042 18.6651 0.0705964
117.101 18.7324 0.0688518
117.127 18.6081 0.0694115
117.026 18.7189 0.0712728
117.077 18.6536 0.0690139
117.102 18.4736 0.0730937
117.119 18.7196 0.0698198
117.013 18.525 0.070694
117.187 18.652 0.0719118
117.066 18.6414 0.0701216
117.132 18.5687 0.070492
117.094 18.5889 0.0705959
117.074 18.6714 0.0680245
117.16 18.8139 0.0691431
117.125 18.6216 0.0681926
117.035 18.6323 0.0675152
117.131 18.6527 0.0673345
117.111 18.7198 0.0683732
117.1 18.6853 0.0717373
117.09 18.7363 0.0719396
116.965 18.5604 0.074558
117.08 18.6765 0.0715924
117.139 18.5201 0.0709556
117.083 18.6175 0.0687375
117.165 18.607 0.0699622
117.103 18.6786 0.0707948
117.091 18.6893 0.0713703
117.013 18.5302 0.0692822
117.125 18.6307 0.0733507
117.01 18.7382 0.0707113
117.106 18.703 0.0694313
116.976 18.6976 0.0674712
116.99 18.6107 0.0711534
117.03 18.5912 0.0700543
117.124 18.6665 0.0721578
117.119 18.5608 0.0718999
117.122 18.664 0.0676484
116.93 18.7186 0.0708114
117.073 18.6543 0.0704915
117.049 18.634 0.0675853
117.012 18.5299 0.0685751
117.224 18.6173 0.0689709
116.956 18.5916 0.0706428
117.138 18.5655 0.0724205
117.015 18.5851 0.0722153
117.134 18.5849 0.0670226
117.126 18.6225 0.0682315
117.096 18.6349 0.0697156
117.114 18.6256 0.0683904
117.098 18.559 0.0716655
117.097 18.5794 0.0695169
117.112 18.652 0.0679244
117.108 18.6421 0.0692732
117.091 18.5129 0.0655238
117.111 18.7265 0.0714027
117.038 18.7138 0.0682408
117.071 18.6588 0.0668622
117.06 18.6085 0.0655
117.021 18.5883 0.0663509
117.109 18.6295 0.0654156
117.167 18.5824 0.0682881
117.151 18.5999 0.0658871
117.07 18.6482 0.0716828
117.167 18.6067 0.0694006
117.051 18.6321 0.0707657
117.146 18.591 0.0753091
116.954 18.7238 0.0679933
117.153 18.5979 0.0673879
117.135 18.5703 0.0697738
117.184 18.5564 0.0696925
117.149 18.6544 0.0676057
117.061 18.6834 0.0718485
117.012 18.6707 0.0681145
117.185 18.5322 0.0688295
117.073 18.5929 0.0708791
117.12 18.6788 0.0709179
117.112 18.6301 0.0673723
117.056 18.6505 0.0679834
117 18.5948 0.0701615
117.045 18.5015 0.0666803
117.078 18.6969 0.0729034
117.006 18.6305 0.071076
117.151 18.7016 0.0634649
117.159 18.6877 0.0667234
117.136 18.6519 0.0655581
117.047 18.643 0.0665342
117.145 18.6326 0.0664723
117.014 18.6432 0.070581
117.038 18.6438 0.072105
117.126 18.694 0.0690584
117.048 18.5802 0.0689602
117.064 18.5854 0.065157
117.047 18.6345 0.0705141
117.153 18.615 0.069091
117.067 18.6127 0.0695266
117.021 18.5734 0.0697082
117 18.7344 0.0672413
117.075 18.824 0.0693677
117.116 18.5166 0.0712859
116.933 18.6612 0.0695363
117.049 18.6692 0.0706994
117.002 18.6413 0.072598
117.096 18.7182 0.0701647
117.026 18.7151 0.0740431
117.034 18.6688 0.0694533
117.063 18.5641 0.0683654
117.08 18.6559 0.067693
117.09 18.715 0.0689237
116.983 18.6391 0.0708945
116.915 18.4535 0.0717606
117.022 18.7618 0.0689941
117.169 18.523 0.0682458
117.069 18.7877 0.0668616
117.159 18.7747 0.0697494
117.074 18.5779 0.0694363
117.077 18.6119 0.0726472
117.088 18.6808 0.0671747
117.082 18.7709 0.0694494
116.918 18.5824 0.0722042
117.078 18.6722 0.073961
117.123 18.6004 0.0719844
117.094 18.5909 0.0710453
117.073 18.6024 0.0701279
117.075 18.5366 0.066816
117.078 18.5052 0.0689773
117.104 18.5809 0.071817
116.96 18.7323 0.0717316
117.016 18.6142 0.0678645
116.864 18.5985 0.0719429
116.993 18.6632 0.0685429
117.074 18.6286 0.0703933
117.058 18.7934 0.0664551
117.034 18.6027 0.0719008
117.067 18.5588 0.0722172
117.106 18.6202 0.0674039
117.006 18.7565 0.0705027
117.034 18.5774 0.0698927
117.113 18.6259 0.0717179
117.071 18.7581 0.0661413
117.076 18.7366 0.0701128
117.063 18.5943 0.0701044
117.037 18.7249 0.0670996
117.038 18.5045 0.0661234
117.168 18.6282 0.0689206
117.174 18.6556 0.0708092
117.147 18.5631 0.0651554
116.974 18.5652 0.0683006
117.109 18.6058 0.0693633
116.98 18.6124 0.0689274
117.052 18.602 0.0663696
117.119 18.7795 0.0678631
117.161 18.6854 0.068507
117.104 18.5493 0.0668382
117.092 18.7357 0.0720243
117.103 18.6454 0.069818
117.164 18.6145 0.0672806
117.059 18.6372 0.0673594
117.006 18.7045 0.0722422
116.937 18.6437 0.0678376
117.158 18.5391 0.0723845
117.07 18.5679 0.0671401
117.037 18.6797 0.0698915
116.976 18.5201 0.0723829
117.117 18.6684 0.0729825
117.15 18.6842 0.070585
117.147 18.6797 0.0720715
116.99 18.5003 0.0732608
116.999 18.6723 0.0694901
116.994 18.5629 0.0690646
117.056 18.6141 0.0678062
117.047 18.5904 0.0657456
117.076 18.6534 0.0716588
117.179 18.5881 0.0721028
117.176 18.541 0.0709695
117.077 18.6662 0.0738618
117.131 18.6436 0.0712392
117.218 18.8543 0.067943
117.1 18.5882 0.0713531
117.176 18.5866 0.0686018
117.02 18.5719 0.0642797
117.145 18.5899 0.0689734
117.035 18.749 0.0687882
117.053 18.7308 0.073738
117.075 18.631 0.0699666
117.068 18.5742 0.0741801
117.111 18.6029 0.0679322
117.045 18.5386 0.0701634
117.216 18.627 0.0718556
117.127 18.5977 0.0724957
117.118 18.64 0.0658251
117.107 18.6499 0.0715538
116.959 18.6463 0.071018
117.084 18.6836 0.0643286
117.033 18.5786 0.0710264
117.114 18.6272 0.0727043
117.163 18.6389 0.0690622
117.11 18.5026 0.0719615
117.113 18.6798 0.067424
117.091 18.5917 0.0722059
117.07 18.6426 0.0715365
117.1 18.757 0.0694491
117.249 18.6601 0.067735
117.056 18.6034 0.0703726
117.077 18.5978 0.0708724
117.151 18.564 0.0740473
116.994 18.7313 0.0727667
117.145 18.5602 0.0701001
117.037 18.6018 0.0718615
117.081 18.6713 0.0693666
117.094 18.6326 0.0689323
117.033 18.6324 0.0697632
117.134 18.6264 0.0672063
117.125 18.6466 0.0696976
117.124 18.7694 0.0715302
117.028 18.6463 0.0726903
117.03 18.5615 0.0702388
117.084 18.6253 0.0665584
117.194 18.5948 0.0697571
117.093 18.5574 0.0652013
117.12 18.6563 0.0685345
117.036 18.7116 0.0686111
117.055 18.6711 0.0683209
117.183 18.609 0.0707081
117.15 18.6503 0.0701588
117.079 18.6348 0.0693724
117.035 18.6156 0.0706967
116.934 18.6972 0.0726762
117.222 18.5864 0.0683294
117.082 18.5548 0.0685637
117.125 18.6495 0.0680676
117.164 18.6372 0.0675621
117.125 18.618 0.0679431
116.982 18.5767 0.068817
117.089 18.637 0.0684931
117.015 18.5632 0.067461
117.156 18.6178 0.0720528
117.163 18.5819 0.0699733
116.995 18.4897 0.0709335
116.958 18.5689 0.0685278
117.05 18.6713 0.0705256
117.098 18.6776 0.0680136
117.126 18.666 0.0673492
117.076 18.5986 0.0675761
117.049 18.6622 0.06852
117.15 18.622 0.0668844
117.02 18.5745 0.0672337
117.069 18.4913 0.0700485
117.117 18.6714 0.065323
117.09 18.6908 0.06652
117.042 18.666 0.067431
117.091 18.5852 0.0685983
116.999 18.6268 0.0717796
117.004 18.5864 0.0720164
117.083 18.648 0.065311
116.993 18.5944 0.0692732
117.107 18.5857 0.0685254
117.201 18.5758 0.0677557
117.17 18.5675 0.0683646
117.065 18.6225 0.0663359
116.989 18.64 0.0691009
117.161 18.6255 0.0688212
117.159 18.6155 0.0707902
117.125 18.6498 0.0682686
117.057 18.5342 0.0677634
117.017 18.6185 0.0693302
117.048 18.6362 0.0705923
117.04 18.5959 0.0698731
117.024 18.6177 0.0711056
117.01 18.5456 0.0683786
117.03 18.6558 0.0704196
117.16 18.7275 0.0762705
117.032 18.6558 0.0711225
117.117 18.6691 0.0701008
116.991 18.656 0.069666
117.019 18.7036 0.0700911
117.024 18.7405 0.0723345
116.995 18.6624 0.0724012
116.96 18.6376 0.0700064
117.031 18.6397 0.07232
117.077 18.5876 0.0711554
117.123 18.6073 0.0718655
116.98 18.6805 0.0733437
117.16 18.4742 0.0668321
117.134 18.7201 0.0707576
117.204 18.6742 0.0688754
117.242 18.6596 0.0697946
117.242 18.658 0.0686907
117.066 18.5608 0.0692815
117.162 18.4976 0.0730257
117.062 18.8199 0.0700412
116.914 18.5455 0.0695806
117.107 18.6185 0.0731057
116.95 18.6811 0.0699181
117.095 18.5399 0.0722366
117.084 18.5928 0.069963
117.084 18.4971 0.0702377
117.054 18.6683 0.0717874
117.035 18.5453 0.0682266
117.114 18.5674 0.0693148
117.064 18.7344 0.067246
116.969 18.5417 0.0674848
117.184 18.5407 0.0657129
117.135 18.5978 0.0699302
117.15 18.7874 0.0682522
117.026 18.5576 0.0715157
117.191 18.8173 0.0711362
117.082 18.6363 0.071629
117.054 18.6005 0.0686179
117.026 18.5808 0.0703005
117.007 18.6494 0.0678675
117.137 18.5425 0.0706401
116.967 18.6739 0.0696063
117.096 18.5327 0.0678207
117.055 18.7218 0.0692956
117.031 18.649 0.0700569
117.026 18.5697 0.0729663
117.082 18.5541 0.0731595
117.111 18.5155 0.0687465
117.136 18.6265 0.0700944
116.957 18.5685 0.0698511
117.165 18.5433 0.0655946
117.068 18.6969 0.0699463
117.062 18.5875 0.0678374
117.138 18.5703 0.0692746
117.152 18.6663 0.0699163
117.23 18.6099 0.069199
117.064 18.6036 0.0680838
117.041 18.7485 0.0708181
116.965 18.6549 0.068645
117.089 18.4838 0.0693163
117.092 18.4743 0.0695098
117.089 18.6399 0.0717763
117.145 18.5888 0.0671768
117.017 18.5294 0.0700284
117.138 18.5522 0.0729195
117.069 18.5162 0.0657496
116.994 18.6068 0.0694532
117.024 18.7131 0.0697616
117.026 18.7219 0.0714136
117.061 18.7244 0.0721612
117.02 18.6119 0.0699612
117.052 18.6399 0.071278
117.153 18.7403 0.0702875
117.015 18.6092 0.0740052
117.001 18.6897 0.0688682
117.118 18.547 0.0696147
117.104 18.5935 0.0709691
117.013 18.5124 0.0732213
117.077 18.6065 0.0672845
117.12 18.6305 0.0681891
117.096 18.5943 0.0705662
117.102 18.6025 0.0702469
117.116 18.5537 0.0670938
117.02 18.7221 0.0692236
117.089 18.5632 0.0695791
117.156 18.6381 0.0689882
117.086 18.6615 0.0658677
117.014 18.6562 0.0688755
117.081 18.7111 0.0663653
116.973 18.7578 0.0659134
117.121 18.6955 0.0698191
115.172 22.6694 0.096515
117.027 18.6186 0.0696791
117.019 18.6495 0.070077
117.088 18.5296 0.071715
117.124 18.6146 0.0695789
117.141 18.7139 0.0667468
117.033 18.6404 0.0680713
117.209 18.6198 0.0683859
116.999 18.6114 0.0707461
117.18 18.5514 0.0634634
117.083 18.5732 0.0694831
117.059 18.6355 0.0693327
117.144 18.5944 0.0702648
117.006 18.5318 0.0700755
117.17 18.6446 0.0732768
117.124 18.7256 0.0723061
117.016 18.6413 0.0700038
117.052 18.6375 0.071229
117.141 18.5862 0.0718683
117.139 18.5905 0.0716358
116.993 18.5997 0.0714644
117.192 18.6445 0.070032
117.099 18.6339 0.0671675
117.17 18.5622 0.0703348
117.142 18.5717 0.0724507
117.134 18.6918 0.0687039
117.089 18.532 0.0692148
117.051 18.7336 0.0681939
117.046 18.5757 0.0727387
116.975 18.5379 0.0670321
117.099 18.6555 0.0675305
117.116 18.6187 0.0685279
117.067 18.6066 0.0708884
117.145 18.558 0.0712365
117.118 18.6162 0.0706394
117.123 18.6162 0.0691963
116.968 18.6429 0.0696038
116.974 18.5825 0.069377
117.02 18.5264 0.0713452
117.091 18.5336 0.0663794
117.046 18.6264 0.0725055
117.071 18.6016 0.0688053
117.176 18.5916 0.0691407
117.152 18.7007 0.0675625
117.037 18.59 0.0722609
117.031 18.602 0.0697409
117.176 18.6035 0.0715601
117.135 18.6754 0.0680229
117.198 18.7203 0.0667341
117.221 18.6515 0.066971
117.222 18.5547 0.0708173
117.102 18.6171 0.0719305
117.134 18.6571 0.0691436
117.154 18.6915 0.0699043
117.084 18.5652 0.0694766
117.072 18.5907 0.0721889
117.159 18.7273 0.071316
116.844 18.5503 0.069658
117.113 18.6285 0.0681956
117.146 18.611 0.0678413
117.056 18.6701 0.071304
117.089 18.5496 0.0691832
116.965 18.5491 0.0721277
116.936 18.6925 0.0702754
117.015 18.7243 0.0732386
117.019 18.5833 0.070894
117.212 18.6668 0.069815
117.197 18.5608 0.0708463
117.147 18.6607 0.0717953
117.049 18.6527 0.071029
117.121 18.6605 0.0711084
117.02 18.4773 0.0676151
117.102 18.5604 0.072883
117.084 18.708 0.0672196
117.061 18.5713 0.069607
116.921 18.6596 0.0674977
117.103 18.5575 0.0709672
117.146 18.6009 0.0717334
116.958 18.6231 0.0725159
117.118 18.6566 0.068309
117.163 18.6204 0.0728974
117.024 18.6106 0.0691431
116.985 18.6214 0.0693771
117.02 18.4893 0.0697432
117.019 18.7305 0.0687971
117.137 18.6228 0.0719951
117.149 18.5735 0.0711653
117.015 18.7424 0.0702665
117.054 18.5456 0.0668459
117.149 18.7709 0.0706873
117.084 18.6989 0.0738669
117.026 18.6238 0.0712243
117.029 18.6661 0.0689831
117.072 18.5499 0.0712413
117.111 18.5218 0.0730537
117.128 18.6741 0.0718163
116.994 18.538 0.0676281
117.047 18.6226 0.070665
117.093 18.5933 0.0667414
117.106 18.6225 0.0704721
117.112 18.4555 0.0693706
117.098 18.6778 0.0689456
116.929 18.6949 0.0715598
117.197 18.721 0.0716869
117.09 18.6192 0.0693441
117.07 18.7007 0.0716485
117.092 18.556 0.0680014
117.009 18.574 0.0693237
117.077 18.5446 0.0677517
117.074 18.6475 0.0692645
117.021 18.6837 0.0696667
117.022 18.6811 0.0702413
117.052 18.7265 0.0706401
117.144 18.6351 0.0709197
117.035 18.6753 0.0713346
117.015 18.5418 0.0704829
116.969 18.7271 0.072089
117.198 18.6548 0.0661417
117.048 18.6235 0.0709601
117.04 18.6539 0.0694902
117.17 18.5912 0.0700137
117.074 18.6348 0.0681344
117.009 18.6711 0.0662165
117.07 18.6892 0.0685883
117.19 18.7208 0.0679738
117.007 18.6689 0.0715261
117.094 18.5043 0.0664262
117.067 18.8444 0.0706574
116.988 18.6322 0.0699484
117.067 18.6731 0.06869
117.039 18.5143 0.0660689
117.094 18.6775 0.0709841
116.976 18.5905 0.0745351
117.173 18.7636 0.0691148
117.096 18.6413 0.0687296
117.044 18.5588 0.0695683
117.165 18.6086 0.0726248
117.11 18.6388 0.070613
117.13 18.7245 0.0645961
117.12 18.7269 0.065812
117.045 18.5777 0.0679143
117.04 18.6816 0.0709908
117.081 18.5811 0.0696204
117.035 18.6254 0.0714446
117.06 18.7629 0.0670747
117.173 18.5911 0.066815
117.1 18.5501 0.0677382
116.994 18.6289 0.0685889
117.056 18.5387 0.0686526
117.057 18.629 0.0695927
116.997 18.654 0.0760533
117.113 18.6135 0.0714582
117.159 18.5748 0.0705764
116.991 18.7205 0.0665484
117.008 18.6152 0.0670102
116.958 18.6386 0.0702804
117.059 18.6294 0.0711477
117.07 18.604 0.0718801
117.031 18.5734 0.0755384
117.094 18.6042 0.0680364
117.07 18.6724 0.0701529
117.028 18.6039 0.0698662
117.037 18.6799 0.0723696
117.087 18.632 0.0679026
117.066 18.6441 0.0669985
117.012 18.7032 0.0694385
117.034 18.5805 0.0676889
117.083 18.5923 0.0720044
117.01 18.5784 0.0685608
117.046 18.6085 0.0722579
116.938 18.5102 0.0683754
117.048 18.5605 0.0713239
117.142 18.5924 0.0704215
117.07 18.5401 0.0666003
117.056 18.5922 0.0686411
117.07 18.5829 0.0711653
117.061 18.5564 0.070593
116.986 18.746 0.0702459
116.982 18.6449 0.0726345
117.172 18.6359 0.0712125
117.17 18.7267 0.066975
117.125 18.6041 0.0748063
117.056 18.5599 0.0724436
117.081 18.6443 0.0682543
117.173 18.6004 0.0703526
117.191 18.738 0.0664758
117.214 18.6655 0.0669327
117.196 18.6645 0.0668823
117.181 18.6944 0.0668148
117.042 18.6494 0.0690815
117.186 18.6227 0.069459
117.195 18.6726 0.0699725
117.08 18.6466 0.0678764
117.051 18.5405 0.0686247
117.076 18.6854 0.0709247
117.055 18.6547 0.0673946
117.094 18.6106 0.06963
117.098 18.5309 0.0643539
117.003 18.7227 0.0705007
116.925 18.586 0.070493
117.078 18.6716 0.0671339
117.061 18.5893 0.0701178
117.12 18.5544 0.0740553
117.075 18.7463 0.0728715
117.051 18.6506 0.0717818
117.129 18.6393 0.0704309
117.066 18.504 0.0700644
117.055 18.6723 0.070805
117.115 18.7014 0.0669708
117.087 18.6931 0.0676581
116.992 18.6091 0.0727078
117.003 18.5515 0.0716331
117.186 18.6094 0.0707484
117.09 18.631 0.0709872
117.106 18.6448 0.0684776
117.173 18.6129 0.0730218
117.035 18.6383 0.0683013
116.988 18.668 0.0709845
116.951 18.6589 0.0648773
116.958 18.6141 0.0671242
117.04 18.5953 0.0674992
117.099 18.5917 0.0664397
117.055 18.6022 0.0664751
117.003 18.7176 0.0707148
117.074 18.7288 0.0715605
117.044 18.5534 0.0685149
117.161 18.5533 0.0695985
117.101 18.5423 0.0692144
116.967 18.6668 0.0727281
117.129 18.5031 0.0690957
117.131 18.6231 0.0681799
117.064 18.5898 0.0678418
117.033 18.5899 0.0721617
117.134 18.5467 0.0705842
117.14 18.4579 0.0694734
116.992 18.5283 0.0727904
117.119 18.4648 0.0715857
116.869 18.6948 0.0715965
117.031 18.6456 0.0690698
117.093 18.4855 0.0689499
117.103 18.5745 0.0707357
117.137 18.5945 0.0717907
117.185 18.6215 0.0680838
117.025 18.6399 0.0698193
117.061 18.6206 0.0710381
117.12 18.7625 0.0735911
117.152 18.4967 0.0704474
117.088 18.7636 0.0734929
117.121 18.618 0.0675284
117.109 18.6598 0.0712526
117.13 18.6511 0.0723622
117.079 18.685 0.0703266
117.2 18.6612 0.0650579
117.033 18.6874 0.0768034
117.067 18.6739 0.067708
117.064 18.5605 0.0691472
117.094 18.6576 0.0702664
117.044 18.506 0.0691123
117.074 18.6013 0.0685109
116.998 18.6248 0.0702603
117.003 18.7305 0.0693911
116.994 18.6671 0.0691837
117.027 18.628 0.0692406
117.091 18.675 0.0706134
117.099 18.7621 0.0700872
116.996 18.6291 0.0697098
117.011 18.6313 0.0739632
117.019 18.681 0.0719604
117.044 18.6542 0.0676813
117.072 18.6237 0.0685121
117.056 18.6417 0.0699294
117.039 18.6396 0.0684627
117.115 18.7626 0.0708799
117.101 18.7541 0.0705335
117.097 18.5704 0.0699735
117.094 18.7591 0.0636552
116.987 18.6897 0.0725462
116.989 18.6057 0.0690465
117.054 18.5413 0.0734279
117.172 18.6206 0.0719448
117.119 18.6792 0.066894
117.165 18.558 0.0707489
117.1 18.6931 0.0711159
117.181 18.5645 0.0677688
117.099 18.6287 0.071262
117.129 18.59 0.0643392
117.065 18.6752 0.0694367
117.008 18.6196 0.0684376
117.091 18.6283 0.0705693
117.081 18.6355 0.0720482
117.138 18.6308 0.0697357
117.005 18.7059 0.0738898
117.06 18.6158 0.0715963
117.074 18.6736 0.0710937
117.148 18.5771 0.0695065
117.022 18.5951 0.0674361
117.104 18.5668 0.0719609
116.98 18.6784 0.069553
117.066 18.6002 0.0703284
117.141 18.4946 0.0685901
117.105 18.5354 0.0686485
117.022 18.7926 0.0659768
117.043 18.6396 0.0712385
117.059 18.6431 0.0662094
117.029 18.6391 0.0694568
117.064 18.6798 0.0668981
117.092 18.6225 0.0668007
117.169 18.5289 0.0719564
117.077 18.6331 0.0684005
117.081 18.5585 0.066965
117.141 18.6094 0.0672029
117.084 18.6257 0.0703718
117.033 18.5574 0.0702072
117.111 18.617 0.0732323
117.065 18.6797 0.0725492
117.154 18.6044 0.0693932
117.123 18.5561 0.0708725
117.091 18.6962 0.071263
117.22 18.5888 0.0689865
117.18 18.6577 0.0671396
117.014 18.5762 0.0702035
117.006 18.6406 0.0698268
116.978 18.754 0.0700654
116.969 18.6711 0.0714783
117.137 18.6341 0.0683835
117.087 18.664 0.0675271
116.989 18.629 0.0705731
117.045 18.6447 0.0702235
117.179 18.5983 0.0694043
117.152 18.5227 0.0705682
117.098 18.6106 0.0741052
117.105 18.6855 0.0724036
117.035 18.5686 0.0712076
117.075 18.5813 0.0706208
117.161 18.4996 0.0704593
117.082 18.6259 0.0699193
117.036 18.4847 0.0674795
117.089 18.659 0.0684992
116.973 18.6954 0.0681894
117.061 18.7017 0.0653789
117.088 18.6852 0.0683728
117.1 18.6312 0.0690453
117.07 18.6683 0.0677018
117.247 18.6912 0.071357
117.183 18.6298 0.0696591
117.094 18.6831 0.0738889
117.019 18.7115 0.0682288
117.024 18.6316 0.0713626
117.054 18.5828 0.0713443
117.052 18.5655 0.0703971
117.116 18.7918 0.0707228
117.118 18.6574 0.0691683
117.212 18.6977 0.0692408
116.995 18.6871 0.0709231
117.103 18.6499 0.0696052
117.112 18.5348 0.0696847
116.95 18.6947 0.0722046
117.151 18.6509 0.0672193
117.098 18.6091 0.0721273
117.081 18.6829 0.0694367
117.091 18.4922 0.0700404
117.082 18.6571 0.0687181
117.096 18.7284 0.0675822
116.992 18.5862 0.0721708
116.953 18.5744 0.0712921
117.065 18.6437 0.0657528
117.136 18.6813 0.0718085
117.052 18.5889 0.0703543
117.032 18.7691 0.072737
117.098 18.6079 0.0742284
117.097 18.6311 0.0666205
117.107 18.5432 0.0703583
117.037 18.6645 0.0734248
117.127 18.5405 0.0714295
117.123 18.6679 0.0689868
117.022 18.5507 0.0692907
117.02 18.6021 0.0672643
117.105 18.5363 0.0764333
116.876 18.6262 0.0631047
117.102 18.6134 0.0711371
117.116 18.6533 0.0724446
117.05 18.6459 0.0701358
116.993 18.6214 0.0702048
117.104 18.6763 0.0701596
117.06 18.6349 0.0718436
117.078 18.6186 0.0703888
117.042 18.5999 0.0729362
117.119 18.5236 0.0717136
117.055 18.5532 0.0721954
116.95 18.6683 0.0712278
117.031 18.6386 0.0702425
117.016 18.7002 0.0736773
117.064 18.6417 0.067446
117.058 18.6771 0.0714368
116.955 18.6846 0.0693601
117.034 18.6223 0.0695611
117.085 18.5617 0.0702417
117.06 18.7265 0.0748815
117.085 18.5134 0.0672895
117.045 18.6378 0.0673395
117.12 18.6595 0.0690421
117.099 18.6378 0.0729253
117.155 18.7558 0.069951
117.092 18.4894 0.0661156
117.014 18.6762 0.0674055
116.957 18.6987 0.0725741
117.033 18.7561 0.0686648
117.01 18.5919 0.0684905
117.133 18.6757 0.0706304
117.1 18.7112 0.0686616
117.1 18.5434 0.0700511
116.977 18.6258 0.0704628
116.979 18.6619 0.0709753
117.225 18.7336 0.0714426
117.213 18.7555 0.0707737
117.047 18.6116 0.0677544
117.069 18.573 0.0700308
117.158 18.632 0.0701762
117.164 18.5968 0.0706179
117.091 18.4889 0.0715817
116.995 18.7031 0.0675
117.097 18.5906 0.0699298
117.022 18.7611 0.0678717
117.138 18.594 0.0653959
117.017 18.7201 0.0702145
116.971 18.6516 0.0671527
117.133 18.6423 0.0721335
117.063 18.7246 0.0706923
117.02 18.5877 0.071218
117.203 18.6101 0.0698129
116.964 18.5882 0.0671957
117.179 18.6253 0.0702839
117.127 18.599 0.068479
117.084 18.5874 0.0686287
117.163 18.6128 0.065641
117.049 18.586 0.072664
116.939 18.6651 0.0682976
117.12 18.6209 0.0678049
117.066 18.6138 0.0731663
117.043 18.5671 0.0687864
117.069 18.6407 0.0637244
117.053 18.6336 0.0670763
117.095 18.6768 0.0679199
117.056 18.6152 0.0721713
117.073 18.6078 0.0698202
117.101 18.5429 0.0703728
116.981 18.6287 0.0682361
117.008 18.5835 0.0703782
116.975 18.6345 0.0725534
117.033 18.6611 0.0727368
117.08 18.5206 0.0663992
117.052 18.6094 0.070389
117.106 18.6771 0.0730073
117.096 18.7531 0.0725611
117.041 18.6835 0.0705598
117.161 18.6475 0.0657707
117.21 18.6557 0.066979
117.067 18.5707 0.0711919
117.083 18.6225 0.0706985
117.103 18.6042 0.0692792
117.206 18.6169 0.0694708
117.069 18.6672 0.0698454
117.194 18.5661 0.0720136
117.027 18.5652 0.0712354
117.085 18.5954 0.0750312
117.157 18.6019 0.0689592
117.253 18.7638 0.0686301
117.089 18.7132 0.0717423
116.892 18.5587 0.0686817
117.025 18.509 0.0677139
117.013 18.6989 0.0720311
117.03 18.7038 0.0710436
117.035 18.6003 0.0693292
117.021 18.555 0.072509
117.074 18.7319 0.0679081
117.111 18.5787 0.0670419
117.043 18.6408 0.0709779
117.069 18.6479 0.070255
117.219 18.6375 0.0714332
117.065 18.641 0.0739645
117.052 18.6348 0.0702361
117.034 18.6773 0.0714709
117.041 18.7327 0.0685954
117.069 18.6072 0.0668056
117.043 18.5656 0.0685727
117.13 18.5919 0.0674795
117.173 18.7076 0.0654498
117.01 18.6739 0.0716876
117.087 18.6245 0.0705488
117.157 18.6088 0.0729695
117.105 18.5436 0.0700528
117.071 18.5604 0.0698752
117.187 18.6535 0.0679224
117.015 18.6375 0.0697374
117.015 18.5787 0.0696839
117.048 18.4971 0.0698199
117.056 18.6812 0.0677227
117.019 18.6442 0.0700386
117.152 18.5841 0.0727151
117.067 18.7193 0.0687085
116.282 16.3939 0.0302712
117.094 18.466 0.065585
117.018 18.6032 0.0656179
117.064 18.5763 0.0666795
117.034 18.5678 0.0644017
117.082 18.5518 0.071944
117.126 18.6921 0.0690938
117.045 18.615 0.0740273
117.16 18.6755 0.0679764
116.997 18.5313 0.0653523
116.967 18.6707 0.0730818
116.984 18.6038 0.0707427
117.034 18.6247 0.0701507
116.959 18.7119 0.0722696
117.107 18.5825 0.0706813
117.018 18.6338 0.0704206
117.067 18.6222 0.0699241
116.936 18.6001 0.0711972
117.151 18.4388 0.0701135
117.14 18.5781 0.0699682
117.149 18.744 0.0684128
117.204 18.5651 0.0703209
117.088 18.6457 0.0686031
117.058 18.6014 0.0703019
117.181 18.7384 0.0676662
117.001 18.6804 0.0695535
117.128 18.6433 0.0691826
117.1 18.7214 0.0724438
117.094 18.7189 0.0645151
117.107 18.5888 0.0667229
117.063 18.6522 0.0696656
117.06 18.597 0.0722687
117.022 18.7373 0.0726689
116.998 18.6189 0.0725029
117.035 18.6892 0.070084
117.132 18.6285 0.0711078
117.055 18.6254 0.0684192
117.082 18.6553 0.0705764
117.071 18.5304 0.0687542
117.055 18.6531 0.0650273
117.003 18.5649 0.0728535
117.008 18.5583 0.0681121
116.984 18.6116 0.0671516
117.011 18.591 0.0695796
117.091 18.7069 0.0724629
117.108 18.6512 0.0733542
117.11 18.7398 0.0659131
117.138 18.6973 0.0659333
116.994 18.5848 0.0694827
117.086 18.7668 0.0701272
117.071 18.7159 0.0661731
117.071 18.6109 0.0714718
117.017 18.5814 0.0709386
117.062 18.5197 0.0710955
117.088 18.6902 0.070292
117.014 18.66 0.0646829
117.06 18.6198 0.0660518
117.201 18.6618 0.0678378
117.171 18.654 0.0664039
117.052 18.6683 0.068783
117.041 18.5635 0.0693657
117.053 18.5798 0.0659036
117.053 18.5968 0.0738149
117.055 18.6731 0.0705602
116.969 18.7375 0.0705563
116.989 18.7274 0.0694651
117.019 18.6589 0.0709905
117.052 18.5564 0.0675808
117.044 18.6362 0.0670399
117.052 18.5984 0.068393
117.141 18.6216 0.0666729
117.047 18.4934 0.0673123
117.093 18.6624 0.070926
117.025 18.7178 0.0714184
117.054 18.6946 0.070916
117.07 18.7892 0.0660077
117.079 18.7195 0.0732387
117.063 18.6118 0.0697125
117.004 18.6111 0.0681056
117.138 18.6301 0.0721543
117.172 18.674 0.0715292
117.084 18.6697 0.0708028
117.087 18.6361 0.0674859
117.077 18.7113 0.0742458
116.948 18.6927 0.0677755
117.153 18.7243 0.0697772
117.127 18.6703 0.0688176
117.159 18.6564 0.0706373
117.024 18.6707 0.0719593
116.983 18.6488 0.071641
117.052 18.5776 0.0655617
117.087 18.6272 0.0680791
117.048 18.6909 0.0694647
117.103 18.5738 0.0706614
117.078 18.7493 0.0711718
117.075 18.6719 0.0697567
117.172 18.7031 0.0644857
117.147 18.5711 0.0691944
117.087 18.6945 0.0642034
117.116 18.7056 0.072385
117.065 18.573 0.0685713
117.076 18.7036 0.0652584
117.143 18.6886 0.0696413
117.088 18.7089 0.0667467
117.054 18.6569 0.0655358
117.052 18.7593 0.0684275
117.155 18.7714 0.0701423
117.1 18.4966 0.0719633
117.115 18.5774 0.0696766
116.997 18.62 0.073366
117.079 18.6626 0.0707072
117.077 18.4906 0.0682661
117.123 18.664 0.0704574
117.114 18.7225 0.0735818
117.011 18.5566 0.0728384
117.133 18.6218 0.0707505
117.119 18.6418 0.0689868
117.114 18.6111 0.0716591
116.964 18.5836 0.0711978
117.082 18.6254 0.0724027
117.111 18.6274 0.0717659
117.004 18.6753 0.0658026
116.969 18.6907 0.0712121
116.985 18.6758 0.0704345
116.946 18.5804 0.0692523
116.977 18.5416 0.0718512
116.965 18.7017 0.0694961
116.996 18.7443 0.0695443
117.004 18.546 0.0746187
116.961 18.5609 0.0707839
117.128 18.6824 0.0696198
116.925 18.5921 0.0680895
116.943 18.6733 0.0702489
117.124 18.6301 0.0708812
117.022 18.6865 0.0663936
117.105 18.6186 0.0703078
117.032 18.6779 0.0712994
117.078 18.5102 0.0672726
117.039 18.5865 0.0683192
117.008 18.765 0.07451
116.978 18.5832 0.0704048
117.149 18.656 0.0726362
117.056 18.5198 0.071047
117.053 18.6416 0.0744717
117.037 18.5292 0.0679985
117 18.6352 0.0699899
117.037 18.642 0.0689928
117.047 18.698 0.0721476
117.061 18.6563 0.0698773
117.066 18.6989 0.0679345
117.18 18.6866 0.0716567
117.098 18.6881 0.0705118
117.153 18.6369 0.0661432
117.204 18.7299 0.067579
116.949 18.4393 0.0693517
116.914 18.7355 0.0618249
117.105 18.7225 0.0681143
116.988 18.5111 0.0734671
117.02 18.6839 0.0676945
117.092 18.6176 0.0696682
116.916 18.6798 0.0751566
117.035 18.6885 0.0706933
117.057 18.6449 0.0710242
117.11 18.6561 0.0683106
116.973 18.7656 0.0683911
117.062 18.7434 0.0737811
116.979 18.5849 0.0701999
117.103 18.6404 0.0671597
117.102 18.6959 0.0702701
117.042 18.5372 0.0678907
116.982 18.689 0.0710018
117.053 18.5997 0.0717685
117.049 18.6258 0.0685129
117.043 18.4979 0.0694952
117.036 18.5539 0.0700896
117.054 18.5843 0.070471
117.068 18.6737 0.070744
116.953 18.6477 0.0717286
117.072 18.6477 0.0714444
116.971 18.607 0.0691386
116.961 18.5838 0.06482
117.02 18.5455 0.0673678
117.099 18.7224 0.0662449
117.094 18.7058 0.0659069
117.088 18.6187 0.0697252
117.061 18.6814 0.0731351
117.029 18.7316 0.0672894
117.054 18.5332 0.0721746
117.137 18.7059 0.0660532
117.123 18.7069 0.0660604
117.128 18.7778 0.0696895
117.059 18.6018 0.0728196
117.123 18.5526 0.070446
116.948 18.6545 0.0654665
117.065 18.5813 0.0710244
117.035 18.5983 0.0733777
117.212 18.7308 0.070964
117.069 18.5968 0.0685724
117.217 18.6939 0.0679939
117.122 18.6471 0.0663424
117.092 18.5323 0.069696
117.072 18.5973 0.068198
117.077 18.6598 0.0682633
117.083 18.5847 0.069519
117.01 18.7479 0.0680781
117.005 18.5253 0.0722361
117.097 18.6279 0.0666724
117.024 18.7703 0.0715314
117.024 18.6857 0.0745633
117.07 18.6049 0.0676329
116.972 18.5785 0.0689829
116.995 18.6788 0.0740388
117.106 18.8066 0.0685539
117.009 18.5804 0.0709118
117.187 18.5972 0.0704342
117.078 18.5453 0.0694666
117.095 18.6053 0.0683428
117.021 18.7101 0.0719305
117.133 18.6881 0.0727534
117.04 18.6471 0.066298
117.037 18.7208 0.0724263
116.973 18.5817 0.0687053
117.11 18.6002 0.0701586
117.122 18.5687 0.0713182
117.213 18.709 0.0707408
117.014 18.7292 0.0694312
116.982 18.5769 0.073779
117.119 18.5788 0.0715986
117.075 18.587 0.0670271
117.131 18.6762 0.0675423
117.045 18.6291 0.0655959
116.987 18.7235 0.0668375
117.106 18.5607 0.0703499
117.059 18.6094 0.0697261
117.171 18.7546 0.0646315
117.097 18.6501 0.0695089
117.092 18.6896 0.065529
117.105 18.5623 0.0684216
117.057 18.5695 0.0689845
117.041 18.5507 0.0697523
117.045 18.7311 0.0673782
116.849 18.5794 0.0721061
117.097 18.6215 0.0668614
117.064 18.7594 0.071586
116.977 18.549 0.0752143
117.064 18.6989 0.0670515
117.135 18.5563 0.06767
117.155 18.5404 0.0672002
117.179 18.6978 0.0696121
117.096 18.6803 0.0707808
117.121 18.6628 0.0697756
117.12 18.6409 0.0692604
117.118 18.593 0.0686259
117.074 18.5721 0.0699887
117.032 18.6827 0.0729855
117.085 18.7495 0.0716814
117.029 18.6135 0.0726634
117.189 18.6753 0.0676226
117.1 18.6567 0.0674561
117.087 18.6568 0.0694294
116.946 18.6791 0.0697142
117.094 18.6877 0.0713273
117.037 18.643 0.070923
117.134 18.7312 0.0686766
117.047 18.7395 0.0689108
116.963 18.757 0.0684703
117.133 18.66 0.0685449
117.111 18.6276 0.0726038
117.123 18.7183 0.0698618
117.107 18.6503 0.0705319
117.035 18.7341 0.0705019
117.148 18.6658 0.0698995
117.141 18.6462 0.0702674
117.192 18.5915 0.0677537
117.083 18.7581 0.0664915
117.061 18.7272 0.0680666
116.975 18.6301 0.0707929
117.03 18.5404 0.0722587
117.108 18.541 0.068565
117.062 18.5852 0.0686146
117.026 18.6595 0.0711951
117.059 18.5493 0.0665825
117.057 18.7287 0.0660778
117.149 18.7692 0.0697058
117.121 18.7307 0.070162
116.993 18.645 0.0703793
117.027 18.6058 0.0723135
116.941 18.6416 0.0687843
116.996 18.6023 0.0651495
117.098 18.5269 0.0722637
117.039 18.6778 0.0714344
117.06 18.7614 0.0671456
117.066 18.6245 0.0716243
117.103 18.6845 0.0710783
117.027 18.6719 0.0695881
117.022 18.6757 0.0710785
117.191 18.516 0.072275
116.981 18.6185 0.0673222
117.091 18.4922 0.0697049
117.051 18.5523 0.0697783
117.077 18.6954 0.0726686
117.074 18.6122 0.0683134
117.099 18.7766 0.0665195
117.122 18.7408 0.0674538
117.013 18.6323 0.0703581
117.033 18.7141 0.0651324
117.045 18.505 0.0710345
117.037 18.6812 0.0704707
117.085 18.6761 0.0711132
117.072 18.5582 0.0633058
117.069 18.5284 0.0668504
117.059 18.5368 0.0717313
117.012 18.6835 0.0695326
116.965 18.5051 0.0697654
117.076 18.654 0.0682546
117.107 18.6713 0.0711513
117.121 18.6214 0.0706773
117.083 18.6635 0.0701845
117.044 18.6277 0.0699139
116.965 18.5164 0.0659683
117.086 18.5836 0.0675538
116.964 18.6214 0.0675361
117.036 18.5589 0.0703874
117.061 18.6809 0.0659621
117.122 18.6916 0.0643055
117.181 18.6904 0.0657331
117.069 18.7871 0.071053
117.052 18.7495 0.0703621
117.151 18.6055 0.0724236
117.001 18.6172 0.0704981
116.953 18.5745 0.0709801
117.189 18.6755 0.0701207
117.01 18.6244 0.0703278
117.071 18.7323 0.0707437
117.047 18.6163 0.0678098
117.191 18.7392 0.0690135
117.161 18.7172 0.0682409
117.144 18.5183 0.0689918
117.015 18.5925 0.068586
117.029 18.6405 0.0670402
117.122 18.6825 0.0713561
117.042 18.6621 0.0655109
117.051 18.6704 0.07082
117.087 18.6548 0.0694933
117.071 18.6096 0.0682907
116.983 18.6041 0.0683754
117.011 18.6757 0.0700501
116.937 18.6811 0.0699011
117.091 18.6229 0.0689374
117.247 18.659 0.0694695
117.121 18.7212 0.0716136
117.031 18.6341 0.0690172
117.039 18.5398 0.0686432
117.165 18.601 0.0697819
117.147 18.6596 0.0688193
117.045 18.6377 0.0683209
117.034 18.5939 0.0687161
116.953 18.7317 0.068254
117.151 18.5933 0.071566
116.992 18.6442 0.0666877
117.109 18.687 0.0688028
117.062 18.5692 0.0715905
117.099 18.6053 0.0679713
117.082 18.6385 0.0662682
117.059 18.5856 0.0670594
117.115 18.5635 0.0691536
117.022 18.7639 0.0706385
117.105 18.6853 0.0695643
117.076 18.7563 0.0668158
117.068 18.6539 0.0689333
116.929 18.6798 0.0724737
116.965 18.6685 0.0735161
117.092 18.5497 0.0707602
117.032 18.7709 0.0670978
117.119 18.6997 0.0686182
117.135 18.7402 0.070495
117.008 18.6573 0.0707072
117.048 18.681 0.0748272
117.074 18.7407 0.0684124
117.122 18.535 0.0711399
117.087 18.5227 0.0673871
117.077 18.5039 0.0681856
117.125 18.5613 0.0684823
117.133 18.6768 0.0684786
117.077 18.657 0.07377
117.023 18.7036 0.0718965
117.081 18.6488 0.0713057
117.185 18.4894 0.0684064
117.09 18.5949 0.0691286
117.136 18.6405 0.0679707
117.085 18.5732 0.0691286
116.966 18.5903 0.0694318
117.157 18.6424 0.0716011
117.047 18.6572 0.0669128
117.069 18.6492 0.0666796
117.03 18.6704 0.0665829
117.052 18.6317 0.0735371
117.036 18.6092 0.0735707
117.055 18.6637 0.0701253
117.044 18.7313 0.0681875
117.096 18.6997 0.0694286
117.017 18.6917 0.0696496
117.141 18.6902 0.0665292
117.102 18.5402 0.0732002
117.053 18.6138 0.0703876
117.046 18.683 0.0701543
117.031 18.713 0.0687603
117.139 18.6068 0.0697148
117.064 18.546 0.0673077
117.095 18.5904 0.0679326
117.088 18.6711 0.0713239
117.019 18.5868 0.0714011
117.059 18.4925 0.0672393
117.011 18.5318 0.0710027
117.097 18.524 0.0678918
116.943 18.5904 0.0718141
117.018 18.5664 0.0665921
117.102 18.5003 0.0702708
117.018 18.5513 0.0711753
117.044 18.6467 0.0679914
117.07 18.6077 0.0691076
117.003 18.5378 0.0698924
116.974 18.591 0.0682807
117.037 18.7475 0.0721072
117.013 18.5472 0.0720311
116.996 18.6796 0.0720924
117.171 18.5963 0.0717385
117.114 18.6132 0.0684323
117.224 18.6565 0.0713781
117.071 18.6996 0.0711302
117.085 18.7182 0.0697278
117.026 18.5573 0.0683734
117.041 18.5739 0.0682793
117.167 18.5985 0.072186
116.992 18.6453 0.0722433
116.988 18.631 0.0736668
117.136 18.7425 0.0668491
117.17 18.7488 0.0675284
117.18 18.632 0.0710466
117.174 18.596 0.0690553
117.089 18.6906 0.0707448
117.108 18.7709 0.0679207
117.122 18.7048 0.0687656
117.211 18.7778 0.0721575
117.104 18.6975 0.0639526
117.035 18.6873 0.0705193
117.101 18.5652 0.0687367
117.028 18.5266 0.0671545
116.959 18.527 0.0731191
116.991 18.6367 0.0674313
117.126 18.6084 0.0725458
116.969 18.6617 0.0666831
117.013 18.6599 0.0653535
117.125 18.5931 0.0705043
117.106 18.6249 0.0708778
117.093 18.6694 0.0673065
117.023 18.541 0.0667597
117.062 18.5682 0.0697612
117.058 18.6892 0.0638869
117.016 18.6582 0.0708209
117.14 18.6674 0.0684954
117.129 18.619 0.0699847
117.054 18.5273 0.0720413
117.147 18.7324 0.0640135
117.087 18.7224 0.0650418
117.069 18.5576 0.0708735
116.986 18.5924 0.0734904
117.084 18.5888 0.0702129
117.118 18.7312 0.0704896
117.112 18.587 0.0700534
117.196 18.6965 0.0692228
117.174 18.6609 0.0705161
117.073 18.6457 0.0681054
117.068 18.7034 0.0678254
117.202 18.7084 0.0671245
117.144 18.7209 0.0680766
116.948 18.5074 0.0665506
117.103 18.58 0.0678413
117.044 18.5472 0.0714049
116.982 18.702 0.0692299
116.958 18.5072 0.06818
117.008 18.6317 0.0668395
117.129 18.5697 0.0721235
117.092 18.527 0.0724205
117.057 18.499 0.0662526
117.081 18.827 0.0679219
117.076 18.5845 0.0716492
117.034 18.6088 0.0710228
117.065 18.6103 0.0709154
117.25 18.652 0.0689173
117.035 18.7663 0.0704853
117.08 18.5726 0.068096
117.143 18.6949 0.0714513
117.174 18.6033 0.0717714
117.127 18.4949 0.0701111
117.025 18.638 0.0708999
117.068 18.5563 0.0687535
117.008 18.6689 0.0717286
116.999 18.4957 0.0724518
117.066 18.5972 0.0686085
116.35 18.9127 0.071957
