14.0839 4.48303 0.303374
14.0328 4.42173 0.295894
14.1481 4.41996 0.298254
14.0893 4.38205 0.296536
14.1126 4.32975 0.298657
14.1002 4.31922 0.2983
14.1433 4.35705 0.298193
13.9904 4.39515 0.297976
14.1046 4.40389 0.297087
13.9287 4.34331 0.302111
14.0936 4.46016 0.301174
14.0728 4.44819 0.299856
14.1267 4.45432 0.298079
13.9746 4.40738 0.299888
14.0435 4.34603 0.30235
13.9766 4.38715 0.301623
14.0592 4.46482 0.299486
14.0228 4.35 0.298739
14.0933 4.4001 0.298717
14.0412 4.31205 0.303064
13.995 4.40643 0.298494
14.0629 4.40453 0.294513
14.1319 4.38213 0.301026
14.0781 4.44994 0.299183
14.0741 4.39137 0.301333
14.103 4.33465 0.299927
14.0918 4.35179 0.296735
14.0332 4.35155 0.302522
14.0077 4.3679 0.303648
14.0251 4.43953 0.300121
14.1033 4.42024 0.297937
14.12 4.3558 0.298844
13.9829 4.46476 0.2994
14.0417 4.35085 0.303042
14.0667 4.37847 0.30231
14.0787 4.39332 0.300782
13.9279 4.43079 0.299547
14.0424 4.4366 0.299928
13.9699 4.40018 0.299158
14.1226 4.44458 0.300274
14.0126 4.49937 0.301866
14.0853 4.33603 0.30101
13.9783 4.33171 0.303458
14.0785 4.40715 0.300011
14.0454 4.42958 0.299729
14.0855 4.36557 0.297867
14.0477 4.45212 0.298778
14.0325 4.45233 0.301297
14.0932 4.29284 0.302669
14.011 4.49192 0.297371
14.0644 4.41677 0.300002
14.0893 4.40061 0.301418
14.096 4.42588 0.298849
14.1708 4.34922 0.298616
14.0862 4.43573 0.296613
14.0873 4.38065 0.301625
14.0567 4.45173 0.299971
14.032 4.41293 0.304453
14.0824 4.35951 0.302697
13.9434 4.45931 0.301002
14.1025 4.45802 0.301181
13.9971 4.3476 0.296818
14.0788 4.40228 0.296884
14.0039 4.41065 0.3034
14.0776 4.38911 0.299538
14.0286 4.4664 0.295975
14.0689 4.38877 0.29776
13.9553 4.41631 0.297265
13.9904 4.39398 0.299307
14.0604 4.40478 0.300556
14.0555 4.45397 0.297807
14.0044 4.37201 0.299792
14.0819 4.33255 0.301936
14.1128 4.35652 0.299298
13.9835 4.29013 0.301901
13.982 4.45392 0.299069
14.1383 4.33475 0.299375
13.9919 4.40873 0.300651
14.0889 4.27338 0.296874
14.0939 4.36989 0.304352
14.0891 4.44318 0.298038
14.1245 4.37415 0.300752
14.0189 4.46093 0.300069
14.1002 4.29479 0.29943
14.0946 4.37035 0.299491
14.0689 4.37019 0.300756
14.0862 4.40904 0.298207
13.9829 4.3988 0.3022
14.0405 4.4349 0.298703
14.0829 4.44671 0.299865
14.037 4.35173 0.299057
14.037 4.36079 0.298609
14.0002 4.37085 0.30031
14.0578 4.47218 0.300215
14.0797 4.40162 0.297493
14.017 4.44741 0.299586
14.1028 4.3338 0.298316
14.0436 4.39854 0.295724
14.0453 4.37469 0.301224
14.1656 4.33794 0.300715
14.0851 4.40605 0.300816
14.0344 4.40023 0.296969
14.0365 4.37772 0.300865
14.0444 4.42393 0.296694
14.1133 4.40302 0.298919
14.0391 4.41664 0.297319
14.0152 4.35183 0.304962
14.1129 4.26612 0.298678
14.1818 4.29525 0.300711
14.0808 4.44509 0.297953
14.0331 4.33265 0.3018
14.0383 4.35161 0.298881
14.02 4.39634 0.299927
14.0366 4.44628 0.299152
14.0127 4.4607 0.297564
14.1282 4.39433 0.299638
13.9909 4.39063 0.301831
14.0942 4.37568 0.299448
14.0289 4.37881 0.295764
13.9973 4.43457 0.300094
14.0532 4.42079 0.298954
14.0941 4.42591 0.296967
14.0781 4.45426 0.299353
14.0844 4.40692 0.298393
14.0702 4.47125 0.300824
14.0252 4.49549 0.302466
14.0082 4.49284 0.298237
13.983 4.44547 0.298474
14.1432 4.39711 0.29705
14.0923 4.35246 0.298548
14.0986 4.39399 0.302427
14.0441 4.37507 0.298547
13.9635 4.33076 0.300884
14.0284 4.41865 0.29872
14.0522 4.35478 0.298299
14.0654 4.36301 0.299451
14.0231 4.3838 0.298049
14.0153 4.28686 0.296026
14.135 4.45108 0.297026
14.0944 4.44072 0.29904
14.1764 4.3555 0.298657
14.1526 4.40257 0.297785
13.9348 4.47148 0.300913
14.1083 4.3909 0.299858
14.1092 4.41378 0.29758
14.1181 4.32121 0.299785
14.0203 4.44944 0.29637
14.0171 4.31416 0.298859
14.0649 4.32166 0.301123
14.0242 4.36855 0.303476
14.1075 4.46877 0.29835
14.0475 4.30271 0.302114
14.1496 4.47851 0.29934
13.9902 4.31055 0.297952
14.1044 4.36737 0.301372
14.1438 4.27896 0.302176
14.0749 4.43653 0.299429
14.1783 4.37717 0.29879
14.1664 4.44607 0.300373
14.0409 4.39015 0.298086
14.0664 4.47535 0.299784
14.0926 4.48877 0.300074
14.0212 4.33267 0.301585
14.0551 4.44291 0.300981
14.0604 4.41591 0.296962
14.0744 4.42401 0.297712
14.1132 4.31292 0.303485
14.0771 4.37522 0.302065
14.1193 4.35105 0.301285
14.0442 4.41257 0.298827
14.1043 4.33451 0.300247
14.0371 4.30878 0.300342
14.0972 4.32161 0.29589
14.0686 4.46182 0.299102
14.1366 4.33373 0.301041
14.0739 4.33719 0.302613
14.0555 4.47957 0.303041
14.0125 4.52118 0.303268
14.0522 4.37979 0.299036
14.1555 4.28059 0.298314
14.1232 4.37083 0.298596
14.1323 4.38913 0.298222
14.0318 4.42005 0.30108
14.014 4.45728 0.300907
14.0766 4.31147 0.299464
14.031 4.39306 0.299934
14.0556 4.37469 0.299748
14.1183 4.33175 0.298005
14.0559 4.4001 0.301801
14.0773 4.4495 0.298496
14.0766 4.37681 0.303319
14.0948 4.37446 0.303028
14.0887 4.45103 0.302364
14.126 4.3794 0.303424
14.1202 4.37289 0.300733
14.049 4.41078 0.297243
14.102 4.44246 0.299525
13.9813 4.34637 0.296786
14.0585 4.47126 0.297249
13.9971 4.43185 0.300407
14.0935 4.41525 0.300428
14.0095 4.39585 0.30076
14.161 4.38884 0.300406
14.1063 4.46224 0.298926
14.0159 4.36913 0.301174
14.0271 4.39157 0.298933
14.1324 4.41018 0.298147
14.0568 4.34159 0.300721
14.0711 4.35452 0.29908
14.1442 4.3256 0.30012
13.9909 4.27835 0.298003
14.0423 4.43292 0.300958
14.1194 4.38396 0.296777
14.1663 4.3405 0.299343
14.033 4.46036 0.298598
14.0176 4.39109 0.297239
13.9683 4.3088 0.301748
14.0378 4.35338 0.29954
14.0548 4.42338 0.303353
14.0746 4.37353 0.298832
13.95 4.43151 0.302618
14.0267 4.35458 0.301252
14.0718 4.37061 0.29861
13.9843 4.4338 0.301234
14.0906 4.38414 0.303583
14.1124 4.36782 0.296074
14.1021 4.32052 0.300318
14.0647 4.41133 0.298701
14.0006 4.3483 0.301531
13.9743 4.48939 0.297562
13.9766 4.38962 0.299614
14.0375 4.40114 0.300153
13.9843 4.39144 0.298271
14.0026 4.3898 0.297805
14.0997 4.34964 0.300456
14.1485 4.31653 0.293062
14.012 4.36437 0.302442
14.0548 4.36106 0.299779
14.0183 4.4531 0.299155
14.0134 4.39698 0.298262
14.0201 4.38721 0.300563
13.9707 4.3686 0.300979
14.1137 4.43321 0.297882
14.0527 4.42662 0.297202
14.0727 4.33485 0.299147
14.1874 4.3598 0.298817
14.0293 4.42008 0.295974
14.1194 4.31357 0.302449
14.0653 4.29758 0.299271
14.0258 4.38416 0.297647
14.0156 4.35628 0.300569
13.9931 4.4033 0.299589
13.9543 4.44284 0.297776
13.9736 4.33344 0.296902
14.0705 4.4177 0.299506
14.0662 4.45475 0.299777
14.0299 4.43223 0.299266
14.0345 4.44461 0.30016
14.093 4.43281 0.301391
14.0235 4.46053 0.298706
14.03 4.37828 0.3017
14.0588 4.47131 0.30095
14.045 4.45439 0.301502
14.0122 4.39929 0.298639
14.1422 4.41066 0.298129
14.0948 4.45575 0.297567
14.1273 4.36868 0.300845
14.0624 4.41905 0.297827
13.9567 4.511 0.299915
13.9914 4.38559 0.300708
14.1059 4.40793 0.298556
14.0667 4.44289 0.299329
14.1001 4.45128 0.300417
14.1012 4.45916 0.297457
14.0885 4.44598 0.298793
13.9852 4.42267 0.301427
14.1483 4.36792 0.299553
14.097 4.42303 0.300186
14.0272 4.33452 0.301591
14.0041 4.40625 0.29818
14.0338 4.35969 0.302302
14.0934 4.40163 0.297612
14.1384 4.36707 0.301128
14.0635 4.41678 0.299272
14.0663 4.39218 0.301064
13.9908 4.33524 0.300964
14.0446 4.35709 0.300305
13.9984 4.38597 0.299697
14.0746 4.52658 0.302311
14.1224 4.41479 0.30076
14.085 4.40798 0.298638
14.096 4.43332 0.298231
14.0738 4.49536 0.300408
14.0256 4.32234 0.301743
14.0608 4.34922 0.300985
13.9885 4.40802 0.298763
14.0952 4.44048 0.30108
14.0619 4.38715 0.299938
14.0691 4.35758 0.30061
14.0697 4.32925 0.300206
13.9957 4.35825 0.295085
14.0641 4.44017 0.299153
14.0121 4.5346 0.29832
14.1295 4.43022 0.301247
14.081 4.3464 0.301004
14.0733 4.39044 0.301084
14.0718 4.46632 0.298834
14.1489 4.30871 0.299101
13.9776 4.3793 0.301602
14.0322 4.4219 0.302216
13.9851 4.5067 0.29805
14.0803 4.40874 0.301245
14.0539 4.40383 0.300891
14.0068 4.40413 0.298893
14.0064 4.48421 0.298388
14.0431 4.28797 0.300315
14.0148 4.41714 0.302661
14.1024 4.39689 0.304527
14.1152 4.3488 0.296672
14.069 4.38333 0.303992
14.0809 4.47132 0.301169
13.9982 4.46674 0.298888
14.0327 4.42772 0.299482
14.0657 4.37568 0.2981
14.0807 4.41888 0.302774
14.0096 4.3454 0.296824
13.9965 4.35198 0.297828
13.9895 4.45535 0.295904
13.9812 4.45768 0.300119
14.0322 4.45998 0.301973
14.0782 4.46098 0.302558
14.136 4.40951 0.298191
14.1676 4.30341 0.300697
14.143 4.32603 0.300678
14.1135 4.38617 0.298649
14.0288 4.40286 0.298849
14.0125 4.43772 0.296843
14.0111 4.42377 0.300861
14.0105 4.32593 0.300746
14.1261 4.29205 0.301521
14.0581 4.40218 0.303251
14.1082 4.46095 0.299719
14.0639 4.36028 0.301308
14.1391 4.37541 0.300121
14.0319 4.35933 0.301006
14.0454 4.4026 0.300545
14.0965 4.39462 0.301545
14.0489 4.37859 0.296557
14.0252 4.34085 0.299353
14.0385 4.40205 0.300267
14.0289 4.34181 0.302988
14.0679 4.40177 0.302851
14.1334 4.35922 0.301244
14.0966 4.44048 0.298161
14.0512 4.43026 0.29935
14.0052 4.27686 0.298901
14.0773 4.35701 0.299358
13.9866 4.33988 0.299198
14.1935 4.37817 0.298306
14.0131 4.37734 0.302576
13.9965 4.41452 0.300369
13.9941 4.4313 0.297968
14.0718 4.3034 0.30015
14.143 4.29597 0.297358
14.0598 4.40027 0.302774
14.0055 4.45463 0.301164
14.0737 4.38732 0.302777
14.1724 4.4307 0.301089
14.1507 4.3904 0.302509
14.0035 4.34837 0.298304
14.0166 4.43826 0.299344
14.0567 4.40129 0.298759
14.1089 4.36787 0.298715
14.0589 4.3737 0.299438
14.1383 4.40001 0.300605
14.1458 4.42347 0.300013
14.1091 4.3777 0.297793
14.1199 4.47755 0.298368
14.0567 4.33255 0.300309
14.103 4.33441 0.299469
14.068 4.31787 0.299443
14.0919 4.44499 0.297895
14.0057 4.40358 0.296247
14.039 4.3909 0.302473
14.0411 4.42314 0.299463
14.0975 4.43583 0.298992
14.0102 4.39968 0.298494
13.9958 4.36594 0.299069
14.061 4.44881 0.297454
14.0543 4.31357 0.298653
14.0637 4.42724 0.299713
14.0694 4.55158 0.302158
14.1197 4.40927 0.29687
14.0391 4.28797 0.296144
14.0804 4.3689 0.295299
14.0753 4.36694 0.303608
13.9954 4.34154 0.300919
14.0757 4.45043 0.301343
14.0399 4.36667 0.299136
13.9986 4.36593 0.301399
14.0634 4.42163 0.298713
13.9867 4.34417 0.298766
13.9767 4.32034 0.298565
14.1249 4.45062 0.296149
14.0881 4.44462 0.300795
14.0666 4.44857 0.29842
14.0851 4.45546 0.301498
14.1509 4.41461 0.300217
14.0381 4.37559 0.300212
14.0554 4.44061 0.296443
13.9809 4.38336 0.300345
14.1076 4.37878 0.301651
14.08 4.42607 0.300744
14.0918 4.39253 0.29947
14.0678 4.3654 0.298612
14.077 4.39877 0.300845
14.008 4.40657 0.299253
14.0613 4.35991 0.299227
14.1744 4.38844 0.297447
14.0676 4.49077 0.298983
13.956 4.41851 0.299143
14.056 4.35244 0.30161
14.0346 4.44745 0.301701
14.1018 4.29865 0.302152
14.0838 4.3086 0.299195
14.0738 4.38631 0.300826
13.9615 4.47963 0.302485
14.0818 4.34433 0.300091
14.1565 4.36335 0.301798
14.0545 4.35031 0.304167
14.1376 4.42772 0.302761
14.1232 4.31263 0.301256
14.0295 4.40856 0.298881
13.9982 4.42295 0.299774
14.034 4.32851 0.301321
14.0417 4.48923 0.294845
14.1045 4.41867 0.298752
14.0099 4.42981 0.299426
13.984 4.38712 0.298611
14.0212 4.40058 0.29973
14.1038 4.25484 0.299241
13.9588 4.34186 0.299739
14.0373 4.41626 0.298511
14.1144 4.38377 0.299062
14.081 4.2835 0.301721
14.0508 4.31296 0.299793
14.0246 4.40667 0.302024
14.0347 4.50403 0.300732
14.078 4.34633 0.301719
13.9998 4.45388 0.299147
14.1483 4.44194 0.294725
14.0365 4.45762 0.300221
14.0914 4.44814 0.303259
13.9962 4.41981 0.298243
14.0369 4.38142 0.299893
14.0866 4.40833 0.299024
13.9886 4.34453 0.297428
14.0066 4.37899 0.299574
14.0506 4.34471 0.29824
14.147 4.35434 0.296839
14.086 4.37498 0.302151
14.0978 4.424 0.298566
14.0667 4.33281 0.299215
14.0403 4.32789 0.301327
13.9562 4.35918 0.299264
14.1174 4.34304 0.300688
14.0417 4.49693 0.298815
14.0337 4.43094 0.297242
14.0271 4.43635 0.300252
13.9726 4.45262 0.300578
14.1594 4.34925 0.298013
13.9969 4.34844 0.300163
13.9936 4.36897 0.302816
14.1138 4.46937 0.299186
14.0674 4.40088 0.29793
14.0222 4.49041 0.300337
14.0669 4.41298 0.300896
14.0786 4.37707 0.299898
14.058 4.36546 0.29968
13.9735 4.34537 0.303814
14.0414 4.40027 0.301334
14.1613 4.28537 0.298782
14.0738 4.30214 0.302675
14.0716 4.37251 0.299741
13.9304 4.49469 0.297837
14.069 4.39198 0.29828
14.0416 4.45748 0.298157
13.9819 4.37075 0.299601
14.0139 4.44998 0.301749
14.046 4.31431 0.300255
14.0196 4.34726 0.300078
13.9461 4.3778 0.301897
14.0072 4.43424 0.302654
14.1088 4.3135 0.297466
13.9709 4.44523 0.300241
14.1336 4.40207 0.302751
13.9868 4.4363 0.30129
14.0221 4.41749 0.298403
14.0859 4.47487 0.298375
13.3026 5.14078 0.304673
14.0786 4.29218 0.297253
14.045 4.36113 0.304133
14.1439 4.33842 0.299454
14.087 4.44478 0.300402
14.0886 4.40453 0.30093
14.0273 4.42824 0.301052
14.0582 4.41503 0.299286
14.1101 4.40675 0.301836
14.0837 4.39371 0.301195
14.0455 4.41797 0.298849
14.0227 4.36205 0.300631
14.0403 4.34593 0.29983
14.0793 4.43157 0.298777
14.1166 4.51904 0.297966
14.1205 4.31135 0.299364
14.0716 4.32411 0.294946
14.0463 4.35785 0.299744
13.9681 4.3107 0.299599
13.987 4.42263 0.300057
14.161 4.28897 0.300083
14.0487 4.33292 0.300939
14.1269 4.37706 0.299857
14.1322 4.34948 0.296483
14.1214 4.41402 0.298602
14.0226 4.34715 0.299032
14.0768 4.37127 0.300776
14.0186 4.45909 0.299648
14.0412 4.44987 0.301467
14.1421 4.30317 0.302025
14.0348 4.35851 0.303677
14.0136 4.45801 0.29963
14.0602 4.3624 0.302245
14.1371 4.37906 0.298192
14.0309 4.36393 0.298438
14.0292 4.37523 0.301673
14.0735 4.34913 0.298858
14.113 4.45113 0.295984
14.0769 4.31524 0.29996
14.1443 4.31385 0.298873
14.0776 4.45008 0.300664
14.1634 4.3951 0.300723
14.0085 4.32524 0.302753
14.104 4.38322 0.298484
14.0403 4.378 0.299138
14.0299 4.37196 0.300735
14.0927 4.3725 0.298061
14.0265 4.43286 0.299838
14.0281 4.37693 0.302086
14.034 4.4518 0.302097
14.1543 4.31868 0.300444
14.0426 4.4278 0.301522
14.0675 4.35301 0.296841
14.0625 4.34326 0.300448
14.036 4.3478 0.301298
14.0601 4.26573 0.30344
14.1234 4.35123 0.299263
14.0096 4.32008 0.299938
14.1447 4.33897 0.301353
14.1602 4.43439 0.296762
14.0256 4.38597 0.300559
14.1304 4.36166 0.297359
14.056 4.33562 0.302227
14.0162 4.32441 0.300357
14.1764 4.39188 0.303146
14.0428 4.34006 0.298465
14.0214 4.43507 0.29772
14.0582 4.32044 0.300615
13.9659 4.40871 0.300019
14.0236 4.52203 0.301591
13.9885 4.31808 0.299709
14.0994 4.39932 0.300302
14.1005 4.4223 0.3013
14.0552 4.3937 0.30143
14.048 4.46796 0.300113
14.0651 4.45806 0.30074
14.022 4.37211 0.300417
14.044 4.47421 0.301213
14.0456 4.36437 0.30284
14.0153 4.40513 0.300363
14.0789 4.3989 0.300509
14.129 4.26447 0.29814
14.0603 4.46245 0.298268
14.0004 4.35421 0.300281
14.068 4.3993 0.299719
14.1223 4.33946 0.299615
14.0784 4.41098 0.300438
14.1022 4.43106 0.297051
14.0547 4.32681 0.300926
14.1079 4.33011 0.298156
13.9489 4.43557 0.298305
14.0845 4.37076 0.299062
14.1028 4.31386 0.29822
14.114 4.31792 0.298988
14.0286 4.38786 0.300402
14.0335 4.48553 0.29945
13.9323 4.3868 0.296386
14.1325 4.37831 0.298133
14.025 4.40199 0.301378
14.131 4.35806 0.297677
14.0759 4.39067 0.301493
14.0998 4.39085 0.29805
14.1533 4.43344 0.298718
14.0297 4.43645 0.299773
14.1628 4.40188 0.298878
14.1752 4.33842 0.298852
14.1894 4.33018 0.300348
14.161 4.38723 0.297811
14.1725 4.3431 0.298682
14.0641 4.35001 0.302532
14.1027 4.34436 0.298319
13.9598 4.42151 0.300119
14.057 4.34778 0.299297
14.0638 4.4763 0.3014
14.0275 4.34333 0.297664
14.0252 4.34381 0.300411
14.015 4.38259 0.299985
14.045 4.43133 0.299085
13.9874 4.36101 0.298502
14.0315 4.40908 0.298357
14.181 4.23318 0.297657
14.1338 4.37997 0.299401
14.0677 4.26088 0.298849
14.0294 4.34705 0.293333
14.02 4.40217 0.298709
14.0905 4.33258 0.29982
14.1142 4.37589 0.301074
14.128 4.29396 0.300938
14.0351 4.40221 0.296853
14.0283 4.30875 0.303502
14.0687 4.37122 0.297391
14.0645 4.29725 0.299863
14.1471 4.4641 0.297255
14.0155 4.381 0.298299
13.9949 4.40651 0.301733
14.0406 4.41177 0.30235
14.0403 4.39586 0.300093
14.1759 4.34301 0.297765
13.9522 4.43752 0.30161
14.0764 4.38005 0.301519
13.9784 4.43912 0.299655
14.0978 4.41688 0.296906
14.0977 4.33493 0.302431
14.0349 4.41122 0.29819
14.0171 4.41702 0.300941
14.0802 4.38184 0.301609
14.0696 4.47391 0.301432
14.0875 4.38269 0.29729
14.0292 4.35842 0.298155
14.0404 4.47682 0.303112
14.0495 4.40992 0.299129
14.0456 4.46445 0.298327
14.1342 4.3158 0.30002
14.0448 4.39732 0.300166
14.0355 4.39704 0.299762
14.1307 4.29192 0.299811
14.1856 4.44834 0.300092
14.0213 4.41675 0.300541
14.1144 4.35203 0.299058
14.0679 4.32891 0.299689
14.0021 4.38972 0.297189
14.1465 4.39211 0.29824
14.0952 4.4035 0.296738
14.0993 4.28413 0.301638
13.9965 4.42264 0.300233
14.032 4.4774 0.303694
14.0413 4.30908 0.299022
13.9814 4.34723 0.301564
14.0492 4.47249 0.300939
14.0826 4.39958 0.296134
14.1734 4.34742 0.298428
14.0271 4.30009 0.302376
14.1104 4.39774 0.300181
14.0762 4.45657 0.293018
14.0435 4.46937 0.299648
14.1163 4.36577 0.29972
13.9604 4.33665 0.30237
14.1021 4.41281 0.300978
14.04 4.37509 0.301674
14.0227 4.34552 0.300105
14.1309 4.44624 0.302147
14.1186 4.39593 0.300227
14.0815 4.37681 0.299242
14.0586 4.41927 0.300067
14.0722 4.34195 0.301504
14.04 4.39085 0.301799
14.0434 4.37474 0.298517
14.1432 4.33042 0.294497
14.0326 4.41084 0.299897
14.1539 4.2742 0.298962
13.9918 4.28649 0.298052
13.9926 4.37395 0.299902
14.1079 4.44742 0.302462
14.1279 4.34912 0.30107
14.0348 4.43699 0.301116
14.1194 4.32433 0.296708
14.1139 4.43322 0.298217
14.1731 4.45896 0.296814
14.0531 4.33767 0.301264
14.1556 4.34486 0.300955
14.074 4.31513 0.298114
14.119 4.40895 0.298934
13.985 4.42541 0.303023
14.1063 4.39242 0.29747
14.0735 4.35457 0.297913
14.0942 4.31064 0.30018
14.1363 4.39862 0.298285
14.0441 4.38058 0.302919
14.1462 4.32993 0.297776
14.0698 4.41879 0.298346
14.0963 4.3475 0.296347
14.0516 4.43476 0.297721
14.0214 4.39945 0.300043
14.0137 4.3741 0.30138
14.1028 4.38316 0.297927
14.043 4.44329 0.303046
14.0157 4.34782 0.298829
14.0233 4.42943 0.29986
14.0446 4.34331 0.298959
14.0345 4.39054 0.302339
14.041 4.37313 0.29682
14.0925 4.32523 0.3009
14.127 4.37331 0.298321
14.1341 4.38907 0.297386
14.1793 4.36744 0.293573
14.0333 4.44497 0.302005
14.0715 4.43352 0.303627
14.0165 4.38211 0.301756
14.0308 4.42214 0.298825
14.0202 4.40396 0.301356
14.0714 4.50687 0.298628
14.0892 4.46539 0.298183
14.1106 4.34705 0.300257
13.9879 4.42937 0.299663
14.0311 4.40366 0.302152
14.1123 4.36032 0.299419
14.0958 4.42785 0.298896
14.0593 4.42835 0.298982
14.0971 4.31299 0.298998
13.9844 4.35691 0.30043
14.0526 4.3703 0.302148
14.0714 4.34798 0.300916
14.1638 4.32531 0.298582
14.0199 4.51001 0.301828
14.013 4.41245 0.303708
14.0627 4.41705 0.297008
14.0052 4.47279 0.299928
14.1984 4.30202 0.297678
14.109 4.30259 0.301358
14.0843 4.37888 0.295903
13.988 4.37844 0.301012
14.0843 4.41339 0.300942
14.0577 4.43258 0.30122
14.052 4.4538 0.300693
14.0797 4.40976 0.301511
14.0951 4.41239 0.300697
14.0761 4.41487 0.299144
14.0455 4.38026 0.298039
14.1387 4.31893 0.30162
14.0371 4.46274 0.297929
13.9052 4.44175 0.297838
14.0331 4.41643 0.300114
13.9916 4.44867 0.300396
13.9839 4.46708 0.301164
14.0682 4.41162 0.300315
14.1098 4.34788 0.301893
13.988 4.34995 0.2988
14.1401 4.4024 0.297484
14.0622 4.372 0.29707
14.0053 4.41471 0.30026
14.0845 4.36681 0.29832
14.0003 4.47277 0.296495
14.0792 4.38301 0.299763
14.0435 4.44563 0.300426
14.0761 4.3697 0.3009
14.015 4.38783 0.29834
14.0985 4.34349 0.297219
14.1353 4.33349 0.299774
14.1084 4.38943 0.300291
14.0516 4.34486 0.300625
14.0232 4.41593 0.3003
14.0528 4.37234 0.300411
14.1336 4.44037 0.296716
14.1394 4.42263 0.297729
14.1095 4.3468 0.29677
14.1029 4.41067 0.299676
14.02 4.35168 0.300308
14.117 4.35081 0.302233
14.0964 4.43069 0.300609
14.1426 4.41237 0.301898
14.1179 4.38412 0.300605
14.0326 4.42901 0.301606
14.035 4.34971 0.300203
14.0427 4.39428 0.301981
14.1 4.43538 0.298711
14.0916 4.34075 0.295441
14.0311 4.45486 0.299501
14.133 4.37252 0.301079
14.0849 4.44689 0.302253
14.1046 4.29796 0.301695
14.0575 4.32175 0.300492
14.1397 4.39913 0.297743
14.0652 4.48466 0.30123
14.1224 4.3573 0.29619
14.0269 4.3533 0.300498
14.1288 4.41093 0.300315
14.108 4.4542 0.302654
14.0484 4.41487 0.301229
14.0629 4.44272 0.302586
14.0257 4.36702 0.300505
14.1043 4.48925 0.297972
14.0057 4.41065 0.298725
14.0181 4.43058 0.29777
14.0439 4.41723 0.300716
14.1356 4.33085 0.300059
14.159 4.27193 0.300183
14.0154 4.47698 0.303148
14.1265 4.40589 0.302663
14.0748 4.33984 0.301477
14.104 4.345 0.29945
14.0473 4.43082 0.300371
14.185 4.44436 0.299238
14.0096 4.4844 0.30157
14.0557 4.31978 0.301236
14.1384 4.30766 0.299868
14.0584 4.38002 0.301695
14.1267 4.41684 0.301698
14.0802 4.3872 0.298681
14.0532 4.34146 0.298023
14.0973 4.40697 0.300667
14.0359 4.34878 0.296732
14.1183 4.34665 0.297618
14.0338 4.34731 0.298716
14.0506 4.41552 0.301682
14.1277 4.38393 0.298248
14.1822 4.45914 0.299358
14.1198 4.42075 0.300411
14.106 4.35258 0.300757
14.1606 4.38955 0.299614
14.1883 4.34468 0.300624
14.0586 4.34444 0.300817
14.0612 4.35882 0.300753
14.0467 4.34584 0.301692
14.0508 4.4215 0.301331
14.0407 4.437 0.297981
14.0077 4.40277 0.302867
14.1421 4.30687 0.298677
14.0234 4.36185 0.301264
14.0994 4.38794 0.301166
14.0457 4.40842 0.298939
14.071 4.41296 0.297528
13.9891 4.40638 0.298572
14.0245 4.47878 0.301496
14.1081 4.34284 0.301038
14.099 4.38077 0.300475
14.0771 4.40819 0.300895
14.0305 4.30644 0.299681
14.036 4.28276 0.299735
14.046 4.45942 0.300194
14.0976 4.41084 0.298699
14.0787 4.27206 0.300402
14.0964 4.37103 0.300403
14.1257 4.36737 0.300937
14.1322 4.37625 0.299051
14.0668 4.33101 0.298587
14.0683 4.37756 0.299483
14.0032 4.36899 0.301461
14.0479 4.43885 0.299292
14.1235 4.45337 0.294665
13.9954 4.40487 0.300208
14.099 4.37232 0.296455
14.0216 4.33807 0.299665
14.1677 4.34997 0.297938
14.0163 4.38915 0.299661
14.0972 4.39284 0.301968
14.0353 4.43122 0.302258
14.0687 4.45511 0.297668
14.0207 4.352 0.298889
14.0992 4.38873 0.299697
14.0824 4.42192 0.300374
13.9759 4.42892 0.299575
14.0701 4.37838 0.298833
14.1006 4.32267 0.300232
14.138 4.39281 0.299007
14.1601 4.31381 0.297705
14.0669 4.31296 0.299026
14.0896 4.24996 0.299144
14.1083 4.37671 0.300357
14.0467 4.41897 0.30324
14.0799 4.37829 0.300877
14.0808 4.45562 0.301482
14.104 4.47221 0.297108
14.0268 4.34746 0.299918
14.1075 4.3091 0.299496
14.0028 4.38995 0.302015
13.9803 4.37168 0.301656
14.0214 4.42702 0.299877
14.0298 4.40265 0.300567
14.0477 4.41161 0.300643
14.0756 4.37183 0.300628
14.1521 4.36681 0.298521
14.0988 4.29787 0.299494
14.0618 4.46592 0.300714
14.0545 4.29522 0.298626
14.0407 4.4326 0.298144
14.0478 4.41065 0.299542
14.1003 4.41063 0.302845
14.0997 4.42064 0.301868
13.9792 4.39369 0.299187
14.1534 4.41575 0.297811
14.0415 4.40296 0.298628
14.092 4.48211 0.297552
14.104 4.40676 0.299494
14.0851 4.45774 0.299061
14.0912 4.43171 0.299276
14.0415 4.35626 0.299069
14.1592 4.4 0.300618
14.1312 4.33995 0.30015
14.0104 4.3293 0.301725
14.0723 4.26329 0.302007
14.0383 4.44807 0.300784
14.0765 4.44476 0.300105
14.0204 4.38318 0.303394
13.9744 4.40277 0.300137
14.0588 4.39565 0.302318
14.1342 4.50202 0.29524
14.0816 4.33256 0.301486
14.0403 4.40077 0.30055
14.0611 4.4395 0.299272
14.0681 4.33161 0.301
14.1985 4.28664 0.300041
13.9908 4.4403 0.301993
14.0475 4.36065 0.300981
14.0368 4.44151 0.302404
14.0965 4.31027 0.300923
14.0412 4.35657 0.297713
14.1237 4.4109 0.296608
14.0255 4.36608 0.296362
13.9823 4.3497 0.299334
14.0062 4.43148 0.298889
13.9826 4.36251 0.302246
14.0862 4.37118 0.299092
14.0483 4.42377 0.298254
13.9987 4.30418 0.298057
14.0399 4.34977 0.299263
14.0019 4.42297 0.300717
14.0312 4.30571 0.302212
14.1221 4.39111 0.299677
14.1188 4.42598 0.298464
14.1864 4.28489 0.300169
14.0325 4.29004 0.298418
14.0733 4.33493 0.303137
14.1447 4.39028 0.301313
14.0885 4.4337 0.3002
14.0265 4.28032 0.298344
14.0635 4.54495 0.299383
14.0018 4.41192 0.297893
14.0343 4.32766 0.302329
14.2007 4.37085 0.298625
14.021 4.42881 0.301927
14.0865 4.30469 0.30134
14.0662 4.48514 0.302106
14.0622 4.36472 0.300028
14.031 4.43095 0.302718
14.0282 4.34686 0.298964
14.0858 4.419 0.298132
14.0523 4.38151 0.300654
14.0406 4.31333 0.297327
14.0736 4.41576 0.300522
13.9132 4.50415 0.301601
14.0887 4.449 0.298894
14.0238 4.45041 0.299197
14.0266 4.41202 0.3007
14.0422 4.34189 0.298985
14.1019 4.384 0.297788
14.0378 4.43185 0.299703
14.0754 4.36883 0.299955
14.0007 4.4148 0.302263
14.0422 4.39113 0.299445
14.0084 4.42239 0.298674
14.1319 4.34753 0.301114
14.0758 4.35419 0.29747
14.0415 4.31126 0.299344
14.1279 4.38236 0.299422
14.0479 4.47016 0.299358
14.0647 4.33973 0.300533
14.0931 4.25984 0.302626
14.0703 4.28887 0.303317
14.1076 4.41156 0.300629
14.0844 4.45934 0.299862
14.1037 4.37263 0.298795
14.067 4.4344 0.299866
14.0802 4.33732 0.29919
14.1082 4.36048 0.302385
14.0362 4.40562 0.297777
14.0032 4.43244 0.29868
14.0552 4.38581 0.297752
14.0657 4.37688 0.299604
14.0719 4.42987 0.300616
14.1198 4.37922 0.299326
14.7208 4.80003 0.295649
14.0662 4.43175 0.298095
14.0517 4.30905 0.298785
14.0901 4.36771 0.299308
14.0377 4.33192 0.301953
14.0716 4.42491 0.298027
14.1731 4.28653 0.301353
14.1627 4.44663 0.297894
14.12 4.46694 0.298994
14.0898 4.49626 0.301191
14.0681 4.42519 0.299445
14.0631 4.41393 0.300145
14.1062 4.39839 0.301491
14.1002 4.43086 0.299781
14.1276 4.37268 0.301687
14.0739 4.32558 0.297667
14.1801 4.34788 0.301956
14.0335 4.42406 0.300557
14.0752 4.3982 0.295166
14.037 4.34445 0.298609
14.0332 4.26292 0.299756
14.058 4.43451 0.298951
14.0794 4.30882 0.298443
13.9821 4.37836 0.299608
14.0976 4.36887 0.297922
14.1019 4.43368 0.301397
14.0896 4.29087 0.300637
14.1205 4.36264 0.303177
14.1368 4.38755 0.297238
14.072 4.51573 0.300008
14.0934 4.39896 0.300586
14.2093 4.41123 0.301983
14.0754 4.3357 0.29629
14.1215 4.37537 0.296546
14.0241 4.39929 0.298302
14.0609 4.45389 0.29839
14.1348 4.31735 0.302212
14.1069 4.42562 0.298506
13.9717 4.32962 0.298325
14.094 4.36737 0.300419
14.0486 4.27517 0.29931
14.0931 4.40806 0.300029
14.0337 4.45365 0.302005
14.0744 4.39376 0.296739
14.0472 4.39133 0.301378
14.0778 4.37003 0.300652
14.0185 4.36249 0.300461
13.9968 4.51771 0.301932
14.0074 4.38174 0.300505
14.0706 4.38077 0.299071
14.0235 4.41048 0.299903
14.1749 4.39774 0.298838
14.1039 4.38103 0.29914
14.096 4.39187 0.297544
14.0939 4.37309 0.301405
14.0626 4.44553 0.302515
14.0097 4.40622 0.300431
14.0186 4.3122 0.302212
14.0519 4.40413 0.299059
14.0542 4.40151 0.299602
14.0833 4.44021 0.302457
14.0184 4.35474 0.298403
14.0386 4.40632 0.30164
14.0291 4.38515 0.299362
14.0748 4.4259 0.300799
14.0067 4.41249 0.301846
14.0943 4.24583 0.298031
14.0746 4.36511 0.297403
14.1361 4.39374 0.301177
14.0113 4.39493 0.30036
14.1311 4.36061 0.297606
14.0765 4.37178 0.299925
14.0556 4.49003 0.300508
14.0934 4.39594 0.295472
13.9994 4.36598 0.29929
14.1146 4.43701 0.298256
14.0904 4.372 0.296998
14.0293 4.42156 0.299355
14.104 4.35238 0.3006
14.113 4.42305 0.301649
14.141 4.4204 0.300921
14.1056 4.41622 0.301575
14.0921 4.37378 0.299442
14.0535 4.393 0.298068
14.0083 4.39922 0.30187
14.0676 4.27083 0.299243
13.9955 4.49649 0.298975
14.0462 4.31408 0.298775
14.0937 4.33909 0.300425
14.0325 4.34611 0.299997
14.0172 4.39898 0.300671
14.0692 4.40915 0.30049
14.0459 4.45665 0.29719
14.0228 4.48685 0.297983
14.0302 4.31094 0.298885
14.0985 4.37898 0.302441
14.0907 4.36572 0.299459
14.0952 4.44108 0.302135
13.998 4.4206 0.305562
14.0698 4.42006 0.297137
14.1006 4.36728 0.300565
14.1168 4.43284 0.300188
14.0293 4.45547 0.298471
14.0882 4.42665 0.300154
13.9754 4.39487 0.3011
14.018 4.29887 0.302788
14.01 4.35071 0.303678
14.0955 4.33243 0.299273
14.0729 4.39926 0.296982
14.0913 4.25497 0.298062
14.0938 4.36486 0.299093
14.0981 4.35911 0.30137
14.0715 4.38222 0.302501
14.0281 4.37862 0.296915
14.0956 4.37487 0.30197
14.0645 4.49527 0.300174
14.079 4.36306 0.296437
14.1762 4.44628 0.300734
14.0968 4.3111 0.301174
14.0285 4.33573 0.298956
14.0651 4.35672 0.300908
14.1782 4.50026 0.297601
14.0759 4.37854 0.30116
14.0489 4.39409 0.297036
14.0309 4.45475 0.298352
14.1489 4.46742 0.298684
14.0277 4.41192 0.298947
14.0796 4.53941 0.301887
14.1119 4.31126 0.300457
14.1183 4.38044 0.301662
14.1126 4.3693 0.300484
14.0321 4.44422 0.299397
14.1362 4.42347 0.300851
13.9861 4.40928 0.300803
14.0478 4.35935 0.298654
14.129 4.30801 0.301281
14.013 4.37056 0.299402
14.0582 4.46308 0.296853
13.9963 4.28958 0.30189
14.1785 4.2575 0.298042
14.046 4.40012 0.300036
14.1701 4.47501 0.300714
14.0981 4.32718 0.298589
14.0754 4.38296 0.300514
14.1209 4.29741 0.301222
14.1323 4.41889 0.303129
14.0659 4.4157 0.302615
13.9815 4.34757 0.299451
14.0235 4.46174 0.298757
14.1435 4.39468 0.300072
14.0315 4.36637 0.30133
14.1433 4.36873 0.3001
14.1604 4.39417 0.300673
14.1286 4.39317 0.29872
14.0973 4.38362 0.298837
14.0915 4.38083 0.301877
14.0702 4.44103 0.299551
14.0356 4.44276 0.301127
14.0552 4.42251 0.303123
14.1032 4.26742 0.298219
14.0741 4.36368 0.299373
14.0369 4.36593 0.301294
14.0452 4.39401 0.301725
14.1299 4.4148 0.301039
14.0526 4.38756 0.305408
14.0465 4.52212 0.303185
14.154 4.37658 0.30028
14.0978 4.43218 0.297231
14.0444 4.36589 0.297123
14.1264 4.35907 0.299662
14.1005 4.46587 0.297091
14.1154 4.39833 0.302773
14.0306 4.40959 0.296784
14.2076 4.22324 0.299322
14.0308 4.42501 0.299763
14.0918 4.48369 0.297597
14.0506 4.36176 0.29923
14.0352 4.36634 0.300915
14.012 4.44107 0.298041
14.0705 4.34888 0.297356
14.0842 4.38279 0.300295
14.077 4.4418 0.301373
14.0482 4.37873 0.297536
14.0664 4.37264 0.300516
14.1202 4.40053 0.300239
14.0778 4.33888 0.300005
14.1073 4.34704 0.301325
14.0561 4.44624 0.303052
14.1408 4.39796 0.298472
14.1014 4.44713 0.301346
14.0719 4.45363 0.299479
13.9877 4.48355 0.300578
14.0731 4.38977 0.298652
14.0749 4.38224 0.298074
14.049 4.36964 0.301242
14.1098 4.32842 0.298642
14.1549 4.38496 0.299803
14.0224 4.43536 0.300634
14.0343 4.46343 0.297125
14.0862 4.45218 0.299698
14.1415 4.36489 0.299143
14.0749 4.37526 0.301502
14.1102 4.34847 0.300974
14.0613 4.32278 0.298732
14.0342 4.32579 0.300962
14.0809 4.39952 0.299825
14.0864 4.36877 0.300288
14.0988 4.40293 0.2999
13.9659 4.41746 0.297826
14.1807 4.38037 0.297961
14.0938 4.40875 0.299753
14.0675 4.36628 0.299444
14.0034 4.37715 0.29769
14.1162 4.32081 0.300826
14.0608 4.38565 0.299311
14.0944 4.38167 0.297544
14.0429 4.38916 0.297472
14.0594 4.34034 0.299834
13.9885 4.34014 0.298046
14.0755 4.38975 0.29818
14.1737 4.35308 0.30312
14.075 4.4126 0.300218
14.0909 4.40322 0.301792
14.0553 4.39889 0.303148
13.9934 4.40805 0.304698
14.1482 4.32513 0.29763
14.1357 4.42288 0.298302
14.0593 4.3403 0.300307
14.0667 4.41206 0.299032
14.0753 4.30961 0.298544
14.1922 4.30991 0.296196
14.0338 4.22862 0.302736
14.113 4.4037 0.300861
14.0377 4.2995 0.30005
14.0468 4.45958 0.301661
14.0664 4.42393 0.297362
14.0521 4.46712 0.300927
13.9798 4.40624 0.299568
14.1892 4.39166 0.299509
14.0142 4.34483 0.301387
14.0711 4.36708 0.299376
14.0954 4.26484 0.298339
14.0464 4.38165 0.298298
14.043 4.35805 0.301021
14.1127 4.48576 0.298045
14.1065 4.42656 0.298399
14.0528 4.50548 0.30068
14.076 4.42614 0.302557
14.0749 4.42038 0.300205
14.1033 4.36985 0.301143
14.0455 4.43407 0.301604
14.0713 4.36009 0.297522
14.0113 4.47958 0.29762
14.1128 4.43759 0.298756
13.97 4.41477 0.300059
14.0939 4.34808 0.299198
14.0037 4.38245 0.299993
14.0586 4.49172 0.295634
14.0533 4.27419 0.300512
13.9541 4.36722 0.305133
14.1235 4.41171 0.301021
14.0656 4.39506 0.301022
14.17 4.41056 0.299523
14.1716 4.33942 0.301238
14.0814 4.4025 0.299006
14.1314 4.32544 0.299015
14.1466 4.33249 0.300063
14.1114 4.42862 0.301998
14.1017 4.33696 0.299728
14.0604 4.36331 0.299306
14.0792 4.4807 0.299623
14.0729 4.38193 0.299213
14.1938 4.39942 0.300707
14.1027 4.3244 0.298193
13.957 4.35854 0.297041
14.0389 4.38817 0.299859
14.031 4.43124 0.300283
14.1062 4.35542 0.300829
13.9712 4.2394 0.303242
13.976 4.35463 0.304011
14.0322 4.37762 0.299848
14.0244 4.42343 0.300776
14.0227 4.43651 0.299397
14.0189 4.30222 0.298323
14.0064 4.44037 0.301562
14.1002 4.41956 0.304598
14.0362 4.39042 0.297418
14.0964 4.36379 0.300678
14.1619 4.34042 0.29708
14.0385 4.42695 0.297029
14.0629 4.29023 0.298681
14.1031 4.4403 0.297456
14.0661 4.48747 0.301397
14.0988 4.31375 0.301166
14.0679 4.47556 0.299836
14.0541 4.41532 0.297555
14.0331 4.43251 0.299525
14.0442 4.38633 0.300642
14.1046 4.35559 0.29716
14.0708 4.27145 0.302842
14.0374 4.32522 0.298366
13.9978 4.49457 0.298984
14.0829 4.42125 0.301204
14.1124 4.39744 0.299777
14.0502 4.41865 0.299339
14.0617 4.26863 0.299574
14.0808 4.42729 0.300251
14.0647 4.49458 0.29678
14.1223 4.39067 0.302358
14.1087 4.38428 0.301549
14.0421 4.46614 0.300853
14.0418 4.40099 0.297815
14.058 4.35685 0.304483
14.0459 4.46172 0.297855
14.0981 4.33758 0.297019
14.0807 4.38211 0.298305
14.1994 4.40793 0.300566
14.0684 4.41919 0.301019
14.0546 4.3919 0.303977
14.0523 4.30932 0.298868
13.9397 4.45613 0.30032
14.0261 4.42545 0.301886
14.0862 4.36657 0.29944
14.0517 4.43934 0.302074
14.0619 4.4451 0.298179
14.0467 4.33886 0.298163
14.0814 4.41451 0.300014
14.1174 4.37023 0.300431
14.0564 4.38047 0.298741
13.9741 4.4683 0.298003
13.9823 4.46992 0.298495
14.1229 4.43526 0.29943
14.1324 4.43667 0.299522
14.0798 4.40027 0.297613
14.044 4.41368 0.295373
14.0462 4.30849 0.299266
14.0755 4.38927 0.299077
14.0339 4.29971 0.300674
14.0419 4.31158 0.303099
14.0477 4.38856 0.300565
14.1429 4.42993 0.300415
14.0496 4.30482 0.30186
14.0568 4.35926 0.300099
14.1022 4.30187 0.299003
13.9974 4.27506 0.298939
13.9769 4.45063 0.301869
14.1415 4.40911 0.301723
14.0892 4.47688 0.301379
14.0046 4.40812 0.30085
14.069 4.38733 0.300385
14.0379 4.44731 0.299284
14.1567 4.40176 0.302379
14.1023 4.4066 0.298379
14.0804 4.44582 0.301965
14.0358 4.40585 0.299336
14.0739 4.34296 0.300648
14.2403 4.42577 0.298641
14.1947 4.46574 0.300257
14.0497 4.50135 0.30213
14.1822 4.26336 0.297625
14.1309 4.48 0.304844
13.977 4.33297 0.29751
14.0906 4.45846 0.300911
14.1538 4.44176 0.298113
14.0475 4.4058 0.298707
14.1041 4.42206 0.299606
13.9782 4.3859 0.302496
14.1217 4.45261 0.299913
14.1447 4.30362 0.301338
14.1011 4.36883 0.295001
14.0809 4.41208 0.298399
14.073 4.35013 0.301143
14.046 4.34199 0.30028
14.0869 4.34311 0.297258
14.1 4.35301 0.299594
14.1748 4.3952 0.300338
14.049 4.36412 0.298208
14.0947 4.41485 0.298456
14.0875 4.43153 0.299542
14.0522 4.33886 0.301446
14.1027 4.45456 0.301768
14.0513 4.39097 0.298322
14.1125 4.39658 0.297689
14.0518 4.49041 0.300433
14.0447 4.41228 0.300589
14.0501 4.33915 0.299995
14.0901 4.44053 0.301864
13.9781 4.52244 0.301304
14.1005 4.3285 0.300064
14.1192 4.3251 0.301386
14.1734 4.35604 0.300866
14.1255 4.31535 0.301123
14.0781 4.40867 0.299126
14.0618 4.40849 0.301838
14.0928 4.38674 0.299199
14.1018 4.41044 0.300117
14.0415 4.26875 0.301669
14.0554 4.42048 0.300592
13.9206 4.4431 0.303192
14.1 4.4619 0.29651
13.9813 4.25933 0.301948
14.0319 4.38704 0.30013
13.9987 4.46395 0.301777
14.0773 4.47788 0.303555
14.0154 4.33648 0.303483
14.1481 4.32451 0.299413
14.1268 4.39966 0.299718
14.0414 4.43816 0.302109
14.0581 4.53435 0.302296
14.1155 4.25086 0.298778
14.089 4.35761 0.300762
14.0874 4.42457 0.303098
14.0526 4.46782 0.297619
14.0068 4.38963 0.300178
14.0826 4.38423 0.298657
14.0938 4.37533 0.303071
13.9325 4.4067 0.303626
14.003 4.38821 0.299117
14.049 4.31236 0.297539
14.0958 4.35134 0.301634
14.0131 4.38697 0.300642
14.0652 4.4306 0.299604
13.9778 4.42118 0.302853
14.0725 4.33543 0.300166
14.0837 4.38213 0.300537
14.0742 4.43683 0.29691
14.1166 4.4647 0.302235
14.0942 4.38545 0.299366
14.1375 4.37849 0.299433
14.0992 4.38477 0.299696
14.0582 4.36483 0.303712
14.0699 4.3199 0.302547
13.9935 4.36753 0.299763
14.0838 4.3292 0.30215
14.0308 4.43404 0.296136
14.0968 4.42667 0.299097
14.0499 4.33159 0.299489
14.167 4.31085 0.301717
14.1009 4.33453 0.299374
14.0192 4.48088 0.300973
13.9962 4.37316 0.299731
14.1165 4.36783 0.300796
13.9912 4.40228 0.301781
14.0419 4.43944 0.300755
14.0129 4.35104 0.297697
13.9989 4.36814 0.301562
14.1731 4.29892 0.297933
14.0966 4.35038 0.300572
14.1003 4.45971 0.297472
14.0418 4.40024 0.299242
14.0764 4.34502 0.299566
14.0564 4.41407 0.299226
14.1589 4.40603 0.300954
14.084 4.37703 0.298049
14.0116 4.43436 0.297212
14.0216 4.37621 0.298285
14.0943 4.25292 0.297366
14.0703 4.39579 0.297903
13.9942 4.45011 0.299096
13.9673 4.33076 0.297886
14.0285 4.43965 0.295843
13.9306 4.45257 0.30059
13.9382 4.41575 0.300365
14.0607 4.32878 0.29933
14.087 4.37809 0.298712
14.1412 4.40901 0.29971
14.082 4.46228 0.299265
14.1004 4.33634 0.296214
14.0577 4.43366 0.300223
14.0702 4.40366 0.300821
14.0498 4.37461 0.300779
14.096 4.42837 0.300204
14.0816 4.48295 0.300276
14.0437 4.37112 0.301395
14.0772 4.46304 0.300452
14.0075 4.30512 0.299978
14.1653 4.43243 0.300022
14.0282 4.34771 0.300364
14.0913 4.53556 0.30064
14.1151 4.43344 0.299485
14.0703 4.40188 0.297735
14.1065 4.45489 0.298078
14.0268 4.32145 0.298161
14.0943 4.39645 0.297928
13.9947 4.3739 0.298704
14.0695 4.40147 0.299989
14.1478 4.42579 0.301014
14.0145 4.4407 0.301209
14.0971 4.35488 0.299566
14.0937 4.35716 0.301654
14.0944 4.39683 0.30025
14.1804 4.29523 0.301058
14.0377 4.4307 0.29913
13.9994 4.36216 0.301169
14.0974 4.28815 0.301707
14.124 4.35517 0.302093
14.1965 4.33686 0.298106
14.0096 4.45248 0.298463
14.0596 4.38419 0.30114
14.1008 4.30797 0.300216
13.404 5.02584 0.326415
14.0874 4.39209 0.300711
13.9933 4.40265 0.300412
14.1314 4.44151 0.299942
14.1626 4.39637 0.302514
14.1062 4.43747 0.300178
14.0148 4.38147 0.299555
14.0581 4.35377 0.301233
14.097 4.26884 0.299196
14.1103 4.43891 0.30325
14.0311 4.37984 0.298273
14.0605 4.33335 0.298685
14.1538 4.37141 0.299813
14.1607 4.32148 0.298662
13.9742 4.42388 0.302991
14.0398 4.30937 0.304024
14.0749 4.38456 0.299593
13.9981 4.43296 0.299221
14.0906 4.44927 0.295312
14.1074 4.39391 0.297719
14.1676 4.3822 0.299155
13.9932 4.38458 0.298543
14.1411 4.45029 0.299202
14.0115 4.33488 0.300518
14.0524 4.30288 0.297587
14.0898 4.39773 0.300885
14.1145 4.37866 0.301598
14.0361 4.40868 0.298233
14.0187 4.39474 0.298671
14.0728 4.40676 0.298638
14.0818 4.36306 0.302681
14.1052 4.35033 0.297314
14.0141 4.40518 0.299481
14.0547 4.44334 0.301385
14.0798 4.27903 0.30055
14.1562 4.38417 0.297988
14.0188 4.41242 0.297449
13.9938 4.39001 0.296425
14.0581 4.46032 0.300667
14.0097 4.33249 0.301977
14.0614 4.39557 0.299232
13.986 4.3959 0.298332
14.0595 4.35332 0.302542
14.1683 4.37837 0.297473
14.0606 4.42292 0.30075
14.1431 4.48859 0.301377
14.0839 4.37914 0.298625
14.0433 4.46563 0.298475
14.0181 4.33656 0.298891
14.0259 4.29643 0.300827
14.095 4.41488 0.297559
14.1279 4.42468 0.297301
13.9299 4.42908 0.302453
14.0887 4.38084 0.301645
14.0283 4.42604 0.299866
13.9862 4.35573 0.300209
14.0938 4.36158 0.30097
14.0098 4.46008 0.301262
14.0581 4.3975 0.300544
14.0405 4.33366 0.299149
14.0709 4.3377 0.303072
14.0009 4.34413 0.301455
13.9151 4.48219 0.304237
14.0584 4.46579 0.301503
14.0991 4.49349 0.301502
14.0824 4.37933 0.297527
14.062 4.34811 0.301199
14.0305 4.40159 0.300239
14.0475 4.35343 0.299762
14.0153 4.36273 0.299664
14.0387 4.38257 0.301154
14.0822 4.28628 0.300292
14.0258 4.3858 0.301133
14.0357 4.49418 0.298675
14.0665 4.41807 0.298516
14.0271 4.39271 0.300572
13.9712 4.40021 0.299917
14.0294 4.45101 0.300308
14.0193 4.44856 0.295838
14.0779 4.33501 0.299515
14.0912 4.33172 0.299037
14.1683 4.44434 0.29741
14.0764 4.39814 0.299139
14.0618 4.40346 0.29864
13.995 4.43084 0.299417
14.1538 4.38949 0.299984
14.0507 4.43747 0.304872
14.101 4.46197 0.303591
14.0133 4.44295 0.300775
14.0223 4.3576 0.299593
14.1616 4.32519 0.299372
14.1111 4.37155 0.298228
14.1052 4.48432 0.299763
14.0417 4.43983 0.30329
14.0742 4.34319 0.298054
14.0385 4.36949 0.300219
14.0817 4.37359 0.297732
14.0774 4.38703 0.297609
14.0864 4.35649 0.298741
14.058 4.47397 0.304605
14.0348 4.49729 0.303315
14.0577 4.40329 0.298456
14.0667 4.36878 0.29857
14.0978 4.38037 0.298462
14.0916 4.38721 0.301808
13.8969 4.3305 0.301558
14.102 4.35071 0.301622
14.1211 4.30156 0.299218
14.1537 4.31347 0.298861
14.1336 4.26982 0.298381
14.1225 4.31847 0.299771
13.975 4.38112 0.302302
14.0155 4.49017 0.298061
14.0349 4.462 0.303877
13.977 4.51055 0.301412
14.0963 4.4426 0.298507
14.1215 4.38271 0.300748
14.056 4.31638 0.300347
14.0028 4.45399 0.300591
14.0576 4.41608 0.301923
14.13 4.38605 0.299087
14.0658 4.36467 0.298762
14.0278 4.33454 0.299576
14.1564 4.47274 0.298841
14.0022 4.34547 0.30178
14.159 4.44743 0.301693
14.0439 4.32108 0.304884
14.0472 4.54147 0.298855
14.0392 4.39015 0.300612
14.0374 4.38328 0.301045
14.0079 4.37778 0.302956
14.168 4.48089 0.302009
14.133 4.39736 0.302075
13.972 4.3982 0.299437
14.0638 4.36079 0.301762
14.1178 4.41824 0.301586
14.113 4.41726 0.300141
14.0557 4.37654 0.302023
14.1463 4.43406 0.301903
14.0549 4.43509 0.297786
14.06 4.3673 0.297262
14.0405 4.46022 0.30042
14.1683 4.3297 0.297927
14.0714 4.45204 0.301223
14.0378 4.44555 0.300109
14.07 4.50098 0.298355
14.1334 4.37971 0.295605
14.0984 4.444 0.298386
14.1235 4.46757 0.300386
14.1652 4.35833 0.29931
14.0278 4.45049 0.298066
14.0295 4.36098 0.300655
14.056 4.40592 0.299174
14.1054 4.32739 0.29688
14.0524 4.40964 0.300039
14.0712 4.38222 0.302191
14.1035 4.44162 0.302905
14.0784 4.30566 0.299037
14.0667 4.35365 0.298633
14.0722 4.38859 0.299807
14.0296 4.38997 0.298663
14.0168 4.43114 0.301521
14.0546 4.45609 0.298953
14.0755 4.33692 0.300433
14.0435 4.35895 0.301247
14.1247 4.37268 0.299403
14.1362 4.42004 0.302629
14.124 4.47649 0.300723
14.0547 4.43335 0.301487
14.1284 4.43435 0.298196
14.0106 4.42092 0.30015
14.1218 4.3825 0.300707
14.1093 4.3232 0.299784
14.0341 4.40163 0.301287
13.9902 4.47733 0.301799
14.1139 4.35536 0.299664
14.05 4.41675 0.299884
14.0263 4.42637 0.301249
14.053 4.42431 0.299555
14.0571 4.42936 0.300092
14.0602 4.40521 0.301012
14.0457 4.42592 0.299943
13.9513 4.44965 0.303842
14.1101 4.4061 0.296608
14.0774 4.28332 0.303347
14.0399 4.39584 0.304116
14.006 4.29664 0.303095
14.0123 4.3171 0.301621
14.0581 4.40247 0.302482
13.9989 4.39274 0.299634
14.1257 4.31551 0.301219
14.1275 4.39452 0.298895
14.1715 4.39098 0.299982
14.1269 4.41723 0.300105
14.0812 4.33231 0.298961
14.0807 4.28957 0.295175
14.0427 4.2954 0.296036
14.0093 4.4214 0.301413
14.0584 4.35344 0.299476
14.0266 4.34599 0.299236
14.0836 4.34765 0.299685
14.0818 4.41173 0.299849
14.0926 4.36263 0.299099
14.0852 4.41726 0.29919
14.0897 4.3549 0.29861
14.0771 4.3775 0.297733
14.1019 4.41698 0.300586
14.0992 4.36467 0.299659
14.1011 4.30501 0.298521
14.0112 4.46967 0.299589
14.0816 4.39713 0.296515
14.0432 4.42085 0.295375
14.1159 4.39994 0.296454
14.0577 4.43894 0.301878
14.022 4.41862 0.298271
14.1724 4.44036 0.2969
14.1151 4.44978 0.29831
13.9244 4.32333 0.304348
13.9375 4.34898 0.300354
14.1768 4.35681 0.304434
14.0615 4.33084 0.300786
14.0468 4.40256 0.299224
14.0745 4.40887 0.300157
14.0508 4.38666 0.301298
14.0677 4.36686 0.299569
13.9915 4.44726 0.300837
14.0416 4.3525 0.300146
14.0975 4.38544 0.300953
14.1026 4.26614 0.300698
14.0154 4.43399 0.302121
13.9828 4.46952 0.298372
14.1702 4.3391 0.297883
14.1101 4.40935 0.298681
14.1339 4.46369 0.297208
14.0423 4.46022 0.300008
13.9983 4.33048 0.300556
14.063 4.43801 0.300688
14.1178 4.41902 0.300569
14.1701 4.3574 0.301332
14.083 4.43064 0.303063
14.0579 4.38982 0.299979
14.1275 4.36148 0.2996
14.0089 4.48373 0.301581
14.1242 4.30668 0.298625
14.0116 4.36158 0.299159
14.0337 4.40509 0.296502
14.022 4.3616 0.300316
13.9877 4.44734 0.299654
13.9595 4.40372 0.301106
14.0754 4.44423 0.301396
13.9759 4.34173 0.295948
14.0714 4.38861 0.300094
14.0312 4.32613 0.299508
14.0352 4.32242 0.298822
14.1319 4.37347 0.297774
14.1005 4.35818 0.299118
13.9118 4.33039 0.303239
14.1053 4.42837 0.300233
13.9998 4.37625 0.303016
14.0439 4.40909 0.300003
14.1451 4.48157 0.299683
14.0502 4.34193 0.298974
14.0716 4.36981 0.298887
14.1202 4.38255 0.303235
14.0193 4.47406 0.302239
14.0957 4.41821 0.30126
14.0838 4.41581 0.301677
14.0284 4.38184 0.301398
14.0705 4.46314 0.299905
14.1224 4.38756 0.298263
14.0681 4.35127 0.305598
14.0386 4.4897 0.301802
14.0463 4.44556 0.301514
14.0876 4.3417 0.299737
14.0541 4.45912 0.300008
14.0976 4.38187 0.297694
14.0957 4.44622 0.297202
14.0727 4.35908 0.297984
14.1328 4.3294 0.301553
14.0084 4.365 0.29674
14.1108 4.42288 0.301424
13.9724 4.31717 0.299653
14.009 4.31157 0.296794
14.0299 4.45926 0.299899
14.073 4.37097 0.300559
14.0415 4.44431 0.300264
14.0581 4.26854 0.300109
14.0172 4.44011 0.301324
13.9959 4.28835 0.301436
13.971 4.49686 0.299796
14.0548 4.39711 0.299199
14.0443 4.48144 0.300492
14.0914 4.41776 0.300664
14.0831 4.4234 0.301267
14.0467 4.38902 0.301504
14.0543 4.43848 0.296707
14.0216 4.40025 0.304266
14.104 4.37329 0.301221
14.1364 4.40867 0.299971
14.0894 4.38 0.298471
14.0915 4.41415 0.300264
14.0951 4.37649 0.30218
14.0458 4.40714 0.300357
14.0211 4.46423 0.296115
14.181 4.36395 0.296274
14.0582 4.41561 0.302948
14.0522 4.37642 0.299192
14.0609 4.35048 0.299301
14.0901 4.37465 0.302397
14.1705 4.26088 0.296417
14.1447 4.19873 0.302497
14.0893 4.39237 0.297172
14.0409 4.28298 0.297005
14.123 4.3859 0.301615
14.0223 4.35602 0.29954
14.0175 4.33503 0.300936
14.0179 4.45202 0.302383
14.1382 4.3346 0.299483
13.9911 4.47402 0.303251
14.0743 4.33452 0.304308
14.0547 4.4118 0.302359
14.0879 4.37614 0.302391
14.0686 4.36497 0.297305
14.0884 4.39575 0.301257
14.1394 4.42617 0.300491
14.0126 4.44837 0.29895
14.04 4.43198 0.299336
14.088 4.36418 0.301376
14.0564 4.30326 0.300177
14.0779 4.30229 0.299577
14.1028 4.43958 0.301447
14.0388 4.30906 0.298648
14.1189 4.36665 0.297235
14.1534 4.35011 0.30133
13.9798 4.33687 0.302399
13.9979 4.45786 0.299649
14.026 4.45596 0.299953
13.9819 4.36633 0.300267
14.0112 4.47577 0.301159
14.0446 4.43638 0.298176
14.0418 4.44619 0.295668
14.1104 4.3882 0.298061
14.072 4.36613 0.297894
14.0597 4.3773 0.299116
14.1309 4.38986 0.298648
14.0544 4.39088 0.299079
14.0026 4.31298 0.303749
14.0267 4.40191 0.302195
14.1857 4.37506 0.298066
14.0171 4.35085 0.300685
14.0699 4.43976 0.302885
14.0414 4.32343 0.30089
14.0147 4.34706 0.299679
14.0438 4.35992 0.298891
14.1391 4.39877 0.301404
14.0835 4.28234 0.303464
14.0295 4.43685 0.30007
14.018 4.44048 0.30051
14.2011 4.28204 0.300101
14.0571 4.37039 0.299724
14.1027 4.41713 0.298835
14.1267 4.37039 0.304978
13.9536 4.40269 0.29978
14.071 4.35792 0.300594
14.1009 4.35903 0.300466
14.0746 4.45143 0.297634
14.0724 4.39399 0.30013
14.0486 4.42396 0.301339
14.2013 4.34764 0.298158
14.0297 4.37816 0.300347
14.0805 4.39019 0.29932
14.0962 4.39849 0.300207
14.1772 4.33846 0.300646
14.0421 4.36821 0.297554
14.1417 4.42271 0.301413
14.0408 4.39576 0.299295
14.1282 4.40424 0.299441
13.9661 4.31521 0.300057
13.9803 4.46313 0.303353
14.0398 4.48555 0.303816
14.0375 4.26837 0.30032
14.0676 4.24931 0.300175
14.0813 4.40913 0.300848
14.0155 4.50573 0.298725
14.0744 4.45882 0.298954
14.0654 4.40262 0.300394
14.0696 4.34136 0.302288
14.0566 4.35774 0.301752
14.0588 4.37274 0.302142
14.0492 4.41966 0.29843
14.1306 4.28913 0.298072
14.1492 4.41161 0.301241
14.0844 4.40616 0.300904
14.0085 4.39958 0.299274
14.0835 4.4267 0.297973
14.116 4.37892 0.298789
14.1623 4.31571 0.296901
14.0525 4.39194 0.297965
14.0371 4.43949 0.299274
14.0278 4.35506 0.302709
14.113 4.43443 0.301317
14.0133 4.37836 0.301191
14.101 4.33324 0.301594
14.1301 4.41 0.300717
14.0584 4.40617 0.301217
13.9904 4.29708 0.299583
14.0583 4.37282 0.299924
14.0865 4.46449 0.298409
14.0841 4.35746 0.300069
14.1448 4.38048 0.29815
14.0226 4.358 0.299122
14.0224 4.45758 0.300587
14.118 4.33565 0.300586
14.0382 4.415 0.301269
14.0638 4.39911 0.29914
14.1591 4.43493 0.30038
14.1864 4.35433 0.299149
14.1638 4.3851 0.300079
14.071 4.4587 0.301047
14.0835 4.36334 0.298055
14.0994 4.29149 0.298535
14.1467 4.3467 0.299665
13.9449 4.50189 0.301074
14.0255 4.39389 0.299043
14.0231 4.41258 0.302735
14.0577 4.38425 0.302135
14.0805 4.35514 0.301164
14.1339 4.3214 0.299139
14.0795 4.40967 0.30581
14.0095 4.39164 0.299375
14.0555 4.36893 0.29693
14.0507 4.45933 0.298729
14.1231 4.39706 0.300733
14.0445 4.33807 0.29762
14.1459 4.36523 0.297689
14.1521 4.42883 0.303724
14.1091 4.47856 0.301084
14.0555 4.38173 0.297754
14.0422 4.33052 0.300582
14.0728 4.3965 0.298794
14.173 4.32501 0.298583
14.041 4.38107 0.299841
14.1327 4.3731 0.299098
14.0071 4.3991 0.300307
14.0802 4.22821 0.297631
13.9076 4.39155 0.301465
14.0446 4.46198 0.295703
14.0508 4.27145 0.300155
14.1114 4.411 0.296331
14.1397 4.35716 0.301031
14.0358 4.4118 0.299095
13.9514 4.47519 0.300941
14.1156 4.43822 0.298921
13.9797 4.32631 0.299779
14.0774 4.42626 0.30024
14.0069 4.4574 0.300902
14.0103 4.26248 0.298612
14.0622 4.28276 0.301226
14.0048 4.41012 0.296938
14.0437 4.29476 0.302424
14.0379 4.39888 0.29985
14.0887 4.32524 0.301228
14.1859 4.3553 0.303125
14.1391 4.3347 0.303224
13.9736 4.47935 0.302908
13.9639 4.47839 0.30202
14.0816 4.37626 0.297542
14.0883 4.3252 0.298543
13.9926 4.3834 0.302617
14.0534 4.44039 0.299987
14.0659 4.41339 0.298203
14.0458 4.42822 0.303571
14.0637 4.31454 0.299493
14.0811 4.4649 0.303337
14.0299 4.3861 0.298406
14.0167 4.36362 0.294957
14.1131 4.40696 0.300025
14.0378 4.33654 0.30037
14.0463 4.36965 0.300212
14.1148 4.40961 0.299158
14.0571 4.29295 0.301661
14.0837 4.3582 0.299386
13.9562 4.35983 0.297063
14.0624 4.41715 0.29927
14.189 4.36489 0.298738
14.1384 4.34869 0.299126
14.0931 4.41927 0.30363
14.0714 4.34937 0.301768
14.0319 4.33909 0.297156
14.0263 4.45722 0.30461
14.1317 4.44226 0.302724
14.0208 4.38061 0.300566
14.1008 4.34689 0.298317
14.0994 4.35109 0.300586
14.1377 4.4486 0.302152
14.0112 4.47943 0.299613
14.1277 4.38311 0.300852
14.1726 4.29412 0.300297
14.1503 4.45158 0.299068
14.0056 4.39675 0.299779
13.752 4.85384 0.286173
14.0349 4.37965 0.299603
14.0135 4.30905 0.301304
14.0167 4.39255 0.299037
14.0397 4.41609 0.30376
14.1043 4.43455 0.301055
14.0919 4.4196 0.297705
14.0694 4.47144 0.300901
14.0504 4.37824 0.297832
14.0684 4.43122 0.300963
14.0896 4.38917 0.298062
14.1054 4.46453 0.301427
14.017 4.37648 0.299983
14.1404 4.33621 0.298528
14.0627 4.26703 0.298529
14.0938 4.32929 0.300711
14.0036 4.46365 0.299515
14.0225 4.43421 0.302121
14.074 4.41987 0.29894
13.9682 4.38739 0.301642
14.0701 4.37286 0.301691
14.0874 4.42263 0.299176
14.068 4.37931 0.299201
14.0428 4.40507 0.302836
14.0726 4.41786 0.305593
14.0549 4.44918 0.299793
14.0295 4.45014 0.299034
14.0977 4.43396 0.302142
14.0768 4.3692 0.300668
14.116 4.41382 0.296338
14.0384 4.46738 0.299786
13.9912 4.42897 0.304065
14.1273 4.36056 0.299914
14.157 4.32904 0.296746
14.0836 4.40454 0.305026
14.0952 4.40637 0.304343
14.119 4.32739 0.300459
14.0928 4.44956 0.298898
13.949 4.39998 0.300207
14.0943 4.35688 0.297658
14.0793 4.45246 0.298554
14.1191 4.34726 0.297513
14.0579 4.37965 0.303276
14.0971 4.44575 0.299082
14.0701 4.39881 0.2999
14.0099 4.39073 0.301868
14.0831 4.39248 0.302097
14.0979 4.34348 0.300531
14.005 4.43227 0.298552
14.085 4.38655 0.299045
14.0852 4.3159 0.303739
14.0189 4.43595 0.299903
14.1346 4.42957 0.298198
14.1177 4.27282 0.302289
14.0633 4.37875 0.29968
14.145 4.28651 0.297827
14.0641 4.43123 0.301481
14.0494 4.36004 0.303145
14.112 4.36101 0.296043
14.0819 4.40535 0.298275
14.014 4.50133 0.300192
14.1155 4.44855 0.299393
14.1212 4.42572 0.298075
14.0071 4.51533 0.297765
14.0706 4.36491 0.299424
14.1017 4.43474 0.296133
14.1203 4.29503 0.297767
14.107 4.28769 0.298938
14.0904 4.47509 0.300132
13.9777 4.33455 0.298965
14.1087 4.34844 0.299302
14.0797 4.47761 0.301128
14.0568 4.4066 0.297731
14.0229 4.28256 0.298679
14.0576 4.36192 0.299998
14.1061 4.39787 0.299886
14.1297 4.39939 0.299757
13.9928 4.31821 0.301049
14.1522 4.27316 0.301819
14.0459 4.37346 0.297677
14.0873 4.32302 0.300279
14.038 4.43127 0.303012
14.0282 4.28157 0.29887
14.02 4.39936 0.299825
13.9424 4.45825 0.300284
14.0923 4.34651 0.299718
14.0677 4.40538 0.300895
14.0472 4.36039 0.300923
14.1462 4.37268 0.296672
14.1105 4.42197 0.297149
14.2249 4.29306 0.297652
14.2119 4.31288 0.299739
14.0283 4.42251 0.302904
14.0538 4.41349 0.301963
14.0733 4.402 0.298723
14.1161 4.4458 0.299061
14.0244 4.25579 0.299641
14.013 4.38297 0.297206
14.1123 4.3442 0.298551
14.0742 4.38432 0.299096
14.1735 4.42807 0.299653
13.9965 4.40463 0.301168
14.0327 4.48556 0.298529
14.1498 4.41707 0.300546
14.0568 4.33793 0.301589
13.9998 4.34349 0.301565
13.9667 4.38323 0.297209
13.959 4.38724 0.297811
14.0074 4.41173 0.303673
14.0086 4.36406 0.302335
14.0316 4.32146 0.300998
14.0373 4.3695 0.298028
14.0235 4.34429 0.299693
14.0541 4.34295 0.298463
13.9622 4.35141 0.301214
14.0704 4.43758 0.301278
14.0708 4.45164 0.298774
14.0787 4.40805 0.300061
14.1364 4.45032 0.300726
14.1137 4.32798 0.299666
13.9725 4.43892 0.301066
14.1231 4.34231 0.29963
14.0295 4.3922 0.301064
14.1338 4.41321 0.299998
14.1604 4.42103 0.297299
14.1008 4.41306 0.301198
14.0638 4.44171 0.297646
14.0925 4.47532 0.29991
14.0035 4.4908 0.300943
14.0061 4.37053 0.298347
14.0437 4.35741 0.29914
14.1647 4.33203 0.301214
13.9848 4.41248 0.296303
14.0578 4.45931 0.300997
14.129 4.34527 0.299281
14.092 4.39778 0.300077
14.1446 4.31539 0.299492
14.0765 4.31032 0.30248
14.0028 4.30316 0.301555
14.1132 4.42152 0.299874
14.1019 4.40943 0.30145
14.0688 4.35617 0.300586
14.0345 4.34707 0.29932
14.0123 4.31732 0.298938
14.0703 4.43357 0.297058
14.1027 4.382 0.296143
14.0883 4.26749 0.30128
14.111 4.38024 0.301715
14.079 4.35914 0.300495
14.0942 4.42953 0.30026
14.0927 4.34894 0.300195
14.069 4.43139 0.30178
14.0434 4.40569 0.296588
14.0871 4.4346 0.298651
14.127 4.35292 0.299347
14.0866 4.41649 0.300541
14.0425 4.37093 0.298047
14.1805 4.31363 0.29957
14.0132 4.41938 0.304805
14.0654 4.35861 0.302947
14.1638 4.3593 0.298179
14.1185 4.35828 0.301121
14.0489 4.4074 0.301262
14.0506 4.39862 0.303063
14.0179 4.40342 0.298678
14.0194 4.43298 0.297158
14.1214 4.47197 0.29999
14.0679 4.37027 0.300562
14.1086 4.43701 0.296188
14.037 4.48199 0.299865
14.0553 4.43429 0.29911
14.0315 4.4189 0.302842
14.1413 4.3354 0.297153
14.0372 4.50693 0.297965
13.9812 4.37778 0.302621
14.1003 4.48982 0.299503
14.0941 4.42168 0.30123
14.0096 4.31526 0.301395
14.0097 4.4113 0.298878
14.077 4.38209 0.296351
14.0193 4.42058 0.2961
14.0823 4.36488 0.297341
14.1189 4.46319 0.299553
14.062 4.38339 0.298891
14.043 4.35432 0.300619
14.082 4.38227 0.297495
14.0655 4.43246 0.299679
14.0924 4.41996 0.299978
14.0379 4.41121 0.299591
14.0381 4.36686 0.302101
14.0706 4.46395 0.30137
14.0559 4.2987 0.300126
14.0616 4.23634 0.300832
14.1405 4.37631 0.297861
14.042 4.39886 0.302224
13.9555 4.36573 0.300855
14.0591 4.34656 0.301116
14.0401 4.36181 0.301568
14.0927 4.43384 0.30185
14.0263 4.37286 0.304207
14.02 4.46663 0.299479
14.1638 4.40775 0.300282
14.0994 4.37856 0.298172
14.0524 4.41505 0.301647
13.9969 4.39533 0.298901
14.0943 4.45492 0.297621
14.0266 4.52685 0.300849
14.0346 4.46892 0.299294
14.1354 4.32091 0.296453
13.9861 4.36731 0.299741
14.0361 4.34696 0.301263
14.0511 4.37646 0.296912
14.0929 4.32967 0.300955
14.1212 4.4121 0.299202
14.1546 4.37168 0.299195
14.0145 4.36334 0.29776
13.9927 4.43937 0.300155
14.0175 4.31935 0.299206
14.0276 4.40375 0.297554
14.0854 4.46273 0.299533
14.0686 4.34107 0.299992
14.0885 4.41239 0.296308
14.1619 4.32361 0.299402
14.0798 4.49953 0.301092
14.0816 4.4038 0.299457
14.1528 4.32589 0.299762
14.1065 4.37889 0.298751
14.1207 4.42081 0.299846
14.0581 4.31255 0.300023
13.9899 4.36881 0.302217
14.0342 4.33974 0.297767
14.072 4.3676 0.299651
13.9207 4.41607 0.300259
14.0448 4.33775 0.301428
14.0398 4.4291 0.297905
14.0741 4.33795 0.303264
14.0169 4.38415 0.301996
14.0273 4.37674 0.299829
14.0164 4.4226 0.301469
14.1286 4.29887 0.299263
14.0841 4.45537 0.299826
14.0662 4.4162 0.297269
14.076 4.4353 0.297161
14.085 4.23044 0.300326
14.0994 4.43441 0.299328
14.065 4.47055 0.299118
13.9563 4.36671 0.298851
14.0867 4.40286 0.302089
13.9789 4.45382 0.299386
14.0884 4.35108 0.29774
14.1373 4.36473 0.3008
14.0765 4.40641 0.300638
14.0557 4.41189 0.29858
13.9928 4.27019 0.300428
14.0297 4.45581 0.302917
14.0511 4.33605 0.298194
14.1127 4.4013 0.300371
14.0074 4.39209 0.30003
14.1196 4.39809 0.30055
14.0355 4.36162 0.300633
14.0712 4.36871 0.300246
14.1286 4.35105 0.300946
14.093 4.37592 0.299678
14.0311 4.48017 0.301992
14.017 4.29656 0.299145
14.0625 4.36074 0.303964
14.0487 4.34456 0.300949
14.0472 4.35214 0.299937
14.0376 4.39055 0.303326
14.0914 4.40703 0.29632
14.1085 4.32761 0.300923
14.0735 4.35493 0.298644
14.1526 4.45682 0.301779
14.1263 4.41593 0.299569
14.0865 4.49218 0.301031
14.0557 4.31481 0.302677
14.1531 4.30822 0.30031
14.0026 4.32099 0.301466
14.0774 4.31417 0.299932
14.0197 4.33308 0.297764
14.1238 4.34112 0.298989
14.0773 4.39281 0.301633
13.9922 4.37746 0.299049
14.047 4.34539 0.302198
14.0153 4.27106 0.299106
14.1573 4.4912 0.302201
14.0411 4.36808 0.303792
14.0885 4.35505 0.30203
14.0788 4.24305 0.300371
14.0695 4.44357 0.296601
14.0809 4.37439 0.297563
14.0693 4.4453 0.299045
14.1626 4.38045 0.297449
14.0038 4.34578 0.302028
13.9624 4.35787 0.298117
14.0626 4.3722 0.303292
13.9374 4.30615 0.299327
14.0104 4.48851 0.302834
14.1535 4.44002 0.297651
14.1507 4.41411 0.300137
14.0698 4.34769 0.301822
14.1178 4.45358 0.29817
14.0413 4.3962 0.296782
14.0692 4.44524 0.302396
13.9852 4.31435 0.298584
14.0447 4.35384 0.301946
14.0979 4.4351 0.297751
14.0257 4.3302 0.294131
14.0695 4.33668 0.302031
14.0484 4.3146 0.295463
14.1161 4.30448 0.302438
14.1216 4.39644 0.299204
14.0765 4.4165 0.298163
14.0933 4.44265 0.29878
13.982 4.48031 0.301552
14.1433 4.33269 0.300768
14.0706 4.26705 0.301913
14.0371 4.40062 0.300859
14.1791 4.36007 0.298282
14.1933 4.3094 0.297358
14.1171 4.42308 0.301643
14.0172 4.45146 0.301475
14.1264 4.25337 0.299271
14.0954 4.40426 0.303869
14.0441 4.30773 0.299427
14.0444 4.48227 0.303189
14.1067 4.45293 0.297407
14.174 4.44494 0.299785
14.1204 4.41305 0.297719
14.0424 4.40817 0.300443
14.0845 4.5179 0.298173
14.0361 4.5522 0.298369
14.121 4.37363 0.299913
14.0432 4.3925 0.29871
14.1053 4.4543 0.296764
14.0892 4.464 0.297715
14.1243 4.29243 0.297971
14.1166 4.42848 0.299712
14.0657 4.40576 0.300353
14.1156 4.20166 0.298901
14.054 4.36425 0.299087
14.024 4.35033 0.29923
14.1053 4.36607 0.300306
14.0252 4.3143 0.29741
13.9855 4.40247 0.301148
14.2482 4.29674 0.299786
14.0469 4.37687 0.30076
14.0407 4.39527 0.300547
14.0434 4.45441 0.302701
13.9982 4.43134 0.299415
14.0436 4.41812 0.298665
14.0237 4.37496 0.30114
14.0654 4.41491 0.300543
14.137 4.31725 0.299807
14.0524 4.44647 0.302618
14.079 4.3415 0.299589
14.0989 4.40887 0.301042
14.1351 4.33329 0.30024
14.0747 4.27151 0.298379
14.066 4.34447 0.29961
14.0747 4.45407 0.299041
14.0576 4.49495 0.297302
13.9906 4.45086 0.298896
14.1784 4.31528 0.300642
13.9048 4.34728 0.299525
14.0138 4.4238 0.299485
14.0487 4.40792 0.302596
14.0912 4.29398 0.298268
14.1149 4.31062 0.300903
14.0619 4.41593 0.29676
14.0245 4.39885 0.299807
14.0591 4.46433 0.299926
14.0301 4.444 0.298035
13.9763 4.36403 0.298914
14.0785 4.32333 0.300154
14.0867 4.32216 0.301755
14.0494 4.41528 0.302346
14.0691 4.28784 0.301456
14.1019 4.36953 0.302087
14.0307 4.43382 0.303012
13.9673 4.36909 0.300611
14.0398 4.39278 0.297126
14.1269 4.39493 0.299901
14.0521 4.34548 0.296647
14.1548 4.27094 0.297816
14.0554 4.36878 0.299492
14.079 4.47243 0.300346
14.0081 4.37297 0.300845
14.0771 4.2886 0.300878
14.0081 4.43182 0.299923
14.0127 4.47179 0.301297
14.0246 4.40089 0.301165
14.132 4.34122 0.302348
13.9993 4.43419 0.302387
14.0876 4.37495 0.300757
14.0911 4.39053 0.302725
14.0739 4.39557 0.304317
14.0504 4.39798 0.30023
14.0637 4.31234 0.299131
14.023 4.47551 0.297726
14.1586 4.37964 0.294993
14.0145 4.47294 0.296269
14.0196 4.36793 0.299785
14.0305 4.3758 0.298347
14.0999 4.29164 0.29797
14.0237 4.39217 0.297098
14.0957 4.44978 0.302101
14.0919 4.3703 0.296592
14.0587 4.37283 0.300684
14.0037 4.32574 0.300171
14.1531 4.3514 0.300845
14.0015 4.36696 0.299879
14.0628 4.36946 0.29954
14.1201 4.36735 0.300611
14.1284 4.34458 0.300433
14.1127 4.36256 0.302041
14.1107 4.3735 0.30097
14.035 4.4464 0.299099
14.0466 4.42851 0.297975
14.0242 4.3986 0.302019
14.077 4.38739 0.302603
14.1869 4.21883 0.297107
14.1906 4.25336 0.299818
14.0517 4.46624 0.300767
14.077 4.43228 0.298556
13.9443 4.35634 0.298953
14.1473 4.36547 0.297094
13.9961 4.32522 0.30173
14.105 4.50893 0.29977
14.0056 4.32459 0.300256
14.0571 4.50298 0.297328
13.9914 4.40053 0.299947
14.0246 4.37167 0.302199
14.0688 4.38252 0.297291
14.095 4.3374 0.302148
14.1162 4.37037 0.299266
14.0856 4.43205 0.299154
14.0557 4.43655 0.302002
14.0594 4.38767 0.298652
14.0725 4.36407 0.297387
14.1127 4.40649 0.30184
14.0423 4.40463 0.300683
14.0693 4.28069 0.304265
13.9678 4.39679 0.299948
14.1169 4.43266 0.298374
13.9447 4.42895 0.301096
14.0603 4.37232 0.300239
14.0047 4.46281 0.29908
14.0779 4.39362 0.30112
14.0541 4.32664 0.30265
14.0486 4.34302 0.303137
14.1439 4.37541 0.30294
14.0742 4.34984 0.301018
14.1456 4.41565 0.302238
14.0538 4.49395 0.302977
14.0527 4.46329 0.296478
14.1771 4.44187 0.301034
14.0293 4.36193 0.298567
14.0804 4.29122 0.299102
13.9941 4.39984 0.299657
14.0333 4.45207 0.300959
14.1218 4.44231 0.299337
14.101 4.31362 0.297787
13.984 4.3967 0.301768
14.0082 4.33909 0.300099
14.0287 4.36981 0.299857
14.0219 4.38071 0.300145
14.0899 4.30718 0.299474
14.0223 4.28718 0.300704
14.0441 4.42653 0.301273
13.9499 4.40478 0.299421
14.0232 4.48267 0.298369
14.0226 4.39246 0.299333
14.0379 4.32569 0.298918
14.0568 4.35589 0.299108
14.0755 4.35809 0.300881
14.0344 4.44875 0.296058
14.0931 4.36851 0.297818
14.0354 4.41576 0.303609
14.1038 4.36589 0.300676
13.996 4.39607 0.302383
14.0827 4.43132 0.299054
14.1243 4.35104 0.29847
14.1049 4.35972 0.299028
14.1567 4.40501 0.300618
13.9909 4.29404 0.302533
14.1216 4.42648 0.299437
14.1044 4.39615 0.300028
14.0473 4.34915 0.298722
14.1777 4.33328 0.300453
14.0698 4.33452 0.297115
14.0504 4.4183 0.29563
14.0437 4.39874 0.300577
14.0254 4.39218 0.300976
14.0326 4.38196 0.299644
14.1713 4.36198 0.299505
14.0213 4.35262 0.300304
14.0442 4.35133 0.296969
14.1043 4.42991 0.300223
14.0869 4.40053 0.297668
13.8902 4.626 0.303013
