189.222 -10.3452 3.1616
189.363 -10.4532 3.16093
189.317 -10.3738 3.16207
189.322 -10.5162 3.16436
189.235 -10.3626 3.16081
189.415 -10.3509 3.16104
189.271 -10.2678 3.16488
189.409 -10.3245 3.16326
189.349 -10.2727 3.16211
189.324 -10.409 3.16382
189.371 -10.4155 3.16484
189.405 -10.4104 3.16227
189.354 -10.4578 3.16011
189.353 -10.4633 3.16007
189.394 -10.3413 3.16725
189.327 -10.3742 3.16031
189.281 -10.2523 3.16371
189.275 -10.408 3.16312
189.405 -10.4297 3.16316
189.335 -10.363 3.1658
189.301 -10.3747 3.16349
189.294 -10.4407 3.16187
189.293 -10.4415 3.16192
189.331 -10.3809 3.16068
189.226 -10.3684 3.161
189.23 -10.3698 3.16115
189.368 -10.3908 3.16041
189.37 -10.4484 3.16592
189.357 -10.3866 3.16525
189.45 -10.405 3.16413
189.259 -10.4686 3.16236
189.337 -10.3607 3.16282
189.354 -10.3845 3.16448
189.303 -10.389 3.16201
189.398 -10.2471 3.16343
189.323 -10.3484 3.16349
189.448 -10.3578 3.16243
189.272 -10.3781 3.16107
189.27 -10.3763 3.16098
189.328 -10.3217 3.16416
189.4 -10.3988 3.16503
189.411 -10.3721 3.16341
189.309 -10.4066 3.15964
189.367 -10.3495 3.16308
189.322 -10.3931 3.16435
189.217 -10.3232 3.15694
189.471 -10.3942 3.16363
189.344 -10.459 3.15905
189.326 -10.3535 3.16355
189.352 -10.3208 3.16315
189.434 -10.4243 3.16548
189.268 -10.3114 3.16456
189.294 -10.4037 3.16147
189.352 -10.4397 3.16749
189.298 -10.3843 3.16222
189.297 -10.3708 3.16187
189.317 -10.3365 3.16335
189.263 -10.3823 3.1602
189.258 -10.3889 3.16008
189.391 -10.4518 3.16365
189.397 -10.2982 3.16304
189.291 -10.3712 3.1621
189.381 -10.4251 3.16239
189.384 -10.4328 3.16254
189.355 -10.383 3.16379
189.22 -10.3015 3.15943
189.223 -10.2728 3.16004
189.315 -10.363 3.16281
189.403 -10.3254 3.16674
189.403 -10.3782 3.16175
189.252 -10.4241 3.16241
189.403 -10.3981 3.16144
189.426 -10.4393 3.16607
189.367 -10.2884 3.15967
189.31 -10.3777 3.16367
189.227 -10.3644 3.16121
189.267 -10.5019 3.16176
189.275 -10.3452 3.1651
189.371 -10.4097 3.1642
189.349 -10.3842 3.16419
189.304 -10.3221 3.16207
189.396 -10.4313 3.16348
189.231 -10.3509 3.16248
189.355 -10.3449 3.16186
189.388 -10.473 3.16429
189.302 -10.5075 3.16417
189.236 -10.3062 3.16436
189.253 -10.3859 3.16173
189.188 -10.3228 3.16249
189.185 -10.3266 3.16259
189.308 -10.3919 3.16338
189.293 -10.4325 3.16202
189.311 -10.3424 3.15912
189.248 -10.3253 3.16592
189.253 -10.363 3.161
189.275 -10.3674 3.16295
189.283 -10.316 3.15957
189.377 -10.2608 3.16401
189.334 -10.4054 3.16215
189.38 -10.3843 3.16743
189.277 -10.3801 3.16112
189.281 -10.4858 3.16493
189.32 -10.5095 3.1646
189.314 -10.5178 3.16447
189.294 -10.4086 3.16109
189.433 -10.3864 3.16362
189.459 -10.3122 3.1651
189.316 -10.3726 3.16694
189.322 -10.3804 3.1606
189.326 -10.382 3.16095
189.342 -10.2763 3.1621
189.337 -10.2868 3.15958
189.304 -10.3189 3.16093
189.475 -10.3515 3.16654
189.368 -10.4175 3.16496
189.18 -10.3429 3.15819
189.355 -10.4573 3.15989
189.441 -10.3899 3.16342
189.402 -10.3699 3.16222
189.404 -10.3712 3.16228
189.389 -10.2629 3.16772
189.28 -10.4088 3.16314
189.284 -10.4132 3.16312
189.402 -10.438 3.16317
189.423 -10.3681 3.16645
189.418 -10.2708 3.16644
189.287 -10.4475 3.16191
189.293 -10.4466 3.16184
189.328 -10.3743 3.16074
189.329 -10.3815 3.16066
189.347 -10.3018 3.16401
189.266 -10.2976 3.1651
189.237 -10.2734 3.15883
189.232 -10.2738 3.15892
189.358 -10.3877 3.16523
189.4 -10.3751 3.16416
189.32 -10.4527 3.16351
189.268 -10.4684 3.16256
189.372 -10.3997 3.16586
189.374 -10.3089 3.16026
189.312 -10.5145 3.16434
189.3 -10.4194 3.16658
189.317 -10.3785 3.16262
189.37 -10.3442 3.1613
189.269 -10.3779 3.16091
189.354 -10.4509 3.16514
189.285 -10.3183 3.15915
189.258 -10.3166 3.16441
189.419 -10.3706 3.16353
189.313 -10.4026 3.15967
189.289 -10.3303 3.16635
189.362 -10.3493 3.16304
189.359 -10.336 3.16168
189.359 -10.3339 3.16198
189.218 -10.3486 3.16065
189.374 -10.3978 3.16317
189.456 -10.3696 3.1641
189.297 -10.4304 3.16441
189.233 -10.4176 3.16252
189.262 -10.3439 3.16147
189.267 -10.4265 3.16385
189.225 -10.3545 3.15669
189.385 -10.4085 3.1638
189.271 -10.3135 3.16466
189.36 -10.4555 3.16059
189.424 -10.3745 3.16262
189.34 -10.3708 3.16284
189.382 -10.4062 3.16435
189.334 -10.3093 3.1648
189.312 -10.3307 3.16334
189.264 -10.3881 3.16013
189.26 -10.382 3.1602
189.429 -10.356 3.16537
189.327 -10.3997 3.1647
189.303 -10.2461 3.1595
189.268 -10.3767 3.16252
189.378 -10.3924 3.16753
189.369 -10.3835 3.16417
189.452 -10.4694 3.16438
189.313 -10.4721 3.16282
189.324 -10.3606 3.16288
189.329 -10.3626 3.1632
189.253 -10.4284 3.16233
189.362 -10.487 3.16466
189.365 -10.4871 3.16466
189.4 -10.3607 3.16351
189.336 -10.3557 3.16483
189.301 -10.3804 3.16388
189.35 -10.3339 3.16469
189.429 -10.339 3.16686
189.268 -10.5063 3.16166
189.371 -10.4001 3.16263
189.293 -10.4887 3.16267
189.254 -10.4168 3.1617
189.338 -10.4744 3.1649
189.396 -10.4293 3.16355
189.266 -10.4204 3.16309
189.371 -10.4494 3.16528
189.357 -10.3436 3.16174
189.387 -10.474 3.16403
189.228 -10.3635 3.16447
189.309 -10.3938 3.16356
189.35 -10.3887 3.16355
189.298 -10.4303 3.16197
189.314 -10.3435 3.15918
189.337 -10.385 3.16357
189.281 -10.3879 3.16131
189.274 -10.3844 3.1615
189.279 -10.3612 3.16302
189.278 -10.3714 3.16292
189.275 -10.3693 3.16281
189.224 -10.3421 3.16166
189.358 -10.4528 3.16116
189.329 -10.4118 3.16247
189.403 -10.2623 3.16535
189.449 -10.2955 3.16577
189.297 -10.4069 3.16107
189.364 -10.3999 3.16351
189.44 -10.3404 3.16642
189.349 -10.3387 3.16392
189.407 -10.3224 3.16328
189.322 -10.387 3.16083
189.35 -10.2762 3.16216
189.282 -10.3805 3.16195
189.304 -10.4311 3.16315
189.302 -10.4241 3.16309
189.174 -10.3467 3.15837
189.397 -10.4157 3.16207
189.352 -10.4622 3.16004
189.349 -10.3674 3.15996
189.33 -10.3744 3.16044
189.298 -10.4001 3.16269
189.284 -10.4096 3.16299
189.328 -10.4437 3.16373
189.292 -10.4459 3.16179
189.294 -10.4442 3.16173
189.346 -10.306 3.1639
189.261 -10.3525 3.16482
189.232 -10.3706 3.1611
189.323 -10.3635 3.16361
189.287 -10.4093 3.16361
189.391 -10.4914 3.16119
189.318 -10.4481 3.16339
189.312 -10.4854 3.1647
189.312 -10.4922 3.16485
189.315 -10.4881 3.1649
189.164 -10.3048 3.16094
189.322 -10.3578 3.16459
189.338 -10.3601 3.16292
189.336 -10.3644 3.16284
189.422 -10.2538 3.16447
189.312 -10.4034 3.16311
189.376 -10.2996 3.16175
189.284 -10.4318 3.1652
189.316 -10.3432 3.1635
189.318 -10.3451 3.16357
189.322 -10.3736 3.16256
189.449 -10.3558 3.16229
189.378 -10.341 3.16118
189.268 -10.3777 3.16087
189.358 -10.4583 3.16505
189.261 -10.3175 3.16462
189.417 -10.3747 3.16361
189.419 -10.3734 3.16366
189.319 -10.4074 3.15981
189.354 -10.3105 3.1648
189.399 -10.2785 3.16823
189.28 -10.3787 3.16398
189.212 -10.3521 3.16084
189.414 -10.3151 3.16725
189.361 -10.3548 3.16275
189.366 -10.3567 3.16267
189.404 -10.55 3.16585
189.235 -10.4136 3.1626
189.359 -10.3802 3.1654
189.258 -10.3435 3.16167
189.291 -10.3743 3.16438
189.274 -10.4243 3.16396
189.336 -10.4266 3.16646
189.339 -10.4305 3.16634
189.364 -10.3532 3.162
189.37 -10.354 3.1619
189.295 -10.4055 3.16147
189.418 -10.3723 3.16294
189.341 -10.3731 3.16311
189.287 -10.4932 3.16546
189.306 -10.376 3.16193
189.262 -10.3831 3.16024
189.329 -10.4066 3.1648
189.453 -10.4091 3.16248
189.285 -10.4296 3.1656
189.314 -10.2898 3.1636
189.273 -10.38 3.16247
189.375 -10.4334 3.16216
189.218 -10.3 3.15924
189.28 -10.2339 3.16248
189.341 -10.3433 3.16747
189.214 -10.2933 3.15857
189.361 -10.452 3.16745
189.333 -10.3667 3.16323
189.352 -10.3086 3.16607
189.252 -10.4291 3.1623
189.359 -10.4804 3.1647
189.397 -10.3613 3.1635
189.396 -10.361 3.16354
189.362 -10.3701 3.1673
189.325 -10.3661 3.16313
189.353 -10.3379 3.16479
189.273 -10.5052 3.16181
189.362 -10.4293 3.16463
189.368 -10.4068 3.16419
189.253 -10.4144 3.1617
189.335 -10.4679 3.16511
189.338 -10.2898 3.16037
189.263 -10.4237 3.16315
189.278 -10.405 3.16463
189.391 -10.3353 3.16376
189.332 -10.3123 3.16608
189.299 -10.506 3.16418
189.256 -10.3838 3.16141
189.189 -10.3253 3.16235
189.297 -10.4323 3.16216
189.252 -10.3925 3.16321
189.275 -10.389 3.16139
189.277 -10.3851 3.16142
189.271 -10.3712 3.16287
189.284 -10.3117 3.15961
189.214 -10.2673 3.15951
189.362 -10.4491 3.16119
189.335 -10.408 3.16249
189.338 -10.4049 3.16231
189.274 -10.3761 3.16124
189.317 -10.513 3.16473
189.295 -10.4097 3.1612
189.371 -10.3997 3.16345
189.463 -10.3155 3.16506
189.404 -10.3185 3.16333
189.411 -10.4358 3.16577
189.273 -10.3813 3.16214
189.475 -10.3537 3.16678
189.177 -10.3509 3.15843
189.181 -10.3459 3.15834
189.356 -10.4564 3.16002
189.393 -10.3345 3.16739
189.329 -10.375 3.16056
189.298 -10.4054 3.16295
189.221 -10.3166 3.16149
189.422 -10.3681 3.16655
189.289 -10.4523 3.16479
189.292 -10.4463 3.16188
189.332 -10.5074 3.16513
189.46 -10.3122 3.16513
189.288 -10.4105 3.16347
189.354 -10.3149 3.16197
189.395 -10.3676 3.16231
189.442 -10.4038 3.16439
189.308 -10.4884 3.16484
189.259 -10.4667 3.16246
189.409 -10.3539 3.16452
189.303 -10.5112 3.1641
189.306 -10.5182 3.16436
189.31 -10.515 3.16414
189.304 -10.388 3.16203
189.385 -10.3666 3.16629
189.328 -10.3842 3.16272
189.324 -10.3783 3.16282
189.385 -10.4327 3.16759
189.272 -10.3802 3.1609
189.272 -10.3843 3.16097
189.359 -10.4553 3.16521
189.285 -10.3255 3.15929
189.412 -10.3765 3.16344
189.314 -10.4037 3.16001
189.281 -10.3631 3.16238
189.364 -10.346 3.16306
189.282 -10.3747 3.16372
189.219 -10.3156 3.15702
189.369 -10.3948 3.16301
189.465 -10.3932 3.16359
189.305 -10.4319 3.16432
189.349 -10.4498 3.15915
189.26 -10.3364 3.16153
189.285 -10.3748 3.16448
189.221 -10.3567 3.15669
189.354 -10.4556 3.16056
189.297 -10.4066 3.16138
189.373 -10.3337 3.1641
189.293 -10.3689 3.16196
189.266 -10.3924 3.16014
189.257 -10.388 3.16013
189.456 -10.409 3.16244
189.389 -10.4575 3.16385
189.277 -10.4276 3.16492
189.272 -10.3729 3.16222
189.218 -10.2987 3.15917
189.369 -10.388 3.16427
189.43 -10.3704 3.16566
189.401 -10.4086 3.16512
189.318 -10.3596 3.16287
189.286 -10.3165 3.16519
189.195 -10.3886 3.16254
189.403 -10.3947 3.16144
189.368 -10.2977 3.15953
189.282 -10.3463 3.16537
189.345 -10.3377 3.16467
189.424 -10.3473 3.16681
189.287 -10.3467 3.16212
189.29 -10.4968 3.16291
189.249 -10.418 3.16165
189.303 -10.3683 3.16482
189.34 -10.2888 3.16023
189.266 -10.4221 3.16317
189.266 -10.4208 3.16303
189.279 -10.4081 3.16438
189.273 -10.3526 3.16133
189.356 -10.3385 3.16182
189.388 -10.3798 3.16337
189.354 -10.2391 3.16327
189.392 -10.2865 3.16195
189.421 -10.2986 3.1604
189.351 -10.391 3.16369
189.35 -10.3978 3.16354
189.315 -10.3403 3.1589
189.276 -10.3885 3.16142
189.289 -10.3155 3.1596
189.362 -10.4572 3.16107
189.336 -10.4065 3.16231
189.269 -10.3722 3.16105
189.269 -10.3761 3.1611
189.289 -10.4824 3.16499
189.296 -10.4066 3.16136
189.236 -10.3595 3.1608
189.413 -10.3582 3.16093
189.323 -10.4242 3.16144
189.368 -10.4647 3.16471
189.276 -10.3787 3.16195
189.356 -10.3973 3.16385
189.402 -10.4139 3.16207
189.35 -10.4648 3.16002
189.327 -10.3895 3.16759
189.327 -10.3765 3.16053
189.329 -10.378 3.16038
189.4 -10.3553 3.16489
189.306 -10.4002 3.16278
189.285 -10.4072 3.16313
189.287 -10.4538 3.16496
189.3 -10.3839 3.16343
189.299 -10.4435 3.1618
189.328 -10.3807 3.16078
189.232 -10.3691 3.16108
189.337 -10.3744 3.16471
189.288 -10.4047 3.1633
189.467 -10.341 3.16651
189.318 -10.4486 3.1635
189.314 -10.4487 3.16351
189.319 -10.4479 3.16352
189.447 -10.4014 3.16428
189.164 -10.3108 3.16104
189.317 -10.3653 3.16445
189.351 -10.3838 3.16456
189.306 -10.3882 3.16196
189.323 -10.3725 3.16281
189.319 -10.2748 3.16084
189.27 -10.3791 3.16114
189.364 -10.451 3.165
189.397 -10.4008 3.16493
189.297 -10.4384 3.16322
189.295 -10.4414 3.16323
189.41 -10.418 3.1706
189.358 -10.3529 3.16364
189.285 -10.3616 3.16231
189.287 -10.3799 3.16386
189.213 -10.3501 3.16078
189.362 -10.4029 3.16246
189.234 -10.3654 3.16548
189.303 -10.4313 3.16431
189.351 -10.4546 3.15919
189.264 -10.3422 3.16143
189.289 -10.3722 3.16461
189.283 -10.3766 3.16464
189.354 -10.328 3.16307
189.371 -10.3519 3.16198
189.352 -10.4572 3.16061
189.291 -10.4038 3.16147
189.302 -10.3905 3.16231
189.297 -10.3674 3.1617
189.315 -10.3442 3.16323
189.326 -10.4012 3.16483
189.398 -10.3373 3.16286
189.27 -10.3722 3.16246
189.352 -10.3868 3.16398
189.219 -10.3083 3.15924
189.376 -10.3926 3.16743
189.455 -10.4743 3.16441
189.224 -10.2749 3.16005
189.212 -10.2982 3.15856
189.32 -10.361 3.1626
189.338 -10.365 3.16337
189.193 -10.3869 3.16239
191.097 -10.4222 3.14578
