279.102 12.9065 5.07837
279.201 12.9713 5.07696
279.186 12.8846 5.07664
279.172 12.8376 5.07473
279.093 12.8781 5.07412
279.05 13.0101 5.07759
279.114 12.9336 5.07725
279.11 12.9301 5.07697
279.178 12.9338 5.07825
279.158 12.9864 5.07624
279.068 12.9173 5.07663
279.069 12.9154 5.07682
279.197 12.9198 5.07646
279.168 12.9858 5.07739
279.108 12.8935 5.07262
279.054 12.9234 5.07482
279.057 12.9242 5.07469
279.048 12.923 5.07479
279.106 12.8771 5.07524
279.124 12.9026 5.07646
279.112 12.9103 5.07725
279.175 12.9733 5.07552
279.074 12.991 5.07582
279.106 12.8682 5.0766
279.169 12.9846 5.07654
279.153 12.9801 5.07797
279.108 12.8186 5.07751
279.144 12.882 5.07492
279.142 12.988 5.07342
279.26 12.9917 5.07855
279.239 12.8547 5.07627
279.12 12.8716 5.07616
279.057 12.8303 5.07689
279.175 12.7901 5.07425
279.155 12.8803 5.07992
279.02 12.9159 5.0768
279.162 12.9362 5.07676
279.209 12.9931 5.07662
279.236 12.9858 5.07655
279.112 12.8365 5.07657
279.151 12.9304 5.07638
279.131 12.8307 5.07531
279.109 12.9199 5.07714
279.074 12.9303 5.07619
279.145 13.0386 5.07706
279.094 12.8638 5.0761
279.09 12.8645 5.076
279.154 12.8957 5.07741
279.095 12.914 5.07667
279.144 12.8954 5.07668
279.066 12.9778 5.07666
279.065 12.9741 5.07657
279.207 12.9186 5.07959
279.141 12.8854 5.07642
279.207 12.9081 5.08135
279.053 12.9965 5.07579
279.091 12.9654 5.0749
279.088 12.9862 5.07793
279.127 12.8529 5.07844
279.126 13.017 5.07703
279.086 12.7958 5.07731
279.068 12.9795 5.07691
279.141 12.9548 5.07781
279.216 12.8965 5.07755
279.084 12.9348 5.07697
279.17 12.928 5.07644
279.179 12.9997 5.07464
279.218 12.9349 5.08222
279.108 12.8436 5.07507
279.11 12.8426 5.07513
279.182 12.8921 5.07809
279.151 12.8854 5.07657
279.163 12.8524 5.07683
279.162 12.8442 5.07336
279.161 12.9269 5.07592
279.184 12.9912 5.0752
279.072 12.9726 5.07623
279.047 12.8672 5.07621
279.098 12.9343 5.07721
279.071 12.9355 5.07646
279.134 12.9237 5.07519
279.16 12.9443 5.07222
279.079 12.8692 5.07784
279.19 12.8707 5.07415
279.092 12.9954 5.07743
279.097 12.9735 5.07798
279.17 12.824 5.07216
279.173 12.8286 5.07197
279.17 12.9448 5.0759
279.1 12.9312 5.07577
279.04 12.9384 5.07563
279.04 12.9451 5.07572
279.156 12.878 5.07811
279.093 12.913 5.07616
279.095 12.9151 5.07614
279.14 12.858 5.0758
279.182 12.901 5.0749
279.033 12.9822 5.0778
279.115 12.9624 5.07683
279.142 12.8319 5.07165
279.179 12.8212 5.07374
279.096 12.8285 5.07757
279.143 12.8912 5.07518
279.176 12.8663 5.0747
279.18 12.8738 5.07601
279.176 12.8746 5.07582
279.053 12.977 5.07568
279.053 12.9754 5.07583
279.083 12.9009 5.07584
279.049 12.9392 5.07722
279.133 13.039 5.07794
279.076 12.7648 5.07826
279.112 12.8004 5.07745
279.078 13.0088 5.07981
279.169 12.9025 5.07862
279.142 12.8743 5.07586
279.094 13.0387 5.07491
279.14 12.8542 5.07562
279.122 12.9462 5.07708
279.15 12.9061 5.07716
279.108 12.9021 5.07393
279.177 12.9077 5.07716
279.087 12.9977 5.07624
279.174 12.9014 5.07734
279.106 13.0134 5.07554
279.145 12.8821 5.07297
279.205 12.9401 5.07443
279.049 12.8525 5.07533
279.077 12.9397 5.07569
279.154 12.9341 5.07515
279.191 12.9964 5.07727
279.106 12.8154 5.07518
279.101 12.9555 5.07809
279.18 12.8765 5.07265
279.123 12.944 5.07646
279.179 12.9217 5.07375
279.107 13.0187 5.07798
279.052 12.9628 5.07587
279.143 12.9772 5.0744
279.081 12.941 5.0789
279.08 12.943 5.07871
279.107 12.9189 5.07585
279.109 12.9182 5.0759
279.153 12.9932 5.0764
279.175 12.9358 5.07776
279.167 12.8519 5.07891
279.181 12.9374 5.07812
279.206 12.866 5.07674
279.006 12.9718 5.0754
279.116 12.9496 5.0758
279.211 12.9207 5.07562
279.14 13.0092 5.07803
279.088 12.8876 5.07775
279.084 12.8856 5.07746
279.191 12.9785 5.07775
279.088 12.9748 5.0766
279.086 12.9871 5.07799
279.079 12.988 5.07802
279.193 12.8436 5.07625
279.123 12.9676 5.07734
279.129 12.8247 5.07583
279.172 12.9367 5.07772
279.199 12.943 5.07701
279.07 12.9803 5.07839
279.181 12.8983 5.07503
279.123 12.8757 5.07539
279.101 12.8898 5.07564
279.141 12.8822 5.07004
279.162 12.9093 5.07666
279.028 13.0153 5.07564
279.198 12.8716 5.07715
279.076 12.8817 5.07326
279.142 12.9731 5.07748
279.076 12.9801 5.07535
279.081 12.9173 5.07748
279.08 12.9081 5.07747
279.114 12.8592 5.07682
279.133 12.8939 5.07792
279.129 12.8027 5.07655
279.165 12.8782 5.07624
279.06 12.9523 5.07689
279.168 12.9698 5.07928
279.11 12.8718 5.07581
279.185 12.8794 5.07783
279.109 13.0037 5.07609
279.103 12.976 5.07704
279.062 13.0153 5.07314
279.091 12.8616 5.07641
279.14 12.9654 5.07643
279.102 12.905 5.07815
279.103 12.904 5.07814
279.168 12.9511 5.07187
279.053 12.9284 5.07745
279.185 12.9501 5.07809
279.145 12.9528 5.07731
279.048 13.0041 5.07774
279.055 13.0093 5.07771
279.071 12.928 5.07586
279.178 12.934 5.07824
279.147 12.7624 5.07899
279.139 12.7629 5.07899
279.097 12.8911 5.07662
279.131 12.985 5.07518
279.121 12.7931 5.07794
279.194 12.9218 5.07649
279.102 13.009 5.07901
279.173 12.9883 5.0772
279.021 12.9809 5.0752
279.088 12.9781 5.0758
279.151 12.8476 5.07374
279.134 12.9383 5.07543
279.129 12.9351 5.07521
279.11 12.9103 5.07741
279.065 12.9648 5.07348
279.08 12.992 5.07557
279.122 12.9626 5.07523
279.127 12.9579 5.07514
279.161 12.932 5.07721
279.167 12.9791 5.07641
279.107 12.9027 5.07759
279.106 12.9089 5.07755
279.151 12.9786 5.07773
279.058 12.8128 5.07803
279.109 12.8155 5.07742
279.141 12.8867 5.07484
279.203 12.8675 5.07692
279.086 12.9602 5.07785
279.091 12.9261 5.07577
279.09 12.9292 5.07594
279.07 13.0461 5.07671
279.117 12.8775 5.07613
279.248 12.9774 5.07422
279.027 12.9182 5.07692
279.007 12.9701 5.07897
279.014 12.9714 5.07878
279.098 12.8597 5.07749
279.107 12.8305 5.07672
279.051 12.9691 5.07564
279.051 12.971 5.07567
279.077 12.9279 5.0761
279.056 12.899 5.07832
279.174 12.8391 5.07588
279.099 12.917 5.0764
279.054 12.9613 5.07977
279.066 12.9723 5.07651
279.081 12.9416 5.07728
279.084 12.9404 5.07745
279.108 12.9111 5.07499
279.177 12.8862 5.07897
279.097 12.9264 5.0795
279.157 12.801 5.07615
279.054 12.9952 5.07583
279.094 12.9793 5.07779
279.121 12.857 5.07849
279.084 12.7887 5.07722
279.178 13.0329 5.07751
279.216 12.8914 5.07751
279.091 12.9401 5.07702
279.087 12.9443 5.07706
279.111 12.8983 5.07619
279.117 12.8149 5.07616
279.075 12.9309 5.07637
279.08 12.925 5.07619
279.151 13.0186 5.07986
279.181 12.8913 5.07802
279.175 12.8825 5.07768
279.121 12.9449 5.07846
279.158 12.9248 5.07593
279.188 12.9951 5.07501
279.073 12.9655 5.07638
279.1 12.9273 5.0759
279.052 12.8692 5.07616
279.13 12.9372 5.0775
279.068 12.9414 5.07645
279.139 12.916 5.07516
279.065 12.8694 5.07717
279.088 12.9927 5.0774
279.087 12.9937 5.07738
279.089 12.798 5.07687
279.162 12.9481 5.07574
279.172 12.945 5.07571
279.121 12.8811 5.07649
279.044 12.9445 5.07583
279.15 12.8749 5.07822
279.118 12.9403 5.07628
279.097 12.9195 5.07614
279.105 12.8913 5.07678
279.184 12.9044 5.07503
279.038 12.9815 5.07797
279.11 12.9583 5.07669
279.112 12.966 5.07684
279.108 12.96 5.0768
279.191 12.987 5.07652
279.152 12.924 5.0783
279.161 12.9236 5.07803
279.15 12.906 5.07983
279.089 12.9055 5.07691
279.088 12.9133 5.07691
279.051 12.9422 5.07746
279.185 12.8958 5.07537
279.103 12.8015 5.0774
279.041 12.8899 5.0741
279.046 13.0002 5.07638
279.049 12.9955 5.07625
279.135 12.8494 5.07456
279.088 12.9309 5.07683
279.179 12.8804 5.07935
279.122 12.9046 5.07715
279.147 12.9026 5.07741
279.214 12.7895 5.0742
279.002 13.0194 5.07547
279.09 13.0014 5.07644
279.185 12.9223 5.07515
279.095 13.0114 5.07556
279.084 12.922 5.07815
279.081 12.9277 5.07793
279.159 12.9971 5.0756
279.16 12.9946 5.07564
279.166 12.9942 5.07579
279.041 12.8496 5.07525
279.045 12.8497 5.07529
279.076 12.9338 5.07562
279.081 12.9813 5.07558
279.059 12.8956 5.07805
279.139 12.8898 5.07806
279.249 12.8698 5.07743
279.1 12.9534 5.07823
279.078 12.8943 5.07517
279.121 12.9439 5.07645
279.118 13.0433 5.07699
279.105 13.0265 5.07796
279.187 12.9449 5.07747
279.154 12.9838 5.07448
279.235 12.8513 5.07492
279.175 12.9267 5.07804
279.094 12.7862 5.07789
279.174 12.8903 5.07793
279.17 12.8476 5.07764
279.167 12.8404 5.07788
279.012 12.9676 5.07523
279.014 12.9689 5.07529
279.111 12.9482 5.07561
279.135 13.0053 5.07803
279.085 12.892 5.07779
279.084 12.9778 5.07664
279.081 12.8403 5.07608
279.158 12.9223 5.07188
279.119 12.9779 5.0772
279.049 12.955 5.07606
279.041 12.9431 5.07611
279.042 12.951 5.07619
279.134 12.8238 5.07562
279.061 12.9783 5.07827
279.084 12.9431 5.07707
279.102 12.8864 5.07551
279.099 12.8848 5.07532
279.243 12.8097 5.07691
279.16 12.9109 5.0768
279.098 12.9446 5.07785
279.191 12.9836 5.07795
279.143 12.983 5.07756
279.085 12.9759 5.07669
279.075 12.9703 5.0748
279.081 12.9111 5.07746
279.112 12.8592 5.07671
279.134 12.8101 5.07639
279.184 12.8874 5.07708
279.054 13.0228 5.07769
279.167 12.965 5.07911
279.234 12.8008 5.07452
279.111 12.877 5.07592
279.084 12.9706 5.07388
279.109 13.0082 5.07608
279.14 12.9038 5.07347
279.08 12.9571 5.07569
279.166 12.9694 5.07482
279.097 13.0217 5.07825
279.109 12.9041 5.07825
279.103 12.9018 5.0784
279.165 12.9603 5.07522
279.168 12.9576 5.07505
279.103 12.9483 5.07411
279.099 12.9488 5.0739
279.201 12.9779 5.07666
279.152 12.84 5.07715
279.182 12.8794 5.07668
279.201 12.8918 5.08065
279.139 12.952 5.07728
279.087 12.8778 5.07407
279.053 13.0103 5.07776
279.111 12.9313 5.07702
279.173 12.9345 5.07819
279.109 12.9242 5.07736
279.098 12.8883 5.07659
279.138 12.9853 5.07545
279.102 13.0121 5.07926
279.108 12.8861 5.07263
279.196 12.8507 5.07942
279.264 12.8727 5.07666
279.085 12.9732 5.07586
279.054 12.9265 5.07466
279.149 12.8884 5.07686
279.107 12.8686 5.07505
279.126 12.9351 5.07526
279.05 13.0082 5.07666
279.111 12.831 5.07704
279.17 12.97 5.07527
279.127 12.9554 5.07512
279.002 12.9373 5.07563
279.005 12.936 5.07575
279.173 12.9837 5.07644
279.182 13.0184 5.07793
279.124 12.8582 5.07575
279.108 12.8905 5.07978
279.203 12.8707 5.07681
279.092 12.9718 5.07777
279.087 12.9657 5.07789
279.081 12.9653 5.07723
279.115 12.8831 5.07612
279.111 12.879 5.07609
279.099 12.8703 5.07603
279.096 12.8716 5.07616
279.022 12.9181 5.07662
279.012 12.972 5.07892
279.174 12.8931 5.07366
279.104 12.8605 5.07742
279.102 12.8391 5.07637
279.105 12.8355 5.07654
279.193 12.9673 5.07356
279.135 12.8293 5.07537
279.176 12.8355 5.07439
279.114 12.926 5.07738
279.153 13.0356 5.07715
279.149 13.0354 5.07712
279.09 12.8653 5.07638
279.095 12.9146 5.07644
279.226 12.9072 5.07736
279.14 12.9258 5.07635
279.059 12.9515 5.07972
279.258 12.8647 5.07687
279.06 12.9705 5.07642
279.243 12.9958 5.07765
279.141 12.8879 5.07649
279.14 12.8866 5.07647
279.132 12.952 5.07251
279.046 12.9893 5.07461
279.091 12.9766 5.07794
279.11 12.8049 5.07482
279.129 12.8557 5.07835
279.068 12.9809 5.07699
279.067 12.9758 5.07686
279.178 13.0285 5.07773
279.182 13.0291 5.07768
279.15 12.8088 5.07338
279.088 12.9423 5.07725
279.12 12.8979 5.07645
279.116 12.7642 5.07905
279.118 12.8426 5.07513
279.148 13.0191 5.07974
279.179 12.8882 5.07778
279.147 12.9839 5.07674
279.14 12.8626 5.07221
279.14 12.8605 5.07229
279.114 12.8933 5.07736
279.081 12.9676 5.07633
279.106 12.9224 5.07579
279.051 12.8709 5.07605
279.133 12.9408 5.07749
279.073 12.9401 5.07641
279.158 12.89 5.07204
279.061 12.8682 5.07722
279.068 12.9865 5.07294
279.095 12.9747 5.078
279.17 12.8244 5.07212
279.164 12.9412 5.07568
279.103 12.9346 5.07559
279.154 12.8774 5.07814
279.102 12.9127 5.07608
279.086 12.8981 5.07654
279.081 12.9022 5.07643
279.083 12.9048 5.07645
279.031 12.9794 5.07801
279.111 13.0411 5.07767
279.113 13.0365 5.07764
279.177 12.8218 5.07393
279.135 12.8894 5.07511
279.143 12.8898 5.07504
279.152 12.9121 5.07975
279.054 12.975 5.07582
279.091 12.9099 5.07693
279.222 12.9602 5.07437
279.047 12.9364 5.07719
279.106 12.7977 5.07753
279.074 13.0076 5.07989
279.098 12.9187 5.07706
279.141 12.8653 5.0761
279.088 12.9512 5.07661
279.145 12.9588 5.07573
279.181 12.8829 5.0796
279.428 12.2433 5.05904
