189.484 24.2522 0.0748905
189.483 24.2391 0.076096
189.495 24.1294 0.0767166
189.533 24.2595 0.0774901
189.556 24.1835 0.0738505
189.505 24.2299 0.0758142
189.517 24.2571 0.0719105
189.474 24.2908 0.0752775
189.56 24.2097 0.0755595
189.519 24.2734 0.0750176
189.549 24.225 0.0750723
189.547 24.2261 0.0761568
189.537 24.2376 0.0744332
189.529 24.1982 0.0785967
189.53 24.2691 0.0775929
189.527 24.2233 0.0716093
189.6 24.227 0.0728406
189.585 24.1993 0.074671
189.483 24.2391 0.076096
189.583 24.227 0.074194
189.531 24.1739 0.077711
189.513 24.2745 0.0750115
189.554 24.2299 0.0746712
189.505 24.2299 0.0758142
189.525 24.2564 0.0760473
189.465 24.2987 0.0756946
189.588 24.2333 0.0733646
189.488 24.2697 0.0717236
189.519 24.2734 0.0750176
189.549 24.225 0.0750723
189.547 24.2261 0.0761568
189.456 24.285 0.0758242
189.529 24.1982 0.0785967
189.543 24.2246 0.0759001
189.53 24.2691 0.0775929
189.59 24.2349 0.0739016
189.484 24.2522 0.0748905
189.596 24.2131 0.0706969
189.554 24.2299 0.0746712
189.52 24.1942 0.0739961
189.525 24.2564 0.0760473
189.571 24.2466 0.0757092
189.588 24.2028 0.0740169
189.596 24.2095 0.0726816
189.519 24.2734 0.0750176
189.524 24.2444 0.073228
189.485 24.2621 0.076127
189.529 24.1982 0.0785967
189.53 24.2691 0.0775929
189.59 24.2349 0.0739016
189.56 24.1936 0.0761953
189.585 24.1993 0.074671
189.479 24.2843 0.0758832
189.554 24.2299 0.0746712
189.568 24.2357 0.0737921
189.505 24.2299 0.0758142
189.545 24.2458 0.0721395
189.474 24.2908 0.0752775
189.588 24.2333 0.0733646
189.515 24.1337 0.0771722
189.549 24.225 0.0750723
189.552 24.2302 0.0750092
189.546 24.2548 0.073808
189.505 24.2359 0.0760347
189.543 24.2246 0.0759001
189.528 24.2154 0.075264
189.478 24.2163 0.0730597
189.59 24.2349 0.0739016
189.523 24.2371 0.0742256
189.484 24.2522 0.0748905
189.535 24.2366 0.0751657
189.571 24.2438 0.0734096
189.533 24.2595 0.0774901
189.533 24.2595 0.0774901
189.587 24.1932 0.0719041
189.505 24.2299 0.0758142
189.465 24.2987 0.0756946
189.527 24.1887 0.0752771
189.578 24.1461 0.0720567
189.571 24.2466 0.0757092
189.56 24.2097 0.0755595
189.56 24.2097 0.0755595
189.531 24.2482 0.0745258
189.579 24.1967 0.0745246
189.537 24.2376 0.0744332
189.494 24.1832 0.0755234
189.439 24.2895 0.0738689
189.53 24.2691 0.0775929
189.53 24.2691 0.0775929
189.549 24.1929 0.0723401
189.56 24.1936 0.0761953
189.592 24.1693 0.0768319
189.483 24.2391 0.076096
189.479 24.2843 0.0758832
189.511 24.2689 0.0739575
189.533 24.2595 0.0774901
189.52 24.1942 0.0739961
189.527 24.1887 0.0752771
189.54 24.2276 0.0741892
189.514 24.2125 0.0725626
189.583 24.2401 0.0746407
189.552 24.2302 0.0750092
189.542 24.2218 0.0757902
189.521 24.2146 0.0754941
189.485 24.2621 0.076127
189.505 24.2359 0.0760347
189.543 24.2246 0.0759001
189.624 24.203 0.0725507
189.59 24.2349 0.0739016
189.628 24.2144 0.0750806
189.585 24.1993 0.074671
189.583 24.227 0.074194
189.513 24.2745 0.0750115
189.568 24.2357 0.0737921
189.525 24.2564 0.0760473
189.465 24.2987 0.0756946
189.571 24.2466 0.0757092
189.593 24.2055 0.0735635
189.56 24.2097 0.0755595
189.49 24.2187 0.0730467
189.555 24.244 0.0737794
189.464 24.0772 0.0717337
189.504 24.2706 0.073947
189.543 24.2246 0.0759001
189.53 24.2691 0.0775929
189.559 24.1735 0.0744225
189.506 24.2321 0.0751702
189.602 24.2285 0.0751878
189.592 24.1693 0.0768319
189.535 24.2366 0.0751657
189.494 24.2426 0.075774
189.511 24.2689 0.0739575
189.568 24.2357 0.0737921
189.525 24.2564 0.0760473
189.525 24.2564 0.0760473
189.501 24.2316 0.0731093
189.54 24.2276 0.0741892
189.56 24.2097 0.0755595
189.475 24.2767 0.0722108
189.521 24.2146 0.0754941
189.578 24.2439 0.0717061
189.543 24.2246 0.0759001
189.543 24.2246 0.0759001
189.439 24.2895 0.0738689
189.563 24.2126 0.0742184
189.575 24.1843 0.0757519
189.506 24.2321 0.0751702
189.592 24.1693 0.0768319
189.484 24.2522 0.0748905
189.531 24.1739 0.077711
189.513 24.2745 0.0750115
189.551 24.2474 0.0716549
189.554 24.2299 0.0746712
189.529 24.2555 0.0735847
189.601 24.2326 0.0730863
189.527 24.1887 0.0752771
189.571 24.2466 0.0757092
189.592 24.1508 0.072727
189.519 24.2734 0.0750176
189.547 24.2261 0.0761568
189.537 24.2376 0.0744332
189.515 24.2685 0.0701831
189.528 24.2154 0.075264
189.53 24.2691 0.0775929
189.575 24.1843 0.0757519
189.592 24.1693 0.0768319
189.585 24.1993 0.074671
189.583 24.227 0.074194
189.531 24.1739 0.077711
189.531 24.1739 0.077711
189.533 24.2595 0.0774901
189.533 24.2595 0.0774901
189.505 24.2299 0.0758142
189.505 24.2299 0.0758142
189.56 24.1833 0.0728175
189.573 24.2049 0.0706423
189.596 24.2095 0.0726816
189.547 24.1986 0.0759222
189.547 24.2261 0.0761568
189.504 24.2706 0.073947
189.528 24.2154 0.075264
189.53 24.2691 0.0775929
189.56 24.1936 0.0761953
189.628 24.2144 0.0750806
189.535 24.2366 0.0751657
189.513 24.2745 0.0750115
189.554 24.2299 0.0746712
189.533 24.2595 0.0774901
189.56 24.2337 0.0723546
189.505 24.2299 0.0758142
189.548 24.1995 0.0717068
189.571 24.2466 0.0757092
189.566 24.169 0.0746978
189.531 24.2482 0.0745258
189.547 24.2261 0.0761568
189.505 24.2359 0.0760347
189.528 24.2154 0.075264
189.549 24.1929 0.0723401
189.53 24.1654 0.075729
189.551 24.1757 0.0726586
189.585 24.1993 0.074671
189.585 24.1993 0.074671
189.483 24.2391 0.076096
189.479 24.2843 0.0758832
189.532 24.1685 0.0713356
189.601 24.2326 0.0730863
189.474 24.2908 0.0752775
189.571 24.2466 0.0757092
189.593 24.2055 0.0735635
189.558 24.2321 0.074178
189.549 24.225 0.0750723
189.521 24.2146 0.0754941
189.546 24.2548 0.073808
189.529 24.1982 0.0785967
189.53 24.2691 0.0775929
189.553 24.2584 0.0721843
189.56 24.1936 0.0761953
189.6 24.227 0.0728406
189.494 24.2426 0.075774
189.531 24.1739 0.077711
189.533 24.2595 0.0774901
189.553 24.1764 0.0727102
189.525 24.2564 0.0760473
189.571 24.2466 0.0757092
189.571 24.2466 0.0757092
189.505 24.2051 0.0726194
189.519 24.2734 0.0750176
189.555 24.244 0.0737794
189.552 24.2302 0.0750092
189.524 24.2444 0.073228
189.522 24.2403 0.0718916
189.529 24.1982 0.0785967
189.53 24.2691 0.0775929
189.53 24.2691 0.0775929
189.623 24.2029 0.073501
189.59 24.2349 0.0739016
189.592 24.1693 0.0768319
189.535 24.2366 0.0751657
189.678 24.1736 0.07344
189.511 24.2689 0.0739575
189.469 24.281 0.0733408
189.497 24.273 0.0743201
189.439 24.2265 0.0739424
189.558 24.2321 0.074178
189.542 24.2218 0.0757902
189.485 24.2621 0.076127
189.529 24.1982 0.0785967
189.53 24.2691 0.0775929
189.572 24.217 0.0733964
189.59 24.2349 0.0739016
189.602 24.2285 0.0751878
189.483 24.2391 0.076096
189.531 24.1739 0.077711
189.554 24.2299 0.0746712
189.533 24.2595 0.0774901
189.525 24.2564 0.0760473
189.465 24.2987 0.0756946
189.533 24.199 0.0732766
189.583 24.2401 0.0746407
189.583 24.2401 0.0746407
189.552 24.2302 0.0750092
189.524 24.2444 0.073228
189.5 24.2393 0.0740381
189.529 24.1982 0.0785967
189.529 24.1982 0.0785967
189.58 24.2365 0.0710819
189.569 24.197 0.0723329
189.553 24.2584 0.0721843
189.551 24.1757 0.0726586
189.592 24.1693 0.0768319
189.483 24.2391 0.076096
189.511 24.2689 0.0739575
189.568 24.2357 0.0737921
189.465 24.2987 0.0756946
189.56 24.1833 0.0728175
189.474 24.2908 0.0752775
189.56 24.2097 0.0755595
189.56 24.2097 0.0755595
189.475 24.2767 0.0722108
189.552 24.2302 0.0750092
189.542 24.2218 0.0757902
189.496 24.2737 0.0717244
189.547 24.2261 0.0761568
189.547 24.2261 0.0761568
189.546 24.2548 0.073808
189.529 24.1982 0.0785967
189.543 24.2246 0.0759001
189.543 24.2246 0.0759001
189.53 24.2691 0.0775929
189.53 24.2691 0.0775929
189.56 24.1936 0.0761953
189.535 24.2366 0.0751657
189.531 24.1739 0.077711
189.531 24.1739 0.077711
189.533 24.2595 0.0774901
189.533 24.2595 0.0774901
189.556 24.2567 0.07261
189.527 24.1887 0.0752771
189.588 24.2333 0.0733646
189.56 24.2097 0.0755595
189.549 24.225 0.0750723
189.547 24.2261 0.0761568
189.505 24.2359 0.0760347
189.529 24.1982 0.0785967
189.53 24.2691 0.0775929
189.575 24.1843 0.0757519
189.56 24.1936 0.0761953
189.585 24.1993 0.074671
189.583 24.227 0.074194
189.533 24.2595 0.0774901
189.568 24.2357 0.0737921
189.474 24.2908 0.0752775
189.503 24.2215 0.0715861
189.473 24.2178 0.0711819
189.558 24.2321 0.074178
189.552 24.2302 0.0750092
189.547 24.2261 0.0761568
189.546 24.2548 0.073808
189.505 24.2359 0.0760347
189.53 24.2691 0.0775929
189.506 24.2321 0.0751702
189.592 24.1693 0.0768319
189.494 24.2426 0.075774
189.479 24.2843 0.0758832
189.554 24.2299 0.0746712
189.495 24.1294 0.0767166
189.568 24.2357 0.0737921
189.465 24.2987 0.0756946
189.543 24.2201 0.0719405
189.571 24.2466 0.0757092
189.571 24.2466 0.0757092
189.516 24.2621 0.0743257
189.555 24.244 0.0737794
189.509 24.2597 0.0749698
189.443 24.2576 0.0722927
189.504 24.2706 0.073947
189.479 24.2643 0.0748458
189.559 24.1735 0.0744225
189.56 24.1936 0.0761953
189.628 24.2144 0.0750806
189.602 24.2285 0.0751878
189.592 24.1693 0.0768319
189.483 24.2391 0.076096
189.554 24.2299 0.0746712
189.601 24.2326 0.0730863
189.562 24.1839 0.0728946
189.527 24.1887 0.0752771
189.562 24.1998 0.0725126
189.596 24.2095 0.0726816
189.555 24.244 0.0737794
189.509 24.2597 0.0749698
189.547 24.2261 0.0761568
189.521 24.2146 0.0754941
189.537 24.2376 0.0744332
189.58 24.2365 0.0710819
189.472 24.2508 0.074424
189.558 24.2239 0.0727617
189.628 24.2144 0.0750806
189.535 24.2366 0.0751657
189.513 24.2745 0.0750115
189.533 24.2595 0.0774901
189.525 24.2564 0.0760473
189.474 24.2908 0.0752775
189.505 24.2353 0.0730555
189.583 24.2401 0.0746407
189.566 24.169 0.0746978
189.519 24.2734 0.0750176
189.552 24.2302 0.0750092
189.547 24.2261 0.0761568
189.579 24.1967 0.0745246
189.529 24.1982 0.0785967
189.543 24.2246 0.0759001
189.479 24.2643 0.0748458
189.53 24.2691 0.0775929
189.575 24.1843 0.0757519
189.56 24.1936 0.0761953
189.493 24.2572 0.0754355
189.602 24.2285 0.0751878
189.592 24.1693 0.0768319
189.535 24.2366 0.0751657
189.479 24.2843 0.0758832
189.495 24.1294 0.0767166
189.568 24.2357 0.0737921
189.469 24.281 0.0733408
189.474 24.2908 0.0752775
189.571 24.2466 0.0757092
189.583 24.2401 0.0746407
189.583 24.2401 0.0746407
189.566 24.169 0.0746978
189.478 24.2835 0.0741656
189.531 24.2482 0.0745258
189.547 24.1986 0.0759222
189.521 24.2146 0.0754941
189.498 24.2507 0.072551
189.594 24.217 0.0715563
189.505 24.2359 0.0760347
189.505 24.2359 0.0760347
189.53 24.2691 0.0775929
189.53 24.2691 0.0775929
189.575 24.1843 0.0757519
189.628 24.2144 0.0750806
189.602 24.2285 0.0751878
189.659 24.1247 0.0720961
189.614 24.1413 0.0749148
189.538 24.1917 0.0723697
189.525 24.2564 0.0760473
189.465 24.2987 0.0756946
189.571 24.2466 0.0757092
189.516 24.2621 0.0743257
189.666 24.1861 0.0721901
189.549 24.225 0.0750723
189.509 24.2597 0.0749698
189.485 24.2621 0.076127
189.543 24.2246 0.0759001
189.53 24.2691 0.0775929
189.53 24.2691 0.0775929
189.572 24.217 0.0733964
189.572 24.217 0.0733964
189.506 24.2321 0.0751702
189.59 24.2349 0.0739016
189.602 24.2285 0.0751878
189.678 24.1736 0.07344
189.513 24.2745 0.0750115
189.533 24.2595 0.0774901
189.525 24.2564 0.0760473
189.543 24.2201 0.0719405
189.516 24.2621 0.0743257
189.516 24.2621 0.0743257
189.558 24.2321 0.074178
189.542 24.2218 0.0757902
189.485 24.2621 0.076127
189.529 24.1982 0.0785967
189.53 24.2691 0.0775929
189.53 24.2691 0.0775929
189.53 24.2691 0.0775929
189.53 24.2691 0.0775929
189.506 24.2321 0.0751702
189.493 24.2572 0.0754355
189.484 24.2522 0.0748905
189.535 24.2366 0.0751657
189.494 24.2426 0.075774
189.531 24.1739 0.077711
189.533 24.2595 0.0774901
189.533 24.2595 0.0774901
189.479 24.237 0.072817
189.556 24.2567 0.07261
189.505 24.2353 0.0730555
189.571 24.2466 0.0757092
189.566 24.169 0.0746978
189.542 24.2218 0.0757902
189.579 24.1967 0.0745246
189.578 24.2439 0.0717061
189.529 24.1982 0.0785967
189.53 24.2691 0.0775929
189.53 24.2691 0.0775929
189.53 24.2691 0.0775929
189.56 24.1936 0.0761953
189.53 24.1654 0.075729
189.602 24.2285 0.0751878
189.523 24.2371 0.0742256
189.494 24.2426 0.075774
189.483 24.2391 0.076096
189.531 24.1739 0.077711
189.533 24.2595 0.0774901
189.568 24.2357 0.0737921
189.474 24.2908 0.0752775
189.516 24.2621 0.0743257
189.588 24.2028 0.0740169
189.549 24.225 0.0750723
189.509 24.2597 0.0749698
189.547 24.2261 0.0761568
189.504 24.2706 0.073947
189.529 24.1982 0.0785967
189.53 24.2691 0.0775929
189.509 24.1959 0.0736752
189.59 24.2349 0.0739016
189.493 24.2572 0.0754355
189.602 24.2285 0.0751878
189.535 24.2366 0.0751657
189.479 24.2843 0.0758832
189.554 24.2299 0.0746712
189.529 24.2555 0.0735847
189.525 24.2564 0.0760473
189.501 24.2316 0.0731093
189.56 24.2097 0.0755595
189.519 24.2734 0.0750176
189.555 24.244 0.0737794
189.549 24.225 0.0750723
189.547 24.2261 0.0761568
189.521 24.2146 0.0754941
189.456 24.285 0.0758242
189.505 24.2359 0.0760347
189.529 24.1982 0.0785967
189.53 24.2691 0.0775929
189.575 24.1843 0.0757519
189.59 24.2349 0.0739016
189.628 24.2144 0.0750806
189.602 24.2285 0.0751878
189.494 24.2426 0.075774
187.56 26.5762 0.0890635
189.577 24.2405 0.0741153
189.575 24.2156 0.0736022
189.576 24.2476 0.0782857
189.576 24.217 0.0727583
189.532 24.2349 0.0738521
189.541 24.2518 0.0729163
189.582 24.2009 0.0763265
189.483 24.2042 0.0740857
189.531 24.256 0.0757546
189.57 24.2119 0.0762064
189.531 24.2654 0.0755451
189.585 24.1765 0.0731595
189.62 24.2086 0.0710012
189.632 24.2131 0.0724908
189.66 24.1917 0.073554
189.627 24.1613 0.0717073
189.481 24.274 0.0752313
189.583 24.2032 0.0762224
189.503 24.2108 0.0754776
189.59 24.2356 0.0728805
189.604 24.2041 0.0725228
189.582 24.2416 0.0763075
189.608 24.2301 0.0760038
189.578 24.2461 0.0781866
189.645 24.2006 0.0764944
189.62 24.2233 0.073233
189.601 24.2176 0.0736354
189.604 24.1992 0.0740634
189.626 24.2132 0.0753608
189.636 24.2141 0.0767757
189.575 24.235 0.0723576
189.519 24.2571 0.0710521
189.529 24.2302 0.0754931
189.607 24.222 0.0758908
189.575 24.2375 0.0743322
189.528 24.2638 0.0740771
189.488 24.2351 0.0718345
189.606 24.2242 0.0761145
189.571 24.2468 0.0781722
189.592 24.2112 0.0722012
189.582 24.2349 0.0720056
189.487 24.2398 0.0732401
189.557 24.2276 0.0745495
189.503 24.2357 0.0772879
189.468 24.2247 0.0727571
189.6 24.2335 0.0727356
189.604 24.2212 0.0755718
189.606 24.2023 0.0726259
189.584 24.2475 0.0762118
189.585 24.2411 0.0765134
189.564 24.1547 0.0776424
189.531 24.2635 0.074354
189.578 24.2421 0.0781399
189.584 24.2235 0.0722829
189.601 24.1907 0.0736649
189.481 24.2812 0.0752632
189.634 24.211 0.0770161
189.517 24.2711 0.0736462
189.514 24.2361 0.0737062
189.623 24.196 0.0744758
189.599 24.2211 0.0757248
189.535 24.2636 0.0755433
189.499 24.2744 0.0742964
189.597 24.2364 0.0726589
189.644 24.1973 0.0765335
189.646 24.1952 0.0764717
189.631 24.2075 0.072935
189.621 24.2114 0.075329
189.506 24.2335 0.0773791
189.618 24.1975 0.0744478
189.604 24.2225 0.0757101
189.552 24.1794 0.0739903
189.585 24.241 0.0743848
189.587 24.2209 0.0728642
189.595 24.1705 0.0733719
189.504 24.2592 0.0727813
189.597 24.187 0.0738143
189.521 24.1961 0.0744183
189.532 24.2168 0.0730443
189.608 24.2306 0.0725734
189.571 24.2058 0.0761807
189.531 24.2616 0.0743
189.575 24.2531 0.078142
189.583 24.2477 0.0780464
189.646 24.2021 0.0764381
189.574 24.2217 0.0727855
189.507 24.2563 0.0725707
189.558 24.23 0.0747389
189.557 24.227 0.0746427
189.531 24.266 0.0738109
189.528 24.2518 0.0756822
189.606 24.2224 0.0758654
189.585 24.2213 0.0735471
189.606 24.2254 0.0761177
189.646 24.1954 0.0762153
189.528 24.2331 0.0741844
189.531 24.2328 0.0741057
189.641 24.2176 0.0770472
189.648 24.1856 0.0707226
189.638 24.2149 0.0742034
189.598 24.2351 0.0735616
189.58 24.239 0.0765047
189.609 24.2285 0.0758457
189.573 24.2489 0.0781076
189.575 24.2505 0.0781854
189.657 24.2112 0.0740491
189.641 24.2091 0.0772584
189.644 24.2084 0.0744978
189.596 24.2323 0.0734159
189.593 24.2378 0.0735143
189.589 24.2432 0.0763435
189.559 24.1508 0.0776491
189.503 24.2728 0.0744827
189.574 24.2462 0.0781835
189.627 24.2138 0.0725947
189.498 24.242 0.0748706
189.62 24.2107 0.0753238
189.622 24.2101 0.0751839
189.584 24.2004 0.076499
189.496 24.1877 0.0744304
189.645 24.1856 0.0736452
189.525 24.2615 0.0757756
189.564 24.2088 0.0760889
189.584 24.2381 0.0742756
189.605 24.225 0.0760071
189.573 24.2462 0.0781622
189.502 24.1719 0.0745591
189.498 24.24 0.07488
189.567 24.2172 0.0721294
189.631 24.2012 0.0725472
189.548 24.195 0.0734563
189.537 24.2154 0.0731226
189.593 24.2435 0.0707651
189.487 24.2665 0.0741531
189.599 24.2269 0.0729876
189.562 24.1487 0.0777479
189.576 24.2435 0.0781252
189.649 24.2017 0.0763608
189.515 24.2385 0.0735294
189.605 24.2165 0.0734459
189.553 24.2305 0.0739853
189.592 24.2157 0.0736175
189.539 24.2353 0.0738149
189.639 24.217 0.0746324
189.621 24.2001 0.0744026
189.607 24.22 0.0756494
189.531 24.2366 0.0717705
189.584 24.2392 0.0764288
189.603 24.2212 0.0728952
189.537 24.2706 0.075666
189.571 24.2391 0.074626
189.599 24.2342 0.0727119
189.574 24.2437 0.0781314
189.514 24.2387 0.0733298
189.499 24.2368 0.0748126
189.5 24.2404 0.0746776
189.479 24.2738 0.0752565
189.555 24.2519 0.073085
189.577 24.2299 0.0722476
189.59 24.1488 0.072741
189.531 24.2523 0.075687
189.525 24.2558 0.075851
189.587 24.2425 0.0764107
189.585 24.2456 0.0763158
189.587 24.2463 0.076377
189.54 24.2666 0.0754654
189.608 24.225 0.0760339
189.577 24.2454 0.0778991
189.603 24.2131 0.0735766
189.534 24.2304 0.0743288
189.556 24.2325 0.0747171
189.582 24.2046 0.0762614
189.524 24.2298 0.0755088
189.604 24.2079 0.0717729
189.534 24.2671 0.0754951
189.562 24.1499 0.077785
189.566 24.2405 0.074563
189.572 24.2467 0.0782466
189.56 24.2312 0.0719912
189.649 24.2143 0.0740935
189.524 24.19 0.0759315
189.637 24.2111 0.0770076
189.531 24.2316 0.07378
189.621 24.1979 0.0743997
189.527 24.26 0.0757342
189.606 24.2219 0.0756335
189.59 24.2442 0.0764072
189.505 24.2726 0.0744142
189.576 24.2461 0.0780187
189.547 24.2573 0.0739035
189.639 24.2104 0.0769944
189.644 24.2146 0.077041
189.505 24.239 0.0775596
189.543 24.2171 0.0731297
189.588 24.2443 0.0763416
189.601 24.1973 0.0730187
189.649 24.197 0.0765159
189.602 24.2123 0.0736841
189.504 24.258 0.0728255
189.504 24.2606 0.0727993
189.557 24.2258 0.0745938
189.504 24.2331 0.077312
189.509 24.2337 0.0739238
189.531 24.2638 0.075785
189.585 24.2434 0.076178
189.585 24.2451 0.0762416
189.509 24.2673 0.0745267
189.577 24.248 0.0781576
189.53 24.2228 0.0726447
189.529 24.1855 0.076035
189.632 24.2002 0.0726727
189.582 24.2044 0.0763992
189.547 24.1932 0.0737177
189.563 24.2057 0.0762252
189.532 24.2682 0.0755246
189.537 24.2652 0.0754955
189.6 24.2331 0.0727058
189.612 24.2239 0.0732408
189.575 24.2143 0.072595
189.65 24.2104 0.0741556
189.483 24.2803 0.0753538
189.638 24.2175 0.0767894
189.505 24.2095 0.0738091
189.57 24.196 0.0726888
189.46 24.2475 0.0753215
189.494 24.27 0.0737274
189.559 24.1481 0.0777555
189.577 24.2429 0.0781111
189.661 24.1874 0.0733524
189.654 24.2166 0.0738935
189.526 24.1885 0.0760782
189.485 24.2809 0.0753047
189.55 24.2572 0.0730859
189.58 24.2098 0.0762642
189.48 24.2631 0.072443
189.606 24.223 0.0754664
189.589 24.2459 0.0763975
189.586 24.2213 0.0735577
189.536 24.2631 0.0757205
189.508 24.2701 0.0743479
189.572 24.2349 0.0746081
189.576 24.245 0.0783506
189.579 24.2449 0.0781856
189.505 24.2389 0.0746967
189.687 24.1708 0.0740036
189.554 24.2289 0.0747131
189.532 24.2644 0.0735979
189.533 24.2145 0.0731872
189.529 24.2323 0.0756724
189.566 24.2055 0.076151
189.527 24.2666 0.0754244
189.602 24.2245 0.075862
189.497 24.2752 0.0742067
189.573 24.2419 0.0782049
189.542 24.2131 0.072911
189.639 24.2162 0.0770653
189.561 24.1894 0.0730162
189.623 24.199 0.0743567
189.606 24.224 0.0758828
189.573 24.2076 0.0760746
189.522 24.2601 0.0742504
189.574 24.2456 0.0781525
189.574 24.2423 0.0782282
189.546 24.2474 0.0723981
189.525 24.1859 0.0760304
189.637 24.2109 0.0770695
189.564 24.2278 0.0746909
189.566 24.1986 0.0727062
189.693 24.1834 0.0713072
189.605 24.2226 0.0757871
189.539 24.2694 0.0756411
189.587 24.1764 0.0731603
189.577 24.2488 0.078083
189.576 24.2453 0.0783031
189.588 24.2178 0.0722057
189.554 24.228 0.074172
189.514 24.2312 0.0714148
189.564 24.2319 0.0745443
189.639 24.2198 0.0743699
189.61 24.2334 0.072346
189.586 24.2485 0.0763832
189.601 24.224 0.0730001
189.582 24.2413 0.0742018
189.537 24.2712 0.0756398
189.602 24.2252 0.0760154
189.562 24.2415 0.0746344
189.574 24.25 0.078221
189.65 24.2179 0.0741733
189.644 24.2128 0.0769473
189.582 24.2038 0.0763486
189.617 24.1957 0.0744393
189.591 24.2336 0.0734517
189.601 24.2273 0.0755255
189.6 24.151 0.0731845
189.589 24.2376 0.0762925
189.561 24.152 0.0777862
189.509 24.2724 0.0743896
189.607 24.2219 0.0759091
189.571 24.2425 0.0745818
189.662 24.1903 0.0734379
189.606 24.2021 0.0742832
189.655 24.2152 0.0739142
189.618 24.2064 0.0751921
189.557 24.2469 0.0726971
189.579 24.2003 0.0764309
189.533 24.235 0.0755344
189.602 24.227 0.0724535
189.535 24.2606 0.0754993
189.535 24.2681 0.0756637
189.534 24.2621 0.0743181
189.588 24.2146 0.0728569
189.644 24.1956 0.0764799
189.499 24.243 0.0747865
189.626 24.2135 0.0752229
189.503 24.233 0.0774786
189.623 24.2009 0.0744329
189.464 24.2227 0.0728525
189.587 24.2439 0.0761602
189.584 24.2306 0.0743504
189.501 24.2674 0.0743581
189.612 24.2252 0.0758861
189.661 24.1942 0.073633
189.547 24.2517 0.072341
189.597 24.1911 0.0737113
189.631 24.1929 0.0724269
189.506 24.2334 0.0773193
189.62 24.2054 0.0733305
189.527 24.2546 0.0758769
189.603 24.2156 0.0756827
189.58 24.2392 0.0743332
189.561 24.1496 0.0777279
189.557 24.1478 0.077644
189.571 24.24 0.0745227
189.572 24.1939 0.0748532
189.498 24.2423 0.0746297
189.549 24.2313 0.0739574
189.561 24.2367 0.0747771
189.497 24.1903 0.0742613
189.602 24.2242 0.0756207
189.578 24.2202 0.073401
189.555 24.248 0.0725501
189.574 24.2469 0.0783709
189.528 24.2091 0.0728637
189.541 24.2142 0.0728404
189.504 24.2598 0.072907
189.556 24.2446 0.0727539
189.529 24.2724 0.0737228
189.538 24.217 0.073184
189.593 24.2354 0.0733826
189.499 24.267 0.0735891
189.538 24.273 0.0757003
189.564 24.1514 0.0778096
189.58 24.2441 0.0780852
189.51 24.2383 0.073411
189.617 24.2254 0.0732238
189.538 24.2054 0.0727047
189.514 24.2545 0.0714913
189.638 24.2158 0.0769641
189.583 24.206 0.0763335
189.6 24.2167 0.0709742
189.527 24.2412 0.0755418
189.6 24.217 0.0759034
189.591 24.2276 0.0729826
189.531 24.2679 0.0755516
189.574 24.2398 0.0747313
189.506 24.2368 0.0739436
189.525 24.1907 0.0760495
189.621 24.2101 0.075319
189.581 24.198 0.0763565
189.643 24.1878 0.0739079
189.6 24.2165 0.0756334
189.536 24.2636 0.07546
189.529 24.2655 0.0755512
189.611 24.2299 0.0759207
189.578 24.2451 0.0782491
189.52 24.2445 0.073372
189.579 24.2427 0.0700747
189.603 24.2174 0.0734174
189.527 24.1865 0.0758255
189.607 24.2065 0.0716415
189.616 24.2019 0.0752564
189.582 24.203 0.0763055
189.569 24.1953 0.0725833
189.588 24.2375 0.0726744
189.568 24.2049 0.0760852
189.576 24.2389 0.074329
189.602 24.2265 0.0759319
189.575 24.2486 0.0781885
189.546 24.2556 0.0719478
189.639 24.2108 0.0769424
189.569 24.2312 0.0724115
189.525 24.2631 0.0758301
189.527 24.2626 0.0755963
189.605 24.2221 0.0755503
189.488 24.267 0.0741668
189.537 24.2697 0.0755018
189.529 24.2645 0.0741446
189.611 24.2311 0.0758628
189.609 24.2297 0.0759348
189.573 24.2539 0.0782011
189.575 24.241 0.0782394
189.545 24.2584 0.074106
189.515 24.2503 0.0714161
189.56 24.23 0.0747352
189.482 24.263 0.072332
189.605 24.2298 0.0723886
189.569 24.2084 0.0760787
189.532 24.2379 0.071654
189.535 24.271 0.075621
189.609 24.2252 0.0760673
189.494 24.2755 0.0742971
189.645 24.1953 0.0765669
189.509 24.2431 0.0734792
189.474 24.2789 0.0753007
189.621 24.2111 0.0752361
189.549 24.2329 0.0738417
189.467 24.2883 0.0698282
189.638 24.1985 0.0725464
189.506 24.2296 0.0773618
189.516 24.2351 0.0739869
189.618 24.1994 0.0743579
189.595 24.2293 0.0735328
189.592 24.2238 0.0712316
189.559 24.1513 0.0778312
189.581 24.248 0.0783879
189.577 24.2471 0.0782315
189.517 24.2383 0.0735364
189.617 24.2248 0.0732812
189.495 24.1695 0.0743811
189.508 24.1453 0.0745784
189.554 24.2282 0.0739735
189.555 24.248 0.0725634
189.618 24.2048 0.0744083
189.625 24.2132 0.0705136
189.489 24.2756 0.0730079
189.573 24.2097 0.0760903
189.589 24.2418 0.076261
189.558 24.2516 0.0728447
189.563 24.2411 0.0744915
189.575 24.2488 0.0782097
189.645 24.202 0.0763873
189.646 24.1997 0.0764089
189.541 24.2124 0.0727419
189.551 24.2326 0.0741185
189.553 24.241 0.0725447
189.552 24.2442 0.0727384
189.619 24.2034 0.0744449
189.697 24.1804 0.0711874
189.535 24.2191 0.0731634
189.55 24.1751 0.0741079
189.536 24.26 0.0756601
189.596 24.2288 0.0728394
189.575 24.2439 0.0782355
189.618 24.16 0.0719431
189.551 24.2272 0.0740595
189.531 24.2718 0.0739272
189.603 24.1983 0.074861
189.602 24.2213 0.0757486
189.607 24.2243 0.075626
189.488 24.2724 0.0743748
189.538 24.2653 0.0755412
189.53 24.2627 0.0743259
189.505 24.2699 0.0745025
189.557 24.2525 0.0726276
189.569 24.2356 0.0747631
189.649 24.1998 0.0765906
189.651 24.2107 0.0740731
189.623 24.2138 0.0753697
189.501 24.2366 0.0773257
189.566 24.1995 0.0727482
189.567 24.2396 0.0713408
189.597 24.2298 0.073554
189.598 24.2195 0.075697
189.586 24.2398 0.0765323
189.588 24.2342 0.0763782
189.606 24.2253 0.0759305
189.583 24.2502 0.0781043
189.576 24.2448 0.0780396
189.652 24.1955 0.0765402
189.651 24.2147 0.0740844
189.593 24.2186 0.0722936
189.551 24.2509 0.0730075
189.557 24.1959 0.0729915
189.499 24.1883 0.0743491
189.649 24.1901 0.0738788
189.53 24.2561 0.075848
189.593 24.2356 0.0734364
189.594 24.2393 0.0736207
189.493 24.268 0.073648
189.602 24.196 0.0729449
189.635 24.2105 0.0722899
189.647 24.195 0.0764431
189.526 24.2641 0.0712628
189.605 24.2031 0.0740861
189.573 24.2157 0.0722108
189.585 24.1972 0.0762237
189.582 24.1992 0.0764144
189.586 24.2048 0.0763387
189.531 24.2357 0.0754763
189.874 26.0175 0.0767476
189.533 24.225 0.0772958
189.559 24.2412 0.0746786
189.608 24.2169 0.0745937
189.57 24.2258 0.0764238
189.511 24.2771 0.0769196
189.614 24.1745 0.0744603
189.546 24.1984 0.0740138
189.633 24.1893 0.0757741
189.466 24.2689 0.0737321
189.56 24.2481 0.0734338
189.627 24.2262 0.0745188
189.577 24.2422 0.0746544
189.604 24.2336 0.0736627
189.563 24.2374 0.0739129
189.571 24.2355 0.0739779
189.539 24.1617 0.0745273
189.598 24.208 0.0756484
189.521 24.1534 0.0745951
189.574 24.2218 0.076716
189.459 24.2473 0.076663
189.585 24.2217 0.07335
189.608 24.1881 0.072968
189.529 24.2309 0.0773775
189.461 24.253 0.0730466
189.582 24.2368 0.0761794
189.572 24.2312 0.0766551
189.51 24.2262 0.0720024
189.551 24.2456 0.0722652
189.547 24.1892 0.0738242
189.605 24.1877 0.0725049
189.531 24.1956 0.073679
189.624 24.2107 0.0753672
189.553 24.1896 0.0754185
189.629 24.2212 0.0746
189.501 24.2255 0.0779944
189.572 24.2432 0.0745259
189.578 24.1765 0.0745217
189.52 24.213 0.0763462
189.529 24.2201 0.0759411
189.543 24.2041 0.0762772
189.516 24.2342 0.072655
189.448 24.3066 0.0730253
189.568 24.2296 0.0750455
189.536 24.1837 0.0737104
189.529 24.2278 0.0773048
189.563 24.2424 0.0746958
189.584 24.2298 0.076121
189.57 24.2303 0.076493
189.649 24.2017 0.0719424
189.501 24.2832 0.0770017
189.625 24.1787 0.0740119
189.625 24.1949 0.0758151
189.631 24.1956 0.0759109
189.487 24.2355 0.0745871
189.502 24.2769 0.0740761
189.505 24.2188 0.0779989
189.436 24.3006 0.075569
189.448 24.303 0.0755246
189.606 24.2295 0.0739998
189.525 24.2126 0.0761085
189.533 24.2223 0.0759635
189.546 24.2025 0.0761322
189.569 24.2273 0.0765559
189.568 24.1713 0.0730375
189.541 24.2452 0.0741459
189.459 24.2469 0.0768574
189.569 24.2305 0.0750128
189.612 24.2096 0.0722821
189.534 24.2286 0.0771967
189.571 24.2505 0.0733854
189.581 24.2372 0.0761635
189.48 24.2456 0.074861
189.521 24.168 0.0745125
189.582 24.2397 0.0716517
189.645 24.2088 0.0757338
189.498 24.2614 0.0757741
189.554 24.187 0.0752172
189.626 24.2255 0.0746053
189.625 24.226 0.0744081
189.67 24.1475 0.0744334
189.573 24.2432 0.0746162
189.506 24.2306 0.0748486
189.601 24.2268 0.07375
189.516 24.2157 0.0762363
189.54 24.2009 0.0761871
189.578 24.2219 0.0764788
189.677 24.2066 0.0738033
189.532 24.2262 0.0749133
189.625 24.1834 0.0728089
189.56 24.2415 0.0748512
189.604 24.2141 0.0743805
189.584 24.2335 0.0760478
189.57 24.2271 0.076543
189.502 24.2804 0.0766732
189.544 24.2028 0.0738887
189.55 24.225 0.0741258
189.495 24.2632 0.0757434
189.436 24.2963 0.0758642
189.565 24.098 0.0755311
189.497 24.2219 0.0762265
189.501 24.2204 0.0778829
189.435 24.3029 0.0754393
189.525 24.2594 0.0751664
189.602 24.2128 0.0757959
189.569 24.2233 0.0764142
189.667 24.207 0.0738482
189.541 24.2147 0.0741377
189.542 24.2175 0.0741224
189.548 24.212 0.0740018
189.609 24.1808 0.0728974
189.562 24.2424 0.0747832
189.57 24.2566 0.0734473
189.583 24.2348 0.0761107
189.583 24.1862 0.0702077
189.506 24.2817 0.0767649
189.519 24.1672 0.0744366
189.642 24.2132 0.0758367
189.535 24.1952 0.074001
189.624 24.2073 0.0754509
189.555 24.2498 0.0733092
189.436 24.2967 0.0759268
189.499 24.2179 0.0779592
189.502 24.2149 0.0779267
189.576 24.2491 0.0743614
189.569 24.2448 0.0746698
189.573 24.236 0.0720406
189.522 24.215 0.0763427
189.531 24.2235 0.0761113
189.546 24.2 0.076163
189.547 24.1978 0.0763106
189.539 24.1978 0.0762693
189.587 24.2383 0.0739005
189.534 24.217 0.0750089
189.567 24.2294 0.0749371
189.532 24.1923 0.0736472
189.607 24.2112 0.072438
189.527 24.2231 0.0775668
189.557 24.2404 0.0747066
189.607 24.2123 0.0746356
189.568 24.2289 0.0764803
189.569 24.2208 0.0763234
189.518 24.1716 0.0752068
189.5 24.2827 0.0768134
189.507 24.2774 0.0767494
189.612 24.1725 0.0742882
189.646 24.2065 0.0757788
189.553 24.2502 0.0733274
189.509 24.2549 0.074868
189.492 24.2474 0.0724482
189.626 24.2231 0.0745101
189.578 24.2452 0.0745407
189.44 24.3 0.0755897
189.531 24.2638 0.0739776
189.517 24.2691 0.0726177
189.571 24.2352 0.0738565
189.545 24.1977 0.0763995
189.574 24.1689 0.0729683
189.675 24.2029 0.073921
189.571 24.2362 0.074911
189.519 24.1863 0.0732409
189.533 24.2264 0.0775817
189.571 24.2482 0.0734329
189.576 24.2365 0.0762092
189.573 24.2321 0.0765392
189.478 24.2505 0.0748113
189.503 24.2744 0.0767211
189.552 24.226 0.0738607
189.642 24.1893 0.0743303
189.489 24.2639 0.0756766
189.433 24.294 0.0759764
189.57 24.0982 0.0754595
189.625 24.2267 0.0746074
189.501 24.2218 0.0777357
189.551 24.2196 0.0719209
189.518 24.2164 0.0760493
189.529 24.2212 0.075925
189.594 24.1788 0.0753925
189.54 24.2453 0.0738533
189.575 24.2217 0.0734913
189.532 24.2233 0.0771942
189.564 24.2447 0.0747544
189.579 24.2344 0.0761602
189.522 24.2264 0.0710526
189.566 24.2211 0.0763967
189.544 24.1858 0.073727
189.585 24.1969 0.074294
189.625 24.1759 0.0738399
189.646 24.2059 0.0757771
189.652 24.2129 0.07563
189.512 24.209 0.0752018
189.626 24.2037 0.0754869
189.625 24.2096 0.0752166
189.526 24.2615 0.0727049
189.501 24.2207 0.0778648
189.574 24.2469 0.0745513
189.57 24.2425 0.0745326
189.576 24.2411 0.074551
189.605 24.2258 0.0741429
189.532 24.2611 0.0752113
189.536 24.2177 0.0760858
189.541 24.1933 0.0764439
189.544 24.2535 0.0723596
189.575 24.2198 0.0764678
189.54 24.247 0.0739663
189.669 24.2081 0.073708
189.584 24.226 0.0732336
189.532 24.2259 0.0774045
189.569 24.2499 0.0733452
189.529 24.1826 0.0740977
189.501 24.2802 0.0768171
189.505 24.2736 0.0768792
189.63 24.2057 0.0714478
189.622 24.1902 0.0755038
189.642 24.2185 0.0757738
189.625 24.2064 0.0754388
189.504 24.2733 0.0741407
189.625 24.2249 0.0745519
189.572 24.2472 0.0744311
189.531 24.2646 0.0735637
189.53 24.266 0.0753584
189.577 24.2373 0.0738951
189.589 24.1848 0.0752944
189.588 24.2376 0.0738905
189.459 24.2497 0.0766618
189.676 24.2015 0.0739134
189.704 24.1318 0.0747508
189.531 24.2215 0.0775115
189.474 24.278 0.0740899
189.608 24.2125 0.0745058
189.57 24.226 0.076517
189.503 24.2764 0.0768421
189.522 24.1663 0.074412
189.624 24.193 0.0755601
189.496 24.2596 0.0757594
189.493 24.2659 0.0758541
189.431 24.2903 0.0758728
189.559 24.1869 0.0752209
189.528 24.2701 0.0726275
189.551 24.1484 0.0757768
189.502 24.2307 0.0747813
189.564 24.2375 0.0737975
189.545 24.2003 0.0762674
189.591 24.2372 0.0738702
189.457 24.2468 0.0765866
189.561 24.2311 0.0749677
189.553 24.1885 0.0739667
189.54 24.1848 0.0735405
189.527 24.2278 0.0772596
189.474 24.2793 0.074129
189.532 24.2043 0.0739048
189.535 24.2006 0.0740956
189.605 24.2113 0.0745359
189.585 24.2412 0.0761972
189.517 24.265 0.0711138
189.503 24.2737 0.0766562
189.586 24.1971 0.0743344
189.64 24.1888 0.0744098
189.628 24.1911 0.075731
189.624 24.2089 0.0755142
189.5 24.2777 0.0740135
189.497 24.2248 0.0761702
189.499 24.2204 0.0778132
189.525 24.1926 0.0733199
189.574 24.2294 0.0739599
189.583 24.1729 0.0740331
189.541 24.1979 0.0763783
189.608 24.1549 0.0724351
189.67 24.2049 0.0738785
189.571 24.229 0.0748064
189.53 24.2269 0.0773973
189.56 24.1641 0.0720269
189.572 24.2262 0.0717062
189.456 24.2596 0.073191
189.58 24.233 0.0763221
189.567 24.2222 0.0764644
189.504 24.2798 0.0767949
189.504 24.274 0.076725
189.609 24.1852 0.0725503
189.647 24.2049 0.0758055
189.527 24.1956 0.0738625
189.526 24.1898 0.0737124
189.503 24.2586 0.0749255
189.432 24.2966 0.0758868
189.568 24.0983 0.075597
189.498 24.2222 0.0763115
189.629 24.2296 0.0746087
189.502 24.2152 0.0780118
189.439 24.3027 0.0757047
189.517 24.2116 0.0762658
189.6 24.2293 0.0718725
189.523 24.1518 0.0745658
189.538 24.2449 0.0742073
189.454 24.2457 0.0766308
189.547 24.2133 0.0742171
189.524 24.2226 0.0773109
189.574 24.2507 0.0734594
189.581 24.2381 0.0761084
189.504 24.2473 0.0720182
189.501 24.2803 0.076693
189.58 24.2013 0.0742821
189.65 24.185 0.0745862
189.646 24.1892 0.0742806
189.631 24.1923 0.0757446
189.597 24.1964 0.0705143
189.633 24.2212 0.071707
189.553 24.1916 0.0752415
189.554 24.1889 0.075095
189.552 24.1907 0.0752194
189.515 24.2383 0.074
189.506 24.2225 0.0779712
189.569 24.2472 0.074399
189.602 24.2305 0.0737557
189.522 24.2056 0.0762458
189.622 24.1789 0.0721596
189.545 24.2037 0.0762805
189.547 24.1971 0.076106
189.575 24.2262 0.0766371
189.589 24.239 0.0739872
189.456 24.2421 0.0765572
189.458 24.2491 0.0764134
189.576 24.2245 0.0733374
189.562 24.2322 0.0731504
189.528 24.2248 0.077276
189.562 24.2395 0.0747269
189.603 24.2148 0.0743915
189.566 24.227 0.0764773
189.507 24.2513 0.072112
189.509 24.2746 0.0767269
189.46 24.3048 0.0734454
189.631 24.1879 0.0757673
189.637 24.2057 0.0756681
189.495 24.263 0.0758888
189.628 24.2075 0.0751484
189.518 24.2377 0.0739758
189.497 24.2257 0.0761098
189.496 24.2241 0.0763395
189.626 24.2247 0.074649
189.573 24.2412 0.074529
189.528 24.2632 0.0737449
189.599 24.2259 0.0737334
189.52 24.2067 0.0762698
189.52 24.2089 0.0760956
189.531 24.2269 0.0760538
189.55 24.259 0.0725802
189.529 24.2563 0.0716084
189.573 24.2266 0.0766424
189.546 24.2437 0.0741576
189.547 24.2408 0.0739076
189.5 24.2121 0.0740552
189.539 24.2135 0.0743345
189.536 24.2293 0.0772844
189.579 24.2338 0.0762214
189.583 24.2335 0.0761088
189.573 24.2252 0.076436
189.504 24.2788 0.0766079
189.617 24.1798 0.0740845
189.553 24.229 0.074209
189.646 24.2137 0.0757026
189.631 24.2072 0.0753559
189.496 24.2151 0.0761113
189.505 24.2206 0.0779854
189.601 24.2272 0.0737974
189.569 24.2376 0.0740429
189.604 24.209 0.0757507
189.587 24.1835 0.0751263
189.543 24.2423 0.0739508
189.669 24.2042 0.0738687
189.471 24.2208 0.0722947
189.609 24.1826 0.0728635
189.564 24.2427 0.0746654
189.583 24.24 0.0760923
189.569 24.2226 0.0765287
189.509 24.2749 0.0766725
189.545 24.2292 0.0740939
189.634 24.191 0.0756833
189.496 24.2623 0.075814
189.507 24.2541 0.0748702
189.555 24.1874 0.0750959
189.505 24.2189 0.0777627
189.601 24.2276 0.0737959
189.521 24.2103 0.0760811
189.604 24.2095 0.0756362
189.59 24.181 0.0753585
189.567 24.2246 0.076752
189.572 24.2234 0.076493
189.577 24.2232 0.0766764
189.547 24.2409 0.0741091
189.675 24.1634 0.0739099
189.569 24.2312 0.0748538
189.546 24.2105 0.0742156
189.607 24.1705 0.073281
189.532 24.226 0.0772628
189.603 24.1535 0.0734582
189.619 24.1294 0.0723842
189.558 24.2436 0.0736251
189.546 24.1836 0.073546
189.624 24.1764 0.073981
189.576 24.1776 0.0694716
189.648 24.2055 0.0755746
189.464 24.2733 0.0737025
189.625 24.209 0.0753292
189.495 24.2217 0.0761648
189.627 24.223 0.0745083
189.581 24.2447 0.0744122
189.523 24.265 0.075278
189.596 24.2123 0.0757622
189.52 24.1502 0.0744891
189.546 24.2477 0.0740234
189.571 24.2349 0.0749064
189.527 24.2277 0.0773708
189.535 24.2061 0.0741522
189.566 24.2403 0.0745869
189.564 24.2459 0.0746872
189.584 24.2379 0.0760478
189.582 24.2351 0.0760241
189.581 24.2311 0.076221
189.571 24.227 0.0763356
189.574 24.2191 0.0764167
189.503 24.2802 0.0768109
189.506 24.2754 0.0768021
189.621 24.1768 0.0740902
189.627 24.1738 0.0739193
189.557 24.1962 0.0725167
189.652 24.1263 0.0733372
189.491 24.2349 0.0746715
189.499 24.2786 0.0742695
189.513 24.2343 0.0740355
189.623 24.2218 0.0745673
189.501 24.222 0.0780542
189.506 24.2175 0.0778872
189.576 24.2486 0.0744783
189.525 24.2589 0.0752799
189.533 24.2199 0.0759594
189.586 24.1768 0.0753907
189.525 24.1519 0.0744249
189.578 24.2262 0.0766425
189.584 24.24 0.0736984
189.586 24.2436 0.0738155
189.53 24.2262 0.0747837
189.527 24.2284 0.0773475
189.529 24.2287 0.0773519
189.569 24.244 0.0734098
189.571 24.2296 0.0762698
189.575 24.2287 0.0764023
189.503 24.2797 0.0769376
189.551 24.224 0.0739582
189.611 24.1842 0.0725472
189.494 24.2678 0.0757073
189.428 24.2946 0.0760328
189.501 24.2172 0.077806
189.501 24.2225 0.0780039
189.503 24.2192 0.0778222
189.607 24.2286 0.0739005
189.625 24.1853 0.0720336
189.543 24.2565 0.0724549
189.578 24.2157 0.0765809
189.576 24.2191 0.0765693
189.508 24.2098 0.0739388
189.542 24.2116 0.0741175
189.529 24.2295 0.0774816
189.527 24.2287 0.0773004
189.476 24.2835 0.0740879
189.582 24.2394 0.0761862
189.528 24.1803 0.0740666
189.505 24.2791 0.0769374
189.552 24.2507 0.0722533
189.458 24.3002 0.0735982
189.628 24.1943 0.0756381
189.495 24.2604 0.0757922
189.436 24.2905 0.0759895
189.505 24.2745 0.0742334
189.503 24.2152 0.0779058
189.576 24.2443 0.0745449
189.572 24.2445 0.0742762
189.577 24.2264 0.0718926
189.578 24.1816 0.0745408
189.529 24.222 0.0758831
189.597 24.2053 0.0758971
189.543 24.2055 0.0763941
189.575 24.2291 0.0767081
189.573 24.2228 0.0766663
189.567 24.1674 0.0731275
189.545 24.2452 0.0740318
189.572 24.2281 0.0749871
189.529 24.2245 0.0773526
189.568 24.255 0.0734631
189.584 24.2349 0.0760935
189.565 24.2322 0.0765553
189.499 24.2776 0.0769375
189.549 24.2018 0.0738354
189.643 24.2101 0.0758534
189.471 24.2688 0.0737642
189.431 24.2972 0.0759616
189.5 24.2176 0.0778226
189.433 24.3055 0.0756452
189.554 24.2207 0.0716504
189.529 24.2659 0.0753597
189.587 24.1758 0.0739279
189.519 24.2355 0.0726415
187.206 29.8061 0.0942284
189.597 24.2323 0.0758882
189.548 24.2401 0.0747127
189.498 24.2612 0.075354
189.527 24.1788 0.0781022
189.496 24.2807 0.0770609
189.494 24.2212 0.0767691
189.538 24.257 0.0725495
189.573 24.241 0.0762753
189.575 24.2399 0.0762959
189.523 24.2375 0.0751573
189.612 24.2082 0.0741194
189.6 24.2382 0.0738355
189.448 24.2887 0.0761219
189.445 24.2923 0.0760502
189.637 24.2211 0.077412
189.556 24.2532 0.0742806
189.589 24.2302 0.0766212
189.58 24.244 0.0747773
189.573 24.2482 0.0746782
189.614 24.2006 0.0763525
189.541 24.2269 0.075115
189.545 24.2046 0.0742295
189.51 24.2684 0.0722332
189.569 24.2278 0.0746863
189.429 24.3019 0.0756646
189.557 24.2435 0.0761002
189.526 24.1752 0.078056
189.606 24.2012 0.0726858
189.564 24.2495 0.0763159
189.564 24.2504 0.0760849
189.6 24.1944 0.0733159
189.566 24.2041 0.0733135
189.511 24.2759 0.0733884
189.505 24.2254 0.0752798
189.472 24.2741 0.0759575
189.592 24.2343 0.0735446
189.447 24.2963 0.07608
189.631 24.2145 0.0777401
189.553 24.2404 0.0759338
189.545 24.2501 0.0723811
189.528 24.2082 0.0763368
189.615 24.1993 0.0762024
189.537 24.2489 0.0739132
189.544 24.2289 0.075059
189.523 24.2669 0.0743495
189.649 24.2106 0.0711536
189.544 24.2463 0.074951
189.599 24.2316 0.0758418
189.536 24.2504 0.0720662
189.56 24.2462 0.0762238
189.561 24.245 0.0762333
189.501 24.2608 0.0752459
189.528 24.1791 0.0780307
189.546 24.2692 0.0729775
189.561 24.249 0.0762254
189.55 24.2202 0.0729676
189.522 24.1058 0.0722772
189.492 24.2855 0.0726286
189.53 24.2524 0.0764634
189.535 24.26 0.076496
189.509 24.2003 0.0758834
189.572 24.2411 0.074427
189.636 24.2201 0.0774485
189.553 24.2604 0.074427
189.559 24.2383 0.0757704
189.577 24.2475 0.074883
189.581 24.2113 0.0722516
189.542 24.2514 0.0744189
189.61 24.1975 0.076397
189.526 24.2648 0.0744843
189.605 24.2229 0.0712115
189.567 24.2201 0.074566
189.561 24.2447 0.0762699
189.531 24.1804 0.0780533
189.563 24.2502 0.0763083
189.599 24.1875 0.0747369
189.55 24.2172 0.0729348
189.536 24.2377 0.0736893
189.52 24.244 0.075308
189.538 24.2531 0.0764462
189.477 24.2718 0.07588
189.554 24.238 0.0733331
189.493 24.265 0.0738742
189.481 24.1857 0.0746232
189.63 24.221 0.0775591
189.637 24.2123 0.0774387
189.589 24.2321 0.0768406
189.589 24.2355 0.0766764
189.591 24.2327 0.0765904
189.55 24.1992 0.076539
189.523 24.1949 0.0731007
189.532 24.2504 0.0738712
189.546 24.259 0.0746397
189.587 24.2299 0.0726576
189.598 24.227 0.0758369
189.591 24.2358 0.0758898
189.547 24.24 0.0747956
189.565 24.2462 0.0750145
189.562 24.2482 0.0763043
189.571 24.2352 0.0761926
189.503 24.2245 0.0753462
189.566 24.2331 0.0741564
189.58 24.2369 0.0725732
189.507 24.202 0.0756525
189.446 24.2879 0.0761785
189.554 24.2559 0.0743016
189.586 24.2346 0.0766311
189.552 24.2399 0.0758199
189.484 24.2817 0.0734608
189.519 24.1787 0.0728333
189.616 24.2228 0.0753918
189.435 24.2511 0.0779069
189.545 24.2608 0.0746726
189.493 24.2708 0.0762744
189.564 24.2207 0.0746838
189.498 24.2641 0.07531
189.569 24.2418 0.0750044
189.524 24.1755 0.0780423
189.562 24.2541 0.0762356
189.492 24.281 0.0770911
189.601 24.1827 0.0746196
189.498 24.2195 0.076808
189.568 24.243 0.0760658
189.583 24.2033 0.0745837
189.535 24.2505 0.0765667
189.579 24.2274 0.07307
189.506 24.2038 0.075837
189.602 24.2279 0.0734765
189.599 24.2207 0.0734476
189.587 24.226 0.0765549
189.577 24.2498 0.0747517
189.568 24.1596 0.074177
189.534 24.2503 0.0744857
189.562 24.2095 0.0743693
189.556 24.2151 0.0742316
189.6 24.1988 0.0751786
189.545 24.2133 0.0742632
189.542 24.2482 0.0750297
189.6 24.2309 0.0759076
189.593 24.2144 0.0726951
189.533 24.1778 0.0782287
189.527 24.1779 0.0781534
189.419 24.3143 0.074309
189.491 24.2844 0.0768614
189.572 24.2389 0.0760831
189.506 24.2258 0.0750803
189.567 24.2307 0.0741958
189.529 24.2561 0.0763125
189.61 24.202 0.0731549
189.535 24.263 0.0740871
189.641 24.2157 0.077629
189.636 24.2221 0.0776359
189.553 24.2357 0.0758486
189.577 24.2423 0.0747932
189.578 24.2416 0.0749817
189.548 24.2003 0.0766553
189.571 24.2434 0.074975
189.615 24.202 0.0764751
189.542 24.2609 0.0747179
189.523 24.2635 0.0747444
189.496 24.2742 0.0761178
189.602 24.2325 0.0758132
189.563 24.2213 0.0746823
189.605 24.2147 0.0721345
189.59 24.2128 0.0723865
189.559 24.2535 0.0760734
189.495 24.2146 0.0768151
189.569 24.2437 0.0760878
189.579 24.2009 0.0745969
189.468 24.2779 0.0759646
189.512 24.1968 0.0757965
189.537 24.2606 0.0741456
189.631 24.219 0.0776961
189.591 24.2327 0.076509
189.595 24.2291 0.0766688
189.557 24.2447 0.0760086
189.579 24.2437 0.0748063
189.529 24.2063 0.0762684
189.617 24.2254 0.0756111
189.549 24.2252 0.0752902
189.55 24.2617 0.0746941
189.545 24.2099 0.0751528
189.585 24.2266 0.0726169
189.544 24.2478 0.0750572
189.506 24.2811 0.0719567
189.507 24.2312 0.0724446
189.569 24.2133 0.0725005
189.498 24.2653 0.0752277
189.564 24.2435 0.0750177
189.534 24.1744 0.0782968
189.559 24.243 0.0734003
189.557 24.2532 0.0762228
189.604 24.189 0.0747274
189.571 24.2339 0.0760801
189.565 24.2365 0.0761397
189.502 24.2194 0.0752013
189.534 24.2468 0.0764146
189.533 24.2516 0.0764079
189.624 24.2055 0.0722544
189.548 24.2377 0.0733309
189.53 24.2558 0.0741913
189.551 24.2573 0.0744557
189.592 24.2345 0.0765881
189.582 24.2451 0.074773
189.57 24.1644 0.074212
189.527 24.2078 0.0762829
189.611 24.2075 0.0761965
189.543 24.2591 0.0746611
189.542 24.208 0.0750567
189.496 24.2506 0.074061
189.595 24.2347 0.0758411
189.517 24.1618 0.0747592
189.519 24.159 0.0747794
189.497 24.2658 0.0751505
189.501 24.2603 0.0751733
189.528 24.1762 0.0782488
189.52 24.1803 0.0782793
189.524 24.1677 0.0780706
189.558 24.2491 0.0761628
189.496 24.2154 0.0768253
189.6 24.2292 0.0714271
189.505 24.2188 0.0753884
189.506 24.2233 0.0752437
189.469 24.2718 0.0761875
189.469 24.2679 0.0758583
189.524 24.2395 0.0753482
189.63 24.2141 0.0774981
189.634 24.2176 0.0776468
189.55 24.2557 0.0744593
189.59 24.2364 0.0765454
189.554 24.2403 0.0757775
189.574 24.2399 0.0750163
189.525 24.204 0.0730977
189.588 24.1725 0.0719325
189.538 24.2308 0.0729761
189.44 24.2454 0.077987
189.499 24.2527 0.0740097
189.594 24.2337 0.0758515
189.433 24.2932 0.0758566
189.554 24.2464 0.0764077
189.503 24.2635 0.0753869
189.546 24.2583 0.0730332
189.559 24.2505 0.0760513
189.598 24.1829 0.0747073
189.569 24.2372 0.0760131
189.574 24.2432 0.0761153
189.587 24.2272 0.0740824
189.571 24.2263 0.074262
189.534 24.253 0.0765493
189.617 24.205 0.0721521
189.574 24.2419 0.074445
189.636 24.2157 0.0777204
189.591 24.2359 0.0766984
189.608 24.221 0.070954
189.593 24.1806 0.0740579
189.54 24.2522 0.0743532
189.609 24.2272 0.0754832
189.614 24.2223 0.0757079
189.619 24.223 0.0755786
189.563 24.216 0.0742243
189.444 24.2442 0.0779139
189.603 24.2025 0.0750921
189.555 24.2049 0.0752696
189.54 24.2464 0.0751139
189.488 24.2281 0.0732437
189.531 24.2571 0.0722003
189.563 24.2439 0.0749872
189.562 24.2468 0.0762238
189.568 24.255 0.0761697
189.499 24.2829 0.0770424
189.568 24.2472 0.0761104
189.571 24.2424 0.0759352
189.567 24.229 0.0742466
189.531 24.2531 0.0765758
189.512 24.1994 0.0757202
189.596 24.2358 0.0736372
189.493 24.269 0.073947
189.489 24.267 0.0739725
189.628 24.2236 0.0775735
189.559 24.2397 0.0759487
189.578 24.2434 0.0749093
189.484 24.2846 0.0733469
189.614 24.2256 0.07545
189.614 24.2213 0.0755055
189.607 24.2249 0.0755993
189.541 24.2317 0.0727263
189.541 24.2542 0.0739237
189.52 24.2566 0.0745788
189.605 24.1971 0.0751841
189.495 24.2591 0.0740924
189.536 24.2463 0.0750515
189.546 24.2416 0.074494
189.527 24.1722 0.0781552
189.565 24.2484 0.0761171
189.564 24.2488 0.0763193
189.599 24.1812 0.0745747
189.567 24.2436 0.076046
189.575 24.2113 0.0733379
189.531 24.2538 0.0767024
189.619 24.2033 0.0722148
189.597 24.2372 0.0735349
189.6 24.2392 0.0736395
189.447 24.286 0.07611
189.635 24.2127 0.0775404
189.553 24.2395 0.0758665
189.545 24.1996 0.0764996
189.534 24.207 0.0762029
189.615 24.2073 0.0762373
189.614 24.1998 0.0763146
189.463 24.3051 0.0716268
189.543 24.2616 0.0746248
189.497 24.2488 0.0739963
189.5 24.2691 0.0764275
189.596 24.2301 0.075738
189.562 24.2449 0.0761946
189.561 24.2414 0.0761676
189.697 24.1233 0.0751365
189.562 24.2525 0.0762301
189.493 24.2816 0.077174
189.565 24.2392 0.0760682
189.587 24.2302 0.07394
189.507 24.2273 0.0753246
189.607 24.2055 0.0739439
189.497 24.2463 0.0721838
189.512 24.2031 0.075784
189.526 24.2417 0.0754371
189.634 24.216 0.0776295
189.591 24.2293 0.0767034
189.554 24.2428 0.0760157
189.549 24.1978 0.0764398
189.526 24.2119 0.0762512
189.608 24.2011 0.0762854
189.569 24.2094 0.0743087
189.442 24.2508 0.0779979
189.547 24.2037 0.0743814
189.54 24.2477 0.0750259
189.598 24.2277 0.075826
189.535 24.2529 0.0721652
189.497 24.2648 0.0752153
189.527 24.1731 0.0782899
189.495 24.2815 0.0769419
189.493 24.2854 0.0767916
189.572 24.2401 0.0762695
189.57 24.2402 0.0762165
189.576 24.2026 0.0743796
189.471 24.2727 0.0759022
189.557 24.2333 0.0703165
189.531 24.2358 0.07529
189.528 24.2385 0.0753878
189.446 24.2922 0.0760195
189.445 24.2907 0.0761508
189.583 24.2068 0.073442
189.555 24.2588 0.0743148
189.587 24.237 0.0766551
189.554 24.2424 0.0757963
189.569 24.242 0.0747071
189.61 24.2009 0.0762342
189.613 24.195 0.0761861
189.547 24.2592 0.0747282
189.521 24.265 0.0744135
189.509 24.2655 0.0721887
189.528 24.2575 0.0732974
189.602 24.2155 0.072215
189.557 24.2435 0.0760203
189.559 24.2414 0.0763899
189.525 24.1767 0.0782187
189.497 24.2806 0.077006
189.537 24.2523 0.0726057
189.568 24.24 0.0761542
189.566 24.2369 0.0742604
189.567 24.2347 0.0744785
189.665 24.1697 0.0744739
189.489 24.2751 0.0741738
189.636 24.2145 0.0775219
189.637 24.2167 0.0777386
189.594 24.2304 0.0765653
189.546 24.1992 0.0764458
189.497 24.2792 0.0732892
189.614 24.2249 0.0757771
189.611 24.1971 0.0763434
189.441 24.2447 0.0779566
189.519 24.2616 0.0746354
189.559 24.1987 0.0750915
189.543 24.2488 0.0751145
189.509 24.2295 0.0724274
189.605 24.2268 0.0721774
189.563 24.2496 0.0761734
189.5 24.2636 0.0752338
189.563 24.2557 0.07498
189.525 24.1737 0.0781329
189.559 24.2514 0.0762779
189.542 24.2228 0.0727089
189.588 24.2246 0.0736918
189.528 24.258 0.0764439
189.53 24.2517 0.0763834
189.608 24.2083 0.0741927
189.611 24.211 0.0741082
189.547 24.1904 0.0742559
189.53 24.2378 0.0751378
189.446 24.2921 0.0760107
189.534 24.2505 0.0742013
189.635 24.2187 0.0774607
189.555 24.2448 0.0758002
189.485 24.2817 0.0733507
189.615 24.2247 0.075519
189.441 24.247 0.077728
189.56 24.2002 0.0751982
189.558 24.2185 0.0739167
189.597 24.2356 0.0758212
189.597 24.2358 0.075788
189.551 24.236 0.0744786
189.557 24.2409 0.0764507
189.497 24.2621 0.0753137
189.56 24.2458 0.0764992
189.495 24.2803 0.0770877
189.488 24.2791 0.0768391
189.59 24.2372 0.0707627
189.57 24.239 0.0761831
189.576 24.2044 0.0747074
189.507 24.2233 0.0751833
189.468 24.2729 0.076016
189.59 24.2356 0.0735872
189.603 24.2183 0.0732973
189.634 24.2177 0.0774399
189.632 24.2184 0.0774937
189.627 24.2153 0.0776799
189.55 24.2363 0.0761274
189.558 24.2376 0.0759214
189.617 24.2166 0.0710597
189.577 24.2393 0.0748193
189.614 24.2221 0.0756692
189.438 24.2494 0.0779459
189.601 24.1986 0.0752129
189.497 24.2747 0.0764038
189.601 24.2325 0.0756907
189.548 24.2415 0.0747035
189.561 24.2436 0.0762965
189.519 24.178 0.0782541
189.563 24.2481 0.0760149
189.563 24.2496 0.0762399
189.492 24.2878 0.0770639
189.49 24.2818 0.0769694
189.572 24.2419 0.0760931
189.586 24.2245 0.073893
189.491 24.2791 0.0727647
189.612 24.2043 0.0740346
189.502 24.266 0.0737422
189.446 24.288 0.0761347
189.566 24.2494 0.0726562
189.607 24.2232 0.0733328
189.554 24.2582 0.0746155
189.58 24.2479 0.0747984
189.561 24.2532 0.0709807
189.575 24.2442 0.074864
189.494 24.2145 0.073672
189.561 24.2107 0.0743689
189.541 24.2283 0.07508
189.54 24.2641 0.0745824
189.493 24.2556 0.0739748
189.492 24.2739 0.0762516
189.591 24.165 0.071797
189.499 24.2637 0.0753768
189.614 24.203 0.0726824
189.565 24.251 0.0761416
189.496 24.2795 0.0767698
189.569 24.238 0.0761053
189.57 24.2417 0.0760363
189.48 24.2032 0.0737601
189.465 24.2766 0.0759245
189.554 24.2333 0.0732636
189.533 24.2557 0.0739807
189.592 24.2281 0.0766062
189.58 24.2482 0.0748417
189.609 24.2147 0.0710302
189.574 24.2451 0.0747133
189.612 24.2288 0.075493
189.442 24.2459 0.0780758
189.546 24.2575 0.0745097
189.521 24.1352 0.0740058
189.596 24.233 0.0758813
189.594 24.2339 0.0758392
189.567 24.2223 0.0746899
189.497 24.264 0.075142
189.707 24.1194 0.0750313
189.422 24.3187 0.0741485
189.56 24.2474 0.0763392
189.564 24.2461 0.0762375
189.602 24.1887 0.0746851
189.539 24.2071 0.0724179
189.567 24.234 0.0759445
189.592 24.2084 0.0732784
189.527 24.249 0.0765462
189.511 24.1983 0.0733231
189.556 24.2384 0.0734462
189.609 24.2165 0.0732263
189.59 24.2367 0.0767236
189.549 24.2405 0.0758925
189.571 24.2425 0.071445
189.56 24.2138 0.074617
188.802 19.2252 0.0364904
189.635 24.2031 0.0770014
189.599 24.235 0.0749401
189.572 24.1899 0.0755151
189.538 24.1703 0.0732462
189.517 24.238 0.0760767
189.534 24.2614 0.0756501
189.532 24.2553 0.0741021
189.57 24.2272 0.0735484
189.558 24.2344 0.0752634
189.557 24.2338 0.0753782
189.643 24.1788 0.0747274
189.575 24.2233 0.0736363
189.541 24.249 0.074544
189.549 24.2572 0.0776766
189.564 24.2561 0.0726114
189.494 24.2715 0.0785972
189.523 24.2559 0.0784069
189.509 24.2022 0.0772664
189.477 24.2745 0.0745305
189.542 24.2595 0.0745141
189.471 24.2933 0.0744354
189.537 24.1744 0.0732766
189.532 24.2546 0.0756138
189.525 24.2326 0.0769728
189.454 24.2922 0.074477
189.573 24.1847 0.0742207
189.559 24.2302 0.0753494
189.639 24.1887 0.0749491
189.572 24.1571 0.0735407
189.623 24.2163 0.0758818
189.48 24.2632 0.0725036
189.537 24.2016 0.0733213
189.539 24.2554 0.0745509
189.618 24.2023 0.0757489
189.519 24.2192 0.074354
189.533 24.2503 0.0732257
189.495 24.2679 0.0786801
189.531 24.2355 0.0748778
189.597 24.2049 0.0729216
189.636 24.2044 0.0769666
189.522 24.2605 0.0755191
189.621 24.2132 0.072449
189.617 24.2197 0.0739523
189.535 24.26 0.0758719
189.597 24.1907 0.0759503
189.515 24.2369 0.0769077
189.573 24.177 0.0742906
189.488 24.2885 0.0753899
189.553 24.2284 0.0752023
189.559 24.2482 0.0742243
189.463 24.2432 0.0756665
189.623 24.2005 0.0758711
189.52 24.2155 0.0744664
189.495 24.275 0.0786877
189.498 24.2638 0.0734601
189.517 24.2494 0.0785073
189.647 24.1664 0.07231
189.46 24.2939 0.0784486
189.575 24.2148 0.0741943
189.508 24.2786 0.0733104
189.55 24.2402 0.0757142
189.532 24.2619 0.0741073
189.579 24.2392 0.0728768
189.483 24.2128 0.0745012
189.553 24.2026 0.0766403
189.473 24.2533 0.0748204
189.571 24.2242 0.0735881
189.593 24.2211 0.0739804
189.543 24.2622 0.0777575
189.554 24.2229 0.0749175
189.496 24.2746 0.0788904
189.518 24.2513 0.0784452
189.522 24.2551 0.078224
189.537 24.1667 0.0785733
189.541 24.2566 0.0742487
189.572 24.1859 0.0752771
189.599 24.1806 0.0750423
189.516 24.2355 0.0769618
189.542 24.2587 0.0741824
189.53 24.2541 0.0714935
189.609 24.2036 0.0748643
189.641 24.188 0.0749485
189.544 24.2035 0.0769848
189.543 24.2576 0.0777241
189.499 24.2693 0.0742362
189.611 24.1841 0.0767707
189.498 24.2684 0.0787018
189.5 24.2694 0.0787718
189.539 24.1912 0.0752089
189.639 24.1661 0.0721536
189.466 24.2943 0.0784136
189.465 24.2864 0.0783308
189.602 24.2359 0.0751858
189.56 24.2029 0.0740059
189.524 24.236 0.0758532
189.588 24.223 0.0722617
189.599 24.181 0.0749304
189.523 24.2395 0.0769774
189.522 24.2354 0.0768886
189.493 24.2762 0.0750686
189.553 24.2066 0.0765242
189.633 24.1799 0.0749777
189.627 24.2201 0.0758412
189.571 24.1978 0.0744764
189.54 24.2508 0.0745669
189.547 24.2581 0.0775627
189.55 24.2609 0.0746044
189.495 24.2677 0.0748277
189.525 24.2561 0.078383
189.534 24.1677 0.0782774
189.467 24.2893 0.0783391
189.548 24.2033 0.0740186
189.602 24.2378 0.0753007
189.541 24.2445 0.0731395
189.548 24.2421 0.0757819
189.599 24.1805 0.0751186
189.534 24.2575 0.0742204
189.522 24.2379 0.0770065
189.576 24.2324 0.073451
189.549 24.2566 0.0740682
189.541 24.2116 0.0735448
189.562 24.2438 0.0743373
189.56 24.1969 0.0743803
189.551 24.2256 0.0750046
189.557 24.2528 0.0744598
189.495 24.2683 0.0788235
189.499 24.2715 0.0786188
189.454 24.2413 0.0770559
189.59 24.1975 0.0718315
189.521 24.2575 0.0782517
189.522 24.2395 0.0735915
189.541 24.1616 0.0785904
189.633 24.2047 0.0769071
189.462 24.2871 0.0785613
189.602 24.237 0.0750946
189.629 24.1914 0.0744
189.618 24.2173 0.0739474
189.528 24.265 0.0757033
189.567 24.2118 0.0749369
189.621 24.1675 0.0728937
189.607 24.2068 0.0748889
189.563 24.2325 0.075181
189.545 24.2121 0.0735067
189.559 24.2496 0.0740724
189.501 24.2696 0.0714909
189.542 24.2639 0.0776849
189.543 24.265 0.0778321
189.517 24.2209 0.0745649
189.615 24.1888 0.0734718
189.499 24.268 0.0789273
189.526 24.2565 0.0783811
189.523 24.262 0.078448
189.574 24.1828 0.0724033
189.63 24.2043 0.0768097
189.463 24.2873 0.0781244
189.538 24.2566 0.075784
189.518 24.2366 0.0757584
189.468 24.2822 0.0754584
189.469 24.2872 0.0754938
189.529 24.2297 0.0746692
189.533 24.2585 0.0741075
189.595 24.1936 0.0758429
189.57 24.2311 0.0734018
189.606 24.2067 0.0747882
189.501 24.2576 0.0733942
189.565 24.2488 0.0741294
189.575 24.2203 0.0736618
189.621 24.2122 0.0759729
189.631 24.2156 0.0722855
189.555 24.2599 0.0745847
189.497 24.2699 0.0787654
189.495 24.272 0.0788849
189.49 24.2655 0.0751045
189.523 24.2593 0.0783441
189.546 24.2346 0.0753123
189.46 24.285 0.0783883
189.505 24.2777 0.0732462
189.47 24.2953 0.0742772
189.552 24.2463 0.0757856
189.549 24.2373 0.0757509
189.562 24.2103 0.0748683
189.612 24.1751 0.0731193
189.601 24.2083 0.0747668
189.557 24.2336 0.0752832
189.544 24.2532 0.0739403
189.481 24.2459 0.0750462
189.534 24.2511 0.0744543
189.56 24.249 0.0723622
189.625 24.2132 0.0760628
189.612 24.1939 0.0734664
189.614 24.1972 0.0767052
189.499 24.2712 0.0787958
189.517 24.2525 0.078545
189.509 24.2104 0.0770967
189.462 24.292 0.0784784
189.535 24.2577 0.0743292
189.54 24.2563 0.0743757
189.603 24.2362 0.0750898
189.514 24.239 0.075813
189.551 24.2392 0.0755607
189.546 24.2333 0.0757826
189.57 24.2136 0.0725491
189.55 24.2335 0.0749362
189.512 24.2381 0.0769892
189.576 24.1868 0.0743442
189.604 24.2111 0.0748146
189.542 24.2562 0.0739639
189.624 24.2169 0.075921
189.539 24.2505 0.0745626
189.537 24.2484 0.0745632
189.545 24.2572 0.0777343
189.618 24.1686 0.0753972
189.496 24.2671 0.078591
189.499 24.2759 0.0785306
189.523 24.2544 0.0784607
189.528 24.1879 0.0724816
189.465 24.2892 0.0784145
189.458 24.2895 0.0785278
189.605 24.2401 0.0751987
189.607 24.2354 0.0752397
189.524 24.2579 0.0750214
189.518 24.2324 0.0759762
189.469 24.2876 0.0753165
189.547 24.2371 0.0758459
189.532 24.259 0.0742831
189.537 24.2614 0.0742143
189.489 24.2899 0.0717388
189.501 24.2319 0.0753102
189.425 24.2377 0.0745593
189.555 24.233 0.0751879
189.564 24.2446 0.0742409
189.541 24.2607 0.0777533
189.545 24.2583 0.0775007
189.614 24.1917 0.0766763
189.492 24.267 0.0787716
189.454 24.242 0.0770116
189.52 24.2514 0.0782862
189.476 24.2718 0.0743686
189.47 24.2895 0.0784045
189.607 24.2344 0.0750775
189.564 24.2143 0.0743024
189.618 24.2085 0.0718204
189.623 24.2146 0.0726355
189.589 24.2263 0.0723533
189.528 24.2326 0.0744219
189.601 24.1929 0.0760383
189.52 24.2336 0.0767369
189.478 24.2842 0.0753857
189.551 24.2003 0.0765413
189.622 24.2164 0.0757785
189.562 24.2415 0.0742276
189.504 24.2687 0.0711914
189.539 24.2497 0.0745275
189.539 24.2507 0.0745432
189.463 24.2393 0.0756432
189.622 24.2026 0.0758521
189.614 24.1907 0.0736617
189.499 24.2707 0.0787079
189.551 24.1874 0.0738017
189.532 24.2334 0.0749974
189.521 24.2562 0.0784196
189.551 24.2312 0.0755202
189.637 24.2103 0.0770385
189.466 24.291 0.0782004
189.522 24.2613 0.0752401
189.603 24.2333 0.0733137
189.532 24.2616 0.0757838
189.517 24.2386 0.0770137
189.576 24.2217 0.0732923
189.567 24.1793 0.0754333
189.505 24.2406 0.0733028
189.577 24.1563 0.0735796
189.547 24.2057 0.0768432
189.544 24.2629 0.0779118
189.521 24.2179 0.0744581
189.544 24.2188 0.0732603
189.501 24.2729 0.0787753
189.497 24.2699 0.0788034
189.52 24.2582 0.078374
189.522 24.2581 0.0785649
189.559 24.2078 0.0715911
189.636 24.2121 0.0768016
189.605 24.2313 0.0750406
189.524 24.2431 0.0760369
189.516 24.2349 0.0760368
189.549 24.2392 0.0757777
189.53 24.2344 0.0746308
189.657 24.2048 0.0721588
189.579 24.2443 0.0730019
189.484 24.2895 0.0750502
189.563 24.2352 0.0752565
189.551 24.2058 0.0766003
189.545 24.2093 0.0735557
189.574 24.2249 0.073711
189.558 24.1877 0.0744377
189.543 24.2611 0.0777357
189.625 24.2057 0.0758029
189.504 24.2721 0.0741925
189.538 24.2183 0.0733543
189.497 24.2673 0.0789434
189.54 24.1909 0.0749132
189.567 24.1902 0.0748172
189.51 24.2071 0.0774255
189.539 24.1652 0.0786303
189.471 24.2653 0.0745481
189.632 24.2079 0.0769702
189.581 24.2209 0.0730278
189.543 24.173 0.0733168
189.537 24.2597 0.0757017
189.567 24.2103 0.0750923
189.601 24.1898 0.0758258
189.656 24.2019 0.0722358
189.542 24.2403 0.0736984
189.496 24.2613 0.0733438
189.468 24.2608 0.0724075
189.535 24.2061 0.0732537
189.541 24.2588 0.0776346
189.62 24.2075 0.0757169
189.636 24.2119 0.0724975
189.61 24.1894 0.076801
189.496 24.267 0.0788738
189.498 24.2754 0.0788706
189.522 24.2552 0.0784001
189.548 24.2278 0.0752655
189.599 24.2354 0.0751823
189.545 24.2562 0.0756962
189.628 24.1958 0.0745082
189.564 24.2141 0.07501
189.529 24.256 0.0759566
189.54 24.2618 0.0745429
189.642 24.1822 0.0724758
189.608 24.2068 0.0748012
189.504 24.2818 0.0737895
189.462 24.24 0.0756128
189.541 24.2648 0.0776293
189.621 24.2071 0.0758414
189.596 24.1625 0.0733484
189.523 24.215 0.0743576
189.495 24.2709 0.0786869
189.495 24.2663 0.078694
189.497 24.2724 0.0787306
189.456 24.2385 0.0770808
189.522 24.2584 0.0783377
189.511 24.2027 0.0771309
189.633 24.2044 0.0768844
189.466 24.2843 0.0783226
189.623 24.1938 0.0745122
189.586 24.2237 0.0722086
189.604 24.2293 0.0724138
189.536 24.2559 0.0743769
189.658 24.2043 0.072515
189.556 24.2188 0.0730004
189.552 24.2053 0.0764608
189.47 24.2584 0.0724349
189.598 24.2199 0.0739254
189.465 24.2395 0.0756076
189.495 24.2556 0.074864
189.609 24.1904 0.0768053
189.499 24.2702 0.0788648
189.457 24.2374 0.0769964
189.515 24.2501 0.0783114
189.513 24.2056 0.0772733
189.63 24.2097 0.0767743
189.579 24.2149 0.0730338
189.538 24.2605 0.0758114
189.605 24.2314 0.0735668
189.534 24.2609 0.0756644
189.52 24.2352 0.0770106
189.541 24.2655 0.074424
189.503 24.24 0.0754392
189.558 24.232 0.0751847
189.478 24.2541 0.0751638
189.55 24.204 0.0770182
189.569 24.2233 0.0736903
189.518 24.2462 0.0744976
189.543 24.26 0.0776235
189.544 24.2608 0.0777793
189.539 24.2571 0.0776396
189.624 24.2056 0.0759923
189.5 24.266 0.0786345
189.5 24.2682 0.0787086
189.524 24.255 0.0783043
189.495 24.2166 0.0731755
189.545 24.2319 0.0752648
189.63 24.2027 0.0768405
189.543 24.2549 0.0744035
189.598 24.2334 0.074974
189.531 24.2619 0.075752
189.512 24.2742 0.0733956
189.564 24.1905 0.0753841
189.563 24.1894 0.075313
189.55 24.2351 0.0758579
189.56 24.2093 0.0749959
189.511 24.2486 0.0744921
189.52 24.2392 0.0769479
189.535 24.2563 0.0714055
189.478 24.2134 0.0743087
189.535 24.236 0.0734874
189.499 24.2835 0.0752445
189.624 24.2193 0.0759288
189.516 24.2343 0.0746459
189.541 24.267 0.0778997
189.523 24.2162 0.0743549
189.607 24.1835 0.0768902
189.608 24.1915 0.0767767
189.61 24.1926 0.076641
189.538 24.2544 0.0733085
189.499 24.2689 0.0786692
189.499 24.2702 0.078727
189.523 24.2572 0.0783403
189.579 24.2251 0.0734049
189.638 24.2069 0.0768742
189.464 24.2949 0.0785159
189.523 24.2642 0.0753156
189.517 24.2653 0.0752825
189.524 24.2698 0.0753059
189.568 24.1798 0.0753634
189.534 24.2628 0.0756385
189.527 24.1934 0.0731452
189.603 24.191 0.0759806
189.57 24.1924 0.0738419
189.576 24.1848 0.0739621
189.495 24.2351 0.0752134
189.497 24.2848 0.0752161
189.619 24.2164 0.0757384
189.543 24.2005 0.07689
189.521 24.2089 0.0728133
189.539 24.2613 0.0776096
189.621 24.1979 0.075941
189.63 24.1701 0.0756221
189.496 24.2689 0.0787079
189.498 24.2674 0.0750958
189.627 24.215 0.0704417
189.635 24.214 0.0769911
189.462 24.3003 0.0785369
189.523 24.2644 0.0753307
189.508 24.2776 0.0735005
189.562 24.2061 0.0739038
189.566 24.2096 0.0748192
189.571 24.2206 0.0727014
189.548 24.2331 0.0750146
189.537 24.2582 0.0741291
189.57 24.2327 0.073641
189.492 24.2835 0.0750343
189.598 24.21 0.074999
189.544 24.2142 0.0734943
189.507 24.2711 0.0737963
189.467 24.2412 0.0756622
189.54 24.2621 0.0776576
189.54 24.2556 0.0776481
189.419 24.1955 0.0746561
189.633 24.2098 0.0722603
189.498 24.2666 0.0787264
189.453 24.239 0.0769324
189.58 24.2231 0.0732099
189.475 24.269 0.0743603
189.546 24.2606 0.0744901
189.54 24.2627 0.0758975
189.486 24.2363 0.0753581
189.547 24.2321 0.0756588
189.548 24.2311 0.074989
189.534 24.2595 0.0742728
189.544 24.2643 0.074417
189.572 24.2273 0.0735917
189.494 24.2592 0.0730746
189.629 24.2193 0.0756879
189.523 24.2441 0.0745348
189.622 24.2078 0.075823
189.46 24.3022 0.0719956
189.494 24.272 0.0787425
189.519 24.2526 0.0783644
189.508 24.2021 0.077488
189.46 24.2962 0.0783558
189.522 24.2645 0.075501
189.606 24.225 0.0732463
189.566 24.2118 0.0748693
189.515 24.2355 0.076873
189.522 24.2388 0.0769123
189.572 24.1834 0.0754107
189.559 24.2302 0.0753275
189.55 24.2067 0.0765761
189.48 24.2663 0.0724506
189.553 24.2033 0.077004
189.537 24.249 0.0744745
189.628 24.2076 0.0756632
189.5 24.2718 0.0740952
189.496 24.2674 0.0787113
189.495 24.2675 0.0786502
189.517 24.2536 0.078355
189.464 24.2403 0.0727208
189.466 24.2849 0.0785522
189.602 24.2301 0.0750801
189.623 24.1903 0.0745817
189.554 24.2409 0.0756717
189.553 24.2355 0.0749429
189.55 24.2267 0.0750572
189.603 24.189 0.0758697
189.521 24.2299 0.0768369
189.518 24.2389 0.0769875
188.788 24.0405 0.0723395
