238.679 28.4249 0.069326
238.698 28.4294 0.0715281
238.719 28.3745 0.072766
238.673 28.3138 0.0725043
238.73 28.4269 0.0681995
238.68 28.4328 0.0761438
238.721 28.3194 0.0755191
238.676 28.4511 0.0728499
238.721 28.3956 0.0722799
238.715 28.3985 0.0721363
238.702 28.3922 0.0703494
238.677 28.333 0.0757235
238.579 28.3896 0.0753873
238.728 28.4368 0.0704418
238.735 28.4504 0.0697362
238.66 28.3646 0.0718839
238.642 28.3543 0.0712721
238.667 28.4658 0.0728487
238.636 28.5556 0.0736179
238.687 28.4344 0.071995
238.71 28.4928 0.0719661
238.708 28.3425 0.0748475
238.677 28.4107 0.072464
238.689 28.3566 0.0732975
238.671 28.4286 0.0738281
238.689 28.4383 0.0763617
238.686 28.4419 0.07622
238.737 28.2995 0.0700752
238.695 28.3645 0.0709397
238.665 28.4754 0.0723095
238.686 28.3028 0.0743258
238.678 28.4723 0.072878
238.635 28.3685 0.0725454
238.635 28.3419 0.0732063
238.685 28.4922 0.0727721
238.745 28.3919 0.0707114
238.745 28.3825 0.070807
238.619 28.443 0.0727938
238.708 28.4102 0.0758214
238.623 28.4324 0.0712162
238.692 28.5091 0.0722189
238.651 28.3747 0.0733295
238.699 28.4408 0.0743222
238.671 28.4512 0.0721972
238.714 28.3623 0.0724449
238.668 28.4485 0.0748247
238.634 28.3534 0.0737423
238.653 28.481 0.0722127
238.697 28.3865 0.072726
238.645 28.4421 0.0724419
238.622 28.431 0.0734971
238.686 28.3277 0.0728997
238.59 28.3898 0.0724102
238.654 28.4296 0.0702612
238.685 28.4149 0.0720312
238.667 28.4882 0.073737
238.696 28.4671 0.074341
238.686 28.384 0.0746882
238.687 28.4887 0.069623
238.705 28.4517 0.072352
238.673 28.3696 0.0740007
238.715 28.4444 0.0686108
238.718 28.3722 0.0727798
238.692 28.3743 0.0745753
238.72 28.4097 0.0711963
238.712 28.4246 0.0743143
238.715 28.4249 0.0742897
238.711 28.4238 0.0743313
238.65 28.4523 0.0723889
238.676 28.4475 0.0727689
238.669 28.4509 0.0727933
238.719 28.4022 0.0720353
238.735 28.4215 0.070619
238.659 28.4726 0.0712117
238.68 28.4293 0.0728427
238.673 28.4347 0.0729004
238.705 28.3928 0.070505
238.746 28.408 0.0715712
238.686 28.3342 0.0757229
238.727 28.441 0.0702155
238.737 28.4538 0.0696644
238.684 28.4683 0.0727629
238.68 28.4908 0.0732567
238.685 28.4301 0.0720694
238.654 28.3871 0.0726494
238.707 28.4958 0.0717356
238.643 28.4065 0.0722265
238.645 28.4059 0.0723009
238.683 28.3917 0.0737318
238.679 28.4233 0.0738174
238.67 28.4324 0.0738419
238.672 28.4718 0.0708175
238.736 28.3444 0.0745003
238.672 28.4684 0.072403
238.659 28.4931 0.0733952
238.684 28.4485 0.0733422
238.637 28.3843 0.0735014
238.668 28.4096 0.0723972
238.658 28.5152 0.0723817
238.633 28.3781 0.0734947
238.727 28.4756 0.073379
238.62 28.3646 0.0745983
238.625 28.3345 0.0713666
238.691 28.51 0.0722663
238.637 28.4367 0.0738881
238.699 28.4379 0.0743973
238.701 28.44 0.0743425
238.673 28.4372 0.0744255
238.675 28.445 0.072018
238.672 28.4495 0.0735207
238.686 28.3665 0.0733983
238.704 28.4278 0.0758235
238.672 28.4003 0.0726317
238.693 28.4655 0.0711017
238.664 28.332 0.0723499
238.669 28.3532 0.072473
238.701 28.3717 0.0734182
238.638 28.4916 0.0751196
238.659 28.3922 0.072127
238.64 28.4787 0.0742359
238.642 28.4193 0.074846
238.683 28.3827 0.0747987
238.684 28.3776 0.0722969
238.657 28.4982 0.0697778
238.722 28.4121 0.0708568
238.624 28.3981 0.0722024
238.63 28.449 0.0735319
238.67 28.3257 0.0715394
238.7 28.4388 0.0713949
238.641 28.4442 0.0693533
238.688 28.3732 0.0746681
238.671 28.3883 0.0717507
238.621 28.4272 0.073212
238.683 28.4339 0.0764113
238.715 28.4254 0.0745557
238.651 28.3988 0.073999
238.592 28.4035 0.0725321
238.64 28.4069 0.0732724
238.728 28.4217 0.0707797
238.752 28.4098 0.0712267
238.748 28.41 0.0712502
238.662 28.3359 0.0740898
238.644 28.4478 0.0721786
238.61 28.4937 0.0705129
238.727 28.4326 0.0704893
238.637 28.3951 0.0729781
238.636 28.408 0.07229
238.688 28.4674 0.0728678
238.661 28.5127 0.0716156
238.648 28.4774 0.0737635
238.733 28.3649 0.0704621
238.713 28.3422 0.0748301
238.639 28.405 0.0723088
238.684 28.4133 0.0725845
238.727 28.4552 0.0729364
238.663 28.4522 0.07488
238.678 28.427 0.0736902
238.643 28.4009 0.0706823
238.669 28.3929 0.0715252
238.677 28.4684 0.0721925
238.656 28.3384 0.0727799
238.661 28.4897 0.07337
238.657 28.4603 0.0739037
238.693 28.5065 0.0730078
238.693 28.5083 0.0730314
238.689 28.4867 0.072838
238.656 28.4713 0.0714351
238.695 28.3722 0.0731543
238.7 28.3645 0.0731763
238.698 28.3661 0.0732426
238.676 28.3547 0.0702661
238.707 28.4122 0.0756364
238.669 28.393 0.0734973
238.672 28.437 0.0725534
238.691 28.3678 0.0713469
238.641 28.456 0.0737507
238.649 28.3796 0.0734929
238.681 28.4573 0.0731662
238.668 28.4456 0.0720681
238.67 28.4525 0.0733652
238.672 28.4496 0.073211
238.641 28.442 0.0705563
238.702 28.4248 0.0759166
238.698 28.3929 0.0725669
238.663 28.3515 0.0726794
238.701 28.3782 0.0735977
238.685 28.3137 0.0734188
238.654 28.3848 0.0721202
238.676 28.4862 0.0738299
238.687 28.5499 0.0735715
238.622 28.498 0.0732907
238.666 28.4456 0.0712066
238.596 28.4021 0.0751281
238.625 28.4926 0.0713517
238.696 28.3897 0.0699112
238.691 28.4196 0.0727045
238.665 28.5104 0.0731965
238.692 28.3768 0.0745676
238.651 28.3981 0.0761039
238.597 28.4384 0.0741963
238.728 28.3211 0.0754898
238.676 28.4457 0.0726665
238.716 28.4012 0.0721668
238.731 28.4198 0.0706955
238.679 28.4249 0.0731871
238.751 28.4166 0.0713053
238.654 28.4167 0.0757924
238.676 28.3385 0.0755719
238.665 28.3342 0.0741009
238.649 28.4773 0.0719886
238.625 28.4623 0.0702654
238.731 28.4602 0.0695804
238.652 28.4605 0.0726603
238.644 28.323 0.0738439
238.712 28.4119 0.0702048
238.667 28.4715 0.0728437
238.661 28.4685 0.0704857
238.704 28.4873 0.0720173
238.71 28.3452 0.0748619
238.717 28.3424 0.0748845
238.646 28.4039 0.0722984
238.689 28.3921 0.0735343
238.689 28.356 0.0734292
238.693 28.3565 0.0732103
238.686 28.4391 0.0763017
238.684 28.4855 0.0711617
238.676 28.4702 0.0723649
238.674 28.4678 0.0729321
238.665 28.3368 0.0728492
238.658 28.492 0.0734555
238.658 28.4918 0.0734059
238.595 28.4156 0.0729443
238.638 28.3895 0.0736119
238.671 28.4087 0.0725232
238.746 28.3869 0.0707458
238.697 28.5744 0.0716928
238.688 28.412 0.0747664
238.617 28.3956 0.0724361
238.662 28.3961 0.0734463
238.661 28.3714 0.0701115
238.621 28.3526 0.0732723
238.643 28.3786 0.07267
238.644 28.3858 0.0727257
238.698 28.4403 0.0745756
238.676 28.4601 0.0732465
238.671 28.4454 0.0720626
238.587 28.4043 0.0736556
238.611 28.4586 0.0729743
238.674 28.4002 0.0724998
238.632 28.463 0.0731903
238.665 28.3543 0.0726287
238.72 28.4009 0.0712343
238.676 28.4178 0.0718389
238.639 28.4812 0.0741513
238.699 28.4669 0.0743965
238.707 28.3728 0.0754879
238.703 28.3752 0.0755515
238.648 28.4184 0.0745109
238.684 28.3747 0.0724948
238.684 28.3737 0.0723013
238.694 28.4831 0.069745
238.633 28.4558 0.0733863
238.668 28.3293 0.0717736
238.676 28.4275 0.0710309
238.713 28.3755 0.0728962
238.725 28.3867 0.0708114
238.681 28.4434 0.0760792
238.725 28.3213 0.0754489
238.722 28.3206 0.0756575
238.646 28.4505 0.0723535
238.711 28.403 0.0721291
238.654 28.4184 0.0749267
238.746 28.4126 0.071225
238.678 28.3302 0.0757075
238.719 28.3441 0.0702202
238.619 28.3895 0.070655
238.712 28.4918 0.0715873
238.635 28.5615 0.073609
238.645 28.4194 0.0705234
238.713 28.341 0.074496
238.726 28.4527 0.0729132
238.688 28.3905 0.0737966
238.661 28.4529 0.0749193
238.774 28.4209 0.0719562
238.669 28.3845 0.0713646
238.742 28.3522 0.0745783
238.741 28.3486 0.0745296
238.679 28.4723 0.0727653
238.657 28.4867 0.0732221
238.636 28.3751 0.0724756
238.636 28.3436 0.073102
238.585 28.5037 0.0751494
238.654 28.2993 0.0718205
238.614 28.4076 0.0739832
238.681 28.4078 0.0747138
238.638 28.3775 0.0743589
238.604 28.4411 0.0729113
238.7 28.4049 0.0758237
238.663 28.3915 0.0736003
238.69 28.5061 0.0721643
238.694 28.4325 0.074478
238.603 28.4699 0.0755288
238.673 28.4491 0.0732352
238.642 28.3776 0.0723109
238.66 28.4406 0.0726931
238.698 28.4259 0.0755684
238.696 28.4 0.0721402
238.652 28.4429 0.072612
238.648 28.4431 0.0723718
238.701 28.3094 0.0714892
238.722 28.4018 0.0711028
238.64 28.4936 0.0749425
238.603 28.4519 0.073691
238.644 28.3724 0.0746638
238.702 28.3734 0.0738282
238.666 28.4855 0.0738883
238.708 28.3695 0.0755979
238.69 28.512 0.0698921
238.707 28.4513 0.0725646
238.69 28.4194 0.0727139
238.637 28.3709 0.0732396
238.711 28.3759 0.0726506
238.711 28.375 0.0728167
238.652 28.3759 0.0734191
238.723 28.4072 0.0711987
238.683 28.4384 0.0762926
238.722 28.3171 0.0755846
238.651 28.3862 0.0731994
238.68 28.426 0.0728406
238.75 28.4126 0.0712967
238.675 28.3342 0.0758327
238.704 28.4155 0.069815
238.686 28.464 0.0724978
238.66 28.5119 0.071805
238.649 28.3866 0.0709754
238.714 28.3389 0.074785
238.708 28.3431 0.0748588
238.73 28.4579 0.0727893
238.686 28.3958 0.0736517
238.693 28.3739 0.0720073
238.782 28.4238 0.0722166
238.777 28.4187 0.0720207
238.782 28.4274 0.0720687
238.776 28.4178 0.0720157
238.7 28.3618 0.0708108
238.649 28.3579 0.0720718
238.739 28.3453 0.0745488
238.686 28.4196 0.073635
238.7 28.4663 0.0710753
238.678 28.3728 0.0724831
238.692 28.5075 0.0731086
238.748 28.3925 0.0705006
238.685 28.4056 0.0746728
238.681 28.4116 0.0749257
238.681 28.4085 0.0747304
238.652 28.3866 0.0728103
238.668 28.3883 0.0734408
238.667 28.3936 0.0737093
238.661 28.3729 0.0700863
238.658 28.4813 0.0715028
238.703 28.4405 0.0746013
238.67 28.4383 0.0742951
238.677 28.462 0.072894
238.69 28.4211 0.070114
238.671 28.3205 0.0739437
238.669 28.3152 0.0739945
238.682 28.3672 0.0732779
238.58 28.4404 0.0754884
238.694 28.4087 0.0718574
238.632 28.4657 0.0731022
238.66 28.3507 0.0726082
238.698 28.3719 0.0733619
238.698 28.3745 0.07352
238.605 28.4535 0.0739459
238.657 28.4236 0.0704054
238.641 28.3737 0.0746218
238.702 28.3715 0.073797
238.695 28.4661 0.0741478
238.693 28.4301 0.0706
238.679 28.3812 0.0725341
238.602 28.4021 0.0752404
238.694 28.3901 0.0699049
238.665 28.4111 0.0723821
238.672 28.3647 0.0736984
238.688 28.4138 0.0729908
238.632 28.3721 0.073428
238.671 28.5134 0.073173
238.671 28.5077 0.0732041
238.692 28.3703 0.0729489
238.615 28.3648 0.0729845
238.65 28.403 0.0760267
238.68 28.4374 0.0760989
238.711 28.4269 0.0742943
238.71 28.4229 0.0743991
238.721 28.3223 0.0754714
238.642 28.3125 0.0734404
238.643 28.3865 0.0732968
238.679 28.4279 0.072873
238.745 28.4094 0.0713929
238.745 28.4118 0.0713308
238.751 28.4145 0.0712973
238.713 28.3504 0.07034
238.681 28.33 0.0757063
238.7 28.4256 0.0696984
238.662 28.4058 0.0734089
238.631 28.3908 0.0730509
238.645 28.3836 0.0724664
238.719 28.4095 0.0703723
238.676 28.4217 0.0729514
238.662 28.4691 0.0706261
238.73 28.3693 0.0703854
238.689 28.3479 0.0742115
238.672 28.4122 0.072638
238.693 28.3555 0.0734718
238.68 28.4441 0.0761987
238.773 28.4207 0.0719745
238.719 28.406 0.0693028
238.642 28.3522 0.0735257
238.651 28.293 0.0719489
238.708 28.4681 0.0709576
238.658 28.4572 0.0738434
238.687 28.4851 0.0729722
238.658 28.3053 0.0731685
238.685 28.3461 0.070254
238.702 28.4099 0.0757114
238.666 28.4346 0.0727563
238.685 28.508 0.0722637
238.698 28.4391 0.0745065
238.712 28.4324 0.0705857
238.645 28.466 0.0736953
238.659 28.4819 0.0725123
238.588 28.32 0.0775646
238.671 28.4522 0.0749629
238.655 28.4442 0.0727926
238.58 28.4436 0.0754086
238.696 28.3867 0.0727755
238.63 28.4659 0.0729568
238.668 28.3322 0.0724293
238.565 28.4046 0.072669
238.684 28.406 0.0720812
238.704 28.3698 0.0738434
238.712 28.3745 0.0753178
238.682 28.3849 0.0747976
238.685 28.3813 0.0723866
238.643 28.4648 0.0692261
238.632 28.4503 0.0714223
238.704 28.4579 0.0726191
238.663 28.4159 0.0724951
238.696 28.3982 0.06986
238.664 28.4087 0.0722372
238.687 28.4206 0.0726961
238.686 28.4145 0.0728643
238.696 28.4508 0.071421
238.715 28.4401 0.0687719
238.714 28.3759 0.0728366
238.612 28.4417 0.0723714
238.674 28.3843 0.0717501
238.719 28.4054 0.0713719
238.686 28.4805 0.0737869
238.719 28.3204 0.0755339
238.655 28.3835 0.0720544
238.651 28.3868 0.0733535
238.661 28.4674 0.071169
238.648 28.4195 0.0750919
238.706 28.39 0.0703955
238.745 28.4076 0.0712367
238.658 28.3338 0.0741631
238.656 28.3191 0.07039
238.655 28.409 0.0733877
238.628 28.3869 0.0730531
238.636 28.4032 0.0720113
238.715 28.4907 0.0717175
238.651 28.2958 0.0709363
238.654 28.4015 0.0726207
238.694 28.343 0.0740975
238.684 28.4129 0.0725534
238.682 28.412 0.0724395
238.685 28.3727 0.0723467
238.667 28.4552 0.074928
238.674 28.429 0.0737308
238.685 28.444 0.0764019
238.778 28.4191 0.0718198
238.74 28.3463 0.0746325
238.685 28.309 0.0743766
238.684 28.3017 0.0744213
238.676 28.4509 0.0735587
238.68 28.4522 0.0733712
238.689 28.4854 0.0729033
238.611 28.4232 0.0729472
238.746 28.3909 0.0708819
238.684 28.4109 0.0748028
238.682 28.408 0.0747772
238.635 28.3781 0.0730527
238.726 28.4814 0.0732773
238.659 28.481 0.0716817
238.648 28.3768 0.073215
238.698 28.4425 0.0744414
238.702 28.4338 0.0704939
238.647 28.4658 0.0735425
236.9 26.2459 0.0458831
