278.649 14.1889 5.14035
278.752 14.1945 5.13739
278.747 14.1902 5.13744
278.747 14.1875 5.13743
278.618 14.2616 5.1392
278.685 14.2939 5.14007
278.705 14.214 5.14132
278.641 14.3103 5.13946
278.644 14.3067 5.13958
278.696 14.2554 5.14006
278.619 14.2756 5.13343
278.615 14.2535 5.13922
278.616 14.2648 5.13933
278.629 14.3189 5.14095
278.667 14.3104 5.13874
278.656 14.335 5.14178
278.71 14.2644 5.13833
278.609 14.3022 5.14214
278.696 14.2745 5.13833
278.639 14.2655 5.136
278.658 14.2541 5.13599
278.648 14.2568 5.13772
278.63 14.3517 5.14142
278.587 14.2765 5.14074
278.666 14.2859 5.13946
278.66 14.2805 5.13948
278.633 14.2995 5.13951
278.583 14.2532 5.13982
278.64 14.2928 5.13795
278.626 14.3595 5.13808
278.628 14.3554 5.13839
278.625 14.2864 5.13898
278.636 14.2902 5.13905
278.638 14.2889 5.13919
278.625 14.298 5.13868
278.672 14.2855 5.13882
278.664 14.2965 5.13885
278.601 14.3417 5.14075
278.7 14.2135 5.1368
278.62 14.2129 5.14296
278.596 14.3164 5.14132
278.657 14.149 5.13732
278.617 14.2944 5.13774
278.634 14.3476 5.14066
278.679 14.2355 5.14245
278.684 14.2405 5.14254
278.674 14.2995 5.13862
278.627 14.3011 5.14215
278.643 14.3265 5.14244
278.634 14.294 5.13806
278.696 14.2593 5.14061
278.693 14.2396 5.13905
278.676 14.3155 5.13404
278.621 14.3232 5.14116
278.632 14.3035 5.14094
278.702 14.263 5.13824
278.722 14.2174 5.13763
278.716 14.1686 5.14031
278.642 14.3639 5.14147
278.695 14.2617 5.13859
278.642 14.318 5.139
278.683 14.2881 5.14119
278.601 14.2059 5.13735
278.654 14.356 5.14045
278.655 14.2829 5.14138
278.602 14.2492 5.14162
278.714 14.2506 5.13613
278.716 14.2562 5.1362
278.641 14.2109 5.13887
278.641 14.3467 5.14087
278.622 14.2984 5.13963
278.657 14.3385 5.13874
278.654 14.171 5.13904
278.589 14.1888 5.13757
278.636 14.2936 5.14152
278.636 14.2984 5.14144
278.689 14.3091 5.138
278.684 14.2629 5.13842
278.692 14.2611 5.13842
278.65 14.2325 5.13659
278.636 14.2505 5.13586
278.624 14.3071 5.13736
278.651 14.2352 5.13977
278.65 14.2268 5.13955
278.683 14.2873 5.1368
278.723 14.2297 5.13655
278.652 14.2912 5.14092
278.586 14.3279 5.14065
278.65 14.1835 5.14049
278.617 14.2396 5.13799
278.739 14.1904 5.1375
278.66 14.3089 5.1421
278.689 14.2934 5.13993
278.603 14.2703 5.13768
278.64 14.3108 5.13958
278.696 14.2609 5.14021
278.675 14.3175 5.13944
278.616 14.2607 5.13915
278.634 14.3169 5.1409
278.642 14.2908 5.14066
278.644 14.2869 5.14064
278.714 14.267 5.13816
278.606 14.3037 5.14218
278.651 14.3087 5.14279
278.716 14.2596 5.14091
278.692 14.2712 5.13851
278.705 14.263 5.13438
278.66 14.2564 5.13571
278.635 14.3732 5.14156
278.651 14.255 5.13772
278.646 14.2572 5.13784
278.63 14.3578 5.13971
278.661 14.2208 5.1374
278.631 14.3488 5.14158
278.671 14.1357 5.13743
278.667 14.2838 5.13932
278.638 14.1726 5.13826
278.585 14.2507 5.13981
278.587 14.2501 5.13976
278.691 14.2707 5.14039
278.641 14.2583 5.14118
278.636 14.2598 5.14147
278.657 14.2451 5.13309
278.68 14.2646 5.13908
278.656 14.23 5.14073
278.622 14.2986 5.13867
278.671 14.286 5.13878
278.7 14.2148 5.13682
278.618 14.2169 5.1429
278.657 14.2659 5.13982
278.661 14.1499 5.13746
278.637 14.3434 5.14084
278.674 14.2269 5.13954
278.672 14.2258 5.1396
278.625 14.2269 5.14063
278.62 14.2213 5.14054
278.626 14.3022 5.14206
278.688 14.2853 5.13987
278.642 14.2037 5.14117
278.686 14.2386 5.13915
278.702 14.2634 5.13673
278.669 14.2816 5.14121
278.63 14.3127 5.14104
278.703 14.2625 5.1382
278.62 14.2447 5.13785
278.72 14.2155 5.13764
278.662 14.2554 5.13371
278.637 14.3694 5.1415
278.699 14.2569 5.1387
278.705 14.2636 5.13874
278.616 14.3091 5.13991
278.643 14.3614 5.14052
278.629 14.3332 5.14005
278.654 14.2824 5.14137
278.626 14.3331 5.13973
278.628 14.3569 5.14055
278.579 14.2584 5.13983
278.585 14.2606 5.13969
278.665 14.3098 5.13952
278.624 14.293 5.14447
278.562 14.3218 5.14125
278.653 14.1734 5.13912
278.653 14.2078 5.13989
278.632 14.2959 5.14137
278.598 14.2591 5.13982
278.588 14.2655 5.13976
278.578 14.3222 5.13808
278.657 14.3386 5.14045
278.617 14.2972 5.13931
278.648 14.2983 5.13786
278.655 14.231 5.13962
278.725 14.2287 5.13666
278.726 14.2278 5.13638
278.657 14.2911 5.14079
278.652 14.1834 5.14055
278.645 14.1835 5.14052
278.75 14.1866 5.13743
278.746 14.1915 5.13745
278.669 14.2739 5.13675
278.711 14.2156 5.14126
278.706 14.218 5.14133
278.642 14.3122 5.1395
278.694 14.2689 5.14014
278.642 14.2084 5.14163
278.604 14.3797 5.14112
278.62 14.2561 5.13927
278.673 14.316 5.13844
278.647 14.2901 5.14079
278.663 14.3292 5.14174
278.708 14.2645 5.13813
278.714 14.2584 5.14084
278.71 14.2611 5.13451
278.655 14.2175 5.13733
278.626 14.2365 5.1392
278.615 14.2927 5.1357
278.732 14.1882 5.13789
278.582 14.2545 5.13983
278.633 14.2666 5.1413
278.687 14.267 5.13905
278.62 14.2889 5.13883
278.626 14.2959 5.13883
278.663 14.3022 5.139
278.699 14.2122 5.1369
278.595 14.3177 5.141
278.639 14.3418 5.14071
278.631 14.3436 5.14073
278.669 14.22 5.13967
278.678 14.2922 5.13856
278.625 14.2222 5.14075
278.628 14.2998 5.14208
278.639 14.2854 5.14073
278.607 14.219 5.14098
278.636 14.2947 5.13818
278.694 14.2343 5.13903
278.662 14.2787 5.14126
278.641 14.2309 5.13713
278.703 14.2664 5.13815
278.635 14.3184 5.14008
278.652 14.2564 5.13842
278.652 14.336 5.141
278.582 14.1719 5.14114
278.7 14.2599 5.13869
278.641 14.3073 5.13901
278.683 14.2904 5.14141
278.605 14.2146 5.1372
278.625 14.3281 5.14015
278.622 14.3304 5.13971
278.641 14.2529 5.13589
278.63 14.365 5.14066
278.696 14.2612 5.13574
278.59 14.3195 5.1409
278.666 14.31 5.13961
278.556 14.3233 5.14124
278.659 14.3326 5.13864
278.654 14.1685 5.13923
278.684 14.2581 5.13757
278.647 14.2529 5.13428
278.649 14.3286 5.13621
278.692 14.2608 5.13842
278.685 14.2618 5.13854
278.655 14.3379 5.14043
278.653 14.3393 5.14047
278.626 14.2767 5.13747
278.654 14.2708 5.14007
278.645 14.2286 5.13672
278.648 14.3033 5.13787
278.648 14.2351 5.13962
278.617 14.2721 5.13914
278.668 14.3074 5.13888
278.664 14.3062 5.13884
278.667 14.3015 5.13894
278.616 14.3844 5.14173
278.617 14.2442 5.13801
278.748 14.1862 5.13743
278.749 14.1938 5.13747
278.662 14.2698 5.13648
278.712 14.2151 5.14113
278.654 14.3414 5.13988
278.694 14.2644 5.14035
278.677 14.3133 5.13936
278.613 14.3168 5.13851
278.628 14.3177 5.14072
278.666 14.3077 5.13839
278.616 14.3191 5.13785
278.65 14.2694 5.13407
278.651 14.3069 5.14277
278.644 14.2623 5.13595
278.658 14.2566 5.13592
278.652 14.2234 5.13718
278.614 14.3752 5.14144
278.582 14.2822 5.14052
278.732 14.1889 5.13798
278.637 14.2932 5.13937
278.636 14.2589 5.14138
278.635 14.2615 5.1413
278.635 14.2634 5.1413
278.685 14.2638 5.13909
278.661 14.2325 5.14088
278.668 14.3193 5.13517
278.662 14.3038 5.1357
278.611 14.3587 5.14042
278.622 14.3645 5.14063
278.597 14.219 5.14043
278.66 14.267 5.13961
278.666 14.2678 5.13984
278.641 14.342 5.1407
278.629 14.3452 5.14096
278.676 14.238 5.14252
278.616 14.2332 5.1383
278.671 14.2944 5.13855
278.689 14.2861 5.1399
278.625 14.201 5.13814
278.634 14.2058 5.14135
278.698 14.242 5.13896
278.69 14.2415 5.13899
278.695 14.2652 5.13695
278.626 14.3205 5.14126
278.641 14.2292 5.13723
278.641 14.2303 5.13713
278.634 14.2379 5.13714
278.636 14.2348 5.13722
278.628 14.2341 5.14059
278.631 14.2355 5.14072
278.633 14.3199 5.1399
278.724 14.2086 5.13776
278.721 14.2104 5.13776
278.648 14.2481 5.13841
278.716 14.1634 5.14029
278.664 14.2772 5.14028
278.662 14.2805 5.14051
278.617 14.3193 5.13744
278.7 14.2603 5.13863
278.687 14.2901 5.1414
278.62 14.3001 5.13904
278.638 14.3574 5.13903
278.564 14.2671 5.13918
278.609 14.3332 5.1397
278.668 14.2755 5.13544
278.647 14.3608 5.13944
278.712 14.2481 5.13607
278.677 14.2846 5.13641
278.641 14.2115 5.13897
278.635 14.3489 5.14071
278.642 14.353 5.14094
278.627 14.3098 5.14315
278.63 14.2984 5.13956
278.62 14.2941 5.13967
278.588 14.3324 5.14039
278.651 14.1719 5.1391
278.655 14.1677 5.13916
278.653 14.2047 5.14016
278.594 14.1879 5.13768
278.588 14.1828 5.13787
278.637 14.2997 5.14161
278.651 14.3216 5.13625
278.657 14.3393 5.14036
278.646 14.2275 5.13644
278.613 14.3002 5.13911
278.668 14.2161 5.14121
278.668 14.2925 5.13885
278.67 14.3351 5.1366
278.685 14.2816 5.13694
278.721 14.2274 5.13644
278.724 14.2256 5.13648
278.617 14.2718 5.13927
278.672 14.3101 5.13867
278.648 14.187 5.14035
278.651 14.2933 5.13807
278.662 14.3086 5.14198
278.666 14.2717 5.13695
278.687 14.2882 5.13988
278.654 14.3399 5.13982
278.64 14.2519 5.14067
278.64 14.2104 5.1415
278.677 14.3186 5.13954
278.604 14.199 5.13691
278.667 14.3085 5.13861
278.646 14.2868 5.14067
278.602 14.3217 5.13753
278.715 14.2665 5.13815
278.723 14.2571 5.1408
278.718 14.253 5.1409
278.701 14.2771 5.13852
278.645 14.257 5.13779
278.629 14.3513 5.14149
278.675 14.1324 5.13735
278.679 14.2833 5.13361
278.729 14.189 5.13797
278.637 14.2961 5.13964
278.633 14.2587 5.14122
278.642 14.295 5.13774
278.688 14.2694 5.1392
278.626 14.2849 5.13912
278.621 14.2836 5.13922
278.598 14.2227 5.13233
278.667 14.316 5.1354
278.659 14.306 5.13583
278.626 14.2136 5.14287
278.598 14.2183 5.14026
278.659 14.1452 5.13732
278.677 14.2338 5.14238
278.682 14.2326 5.14259
278.605 14.2172 5.13979
278.618 14.223 5.14057
278.683 14.2919 5.1397
278.641 14.2824 5.14078
278.641 14.3227 5.14267
278.641 14.2039 5.14131
278.633 14.2933 5.13812
278.696 14.2603 5.14056
278.694 14.2658 5.14057
278.69 14.2389 5.13881
278.603 14.3308 5.14055
278.634 14.3068 5.14125
278.635 14.2334 5.13707
278.707 14.2647 5.13827
278.727 14.2091 5.13769
278.727 14.2145 5.13768
278.652 14.2639 5.13386
278.629 14.3133 5.14142
278.666 14.2822 5.14041
278.615 14.3262 5.1374
278.64 14.3148 5.13895
278.682 14.2913 5.14137
278.624 14.3001 5.13886
278.64 14.3629 5.1404
278.612 14.3076 5.1375
278.613 14.3086 5.13764
278.654 14.2812 5.14129
278.616 14.2784 5.13799
278.641 14.2499 5.13583
278.648 14.3593 5.13953
278.718 14.2502 5.13617
278.718 14.2509 5.13591
278.635 14.2126 5.13871
278.667 14.3095 5.13955
278.619 14.1677 5.14159
278.66 14.3317 5.13874
278.664 14.2882 5.13578
278.653 14.1717 5.13907
278.682 14.268 5.13776
278.585 14.2579 5.13953
278.594 14.2653 5.13954
278.684 14.2622 5.13849
278.641 14.3264 5.13364
278.618 14.3002 5.13938
278.673 14.2112 5.1413
278.624 14.3106 5.13747
278.689 14.2818 5.13678
278.684 14.2791 5.13675
278.666 14.3112 5.13871
278.668 14.3071 5.139
278.616 14.245 5.13796
278.646 14.2953 5.13822
278.749 14.1886 5.13744
278.688 14.2965 5.13987
278.703 14.2172 5.14105
278.67 14.2947 5.13339
278.645 14.3109 5.13943
278.535 14.3433 5.13974
278.695 14.265 5.14008
278.677 14.3152 5.13943
278.604 14.3163 5.13907
278.639 14.289 5.14075
278.716 14.2617 5.13829
278.721 14.2592 5.14083
278.719 14.2531 5.1409
278.718 14.2564 5.14096
278.71 14.2676 5.1347
278.579 14.292 5.13935
278.66 14.298 5.13294
278.591 14.2837 5.1406
278.675 14.1402 5.13734
278.727 14.1944 5.13806
278.578 14.2565 5.13985
278.585 14.2484 5.1399
278.638 14.2929 5.13792
278.635 14.3366 5.14006
278.635 14.2864 5.1391
278.626 14.2995 5.13873
278.627 14.2921 5.13847
278.669 14.2945 5.13873
278.659 14.3043 5.13558
278.698 14.213 5.13675
278.659 14.266 5.13964
278.601 14.3191 5.14125
278.6 14.3136 5.14122
278.647 14.2435 5.13985
278.618 14.332 5.13453
278.677 14.225 5.13956
278.607 14.2153 5.13992
278.671 14.2934 5.13839
278.621 14.2226 5.14049
278.689 14.2815 5.13986
278.605 14.2168 5.14098
278.694 14.2635 5.14055
278.594 14.3088 5.13683
278.698 14.2663 5.13681
278.585 14.3668 5.13857
278.632 14.3107 5.14117
278.705 14.2659 5.13825
278.617 14.272 5.13212
278.633 14.318 5.14
278.724 14.2129 5.13776
278.655 14.2542 5.13836
278.655 14.262 5.13362
278.621 14.3141 5.14134
278.582 14.1721 5.14122
278.703 14.2621 5.13874
278.651 14.3251 5.13656
278.645 14.3572 5.14035
278.626 14.3287 5.14002
278.607 14.3079 5.13746
278.677 14.28 5.13545
278.694 14.2628 5.13575
278.717 14.248 5.13616
278.651 14.2499 5.13993
278.638 14.2163 5.13874
278.619 14.1737 5.14157
278.877 13.6037 5.12255
