182.13 23.8049 0.0704253
182.146 24.0108 0.0704077
182.062 23.9162 0.0764574
182.151 23.8438 0.0704941
182.053 23.8604 0.0689989
182.129 23.8501 0.0716192
182.153 23.864 0.0707296
182.154 23.844 0.0724799
182.027 23.9678 0.0744006
182.123 23.8521 0.0721377
182.021 23.834 0.0735452
182.193 23.9606 0.070927
182.102 23.9781 0.0700495
182.1 23.9335 0.070289
182.097 23.9408 0.0701686
182.054 23.8858 0.0712986
182.126 23.7939 0.0720953
182.189 23.9515 0.0720678
182.153 23.8745 0.0709331
182.166 23.8707 0.071671
182.1 23.8954 0.0729141
182.198 23.9916 0.0688849
182.167 23.9008 0.073103
182.206 23.8525 0.071014
182.087 23.8392 0.0754824
182.02 23.9236 0.0740686
182.023 23.9219 0.0741996
182.126 23.8401 0.0700404
182.065 23.8517 0.0747212
182.085 23.9234 0.0718369
182.076 24.014 0.0711272
182.024 24.0065 0.0710851
182.058 23.8125 0.071081
182.041 23.9122 0.0721949
182.1 23.8811 0.0703724
182.101 23.8762 0.0709356
182.077 23.944 0.0739912
182.093 24.0026 0.0711503
182.099 23.9648 0.072111
182.092 23.9112 0.0715192
182.086 23.8817 0.0730488
182.037 23.8377 0.0725642
182.039 23.926 0.0736471
182.064 23.8618 0.0709002
182.122 23.873 0.0718646
182.217 23.8776 0.07124
182.123 23.9167 0.0679285
182.025 23.9046 0.07153
182.036 23.8382 0.0732844
182.081 23.879 0.0716437
182.222 23.8645 0.0733154
182.114 23.9814 0.0704823
182.095 23.9428 0.072598
182.238 23.9146 0.0654156
182.144 23.8891 0.0690599
182.077 23.8498 0.0698599
182.09 23.929 0.0697237
182.184 23.945 0.0680302
182.06 23.8859 0.0715035
182.184 23.9514 0.0682176
182.178 23.9548 0.0681436
182.127 23.8474 0.0715644
182.067 23.866 0.0727454
182.21 23.9256 0.0704738
182.109 23.874 0.0716568
182.057 23.8878 0.0673532
182.043 23.8529 0.0742804
182.123 23.9618 0.0698542
182.193 23.7725 0.073193
182.122 23.8956 0.0730959
182.003 23.9291 0.0698502
182.11 23.8816 0.0740988
182.119 23.8807 0.0738338
182.119 23.8935 0.0733219
182.112 23.8884 0.070899
182.194 23.9382 0.0735674
181.986 23.9052 0.0721681
181.989 23.909 0.0720714
182.111 23.7928 0.0661785
182.144 23.9042 0.0729669
182.135 23.906 0.0730738
182.098 23.8698 0.0716326
182.107 23.9455 0.0735545
182.19 23.8077 0.0712247
182.126 23.9288 0.0703142
182.187 23.9612 0.0704385
182.195 23.9599 0.0703698
182.188 23.8053 0.0690324
182.065 23.9032 0.0736006
182.135 23.8747 0.0670032
182.079 23.8681 0.0712531
182.106 23.8309 0.0709265
182.094 23.8592 0.070064
182.009 23.8494 0.0728356
182.083 23.9499 0.0703367
182.081 23.954 0.0701553
182.16 23.8115 0.0676473
182.159 23.8639 0.067123
182.042 23.8497 0.0712076
182.123 23.8907 0.072033
182.063 23.9276 0.0704946
182.065 23.9243 0.0704297
182.062 23.9761 0.0702597
182.11 23.9064 0.071972
182.019 23.98 0.0749311
182.099 23.8184 0.0710625
182.086 23.8714 0.0732021
182.105 24.0069 0.0717213
182.174 23.9373 0.0707825
182.172 23.9274 0.0706846
182.125 23.9011 0.068594
182.061 23.8662 0.0730241
182.172 23.9174 0.065893
182.063 23.9725 0.0709698
182.196 23.9338 0.0717256
182.061 23.9583 0.0706202
182.223 23.8546 0.0687535
182.163 23.8998 0.070175
182.066 23.8762 0.0726793
182.066 23.9075 0.0700128
182.089 23.9759 0.0757305
182.08 23.9186 0.075103
182.19 23.9566 0.0733621
182.182 23.9707 0.0698722
182.08 24.0166 0.0727205
182.08 23.8857 0.0703794
182.032 23.8669 0.0732382
182.099 23.8471 0.0728147
182.111 23.9333 0.0676913
182.109 23.8807 0.0719725
182.098 23.8557 0.0713628
182.095 23.9034 0.0710282
182.097 23.8943 0.0710243
182.069 23.8909 0.0720817
182.023 23.8736 0.0722824
182.139 23.9171 0.0716313
182.117 23.9098 0.0731804
182.113 23.9107 0.0732667
182.119 23.9065 0.0731864
182.188 23.8257 0.0694852
182.155 24.009 0.0697598
182.117 23.939 0.0702789
182.184 23.8486 0.0709298
182.15 23.7599 0.074162
182.085 23.8719 0.0708289
182.16 23.9547 0.0722753
182.071 23.8137 0.0754046
182.108 23.9997 0.0713641
182.058 24.0088 0.0709929
182.202 23.7948 0.0706356
182.118 23.8527 0.0683998
182.154 24.0071 0.0704668
182.069 23.9591 0.0723288
182.026 23.9255 0.0716207
182.089 23.974 0.0698063
182.134 23.8549 0.0715531
182.129 23.8548 0.0715323
182.237 23.9074 0.0700238
182.129 23.9507 0.0700372
182.147 23.8409 0.0722324
182.123 23.8518 0.0720601
182.064 23.8915 0.0688112
182.025 23.8377 0.0733004
182.021 23.8347 0.0732351
182.11 23.8894 0.0703267
182.139 23.8009 0.0692955
182.073 23.8958 0.0723384
182.114 23.9376 0.0709672
182.131 23.7975 0.0723076
182.099 23.9256 0.0722997
182.127 23.8671 0.0712465
182.138 23.9171 0.071553
182.077 24.031 0.0729728
182.096 23.8958 0.072521
182.206 23.8479 0.0710133
182.084 23.8803 0.0707774
182.015 23.9152 0.0696014
182.087 23.8428 0.0754869
182.096 23.9371 0.0698793
182.125 23.8429 0.0697759
182.135 23.8907 0.0704144
182.102 23.8509 0.0705059
182.072 23.8386 0.0739124
182.07 23.8376 0.0736685
182.045 24.0049 0.0697773
182.164 23.8606 0.0697243
182.16 23.8391 0.0732463
182.052 23.9083 0.0726221
182.058 23.9027 0.0725835
182.069 23.8816 0.0724487
182.204 24.0754 0.0709203
182.028 23.88 0.0707889
182.18 23.8414 0.0708683
182.037 23.9259 0.0736425
182.209 23.8813 0.0713175
182.213 23.8758 0.0712516
182.227 23.8882 0.0699787
182.145 23.8959 0.0747278
182.142 23.8881 0.0746643
182.023 23.9052 0.0715798
182.02 23.9035 0.0716233
182.093 23.9321 0.0691385
182.083 23.8761 0.0715045
182.092 23.9911 0.0690455
182.219 23.8631 0.0732488
182.092 23.9344 0.0723037
182.094 23.937 0.0724558
182.19 23.9544 0.0687525
182.15 23.8896 0.0689814
182.101 23.9274 0.0695586
182.099 23.9264 0.0697758
182.149 23.9596 0.0717844
182.155 23.9577 0.0718979
182.17 23.9056 0.0702093
182.064 23.895 0.073037
182.132 23.842 0.071318
182.076 23.8597 0.0725963
182.214 23.9301 0.0703469
182.109 23.8776 0.0716945
182.093 23.9171 0.0692784
182.121 23.9543 0.0698796
182.133 23.9564 0.0698348
182.134 23.776 0.0704633
182.141 23.8138 0.0716248
182.19 23.771 0.0731491
182.124 23.8959 0.0730442
182.051 23.9378 0.0737128
182.105 23.8821 0.0740016
182.111 23.9024 0.0734432
182.111 23.8839 0.0707689
182.067 23.8837 0.0702896
182.142 23.9082 0.0680709
182.144 23.9013 0.0731497
182.155 23.8094 0.070728
182.181 23.8059 0.0711632
182.047 23.7821 0.0728418
182.195 23.9617 0.0703804
181.974 23.8591 0.0724088
182.085 24.0594 0.0711791
182.086 23.9438 0.0740018
182.104 23.8334 0.0707092
182.09 23.8588 0.0700796
182.017 23.8621 0.0711432
182.123 23.9015 0.0717838
182.075 23.873 0.0697325
182.108 23.9002 0.0718536
182.102 23.8135 0.0710241
182.169 23.9338 0.070901
182.174 23.9146 0.065792
182.159 23.9697 0.0708153
182.066 23.955 0.0705192
182.173 23.8604 0.0676454
182.169 23.8996 0.070264
182.083 23.9119 0.068605
182.05 23.8952 0.0747205
182.047 23.898 0.0745192
182.078 23.9213 0.0751815
182.181 23.9543 0.0710438
182.189 23.9566 0.0733861
182.185 23.9721 0.0699567
182.101 23.9074 0.0686368
182.134 23.8207 0.0702694
182.099 23.8414 0.0728586
182.058 23.8741 0.0691141
182.105 23.8828 0.0724194
182.097 23.8642 0.0711379
182.093 23.8986 0.0709624
182.133 23.7884 0.0692923
182.13 23.7932 0.0692787
182.03 23.9281 0.0741319
182.056 23.877 0.073342
182.164 23.8458 0.068334
182.125 23.8129 0.0712856
182.141 23.9202 0.0718169
182.12 23.9057 0.0731062
182.187 23.8211 0.0694657
182.107 23.8854 0.0705125
182.103 23.9036 0.0721789
182.18 23.8533 0.0709879
182.084 23.8738 0.0708999
182.159 23.9593 0.0721353
182.056 23.948 0.0697986
182.059 23.9504 0.0701979
181.986 23.9898 0.0709206
182.108 23.9396 0.0712787
182.102 23.9348 0.0711153
182.204 23.7947 0.0708539
182.201 23.7964 0.0708204
182.073 23.867 0.0718283
182.082 23.8701 0.068556
182.155 24.01 0.0703787
182.149 24.0092 0.0704012
182.068 23.9539 0.0724925
182.101 23.8341 0.0719914
182.145 23.8404 0.0704195
182.091 23.9745 0.069885
182.152 23.8959 0.0729944
182.148 23.8955 0.0729267
182.033 23.9584 0.0660604
182.154 23.8638 0.0706173
182.132 23.9427 0.0700429
182.133 23.9427 0.0701698
182.044 23.8349 0.0720274
182.105 23.9536 0.0690776
182.018 23.7907 0.0710977
182.193 23.9547 0.0708103
182.071 23.9015 0.0722214
182.052 23.8844 0.071222
182.016 23.8709 0.070875
182.022 23.8704 0.0708227
182.194 23.9467 0.0717722
182.198 23.9504 0.0719714
182.132 23.8638 0.071254
182.17 23.8642 0.0715149
182.077 24.0398 0.0728648
182.139 23.8557 0.0693178
182.106 23.9574 0.0700416
182.2 23.9876 0.0690371
182.08 23.8683 0.069963
182.179 23.8958 0.0691822
182.118 23.8526 0.0699466
182.122 23.8011 0.0674536
182.061 23.8555 0.074749
182.064 23.8593 0.0744525
182.067 23.849 0.0745274
182.079 23.9226 0.071741
182.029 24.007 0.0711069
182.07 23.8388 0.0739046
181.991 23.9751 0.0729194
182.058 23.8145 0.0709992
182.089 23.8831 0.0703679
182.165 23.836 0.0732457
182.075 23.9466 0.073898
182.211 24.0727 0.0710022
182.056 23.8569 0.0684364
182.093 23.9058 0.071346
182.083 23.883 0.0733002
182.183 23.8532 0.0709755
182.036 23.9173 0.0736426
182.121 23.874 0.0718476
182.116 23.8699 0.071799
182.229 23.8869 0.0697546
182.071 23.8177 0.0684369
182.127 23.9167 0.0680657
182.129 23.9134 0.0678954
182.03 23.9017 0.0717039
182.087 23.8798 0.0716642
182.123 23.9556 0.0687996
182.095 23.9405 0.0726065
182.193 23.9504 0.0689603
182.236 23.9167 0.0653219
182.149 23.8961 0.069086
182.097 23.9298 0.0696488
182.157 23.9568 0.0718616
182.058 23.8861 0.0715736
182.178 23.9523 0.0681603
182.09 23.8193 0.0705299
182.102 24.0314 0.0690784
182.214 23.9229 0.070379
181.977 23.7845 0.0735839
182.057 23.8845 0.0671672
182.121 23.9604 0.0697983
182.147 23.8064 0.0674906
182.025 23.8923 0.0736386
182.049 23.9398 0.0736774
182.195 23.8682 0.0676348
182.116 23.8968 0.0734744
182.047 23.885 0.0715151
182.114 23.8856 0.0709691
182.198 23.9385 0.0736278
182.11 23.9165 0.070402
182.128 23.8547 0.0685254
182.123 23.993 0.0695927
182.111 23.9421 0.0737093
182.063 23.9108 0.0708364
182.078 23.8812 0.0740893
182.192 23.9607 0.0703738
182.069 23.8527 0.0686959
182.193 23.8084 0.0691509
182.058 23.9011 0.0734585
182.085 23.9415 0.0739215
182.105 23.8076 0.0716275
182.096 23.9931 0.0698526
182.117 24.0246 0.0716071
182.076 23.953 0.0702419
182.122 23.8937 0.0718427
182.126 23.8962 0.0721791
182.107 23.9079 0.0720942
182.019 23.9774 0.0748326
182.107 24.0053 0.0717119
182.174 23.9369 0.0708508
182.115 23.9928 0.0714921
182.119 23.9951 0.0713814
181.999 23.8142 0.0735797
182.06 23.8633 0.0729478
182.195 23.9341 0.0717867
182.076 23.9095 0.0694075
182.158 23.8825 0.069763
182.119 23.8167 0.0705549
182.064 23.8787 0.0729582
182.061 23.9079 0.0703968
182.163 24.0015 0.0690272
182.163 23.7745 0.0697011
182.189 23.9631 0.0731437
182.181 23.9698 0.0699571
182.087 23.8871 0.0669358
182.076 23.8744 0.0703498
182.027 23.8585 0.0734302
182.098 23.8422 0.0725906
182.053 23.9008 0.0684217
182.119 24.0503 0.0670295
182.068 23.8637 0.0717422
182.107 23.8842 0.0721583
182.11 23.885 0.0722092
182.105 23.9648 0.0742785
182.059 23.9777 0.0734587
182.21 23.831 0.0692671
182.051 23.8757 0.071581
182.165 23.8563 0.069232
182.052 23.8788 0.0734674
182.141 23.9161 0.0717035
182.091 23.9151 0.0711378
182.117 23.9015 0.0730475
182.19 23.8264 0.0697314
182.153 24.0072 0.0695583
182.156 24.0063 0.0696358
182.095 23.8952 0.0720673
182.149 23.7614 0.074038
182.152 23.8254 0.073302
182.162 23.9499 0.0722166
182.076 23.8186 0.0753521
182.107 23.8333 0.073432
182.106 23.9363 0.0710009
182.204 23.7943 0.0707862
182.131 23.8061 0.070172
182.153 24.0003 0.0703546
182.058 23.919 0.0764594
182.06 23.9166 0.076244
182.065 23.9183 0.0763247
182.063 23.8716 0.0686088
182.095 23.8072 0.0711946
182.098 23.8051 0.071081
182.149 23.8975 0.0729722
182.18 23.8624 0.0708771
182.13 23.942 0.0703195
182.128 23.9451 0.0701806
182.154 23.8474 0.0721352
182.156 23.8411 0.0724667
182.128 23.8576 0.0723025
182.16 23.8902 0.0653005
182.14 23.8036 0.0693384
182.118 23.822 0.0695779
182.101 23.9816 0.0703587
182.095 23.9384 0.070176
182.02 23.8671 0.071074
182.1 23.9257 0.0723304
182.096 23.9287 0.0724284
182.098 23.9265 0.0722643
182.138 23.9131 0.0715518
182.171 23.8641 0.0716063
182.096 23.8982 0.072811
182.194 23.9902 0.0685851
182.168 23.8934 0.0730958
182.167 23.8955 0.0729267
182.207 23.8509 0.0709385
182.207 23.8469 0.0709251
182.091 23.8779 0.0708319
182.089 23.8422 0.0756453
182.016 23.9241 0.0742795
182.034 23.9405 0.0709927
182.127 23.8466 0.0699784
182.139 23.8885 0.0705357
182.034 23.8724 0.0734823
182.068 23.8345 0.073947
182.029 23.8104 0.0699708
182.161 23.8633 0.069567
182.099 23.8752 0.0710465
182.101 23.8812 0.0708458
182.164 23.8348 0.0728603
182.095 24.0021 0.0712495
182.211 24.0619 0.0709273
182.032 23.8806 0.0708545
182.175 23.8438 0.0708005
182.172 23.9784 0.0708716
182.171 23.975 0.0709449
182.124 23.871 0.0718537
182.214 23.8809 0.0713093
182.127 23.9218 0.0678625
182.088 23.9476 0.0711688
182.026 23.9005 0.0713134
182.048 23.8428 0.0732103
182.122 23.9508 0.0687779
182.115 23.9819 0.0703206
182.109 23.9845 0.0702866
182.092 23.9414 0.0725221
182.146 23.8922 0.0692234
182.097 23.9287 0.0694721
182.038 23.9348 0.0743109
182.04 23.9343 0.0743164
179.411 27.9467 0.0856074
