52.1204 -58.3599 3.91838
52.0943 -58.3852 3.91938
52.1495 -58.3398 3.91885
52.0103 -58.4268 3.9175
52.0061 -58.4265 3.91735
51.9854 -58.4253 3.915
51.9833 -58.4289 3.91495
51.9535 -58.4281 3.9159
52.0653 -58.4639 3.92025
52.052 -58.4504 3.91933
52.1278 -58.4627 3.91832
52.0039 -58.335 3.91698
52.009 -58.3369 3.91711
52.059 -58.3941 3.91814
52.1566 -58.4797 3.91734
52.1751 -58.4851 3.91554
52.0599 -58.3185 3.91566
52.0817 -58.5043 3.91582
52.0468 -58.3313 3.9187
52.0123 -58.3496 3.91471
52.0142 -58.352 3.91354
52.0358 -58.2708 3.91781
52.0911 -58.3457 3.91745
52.0381 -58.3616 3.91718
52.0032 -58.3848 3.91662
52.0006 -58.3793 3.91689
52.0318 -58.4065 3.91538
51.9411 -58.3438 3.91856
52.1057 -58.4133 3.91844
52.1112 -58.4106 3.91856
52.1162 -58.4468 3.91948
52.1197 -58.4472 3.91773
52.0516 -58.4065 3.91756
52.0466 -58.3993 3.9177
52.0133 -58.365 3.91705
51.9564 -58.5163 3.91635
52.0371 -58.3799 3.91621
52.0285 -58.4308 3.91672
52.0285 -58.4254 3.91687
52.0542 -58.4754 3.91674
52.0109 -58.4248 3.91709
52.0279 -58.3961 3.9131
52.0363 -58.4117 3.91903
52.0374 -58.4111 3.9188
52.0003 -58.4495 3.91544
51.9985 -58.4488 3.91561
51.9994 -58.444 3.91572
52.0032 -58.4459 3.91566
52.2098 -58.4459 3.91994
51.9845 -58.2951 3.91598
51.9792 -58.4169 3.91772
51.9528 -58.3842 3.91767
51.9816 -58.3992 3.916
52.0866 -58.3452 3.91818
52.0346 -58.3737 3.91916
52.0728 -58.4696 3.91808
52.0759 -58.4695 3.91818
52.0742 -58.4515 3.91812
52.0783 -58.4556 3.91811
51.9928 -58.4597 3.91861
52.0384 -58.4233 3.91535
52.1292 -58.4302 3.91717
52.0287 -58.4082 3.9159
52.0002 -58.4638 3.91654
52.1422 -58.4093 3.91789
52.0348 -58.3285 3.91571
51.9962 -58.4252 3.91665
51.939 -58.4568 3.91854
52.0058 -58.369 3.91597
52.0049 -58.3635 3.91588
52.069 -58.3753 3.91346
52.0741 -58.4036 3.91762
52.0597 -58.4679 3.91877
52.0018 -58.325 3.9158
52.0906 -58.4379 3.91914
52.0625 -58.4976 3.91924
52.0005 -58.382 3.91628
51.9952 -58.3786 3.91603
52.08 -58.4274 3.91872
52.083 -58.4289 3.91896
52.1112 -58.4335 3.91486
52.1359 -58.4474 3.91834
52.0306 -58.402 3.9218
52.0287 -58.4011 3.92168
52.0505 -58.4019 3.91529
52.0021 -58.501 3.91803
51.9245 -58.331 3.91287
52.0287 -58.4021 3.91759
52.0139 -58.4069 3.91744
52.0471 -58.398 3.9179
52.0461 -58.3751 3.9161
52.1481 -58.4349 3.91668
51.9392 -58.4406 3.91454
52.1077 -58.4025 3.91622
52.0004 -58.4688 3.91596
52.0578 -58.3583 3.91512
52.056 -58.4754 3.91301
51.9457 -58.3738 3.91716
52.0379 -58.4282 3.91404
52.0455 -58.3764 3.91514
51.9977 -58.3503 3.91863
52.0522 -58.3784 3.91619
52.0413 -58.4514 3.91333
52.0169 -58.3989 3.91727
52.0593 -58.3922 3.91741
52.0356 -58.488 3.91969
51.9976 -58.3586 3.91429
52.0764 -58.4298 3.91662
52.0721 -58.4366 3.91651
52.1169 -58.3378 3.91987
52.0434 -58.4144 3.91791
52.04 -58.417 3.91779
52.0804 -58.4304 3.91589
52.0742 -58.4162 3.91436
52.0122 -58.3763 3.91569
51.9805 -58.3621 3.91714
52.0829 -58.405 3.91574
51.9947 -58.3616 3.91597
51.9702 -58.3744 3.91516
52.0469 -58.472 3.91701
52.0405 -58.4714 3.91722
52.0821 -58.3681 3.91771
52.0191 -58.4636 3.91606
52.0398 -58.3726 3.91564
52.116 -58.3843 3.91574
52.0486 -58.4062 3.91755
52.0454 -58.455 3.91409
52.028 -58.348 3.91738
52.0296 -58.352 3.91746
52.1588 -58.3962 3.91768
52.1121 -58.4214 3.91742
52.108 -58.4178 3.91736
51.9668 -58.334 3.91495
52.0391 -58.3608 3.92021
52.1089 -58.3922 3.9169
52.1327 -58.4992 3.91916
52.1248 -58.4968 3.91921
52.0258 -58.5024 3.91767
52.0037 -58.3783 3.91766
52.082 -58.4067 3.91726
52.0686 -58.4306 3.9139
52.0767 -58.4326 3.91382
52.1119 -58.3559 3.91897
52.0032 -58.3732 3.91534
51.9957 -58.4035 3.91507
52.0129 -58.3571 3.91652
51.9605 -58.4208 3.91572
52.1171 -58.4283 3.91584
52.069 -58.4823 3.9146
51.921 -58.3881 3.91616
52.0366 -58.4298 3.91821
52.0531 -58.5285 3.91578
52.0281 -58.3891 3.917
52.0995 -58.3768 3.91786
52.0649 -58.5487 3.91723
52.0611 -58.5418 3.91703
52.055 -58.475 3.9189
51.9702 -58.412 3.91782
52.0858 -58.43 3.91698
52.1282 -58.3792 3.92097
52.0925 -58.4011 3.91836
52.0508 -58.4456 3.91561
52.0448 -58.3842 3.91589
52.0443 -58.3735 3.91587
51.9593 -58.3745 3.91858
51.9819 -58.3808 3.91777
52.0034 -58.4608 3.91783
52.0683 -58.4821 3.9191
52.017 -58.3645 3.91784
52.0489 -58.3621 3.91792
52.0226 -58.3809 3.91689
52.0324 -58.4184 3.91656
52.0321 -58.354 3.91703
52.0336 -58.3497 3.91698
52.0073 -58.4042 3.91739
52.0735 -58.3791 3.91576
51.9193 -58.3681 3.91678
52.0336 -58.3314 3.9156
52.0626 -58.3842 3.91812
52.0596 -58.4277 3.91917
52.0785 -58.3807 3.91721
52.0214 -58.3009 3.91839
51.9913 -58.3562 3.91461
52.0612 -58.4069 3.92011
51.9638 -58.4409 3.9158
51.9725 -58.3751 3.91674
51.9739 -58.3736 3.91666
52.1261 -58.4641 3.9162
52.1122 -58.4274 3.91817
52.0786 -58.4627 3.91894
52.0759 -58.4646 3.91866
52.0292 -58.4002 3.91774
52.0328 -58.4016 3.91791
52.0462 -58.3914 3.91823
52.0418 -58.4875 3.91578
52.0117 -58.3914 3.91792
51.964 -58.3424 3.91478
51.9888 -58.4727 3.91457
51.9651 -58.4649 3.91803
52.1085 -58.3804 3.91956
52.1518 -58.3769 3.91739
52.0407 -58.4111 3.91592
51.9322 -58.3618 3.91614
51.9889 -58.4673 3.91512
51.9912 -58.4733 3.91497
52.0175 -58.3734 3.91493
52.1092 -58.418 3.91597
52.045 -58.3522 3.91674
52.0563 -58.3996 3.91597
52.1282 -58.3968 3.91736
52.0081 -58.4763 3.91478
52.0211 -58.349 3.91572
52.0228 -58.3386 3.91757
52.0845 -58.4064 3.91977
52.0851 -58.4079 3.91945
52.0839 -58.4076 3.91949
52.1467 -58.414 3.91885
52.0445 -58.365 3.91941
51.9999 -58.3494 3.91825
52.0581 -58.3626 3.91509
52.0768 -58.4662 3.9169
52.0513 -58.4272 3.91659
52.1162 -58.3395 3.91645
51.9527 -58.3297 3.91669
51.9939 -58.4025 3.91722
52.0887 -58.4183 3.91677
52.05 -58.3945 3.9156
52.0647 -58.3251 3.91936
52.1729 -58.3591 3.91762
52.0243 -58.329 3.92133
51.981 -58.4618 3.91664
51.988 -58.5182 3.9167
52.0906 -58.3795 3.91943
52.0976 -58.3114 3.91747
52.0639 -58.4147 3.915
51.999 -58.3198 3.91061
51.9813 -58.4254 3.91493
52.0375 -58.3842 3.91433
52.0763 -58.3811 3.91651
52.0455 -58.4527 3.91949
52.1366 -58.4578 3.91831
52.056 -58.471 3.91508
52.034 -58.3531 3.91801
52.1021 -58.431 3.92058
52.1555 -58.4755 3.91736
52.0603 -58.324 3.9155
52.0794 -58.5065 3.91593
52.0831 -58.5056 3.91564
52.0795 -58.5082 3.91562
52.0787 -58.5016 3.91584
52.0465 -58.3285 3.91851
52.0401 -58.4101 3.91673
52.0131 -58.3325 3.91884
52.096 -58.3484 3.91762
52.1131 -58.3998 3.91736
52.1155 -58.4036 3.91749
52.04 -58.3629 3.91728
51.9996 -58.377 3.91689
52.0123 -58.4039 3.91601
52.0759 -58.4057 3.91772
52.0798 -58.4068 3.91766
52.1078 -58.4111 3.91866
51.9627 -58.4846 3.91742
52.0522 -58.4062 3.9176
52.0529 -58.3674 3.91807
51.953 -58.5185 3.91642
52.0399 -58.3807 3.91634
52.0198 -58.3302 3.91381
52.0172 -58.3322 3.91374
52.0895 -58.437 3.91483
52.0913 -58.4356 3.91475
52.0495 -58.4778 3.9166
52.0002 -58.3704 3.91568
52.0613 -58.4601 3.91411
52.1622 -58.3996 3.91729
51.9873 -58.4588 3.91617
51.9884 -58.4552 3.91604
52.0026 -58.4459 3.9156
51.9863 -58.2998 3.91585
51.9755 -58.3355 3.91642
51.9778 -58.4217 3.91768
52.0655 -58.491 3.91765
51.954 -58.3921 3.91779
51.9775 -58.4002 3.9161
52.0203 -58.3996 3.91599
52.0907 -58.3504 3.91804
51.9257 -58.3906 3.91437
51.9212 -58.3953 3.91438
51.9932 -58.4499 3.91389
52.0312 -58.3757 3.91906
52.0723 -58.4754 3.9183
52.0142 -58.43 3.91805
52.1186 -58.5056 3.91681
51.9876 -58.3987 3.91741
52.034 -58.415 3.91531
52.1264 -58.4313 3.91725
52.0251 -58.4073 3.91596
52.005 -58.462 3.91686
52.1221 -58.3668 3.91729
51.989 -58.4025 3.9166
51.997 -58.4289 3.91691
52.0001 -58.3594 3.91581
51.9422 -58.363 3.91706
51.9684 -58.4117 3.91644
52.0732 -58.3996 3.91766
52.0385 -58.3649 3.91582
52.092 -58.438 3.91916
51.9905 -58.3733 3.91591
51.9882 -58.3505 3.91602
51.9952 -58.3507 3.91605
52.0824 -58.4214 3.91893
52.0841 -58.4221 3.91883
52.0246 -58.3188 3.91826
52.0592 -58.3871 3.91715
52.0641 -58.331 3.91662
52.0712 -58.3296 3.91658
52.0382 -58.3959 3.91771
52.0247 -58.4021 3.91793
52.0141 -58.4077 3.91746
52.0451 -58.3781 3.9163
52.0735 -58.3755 3.91444
51.9449 -58.4459 3.91474
52.0367 -58.3587 3.91975
52.0052 -58.4566 3.91584
52.0611 -58.3555 3.91546
52.0496 -58.468 3.91304
52.0503 -58.4676 3.91286
52.0163 -58.3277 3.91664
51.9422 -58.323 3.91591
52.0698 -58.4142 3.91775
52.0894 -58.3594 3.91944
51.9968 -58.3527 3.91857
52.0564 -58.3771 3.91632
52.0531 -58.3773 3.91626
52.0366 -58.4509 3.91344
52.0545 -58.3878 3.91739
52.0283 -58.2935 3.91869
52.0431 -58.3559 3.91273
52.0714 -58.4325 3.91664
52.0947 -58.3181 3.91835
52.0457 -58.4127 3.91781
52.0602 -58.4246 3.91807
52.076 -58.4332 3.91587
52.073 -58.4376 3.91599
52.0741 -58.4345 3.91598
52.0782 -58.419 3.91434
52.0984 -58.3783 3.91868
52.0891 -58.3401 3.91987
51.9959 -58.3638 3.91613
52.0664 -58.4122 3.91711
52.0499 -58.4676 3.91725
52.0832 -58.3748 3.91776
52.017 -58.4615 3.91586
52.0222 -58.4609 3.91621
52.0152 -58.4657 3.91588
52.0738 -58.3923 3.91616
52.0787 -58.4747 3.91674
52.1172 -58.3771 3.91574
52.0138 -58.3583 3.91685
52.0437 -58.4072 3.9174
52.0507 -58.4024 3.91749
52.0453 -58.4533 3.91421
51.978 -58.3935 3.91573
52.0321 -58.3565 3.9175
52.1623 -58.3969 3.9175
51.9984 -58.3373 3.91607
52.0204 -58.3436 3.91374
52.1099 -58.3964 3.91706
52.0827 -58.3494 3.91432
52.0768 -58.4297 3.91393
52.1123 -58.3531 3.91882
51.938 -58.4091 3.91815
51.8828 -58.3346 3.91468
51.9894 -58.3835 3.91661
52.1209 -58.431 3.9158
52.0718 -58.4847 3.91456
51.9582 -58.4467 3.91441
52.033 -58.4293 3.91832
52.0388 -58.4906 3.91638
52.052 -58.5211 3.91569
52.0255 -58.3927 3.91693
52.0272 -58.39 3.91698
52.092 -58.4493 3.91597
51.9875 -58.4063 3.91636
52.0588 -58.5482 3.91713
52.0434 -58.4566 3.91926
52.0847 -58.4247 3.91701
51.8936 -58.4136 3.91482
52.0986 -58.3936 3.91843
52.0508 -58.4451 3.9158
52.0423 -58.3803 3.91589
51.9936 -58.3553 3.91631
52.0684 -58.4869 3.91917
52.0753 -58.5044 3.91705
52.0451 -58.3628 3.91792
52.0172 -58.3829 3.91724
52.0305 -58.3507 3.91714
52.0112 -58.4017 3.91755
52.0107 -58.4052 3.91744
51.9617 -58.4305 3.91609
52.006 -58.4839 3.91835
52.0206 -58.3443 3.91631
51.9931 -58.4386 3.92102
52.0555 -58.3872 3.91805
51.9998 -58.4675 3.91573
52.062 -58.4301 3.91891
52.081 -58.3872 3.91716
52.0375 -58.4178 3.91824
51.9763 -58.3882 3.91705
52.0607 -58.4058 3.92032
51.9619 -58.4377 3.91581
51.9686 -58.3741 3.91684
52.1258 -58.4648 3.91626
52.0831 -58.3892 3.9126
52.1072 -58.4295 3.91804
52.1129 -58.4282 3.91822
52.1106 -58.4338 3.91816
52.0873 -58.3916 3.91837
52.0383 -58.4917 3.91554
52.0346 -58.491 3.91547
52.0144 -58.3904 3.91809
52.0181 -58.3939 3.91785
52.0087 -58.3956 3.91804
51.9625 -58.3453 3.9147
52.0342 -58.4891 3.91621
52.0354 -58.4869 3.91601
52.1087 -58.3804 3.91982
51.9554 -58.3838 3.91727
52.0134 -58.3085 3.91514
52.0055 -58.3062 3.91513
51.9707 -58.3511 3.91474
51.9864 -58.3778 3.91362
51.9833 -58.4151 3.91543
51.9767 -58.4051 3.91535
52.018 -58.372 3.91482
52.0246 -58.3938 3.91659
52.0996 -58.4156 3.91578
52.0481 -58.3564 3.91672
52.1343 -58.3988 3.91744
52.0368 -58.3529 3.91658
52.0052 -58.4791 3.91464
52.0244 -58.3363 3.91788
51.9801 -58.3506 3.91567
52.0814 -58.4007 3.91947
52.0857 -58.4013 3.91949
52.1425 -58.4101 3.91895
52.1383 -58.3928 3.91796
52.0582 -58.365 3.91519
51.9474 -58.3839 3.91493
51.972 -58.5142 3.91979
52.1071 -58.3364 3.91639
52.0757 -58.3687 3.9137
51.9338 -58.3399 3.91574
52.085 -58.4198 3.91672
52.0828 -58.4309 3.91679
52.1408 -58.3724 3.91706
52.1402 -58.3746 3.91718
52.0929 -58.4301 3.91815
52.0875 -58.4255 3.91806
52.0025 -58.272 3.9183
51.9828 -58.4618 3.91665
52.0889 -58.3782 3.91942
52.0969 -58.3094 3.91748
52.0596 -58.4147 3.91525
52.0968 -58.2985 3.91625
52.0045 -58.4255 3.91737
51.9542 -58.4266 3.91581
52.0627 -58.4761 3.9202
52.0802 -58.3794 3.91643
52.0475 -58.445 3.91932
51.9598 -58.383 3.91841
51.8645 -58.3655 3.9176
52.0516 -58.4681 3.91502
52.0559 -58.4688 3.91508
52.0557 -58.468 3.915
52.008 -58.3348 3.91722
52.1041 -58.4212 3.92081
52.1788 -58.4755 3.91564
52.0819 -58.3181 3.91765
52.0771 -58.5072 3.91566
52.085 -58.514 3.91844
52.0396 -58.415 3.91676
52.0093 -58.3336 3.9193
52.0982 -58.3382 3.91747
52.1017 -58.3431 3.91758
51.9897 -58.3362 3.91737
52.0082 -58.3794 3.91664
52.1564 -58.3389 3.91752
52.0174 -58.3998 3.9157
52.0313 -58.4094 3.91515
52.078 -58.401 3.9178
52.074 -58.4046 3.91771
52.0739 -58.4037 3.91765
52.0186 -58.3132 3.91726
52.1167 -58.4471 3.91757
51.9687 -58.4802 3.91735
52.015 -58.3585 3.91691
52.0639 -58.2658 3.91687
52.0649 -58.4728 3.91421
52.641 -61.3414 3.91319
