129.022 -18.5163 3.40114
128.913 -18.5731 3.40172
129.018 -18.6163 3.40117
128.988 -18.5701 3.3992
128.979 -18.567 3.39794
129.016 -18.5909 3.39865
128.901 -18.5668 3.40085
128.991 -18.5521 3.40024
128.99 -18.5553 3.40003
128.948 -18.5534 3.39955
128.992 -18.6575 3.40308
128.954 -18.5254 3.40144
128.963 -18.5053 3.3992
128.904 -18.4411 3.40017
128.981 -18.473 3.40295
128.978 -18.4778 3.40306
128.96 -18.5393 3.39921
128.965 -18.5248 3.4016
128.967 -18.5204 3.40148
128.927 -18.5345 3.4002
128.881 -18.5612 3.39809
128.859 -18.5057 3.40104
129.011 -18.4936 3.40252
128.873 -18.6057 3.40037
128.871 -18.5986 3.40037
128.921 -18.5932 3.40365
128.986 -18.4846 3.39953
128.913 -18.5595 3.40053
128.925 -18.5795 3.39967
128.9 -18.4901 3.40175
128.906 -18.4886 3.40168
128.959 -18.5385 3.40112
129.086 -18.6095 3.39875
129.021 -18.5724 3.39907
128.945 -18.5715 3.40116
128.818 -18.6072 3.39885
128.992 -18.4142 3.39993
129.04 -18.5825 3.40061
128.954 -18.6001 3.39772
128.991 -18.5191 3.4002
128.896 -18.5354 3.39919
128.88 -18.5942 3.39982
128.983 -18.6356 3.40386
128.911 -18.6684 3.39816
128.963 -18.4469 3.39872
128.872 -18.5638 3.40035
129.015 -18.5642 3.39947
128.962 -18.5637 3.40074
128.881 -18.5898 3.40002
128.917 -18.5337 3.39958
128.888 -18.6155 3.40001
128.883 -18.6119 3.40005
128.958 -18.5552 3.40125
128.96 -18.5476 3.40108
128.926 -18.4752 3.40141
128.926 -18.4973 3.39894
128.986 -18.4642 3.40016
128.986 -18.4637 3.4
128.905 -18.6317 3.39855
128.92 -18.6041 3.40028
128.822 -18.5406 3.40176
128.904 -18.4327 3.39948
129.008 -18.5729 3.4012
128.898 -18.5305 3.39718
128.878 -18.6161 3.39987
128.908 -18.4952 3.40034
128.932 -18.5483 3.40344
128.882 -18.4982 3.3995
128.895 -18.4464 3.39946
128.913 -18.535 3.39794
128.882 -18.5779 3.40142
129.017 -18.5324 3.40003
128.891 -18.4974 3.40129
128.939 -18.5159 3.39865
128.889 -18.5676 3.40171
128.87 -18.4764 3.39949
128.856 -18.5482 3.3991
128.87 -18.533 3.39799
128.959 -18.5675 3.39934
128.883 -18.488 3.39804
128.915 -18.5735 3.40034
129.058 -18.5018 3.3991
129.036 -18.5687 3.40133
128.959 -18.491 3.39992
129.016 -18.5135 3.40231
128.917 -18.5601 3.39842
128.943 -18.4836 3.40246
128.946 -18.4786 3.40248
128.902 -18.4815 3.40128
128.92 -18.6019 3.40357
128.917 -18.6163 3.40085
128.948 -18.5888 3.39924
128.95 -18.5873 3.39903
128.926 -18.4792 3.39837
128.89 -18.4624 3.39908
128.89 -18.4665 3.39915
128.863 -18.4414 3.39841
128.919 -18.531 3.39822
129.005 -18.5793 3.40058
129.033 -18.5369 3.4014
128.96 -18.5084 3.39791
128.937 -18.5056 3.40305
128.949 -18.483 3.39872
128.874 -18.4959 3.40117
128.88 -18.4928 3.40098
128.896 -18.5437 3.40152
128.894 -18.5512 3.40131
129.02 -18.5794 3.40036
128.971 -18.4693 3.40031
128.868 -18.5497 3.39895
128.95 -18.5285 3.3961
128.951 -18.456 3.39636
128.883 -18.5331 3.40312
128.93 -18.542 3.40365
128.932 -18.5384 3.40377
128.896 -18.571 3.39912
128.958 -18.5213 3.40104
128.962 -18.4941 3.40035
128.986 -18.5787 3.39733
128.862 -18.5974 3.39909
128.966 -18.522 3.39917
128.966 -18.5266 3.40072
128.84 -18.6096 3.39834
128.939 -18.5801 3.39847
128.97 -18.6237 3.40112
128.946 -18.5614 3.40379
128.953 -18.4969 3.40255
128.98 -18.6486 3.39841
128.88 -18.4741 3.39972
129.009 -18.58 3.39926
128.928 -18.5564 3.39792
128.966 -18.5686 3.39923
128.938 -18.5134 3.40295
128.93 -18.4623 3.39919
128.931 -18.4687 3.39929
129.024 -18.5158 3.40101
128.927 -18.5252 3.39934
129.01 -18.6172 3.40114
129.033 -18.5651 3.40029
129.031 -18.5715 3.40027
128.927 -18.5969 3.39848
128.907 -18.5728 3.40099
128.973 -18.6376 3.40075
128.874 -18.4632 3.40202
128.88 -18.4551 3.40191
128.995 -18.6567 3.40334
128.957 -18.5236 3.40139
128.924 -18.5195 3.40151
128.97 -18.4917 3.39951
128.919 -18.5457 3.40047
128.969 -18.5168 3.40166
128.972 -18.5181 3.40153
128.942 -18.4917 3.40045
128.99 -18.5782 3.39906
128.901 -18.4872 3.39955
128.88 -18.5563 3.39804
128.929 -18.5121 3.39992
129.017 -18.4983 3.40255
129.022 -18.5001 3.40268
128.868 -18.5987 3.40034
128.933 -18.5982 3.4035
129.014 -18.4887 3.4002
128.99 -18.5598 3.40002
128.903 -18.4893 3.40159
129.033 -18.5585 3.39967
128.903 -18.5757 3.39833
128.885 -18.5 3.39959
129.023 -18.5656 3.39914
128.936 -18.6133 3.39905
128.816 -18.5212 3.39991
128.946 -18.5733 3.4012
129.013 -18.5389 3.40101
129.007 -18.5709 3.4008
129.008 -18.5677 3.40082
128.882 -18.5519 3.3991
129.067 -18.5419 3.39866
128.975 -18.5478 3.40105
129.001 -18.5147 3.40017
128.991 -18.54 3.39966
128.951 -18.5351 3.40045
128.961 -18.5361 3.40048
128.912 -18.6022 3.39778
129.023 -18.4898 3.40007
128.806 -18.5308 3.39897
128.805 -18.5282 3.39923
128.858 -18.5763 3.40044
128.938 -18.5048 3.40099
128.882 -18.5909 3.4001
128.949 -18.6337 3.40133
128.922 -18.5696 3.39906
128.901 -18.5963 3.40032
128.965 -18.5474 3.40094
129.02 -18.5542 3.40095
128.868 -18.5297 3.40011
129.006 -18.559 3.39999
129.005 -18.5605 3.39981
128.973 -18.4993 3.40032
128.972 -18.5071 3.40007
128.924 -18.6011 3.40019
128.946 -18.5308 3.39932
128.902 -18.4888 3.40034
128.933 -18.5436 3.40349
128.925 -18.5472 3.40089
128.957 -18.5005 3.40106
128.935 -18.6117 3.40165
129.023 -18.5282 3.4001
128.975 -18.547 3.39949
128.987 -18.5475 3.39958
128.944 -18.512 3.39863
128.886 -18.5686 3.40199
128.884 -18.5671 3.40168
128.844 -18.486 3.3998
128.863 -18.5341 3.39822
128.866 -18.5327 3.39827
128.889 -18.664 3.39999
128.925 -18.4385 3.40009
128.987 -18.6309 3.40004
128.906 -18.5238 3.40103
128.906 -18.5281 3.40112
128.913 -18.6183 3.40064
128.884 -18.4417 3.40013
129.02 -18.5132 3.402
128.896 -18.5673 3.39855
129.046 -18.4939 3.39984
129.075 -18.6177 3.40133
128.946 -18.4844 3.40256
128.962 -18.6247 3.39836
128.951 -18.5938 3.39901
128.939 -18.4519 3.4009
128.92 -18.5342 3.39849
129.086 -18.5925 3.40123
128.917 -18.5858 3.39908
128.863 -18.4903 3.39963
128.997 -18.4555 3.4037
128.985 -18.533 3.40012
128.983 -18.5308 3.40139
128.896 -18.5441 3.40167
128.877 -18.5537 3.39764
129.003 -18.5585 3.40048
128.985 -18.5213 3.40001
128.949 -18.5717 3.40119
128.888 -18.5705 3.40025
128.889 -18.5741 3.40041
128.885 -18.5648 3.40033
128.898 -18.519 3.3998
128.896 -18.514 3.39991
128.896 -18.5173 3.40004
128.927 -18.5396 3.40362
128.96 -18.522 3.40094
128.962 -18.4978 3.4004
128.858 -18.6049 3.39904
128.896 -18.6099 3.40215
128.903 -18.6137 3.40221
128.98 -18.5473 3.39707
128.876 -18.5459 3.3966
128.847 -18.5233 3.39852
128.847 -18.5231 3.39842
128.895 -18.621 3.39811
129 -18.6168 3.40096
129.029 -18.4012 3.39987
128.943 -18.5561 3.40388
128.898 -18.5839 3.40049
128.979 -18.6413 3.39835
128.925 -18.5536 3.39794
128.945 -18.5167 3.40312
128.934 -18.4657 3.39916
129.03 -18.6511 3.40442
129.027 -18.6515 3.40428
129.027 -18.6547 3.40436
129.031 -18.6536 3.40407
128.905 -18.5078 3.39942
128.958 -18.5738 3.3986
129.02 -18.5174 3.40097
128.995 -18.5723 3.39923
129.01 -18.6025 3.40128
129.012 -18.5985 3.40124
128.904 -18.5715 3.40097
128.99 -18.5528 3.40005
128.945 -18.5587 3.39986
128.997 -18.6576 3.40321
128.983 -18.4062 3.39928
128.964 -18.5024 3.39932
128.832 -18.5421 3.39784
128.97 -18.4903 3.39938
128.96 -18.5506 3.3994
128.972 -18.517 3.40157
128.916 -18.5382 3.40023
128.894 -18.5577 3.40045
128.994 -18.6198 3.39781
129.014 -18.4943 3.40247
129.027 -18.6118 3.40225
128.877 -18.611 3.40042
128.931 -18.5974 3.40367
128.989 -18.479 3.3997
128.899 -18.4845 3.40169
129.074 -18.4803 3.39836
128.885 -18.505 3.39952
128.819 -18.5155 3.39981
128.943 -18.5757 3.40106
129.024 -18.5896 3.40124
128.924 -18.476 3.39906
129.002 -18.5685 3.40084
128.972 -18.4982 3.39697
128.969 -18.5485 3.40094
129 -18.52 3.40027
128.89 -18.5341 3.39912
128.882 -18.6003 3.39945
128.954 -18.4832 3.40136
128.957 -18.5342 3.4005
128.917 -18.6697 3.39824
128.876 -18.5296 3.3995
129.019 -18.5684 3.39925
128.946 -18.5973 3.40009
128.963 -18.5585 3.40068
128.92 -18.5327 3.39953
128.888 -18.6161 3.40001
129.063 -18.5506 3.39918
128.962 -18.5472 3.40112
129.012 -18.5457 3.40086
128.929 -18.4945 3.39897
128.899 -18.6317 3.39876
128.894 -18.5501 3.40029
128.894 -18.5495 3.40028
128.923 -18.6006 3.40002
128.819 -18.5359 3.40208
129.015 -18.5738 3.4011
128.901 -18.4931 3.40059
129.085 -18.5408 3.40092
128.856 -18.5338 3.4002
128.922 -18.5517 3.40085
128.956 -18.5028 3.40107
128.918 -18.4334 3.40064
129.023 -18.5799 3.3989
128.984 -18.5526 3.39969
128.994 -18.5527 3.40133
128.89 -18.5676 3.40201
128.865 -18.4765 3.39927
128.855 -18.5433 3.39899
128.851 -18.4963 3.3968
128.935 -18.4397 3.39968
128.99 -18.5592 3.39763
128.981 -18.627 3.40008
128.908 -18.5272 3.40119
129.027 -18.5706 3.4012
128.906 -18.6175 3.40095
128.849 -18.5246 3.39738
128.788 -18.4588 3.40139
128.789 -18.4539 3.40138
128.918 -18.5659 3.39833
129.074 -18.6198 3.40109
128.952 -18.4792 3.40025
129.012 -18.5415 3.40007
128.943 -18.4935 3.40069
128.934 -18.4502 3.40087
128.931 -18.45 3.4009
128.92 -18.5477 3.39961
128.993 -18.5805 3.40053
129.042 -18.4113 3.40086
129.031 -18.5396 3.40155
128.996 -18.4583 3.40385
128.995 -18.4636 3.4038
128.884 -18.5963 3.40162
128.977 -18.5741 3.39857
128.985 -18.5292 3.40127
128.928 -18.6488 3.3986
129.002 -18.5625 3.40034
128.968 -18.47 3.40028
128.946 -18.568 3.40112
128.951 -18.571 3.40132
128.942 -18.5696 3.40124
128.873 -18.5875 3.39958
128.885 -18.5393 3.40298
129.047 -18.4645 3.39935
128.979 -18.5821 3.39865
128.959 -18.6812 3.40152
128.874 -18.5123 3.3964
128.835 -18.4743 3.39933
129.059 -18.5672 3.40177
128.96 -18.5476 3.39922
128.967 -18.5534 3.39908
128.892 -18.6191 3.39817
129 -18.6204 3.40083
128.978 -18.6247 3.40102
128.947 -18.5631 3.40365
128.903 -18.5833 3.40046
128.896 -18.532 3.3975
128.882 -18.4717 3.39982
128.867 -18.4433 3.39791
128.999 -18.5686 3.40024
128.926 -18.5475 3.39789
128.948 -18.5118 3.40303
128.935 -18.5141 3.40309
129.029 -18.6528 3.40418
128.912 -18.5033 3.39952
128.968 -18.5916 3.39915
128.991 -18.5702 3.39944
129.02 -18.5922 3.39883
128.901 -18.5749 3.40092
129.052 -18.581 3.39888
129.001 -18.6607 3.40323
128.998 -18.5351 3.40039
128.963 -18.5053 3.39909
128.836 -18.5428 3.39787
128.981 -18.4754 3.40299
128.959 -18.5473 3.39926
128.947 -18.487 3.40044
128.917 -18.5357 3.40022
128.897 -18.5611 3.40053
128.928 -18.5125 3.3999
128.897 -18.4942 3.40124
129.022 -18.4956 3.40237
128.876 -18.5603 3.39627
128.925 -18.5959 3.40374
128.982 -18.4786 3.39967
128.913 -18.4996 3.39745
129.025 -18.4367 3.40148
129.034 -18.5503 3.39957
128.958 -18.5384 3.40097
128.966 -18.5488 3.40038
128.991 -18.5708 3.40142
128.998 -18.5608 3.40133
128.943 -18.6141 3.39883
129.016 -18.5383 3.40104
129.012 -18.5421 3.40112
129.003 -18.5654 3.4009
128.979 -18.4944 3.39703
129.002 -18.568 3.39916
128.897 -18.5314 3.39947
128.883 -18.5979 3.39972
128.954 -18.5408 3.40036
128.987 -18.6291 3.40357
128.982 -18.6333 3.40367
128.957 -18.4482 3.3987
128.859 -18.5847 3.39616
128.949 -18.5954 3.39991
128.935 -18.5105 3.40112
128.992 -18.5187 3.39954
128.955 -18.5452 3.39915
129.06 -18.5526 3.3992
128.928 -18.4729 3.4012
128.928 -18.471 3.40117
129.009 -18.5509 3.40068
129.01 -18.5618 3.39973
128.989 -18.4711 3.39995
128.9 -18.4383 3.39774
128.984 -18.6113 3.40105
128.987 -18.6111 3.40087
128.947 -18.5322 3.39929
128.916 -18.4949 3.40057
128.905 -18.49 3.4005
129.053 -18.4292 3.39992
128.934 -18.55 3.40349
128.914 -18.5479 3.40113
128.913 -18.6119 3.39978
128.842 -18.446 3.396
128.941 -18.6061 3.40183
128.884 -18.5842 3.40129
128.982 -18.5555 3.398
128.759 -18.5781 3.39931
128.993 -18.551 3.40123
128.994 -18.5489 3.40129
128.887 -18.5609 3.40178
128.859 -18.4981 3.40118
128.921 -18.5395 3.40137
128.993 -18.4512 3.40104
128.989 -18.4413 3.40112
128.852 -18.4972 3.39679
128.849 -18.4997 3.40013
129.087 -18.5727 3.39956
128.962 -18.4631 3.39891
128.902 -18.5217 3.40116
128.912 -18.6152 3.40101
128.943 -18.5109 3.39678
128.867 -18.5614 3.39863
129.02 -18.517 3.40221
129.048 -18.4912 3.40008
128.947 -18.4873 3.40266
128.942 -18.4821 3.40266
128.913 -18.4838 3.40112
128.919 -18.609 3.40341
128.915 -18.6175 3.40116
129.004 -18.6333 3.40047
128.923 -18.483 3.39848
128.886 -18.567 3.39515
128.921 -18.5473 3.39941
128.924 -18.5463 3.39949
129.076 -18.5799 3.39949
128.924 -18.5893 3.39909
128.79 -18.5442 3.39897
128.878 -18.4363 3.40284
128.86 -18.4903 3.39981
128.998 -18.4639 3.40356
128.873 -18.4811 3.39814
128.99 -18.5351 3.39997
128.985 -18.5347 3.40133
128.903 -18.5661 3.39715
129.018 -18.584 3.40051
128.952 -18.5682 3.40124
128.825 -18.5816 3.39866
129.895 -21.5983 3.40313
