-36.5895 -71.1592 1.96915
-36.501 -71.3189 1.9719
-36.5055 -71.3133 1.97181
-36.47 -71.3067 1.97139
-36.6017 -71.2945 1.97192
-36.5357 -71.283 1.97274
-36.5451 -71.1459 1.96915
-36.5103 -71.2498 1.96935
-36.5345 -71.3429 1.97151
-36.5476 -71.2325 1.96865
-36.5577 -71.227 1.97228
-36.5531 -71.2181 1.97236
-36.652 -71.1909 1.97083
-36.5169 -71.253 1.96975
-36.5137 -71.2029 1.97162
-36.4791 -71.3299 1.97056
-36.4853 -71.3962 1.97321
-36.5329 -71.3335 1.97143
-36.5351 -71.3298 1.97158
-36.5245 -71.1933 1.97103
-36.6022 -71.2694 1.96882
-36.5768 -71.3559 1.97154
-36.575 -71.3657 1.97177
-36.4718 -71.3306 1.96668
-36.5481 -71.1658 1.97051
-36.5585 -71.3159 1.97168
-36.4697 -71.3851 1.9733
-36.5884 -71.3109 1.96975
-36.5258 -71.2229 1.97099
-36.4571 -71.3107 1.97171
-36.4547 -71.3134 1.97188
-36.4767 -71.3178 1.97015
-36.6109 -71.313 1.9704
-36.5546 -71.2773 1.9709
-36.5441 -71.2635 1.97125
-36.5253 -71.1438 1.96795
-36.5303 -71.2904 1.9752
-36.6156 -71.3718 1.9713
-36.5891 -71.2734 1.9715
-36.4621 -71.3517 1.9742
-36.5613 -71.3532 1.97106
-36.5167 -71.2868 1.96907
-36.4628 -71.333 1.97163
-36.4962 -71.2669 1.9711
-36.4989 -71.2155 1.96985
-36.4959 -71.2234 1.96964
-36.4511 -71.209 1.97181
-36.5219 -71.3423 1.96987
-36.5202 -71.3364 1.96971
-36.5225 -71.3424 1.96969
-36.5219 -71.3394 1.96962
-36.5221 -71.3585 1.96863
-36.5881 -71.214 1.97204
-36.485 -71.3313 1.96939
-36.4885 -71.3112 1.97041
-36.617 -71.3292 1.96906
-36.4375 -71.2316 1.97033
-36.4353 -71.2244 1.97025
-36.5735 -71.2649 1.97145
-36.4311 -71.1951 1.97001
-36.5129 -71.3028 1.96967
-36.5165 -71.2995 1.96972
-36.553 -71.3414 1.9719
-36.489 -71.3396 1.97221
-36.4268 -71.2654 1.97046
-36.5249 -71.4334 1.97163
-36.559 -71.3019 1.97226
-36.5658 -71.2971 1.97221
-36.5104 -71.3077 1.97342
-36.5977 -71.2216 1.97279
-36.4969 -71.2114 1.97013
-36.5167 -71.2944 1.9692
-36.5848 -71.1767 1.97008
-36.6384 -71.32 1.96927
-36.5041 -71.3137 1.96808
-36.5052 -71.3113 1.96807
-36.6046 -71.1849 1.96952
-36.4825 -71.2362 1.97217
-36.5361 -71.4069 1.97372
-36.5836 -71.1456 1.97206
-36.6039 -71.2247 1.9722
-36.5943 -71.2571 1.96947
-36.5937 -71.2553 1.96938
-36.6555 -71.3433 1.97203
-36.504 -71.4261 1.97159
-36.5021 -71.4349 1.97164
-36.627 -71.1623 1.97158
-36.5117 -71.2374 1.97091
-36.5268 -71.2762 1.96674
-36.6857 -71.3 1.97141
-36.449 -71.2774 1.97074
-36.4481 -71.2683 1.97076
-36.4494 -71.2719 1.9705
-36.4731 -71.2353 1.96998
-36.4774 -71.2099 1.96983
-36.4953 -71.2508 1.97139
-36.5513 -71.3105 1.96983
-36.4769 -71.2019 1.97131
-36.6233 -71.182 1.96743
-36.6361 -71.337 1.97129
-36.5382 -71.3162 1.97233
-36.5257 -71.3376 1.9666
-36.5078 -71.2806 1.97224
-36.5689 -71.4078 1.97242
-36.4299 -71.2286 1.97238
-36.558 -71.3074 1.97261
-36.5104 -71.3335 1.97032
-36.5067 -71.3328 1.97021
-36.5102 -71.3338 1.9702
-36.6266 -71.4032 1.97346
-36.5613 -71.1468 1.96932
-36.5719 -71.3235 1.97141
-36.5278 -71.1889 1.97002
-36.5272 -71.2831 1.97068
-36.6048 -71.2175 1.97135
-36.5475 -71.2431 1.96991
-36.5324 -71.2476 1.96895
-36.5459 -71.2615 1.96968
-36.5044 -71.1783 1.9711
-36.5189 -71.2733 1.97052
-36.5697 -71.2138 1.96986
-36.5065 -71.2665 1.96805
-36.5837 -71.3514 1.9721
-36.4243 -71.2599 1.97187
-36.4904 -71.2693 1.97135
-36.5397 -71.2704 1.97208
-36.5429 -71.261 1.97194
-36.4869 -71.3641 1.97253
-36.4893 -71.3639 1.97246
-36.6367 -71.1975 1.96945
-36.5377 -71.3566 1.97128
-36.5305 -71.3604 1.97117
-36.4866 -71.3168 1.9717
-36.502 -71.2091 1.96815
-36.5481 -71.1869 1.96908
-36.4733 -71.2705 1.9701
-36.585 -71.163 1.9709
-36.5882 -71.1646 1.9711
-36.5584 -71.4415 1.97274
-36.5481 -71.4377 1.97284
-36.5944 -71.2306 1.9675
-36.5958 -71.2327 1.96748
-36.3767 -71.2326 1.97168
-36.3985 -71.2725 1.96805
-36.4373 -71.2301 1.96983
-36.567 -71.295 1.97047
-36.4911 -71.3181 1.97036
-36.4554 -71.2839 1.97131
-36.5384 -71.2126 1.9739
-36.4354 -71.2894 1.96908
-36.4631 -71.2549 1.97174
-36.4206 -71.2814 1.97101
-36.5724 -71.389 1.97363
-36.4521 -71.2668 1.97054
-36.5659 -71.2783 1.96707
-36.5095 -71.3114 1.96831
-36.5204 -71.3096 1.96966
-36.5134 -71.3101 1.96969
-36.6344 -71.2381 1.97047
-36.6326 -71.2389 1.97038
-36.563 -71.2386 1.97133
-36.566 -71.2454 1.97128
-36.5778 -71.2464 1.96976
-36.5172 -71.2718 1.97172
-36.5632 -71.4005 1.97218
-36.4879 -71.2105 1.97344
-36.5332 -71.319 1.96908
-36.5563 -71.1931 1.97201
-36.577 -71.3438 1.97025
-36.4951 -71.277 1.96991
-36.4882 -71.2716 1.96999
-36.4961 -71.2705 1.96974
-36.5788 -71.3074 1.97027
-36.6166 -71.2058 1.97339
-36.5764 -71.2604 1.97181
-36.5713 -71.2533 1.97171
-36.5547 -71.3621 1.97183
-36.5195 -71.2452 1.96921
-36.5266 -71.2441 1.96887
-36.6295 -71.2541 1.97028
-36.4997 -71.2671 1.97194
-36.5578 -71.1991 1.97023
-36.524 -71.2805 1.97069
-36.5212 -71.2777 1.97037
-36.539 -71.2191 1.96894
-36.5363 -71.2202 1.96908
-36.4585 -71.3982 1.97662
-36.4124 -71.3533 1.97287
-36.4729 -71.3299 1.97287
-36.4697 -71.3308 1.97291
-36.4673 -71.2935 1.96921
-36.5321 -71.2584 1.97226
-36.5568 -71.2869 1.97354
-36.5502 -71.2857 1.97377
-36.5209 -71.2689 1.97046
-36.5167 -71.2827 1.97059
-36.5912 -71.3024 1.97113
-36.5051 -71.3176 1.97187
-36.5891 -71.296 1.97196
-36.6007 -71.2967 1.97198
-36.5976 -71.3002 1.97173
-36.5313 -71.2857 1.97277
-36.5286 -71.2836 1.97293
-36.4576 -71.2639 1.97147
-36.4963 -71.2944 1.96716
-36.5413 -71.3441 1.9713
-36.4969 -71.3733 1.97235
-36.6487 -71.1896 1.97072
-36.4388 -71.3125 1.9714
-36.4397 -71.3132 1.97143
-36.5293 -71.266 1.96991
-36.4771 -71.3267 1.97065
-36.485 -71.3876 1.97317
-36.4832 -71.3878 1.97324
-36.4833 -71.1856 1.97068
-36.593 -71.2004 1.97122
-36.5854 -71.317 1.97432
-36.526 -71.1919 1.97112
-36.5276 -71.1951 1.97113
-36.613 -71.3526 1.97123
-36.689 -71.1885 1.96777
-36.5512 -71.1709 1.97052
-36.6227 -71.1669 1.96921
-36.5028 -71.331 1.96822
-36.5604 -71.3234 1.97133
-36.3971 -71.2622 1.96968
-36.5926 -71.3073 1.96956
-36.4562 -71.3818 1.97021
-36.4575 -71.3123 1.97178
-36.4579 -71.3141 1.97186
-36.5045 -71.3026 1.968
-36.5122 -71.2224 1.96833
-36.6097 -71.3114 1.97042
-36.6137 -71.308 1.97038
-36.5616 -71.268 1.97041
-36.5176 -71.1402 1.96792
-36.609 -71.3768 1.97162
-36.4717 -71.2933 1.97169
-36.5646 -71.3505 1.97097
-36.5684 -71.3049 1.96949
-36.5677 -71.3128 1.9695
-36.5677 -71.3119 1.97005
-36.5325 -71.17 1.96821
-36.5032 -71.2648 1.97121
-36.4983 -71.2758 1.96588
-36.4982 -71.3466 1.97074
-36.5616 -71.3267 1.96893
-36.6199 -71.1692 1.96844
-36.5223 -71.3419 1.96966
-36.5689 -71.1426 1.96856
-36.4895 -71.3143 1.9704
-36.6603 -71.2272 1.97242
-36.6664 -71.2268 1.97234
-36.4384 -71.2302 1.97048
-36.6139 -71.078 1.96954
-36.6121 -71.3038 1.96727
-36.6156 -71.308 1.96746
-36.5739 -71.2655 1.97133
-36.5619 -71.4246 1.96791
-36.6597 -71.2573 1.97179
-36.5505 -71.3478 1.97188
-36.5204 -71.2531 1.96984
-36.5221 -71.2611 1.96982
-36.522 -71.4244 1.97157
-36.4288 -71.3737 1.96877
-36.6757 -71.1359 1.97009
-36.5873 -71.225 1.97281
-36.5043 -71.1787 1.97107
-36.5828 -71.1776 1.9701
-36.5795 -71.1616 1.97049
-36.5185 -71.2141 1.97205
-36.4962 -71.2186 1.96991
-36.5268 -71.3637 1.96957
-36.5205 -71.3659 1.96968
-36.4874 -71.2435 1.97225
-36.5319 -71.4052 1.9738
-36.6197 -71.268 1.97195
-36.4969 -71.3992 1.96769
-36.5087 -71.426 1.9713
-36.518 -71.2047 1.97258
-36.6544 -71.2859 1.97325
-36.5001 -71.2666 1.97149
-36.4997 -71.2707 1.97138
-36.547 -71.3718 1.96759
-36.5282 -71.2556 1.97076
-36.4685 -71.2315 1.97008
-36.4618 -71.2311 1.96994
-36.474 -71.2333 1.96998
-36.5376 -71.3792 1.96978
-36.6518 -71.2247 1.97138
-36.5549 -71.3175 1.9697
-36.6309 -71.2692 1.97199
-36.621 -71.2637 1.97194
-36.6248 -71.2614 1.97189
-36.5577 -71.1679 1.96918
-36.6375 -71.3346 1.97121
-36.5424 -71.3128 1.97209
-36.5436 -71.3177 1.97235
-36.5358 -71.3123 1.97242
-36.5228 -71.3338 1.96661
-36.4998 -71.2811 1.97225
-36.5603 -71.4051 1.9724
-36.5664 -71.4024 1.97232
-36.5634 -71.4072 1.97234
-36.5618 -71.304 1.97269
-36.5935 -71.3474 1.96968
-36.5879 -71.3465 1.96973
-36.6229 -71.4068 1.97322
-36.62 -71.1991 1.96846
-36.5309 -71.217 1.97051
-36.5732 -71.3282 1.97102
-36.5277 -71.2891 1.97069
-36.5289 -71.282 1.97061
-36.6091 -71.2133 1.97146
-36.5786 -71.2697 1.97038
-36.5466 -71.2441 1.96994
-36.5467 -71.2609 1.9697
-36.5278 -71.2717 1.97053
-36.5227 -71.2717 1.97056
-36.6022 -71.3051 1.97338
-36.5519 -71.1856 1.96932
-36.5837 -71.3439 1.97211
-36.5642 -71.3881 1.97629
-36.4205 -71.2608 1.97222
-36.5459 -71.2657 1.97194
-36.5621 -71.3225 1.96726
-36.5592 -71.3168 1.96719
-36.4885 -71.2763 1.96868
-36.6502 -71.1878 1.97142
-36.4715 -71.2707 1.97023
-36.6877 -71.2501 1.9735
-36.5939 -71.2265 1.96745
-36.5307 -71.2941 1.9683
-36.5866 -71.3606 1.97379
-36.4899 -71.2638 1.97039
-36.4944 -71.2664 1.97052
-36.5629 -71.299 1.97052
-36.4559 -71.2765 1.9713
-36.4729 -71.3296 1.97135
-36.5955 -71.2405 1.96923
-36.4623 -71.2589 1.97192
-36.4155 -71.2852 1.97115
-36.535 -71.328 1.97592
-36.5323 -71.3317 1.97584
-36.5701 -71.3917 1.97376
-36.5673 -71.3903 1.97371
-36.5362 -71.2981 1.97041
-36.4524 -71.2013 1.97095
-36.6358 -71.2431 1.97032
-36.4177 -71.2576 1.96846
-36.5678 -71.2496 1.97174
-36.5209 -71.2787 1.97041
-36.5968 -71.2887 1.97034
-36.5744 -71.24 1.97001
-36.5497 -71.3639 1.97282
-36.5276 -71.2096 1.96841
-36.559 -71.4002 1.97206
-36.5107 -71.3264 1.96764
-36.518 -71.307 1.97388
-36.5499 -71.1984 1.97161
-36.6114 -71.1831 1.97014
-36.5135 -71.3014 1.97093
-36.5751 -71.3073 1.97026
-36.5589 -71.374 1.9712
-36.5613 -71.3675 1.97165
-36.5541 -71.3658 1.97166
-36.611 -71.2237 1.97194
-36.5129 -71.2388 1.96907
-36.5525 -71.1596 1.96901
-36.499 -71.2652 1.97171
-36.521 -71.2823 1.97073
-36.6021 -71.2394 1.97057
-36.4973 -71.2785 1.97359
-36.4076 -71.356 1.973
-36.4695 -71.3281 1.97296
-36.4561 -71.2561 1.97421
-36.5762 -71.2581 1.97201
-36.3877 -71.2998 1.97141
-36.4676 -71.2141 1.97154
-36.599 -71.1299 1.96746
-36.5868 -71.2984 1.97104
-36.507 -71.3169 1.97179
-36.4685 -71.3056 1.97143
-36.5952 -71.2947 1.97186
-36.5485 -71.0941 1.96818
-36.4566 -71.2645 1.97131
-36.4691 -71.183 1.97026
-36.4714 -71.1873 1.97022
-36.5361 -71.3416 1.97128
-36.5435 -71.2352 1.96864
-36.5882 -71.3455 1.96799
-36.7107 -71.3351 1.97112
-36.4883 -71.2796 1.96896
-36.487 -71.1544 1.96974
-36.4741 -71.2433 1.9721
-36.5265 -71.2724 1.9697
-36.6444 -71.2183 1.96934
-36.5566 -71.3142 1.96884
-36.4817 -71.1885 1.97072
-36.591 -71.1976 1.97119
-36.6001 -71.1928 1.97126
-36.5379 -71.3332 1.97162
-36.6102 -71.3488 1.97106
-36.5715 -71.253 1.97086
-36.5764 -71.3645 1.97164
-36.5012 -71.3298 1.96843
-36.562 -71.3179 1.97173
-36.6677 -71.2785 1.9702
-36.6016 -71.3084 1.96534
-36.4604 -71.2731 1.97193
-36.454 -71.2736 1.97207
-36.524 -71.221 1.971
-36.4551 -71.3184 1.97174
-36.6155 -71.3148 1.97034
-36.6108 -71.3062 1.97039
-36.5446 -71.2674 1.97116
-36.6295 -71.2147 1.96985
-36.5287 -71.1402 1.96797
-36.5264 -71.1379 1.96813
-36.4966 -71.29 1.97274
-36.6093 -71.3779 1.97154
-36.4759 -71.2927 1.97178
-36.4613 -71.3461 1.97429
-36.5595 -71.3473 1.97108
-36.5743 -71.3114 1.9695
-36.5625 -71.2424 1.96899
-36.5167 -71.2932 1.96907
-36.5062 -71.2601 1.97143
-36.6719 -71.3043 1.97334
-36.4971 -71.3493 1.97066
-36.623 -71.2388 1.9693
-36.5237 -71.3403 1.96978
-36.5865 -71.2099 1.97218
-36.4855 -71.3131 1.97052
-36.5823 -71.1217 1.97094
-36.5648 -71.1398 1.97295
-36.5545 -71.3477 1.96806
-36.5629 -71.4217 1.9679
-36.6556 -71.2601 1.97182
-36.5502 -71.3448 1.97182
-36.5568 -71.2994 1.97197
-36.5608 -71.2956 1.97216
-36.5528 -71.3042 1.97227
-36.6504 -71.1938 1.97127
-36.4207 -71.2892 1.97092
-36.5034 -71.177 1.97111
-36.4985 -71.2169 1.97013
-36.5185 -71.2967 1.96932
-36.5973 -71.1914 1.96953
-36.517 -71.2134 1.97167
-36.6063 -71.3078 1.97202
-36.4699 -71.3305 1.97534
-36.468 -71.334 1.97562
-36.525 -71.357 1.96935
-36.6064 -71.3151 1.96726
-36.5435 -71.188 1.97034
-36.532 -71.4069 1.97382
-36.4742 -71.2597 1.96926
-36.4729 -71.2563 1.96908
-36.6211 -71.265 1.97197
-36.6213 -71.2613 1.97213
-36.5957 -71.2538 1.96941
-36.6119 -71.2052 1.96863
-36.6511 -71.3383 1.97217
-36.5873 -71.2816 1.96947
-36.4282 -71.2422 1.9696
-36.5155 -71.2443 1.97108
-36.5293 -71.2702 1.96672
-36.4457 -71.272 1.97082
-36.4726 -71.2282 1.96971
-36.5485 -71.2244 1.96751
-36.5479 -71.2113 1.97108
-36.5475 -71.3143 1.96959
-36.6119 -71.387 1.97416
-36.5438 -71.3131 1.97205
-36.4711 -71.2552 1.97354
-36.5403 -71.2497 1.97115
-36.5656 -71.4101 1.97227
-36.5502 -71.2765 1.97034
-36.5422 -71.2764 1.97046
-36.5924 -71.3488 1.9696
-36.509 -71.3392 1.97031
-36.6197 -71.1918 1.96852
-36.532 -71.2178 1.9706
-36.5798 -71.3241 1.9712
-36.5764 -71.3294 1.97124
-36.5257 -71.1924 1.96993
-36.5316 -71.2837 1.97071
-36.5604 -71.2129 1.97145
-36.6346 -71.2223 1.97174
-36.5819 -71.2704 1.97018
-36.586 -71.2922 1.9717
-36.5048 -71.1807 1.97106
-36.564 -71.2165 1.97028
-36.4446 -71.2828 1.9695
-36.5151 -71.2592 1.96795
-36.5105 -71.2611 1.96819
-36.5843 -71.3484 1.97208
-36.5381 -71.2565 1.96963
-35.4554 -73.2123 1.98738
