235.691 27.6733 0.0737497
235.665 27.7151 0.0689656
235.665 27.6833 0.0686673
235.647 27.6967 0.0746964
235.649 27.6696 0.0705128
235.634 27.6664 0.0735179
235.698 27.6741 0.0693592
235.611 27.6517 0.072794
235.657 27.5839 0.0693389
235.607 27.5434 0.071207
235.695 27.5999 0.0707601
235.632 27.7102 0.0711228
235.641 27.6335 0.0716291
235.534 27.7368 0.0727308
235.744 27.594 0.0703211
235.717 27.6245 0.067595
235.596 27.7026 0.0731847
235.652 27.6332 0.0735609
235.713 27.6134 0.068874
235.672 27.6832 0.0722264
235.65 27.5793 0.072281
235.717 27.7283 0.0708272
235.614 27.6732 0.0706065
235.713 27.7128 0.0704637
235.66 27.6855 0.0714041
235.645 27.5734 0.0746388
235.599 27.711 0.0696944
235.68 27.7075 0.0697448
235.599 27.6434 0.0706258
235.618 27.6677 0.069132
235.644 27.5995 0.0729122
235.664 27.5691 0.0703051
235.563 27.6942 0.0733694
235.653 27.6308 0.0750996
235.598 27.8068 0.0698395
235.669 27.7344 0.0698836
235.599 27.6088 0.0775548
235.602 27.6773 0.0721185
235.643 27.6419 0.0720705
235.652 27.499 0.0737774
235.642 27.6578 0.0690769
235.657 27.6722 0.0696913
235.641 27.445 0.0709556
235.607 27.6671 0.0743649
235.647 27.5393 0.0734738
235.689 27.6868 0.0721297
235.707 27.649 0.0724672
235.585 27.6689 0.0721619
235.595 27.6691 0.0727322
235.676 27.7183 0.0715934
235.688 27.6847 0.0741304
235.747 27.8108 0.0739971
235.747 27.6768 0.0708159
235.586 27.5982 0.0736189
235.728 27.6947 0.0709506
235.76 27.6246 0.0731064
235.674 27.5918 0.0733341
235.753 27.617 0.0708232
235.673 27.576 0.0706918
235.589 27.565 0.074888
235.682 27.6649 0.0706884
235.601 27.603 0.0775993
235.633 27.5704 0.0706223
235.64 27.5812 0.0716751
235.625 27.6142 0.0713782
235.701 27.5957 0.0691876
235.618 27.5554 0.0717874
235.751 27.5968 0.0718781
235.723 27.6529 0.0726785
235.739 27.6214 0.070798
235.504 27.6502 0.0735023
235.65 27.6441 0.0735309
235.59 27.587 0.0748037
235.722 27.7261 0.0711374
235.586 27.6639 0.0739332
235.699 27.5574 0.0717124
235.746 27.5853 0.0719244
235.653 27.6403 0.0715678
235.527 27.7334 0.0722009
235.694 27.759 0.0695944
235.758 27.6712 0.0722733
235.597 27.6102 0.0731666
235.588 27.627 0.0719344
235.725 27.6529 0.0728177
235.736 27.7891 0.07346
235.613 27.6784 0.0728227
235.649 27.6226 0.0738683
235.706 27.6483 0.0716111
235.637 27.5671 0.0688194
235.766 27.4898 0.0695217
235.589 27.7132 0.0739777
235.693 27.5666 0.0708481
235.565 27.6304 0.070311
235.612 27.7702 0.0709323
235.621 27.6135 0.0732984
235.615 27.5886 0.0724263
235.652 27.6832 0.070346
235.696 27.6224 0.073815
235.667 27.5917 0.0750403
235.665 27.6044 0.0716803
235.55 27.6122 0.0693966
235.671 27.6409 0.0676216
235.696 27.6116 0.0747826
235.698 27.5997 0.0747972
235.646 27.661 0.0677446
235.633 27.6595 0.0721572
235.666 27.6371 0.074559
235.64 27.6505 0.0725602
235.571 27.7207 0.0695889
235.629 27.6944 0.0735959
235.628 27.6317 0.0714993
235.71 27.5734 0.0692374
235.635 27.6551 0.0739881
235.783 27.7218 0.0718842
235.745 27.6676 0.0711978
235.595 27.6285 0.0720477
235.67 27.6105 0.0719382
235.586 27.7762 0.0727694
235.682 27.7302 0.0708088
235.738 27.6656 0.0734606
235.683 27.5749 0.0714883
235.603 27.6593 0.0687337
235.482 27.6635 0.0719986
235.658 27.6685 0.0717777
235.618 27.6975 0.0733892
235.745 27.6555 0.0720223
235.66 27.544 0.0725905
235.588 27.7082 0.0706981
235.767 27.6803 0.07037
235.706 27.6347 0.0724292
235.617 27.6452 0.0740196
235.705 27.6222 0.0717973
235.574 27.5678 0.0734126
235.698 27.6612 0.0749742
235.586 27.7107 0.0737916
235.568 27.5983 0.0727132
235.57 27.6602 0.0706718
235.53 27.6039 0.0731879
235.661 27.5536 0.0717639
235.675 27.6813 0.0711702
235.636 27.6313 0.0717032
235.637 27.6894 0.0689862
235.625 27.6289 0.0725032
235.703 27.5523 0.0698734
235.728 27.6518 0.0750242
235.688 27.7088 0.0678939
235.639 27.6779 0.0737856
235.631 27.695 0.0733408
235.619 27.589 0.0703251
235.638 27.6894 0.072943
235.752 27.7048 0.0752024
235.637 27.5822 0.0711619
235.647 27.5338 0.0682754
235.668 27.573 0.0754079
235.62 27.5748 0.0700777
235.738 27.6398 0.0709818
235.623 27.7893 0.0717329
235.571 27.6046 0.0750815
235.689 27.6395 0.0692091
235.643 27.5898 0.0721632
235.65 27.6458 0.0720946
235.675 27.6131 0.0733546
235.653 27.7022 0.0731612
235.673 27.7308 0.0720322
235.562 27.5547 0.074505
235.562 27.6267 0.0719146
235.611 27.6507 0.0714818
235.743 27.6295 0.0735592
235.8 27.6245 0.0728716
235.586 27.67 0.0742655
235.773 27.6664 0.0728713
235.604 27.7912 0.0695346
235.634 27.7263 0.0729282
235.619 27.691 0.0718968
235.694 27.705 0.0742541
235.696 27.6063 0.0731349
235.667 27.6887 0.0717445
235.688 27.684 0.072027
235.634 27.6638 0.0672902
235.676 27.6551 0.0687995
235.669 27.6152 0.0723033
235.663 27.6382 0.0714295
235.626 27.5977 0.0733339
235.689 27.6855 0.067616
235.645 27.7177 0.0721494
235.636 27.6694 0.0724636
235.589 27.6512 0.0722202
235.569 27.6623 0.0695875
235.614 27.577 0.0744627
235.557 27.6644 0.0727888
235.579 27.584 0.0733388
235.617 27.6105 0.0722774
235.707 27.7246 0.0705416
235.627 27.5751 0.0736874
235.651 27.5971 0.0708701
235.611 27.6637 0.0713587
235.764 27.5509 0.0718339
235.637 27.5892 0.0702137
235.664 27.6003 0.0703482
235.738 27.5694 0.0720107
235.693 27.6539 0.0718516
235.574 27.5056 0.0732106
235.633 27.543 0.0715313
235.735 27.6301 0.0694464
235.707 27.5853 0.0741774
235.708 27.6443 0.072177
235.715 27.6666 0.0697255
235.717 27.785 0.0706558
235.655 27.7018 0.0754574
235.625 27.5883 0.0741201
235.663 27.5902 0.070267
235.665 27.5655 0.0698139
235.72 27.5571 0.0728299
235.584 27.7111 0.0713147
235.548 27.5738 0.0742609
235.676 27.597 0.0724129
235.633 27.6958 0.0694276
235.728 27.7114 0.0707996
235.692 27.6685 0.075553
235.703 27.5842 0.0724768
235.664 27.5346 0.0736667
235.74 27.6224 0.0728123
235.683 27.7109 0.0743866
235.584 27.661 0.0670815
235.602 27.5894 0.0666842
235.616 27.613 0.0736732
235.597 27.6941 0.0720079
235.704 27.5837 0.0689773
235.708 27.6981 0.0728624
235.722 27.5141 0.0711015
235.577 27.5818 0.0697421
235.67 27.6136 0.0741288
235.646 27.6889 0.0728168
235.61 27.6298 0.0733412
235.707 27.589 0.0717987
235.676 27.6108 0.0726873
235.642 27.6248 0.0722521
235.618 27.6135 0.0740758
235.629 27.5881 0.0741101
235.657 27.5831 0.0724985
235.631 27.7663 0.073489
235.717 27.5812 0.073951
235.581 27.6463 0.0721556
235.671 27.6149 0.0702057
235.681 27.5718 0.0714119
235.698 27.5596 0.0734432
235.707 27.5975 0.0733738
235.709 27.6633 0.0739311
235.622 27.6518 0.0692274
235.696 27.6317 0.0734277
235.721 27.7367 0.0732588
235.632 27.6999 0.0693942
235.711 27.6732 0.0716132
235.617 27.6572 0.0697468
235.626 27.6501 0.0714273
235.662 27.6445 0.0689673
235.725 27.6241 0.0721809
235.733 27.7179 0.0718185
235.621 27.7396 0.0742337
235.627 27.743 0.0706473
235.629 27.6345 0.0761907
235.641 27.7331 0.0738259
235.655 27.7323 0.0749789
235.706 27.7605 0.0681008
235.649 27.5394 0.0734907
235.647 27.5937 0.0695495
235.551 27.6663 0.0711251
235.589 27.7086 0.0717213
235.73 27.6532 0.0709618
235.621 27.6914 0.0701422
235.728 27.6954 0.0722618
235.753 27.6876 0.0705179
235.721 27.6488 0.0706984
235.693 27.653 0.0735597
235.578 27.7134 0.0703798
235.562 27.6749 0.0695063
235.653 27.533 0.0747431
235.63 27.5454 0.0765329
235.721 27.7024 0.0721706
235.58 27.5911 0.0714314
235.606 27.6696 0.0699575
235.62 27.7059 0.0767753
235.644 27.7413 0.0709609
235.649 27.6682 0.0724265
235.787 27.6451 0.0688141
235.763 27.6661 0.0685894
235.729 27.6236 0.0710976
235.66 27.6959 0.0732571
235.671 27.6194 0.0736545
235.671 27.6758 0.0714807
235.688 27.5994 0.0698751
235.694 27.6695 0.0761388
235.654 27.5572 0.0709214
235.681 27.5743 0.0742208
235.576 27.548 0.0732034
235.637 27.6531 0.0692971
235.628 27.5682 0.0702384
235.587 27.7074 0.0756093
235.664 27.6507 0.0722354
235.577 27.7226 0.0715525
235.723 27.597 0.0754216
235.673 27.6758 0.0720511
235.656 27.6353 0.0721642
235.741 27.6031 0.0704469
235.762 27.7059 0.0736793
235.615 27.5954 0.0742581
235.62 27.6834 0.0716211
235.667 27.6511 0.0735277
235.607 27.7002 0.0718233
235.58 27.7381 0.0736155
235.707 27.672 0.0743309
235.676 27.624 0.070661
235.592 27.6455 0.0702498
235.574 27.6857 0.0749929
235.541 27.5958 0.0719375
235.7 27.7418 0.0750001
235.668 27.6466 0.0731888
235.704 27.7004 0.0765577
235.654 27.7808 0.0710133
235.669 27.6844 0.0682884
235.631 27.7235 0.0724097
235.691 27.5871 0.0714228
235.641 27.5655 0.0737264
235.76 27.5861 0.0731456
235.62 27.7034 0.0713889
235.702 27.6678 0.0699297
235.665 27.668 0.0692845
235.717 27.6124 0.071245
235.582 27.6831 0.0726665
235.599 27.6667 0.0691473
235.642 27.7522 0.0699255
235.709 27.6334 0.0748568
235.73 27.5915 0.072402
235.716 27.6037 0.0712395
235.655 27.6262 0.0720514
235.627 27.6737 0.072895
235.605 27.6798 0.0726333
235.63 27.6418 0.0717286
235.582 27.6413 0.0730294
235.764 27.8368 0.0723043
235.729 27.7488 0.0709714
235.759 27.6085 0.0727381
235.581 27.6384 0.0712583
235.621 27.5416 0.069908
235.646 27.6618 0.0712606
235.606 27.6707 0.0753737
235.703 27.6833 0.0703199
235.579 27.6202 0.0742999
235.629 27.6987 0.0704331
235.636 27.6551 0.0711123
235.648 27.5946 0.0707276
235.634 27.6861 0.0720397
235.702 27.6391 0.0700565
235.711 27.6133 0.0696095
235.626 27.5677 0.0720692
235.654 27.5871 0.072727
235.597 27.6418 0.0697021
235.718 27.6351 0.072851
235.757 27.5978 0.0734423
235.655 27.7231 0.0726622
235.699 27.6374 0.0735253
235.684 27.5342 0.0717343
235.568 27.7374 0.0700641
235.562 27.6888 0.0694602
235.607 27.6521 0.0711819
235.606 27.6716 0.0701623
235.62 27.6328 0.070384
235.603 27.5317 0.0755382
235.75 27.6068 0.0719908
235.656 27.6536 0.0732533
235.556 27.6018 0.0706427
235.556 27.6128 0.0713336
235.711 27.6469 0.0682974
235.741 27.6186 0.068708
235.652 27.625 0.0732652
235.624 27.6897 0.073717
235.666 27.6732 0.0713235
235.584 27.6504 0.0713003
235.658 27.5565 0.068977
235.686 27.6134 0.0701197
235.613 27.6188 0.071636
235.663 27.6778 0.0718729
235.702 27.6415 0.073102
235.659 27.7445 0.0736009
235.675 27.6239 0.0716643
235.537 27.6813 0.0734601
235.521 27.6227 0.0737329
235.646 27.5868 0.072685
235.641 27.7228 0.0689166
235.722 27.7944 0.0708433
235.627 27.6977 0.0719625
235.728 27.6114 0.0712381
235.707 27.5354 0.0736375
235.614 27.5132 0.0752429
235.711 27.6868 0.0755531
235.606 27.7138 0.0682161
235.615 27.6661 0.0744822
235.633 27.6418 0.0729726
235.676 27.6791 0.0709347
235.577 27.7682 0.0693961
235.678 27.6927 0.0715301
235.679 27.6332 0.0721544
235.63 27.7252 0.0743753
235.76 27.6233 0.0716441
235.741 27.6737 0.0717955
235.659 27.6505 0.0711532
235.704 27.6944 0.0720822
235.776 27.7716 0.0715251
235.591 27.6265 0.0718482
235.615 27.571 0.0734587
235.726 27.6018 0.0750028
235.629 27.7006 0.072901
235.605 27.7588 0.0708891
235.609 27.6444 0.0705539
235.64 27.6562 0.0680661
235.602 27.6586 0.0723007
235.704 27.6122 0.0750426
235.575 27.6631 0.069287
235.687 27.6435 0.0730426
235.618 27.6516 0.0748974
235.635 27.6999 0.0719759
235.683 27.622 0.0719825
235.696 27.6546 0.0708169
235.632 27.621 0.0752597
235.63 27.6447 0.0697024
235.612 27.6404 0.0743605
235.569 27.5751 0.0697049
235.625 27.5824 0.0724832
235.611 27.535 0.0705524
235.59 27.5954 0.0716891
235.604 27.658 0.073015
235.671 27.7336 0.0712935
235.734 27.6928 0.0686645
235.661 27.6541 0.0671972
235.768 27.7815 0.0694063
235.688 27.673 0.0737674
235.709 27.5607 0.0747376
235.676 27.6573 0.0720689
235.604 27.6598 0.072623
235.635 27.6907 0.0713513
235.699 27.7466 0.0717629
235.626 27.7019 0.0741711
235.625 27.5872 0.0693421
235.724 27.5892 0.0694437
235.744 27.5858 0.0684764
235.653 27.6952 0.0718777
235.61 27.6967 0.0712188
235.673 27.5859 0.0727494
235.665 27.6711 0.0731026
235.649 27.5807 0.0743551
235.64 27.7727 0.0719611
235.639 27.645 0.0712312
235.78 27.7413 0.0715036
235.683 27.653 0.0728118
235.683 27.7039 0.0698078
235.652 27.688 0.0727649
235.625 27.7104 0.0727624
235.586 27.6171 0.0739779
235.675 27.6461 0.0731212
235.565 27.6014 0.072063
235.631 27.543 0.0706444
235.688 27.4729 0.069898
235.643 27.6341 0.0726771
235.59 27.7116 0.0717329
235.658 27.7461 0.0719371
235.689 27.6418 0.0685275
235.621 27.7078 0.0732199
235.644 27.55 0.0729129
235.667 27.5638 0.0731086
235.655 27.5329 0.0741015
235.613 27.6631 0.0685107
235.683 27.4809 0.0691246
235.741 27.5757 0.0686886
235.73 27.5936 0.0699684
235.721 27.5999 0.071986
235.667 27.7606 0.0728882
235.618 27.64 0.0706965
235.662 27.6636 0.0705538
235.67 27.7632 0.070101
235.621 27.6083 0.0749159
235.61 27.6315 0.0735754
235.728 27.6493 0.0716151
235.658 27.6403 0.0731311
235.566 27.6065 0.0728764
235.765 27.6008 0.0701391
235.675 27.5783 0.0712688
235.577 27.6687 0.0744513
235.662 27.5973 0.0739589
235.625 27.62 0.0752364
235.646 27.6656 0.072834
235.716 27.5757 0.0727587
235.653 27.5904 0.0711997
235.63 27.6564 0.0695945
235.682 27.6369 0.0716719
235.765 27.5599 0.0735331
235.765 27.7023 0.0717078
235.62 27.5227 0.0713981
235.678 27.7288 0.0684281
235.688 27.5989 0.0714176
234.019 30.6399 0.0879658
235.777 27.6273 0.073526
235.639 27.5897 0.072062
235.629 27.5988 0.0720367
235.748 27.6504 0.0730857
235.678 27.6751 0.0738961
235.731 27.6966 0.0704092
235.699 27.5806 0.0716823
235.721 27.6073 0.071533
235.651 27.5508 0.0719863
235.622 27.6391 0.0711768
235.742 27.6594 0.0725234
235.737 27.6711 0.0689519
235.647 27.7212 0.0716247
235.577 27.7156 0.0752302
235.719 27.6214 0.0728064
235.597 27.5453 0.0683023
235.591 27.615 0.0684387
235.645 27.7139 0.0712165
235.687 27.7239 0.0701894
235.631 27.5555 0.0739849
235.769 27.5288 0.0701021
235.588 27.6294 0.0714753
235.628 27.634 0.0717232
235.695 27.5905 0.0735234
235.675 27.7738 0.0721819
235.654 27.6963 0.0697333
235.782 27.5728 0.0716899
235.659 27.684 0.071145
235.563 27.6292 0.0691987
235.698 27.6272 0.0722446
235.65 27.63 0.0723851
235.711 27.7063 0.0723081
235.704 27.6955 0.0713053
235.622 27.5834 0.0676396
235.72 27.7814 0.0735862
235.618 27.68 0.0704081
235.625 27.6896 0.0718839
235.611 27.6394 0.0708427
235.643 27.6675 0.0730753
235.627 27.6653 0.0712558
235.605 27.6962 0.0711037
235.626 27.6989 0.0700913
235.721 27.6582 0.0719441
235.636 27.6809 0.0707713
235.627 27.6556 0.0702249
235.717 27.6967 0.0705931
235.578 27.5459 0.0714448
235.615 27.5345 0.0744467
235.639 27.6061 0.0758153
235.689 27.6652 0.0725771
235.655 27.6711 0.0718074
235.558 27.6296 0.0738756
235.727 27.5329 0.0705597
235.671 27.7693 0.0708884
235.656 27.5967 0.0739684
235.593 27.6913 0.0702885
235.543 27.591 0.0711443
235.7 27.5673 0.0749967
235.758 27.653 0.0683712
235.679 27.6605 0.0721053
235.675 27.6692 0.0725395
235.669 27.6786 0.0740477
235.602 27.6086 0.0717543
235.666 27.5979 0.0707062
235.615 27.6416 0.0713702
235.559 27.6072 0.0719433
235.743 27.76 0.0707594
235.598 27.5731 0.0692449
235.785 27.7166 0.0692694
235.588 27.5919 0.06923
235.617 27.5086 0.0696289
235.719 27.6616 0.0726347
235.702 27.6668 0.0709641
235.682 27.6792 0.0694542
235.676 27.5867 0.0705375
235.692 27.5337 0.0687025
235.648 27.6112 0.072969
235.676 27.6604 0.0723061
235.529 27.6604 0.070931
235.54 27.6545 0.0717407
235.648 27.5263 0.073233
235.737 27.6473 0.071218
235.664 27.7702 0.0709787
235.691 27.6272 0.0751631
235.757 27.6633 0.0705274
235.641 27.6327 0.0712046
235.622 27.6187 0.0716766
235.669 27.5812 0.0722356
235.675 27.6335 0.0734258
235.741 27.7442 0.0722089
235.625 27.6313 0.0766161
235.718 27.6433 0.0702977
235.716 27.6321 0.0714904
235.699 27.6086 0.0740449
235.543 27.6853 0.0707395
235.541 27.6325 0.0713643
235.72 27.7432 0.0718502
235.71 27.6062 0.0747415
235.668 27.617 0.0690377
235.529 27.5863 0.073977
235.652 27.6482 0.0727303
235.753 27.7411 0.0695527
235.625 27.5708 0.0734598
235.648 27.7248 0.0728777
235.655 27.703 0.0718508
235.604 27.6733 0.074491
235.71 27.5531 0.0727814
235.674 27.6603 0.0742499
235.793 27.6084 0.0727609
235.838 27.6681 0.0681863
235.619 27.5756 0.0742437
235.631 27.6208 0.0714568
235.712 27.6744 0.0725263
235.603 27.7625 0.0715025
235.611 27.6062 0.0706196
235.72 27.6348 0.073033
235.672 27.6216 0.0688538
235.643 27.6001 0.0717571
235.643 27.643 0.0701065
235.818 27.6361 0.0730116
235.731 27.5703 0.0727978
235.661 27.7159 0.0673561
235.668 27.6267 0.0682547
235.652 27.7872 0.0706979
235.7 27.6847 0.0701584
235.597 27.5226 0.0731631
235.722 27.7504 0.0697346
235.577 27.6903 0.073217
235.589 27.6777 0.0730045
235.648 27.7066 0.0702691
235.636 27.5609 0.0748692
235.673 27.6504 0.07016
235.782 27.7209 0.0719844
235.77 27.5459 0.0720147
235.728 27.5709 0.0718998
235.732 27.6329 0.0692106
235.773 27.6135 0.0701094
235.653 27.7185 0.0749231
235.582 27.5896 0.0709663
235.616 27.6554 0.0748729
235.687 27.6016 0.0697482
235.675 27.6139 0.0707287
235.63 27.7 0.0748265
235.607 27.6854 0.0744505
235.682 27.6792 0.0733404
235.693 27.559 0.0718735
235.616 27.6488 0.0726544
235.677 27.7257 0.0717933
235.688 27.6675 0.0690581
235.692 27.6119 0.0716749
235.679 27.6027 0.0730503
235.614 27.6271 0.0730521
235.578 27.5743 0.0725182
235.585 27.5843 0.0738418
235.713 27.6387 0.0702094
235.699 27.6018 0.07074
235.638 27.5195 0.0719716
235.673 27.6677 0.0705351
235.588 27.6685 0.0728261
235.552 27.7048 0.0745689
235.718 27.6555 0.0716397
235.567 27.635 0.0704861
235.699 27.6456 0.0677168
235.586 27.5777 0.0710094
235.748 27.7356 0.0712528
235.604 27.6649 0.0733949
235.547 27.6302 0.0740254
235.663 27.6925 0.07413
235.739 27.7017 0.0685311
235.791 27.6651 0.072319
235.69 27.7002 0.0716736
235.759 27.5808 0.0722713
235.713 27.6397 0.0726422
235.739 27.7084 0.0715723
235.739 27.6678 0.0724651
235.775 27.6757 0.0708011
235.732 27.6052 0.0692681
235.689 27.7459 0.0721756
235.575 27.6865 0.0708789
235.673 27.6859 0.0719985
235.588 27.5746 0.0705974
235.591 27.7015 0.0692598
235.603 27.5735 0.073249
235.736 27.6386 0.0727262
235.764 27.6746 0.071406
235.755 27.5945 0.0763383
235.593 27.6431 0.0741543
235.624 27.5832 0.0722583
235.58 27.7162 0.0731707
235.796 27.6403 0.0717796
235.772 27.5849 0.0732569
235.691 27.7121 0.0705856
235.707 27.6966 0.0721057
235.685 27.646 0.0725744
235.688 27.7163 0.074849
235.747 27.7375 0.0737635
235.647 27.6427 0.0729052
235.746 27.714 0.0695677
235.711 27.6776 0.071158
235.75 27.68 0.0715891
235.633 27.5752 0.0715795
235.79 27.6639 0.0741437
235.606 27.6891 0.0730321
235.568 27.6901 0.0709324
235.65 27.6699 0.0729255
235.722 27.7425 0.0710284
235.697 27.6231 0.0728491
235.645 27.6054 0.0710837
235.675 27.5238 0.069822
235.704 27.5505 0.0719209
235.798 27.5737 0.0712329
235.714 27.8444 0.0717403
235.685 27.6043 0.0720671
235.663 27.6229 0.0740928
235.602 27.6844 0.0700887
235.57 27.655 0.070047
235.704 27.526 0.0720794
235.769 27.6611 0.0701772
235.668 27.6078 0.0743531
235.702 27.6173 0.0726649
235.673 27.6912 0.0723664
235.628 27.6204 0.0721355
235.667 27.605 0.0753439
235.754 27.694 0.0727951
235.757 27.6485 0.0705609
235.799 27.7416 0.0711136
235.713 27.6218 0.0708437
235.741 27.6537 0.0719001
235.676 27.5594 0.0712435
235.53 27.6506 0.071665
235.616 27.6253 0.0676169
235.743 27.5654 0.0717141
235.645 27.5648 0.0739389
235.784 27.5434 0.0735885
235.595 27.6605 0.0755911
235.716 27.59 0.0722541
235.667 27.5994 0.071496
235.674 27.4583 0.0698694
235.706 27.7709 0.0718725
235.608 27.6053 0.0739391
235.663 27.557 0.0737764
235.631 27.6516 0.0720145
235.575 27.7193 0.0729253
235.675 27.6339 0.0694563
235.65 27.6796 0.0696961
235.683 27.6506 0.0694877
235.679 27.6728 0.0730015
235.67 27.5589 0.0708745
235.664 27.6108 0.0718523
235.595 27.5759 0.0718009
235.74 27.6278 0.0717911
235.675 27.6841 0.0738402
235.627 27.7397 0.0738333
235.677 27.5968 0.0735325
235.61 27.6629 0.0694124
235.646 27.6601 0.0696167
235.657 27.6981 0.0698993
235.632 27.6153 0.0706005
235.623 27.5356 0.0700909
235.543 27.4935 0.072246
235.799 27.583 0.069678
235.696 27.6422 0.0718662
235.719 27.6347 0.0721975
235.779 27.6964 0.0722921
235.645 27.5759 0.0748629
235.679 27.6444 0.0722913
235.605 27.6829 0.0679667
235.796 27.5859 0.0701977
235.711 27.5902 0.0719353
235.666 27.5954 0.0722757
235.713 27.7227 0.0727295
235.776 27.6285 0.0688756
235.742 27.6002 0.0683498
235.785 27.6551 0.0705645
235.626 27.6252 0.0742769
235.631 27.6329 0.0730451
235.689 27.7222 0.0693636
235.66 27.7718 0.0714732
235.627 27.5602 0.0695233
235.636 27.601 0.0703419
235.688 27.5326 0.0721661
235.728 27.5784 0.0698222
235.731 27.7195 0.0722435
235.652 27.7031 0.0726953
235.762 27.6343 0.0737015
235.679 27.6669 0.0697625
235.641 27.6606 0.0740938
235.733 27.6764 0.0713671
235.566 27.6911 0.0713741
235.85 27.6076 0.0722372
235.741 27.654 0.0708721
235.613 27.5919 0.071324
235.656 27.6419 0.0707977
235.761 27.5606 0.071756
235.568 27.6128 0.0672988
235.607 27.7356 0.0694207
235.645 27.6589 0.0686993
235.686 27.7252 0.0709667
235.597 27.5844 0.0731333
235.688 27.6353 0.06848
235.628 27.6124 0.0714908
235.677 27.6146 0.0710353
235.644 27.6038 0.0714356
235.655 27.6537 0.0749503
235.704 27.5983 0.0707126
235.69 27.6076 0.0706032
235.655 27.6243 0.0740178
235.487 27.6637 0.0720142
235.554 27.7388 0.0701147
235.491 27.6305 0.0689786
235.534 27.6561 0.0685443
235.659 27.5915 0.0729511
235.602 27.6354 0.0731755
235.693 27.641 0.0707386
235.753 27.6767 0.0708483
235.684 27.7421 0.0745695
235.71 27.6768 0.0704523
235.692 27.7078 0.0710553
235.707 27.7239 0.0724504
235.563 27.6706 0.0715138
235.644 27.6688 0.072479
235.72 27.6044 0.0724959
235.698 27.6125 0.0683889
235.668 27.6139 0.0716484
235.638 27.7362 0.070305
235.709 27.5957 0.0738336
235.644 27.7089 0.0717341
235.7 27.7066 0.0712196
235.727 27.6697 0.0714876
235.63 27.6359 0.0713245
235.587 27.5918 0.0723729
235.598 27.7417 0.0727609
235.718 27.642 0.0734329
235.594 27.7146 0.0716578
235.711 27.7407 0.071433
235.584 27.641 0.0734819
235.678 27.5327 0.0721828
235.66 27.6222 0.0734717
235.694 27.647 0.0717438
235.577 27.6135 0.0722898
235.676 27.6067 0.0716158
235.766 27.6637 0.0713265
235.755 27.6706 0.0722189
235.536 27.6923 0.0731623
235.573 27.6705 0.0737968
235.684 27.6488 0.0718269
235.639 27.6329 0.071467
235.668 27.6294 0.0713874
235.69 27.593 0.0684987
235.636 27.4592 0.0702668
235.718 27.5909 0.0728148
235.8 27.6446 0.0714117
235.664 27.5537 0.072801
235.634 27.7187 0.0728593
235.71 27.6492 0.0721054
235.792 27.6596 0.0709857
235.685 27.6454 0.0741175
235.555 27.6735 0.0714479
235.694 27.6371 0.0743704
235.625 27.7424 0.0728503
235.785 27.7145 0.0726005
235.591 27.6603 0.0730215
235.625 27.6998 0.0730096
235.638 27.6825 0.0711319
235.685 27.6412 0.0714858
235.722 27.6224 0.0743539
235.672 27.7351 0.0687107
235.81 27.6676 0.0687869
235.531 27.5999 0.0709344
235.535 27.6374 0.0707822
235.722 27.6021 0.0713822
235.732 27.5776 0.0718908
235.497 27.6339 0.0726408
235.713 27.558 0.0719521
235.633 27.5536 0.0715408
235.712 27.6663 0.0712294
235.77 27.6668 0.0726789
235.664 27.6276 0.0689522
235.66 27.6801 0.0730261
235.672 27.6338 0.0745418
235.882 27.5948 0.0699983
235.618 27.6613 0.0712913
235.702 27.5404 0.0711292
235.712 27.575 0.0725554
235.59 27.601 0.0704602
235.663 27.6098 0.0689023
235.74 27.5992 0.0700158
235.724 27.6074 0.0716692
235.643 27.6285 0.0704117
235.633 27.6473 0.0726379
235.747 27.6932 0.0738039
235.7 27.6522 0.0714369
235.679 27.5656 0.0717707
235.594 27.6398 0.0682498
235.726 27.6524 0.0750272
235.676 27.5955 0.0727587
235.721 27.6466 0.074233
235.547 27.5753 0.0740199
235.681 27.6526 0.0687631
235.639 27.7187 0.0712017
235.663 27.6471 0.0689332
235.631 27.6755 0.076666
235.784 27.6529 0.0697722
235.61 27.6373 0.070716
235.798 27.6096 0.0711529
235.615 27.6077 0.0732908
235.633 27.6864 0.0726929
235.607 27.7025 0.0690244
235.535 27.6178 0.0705799
235.581 27.6334 0.0727528
235.633 27.5796 0.0735386
235.689 27.6248 0.0724343
235.645 27.6783 0.0717962
235.643 27.5367 0.0715209
235.609 27.6483 0.0751366
235.544 27.5935 0.0743802
235.729 27.7488 0.0715233
235.72 27.7705 0.0705488
235.669 27.5912 0.0694129
235.658 27.5667 0.0720602
235.638 27.5222 0.0752172
235.676 27.6393 0.0726942
235.702 27.6756 0.071233
235.676 27.7596 0.0749004
235.616 27.7432 0.0704316
235.73 27.643 0.0719649
235.639 27.8063 0.0746664
235.795 27.6454 0.0690221
235.641 27.5851 0.0720985
235.727 27.6203 0.0697039
235.718 27.6137 0.0725851
235.584 27.5497 0.0713496
235.72 27.5998 0.0709585
235.727 27.6571 0.071458
235.589 27.5742 0.0691178
235.568 27.6614 0.0683194
235.657 27.7273 0.0710152
235.592 27.5234 0.073574
235.607 27.5642 0.0740543
235.602 27.6737 0.0721195
235.537 27.6045 0.0738361
235.603 27.6175 0.0711507
235.595 27.6075 0.0740317
235.628 27.6234 0.0703978
235.644 27.5686 0.0721628
235.792 27.621 0.0740244
235.633 27.6716 0.0733018
235.509 27.6355 0.0669207
235.658 27.6068 0.0741724
235.686 27.5182 0.0728894
235.663 27.6855 0.073017
235.74 27.6412 0.0700994
235.754 27.6563 0.0716194
235.742 27.5312 0.0725928
235.778 27.6344 0.0712052
235.729 27.7604 0.0716102
235.593 27.6266 0.071763
235.588 27.7076 0.0732395
235.624 27.6368 0.0718121
235.608 27.7123 0.0732773
235.679 27.5747 0.0694182
235.705 27.6764 0.0701765
235.659 27.6451 0.0703025
235.58 27.5904 0.0732379
235.68 27.7874 0.0712771
235.611 27.603 0.0748714
235.62 27.6931 0.0725701
235.575 27.6778 0.0711813
235.592 27.7454 0.0721783
235.645 27.6171 0.0757219
235.664 27.6993 0.0717613
235.656 27.6975 0.0706925
235.688 27.718 0.0713111
235.654 27.6544 0.0722703
235.639 27.5676 0.0756943
235.725 27.7896 0.0732548
235.602 27.6308 0.0713069
235.612 27.6221 0.0729064
235.736 27.6642 0.0724328
235.642 27.651 0.0713333
235.643 27.6476 0.0724096
235.702 27.7755 0.0752364
235.725 27.5706 0.0693344
235.585 27.6702 0.0721773
235.83 27.6305 0.072876
235.66 27.5852 0.0715506
235.701 27.6365 0.0695586
235.661 27.5506 0.0698547
235.709 27.6142 0.0715283
235.707 27.7599 0.0695982
235.651 27.6166 0.0715588
235.665 27.6578 0.0715583
235.666 27.5638 0.0708504
235.556 27.6052 0.074099
235.551 27.5794 0.074404
235.731 27.6485 0.0682216
235.668 27.7548 0.0742042
235.749 27.7529 0.0728077
235.645 27.6661 0.0720763
235.994 29.6241 0.0720177
235.779 27.6152 0.0729643
235.591 27.6933 0.0674767
235.575 27.6541 0.0669228
235.632 27.7772 0.0690499
235.773 27.5584 0.0731216
235.661 27.5492 0.0709727
235.712 27.6633 0.0709326
235.638 27.6726 0.0732425
235.661 27.6111 0.0728526
235.674 27.6046 0.0722226
235.67 27.6611 0.0715887
235.727 27.6553 0.0734108
235.654 27.5472 0.0726934
235.661 27.7275 0.0759178
235.71 27.7844 0.0695543
235.768 27.6401 0.073822
235.554 27.624 0.0734734
235.674 27.7131 0.0743037
235.641 27.6271 0.0721793
235.593 27.6811 0.0715152
235.64 27.5183 0.0713252
235.644 27.6021 0.0747901
235.632 27.6225 0.0747545
235.648 27.5909 0.0750439
235.716 27.6629 0.0714819
235.653 27.5658 0.0690413
235.815 27.768 0.0709206
235.705 27.6605 0.0713538
235.69 27.5685 0.0712604
235.69 27.6206 0.0712892
235.668 27.6378 0.0713462
235.728 27.6879 0.0723013
235.613 27.6499 0.0730676
235.678 27.6976 0.0681382
235.768 27.6809 0.0722462
235.68 27.8077 0.0710496
235.664 27.6296 0.0759071
235.675 27.6409 0.0721493
235.587 27.6845 0.0746992
235.595 27.5994 0.0721594
235.667 27.6847 0.0722939
235.737 27.6549 0.0699539
235.667 27.6738 0.0720316
235.643 27.5017 0.0705689
235.659 27.6028 0.0694373
235.621 27.6134 0.0701892
235.659 27.6648 0.0759805
235.853 27.6279 0.0711294
235.708 27.6092 0.0693738
235.638 27.6993 0.0700543
235.706 27.6587 0.0699886
235.734 27.5964 0.0732645
235.727 27.6382 0.0705632
235.66 27.6222 0.0702156
235.524 27.7545 0.073391
235.686 27.5643 0.0739694
235.655 27.5952 0.0724761
235.658 27.7217 0.0694667
235.623 27.6878 0.0696565
235.624 27.7153 0.0703643
235.611 27.6931 0.0713273
235.658 27.723 0.0714012
235.712 27.5966 0.0719452
235.654 27.6582 0.0721031
235.682 27.6528 0.071376
235.645 27.6348 0.0705142
235.709 27.699 0.0709465
235.654 27.6759 0.0724353
235.766 27.6029 0.0702682
235.614 27.7124 0.0729426
235.661 27.6177 0.0674861
235.593 27.7122 0.0751829
235.684 27.6962 0.0750003
235.65 27.6077 0.0705984
235.612 27.6643 0.0737526
235.737 27.5468 0.0730574
235.717 27.6344 0.0748294
235.724 27.6533 0.0704322
235.69 27.6834 0.0735671
235.622 27.6495 0.0725537
235.661 27.5773 0.073699
235.719 27.6023 0.0729749
235.676 27.7184 0.0715873
235.716 27.6588 0.0717094
235.64 27.6651 0.0730096
235.671 27.6918 0.067947
235.628 27.6905 0.0735743
235.624 27.6267 0.073014
235.716 27.6474 0.0746081
235.639 27.6343 0.0700001
235.646 27.6601 0.0713686
235.622 27.6615 0.0692857
235.617 27.6469 0.0716721
235.75 27.6873 0.0728373
235.708 27.6893 0.071611
235.712 27.6739 0.0694152
235.719 27.6734 0.0708042
235.702 27.7175 0.0695721
235.633 27.6256 0.0723598
235.556 27.7741 0.0730416
235.739 27.6735 0.0752775
235.64 27.6476 0.0700757
235.61 27.5711 0.072366
235.647 27.6192 0.074206
235.635 27.6817 0.0715522
235.619 27.6493 0.0694066
235.682 27.6458 0.0683009
235.723 27.7025 0.0710495
235.68 27.6889 0.0711312
235.623 27.7191 0.0720143
235.755 27.5463 0.0695022
235.656 27.5838 0.0709498
235.597 27.6114 0.0715014
235.59 27.6089 0.0726122
235.619 27.7943 0.0717492
235.683 27.4807 0.07383
235.651 27.7221 0.0715284
235.625 27.6953 0.072234
235.667 27.7169 0.0705593
235.625 27.7103 0.0712665
235.596 27.654 0.0719298
235.572 27.7249 0.0709056
235.608 27.7112 0.0710371
235.741 27.6548 0.0729043
235.674 27.5493 0.0719051
235.62 27.5629 0.0723228
235.645 27.5373 0.07146
235.605 27.6087 0.07054
235.584 27.5942 0.0710932
235.705 27.5489 0.0719921
235.684 27.6587 0.0727991
235.677 27.6445 0.072234
235.652 27.6535 0.0688858
235.637 27.6832 0.0748272
235.631 27.5196 0.0719269
235.678 27.6391 0.0721667
235.721 27.6224 0.0717151
235.725 27.5866 0.0703209
235.587 27.6694 0.0719812
235.567 27.6444 0.0747444
235.657 27.6479 0.0726368
235.73 27.7075 0.0726307
235.705 27.6677 0.073106
235.666 27.6902 0.0750204
235.599 27.6827 0.0711307
235.64 27.6003 0.0723451
235.649 27.7797 0.0741737
235.602 27.6049 0.073946
235.701 27.6669 0.0738473
235.686 27.6039 0.0737587
235.768 27.572 0.0686067
235.763 27.7221 0.0700559
235.621 27.7037 0.0692509
235.642 27.6741 0.0717713
235.803 27.6623 0.0683227
235.774 27.6308 0.074054
235.779 27.5222 0.0732446
235.599 27.6759 0.0720783
235.674 27.7015 0.0719177
235.734 27.5989 0.072083
235.679 27.603 0.0729642
235.703 27.6017 0.0727206
235.602 27.6558 0.0735809
235.611 27.6655 0.0727317
235.698 27.6131 0.0761268
235.74 27.7095 0.0752621
235.634 27.6561 0.0698345
235.655 27.64 0.0727603
235.729 27.7679 0.0728409
235.581 27.656 0.0714828
235.664 27.6146 0.0689535
235.693 27.5419 0.0703604
235.718 27.6271 0.0707261
235.68 27.5888 0.0707
235.696 27.5759 0.0712536
235.566 27.7043 0.0715617
235.671 27.622 0.0731685
235.623 27.7586 0.073236
235.721 27.6263 0.0747975
235.653 27.6707 0.0695526
235.583 27.66 0.0706993
235.703 27.7187 0.0707694
235.741 27.5607 0.0716309
235.622 27.7378 0.0725453
235.602 27.6785 0.0744683
235.798 27.672 0.0697803
235.789 27.6723 0.0735438
235.592 27.5624 0.0723058
235.661 27.5374 0.0738044
235.676 27.549 0.0735244
235.708 27.6649 0.0689838
235.612 27.638 0.070712
235.626 27.4911 0.0719338
235.668 27.6879 0.0687315
235.79 27.632 0.07441
235.719 27.6291 0.0697168
235.729 27.6021 0.0706915
235.627 27.645 0.0723352
235.658 27.6962 0.0734649
235.602 27.684 0.0734512
235.664 27.655 0.0703389
235.651 27.7103 0.0705508
235.659 27.619 0.0737644
235.655 27.7036 0.0746283
235.67 27.6577 0.074225
235.64 27.706 0.0695973
235.731 27.6102 0.072716
235.682 27.6141 0.0702649
235.646 27.699 0.0687538
235.799 27.634 0.0751193
235.611 27.7298 0.0731722
235.569 27.737 0.0728233
235.614 27.7426 0.0709208
235.653 27.6228 0.0733517
235.588 27.7151 0.0752541
235.655 27.6212 0.0719803
235.582 27.6667 0.0739638
235.623 27.6049 0.0698325
235.687 27.7576 0.0703508
235.567 27.7249 0.0734785
235.625 27.6505 0.0693938
235.592 27.6499 0.0731855
235.753 27.6331 0.0712739
235.769 27.7103 0.0737189
235.693 27.6139 0.0744177
235.684 27.6485 0.0731263
235.617 27.6579 0.0727156
235.573 27.5547 0.0741908
235.585 27.5836 0.074231
235.612 27.6404 0.0759992
235.605 27.5849 0.0730191
235.64 27.5707 0.071337
235.671 27.6778 0.0724967
235.608 27.6866 0.0722539
235.642 27.7446 0.0718392
235.708 27.6905 0.0710455
235.65 27.6562 0.0724856
235.72 27.6924 0.0718816
235.575 27.7285 0.0712244
235.583 27.5959 0.0723854
235.572 27.5739 0.0724354
235.699 27.7162 0.0726109
235.752 27.6502 0.068224
235.732 27.5833 0.0725383
235.571 27.7346 0.0725577
235.675 27.6398 0.0707548
235.649 27.5768 0.0737459
235.61 27.542 0.0701939
235.595 27.5945 0.0730404
235.662 27.6866 0.072031
235.617 27.632 0.0682838
235.663 27.6079 0.0741573
235.553 27.5832 0.0752724
235.73 27.5911 0.071333
235.605 27.5918 0.0709325
235.703 27.6135 0.0707874
235.629 27.6032 0.0718665
235.606 27.8133 0.0718534
235.67 27.6606 0.0731805
235.603 27.5873 0.072876
235.604 27.5578 0.0718875
235.579 27.738 0.0717468
235.665 27.7709 0.0717137
235.642 27.679 0.0724662
235.642 27.6622 0.071467
235.554 27.7105 0.069697
235.608 27.6982 0.0712722
235.665 27.5704 0.0718178
235.696 27.576 0.0710152
235.56 27.6565 0.0715084
235.664 27.6636 0.0742305
235.618 27.6387 0.0704088
235.705 27.6682 0.0720999
235.649 27.6596 0.0737225
235.592 27.6518 0.0735617
235.553 27.6185 0.0700975
235.683 27.7215 0.0719457
235.667 27.6482 0.0730374
235.776 27.7282 0.0738844
235.636 27.6571 0.0719896
235.688 27.6857 0.0714442
235.605 27.6614 0.066673
235.644 27.5902 0.0697854
235.663 27.5415 0.07195
235.645 27.6068 0.0715021
235.657 27.6371 0.0697541
235.624 27.7512 0.0695791
235.782 27.6904 0.0707599
235.68 27.694 0.0700604
235.691 27.6841 0.0724935
235.592 27.597 0.0735764
235.605 27.6957 0.076396
235.745 27.52 0.0739527
235.64 27.6965 0.0737176
235.769 27.5797 0.0746325
235.604 27.6351 0.0707518
235.689 27.7889 0.0686863
235.632 27.7632 0.0682593
235.687 27.6952 0.0741097
235.743 27.5242 0.070093
235.625 27.6716 0.07129
235.651 27.6639 0.0725385
235.74 27.7413 0.0704026
235.726 27.7095 0.0682588
235.68 27.5929 0.0693566
235.769 27.7069 0.0697675
235.674 27.6249 0.0710748
235.656 27.6414 0.0701958
235.757 27.5166 0.0727559
235.738 27.5761 0.0738949
235.669 27.7048 0.0730474
235.663 27.7194 0.0692425
235.639 27.6777 0.0699074
235.565 27.8331 0.0732281
235.675 27.671 0.0737428
235.595 27.6956 0.0735536
235.622 27.6807 0.0736542
235.635 27.5249 0.072258
235.623 27.568 0.0729318
235.723 27.6013 0.0731741
235.682 27.6556 0.07392
235.686 27.662 0.0712751
235.684 27.6214 0.0758213
235.616 27.6036 0.0694271
235.684 27.6874 0.0707779
235.651 27.6809 0.0728036
235.734 27.6293 0.0717717
235.702 27.6701 0.0698995
235.659 27.7052 0.0703871
235.585 27.6989 0.0709643
235.628 27.7179 0.0736873
235.676 27.7569 0.0679552
235.678 27.6665 0.0706818
235.626 27.6521 0.0665028
235.68 27.6933 0.0708388
235.699 27.6339 0.0770888
235.682 27.6265 0.0723913
235.625 27.7044 0.0720707
235.695 27.6789 0.0731425
235.593 27.5908 0.069861
235.765 27.6321 0.0692229
235.666 27.5911 0.0727791
235.638 27.5745 0.0737875
235.67 27.6692 0.0770099
235.633 27.6448 0.0693587
235.54 27.6561 0.0748024
235.79 27.6961 0.0722615
235.795 27.6806 0.0727484
235.75 27.6287 0.070233
235.754 27.6465 0.0699193
235.688 27.5593 0.0760172
235.725 27.643 0.0726764
235.691 27.6711 0.0735364
235.571 27.6367 0.0756937
235.694 27.6037 0.0702446
235.604 27.6583 0.0710593
235.654 27.6242 0.0723325
235.65 27.5639 0.072286
235.739 27.5659 0.0713882
235.74 27.7033 0.0747389
235.619 27.6672 0.0693272
235.652 27.6585 0.0700566
235.555 27.7119 0.073111
235.662 27.5613 0.0748416
235.702 27.661 0.0711414
235.738 27.6181 0.0704837
235.645 27.5634 0.0730943
235.633 27.6736 0.0690187
235.642 27.6782 0.0710739
235.673 27.637 0.0719101
235.607 27.572 0.072688
235.726 27.6157 0.0683453
235.646 27.5616 0.0681362
235.668 27.6598 0.068561
235.658 27.63 0.0675982
235.663 27.7249 0.0696228
235.614 27.6708 0.074129
235.651 27.6423 0.0720349
235.669 27.7086 0.0715174
235.604 27.5797 0.070116
235.553 27.549 0.0719645
235.739 27.7126 0.0685567
235.647 27.7007 0.0738804
235.725 27.6549 0.071469
235.704 27.519 0.0720302
235.613 27.58 0.0725745
235.644 27.6481 0.0730552
235.671 27.7244 0.0700669
235.687 27.6831 0.0677545
235.68 27.6433 0.0732142
235.715 27.6207 0.070679
235.616 27.771 0.0716953
235.643 27.5694 0.0720693
235.692 27.604 0.0709738
235.656 27.6081 0.0753129
235.741 27.7262 0.0700063
235.695 27.6152 0.0748456
235.672 27.6926 0.0716939
235.6 27.6191 0.0718748
235.729 27.5396 0.0709337
235.642 27.5226 0.0737608
235.591 27.7088 0.0740673
235.72 27.5878 0.0697283
235.572 27.6422 0.0741331
235.718 27.6601 0.0701885
235.728 27.6253 0.0727226
235.739 27.692 0.0735479
235.561 27.5885 0.068665
235.639 27.6197 0.0694615
235.707 27.6809 0.0714121
235.623 27.7129 0.0706358
235.657 27.6354 0.0701011
235.613 27.616 0.0700521
235.696 27.589 0.0738466
235.691 27.6142 0.0718817
235.79 27.6514 0.0713597
235.617 27.6985 0.0690361
235.778 27.6682 0.0681301
235.64 27.6755 0.0738584
235.695 27.637 0.0706988
235.757 27.7142 0.0701132
235.739 27.7107 0.0688506
235.737 27.4903 0.0735272
235.606 27.544 0.0750077
235.665 27.6072 0.0718703
235.644 27.6169 0.0753286
235.622 27.6609 0.07218
235.69 27.7592 0.0710935
235.699 27.6213 0.0739942
235.715 27.5597 0.0692276
235.576 27.6321 0.0713095
235.64 27.6741 0.0710705
235.752 27.5479 0.0753791
235.643 27.5454 0.0718863
235.618 27.6066 0.0727709
235.675 27.6686 0.0724876
235.601 27.5664 0.0744778
235.65 27.7189 0.0699459
235.628 27.6746 0.0703194
235.679 27.7062 0.0730221
235.728 27.6655 0.0725875
235.71 27.6514 0.0755285
235.667 27.6285 0.070587
235.689 27.6618 0.0726905
235.684 27.5499 0.068545
235.617 27.5822 0.069657
235.687 27.6222 0.0705375
235.616 27.6472 0.0716838
235.643 27.6562 0.0707095
235.724 27.6821 0.0728145
235.685 27.5429 0.071148
235.704 27.5409 0.0713161
235.717 27.6235 0.072758
235.679 27.6433 0.074854
235.576 27.7684 0.0732946
235.717 27.6699 0.0725469
235.702 27.6184 0.0730502
235.544 27.6626 0.0740431
235.736 27.6895 0.0748332
235.658 27.6224 0.074437
235.801 27.6337 0.0713246
235.629 27.6231 0.0707814
235.699 27.5664 0.074031
235.567 27.7491 0.0727691
235.606 27.7324 0.0703151
235.678 27.6739 0.0725293
235.693 27.6344 0.0719573
235.73 27.6282 0.0711666
235.621 27.7306 0.0706332
235.709 27.5762 0.0726928
235.609 27.6435 0.0730726
235.697 27.5957 0.0703637
235.644 27.5443 0.070082
235.7 27.6534 0.0674221
235.63 27.6928 0.0699175
235.685 27.6911 0.0716592
235.64 27.6803 0.0728156
235.68 27.757 0.0719322
235.734 27.664 0.0729069
235.646 27.6565 0.0690643
235.793 27.7023 0.0682509
235.665 27.6238 0.0706418
235.58 27.6847 0.073334
235.607 27.6603 0.0726823
235.63 27.6647 0.0728996
235.621 27.6881 0.0723285
235.668 27.6597 0.0698984
235.734 27.6275 0.0717008
235.708 27.7001 0.0718966
235.727 27.7188 0.0710698
235.625 27.5507 0.0735911
235.653 27.6588 0.0685301
235.708 27.712 0.0747407
235.71 27.6216 0.0751718
235.735 27.5963 0.0749616
235.677 27.6609 0.0704572
235.665 27.6635 0.0743774
235.641 27.6732 0.0709241
235.708 27.7036 0.0749373
233.347 34.0108 0.08563
235.532 27.683 0.073902
235.692 27.6678 0.0745293
235.703 27.6635 0.0739111
235.702 27.7222 0.0736609
235.724 27.6548 0.0700786
235.708 27.7086 0.0700306
235.758 27.6848 0.0729123
235.612 27.7697 0.073138
235.648 27.598 0.0718787
235.666 27.6811 0.0721002
235.7 27.664 0.0698046
235.699 27.6512 0.0695689
235.618 27.6583 0.0731865
235.577 27.711 0.072974
235.677 27.6657 0.0724769
235.604 27.6762 0.0725335
235.729 27.7614 0.0716793
235.597 27.6976 0.0746049
235.705 27.7282 0.0704131
235.696 27.6943 0.0693503
235.659 27.6305 0.0679173
235.608 27.5674 0.070006
235.858 27.6412 0.0701841
235.647 27.5404 0.0707525
235.677 27.7155 0.0704416
235.679 27.7355 0.0697338
235.661 27.6191 0.0716272
235.647 27.6818 0.0747216
235.607 27.5658 0.0705089
235.703 27.6639 0.0689395
235.54 27.6789 0.0709867
235.619 27.6916 0.0702074
235.658 27.6286 0.0683133
235.673 27.6812 0.0691397
235.718 27.545 0.0710609
235.683 27.6711 0.0703285
235.66 27.6241 0.0693625
235.752 27.6176 0.0726767
235.573 27.6131 0.0733982
235.636 27.5832 0.0732774
235.719 27.7303 0.0713618
235.709 27.6818 0.0722732
235.687 27.5439 0.076308
235.702 27.5381 0.0734888
235.748 27.6742 0.0711793
235.789 27.6475 0.070262
235.626 27.5659 0.0719671
235.642 27.6905 0.0695664
235.652 27.6265 0.0739217
235.603 27.6334 0.0723436
235.666 27.6213 0.071719
235.623 27.6155 0.0735925
235.673 27.6426 0.0716967
235.569 27.6453 0.0725235
235.604 27.7659 0.0713343
235.632 27.6619 0.0705231
235.659 27.6039 0.0676024
235.674 27.6607 0.0695136
235.731 27.5714 0.0701535
235.718 27.5587 0.0713932
235.604 27.5697 0.0699678
235.578 27.5204 0.0708504
235.646 27.6469 0.0749108
235.652 27.6254 0.0709881
235.689 27.6641 0.0716298
235.719 27.5985 0.0700611
235.635 27.6094 0.071366
235.73 27.7268 0.0750094
235.707 27.7152 0.0725345
235.674 27.6178 0.0716762
235.709 27.6588 0.0734226
235.689 27.632 0.0692673
235.691 27.603 0.070138
235.672 27.6275 0.0713327
235.68 27.5846 0.0702914
235.573 27.6337 0.0728753
235.741 27.5342 0.0715912
235.687 27.6104 0.0702488
235.704 27.6393 0.0754247
235.549 27.7496 0.0702177
235.52 27.6769 0.0707808
235.657 27.6876 0.0702555
235.617 27.6876 0.0702636
235.7 27.6276 0.0757308
235.72 27.626 0.0754548
235.676 27.7371 0.0685624
235.662 27.5983 0.070989
235.692 27.6456 0.0710106
235.56 27.6567 0.0684208
235.634 27.6552 0.0723454
235.68 27.6295 0.0729979
235.694 27.5848 0.073025
235.717 27.6365 0.0709402
235.592 27.5333 0.0702796
235.683 27.625 0.0710511
235.602 27.6439 0.07074
235.625 27.5869 0.0711011
235.643 27.5901 0.0746933
235.648 27.6028 0.0776791
235.57 27.6313 0.0731856
235.6 27.6324 0.0708614
235.716 27.5892 0.0684451
235.683 27.6034 0.0710725
235.587 27.6659 0.0763074
235.652 27.6786 0.0742126
235.629 27.6925 0.0727372
235.758 27.591 0.0709883
235.667 27.589 0.0723362
235.796 27.7005 0.0693971
235.635 27.6931 0.0739223
235.589 27.6821 0.0743405
235.655 27.656 0.0725341
235.703 27.6992 0.0713201
235.609 27.6527 0.0749016
235.684 27.6733 0.0731425
235.58 27.6073 0.0708671
235.581 27.6157 0.0705409
235.707 27.731 0.0722887
235.661 27.6023 0.0720051
235.656 27.5757 0.0736772
235.78 27.7216 0.0684918
235.581 27.552 0.072072
235.624 27.7673 0.0712426
235.637 27.6629 0.0722269
235.649 27.6343 0.0730988
235.803 27.5902 0.0707478
235.655 27.6732 0.0697185
235.77 27.7846 0.0688634
235.734 27.632 0.0699624
235.753 27.6175 0.0725443
235.634 27.621 0.0737496
235.678 27.6712 0.0738135
235.495 27.6861 0.074309
235.815 27.543 0.0712808
235.753 27.599 0.0725614
235.592 27.5578 0.0754926
235.619 27.6437 0.0727753
235.593 27.697 0.0717792
235.657 27.7392 0.0733587
235.601 27.7023 0.0694933
235.666 27.6054 0.0700711
235.744 27.6314 0.074638
235.782 27.7051 0.072957
235.554 27.6333 0.0727283
235.688 27.7063 0.0720826
235.645 27.6602 0.0732907
235.678 27.6189 0.0754942
235.657 27.6866 0.0708459
235.699 27.7441 0.070516
235.628 27.647 0.069875
235.643 27.6122 0.0737192
235.752 27.6044 0.0736439
235.622 27.4715 0.071679
235.616 27.6368 0.0706373
235.644 27.6723 0.0722043
235.622 27.613 0.0744195
235.684 27.7099 0.0703237
235.695 27.6866 0.0713694
235.64 27.7043 0.0732715
235.613 27.665 0.0752265
235.617 27.659 0.0739078
235.712 27.6787 0.0717968
235.666 27.6432 0.0733337
235.578 27.5482 0.0715757
235.688 27.6108 0.0738009
235.623 27.6576 0.070785
235.597 27.7021 0.0707854
235.496 27.6799 0.0722913
235.661 27.6348 0.0679313
235.667 27.6936 0.0700652
235.776 27.578 0.0690698
235.63 27.6093 0.0721876
235.636 27.7118 0.0674805
235.558 27.5518 0.0699164
235.513 27.676 0.0731295
235.741 27.6383 0.0724552
235.624 27.7134 0.0720966
235.699 27.6539 0.0739471
235.733 27.6421 0.072413
235.641 27.5271 0.0726435
235.688 27.6579 0.0688737
235.583 27.6558 0.0736779
235.63 27.6038 0.0721119
235.633 27.6343 0.0724005
235.682 27.7134 0.0707031
235.593 27.6193 0.0705876
235.613 27.6833 0.0700969
235.693 27.5777 0.0712656
235.645 27.5961 0.0711137
235.626 27.5216 0.0708879
235.637 27.5999 0.0739681
235.616 27.6801 0.0762993
235.73 27.5793 0.0761716
235.671 27.5905 0.069992
235.759 27.5842 0.0677375
235.658 27.681 0.0675327
235.639 27.7724 0.0733162
235.671 27.8032 0.0712936
235.688 27.6034 0.0702754
235.713 27.6168 0.0719769
235.712 27.6543 0.071026
235.672 27.6212 0.0729163
235.637 27.7564 0.0698547
235.651 27.5867 0.0719582
235.639 27.6236 0.0748384
235.789 27.6821 0.0690354
235.794 27.6731 0.0688837
235.586 27.7302 0.0725512
235.626 27.6484 0.0734161
235.675 27.5409 0.072943
235.676 27.713 0.0713384
235.721 27.6093 0.0762492
235.631 27.673 0.0714345
235.627 27.479 0.0711677
235.619 27.4815 0.0732293
235.678 27.6606 0.0699943
235.555 27.6191 0.0672933
235.702 27.6295 0.0698473
235.667 27.6286 0.0746153
235.728 27.6088 0.0721632
235.616 27.6456 0.0733587
235.577 27.5937 0.0705804
235.703 27.6143 0.0716212
235.741 27.7142 0.0710593
235.691 27.5592 0.0712953
235.726 27.7023 0.0710823
235.527 27.6004 0.07313
235.672 27.684 0.0725411
235.573 27.6355 0.072386
235.744 27.5783 0.0695619
235.681 27.6056 0.068991
235.555 27.6325 0.0757622
235.603 27.7359 0.072139
235.734 27.6791 0.0707725
235.766 27.6848 0.0678361
235.641 27.7224 0.0734442
235.753 27.6486 0.0729677
235.64 27.7528 0.0712011
235.576 27.6325 0.0718238
235.61 27.6657 0.0711732
235.625 27.7046 0.0737898
235.691 27.6503 0.0717759
235.624 27.6758 0.075099
235.693 27.6822 0.0724249
235.624 27.8064 0.0706055
235.654 27.6226 0.072545
235.605 27.6659 0.0727899
235.793 27.6562 0.0713037
235.762 27.6132 0.0712791
235.688 27.6076 0.0746405
235.666 27.7131 0.0693823
235.676 27.6584 0.0715165
235.732 27.6884 0.0706357
235.67 27.7064 0.0727867
235.59 27.7101 0.0731154
235.71 27.5611 0.0715845
235.696 27.6544 0.071806
235.655 27.6113 0.072986
235.547 27.6418 0.0717831
235.55 27.6485 0.0748314
235.658 27.7364 0.0703156
235.641 27.7414 0.0724996
235.715 27.7394 0.0729998
235.622 27.6027 0.077391
235.594 27.6861 0.0703178
235.643 27.6794 0.0718417
235.636 27.5895 0.0716493
235.63 27.631 0.0721209
235.687 27.6254 0.0746059
235.678 27.6314 0.0697239
235.719 27.5918 0.0721602
235.661 27.6649 0.0741626
235.655 27.6453 0.0735782
235.663 27.6479 0.0704085
235.591 27.6788 0.0724851
235.601 27.676 0.0731767
235.646 27.7633 0.0728898
235.681 27.7058 0.0715359
235.677 27.6708 0.0677436
235.749 27.6135 0.0732162
235.631 27.6439 0.0701584
235.62 27.6871 0.0711194
235.658 27.5676 0.0715123
235.618 27.6936 0.0704862
235.671 27.6469 0.0699282
235.722 27.7205 0.0710976
235.686 27.626 0.0718833
235.611 27.7013 0.0753122
235.552 27.4928 0.0739988
235.682 27.722 0.071137
235.574 27.7123 0.0686883
235.586 27.7641 0.0724053
235.521 27.6246 0.0714976
235.646 27.6233 0.0679575
235.682 27.6787 0.0670768
235.694 27.7 0.0655423
235.769 27.5497 0.0686596
235.648 27.6734 0.0711986
235.713 27.7083 0.0727511
235.567 27.6376 0.0731372
235.636 27.5942 0.070747
235.578 27.5825 0.0725677
235.53 27.6678 0.0729434
235.636 27.6866 0.0761016
235.678 27.7001 0.0713371
235.617 27.5023 0.0714199
235.627 27.635 0.0729774
235.721 27.6206 0.0740913
235.769 27.6924 0.0704542
235.763 27.7449 0.069809
235.713 27.5954 0.070806
235.624 27.6197 0.0741093
235.627 27.615 0.0714188
235.643 27.6716 0.0745526
235.602 27.6498 0.0716969
235.677 27.5996 0.0711475
235.706 27.5583 0.0714964
235.655 27.5587 0.0689712
235.582 27.6774 0.0730145
235.583 27.5622 0.0724091
235.722 27.6191 0.071735
235.637 27.5785 0.0716902
235.744 27.6666 0.0731508
235.674 27.658 0.0703857
235.764 27.7773 0.0699545
235.646 27.6 0.071758
235.624 27.6353 0.0768567
235.601 27.6121 0.0722116
235.617 27.7227 0.0689886
235.7 27.7462 0.0684082
235.682 27.6238 0.0723878
235.576 27.5694 0.0733168
235.704 27.7087 0.0687837
235.521 27.6568 0.0723905
235.668 27.6933 0.0705456
235.6 27.7559 0.0712308
235.586 27.6154 0.0693828
235.694 27.6103 0.0716139
235.707 27.7046 0.0721032
235.623 27.5395 0.0722275
235.707 27.6658 0.0697769
235.685 27.7111 0.0712238
235.596 27.5864 0.0733957
235.624 27.6619 0.070692
235.517 27.6966 0.0739347
235.703 27.6992 0.0726719
235.677 27.5996 0.0731644
235.643 27.5931 0.0710329
235.659 27.782 0.0707782
235.615 27.713 0.0713886
235.604 27.6009 0.0713141
235.738 27.5307 0.0691367
235.608 27.6669 0.0719268
235.603 27.7536 0.072646
235.769 27.6025 0.075659
235.659 27.6618 0.0748526
235.591 27.6806 0.0722085
235.636 27.633 0.0713254
235.64 27.5705 0.076383
235.591 27.7491 0.0709105
235.786 27.7141 0.0718939
235.717 27.6478 0.0718323
235.68 27.7523 0.069055
235.625 27.5747 0.0739895
235.56 27.5039 0.0722435
235.666 27.6036 0.0717907
235.64 27.6152 0.0750458
235.673 27.6866 0.0711045
235.649 27.6448 0.0700166
235.605 27.5972 0.0721744
235.549 27.643 0.0724297
235.754 27.6557 0.0718398
235.641 27.5966 0.0749701
235.722 27.6696 0.0739767
235.746 27.7391 0.072894
235.723 27.6692 0.0733335
235.56 27.6467 0.0740837
235.613 27.4918 0.0763396
235.718 27.6153 0.0757097
235.599 27.5199 0.0761109
235.583 27.6452 0.0757553
235.773 27.634 0.0738284
235.644 27.6095 0.0723669
235.506 27.7041 0.0722141
235.619 27.6859 0.0695749
235.639 27.5958 0.0702716
235.664 27.6199 0.0722645
235.604 27.6775 0.0708642
235.759 27.6502 0.07032
235.662 27.6741 0.0717226
235.712 27.7459 0.0690152
235.554 27.6453 0.0738589
235.679 27.6114 0.0719081
235.715 27.5485 0.0683063
235.601 27.623 0.0733692
235.649 27.7168 0.0728315
235.791 27.755 0.0710637
235.689 27.6664 0.067984
235.585 27.5854 0.0740664
235.67 27.6522 0.070271
235.712 27.5756 0.0749142
235.643 27.5613 0.0715269
235.603 27.6827 0.069852
235.64 27.5881 0.0699459
235.601 27.6885 0.0737672
235.638 27.7176 0.0741279
235.523 27.4972 0.0738723
235.712 27.6377 0.0696143
235.623 27.5547 0.0708841
235.525 27.5828 0.0741935
235.619 27.5249 0.0720662
235.707 27.589 0.0723131
235.673 27.6625 0.0736341
235.65 27.6939 0.0707577
235.611 27.6848 0.0711728
235.521 27.6358 0.0724324
235.664 27.6877 0.0711179
235.702 27.7037 0.0688067
235.714 27.625 0.0730227
235.652 27.7245 0.0707773
235.722 27.7797 0.0718474
235.664 27.6707 0.0685269
235.575 27.6025 0.0715864
235.638 27.7367 0.0725907
235.716 27.6108 0.0724575
235.638 27.5065 0.0744913
235.652 27.7569 0.0730342
235.704 27.7048 0.0712168
235.705 27.5834 0.0742092
235.712 27.592 0.0690423
235.595 27.5492 0.0732534
235.687 27.5879 0.0733663
235.645 27.6548 0.0757916
235.66 27.6805 0.0728295
235.691 27.5866 0.0726951
235.745 27.6543 0.0742967
235.656 27.6864 0.07172
235.694 27.6813 0.0700845
235.692 27.7266 0.071744
235.702 27.5501 0.0679456
235.696 27.5512 0.0716676
235.688 27.6545 0.07137
235.669 27.6274 0.071413
235.627 27.614 0.0704357
235.66 27.5646 0.071162
235.712 27.6591 0.070635
235.711 27.682 0.0694316
235.628 27.6301 0.0745107
235.632 27.6503 0.075803
235.694 27.5978 0.0726553
235.624 27.7436 0.0699134
235.727 27.5582 0.0688331
235.62 27.5741 0.0747707
235.723 27.6458 0.0750564
235.748 27.759 0.0725938
235.634 27.7387 0.0702086
235.635 27.7489 0.0672593
235.75 27.581 0.0712134
235.586 27.7538 0.0718764
235.738 27.7121 0.0700849
235.553 27.7161 0.0707619
235.612 27.6138 0.0740056
235.506 27.7251 0.0725177
235.67 27.6227 0.0758851
235.644 27.7045 0.0720693
235.55 27.6034 0.0728335
235.679 27.5912 0.0742673
235.678 27.6533 0.0695587
235.68 27.595 0.070553
235.744 27.6239 0.0715009
235.604 27.645 0.0691595
235.637 27.7263 0.0673599
235.683 27.6109 0.0724495
235.63 27.6325 0.0713483
235.701 27.6347 0.070121
235.657 27.7447 0.0723101
235.567 27.5575 0.0724785
235.682 27.5863 0.0712991
235.711 27.5868 0.0714537
235.727 27.637 0.0742802
235.685 27.658 0.0743668
235.538 27.5561 0.0751374
235.574 27.592 0.0715163
235.65 27.7115 0.0720171
235.548 27.6605 0.0729272
235.717 27.5726 0.0695655
235.689 27.7628 0.0722687
235.566 27.5246 0.0747049
235.619 27.8255 0.0732891
235.645 27.5847 0.0710047
235.726 27.7402 0.072904
235.786 27.6677 0.073025
235.531 27.5465 0.07222
235.652 27.6784 0.073066
235.509 27.6515 0.0724476
235.694 27.6699 0.0720576
235.713 27.6011 0.0709964
235.635 27.6792 0.0734106
235.582 27.6694 0.073008
234.966 20.85 0.0376895
235.728 27.5967 0.0719383
235.641 27.6437 0.072724
235.713 27.715 0.0704835
235.616 27.4824 0.0728997
235.762 27.6533 0.0738642
235.673 27.7611 0.0710376
235.671 27.5405 0.0702103
235.711 27.6331 0.072246
235.67 27.6507 0.0716535
235.825 27.6218 0.0708693
235.763 27.6693 0.0671302
235.753 27.6942 0.0722645
235.736 27.6516 0.0709054
235.615 27.6481 0.071263
235.758 27.7332 0.0720945
235.687 27.541 0.0733643
235.702 27.683 0.0712602
235.679 27.5927 0.0697664
235.614 27.6893 0.0719185
235.703 27.7094 0.0699511
235.626 27.6258 0.0716872
235.641 27.723 0.0717953
235.646 27.6172 0.0714516
235.699 27.5467 0.0680327
235.688 27.7489 0.0715288
235.694 27.6216 0.0708677
235.668 27.7215 0.072402
235.613 27.7677 0.072285
235.618 27.5525 0.0729641
235.51 27.6706 0.0726707
235.657 27.5966 0.0738085
235.684 27.6892 0.0718029
235.767 27.6379 0.0729683
235.742 27.7678 0.069622
235.576 27.6382 0.0758567
235.743 27.6799 0.0728328
235.64 27.6522 0.0720163
235.723 27.6117 0.0739684
235.652 27.6751 0.0724726
235.776 27.6668 0.0724749
235.631 27.6957 0.0735641
235.583 27.6818 0.0744118
235.635 27.6969 0.0727573
235.562 27.7 0.0706777
235.656 27.6529 0.0717419
235.713 27.6026 0.0716888
235.676 27.6663 0.071884
235.563 27.5188 0.0733338
235.796 27.7062 0.0723088
235.619 27.5889 0.0749056
235.603 27.6692 0.0716827
235.72 27.7045 0.0714394
235.731 27.6353 0.0706304
235.567 27.7263 0.0731547
235.68 27.6205 0.0709417
235.759 27.6256 0.0691974
235.684 27.7064 0.0722947
235.622 27.6131 0.0738643
235.646 27.634 0.0704974
235.567 27.6561 0.0708529
235.698 27.5743 0.0713095
235.701 27.5199 0.070212
235.547 27.6989 0.0714395
235.486 27.548 0.0760643
235.574 27.5732 0.074229
235.502 27.6321 0.0748389
235.765 27.5576 0.0683969
235.722 27.5467 0.0694421
235.646 27.6746 0.0727877
235.622 27.6078 0.0751752
235.718 27.6525 0.0714575
235.703 27.6508 0.0734167
235.645 27.5834 0.0748669
235.678 27.748 0.0705171
235.654 27.7026 0.0718275
235.689 27.6917 0.0717486
235.7 27.7031 0.0738546
235.742 27.6768 0.072848
235.736 27.6584 0.0715911
235.686 27.6745 0.0696916
235.721 27.6167 0.0734612
235.831 27.7875 0.0705703
235.684 27.6121 0.072893
235.746 27.7832 0.068943
235.654 27.6358 0.0704225
235.693 27.6808 0.0725734
235.784 27.5789 0.07234
235.677 27.5391 0.0734545
235.772 27.6623 0.0693647
235.649 27.6777 0.0728908
235.702 27.6544 0.0722591
235.665 27.6877 0.0748993
235.642 27.6535 0.0728652
235.572 27.6094 0.0731087
235.685 27.6796 0.0698996
235.628 27.6849 0.0708677
235.669 27.7036 0.0710751
235.634 27.5017 0.0666425
235.725 27.568 0.0682135
235.662 27.7345 0.0705972
235.709 27.6103 0.073089
235.666 27.6396 0.070817
235.776 27.653 0.0712334
235.69 27.7402 0.070944
235.706 27.5731 0.0722151
235.532 27.6331 0.0712403
235.56 27.5803 0.0699446
235.615 27.7526 0.0721379
235.711 27.7676 0.0726224
235.717 27.6961 0.0713396
235.62 27.6322 0.0705853
235.619 27.6178 0.0718497
235.603 27.6597 0.071094
235.572 27.6462 0.071364
235.64 27.6007 0.0721045
235.506 27.6666 0.0737775
235.793 27.6535 0.0733551
235.787 27.618 0.0691645
235.619 27.7037 0.072687
235.628 27.6482 0.0721705
235.568 27.5749 0.0716649
235.614 27.5564 0.0716907
235.673 27.6489 0.0727298
235.667 27.6898 0.0722769
235.552 27.6316 0.07192
235.748 27.616 0.0743728
235.684 27.7217 0.0698701
235.631 27.5713 0.073257
235.741 27.6485 0.0763103
235.744 27.6523 0.0707742
235.754 27.5824 0.0681446
235.597 27.5741 0.0723549
235.607 27.6524 0.0735292
235.566 27.6915 0.0727378
235.604 27.6666 0.0720643
235.649 27.6616 0.0728232
235.669 27.5822 0.0678296
235.643 27.6044 0.0699035
235.715 27.6688 0.0716405
235.663 27.6016 0.0713049
235.738 27.6515 0.0715036
235.736 27.677 0.0690399
235.704 27.5961 0.0743696
235.632 27.6883 0.0709225
235.72 27.616 0.0680778
235.643 27.6637 0.0723295
235.692 27.7524 0.0742307
235.616 27.6394 0.0683609
235.65 27.5878 0.0703416
235.681 27.6479 0.0729323
235.659 27.6489 0.0751368
235.709 27.7213 0.0702273
235.648 27.6778 0.0735644
235.683 27.6485 0.0728339
235.652 27.7037 0.0694312
235.661 27.6136 0.0707311
235.615 27.6668 0.0711402
235.737 27.6181 0.0713886
235.694 27.6714 0.0697314
235.766 27.6759 0.0698906
235.59 27.6297 0.073662
235.592 27.5691 0.0724322
235.661 27.706 0.0704174
235.713 27.6954 0.0719714
235.697 27.6018 0.0687121
235.726 27.6665 0.0712118
235.694 27.7044 0.0730681
235.65 27.6566 0.073179
235.628 27.5384 0.0717442
235.716 27.6896 0.0690339
235.72 27.5937 0.0715115
235.648 27.6505 0.0726505
235.726 27.6111 0.0752257
235.621 27.5696 0.0716311
235.617 27.7073 0.0721653
235.692 27.5848 0.0745782
235.689 27.5504 0.0730228
235.683 27.7034 0.075448
235.562 27.6676 0.076914
235.766 27.6216 0.0711422
235.604 27.6011 0.0719448
235.733 27.7121 0.0714523
235.69 27.6515 0.069185
235.656 27.6498 0.0741603
235.714 27.5841 0.0739931
235.618 27.6133 0.0742187
235.54 27.6275 0.0727475
235.622 27.6696 0.0724743
235.557 27.6845 0.0712968
235.704 27.6104 0.0723732
235.527 27.5901 0.0733696
235.633 27.7302 0.0734363
235.641 27.6195 0.0726458
235.699 27.6783 0.0725091
235.858 27.6765 0.0704859
235.652 27.6908 0.0721657
235.743 27.6945 0.0731138
235.696 27.6274 0.0712552
235.634 27.5909 0.0713758
235.672 27.6038 0.070689
235.645 27.6532 0.0738023
235.761 27.6435 0.0707803
235.734 27.6205 0.0745139
235.632 27.602 0.0736071
235.582 27.6142 0.0728012
235.664 27.6487 0.0705444
235.701 27.5858 0.0727972
235.697 27.6896 0.0694652
235.526 27.7405 0.0731753
235.659 27.5786 0.074277
235.699 27.6754 0.0708432
235.772 27.682 0.0698622
235.699 27.7154 0.0727535
235.723 27.691 0.0708318
235.702 27.6275 0.0722105
235.704 27.7231 0.0729174
235.692 27.6111 0.071291
235.745 27.619 0.0692788
235.624 27.5976 0.0741665
235.728 27.6605 0.0728111
235.634 27.6448 0.0712573
235.53 27.6605 0.0676712
235.698 27.7333 0.0715743
235.678 27.595 0.073597
235.661 27.63 0.071286
235.73 27.6981 0.0720136
235.69 27.7485 0.0714791
235.74 27.6325 0.0704133
235.693 27.554 0.070324
235.595 27.7068 0.0720351
235.696 27.6085 0.0736076
235.653 27.6227 0.0728373
235.695 27.679 0.0770126
235.617 27.7202 0.0723611
235.568 27.6887 0.0708054
235.7 27.6382 0.0696787
235.621 27.6659 0.0715693
235.618 27.6907 0.0697945
235.57 27.6223 0.0763395
235.722 27.6956 0.0715718
235.686 27.6633 0.0722946
235.634 27.668 0.0726719
235.692 27.6211 0.0737447
235.677 27.739 0.070171
235.724 27.6519 0.0731596
235.655 27.555 0.0739277
235.505 27.6049 0.0698304
235.514 27.6369 0.0700399
235.683 27.6365 0.0711379
235.587 27.6097 0.0721492
235.647 27.6877 0.0710373
235.643 27.6244 0.0725286
235.668 27.6554 0.0725979
235.507 27.6331 0.0723376
235.721 27.6679 0.0734142
235.545 27.6573 0.0729171
235.582 27.5766 0.0741282
235.545 27.6171 0.0720627
235.566 27.6665 0.0710359
235.586 27.58 0.0723284
235.61 27.6273 0.0717045
235.656 27.6637 0.0712592
235.636 27.6135 0.0707933
235.646 27.6727 0.0693978
235.698 27.7244 0.0727631
235.641 27.5399 0.073224
235.609 27.6029 0.073165
235.558 27.6529 0.0749568
235.672 27.7106 0.0692115
235.591 27.5131 0.0738162
235.567 27.6984 0.0741302
235.647 27.667 0.0755049
235.62 27.6482 0.0715598
235.557 27.6416 0.0721826
235.601 27.6051 0.0737904
235.59 27.7001 0.0720645
235.64 27.6426 0.0705073
235.786 27.6547 0.0686249
235.605 27.6883 0.0722975
235.642 27.7318 0.0728538
235.66 27.6972 0.0744236
235.705 27.6754 0.0714327
235.682 27.6265 0.0685665
235.715 27.5925 0.0685451
235.595 27.6622 0.0732843
235.642 27.5816 0.0737019
235.696 27.5619 0.0679569
235.688 27.6947 0.0736947
235.659 27.5776 0.0709563
235.712 27.6465 0.072894
235.738 27.7233 0.0692314
235.648 27.6695 0.0706867
235.739 27.7556 0.0715244
235.724 27.6804 0.0704977
235.695 27.6196 0.071806
235.652 27.6434 0.0713025
235.719 27.6857 0.0712722
235.62 27.5619 0.0748298
235.74 27.6455 0.0710753
235.663 27.6907 0.0703207
235.625 27.6329 0.0713779
235.714 27.7217 0.069304
235.718 27.7773 0.0729261
235.717 27.6895 0.0713513
235.628 27.5623 0.0711579
235.719 27.7243 0.0707992
235.722 27.6787 0.0707499
235.643 27.5657 0.0718258
235.733 27.6022 0.0709419
235.628 27.6748 0.0716463
235.647 27.7432 0.0727497
235.649 27.5471 0.0719121
235.599 27.598 0.0724245
235.55 27.6393 0.072819
235.691 27.6789 0.0714756
235.635 27.5286 0.0721824
235.649 27.6449 0.0693366
235.601 27.6434 0.0726791
235.566 27.6422 0.0739842
235.656 27.609 0.0730299
235.696 27.566 0.0726948
235.608 27.7152 0.0727993
235.73 27.6317 0.0721765
235.692 27.575 0.0747492
235.624 27.6206 0.0720561
235.598 27.6766 0.0736901
235.591 27.7321 0.071346
235.626 27.6704 0.0727171
235.71 27.6584 0.0712895
235.689 27.7113 0.070552
235.729 27.5749 0.0711779
235.716 27.6884 0.0708061
235.689 27.6952 0.070789
235.682 27.5749 0.0741692
235.624 27.5849 0.0729221
235.595 27.6663 0.0715026
235.624 27.6112 0.0753261
235.718 27.6688 0.0703267
235.697 27.6764 0.0704409
235.668 27.6755 0.0700234
235.663 27.6053 0.073774
235.659 27.7251 0.0728219
235.647 27.6393 0.0692691
235.707 27.6207 0.0732946
235.67 27.6799 0.0731477
235.776 27.6279 0.0731843
235.631 27.6257 0.0735221
235.728 27.5572 0.0694125
235.616 27.6472 0.0719789
235.687 27.6223 0.0737624
235.535 27.6796 0.0732996
235.757 27.6867 0.0708266
235.58 27.7509 0.072627
235.745 27.7501 0.0709067
235.748 27.7027 0.072087
235.643 27.7275 0.0722669
235.61 27.6268 0.0755541
235.726 27.7773 0.0717939
235.692 27.6428 0.0711577
235.708 27.6391 0.0695463
235.736 27.7161 0.0720789
235.731 27.6056 0.0712288
235.71 27.675 0.0692882
235.64 27.6757 0.069027
235.682 27.6694 0.0768192
235.743 27.5801 0.0725644
235.7 27.5743 0.0701031
235.606 27.6135 0.0729715
235.734 27.7255 0.0719624
235.685 27.5812 0.0705182
235.666 27.5765 0.0710211
235.662 27.504 0.0703533
235.66 27.6631 0.0708991
235.711 27.6677 0.0719264
235.621 27.6492 0.0736364
235.606 27.667 0.0721321
235.598 27.6998 0.0708643
235.53 27.6072 0.0740691
235.652 27.7268 0.0713733
235.604 27.556 0.0685711
235.756 27.6543 0.0696505
235.602 27.6467 0.070458
235.684 27.6506 0.0698376
235.756 27.627 0.0718238
235.716 27.5936 0.0718817
235.701 27.5881 0.0739542
235.716 27.7496 0.0725998
235.675 27.6667 0.0679079
235.735 27.558 0.0735392
235.654 27.7144 0.0690861
235.641 27.6784 0.0682687
235.662 27.692 0.07142
235.565 27.5951 0.0712131
235.676 27.6656 0.0700893
235.608 27.6487 0.0727272
235.579 27.6775 0.0718992
235.545 27.7168 0.0736672
235.645 27.6063 0.0756377
235.689 27.6459 0.07234
235.593 27.5539 0.0730992
235.605 27.564 0.0730828
235.761 27.6773 0.0714533
235.58 27.6136 0.0710951
235.577 27.5404 0.0723714
235.593 27.6213 0.0706162
235.547 27.6171 0.070396
235.623 27.6787 0.069893
235.761 27.6025 0.0726419
235.558 27.566 0.0738802
235.653 27.5937 0.0723225
235.62 27.6298 0.0731369
235.684 27.7304 0.0695743
235.653 27.6121 0.0730724
235.655 27.5767 0.0695614
235.722 27.6415 0.0688544
235.555 27.6219 0.0720692
235.625 27.6154 0.0736003
235.694 27.638 0.0740345
235.626 27.686 0.0711487
235.663 27.6455 0.0707601
235.667 27.6284 0.0726924
235.798 27.6765 0.0708982
235.67 27.6558 0.0711993
235.693 27.6693 0.0705237
235.646 27.6216 0.0704184
235.702 27.6329 0.067497
235.66 27.6219 0.0727402
235.601 27.5849 0.0733054
235.633 27.5543 0.073958
235.747 27.7285 0.0697808
235.698 27.6025 0.0725722
235.621 27.7537 0.0744445
235.661 27.6971 0.06976
235.706 27.6225 0.0727418
235.641 27.6475 0.0711732
235.586 27.6736 0.0711918
235.701 27.5288 0.0715809
235.69 27.6277 0.0739354
235.717 27.6631 0.0731004
235.634 27.5901 0.0752727
235.648 27.5613 0.0733619
235.617 27.593 0.0704441
235.612 27.5595 0.0718266
235.668 27.7139 0.0690024
235.786 27.7369 0.0733718
235.686 27.6462 0.068916
235.686 27.6894 0.0718179
235.619 27.6448 0.0743908
235.624 27.6455 0.0744503
235.652 27.6555 0.0709249
235.616 27.5966 0.0724118
235.679 27.6739 0.0711632
235.684 27.625 0.070026
235.745 27.6565 0.0719407
235.619 27.7123 0.0708603
235.731 27.7355 0.0707771
235.724 27.6083 0.0736982
235.635 27.7126 0.072831
235.672 27.6946 0.0705164
235.565 27.6764 0.0727056
235.626 27.7202 0.0746946
235.626 27.6362 0.0715814
235.61 27.6141 0.0735452
235.696 27.6014 0.0743878
235.741 27.6374 0.0705204
235.74 27.681 0.0697714
235.761 27.645 0.0725218
235.731 27.5933 0.0734557
235.66 27.6522 0.0704396
235.711 27.6241 0.0715574
235.61 27.6445 0.0739969
235.613 27.6738 0.0695711
235.608 27.6875 0.0709454
235.611 27.6234 0.0731591
235.655 27.6309 0.074579
235.625 27.6477 0.0706116
235.63 27.7631 0.071707
235.709 27.8262 0.0722773
235.659 27.6345 0.0729788
235.699 27.6407 0.0731325
235.728 27.5341 0.0679983
235.764 27.5463 0.0672956
235.662 27.6765 0.0690609
235.653 27.6649 0.0714771
235.619 27.7218 0.0693418
235.621 27.8058 0.0715228
235.632 27.5562 0.0694563
235.631 27.6285 0.0734683
235.712 27.5954 0.0696133
235.652 27.4954 0.0711254
235.663 27.4648 0.0731003
235.812 27.5831 0.0723311
235.553 27.6831 0.0721833
235.558 27.6935 0.0744644
235.765 27.5704 0.0700697
235.573 27.647 0.072976
235.731 27.6578 0.0743436
235.62 27.696 0.0717143
235.728 27.6957 0.0725338
234.972 26.8487 0.0540231
