-32.046 -81.4623 2.27641
-32.0834 -81.3906 2.27587
-32.1256 -81.3207 2.27315
-32.0425 -81.3804 2.2764
-31.9553 -81.3611 2.27666
-32.1442 -81.4054 2.27778
-32.1469 -81.2896 2.2761
-32.1373 -81.3001 2.27833
-32.0812 -81.3709 2.27763
-32.0292 -81.3979 2.27733
-32.029 -81.3964 2.27706
-32.0325 -81.4431 2.27352
-32.1135 -81.4032 2.27502
-31.9359 -81.3472 2.27728
-32.0409 -81.2911 2.27834
-32.0515 -81.3695 2.27888
-31.9998 -81.4124 2.27917
-32.0084 -81.5456 2.27875
-32.0445 -81.3806 2.27697
-32.0247 -81.507 2.27441
-32.1148 -81.3122 2.27309
-32.04 -81.3357 2.27664
-32.038 -81.4011 2.27537
-32.0999 -81.4992 2.2791
-32.0178 -81.4052 2.27918
-31.9958 -81.4429 2.27602
-32.0436 -81.3967 2.27787
-31.9276 -81.2854 2.27817
-31.9351 -81.2888 2.27833
-32.0763 -81.312 2.27765
-31.9312 -81.3746 2.27645
-32.0121 -81.4038 2.27793
-32.2353 -81.3599 2.2758
-32.0082 -81.4285 2.27956
-32.0128 -81.4228 2.27964
-31.9292 -81.4345 2.27556
-32.0246 -81.3873 2.2776
-31.9922 -81.348 2.27691
-32.0485 -81.4218 2.2785
-32.1203 -81.332 2.27485
-32.0594 -81.4714 2.28142
-31.9712 -81.3578 2.27458
-31.9848 -81.4269 2.27658
-31.9732 -81.3466 2.27753
-32.1138 -81.3526 2.27754
-32.084 -81.3842 2.27448
-32.0626 -81.4192 2.2779
-32.0545 -81.3983 2.27669
-31.9848 -81.3584 2.27753
-32.0094 -81.4219 2.2747
-32.0906 -81.3943 2.27527
-32.0716 -81.429 2.27609
-31.9724 -81.4157 2.27844
-32.0441 -81.3777 2.27643
-31.9594 -81.3592 2.27685
-32.0997 -81.3751 2.27481
-32.0992 -81.325 2.27376
-32.1446 -81.4064 2.2776
-31.9443 -81.3514 2.27763
-32.0788 -81.4465 2.27601
-32.0921 -81.4352 2.27644
-32.0953 -81.3747 2.27488
-32.0304 -81.4386 2.27322
-31.9775 -81.3456 2.27431
-32.0752 -81.4276 2.27681
-31.9357 -81.3423 2.27725
-31.9711 -81.3735 2.27602
-32.0666 -81.5069 2.27624
-31.9453 -81.4759 2.27733
-31.952 -81.4768 2.27732
-32.0828 -81.3476 2.27533
-32.0356 -81.4981 2.27965
-32.0378 -81.5023 2.27966
-32.0399 -81.3334 2.27643
-32.0378 -81.3898 2.27526
-32.1221 -81.3182 2.27807
-32.0515 -81.4016 2.27695
-32.2072 -81.2963 2.27675
-31.9931 -81.4321 2.27613
-32.1525 -81.402 2.2753
-31.9414 -81.4361 2.27751
-31.9606 -81.4796 2.27799
-31.9319 -81.2878 2.27823
-32.0774 -81.4682 2.27665
-31.9342 -81.3687 2.27652
-32.0053 -81.4067 2.27791
-32.0059 -81.4035 2.27793
-32.1182 -81.3378 2.2753
-32.0237 -81.4823 2.27964
-31.9298 -81.4376 2.27548
-31.9896 -81.3529 2.2769
-32.08 -81.4058 2.27771
-32.0412 -81.3771 2.27736
-32.0568 -81.4708 2.28137
-31.9716 -81.4902 2.27485
-31.9806 -81.4332 2.27644
-32.2137 -81.4246 2.2772
-32.045 -81.4282 2.27645
-32.0646 -81.4227 2.27802
-32.1121 -81.3361 2.27754
-32.1356 -81.37 2.27633
-32.0198 -81.3451 2.27422
-31.9937 -81.3623 2.27542
-32.0743 -81.4292 2.276
-31.9745 -81.419 2.27842
-31.9981 -81.3433 2.27516
-32.1508 -81.4479 2.27656
-32.0687 -81.4907 2.27891
-32.0922 -81.4334 2.27626
-32.1338 -81.4638 2.27491
-32.0312 -81.3985 2.27725
-32.1592 -81.4347 2.2758
-31.9761 -81.3727 2.27605
-32.0946 -81.3935 2.2735
-31.9984 -81.4102 2.27926
-32.1072 -81.322 2.2759
-32.1363 -81.4714 2.2765
-32.0761 -81.3698 2.27539
-32.0573 -81.3885 2.27319
-32.0047 -81.432 2.2764
-32.0948 -81.3651 2.2778
-32.0491 -81.3977 2.27783
-32.1377 -81.4543 2.27821
-31.9319 -81.2809 2.27826
-31.8826 -81.3767 2.27496
-32.0803 -81.3125 2.27756
-32.0644 -81.4227 2.27567
-32.0179 -81.399 2.27913
-32.1323 -81.3556 2.27385
-32.1191 -81.3402 2.2751
-32.071 -81.4204 2.27536
-32.1197 -81.488 2.27785
-32.0207 -81.3693 2.27579
-31.9897 -81.4313 2.27488
-32.0624 -81.3167 2.27363
-32.0271 -81.3934 2.27764
-31.9914 -81.3478 2.27697
-32.0389 -81.3726 2.27363
-32.0165 -81.4021 2.27546
-32.0503 -81.3796 2.27725
-32.061 -81.4758 2.28127
-31.9672 -81.4028 2.27571
-32.0795 -81.4321 2.27578
-31.9704 -81.4167 2.27869
-31.9757 -81.3497 2.27777
-32.1972 -81.4227 2.27789
-32.0416 -81.3889 2.27849
-32.0523 -81.4249 2.27673
-32.1249 -81.4318 2.2772
-31.986 -81.3566 2.27757
-31.9949 -81.3685 2.27555
-32.052 -81.4594 2.27632
-32.0505 -81.458 2.27633
-32.1027 -81.547 2.27601
-31.9733 -81.4127 2.27846
-32.0595 -81.4086 2.27427
-31.953 -81.3671 2.27671
-32.1369 -81.3563 2.27777
-32.0876 -81.4435 2.27799
-32.0975 -81.3752 2.27475
-32.0417 -81.4437 2.27801
-31.9411 -81.3522 2.27762
-32.151 -81.2942 2.27622
-32.0911 -81.457 2.275
-32.0882 -81.347 2.27653
-31.9768 -81.3408 2.27429
-32.0764 -81.3795 2.27387
-31.9415 -81.3425 2.2773
-31.9413 -81.3472 2.27734
-32.0433 -81.3746 2.27876
-31.953 -81.4749 2.27748
-32.0049 -81.5229 2.27676
-32.1089 -81.4487 2.27575
-32.0389 -81.3972 2.27521
-32.1214 -81.3206 2.27822
-32.0577 -81.3964 2.27289
-31.9932 -81.4335 2.27651
-32.032 -81.3461 2.27657
-32.0569 -81.4799 2.2792
-32.044 -81.399 2.27785
-31.9623 -81.4792 2.27795
-31.9354 -81.2886 2.27838
-31.9322 -81.2883 2.2782
-31.9285 -81.2886 2.27818
-32.0804 -81.3142 2.2774
-31.9345 -81.3759 2.27673
-32.0219 -81.399 2.27925
-32.1762 -81.3824 2.27461
-32.0058 -81.4237 2.27949
-31.9277 -81.4351 2.27533
-31.988 -81.3461 2.27676
-31.9897 -81.3459 2.27684
-32.0112 -81.4765 2.27867
-32.0729 -81.3673 2.27453
-32.1264 -81.4812 2.27308
-31.9737 -81.4237 2.27906
-31.98 -81.3476 2.27764
-32.2177 -81.437 2.27671
-32.0403 -81.3837 2.27447
-32.009 -81.4066 2.27514
-32.0511 -81.4073 2.27677
-31.9825 -81.3591 2.27758
-32.0099 -81.4192 2.2749
-32.0689 -81.4304 2.27617
-32.1258 -81.3226 2.27318
-32.0403 -81.3837 2.27645
-32.0339 -81.3763 2.2767
-31.9951 -81.3445 2.27523
-32.0928 -81.3595 2.27924
-31.9438 -81.3536 2.27749
-31.9386 -81.3487 2.27769
-32.1452 -81.2914 2.27636
-32.0658 -81.3505 2.27222
-32.099 -81.3356 2.27839
-31.9794 -81.3458 2.27432
-32.1329 -81.4092 2.27705
-32.0828 -81.3807 2.27768
-31.9687 -81.3744 2.27606
-32.0461 -81.2847 2.27832
-32.0714 -81.4844 2.2764
-32.19 -81.4275 2.27976
-31.9926 -81.4118 2.27907
-32.1819 -81.3585 2.27516
-32.0387 -81.5011 2.27976
-31.9577 -81.4534 2.27339
-31.9925 -81.4378 2.27674
-32.0474 -81.5431 2.27841
-32.1397 -81.4088 2.27436
-32.0458 -81.4017 2.27794
-32.0625 -81.384 2.28064
-31.9325 -81.2831 2.27828
-31.8822 -81.3789 2.27499
-32.1274 -81.331 2.27509
-32.0061 -81.4065 2.27146
-32.1277 -81.4024 2.2779
-32.0948 -81.3597 2.27348
-31.9951 -81.429 2.27482
-32.1025 -81.3538 2.27555
-32.0464 -81.4814 2.27699
-32.1231 -81.3457 2.27489
-32.1203 -81.3533 2.27494
-32.1068 -81.4374 2.28018
-32.1213 -81.3207 2.27613
-31.9683 -81.3538 2.27437
-31.987 -81.4347 2.27658
-31.9819 -81.3431 2.27743
-32.0521 -81.3421 2.27407
-32.0516 -81.3915 2.2785
-32.0849 -81.3826 2.27444
-32.0468 -81.4252 2.27644
-32.1098 -81.3343 2.27746
-32.2034 -81.4148 2.27705
-32.0148 -81.4929 2.27409
-31.981 -81.3545 2.27751
-31.9831 -81.3614 2.27755
-31.931 -81.4868 2.27789
-31.9737 -81.4699 2.27672
-31.9739 -81.4172 2.27845
-31.9915 -81.3413 2.27529
-31.9554 -81.3554 2.27688
-31.958 -81.3621 2.27686
-31.9647 -81.4272 2.2767
-32.1008 -81.3817 2.27475
-31.9403 -81.3553 2.27757
-32.0512 -81.5035 2.27764
-32.064 -81.4352 2.27567
-32.0798 -81.3687 2.27768
-32.0882 -81.3737 2.27484
-31.9654 -81.4208 2.27613
-32.0445 -81.4111 2.27657
-32.0754 -81.4294 2.27607
-31.9382 -81.3443 2.27727
-32.1548 -81.3178 2.27495
-32.1098 -81.3805 2.27255
-31.9975 -81.4858 2.27764
-32.0452 -81.3801 2.27699
-32.1795 -81.3528 2.27506
-32.0887 -81.3431 2.27539
-32.0779 -81.4219 2.27779
-32.0599 -81.3909 2.27329
-32.015 -81.4021 2.27904
-32.0953 -81.3619 2.27797
-31.993 -81.4445 2.2759
-32.0421 -81.402 2.27803
-32.0531 -81.3793 2.28071
-31.927 -81.29 2.27841
-31.9324 -81.2894 2.27825
-31.9334 -81.2929 2.27831
-31.8808 -81.3788 2.27514
-31.934 -81.371 2.27664
-32.009 -81.408 2.2779
-32.0857 -81.3368 2.27613
-32.2312 -81.3558 2.27607
-32.1165 -81.3438 2.27515
-32.0735 -81.4185 2.27532
-32.0117 -81.4287 2.27955
-32.0049 -81.4229 2.27964
-32.1377 -81.4432 2.27699
-31.9919 -81.4896 2.27717
-32.0237 -81.3908 2.27746
-32.0757 -81.4071 2.27799
-31.9997 -81.4776 2.2787
-32.0188 -81.4059 2.27516
-32.1065 -81.4336 2.28002
-31.9645 -81.4192 2.27875
-32.0558 -81.4467 2.27908
-31.9542 -81.4168 2.27516
-32.1159 -81.4075 2.27744
-32.0484 -81.4253 2.27678
-32.1126 -81.3362 2.27734
-32.0503 -81.3915 2.27663
-32.0179 -81.3485 2.27412
-31.9842 -81.3601 2.2775
-31.9884 -81.3605 2.27536
-32.1456 -81.3263 2.27668
-31.9759 -81.4715 2.27663
-31.9729 -81.412 2.27834
-31.9741 -81.4111 2.27846
-32.1274 -81.5003 2.27627
-31.9561 -81.3604 2.27698
-32.0881 -81.355 2.27903
-32.1472 -81.4066 2.27779
-32.1431 -81.2989 2.27611
-32.0931 -81.4284 2.27639
-32.1152 -81.3528 2.27607
-32.0267 -81.3968 2.27723
-32.1177 -81.4671 2.27835
-32.0526 -81.4067 2.27647
-32.0801 -81.3874 2.27789
-32.0764 -81.4822 2.27669
-32.1088 -81.3744 2.27507
-32.1801 -81.3773 2.27409
-31.9986 -81.4111 2.27932
-31.9513 -81.4757 2.27745
-32.0422 -81.4784 2.28021
-32.036 -81.3351 2.27656
-32.107 -81.4522 2.27583
-32.1256 -81.3204 2.27795
-32.0391 -81.3529 2.27703
-31.9921 -81.4313 2.27658
-31.9913 -81.437 2.27644
-32.0392 -81.5408 2.27821
-32.0456 -81.4037 2.27786
-31.9329 -81.2891 2.27817
-31.9358 -81.2883 2.27813
-32.0816 -81.3165 2.27752
-31.933 -81.3696 2.27655
-32.0052 -81.4056 2.27785
-32.0949 -81.4689 2.27971
-32.0544 -81.4533 2.27744
-31.9944 -81.4262 2.27475
-32.0727 -81.3182 2.27359
-32.0648 -81.3171 2.27363
-31.9894 -81.3435 2.27686
-32.0045 -81.4797 2.27859
-32.0707 -81.3648 2.2743
-32.0604 -81.4715 2.28128
-31.9767 -81.4852 2.27853
-31.9616 -81.4052 2.2757
-32.1636 -81.3424 2.27918
-32.0537 -81.3361 2.27402
-32.0739 -81.4321 2.27523
-32.0406 -81.3846 2.27453
-32.0568 -81.529 2.28054
-32.0505 -81.5321 2.28031
-31.9776 -81.3657 2.27765
-32.0937 -81.3888 2.27537
-32.0732 -81.444 2.27638
-32.095 -81.4799 2.27931
-31.9578 -81.4134 2.27668
-32.0548 -81.4148 2.27433
-31.9923 -81.3448 2.27544
-32.1364 -81.364 2.27765
-32.1426 -81.3153 2.27568
-32.1151 -81.352 2.27607
-32.0914 -81.4355 2.2764
-32.1169 -81.5131 2.27434
-32.125 -81.5119 2.2742
-32.0628 -81.3504 2.2721
-32.0636 -81.3666 2.27443
-31.9595 -81.4285 2.27618
-31.9404 -81.3498 2.27745
-31.9402 -81.3445 2.27723
-32.0419 -81.2847 2.27821
-32.0595 -81.3752 2.27869
-32.051 -81.4548 2.27877
-32.0101 -81.5482 2.2786
-32.1134 -81.4498 2.27765
-32.0454 -81.4736 2.2804
-32.0438 -81.3323 2.27657
-32.0405 -81.3349 2.27656
-32.0591 -81.4205 2.27712
-32.0349 -81.3967 2.27538
-32.0549 -81.3943 2.27289
-32.0167 -81.4008 2.27909
-32.0232 -81.3523 2.27689
-32.0752 -81.4387 2.28073
-31.9589 -81.4795 2.27817
-31.9343 -81.2897 2.2782
-32.0817 -81.4658 2.27663
-32.0801 -81.3137 2.27747
-32.0598 -81.4262 2.27573
-32.1183 -81.3404 2.27512
-32.0125 -81.4326 2.27958
-32.0733 -81.2959 2.27214
-32.0693 -81.3188 2.2736
-32.0447 -81.4208 2.27862
-32.0741 -81.4844 2.27635
-32.1265 -81.3221 2.27591
-31.9642 -81.352 2.27428
-31.9711 -81.4174 2.27873
-32.0568 -81.4523 2.27903
-32.1655 -81.3364 2.2794
-31.9803 -81.3477 2.27753
-32.0801 -81.4277 2.27539
-32.1422 -81.4785 2.27651
-32.1403 -81.4294 2.27742
-32.0462 -81.3815 2.27449
-32.1581 -81.3563 2.27712
-31.9892 -81.5226 2.2771
-31.9862 -81.3635 2.27745
-32.1421 -81.3233 2.2768
-32.0474 -81.462 2.2764
-32.0757 -81.4272 2.27591
-31.9741 -81.4139 2.27848
-31.9558 -81.4046 2.27662
-32.0404 -81.3861 2.2761
-31.9533 -81.3581 2.27684
-31.9574 -81.3634 2.2766
-32.1821 -81.3265 2.27523
-32.0195 -81.4798 2.27791
-31.9607 -81.4247 2.27677
-31.9625 -81.4239 2.27686
-32.1353 -81.3161 2.27578
-31.9411 -81.3502 2.2776
-32.1329 -81.3024 2.27841
-32.0152 -81.4733 2.2752
-32.1324 -81.3055 2.27575
-32.1308 -81.3052 2.27569
-32.031 -81.3932 2.27734
-32.0321 -81.394 2.27733
-32.1112 -81.47 2.27869
-32.1309 -81.4057 2.27712
-32.0714 -81.3763 2.27382
-31.9748 -81.3747 2.27592
-31.9762 -81.3771 2.27598
-32.0067 -81.554 2.27799
-32.0466 -81.3804 2.27685
-32.1167 -81.4475 2.27749
-32.0365 -81.5028 2.2796
-31.9579 -81.4538 2.27347
-32.045 -81.3828 2.27454
-32.1599 -81.3027 2.27672
-32.0224 -81.3501 2.27685
-32.044 -81.3976 2.27788
-32.0432 -81.5384 2.27385
-31.9319 -81.2837 2.27837
-31.934 -81.2852 2.27814
-31.8836 -81.3791 2.2749
-31.9303 -81.3691 2.27661
-32.0862 -81.343 2.27613
-32.072 -81.3881 2.27272
-32.0068 -81.4297 2.27949
-32.1446 -81.3827 2.27446
-32.0228 -81.3903 2.27752
-32.0226 -81.3853 2.27756
-32.0215 -81.388 2.27739
-32.0265 -81.3865 2.2775
-32.0048 -81.4798 2.27883
-32.1197 -81.3537 2.27471
-32.1256 -81.2803 2.27349
-32.1054 -81.4787 2.27676
-31.9672 -81.4195 2.27881
-31.9663 -81.421 2.27875
-31.979 -81.348 2.27767
-32.0514 -81.3439 2.27416
-32.0535 -81.343 2.27408
-32.1425 -81.2806 2.2757
-32.0495 -81.5245 2.28044
-31.9928 -81.5258 2.27698
-31.9852 -81.3563 2.27744
-31.9848 -81.3594 2.27748
-32.0053 -81.4266 2.27475
-31.9311 -81.4855 2.27786
-32.0688 -81.4436 2.27639
-31.9553 -81.4077 2.27675
-31.9949 -81.3407 2.27548
-32.0181 -81.4802 2.27766
-31.9436 -81.3493 2.27753
-32.1181 -81.3511 2.27604
-32.0766 -81.3708 2.27577
-32.1141 -81.3495 2.27614
-32.1159 -81.4687 2.27829
-31.9992 -81.4953 2.27451
-31.9468 -81.3451 2.27738
-32.045 -81.2874 2.27826
-32.0711 -81.5061 2.27627
-32.1887 -81.4208 2.27972
-32.04 -81.3843 2.27674
-31.6148 -78.8042 2.26591
