36.9636 -76.3463 3.91635
37.0593 -76.334 3.91868
37.0768 -76.4245 3.91944
37.0553 -76.3963 3.9209
36.9955 -76.3293 3.91768
36.9969 -76.3259 3.91768
37.0158 -76.3001 3.91839
37.0973 -76.4236 3.91958
37.105 -76.4202 3.91937
37.0788 -76.351 3.91989
37.0805 -76.3491 3.91806
37.0429 -76.3713 3.91879
36.9612 -76.4674 3.91707
37.137 -76.3045 3.9178
37.1121 -76.4487 3.92225
37.001 -76.2968 3.91746
37.0039 -76.2912 3.91741
37.004 -76.2996 3.91741
37.0688 -76.3403 3.92021
37.0732 -76.4078 3.91805
37.0093 -76.3676 3.91724
37.0256 -76.3188 3.91823
36.9844 -76.465 3.92052
37.0377 -76.3684 3.92049
37.1382 -76.363 3.91563
36.9578 -76.2953 3.91807
37.0581 -76.3457 3.91733
36.9604 -76.3755 3.91491
36.9541 -76.3597 3.91586
37.0527 -76.3213 3.91699
37.0084 -76.3246 3.91652
37.1122 -76.3935 3.91742
37.1137 -76.4268 3.91807
37.0625 -76.3708 3.91965
37.0734 -76.4014 3.9194
37.0782 -76.3518 3.91907
37.0714 -76.3463 3.91763
37.0733 -76.3455 3.91741
37.0651 -76.3524 3.91939
37.1214 -76.3784 3.91798
37.0535 -76.3445 3.91685
37.055 -76.3453 3.91682
37.0088 -76.3864 3.91752
37.0043 -76.3851 3.91757
37.0601 -76.3097 3.91975
37.078 -76.286 3.91992
37.1063 -76.33 3.91888
37.1127 -76.3274 3.9215
37.1221 -76.3776 3.92155
36.9764 -76.3182 3.9189
37.0316 -76.4047 3.91623
37.1083 -76.4359 3.91826
37.1022 -76.448 3.91556
37.0285 -76.3951 3.91921
37.0656 -76.4081 3.91795
37.0581 -76.3533 3.91755
37.1097 -76.4023 3.91826
37.1212 -76.3917 3.91687
37.012 -76.4043 3.91707
36.9681 -76.3774 3.91788
37.0423 -76.2904 3.91887
37.0353 -76.2929 3.91884
37.0588 -76.3803 3.91889
37.0408 -76.3644 3.91762
37.0569 -76.3501 3.91795
37.1168 -76.4595 3.91811
37.0783 -76.2747 3.91893
37.0882 -76.3198 3.91993
37.033 -76.3531 3.91776
37.04 -76.3519 3.91776
37.0621 -76.3783 3.92022
37.0625 -76.3729 3.92036
37.0704 -76.4166 3.91991
37.0814 -76.4854 3.91956
36.9841 -76.3719 3.91807
37.094 -76.4297 3.91637
37.0304 -76.3882 3.91707
37.0269 -76.3918 3.91715
37.1426 -76.3907 3.92037
37.1507 -76.3928 3.92045
37.067 -76.3024 3.91836
37.0633 -76.3087 3.91842
37.0744 -76.2943 3.91946
36.9525 -76.2564 3.91646
37.0716 -76.4172 3.92164
37.1501 -76.4043 3.92066
37.0858 -76.4257 3.91764
37.1021 -76.4004 3.9185
37.0256 -76.3788 3.91559
36.9955 -76.4406 3.91884
36.9779 -76.2785 3.91503
36.9808 -76.3789 3.91854
37.0233 -76.3921 3.9168
37.1195 -76.4065 3.91836
36.9657 -76.4641 3.92001
37.0383 -76.3142 3.92121
37.0602 -76.4131 3.91566
37.0795 -76.4046 3.91765
37.0853 -76.4063 3.91762
36.9601 -76.3643 3.91503
36.9682 -76.3583 3.91498
37.136 -76.3607 3.91842
37.1332 -76.3558 3.91846
37.0801 -76.3321 3.91935
37.1131 -76.3245 3.92026
37.1197 -76.3222 3.92018
37.065 -76.292 3.91634
37.0778 -76.4081 3.91852
37.073 -76.4135 3.91864
37.0995 -76.3865 3.91892
37.005 -76.4659 3.91494
37.0675 -76.426 3.91757
37.1047 -76.4055 3.91762
37.1516 -76.4341 3.91951
37.0434 -76.3853 3.9183
37.0482 -76.3869 3.91854
37.0819 -76.3802 3.9183
37.0467 -76.406 3.91817
37.0599 -76.372 3.91796
37.0206 -76.3759 3.91901
37.0158 -76.3809 3.91892
37.1182 -76.4628 3.92087
37.0365 -76.3266 3.91952
37.0359 -76.3241 3.91944
37.0717 -76.3708 3.91604
37.0644 -76.3545 3.92094
37.1119 -76.4706 3.9163
37.0854 -76.297 3.92007
36.9819 -76.4072 3.91714
37.1356 -76.3993 3.91707
37.1067 -76.4251 3.91909
36.9816 -76.3074 3.9182
37.025 -76.4018 3.919
37.1542 -76.2755 3.91837
37.0518 -76.332 3.92008
37.0083 -76.3742 3.91576
37.0136 -76.3756 3.91576
37.0063 -76.3058 3.91545
37.0264 -76.3034 3.91511
37.1493 -76.3331 3.91948
37.1526 -76.3398 3.9196
37.0493 -76.4321 3.91614
37.0434 -76.4429 3.91714
37.0249 -76.3713 3.91885
37.0147 -76.3116 3.91706
37.1477 -76.3607 3.91834
37.028 -76.2976 3.91766
37.0076 -76.2998 3.9207
37.0389 -76.3353 3.92012
37.0192 -76.3229 3.91762
37.0228 -76.3237 3.91758
37.0931 -76.4392 3.92166
37.0473 -76.36 3.9151
37.05 -76.4012 3.91837
37.1201 -76.3482 3.91866
37.0381 -76.38 3.91578
37.0643 -76.3302 3.91889
37.1633 -76.3862 3.91777
37.1596 -76.4254 3.9181
37.0659 -76.3668 3.91546
37.0638 -76.3644 3.91548
37.0267 -76.3825 3.9161
37.0885 -76.3352 3.91877
37.0705 -76.3872 3.91699
37.0138 -76.3715 3.91564
36.9973 -76.3707 3.91915
36.9975 -76.3674 3.91924
37.0226 -76.4389 3.91722
37.0579 -76.4837 3.91713
36.989 -76.4071 3.91752
37.0764 -76.3846 3.91836
37.0056 -76.4003 3.91712
37.0042 -76.4105 3.91713
37.1208 -76.4088 3.91811
37.0882 -76.4345 3.91925
37.0212 -76.2534 3.92056
36.9346 -76.3517 3.91545
36.9606 -76.3463 3.91627
37.0551 -76.3317 3.91881
37.0817 -76.4246 3.91942
37.0495 -76.3219 3.91673
36.9993 -76.3308 3.91775
36.9942 -76.3298 3.91749
37.0253 -76.3025 3.91837
37.0253 -76.3013 3.91817
37.0083 -76.4775 3.91555
37.0016 -76.4188 3.91854
36.9996 -76.42 3.91832
37.1015 -76.3956 3.91556
37.0982 -76.4209 3.91932
36.9863 -76.295 3.91742
37.0095 -76.3921 3.91601
37.0811 -76.3502 3.91999
37.1443 -76.4444 3.92055
37.0366 -76.371 3.91891
37.0948 -76.3626 3.92138
36.9602 -76.469 3.91711
36.9606 -76.4628 3.91711
37.2054 -76.4796 3.91978
37.0965 -76.3611 3.91816
37.0283 -76.4542 3.9183
37.0658 -76.3348 3.92019
37.0662 -76.3397 3.92044
37.0674 -76.3344 3.92007
37.051 -76.3965 3.91824
37.0017 -76.3664 3.91735
37.0145 -76.3147 3.91841
37.0177 -76.3105 3.9183
37.0177 -76.3841 3.91997
36.9856 -76.3742 3.91873
37.1138 -76.4532 3.91969
36.9517 -76.2963 3.91795
37.0341 -76.3504 3.91991
37.0357 -76.3451 3.91983
37.0321 -76.2844 3.91978
37.0299 -76.2864 3.91973
37.0653 -76.3695 3.91526
37.0422 -76.4239 3.91812
37.0539 -76.3885 3.91913
37.0028 -76.3179 3.91655
37.0842 -76.4337 3.91888
37.0776 -76.4324 3.91881
37.0773 -76.4365 3.91889
37.0666 -76.3692 3.91977
37.0875 -76.3911 3.91737
37.0702 -76.3995 3.91922
37.0726 -76.3421 3.91748
37.0671 -76.3423 3.91742
37.1192 -76.3808 3.9179
36.9709 -76.3886 3.91742
37.0097 -76.3827 3.91746
37.0546 -76.313 3.91976
37.063 -76.4199 3.91761
37.0873 -76.3515 3.91988
37.1275 -76.3764 3.92156
36.9745 -76.3091 3.91889
37.0986 -76.4916 3.91898
37.0854 -76.3693 3.91966
37.1034 -76.4164 3.91927
37.1359 -76.3746 3.91797
37.0229 -76.3952 3.919
37.0615 -76.4104 3.91805
37.1155 -76.4579 3.91925
37.06 -76.3538 3.91761
37.0517 -76.3514 3.91735
37.1049 -76.4015 3.91837
37.1037 -76.4342 3.91948
36.9715 -76.374 3.91773
37.1257 -76.3916 3.91832
37.0433 -76.4598 3.91951
37.0895 -76.3722 3.91719
37.1583 -76.388 3.91989
37.097 -76.4423 3.92056
37.1089 -76.3054 3.91832
37.041 -76.4161 3.92041
37.0741 -76.2706 3.91906
37.0757 -76.2723 3.91887
37.0871 -76.3195 3.92002
37.0358 -76.3538 3.91765
37.0087 -76.2899 3.91902
37.0619 -76.3722 3.92026
37.0689 -76.4744 3.91819
37.0776 -76.3735 3.91617
37.0706 -76.3716 3.916
37.0948 -76.4079 3.91942
37.0805 -76.4024 3.91937
37.0754 -76.4011 3.91924
36.9848 -76.3714 3.91846
37.0484 -76.3423 3.92181
37.0508 -76.3376 3.9216
37.0372 -76.3897 3.91711
37.0451 -76.3069 3.9165
37.0659 -76.3032 3.91845
37.0701 -76.409 3.91874
37.073 -76.4084 3.91887
37.082 -76.4037 3.91749
36.9559 -76.2542 3.91641
37.1125 -76.2773 3.91839
37.0369 -76.3511 3.91745
37.028 -76.3215 3.91763
37.0281 -76.3241 3.91758
37.0268 -76.3788 3.9156
36.9959 -76.437 3.9188
37.1055 -76.3332 3.92156
37.1095 -76.3336 3.92153
37.114 -76.3932 3.92215
37.0218 -76.3944 3.91673
37.0886 -76.4753 3.91861
37.1116 -76.4105 3.91857
37.0099 -76.4361 3.91904
37.0111 -76.4356 3.91893
37.0177 -76.426 3.91517
37.0888 -76.4076 3.91751
37.0016 -76.3918 3.91601
37.0578 -76.3752 3.91626
37.1224 -76.3239 3.92014
37.1159 -76.3207 3.92042
37.067 -76.2934 3.9164
37.0757 -76.4159 3.91892
37.0359 -76.4116 3.92015
37.132 -76.3736 3.92146
37.0475 -76.4022 3.91783
37.0569 -76.358 3.91655
37.1168 -76.484 3.92056
36.9998 -76.4012 3.92005
36.9964 -76.3979 3.91982
37.0945 -76.4046 3.91806
37.0538 -76.3827 3.9184
37.0724 -76.303 3.91493
37.0621 -76.3699 3.91791
36.9344 -76.344 3.91628
37.0198 -76.3728 3.91907
37.1198 -76.4548 3.92078
37.0366 -76.3813 3.91913
37.1979 -76.3469 3.9154
37.1593 -76.4018 3.91791
37.0755 -76.422 3.91824
37.0829 -76.3553 3.91968
37.0839 -76.3567 3.91979
36.9869 -76.3979 3.91711
37.0845 -76.3255 3.91712
36.9387 -76.3497 3.9189
37.1086 -76.4248 3.91917
36.9788 -76.3033 3.91822
37.0269 -76.4004 3.91909
37.024 -76.4001 3.91891
37.0046 -76.3642 3.91677
37.0086 -76.3003 3.91853
37.0315 -76.4179 3.92049
37.0314 -76.4206 3.92052
37.0096 -76.3768 3.91576
37.0564 -76.4707 3.92146
37.0298 -76.3057 3.91509
37.1291 -76.363 3.9197
37.0918 -76.3785 3.92126
37.0382 -76.4341 3.91678
36.9889 -76.3649 3.91935
36.9895 -76.3626 3.91944
37.024 -76.3707 3.91898
37.019 -76.3711 3.91878
37.0191 -76.3083 3.91697
37.1035 -76.4092 3.91855
37.1195 -76.2817 3.92016
37.0193 -76.2895 3.91776
37.0086 -76.2958 3.92066
37.0908 -76.4286 3.91793
37.0421 -76.3456 3.92006
37.0415 -76.3565 3.91884
37.088 -76.4385 3.92156
36.9619 -76.3621 3.91501
36.9659 -76.2938 3.91486
37.0487 -76.409 3.91849
37.0214 -76.465 3.91798
37.059 -76.3294 3.91902
37.1331 -76.3561 3.91809
37.0816 -76.4267 3.91636
37.0785 -76.3644 3.91782
37.0684 -76.3645 3.91513
37.0687 -76.3835 3.91779
37.0903 -76.3915 3.92199
37.0373 -76.4468 3.91667
37.07 -76.3842 3.91712
37.098 -76.4233 3.91806
36.9978 -76.3686 3.91918
37.0822 -76.2579 3.91647
37.0588 -76.4832 3.91711
37.0625 -76.3191 3.91684
37.0771 -76.3868 3.91837
37.0041 -76.4043 3.91716
37.0194 -76.4229 3.91849
37.0588 -76.4222 3.92153
36.9999 -76.367 3.91635
37.0931 -76.4196 3.91705
37.0612 -76.3372 3.91878
37.0579 -76.3993 3.92087
37.0569 -76.3977 3.921
37.1223 -76.3304 3.9161
37.1244 -76.3333 3.91616
37 -76.3296 3.91789
36.9768 -76.3645 3.91725
37.0242 -76.3015 3.91836
37.0078 -76.4714 3.91572
36.9961 -76.4223 3.9185
36.988 -76.2974 3.9174
37.0861 -76.3488 3.92024
37.0793 -76.3424 3.91789
37.0781 -76.3453 3.91792
37.0754 -76.3428 3.91807
37.1143 -76.4507 3.91853
37.0924 -76.3592 3.92143
37.0668 -76.3147 3.9149
37.1783 -76.3587 3.91765
37.1383 -76.3021 3.91757
37.023 -76.417 3.91584
37.023 -76.4523 3.91835
37.0017 -76.2954 3.91736
37.0281 -76.3116 3.91507
37.0609 -76.4558 3.91739
37.0596 -76.4057 3.91825
37.0051 -76.3682 3.91741
37.0137 -76.3795 3.92002
37.0079 -76.3773 3.92003
36.9995 -76.3777 3.9186
37.1162 -76.4439 3.91882
37.0313 -76.348 3.91973
37.0484 -76.3463 3.91743
37.0669 -76.369 3.91544
37.0379 -76.4235 3.91823
37.0528 -76.3226 3.9166
37.0574 -76.3261 3.91681
37.1137 -76.3961 3.91759
37.0842 -76.3864 3.91719
37.1305 -76.2606 3.9187
37.074 -76.3793 3.92164
37.0768 -76.4753 3.91734
37.0604 -76.3406 3.91949
37.0626 -76.3497 3.91943
37.06 -76.3962 3.9161
36.9498 -76.2922 3.91655
37.1471 -76.3025 3.91922
37.0585 -76.3168 3.91971
37.0574 -76.3115 3.91978
37.0513 -76.3091 3.91964
37.0731 -76.2872 3.91981
37.1071 -76.3325 3.9192
37.0913 -76.3608 3.91995
37.0862 -76.3615 3.92002
37.1858 -76.3413 3.91845
37.086 -76.3879 3.91716
37.0854 -76.3749 3.91966
37.1039 -76.4193 3.919
37.0994 -76.4483 3.91556
37.1343 -76.3812 3.91774
37.1383 -76.375 3.91795
37.1087 -76.3206 3.91842
37.1134 -76.3141 3.91852
37.0482 -76.3819 3.91694
37.1005 -76.4626 3.91703
37.1127 -76.3943 3.91834
37.1072 -76.4283 3.91932
37.0149 -76.4032 3.917
37.0037 -76.4815 3.91759
37.0344 -76.2954 3.91879
37.0405 -76.2937 3.91898
37.1629 -76.394 3.91987
37.096 -76.4481 3.92056
37.1147 -76.3115 3.91831
37.1147 -76.4551 3.91825
37.1521 -76.4556 3.91964
37.0872 -76.319 3.91991
37.0132 -76.2948 3.91906
37.0693 -76.4195 3.9199
37.0646 -76.4671 3.92012
37.0673 -76.4665 3.91997
37.0767 -76.3748 3.9159
37.1053 -76.4146 3.91965
37.0816 -76.4648 3.91834
37.0758 -76.4004 3.91944
37.0509 -76.345 3.92166
37.0272 -76.3917 3.91687
37.1514 -76.3941 3.92046
37.1006 -76.3909 3.91991
37.0695 -76.4159 3.91877
37.0831 -76.2921 3.91951
37.1448 -76.3236 3.92012
37.1539 -76.3215 3.92009
37.0966 -76.3809 3.92219
37.0979 -76.4275 3.91777
37.0611 -76.4739 3.91566
37.0024 -76.4393 3.91885
37.1076 -76.3335 3.92149
36.9836 -76.2788 3.91492
36.9826 -76.3798 3.91857
37.031 -76.3713 3.91793
37.0556 -76.3809 3.91998
37.0422 -76.3112 3.92109
37.058 -76.4104 3.91569
37.0852 -76.4218 3.91462
37.023 -76.4498 3.91649
36.9604 -76.3641 3.91501
37.1383 -76.4341 3.91956
37.1134 -76.3325 3.9202
37.0666 -76.2927 3.9163
37.0979 -76.4991 3.91982
37.1026 -76.3894 3.91893
37.0366 -76.417 3.92003
37.0982 -76.2824 3.91911
37.0042 -76.3997 3.92012
37.1325 -76.3167 3.9163
37.0093 -76.5072 3.91707
37.0461 -76.3891 3.91847
37.1421 -76.4517 3.91924
37.0863 -76.3725 3.9183
37.0853 -76.4293 3.91822
36.9287 -76.3466 3.91625
37.0689 -76.3385 3.91618
37.0957 -76.337 3.91805
37.0325 -76.3254 3.91951
37.0051 -76.4477 3.9224
38.5401 -75.739 3.92097
