159.844 -12.7325 3.28485
159.885 -12.7155 3.28064
159.917 -12.6854 3.28199
159.987 -12.6985 3.28483
159.817 -12.7388 3.28385
160.017 -12.65 3.28335
159.87 -12.612 3.28175
159.812 -12.6846 3.28263
160.047 -12.7302 3.28754
159.966 -12.7554 3.28547
159.905 -12.659 3.28157
159.939 -12.8186 3.29115
159.745 -12.545 3.27891
159.825 -12.7144 3.283
159.84 -12.6711 3.28296
159.981 -12.7062 3.28701
160.008 -12.6441 3.28765
160.018 -12.6014 3.28494
159.969 -12.705 3.28402
159.791 -12.6516 3.28607
159.936 -12.5471 3.28379
159.967 -12.6406 3.28862
159.971 -12.7051 3.28621
159.975 -12.7524 3.28376
159.962 -12.6035 3.28393
159.879 -12.6511 3.28541
159.939 -12.6553 3.28487
159.889 -12.7774 3.2856
159.976 -12.7355 3.28677
159.938 -12.7614 3.28832
160.032 -12.7664 3.28538
159.823 -12.7181 3.28412
159.884 -12.739 3.28366
159.874 -12.7757 3.28446
159.848 -12.7548 3.28343
160.067 -12.7011 3.28515
159.992 -12.6908 3.29061
160.062 -12.657 3.28658
159.966 -12.7022 3.28599
159.891 -12.751 3.28628
159.865 -12.6209 3.2823
159.991 -12.7533 3.2854
159.967 -12.6683 3.28855
159.84 -12.6722 3.28148
159.915 -12.7916 3.2851
159.882 -12.8094 3.2794
159.975 -12.6362 3.28382
159.967 -12.6877 3.28612
159.801 -12.6942 3.28359
159.927 -12.6958 3.28013
159.872 -12.683 3.28286
159.834 -12.6229 3.28411
159.891 -12.6276 3.28318
159.944 -12.5619 3.28209
159.879 -12.6631 3.28526
159.97 -12.6911 3.28512
159.885 -12.6691 3.28118
159.933 -12.5723 3.28211
159.952 -12.6158 3.28451
159.9 -12.6768 3.28028
159.918 -12.7255 3.28047
159.948 -12.687 3.28608
159.963 -12.6999 3.28498
159.945 -12.663 3.28431
159.968 -12.6237 3.2845
160.09 -12.7709 3.28659
159.944 -12.7152 3.28825
159.828 -12.7143 3.28119
159.849 -12.6406 3.28253
159.936 -12.7175 3.28423
159.932 -12.6232 3.28558
159.868 -12.635 3.28532
159.862 -12.7314 3.28658
159.926 -12.6348 3.28424
159.978 -12.8326 3.28844
159.848 -12.778 3.28328
160.016 -12.7304 3.28536
160.034 -12.7333 3.28524
159.773 -12.6299 3.28235
160.028 -12.7248 3.28835
159.976 -12.6199 3.2857
159.794 -12.5693 3.2838
159.924 -12.7849 3.286
159.889 -12.6257 3.28316
159.921 -12.7174 3.28679
159.975 -12.6665 3.28884
159.939 -12.797 3.28571
159.845 -12.6418 3.28632
159.851 -12.6395 3.28611
159.952 -12.5403 3.28791
159.956 -12.7175 3.28352
159.937 -12.7288 3.28462
159.906 -12.7813 3.28123
159.792 -12.7206 3.28611
159.839 -12.6194 3.28388
159.85 -12.6839 3.28357
159.963 -12.6694 3.27739
159.954 -12.6258 3.28553
159.919 -12.6394 3.28553
160.016 -12.6844 3.28677
159.82 -12.7423 3.28355
159.831 -12.6317 3.284
159.948 -12.7233 3.28511
159.974 -12.5869 3.28815
159.939 -12.7561 3.28751
159.799 -12.6083 3.27968
159.768 -12.7224 3.28319
159.934 -12.6157 3.28155
159.93 -12.6853 3.2843
159.854 -12.7004 3.28523
159.842 -12.7429 3.28416
159.994 -12.7572 3.28382
159.897 -12.7155 3.28406
160.1 -12.724 3.28694
159.885 -12.7075 3.29014
159.86 -12.7187 3.28496
159.945 -12.6791 3.28431
159.93 -12.663 3.28177
159.79 -12.6321 3.28074
159.922 -12.5912 3.28457
160.002 -12.7623 3.28979
159.889 -12.7925 3.28273
159.976 -12.7307 3.28718
160.062 -12.7281 3.28685
159.888 -12.7205 3.28272
159.986 -12.7074 3.28976
159.864 -12.6317 3.28628
159.979 -12.6795 3.28605
159.791 -12.6711 3.28547
159.961 -12.6865 3.28819
160.047 -12.6922 3.28911
159.898 -12.6545 3.28784
159.993 -12.6376 3.28782
159.905 -12.7505 3.28579
159.779 -12.6186 3.28659
159.993 -12.7597 3.28558
159.99 -12.7731 3.2843
159.988 -12.7375 3.28477
159.866 -12.6101 3.27999
159.855 -12.7536 3.27983
159.866 -12.7383 3.28178
159.809 -12.6968 3.28579
159.895 -12.5744 3.28779
159.989 -12.7111 3.28272
159.953 -12.7185 3.27986
159.958 -12.682 3.28453
159.99 -12.5928 3.28545
159.87 -12.7133 3.28735
159.938 -12.726 3.28972
159.827 -12.7818 3.28568
159.883 -12.6376 3.28599
159.895 -12.4779 3.28222
159.961 -12.68 3.28454
159.974 -12.7109 3.2856
159.973 -12.7448 3.28685
159.807 -12.7755 3.28676
159.974 -12.6903 3.28466
159.874 -12.7046 3.28561
159.898 -12.6914 3.27971
160.027 -12.6475 3.28893
160.054 -12.731 3.28732
159.82 -12.6832 3.2841
159.905 -12.7271 3.28884
159.885 -12.6716 3.28327
159.936 -12.7358 3.28339
159.895 -12.6551 3.28498
159.835 -12.7307 3.28246
159.928 -12.6245 3.28385
159.996 -12.5434 3.28741
159.928 -12.6993 3.28539
159.877 -12.7972 3.28733
159.819 -12.6501 3.28279
159.87 -12.7165 3.2842
160.024 -12.7186 3.28702
159.894 -12.7621 3.28374
159.96 -12.6183 3.28462
160.028 -12.7008 3.28534
160.049 -12.7723 3.28688
159.932 -12.608 3.28346
159.92 -12.7062 3.28835
159.949 -12.6962 3.28769
159.8 -12.5915 3.27792
159.882 -12.7707 3.28654
159.998 -12.7636 3.28651
159.946 -12.7404 3.28219
159.895 -12.5946 3.2833
159.985 -12.7656 3.28586
159.98 -12.6912 3.28534
159.914 -12.7263 3.28048
159.911 -12.6532 3.28576
159.986 -12.6177 3.28544
159.908 -12.6394 3.28468
159.789 -12.7845 3.28667
159.841 -12.7183 3.28571
159.83 -12.6327 3.28328
159.933 -12.7301 3.28213
159.92 -12.6631 3.28473
159.987 -12.6551 3.28134
159.985 -12.6607 3.28217
159.907 -12.6615 3.28215
160.027 -12.6896 3.28644
160.057 -12.7224 3.28602
159.878 -12.6606 3.28192
159.952 -12.5558 3.28696
159.961 -12.7271 3.28561
159.975 -12.6783 3.28631
160.056 -12.7299 3.28786
159.97 -12.6628 3.28795
159.934 -12.6717 3.28299
159.92 -12.7261 3.28439
159.774 -12.5886 3.2841
159.961 -12.7338 3.28595
159.898 -12.7099 3.2856
159.979 -12.6793 3.28508
159.909 -12.5805 3.28391
159.986 -12.7148 3.28575
160.055 -12.7674 3.28671
159.883 -12.7363 3.28434
159.959 -12.67 3.28362
159.894 -12.7361 3.28565
159.862 -12.7389 3.28602
159.92 -12.7503 3.28806
159.939 -12.7318 3.28437
159.992 -12.8157 3.28929
159.94 -12.6849 3.28569
159.855 -12.6699 3.28542
159.896 -12.7563 3.28615
159.932 -12.6402 3.28508
159.866 -12.6913 3.28826
159.877 -12.6796 3.28102
159.928 -12.5558 3.28522
159.899 -12.8156 3.2787
159.898 -12.7128 3.28765
159.84 -12.7153 3.28549
159.934 -12.6408 3.28426
159.808 -12.7014 3.28086
159.782 -12.6882 3.28144
159.987 -12.7304 3.28696
159.968 -12.6653 3.27742
159.961 -12.6821 3.27928
159.925 -12.6664 3.28377
159.863 -12.7682 3.28342
159.879 -12.6449 3.28393
160.005 -12.5858 3.28613
159.912 -12.5781 3.28187
160.047 -12.7022 3.2852
159.96 -12.7056 3.28588
159.918 -12.6111 3.28196
159.992 -12.7655 3.28909
159.97 -12.6065 3.28879
159.815 -12.7102 3.28415
160.015 -12.6926 3.28235
159.923 -12.7468 3.28603
159.931 -12.7073 3.2869
159.861 -12.6633 3.28247
159.962 -12.7834 3.28514
159.953 -12.7069 3.28551
159.921 -12.7301 3.28412
159.888 -12.6988 3.28764
159.924 -12.6253 3.28911
159.939 -12.5462 3.28339
159.783 -12.6521 3.2829
159.849 -12.5103 3.28127
159.984 -12.7942 3.289
159.97 -12.7877 3.28668
160.023 -12.751 3.28538
160.077 -12.7348 3.28505
159.784 -12.653 3.28173
159.893 -12.7539 3.28487
159.897 -12.6531 3.28685
159.783 -12.6023 3.2804
159.928 -12.7504 3.28694
159.906 -12.7606 3.28672
159.95 -12.7128 3.28509
159.885 -12.7396 3.28676
159.843 -12.6617 3.28222
159.937 -12.7653 3.28934
159.879 -12.5911 3.28598
159.849 -12.6606 3.28537
159.973 -12.6256 3.28608
159.924 -12.7132 3.2891
159.83 -12.6063 3.28298
159.973 -12.7478 3.2844
159.974 -12.6377 3.28474
159.793 -12.6147 3.28558
159.946 -12.7329 3.27854
159.949 -12.7253 3.28687
159.845 -12.6788 3.28518
159.848 -12.6961 3.28015
159.941 -12.6573 3.27898
159.937 -12.717 3.28268
159.916 -12.6596 3.28548
159.856 -12.5804 3.28586
159.913 -12.71 3.28629
159.959 -12.5851 3.2921
159.858 -12.7216 3.28548
159.975 -12.6906 3.28518
159.785 -12.7424 3.28306
159.844 -12.6803 3.28208
160.021 -12.661 3.28624
159.947 -12.7711 3.2846
160.079 -12.7284 3.28618
159.919 -12.6789 3.2862
159.879 -12.6377 3.28767
159.953 -12.7805 3.28351
160.01 -12.7417 3.28641
159.901 -12.5042 3.28317
159.853 -12.6515 3.28644
159.847 -12.6725 3.28703
159.881 -12.6401 3.28614
159.984 -12.6824 3.28479
159.844 -12.6645 3.28555
159.972 -12.8139 3.28929
159.991 -12.8396 3.28811
159.947 -12.7636 3.28718
160.033 -12.7803 3.28538
160.025 -12.7457 3.28582
160.034 -12.7166 3.28493
159.957 -12.7009 3.28614
160.02 -12.5623 3.287
159.957 -12.7412 3.28728
159.783 -12.5837 3.28325
159.936 -12.6029 3.28319
159.947 -12.7602 3.28684
159.932 -12.7236 3.2863
159.944 -12.66 3.28396
159.943 -12.6046 3.28344
159.862 -12.743 3.28646
159.942 -12.7667 3.28705
159.919 -12.5982 3.28621
159.919 -12.7463 3.28277
159.914 -12.6311 3.2788
159.836 -12.6783 3.28221
159.94 -12.7558 3.28279
159.885 -12.7912 3.2802
159.942 -12.6727 3.28344
159.956 -12.6809 3.2841
159.922 -12.7187 3.28636
159.949 -12.7154 3.27866
159.902 -12.7359 3.28176
159.946 -12.5949 3.28504
159.849 -12.7834 3.28317
159.922 -12.6634 3.28207
159.943 -12.6987 3.28025
159.835 -12.8009 3.28847
160.029 -12.6706 3.28565
159.995 -12.7587 3.28542
159.923 -12.686 3.28067
159.858 -12.7449 3.28331
159.886 -12.5515 3.28431
159.881 -12.6746 3.28515
159.957 -12.595 3.28394
159.865 -12.6341 3.2822
159.958 -12.6319 3.28756
160.102 -12.6946 3.28819
159.895 -12.64 3.28247
159.897 -12.6607 3.28211
159.96 -12.5494 3.28333
159.889 -12.6555 3.28314
159.877 -12.6721 3.28318
159.957 -12.7024 3.28667
159.906 -12.5158 3.28348
159.922 -12.5809 3.28392
159.836 -12.6291 3.28393
159.983 -12.7516 3.28621
160.01 -12.6442 3.28735
159.893 -12.767 3.28291
159.78 -12.5562 3.28373
159.951 -12.5914 3.28693
159.931 -12.7179 3.28851
159.806 -12.7687 3.28426
159.888 -12.7919 3.28719
159.958 -12.5734 3.28607
160.03 -12.7166 3.28897
159.886 -12.6496 3.283
159.872 -12.6732 3.28549
159.957 -12.7891 3.2849
160.005 -12.6131 3.28511
159.984 -12.5702 3.28597
159.981 -12.7363 3.28474
159.906 -12.5962 3.28473
159.876 -12.6615 3.28313
159.989 -12.7208 3.28369
159.889 -12.7452 3.28436
159.934 -12.7591 3.27963
159.871 -12.7418 3.28015
159.933 -12.6949 3.28482
159.828 -12.6928 3.28161
159.814 -12.6912 3.28446
159.852 -12.5721 3.28003
159.919 -12.6939 3.28243
159.79 -12.5763 3.28415
159.834 -12.655 3.28946
159.838 -12.7099 3.28441
159.861 -12.6401 3.28553
159.914 -12.6783 3.28385
159.9 -12.539 3.2848
160.069 -12.7127 3.28429
159.971 -12.6974 3.28404
159.937 -12.7308 3.28439
159.795 -12.7119 3.28445
159.915 -12.7011 3.28101
159.986 -12.6368 3.28454
159.966 -12.6672 3.28552
159.962 -12.6962 3.28337
159.837 -12.6418 3.28464
159.866 -12.7004 3.28534
159.912 -12.7657 3.28599
159.882 -12.7354 3.2804
159.965 -12.5298 3.28466
159.91 -12.6939 3.28703
159.892 -12.7517 3.28518
159.938 -12.7556 3.2831
159.832 -12.7371 3.28717
159.824 -12.624 3.28264
160.008 -12.7239 3.28505
159.79 -12.6426 3.28615
159.774 -12.7286 3.28389
160.062 -12.6881 3.28628
160.04 -12.7177 3.28326
159.777 -12.6946 3.28059
159.893 -12.7242 3.28617
159.9 -12.7342 3.28568
159.947 -12.6794 3.28702
159.933 -12.7298 3.2848
159.927 -12.6636 3.28622
159.939 -12.7891 3.28514
159.917 -12.6742 3.28344
160.001 -12.7233 3.28658
159.961 -12.7101 3.28493
159.825 -12.6906 3.28418
159.878 -12.6599 3.28909
159.898 -12.8025 3.28083
159.908 -12.6923 3.28311
159.969 -12.7421 3.28656
159.905 -12.6934 3.28191
159.937 -12.5984 3.28237
159.853 -12.6839 3.28479
159.959 -12.6742 3.2842
159.86 -12.7192 3.28568
159.992 -12.7364 3.28473
160.005 -12.7057 3.28461
159.948 -12.5578 3.28658
159.954 -12.7045 3.28337
159.805 -12.6863 3.28382
159.822 -12.7237 3.28685
159.982 -12.7229 3.28534
160.049 -12.7582 3.28619
159.962 -12.6752 3.28591
159.811 -12.673 3.28323
159.908 -12.5264 3.27769
159.843 -12.6648 3.28558
160.01 -12.6892 3.28789
159.852 -12.7484 3.28679
159.953 -12.6276 3.28429
159.793 -12.6257 3.28452
160.007 -12.8453 3.28894
159.969 -12.8357 3.28551
159.785 -12.6967 3.28494
160.033 -12.6572 3.28699
160.008 -12.7036 3.2854
159.867 -12.7918 3.28333
159.905 -12.6496 3.28604
160.006 -12.6881 3.28599
159.884 -12.6252 3.28473
159.979 -12.7665 3.2868
159.725 -12.6757 3.284
159.941 -12.6483 3.28626
159.923 -12.7703 3.28408
159.88 -12.6888 3.28623
159.9 -12.6601 3.28433
159.872 -12.6481 3.28122
159.924 -12.7508 3.28024
159.898 -12.778 3.2798
159.894 -12.8222 3.27936
159.914 -12.7619 3.28348
159.979 -12.704 3.28621
159.944 -12.7545 3.28375
159.928 -12.6604 3.27929
159.933 -12.6462 3.28462
159.991 -12.6512 3.28355
159.909 -12.667 3.28455
160.038 -12.7855 3.28496
160.03 -12.68 3.28537
159.915 -12.6005 3.28158
159.932 -12.5913 3.28191
159.991 -12.6204 3.28385
159.806 -12.7153 3.28286
159.924 -12.6387 3.28099
159.982 -12.7117 3.28448
159.691 -12.5885 3.28189
159.966 -12.6914 3.2843
159.902 -12.6126 3.28328
159.847 -12.728 3.28636
159.951 -12.7263 3.2881
159.902 -12.6513 3.28012
159.858 -12.651 3.28122
159.848 -12.6982 3.28413
159.953 -12.6675 3.288
159.793 -8.55361 3.28351
