38.8279 -71.8437 3.93331
38.9413 -71.9067 3.93837
38.7619 -71.8901 3.93585
38.8109 -71.8315 3.93703
38.8655 -71.8386 3.93234
38.8109 -71.8327 3.93419
38.791 -71.8864 3.93483
38.8591 -71.8649 3.93799
38.8352 -71.858 3.93995
38.9906 -71.9927 3.93809
38.7462 -71.9573 3.93441
38.7438 -71.9496 3.9343
38.7352 -71.761 3.93409
38.9149 -71.8763 3.93626
38.9155 -71.881 3.93626
38.9113 -71.8766 3.9362
38.8621 -71.8773 3.93731
38.8049 -71.9173 3.93679
38.8615 -71.8455 3.93597
38.8647 -71.8546 3.93583
38.8701 -71.8922 3.93516
38.87 -71.9453 3.93739
38.867 -71.9449 3.93721
38.7886 -71.9159 3.93587
38.779 -71.8033 3.93416
38.7597 -71.8604 3.93586
38.7477 -71.9352 3.93299
38.8786 -71.9089 3.93704
38.8777 -71.9114 3.93706
38.8176 -71.8073 3.93407
38.8215 -71.8144 3.93406
38.9592 -71.8654 3.93808
38.9671 -71.8655 3.93903
38.7887 -72.0149 3.93248
38.8926 -71.8474 3.94193
38.9027 -71.8437 3.93545
38.8092 -71.8517 3.93499
38.7932 -71.817 3.93683
38.7997 -71.8633 3.93625
38.7944 -71.8173 3.93299
38.7128 -71.8297 3.93438
38.7462 -71.8439 3.93441
38.888 -71.9094 3.93903
38.8952 -71.9129 3.93877
38.8033 -71.9092 3.93707
38.8448 -71.9472 3.93587
38.8734 -71.8146 3.93505
38.8172 -71.9022 3.93712
38.8627 -71.8904 3.93442
38.7316 -71.8791 3.93441
38.7773 -71.8972 3.93413
38.8729 -71.8769 3.9347
38.8086 -71.7808 3.93691
38.7839 -71.9271 3.93671
38.7721 -71.8096 3.93457
38.7731 -71.808 3.93459
38.8512 -71.8234 3.93892
38.8595 -71.8394 3.93743
38.7656 -71.8215 3.93471
38.777 -71.7793 3.93545
38.8246 -71.8979 3.93704
38.8183 -71.865 3.9337
38.8218 -71.8628 3.93349
38.8225 -71.8311 3.93525
38.8457 -71.8883 3.93924
38.7955 -71.8898 3.93535
38.6784 -71.7948 3.93417
38.7727 -71.8438 3.93752
38.8454 -71.8965 3.93632
38.8562 -71.8549 3.93521
38.8168 -71.7812 3.93575
38.8437 -71.8142 3.93462
38.8483 -71.819 3.93461
38.8457 -71.8479 3.93704
38.774 -71.8318 3.93529
38.7428 -71.8598 3.93289
38.8555 -71.9512 3.93598
38.8835 -71.9001 3.93571
38.8803 -71.8998 3.93569
38.9409 -71.8365 3.93363
38.8681 -71.8838 3.93637
38.8735 -71.9138 3.93753
38.7318 -71.8607 3.93416
38.791 -71.847 3.93548
38.8251 -71.8296 3.93621
38.7975 -71.9323 3.93671
38.811 -71.8534 3.93581
38.8445 -71.8742 3.93614
38.8431 -71.8762 3.93648
38.7712 -71.8582 3.93644
38.7691 -71.8639 3.93635
38.7623 -71.8691 3.93635
38.7333 -71.848 3.93516
38.7194 -71.8296 3.93651
38.8196 -71.9348 3.93622
38.8295 -71.8736 3.93641
38.9195 -71.8169 3.93724
38.8582 -71.8371 3.93461
38.9191 -71.8363 3.9383
38.8165 -71.8293 3.93908
38.7978 -71.8311 3.93594
38.7766 -71.8217 3.93614
38.8094 -71.9199 3.93614
38.8182 -71.8594 3.93514
38.8695 -71.7954 3.93585
38.8615 -71.827 3.93866
38.8074 -71.8768 3.93402
38.7204 -71.954 3.9355
38.8087 -71.8158 3.93488
38.814 -71.7889 3.93585
38.8964 -71.7952 3.935
38.7758 -71.7811 3.93551
38.8781 -71.8838 3.93673
38.8787 -71.8829 3.93662
38.8172 -71.8165 3.93466
38.8306 -71.8525 3.93475
38.8326 -71.8761 3.93668
38.8136 -71.8151 3.93458
38.8147 -71.8141 3.93455
38.728 -71.8354 3.93559
38.8641 -71.8483 3.93618
38.8664 -71.8479 3.93607
38.7542 -71.8185 3.93456
38.74 -71.81 3.93533
38.848 -71.8117 3.93715
38.8192 -71.9244 3.9346
38.9054 -71.9403 3.93643
38.8011 -71.8512 3.93708
38.7987 -71.8509 3.93698
38.7066 -71.8543 3.93587
38.8674 -71.829 3.93692
38.8032 -71.8569 3.93203
38.8402 -71.8674 3.93612
38.8397 -71.8796 3.93744
38.8817 -71.8535 3.9378
38.8813 -71.8638 3.93788
38.8591 -71.8505 3.93586
38.9319 -71.9148 3.93669
38.9724 -71.8701 3.93715
38.837 -71.7967 3.93434
38.8369 -71.8756 3.93497
38.8734 -71.8687 3.9341
38.8618 -71.8775 3.93921
38.9126 -71.9123 3.936
38.8242 -71.8734 3.93737
38.7936 -71.8761 3.93473
38.7924 -71.8697 3.93494
38.8182 -71.8272 3.93741
38.8251 -71.8523 3.93488
38.8215 -71.8498 3.93496
38.8536 -71.8339 3.93706
38.8515 -71.8284 3.93711
38.8169 -71.8205 3.93736
38.817 -71.822 3.93721
38.8943 -71.878 3.93618
38.7802 -71.9403 3.93231
38.8841 -71.8395 3.93709
38.8843 -71.8383 3.93704
38.8643 -71.782 3.93575
38.9143 -71.8775 3.93762
38.7921 -71.8152 3.93546
38.7837 -71.7962 3.93635
38.8415 -71.9399 3.93382
38.7328 -71.9394 3.93508
38.8403 -71.8616 3.93613
38.7447 -71.8897 3.93599
38.7799 -71.7993 3.93188
38.8721 -71.858 3.93635
38.8403 -71.9168 3.93764
38.8428 -71.8509 3.93771
38.8375 -71.8447 3.93525
38.9236 -71.8592 3.93892
38.9229 -71.8558 3.93883
38.8507 -71.8185 3.93341
38.8238 -71.8079 3.93415
38.7758 -71.8585 3.93399
38.8069 -71.8207 3.93824
38.904 -71.7864 3.93753
38.8404 -71.8617 3.93379
38.8115 -71.8231 3.93628
38.7723 -71.8293 3.9366
38.8356 -71.8652 3.93707
38.7334 -71.8175 3.93424
38.7464 -71.9211 3.93489
38.8559 -71.8385 3.93646
38.8423 -71.8365 3.93438
38.7506 -71.8841 3.93586
38.8251 -71.8384 3.93558
38.8926 -71.866 3.93684
38.8108 -71.8623 3.93512
38.8256 -71.8413 3.93699
38.743 -71.8834 3.93284
38.7738 -71.837 3.93693
38.7562 -71.9226 3.93113
38.7521 -71.8286 3.93322
38.7517 -71.8229 3.93302
38.9394 -71.9106 3.93921
38.7801 -71.8155 3.93548
38.7542 -71.837 3.93483
38.6847 -71.8308 3.93481
38.7865 -71.8387 3.93637
38.8478 -71.814 3.93623
38.8508 -71.8394 3.93713
38.8435 -71.8388 3.9371
38.8574 -71.8715 3.93761
38.8138 -71.9114 3.93674
38.8201 -71.837 3.93683
38.79 -71.8294 3.93414
38.7123 -71.8244 3.93668
38.8983 -71.8221 3.93683
38.8513 -71.8441 3.93844
38.8158 -71.8841 3.93442
38.878 -71.7866 3.93951
38.8504 -71.9041 3.93361
38.7828 -71.9052 3.93558
38.8754 -71.8437 3.93652
38.87 -71.8366 3.93668
38.8635 -71.9141 3.93684
38.7697 -71.784 3.93852
38.7988 -71.8276 3.93939
38.91 -71.8368 3.93524
38.9695 -71.8379 3.93511
38.8662 -71.9037 3.93703
38.8295 -71.899 3.93749
38.8333 -71.8995 3.93741
38.7828 -71.8429 3.93595
38.8433 -71.8201 3.93712
38.8477 -71.8198 3.93711
38.8101 -71.8219 3.93852
38.818 -71.8607 3.93457
38.9273 -71.8321 3.93557
38.7565 -71.7749 3.93428
38.7822 -71.7834 3.9349
38.7775 -71.8719 3.9357
38.8297 -71.8834 3.93284
38.8271 -71.8907 3.93305
38.8001 -71.9524 3.93458
38.8745 -71.8804 3.93495
38.9262 -71.8587 3.93836
38.787 -71.8006 3.93688
38.8213 -71.8442 3.93319
38.777 -71.8442 3.93513
38.8947 -71.9557 3.93616
38.7535 -71.7552 3.93738
38.877 -71.8667 3.93554
38.8688 -71.8676 3.93566
38.8086 -71.8318 3.93411
38.8088 -71.8264 3.93433
38.8086 -71.8356 3.93426
38.7928 -71.8912 3.9349
38.7944 -71.8834 3.93487
38.8613 -71.8652 3.93823
38.7792 -71.8939 3.93672
38.9912 -71.9913 3.9381
38.7973 -71.8833 3.93435
38.6787 -71.8443 3.93227
38.8638 -71.8755 3.9372
38.8239 -71.9066 3.93562
38.8697 -71.8478 3.93578
38.8849 -71.8253 3.9361
38.8779 -71.9329 3.93665
38.8632 -71.889 3.93463
38.783 -71.7951 3.93394
38.7857 -71.8041 3.93379
38.8131 -71.9166 3.93807
38.8817 -71.9064 3.93713
38.8732 -71.9183 3.93821
38.8179 -71.8844 3.93632
38.8231 -71.815 3.93413
38.8063 -71.9114 3.93552
38.8062 -71.9144 3.93567
38.9263 -71.9198 3.93707
38.8904 -71.8456 3.94195
38.8146 -71.8517 3.93498
38.7989 -71.8428 3.93634
38.8056 -71.8439 3.9364
38.7934 -71.8618 3.93612
38.736 -71.8567 3.93567
38.8205 -71.8173 3.93588
38.7482 -71.8451 3.93464
38.8191 -71.8219 3.93615
38.8218 -71.8262 3.93626
38.808 -71.9046 3.93717
38.8403 -71.9432 3.93576
38.8757 -71.8138 3.9352
38.8165 -71.8994 3.93683
38.8419 -71.8209 3.93527
38.8578 -71.8889 3.93447
38.7593 -71.8264 3.93607
38.7631 -71.8333 3.93596
38.8095 -71.7529 3.93453
38.7687 -71.9006 3.93411
38.8745 -71.9436 3.93582
38.8577 -71.8331 3.93711
38.8577 -71.829 3.93725
38.8274 -71.8476 3.93651
38.8314 -71.8634 3.9365
38.774 -71.8051 3.93469
38.7241 -71.8785 3.93682
38.863 -71.8261 3.93893
38.8638 -71.8242 3.939
38.8611 -71.8262 3.9389
38.858 -71.8416 3.93737
38.7655 -71.8302 3.93454
38.8271 -71.901 3.93706
38.8229 -71.8637 3.93338
38.8278 -71.832 3.93526
38.805 -71.8931 3.93506
38.8006 -71.8862 3.93489
38.7343 -71.8523 3.93509
38.7364 -71.8537 3.93499
38.8263 -71.8565 3.93639
38.7749 -71.8474 3.93769
38.8615 -71.8233 3.93452
38.8647 -71.8245 3.93433
38.8633 -71.8529 3.93503
38.8572 -71.8485 3.935
38.8188 -71.7836 3.93577
38.8457 -71.8136 3.93473
38.8481 -71.8457 3.93685
38.7721 -71.8356 3.93523
38.7974 -71.8373 3.93786
38.8751 -71.8964 3.93563
38.7886 -71.8468 3.93707
38.8301 -71.8294 3.93574
38.7888 -71.815 3.93754
38.8763 -71.8826 3.93648
38.8388 -71.889 3.9372
38.8452 -71.8208 3.93661
38.7954 -71.841 3.93527
38.86 -71.8524 3.93822
38.8109 -71.8629 3.93564
38.8641 -71.8212 3.93637
38.7693 -71.8653 3.93634
38.7257 -71.8291 3.93663
38.8004 -71.8045 3.93547
38.8235 -71.8715 3.93641
38.815 -71.8428 3.93526
38.8623 -71.8375 3.93466
38.8612 -71.8375 3.93448
38.7839 -71.9321 3.93686
38.9161 -71.8378 3.9383
38.8087 -71.8194 3.93581
38.7771 -71.8191 3.93627
38.7795 -71.8169 3.93622
38.8303 -71.859 3.9352
38.8241 -71.9338 3.93676
38.8029 -71.8829 3.93549
38.823 -71.8363 3.93808
38.8164 -71.7824 3.93596
38.8789 -71.8539 3.93756
38.7793 -71.7799 3.93528
38.9076 -71.8708 3.9394
38.9099 -71.873 3.93956
38.8165 -71.8216 3.9376
38.8211 -71.8145 3.93467
38.8357 -71.8393 3.93752
38.8386 -71.8752 3.93674
38.8608 -71.8104 3.93589
38.7362 -71.8283 3.93534
38.8543 -71.9496 3.93798
38.8045 -71.9269 3.93563
38.7593 -71.8235 3.93435
38.8452 -71.8183 3.93705
38.8188 -71.9244 3.93474
38.817 -71.9268 3.93457
38.6842 -71.8885 3.93224
38.8044 -71.8526 3.93696
38.8382 -71.8026 3.93627
38.8634 -71.8239 3.937
38.8341 -71.9043 3.9365
38.8392 -71.8649 3.93609
38.8409 -71.8732 3.93738
38.8802 -71.8581 3.93798
38.8585 -71.8537 3.93578
38.8612 -71.8467 3.93581
38.8869 -71.8677 3.93517
38.8898 -71.8746 3.93516
38.8368 -71.8012 3.93409
38.8651 -71.8696 3.93404
38.7746 -71.8089 3.93361
38.7986 -71.814 3.93679
38.8208 -71.8793 3.93717
38.7657 -71.8938 3.93316
38.9113 -71.9381 3.93721
38.8189 -71.8504 3.93479
38.8232 -71.8547 3.93486
38.8193 -71.8524 3.93487
38.8574 -71.8375 3.9371
38.7439 -71.8887 3.93441
38.7612 -71.8702 3.93654
38.8374 -71.8904 3.93658
38.8189 -71.8179 3.93739
38.7516 -71.8896 3.93261
38.8677 -71.7858 3.93567
38.8651 -71.7865 3.93577
38.9061 -71.884 3.9377
38.8436 -71.9409 3.93412
38.7737 -71.8685 3.93631
38.7663 -71.9169 3.93427
38.7439 -71.8892 3.93593
38.8674 -71.8865 3.93434
38.8692 -71.8627 3.93649
38.7541 -71.8215 3.93089
38.8373 -71.8499 3.93784
38.8401 -71.8607 3.9377
38.8456 -71.8532 3.93783
38.8548 -71.8133 3.93621
38.8364 -71.8423 3.93529
38.9199 -71.8569 3.93868
38.8398 -71.811 3.93341
38.8229 -71.8039 3.93424
38.7773 -71.8553 3.93404
38.801 -71.8987 3.93679
38.9065 -71.7831 3.9374
38.725 -71.808 3.93724
38.763 -71.7822 3.93614
38.8118 -71.8179 3.93621
38.7488 -71.8694 3.93931
38.7334 -71.7557 3.93521
38.9048 -71.922 3.93837
38.7296 -71.8245 3.93408
38.7792 -71.8039 3.93518
38.8368 -71.9329 3.93758
38.8437 -71.9294 3.93755
38.8495 -71.83 3.93626
38.8067 -71.7976 3.93628
38.7561 -71.8841 3.93585
38.7695 -71.8808 3.93632
38.7864 -71.9035 3.93684
38.8235 -71.8446 3.93561
38.8231 -71.902 3.93385
38.8855 -71.8112 3.93533
38.882 -71.8142 3.93533
38.8155 -71.8616 3.93493
38.8153 -71.8637 3.93523
38.8227 -71.8435 3.93698
38.8148 -71.8384 3.93696
38.7748 -71.8294 3.93676
38.7524 -71.8293 3.93308
38.8637 -71.9069 3.93747
38.7932 -71.9243 3.93554
38.8096 -71.8669 3.93797
38.8187 -71.9277 3.93664
38.8524 -71.8138 3.93637
38.8486 -71.8388 3.93704
38.8582 -71.8638 3.93744
38.8168 -71.908 3.93689
38.8639 -71.8751 3.93843
38.7925 -71.8273 3.93414
38.8405 -71.9185 3.93564
38.995 -71.9227 3.93923
38.8425 -71.9194 3.9346
38.8533 -71.8412 3.93848
38.8144 -71.8767 3.93454
38.8189 -71.877 3.93466
38.8748 -71.8979 3.93895
38.8511 -71.8975 3.93356
38.8505 -71.8985 3.93364
38.7769 -71.9048 3.93562
38.8918 -71.8835 3.93702
38.8773 -71.8464 3.9364
38.8453 -71.8674 3.93381
38.7706 -71.8786 3.93253
38.9119 -71.8389 3.93515
38.853 -71.8693 3.93707
38.8273 -71.9027 3.93732
38.7282 -71.8192 3.93632
38.7976 -71.7461 3.93656
38.7094 -71.7768 3.93603
38.8137 -71.8187 3.93851
38.8188 -71.8571 3.93422
38.7558 -71.8752 3.93243
38.7778 -71.8702 3.93581
38.8021 -71.9534 3.9343
38.8712 -71.8846 3.93484
38.8779 -71.8843 3.93498
38.7629 -71.8482 3.93397
38.8274 -71.843 3.93325
38.801 -71.8738 3.93946
38.8972 -71.9498 3.93628
38.878 -71.9578 3.93571
38.8146 -71.8292 3.93687
38.8622 -71.8368 3.93254
38.8765 -71.8967 3.93458
38.8648 -71.8577 3.9383
38.8151 -71.854 3.93744
38.7932 -71.8839 3.93453
38.9133 -71.8785 3.93628
38.6784 -71.8506 3.93253
38.865 -71.8799 3.93746
38.8698 -71.8853 3.93761
38.8363 -71.8446 3.93379
38.8384 -71.8448 3.93361
38.8639 -71.8446 3.9359
38.8675 -71.8467 3.93577
38.8806 -71.8963 3.93519
38.8606 -71.9466 3.93754
38.8673 -71.9456 3.93759
39.2979 -74.6707 3.93295
