269.893 24.4019 5.67756
269.847 24.4754 5.67906
269.853 24.5253 5.68277
269.863 24.4252 5.68335
269.865 24.3817 5.68052
269.903 24.4878 5.68119
269.914 24.5192 5.68038
269.858 24.3593 5.68295
269.972 24.3902 5.68233
269.812 24.4481 5.68166
269.899 24.4859 5.68206
269.836 24.4603 5.68371
269.762 24.4329 5.6785
269.827 24.4132 5.68062
269.823 24.4145 5.68081
269.863 24.4408 5.68205
269.817 24.4549 5.68185
269.831 24.3922 5.68039
269.897 24.5036 5.6818
269.89 24.3931 5.68108
269.894 24.4268 5.67733
269.855 24.3904 5.68272
269.853 24.4067 5.68226
269.942 24.3915 5.68029
269.909 24.4038 5.68304
269.857 24.4241 5.68178
269.851 24.4688 5.67842
269.929 24.4406 5.68261
269.855 24.3235 5.67917
269.819 24.4498 5.67916
269.814 24.4439 5.67929
269.852 24.3922 5.68111
269.892 24.4162 5.6781
269.885 24.3609 5.67904
269.895 24.4363 5.68293
269.904 24.4385 5.68223
269.905 24.4158 5.68096
269.912 24.4731 5.68328
269.835 24.4215 5.68127
269.853 24.4342 5.68368
269.981 24.4494 5.68086
269.784 24.4056 5.67906
269.863 24.4463 5.6803
269.9 24.3956 5.68046
269.893 24.3823 5.68402
269.838 24.4475 5.68179
269.876 24.4361 5.68397
269.831 24.4393 5.68502
269.892 24.4452 5.68318
269.867 24.3915 5.68625
269.839 24.3902 5.68195
269.931 24.4955 5.68356
269.905 24.3438 5.68074
269.905 24.3435 5.68092
269.899 24.3419 5.68078
269.879 24.3597 5.67985
269.882 24.3897 5.68407
269.846 24.4276 5.67973
269.85 24.4268 5.67988
269.836 24.4592 5.67995
269.772 24.4538 5.68297
269.956 24.4246 5.68664
269.899 24.3386 5.67871
269.775 24.3952 5.68183
269.775 24.3961 5.68171
269.843 24.3982 5.68504
269.837 24.4626 5.67858
269.884 24.4288 5.68207
269.852 24.4086 5.68531
269.846 24.3721 5.68018
269.749 24.4817 5.68333
269.945 24.4897 5.68406
269.921 24.3692 5.68129
269.893 24.3966 5.68386
269.824 24.4851 5.68463
269.921 24.419 5.68317
269.889 24.4371 5.68159
269.966 24.4645 5.6792
269.964 24.4682 5.67938
269.964 24.4695 5.67917
270.002 24.4262 5.6844
269.926 24.4832 5.68397
269.824 24.3161 5.68301
269.899 24.4124 5.68069
269.827 24.4254 5.68088
269.895 24.4021 5.68223
269.786 24.3831 5.68815
269.805 24.3987 5.67995
269.848 24.5006 5.68453
269.788 24.3669 5.67933
269.912 24.5005 5.68286
269.83 24.5056 5.68297
269.806 24.4175 5.68014
269.825 24.3009 5.6793
269.873 24.3631 5.68475
269.85 24.4664 5.68134
269.964 24.4046 5.68248
269.883 24.4905 5.68543
269.877 24.3605 5.68297
269.941 24.5102 5.68284
269.887 24.4247 5.68429
269.884 24.4547 5.68411
269.883 24.4514 5.68426
269.844 24.469 5.68118
269.861 24.3801 5.68011
269.941 24.3999 5.68234
269.84 24.3495 5.68175
269.872 24.4406 5.68165
269.832 24.3628 5.68182
269.909 24.4757 5.68147
269.93 24.4683 5.68199
269.927 24.4626 5.68216
269.894 24.4028 5.67749
269.893 24.3994 5.6776
269.809 24.4629 5.68373
269.828 24.3761 5.68366
269.886 24.4712 5.68449
269.853 24.376 5.68397
269.749 24.524 5.68366
269.813 24.4521 5.68228
269.898 24.4896 5.68132
269.922 24.5194 5.68088
269.802 24.3698 5.68085
269.972 24.4259 5.682
269.829 24.4496 5.67977
269.904 24.4845 5.68217
269.89 24.4911 5.68197
269.835 24.4604 5.68399
269.76 24.4251 5.6786
269.877 24.3817 5.6778
269.867 24.4247 5.68186
269.828 24.387 5.68035
269.828 24.3862 5.68042
269.848 24.4162 5.68211
269.786 24.3693 5.68334
269.891 24.4324 5.67738
269.85 24.3882 5.68299
269.857 24.4196 5.68118
269.905 24.4002 5.68186
269.914 24.4065 5.68289
269.842 24.4715 5.67844
269.871 24.4492 5.68125
269.875 24.4443 5.68131
269.846 24.5117 5.68136
269.851 24.5053 5.68136
269.923 24.4296 5.68162
269.941 24.5124 5.68486
269.892 24.3655 5.67919
269.891 24.4376 5.68285
269.879 24.3617 5.68148
269.833 24.4179 5.68127
269.988 24.449 5.68059
269.829 24.3661 5.67976
269.788 24.415 5.67909
269.866 24.4539 5.68023
269.855 24.4058 5.68173
269.88 24.3895 5.68432
269.931 24.4506 5.68181
269.831 24.4444 5.68182
269.877 24.4356 5.6838
269.891 24.4429 5.68322
269.918 24.4304 5.68195
269.863 24.4176 5.68361
269.86 24.3465 5.68012
269.865 24.4529 5.68451
269.79 24.5195 5.68205
269.882 24.4317 5.68199
269.835 24.4518 5.67992
269.931 24.4595 5.68216
269.898 24.5315 5.68389
269.867 24.4432 5.68276
269.829 24.3742 5.67976
269.834 24.4671 5.67851
269.849 24.5 5.68324
269.846 24.4954 5.68319
269.787 24.4569 5.68066
269.845 24.3822 5.68024
269.86 24.4567 5.68267
269.925 24.3678 5.68135
269.908 24.4407 5.68167
269.864 24.4181 5.68289
269.834 24.4721 5.68
269.923 24.4177 5.68329
269.876 24.3891 5.68292
269.785 24.4135 5.68385
269.901 24.4078 5.68281
269.868 24.4491 5.68323
269.878 24.33 5.68698
269.833 24.4263 5.6809
269.879 24.43 5.6822
269.873 24.5051 5.68463
269.84 24.3361 5.68357
269.883 24.4076 5.68329
269.884 24.4035 5.68369
269.855 24.4138 5.68153
269.823 24.4389 5.68448
269.889 24.4932 5.68269
269.825 24.4432 5.68253
269.877 24.3257 5.68166
269.821 24.2978 5.67916
269.963 24.4044 5.68265
269.797 24.4635 5.67904
269.889 24.5345 5.68223
269.859 24.4138 5.68364
269.918 24.4101 5.6819
269.991 24.467 5.68093
269.907 24.3885 5.67994
269.854 24.3792 5.67999
269.975 24.3915 5.68094
269.869 24.4367 5.68185
269.867 24.4428 5.68188
269.836 24.3488 5.6816
269.874 24.4227 5.68248
269.948 24.4947 5.68105
269.91 24.4774 5.68133
269.891 24.3931 5.6776
269.916 24.3985 5.68137
269.86 24.469 5.67912
269.849 24.3835 5.68272
269.883 24.4684 5.68444
269.782 24.4188 5.68443
269.82 24.4541 5.68227
269.937 24.3235 5.67899
269.85 24.4976 5.68285
269.854 24.441 5.68036
269.919 24.5207 5.68046
269.97 24.4185 5.6818
269.87 24.3738 5.68105
269.95 24.4853 5.68371
269.761 24.4157 5.68257
269.894 24.4876 5.68177
269.875 24.4011 5.6808
269.863 24.3526 5.68125
269.865 24.3562 5.68117
269.759 24.4262 5.67836
269.82 24.4177 5.68057
269.865 24.4381 5.68182
269.852 24.3389 5.68109
269.807 24.452 5.68169
269.886 24.3823 5.68288
269.836 24.3311 5.68185
269.896 24.4981 5.68168
269.896 24.4272 5.67728
269.824 24.4392 5.68354
269.852 24.3976 5.68132
269.873 24.3857 5.68142
269.845 24.4025 5.68236
269.832 24.431 5.67954
269.912 24.4078 5.68297
269.924 24.4415 5.68255
269.869 24.4535 5.68125
269.876 24.4498 5.68122
269.917 24.4525 5.68461
269.899 24.5317 5.68242
269.871 24.3981 5.68449
269.921 24.4275 5.68166
269.851 24.39 5.68098
269.913 24.5264 5.68573
269.849 24.4468 5.68223
269.89 24.4109 5.67825
269.894 24.3699 5.67894
269.904 24.4357 5.68223
269.909 24.3956 5.68227
269.929 24.4703 5.68443
269.834 24.4163 5.68126
269.9 24.3792 5.68064
269.906 24.3835 5.68062
269.952 24.4318 5.68385
269.886 24.4335 5.68306
269.906 24.3749 5.68436
269.861 24.4504 5.68014
269.857 24.4072 5.68172
269.902 24.3744 5.68121
269.83 24.4466 5.68175
269.829 24.4408 5.68176
269.813 24.4694 5.68161
269.875 24.3833 5.68405
269.921 24.4281 5.68212
269.84 24.3846 5.6818
269.852 24.3517 5.68021
269.876 24.3506 5.67983
269.865 24.4839 5.68155
269.828 24.4203 5.68418
269.87 24.3603 5.68513
269.885 24.3641 5.68367
269.902 24.3319 5.67863
269.885 24.3878 5.68432
269.808 24.42 5.68131
269.858 24.3286 5.68192
269.841 24.3611 5.68283
269.83 24.4851 5.68371
269.894 24.388 5.6822
269.851 24.4713 5.68223
269.846 24.4686 5.68224
269.88 24.3949 5.68277
269.933 24.4258 5.68172
269.734 24.4371 5.68354
269.911 24.5493 5.68452
269.887 24.4459 5.6816
269.832 24.4231 5.68298
269.832 24.4198 5.68274
269.83 24.4201 5.68279
269.884 24.3891 5.68264
269.965 24.4659 5.67916
269.961 24.4736 5.67926
270.001 24.4312 5.68426
269.922 24.4797 5.68379
269.892 24.4615 5.68482
269.894 24.4013 5.68276
269.876 24.4672 5.68357
269.902 24.4113 5.68041
269.825 24.4269 5.68081
269.821 24.4869 5.68023
269.863 24.2838 5.68033
269.85 24.5008 5.68428
269.85 24.4157 5.6821
269.849 24.4206 5.68196
269.866 24.4298 5.68328
269.826 24.5021 5.68289
269.819 24.3031 5.67926
269.824 24.2985 5.67932
269.847 24.3566 5.68366
269.896 24.4069 5.68338
269.847 24.3862 5.68658
269.98 24.468 5.68092
269.838 24.4776 5.6812
269.852 24.3831 5.68016
269.97 24.3891 5.68077
269.94 24.3982 5.68242
269.917 24.4171 5.68177
269.876 24.422 5.68231
269.875 24.4417 5.6817
269.941 24.4887 5.68101
269.891 24.3904 5.67759
269.949 24.5274 5.6852
269.847 24.4743 5.67917
269.84 24.3077 5.6857
269.85 24.523 5.6829
269.848 24.377 5.68278
269.81 24.4453 5.68327
269.906 24.3941 5.68219
269.859 24.3775 5.6807
269.85 24.4053 5.68205
269.832 24.3723 5.68245
269.976 24.4227 5.68185
269.974 24.4166 5.6818
269.941 24.4502 5.68095
269.813 24.4493 5.68143
269.77 24.4458 5.681
269.84 24.4528 5.68922
269.964 24.4228 5.68323
269.982 24.3525 5.68101
269.863 24.4478 5.68055
269.868 24.4731 5.68349
269.862 24.441 5.68213
269.756 24.4904 5.68227
269.92 24.4979 5.68294
269.885 24.3798 5.68304
269.899 24.4938 5.68159
269.89 24.3903 5.68079
269.896 24.4274 5.67744
269.788 24.4703 5.68294
269.838 24.5143 5.68012
269.853 24.3989 5.68236
269.856 24.4235 5.68118
269.942 24.3922 5.68019
269.943 24.3894 5.68055
269.852 24.4707 5.67851
269.942 24.5043 5.68658
269.845 24.5053 5.68377
269.834 24.527 5.6823
269.812 24.4476 5.67939
269.816 24.4433 5.6792
269.85 24.39 5.68121
269.875 24.3906 5.68177
269.847 24.4481 5.68245
269.89 24.4108 5.67817
269.89 24.4186 5.67806
269.874 24.478 5.6829
269.845 24.356 5.68012
269.792 24.3994 5.68502
269.903 24.4768 5.6833
269.904 24.3785 5.68048
269.945 24.4347 5.68392
269.828 24.3682 5.6798
269.834 24.3715 5.67978
269.91 24.4088 5.68019
269.851 24.409 5.68167
269.855 24.4093 5.6816
269.949 24.4721 5.68297
269.899 24.3794 5.68109
269.915 24.4571 5.68326
269.828 24.4474 5.68168
269.823 24.4778 5.68245
269.833 24.3936 5.68211
269.933 24.4507 5.68341
269.877 24.3564 5.67989
269.89 24.3901 5.68428
269.847 24.43 5.67973
269.83 24.4564 5.68007
269.838 24.4522 5.67991
269.775 24.4584 5.68289
269.934 24.4596 5.68231
269.961 24.4714 5.68069
269.937 24.4243 5.6852
269.833 24.3798 5.67973
269.842 24.4666 5.67855
269.882 24.4911 5.68538
269.893 24.4563 5.68252
269.829 24.5255 5.68338
269.867 24.4986 5.68531
269.859 24.4395 5.68254
269.939 24.4305 5.68175
269.935 24.4278 5.68166
269.866 24.4918 5.6838
269.818 24.4505 5.68165
269.922 24.3135 5.682
269.826 24.4953 5.68414
269.918 24.4211 5.68341
269.892 24.4421 5.68158
269.934 24.3895 5.68037
269.911 24.44 5.68224
269.911 24.5242 5.68504
269.91 24.5229 5.68512
269.88 24.4675 5.68343
269.907 24.41 5.68062
269.843 24.4341 5.68235
269.833 24.3154 5.67964
269.833 24.3118 5.67971
269.874 24.4053 5.68361
269.882 24.4062 5.68356
269.867 24.2816 5.68025
269.807 24.3943 5.67999
269.895 24.49 5.68273
269.792 24.3711 5.67944
269.823 24.4431 5.68208
269.869 24.4303 5.6832
269.835 24.4909 5.68601
269.799 24.4727 5.68141
269.85 24.4866 5.68162
269.799 24.4629 5.67909
269.882 24.3987 5.68292
269.858 24.4142 5.68371
269.924 24.4188 5.68279
269.849 24.3516 5.68173
269.848 24.4683 5.68109
269.871 24.432 5.68284
269.855 24.3804 5.68019
269.837 24.3937 5.67827
269.973 24.3896 5.68088
269.863 24.4361 5.68157
269.873 24.4224 5.68244
269.831 24.3658 5.68146
269.945 24.4909 5.68098
269.929 24.504 5.68134
269.89 24.3962 5.67764
269.871 24.4028 5.68172
269.847 24.4745 5.67927
269.814 24.4405 5.68315
269.909 24.3987 5.68224
269.823 24.4517 5.68227
269.84 24.3809 5.68266
269.819 24.3606 5.68265
269.97 24.4255 5.6819
269.829 24.4436 5.67982
269.77 24.4437 5.68102
269.895 24.4189 5.68276
269.865 24.4448 5.68049
269.823 24.4157 5.68055
269.864 24.4435 5.68211
269.852 24.3343 5.68136
269.862 24.4768 5.68476
269.881 24.3788 5.68304
269.835 24.3342 5.68176
269.896 24.4307 5.67749
269.853 24.3963 5.68311
269.875 24.3812 5.68148
269.855 24.3982 5.68227
269.83 24.4279 5.67939
269.902 24.3271 5.68474
269.914 24.4085 5.68299
269.915 24.4048 5.683
269.849 24.4728 5.67855
269.853 24.3271 5.67898
269.853 24.3289 5.67909
269.873 24.4496 5.68147
269.85 24.4971 5.68381
269.847 24.5058 5.68144
269.811 24.4994 5.68229
269.819 24.4479 5.67933
269.894 24.4802 5.68472
269.869 24.3869 5.68466
269.935 24.5117 5.68473
269.899 24.4099 5.67782
269.883 24.3658 5.67897
269.892 24.3607 5.67886
269.776 24.5207 5.68077
269.775 24.5172 5.68072
269.922 24.4674 5.68444
267.684 29.7366 5.68655
