-25.5741 -87.4572 2.53228
-25.6382 -87.6114 2.53261
-25.6215 -87.4881 2.53426
-25.6629 -87.4493 2.53852
-25.7661 -87.5254 2.53423
-25.6906 -87.4778 2.5366
-25.6129 -87.6074 2.53304
-25.7511 -87.4536 2.5316
-25.6334 -87.4492 2.53597
-25.7066 -87.4121 2.53429
-25.7423 -87.376 2.53407
-25.6523 -87.3983 2.53243
-25.6398 -87.4523 2.52894
-25.5424 -87.4348 2.53424
-25.6727 -87.4791 2.52931
-25.7236 -87.4473 2.53114
-25.6502 -87.4768 2.53285
-25.6356 -87.4472 2.53295
-25.7383 -87.5733 2.53173
-25.6984 -87.5232 2.53353
-25.6208 -87.4107 2.53088
-25.6042 -87.3503 2.52982
-25.6045 -87.5809 2.53319
-25.5799 -87.5478 2.53299
-25.6833 -87.5161 2.5318
-25.6233 -87.6074 2.53416
-25.6076 -87.6038 2.53425
-25.6447 -87.5281 2.53157
-25.6072 -87.3638 2.53471
-25.6338 -87.5183 2.5335
-25.6781 -87.5097 2.53517
-25.7393 -87.4141 2.53437
-25.6949 -87.4594 2.53541
-25.6916 -87.5983 2.53736
-25.738 -87.4673 2.53021
-25.599 -87.5073 2.53673
-25.7142 -87.4474 2.53453
-25.7656 -87.4683 2.53303
-25.7294 -87.4182 2.53438
-25.7098 -87.546 2.53167
-25.5888 -87.3667 2.5335
-25.6775 -87.5855 2.53711
-25.6683 -87.4266 2.53285
-25.8873 -87.5686 2.53458
-25.7331 -87.4536 2.53237
-25.7137 -87.4825 2.53081
-25.721 -87.3981 2.53135
-25.6477 -87.544 2.53317
-25.6662 -87.4986 2.53661
-25.6768 -87.4388 2.53725
-25.6897 -87.5061 2.5316
-25.6302 -87.5637 2.53478
-25.6195 -87.5136 2.53646
-25.6559 -87.5419 2.53219
-25.7651 -87.5152 2.53585
-25.8697 -87.4904 2.53462
-25.7237 -87.4233 2.53882
-25.6937 -87.4806 2.53244
-25.55 -87.4691 2.5344
-25.59 -87.5276 2.53587
-25.6711 -87.5033 2.53377
-25.6205 -87.4342 2.53271
-25.5529 -87.4826 2.53674
-25.6037 -87.5581 2.535
-25.6197 -87.5025 2.53772
-25.809 -87.4461 2.53343
-25.5384 -87.4049 2.53864
-25.6205 -87.3875 2.53707
-25.7777 -87.3967 2.53203
-25.6746 -87.4649 2.53281
-25.6192 -87.3983 2.53341
-25.6679 -87.5728 2.53486
-25.7779 -87.4944 2.53593
-25.7966 -87.3984 2.52687
-25.6162 -87.4806 2.53364
-25.6693 -87.5226 2.53262
-25.859 -87.4742 2.53604
-25.6502 -87.3836 2.53251
-25.4783 -87.4409 2.53338
-25.542 -87.4867 2.53375
-25.5875 -87.3813 2.53445
-25.6774 -87.5288 2.53335
-25.6035 -87.375 2.53012
-25.5918 -87.5988 2.53502
-25.7365 -87.3729 2.53526
-25.5377 -87.4831 2.53656
-25.6047 -87.4733 2.53379
-25.6202 -87.4327 2.53828
-25.673 -87.5428 2.53058
-25.6915 -87.5709 2.52917
-25.7055 -87.5174 2.53022
-25.6645 -87.3883 2.53386
-25.5665 -87.5307 2.53517
-25.7312 -87.4946 2.53144
-25.704 -87.5704 2.53477
-25.6217 -87.5442 2.53668
-25.5856 -87.413 2.53285
-25.6683 -87.494 2.53076
-25.6901 -87.4774 2.53606
-25.5973 -87.5206 2.52992
-25.8635 -87.3594 2.53416
-25.7814 -87.4882 2.5294
-25.7133 -87.5108 2.53653
-25.5789 -87.4577 2.53115
-25.5797 -87.4629 2.53296
-25.5774 -87.5265 2.53382
-25.7602 -87.5018 2.53325
-25.6015 -87.4644 2.53642
-25.6552 -87.5123 2.53448
-25.6488 -87.5101 2.53621
-25.7878 -87.5841 2.53543
-25.7535 -87.5503 2.53087
-25.7052 -87.5274 2.5342
-25.7317 -87.4163 2.53133
-25.6817 -87.4456 2.53181
-25.7083 -87.4319 2.53527
-25.6396 -87.545 2.53515
-25.6251 -87.5249 2.53563
-25.7036 -87.4537 2.53195
-25.6309 -87.4427 2.53555
-25.6927 -87.4837 2.53367
-25.5962 -87.5132 2.53172
-25.7055 -87.4229 2.53349
-25.692 -87.5186 2.53357
-25.6381 -87.4515 2.53383
-25.712 -87.476 2.53431
-25.73 -87.4558 2.53294
-25.5969 -87.5509 2.5345
-25.6658 -87.5233 2.53073
-25.7223 -87.5071 2.53014
-25.8055 -87.4634 2.5311
-25.5993 -87.5438 2.53437
-25.5332 -87.4908 2.53369
-25.6479 -87.4495 2.53136
-25.6355 -87.6141 2.53556
-25.5981 -87.595 2.53392
-25.6252 -87.5602 2.53633
-25.7878 -87.5805 2.53505
-25.7488 -87.4827 2.53539
-25.5184 -87.492 2.53285
-25.6474 -87.4914 2.53747
-25.6652 -87.3974 2.5374
-25.6442 -87.4231 2.53241
-25.7168 -87.5183 2.53294
-25.7156 -87.4697 2.53405
-25.8252 -87.5276 2.53439
-25.6951 -87.4327 2.53343
-25.6066 -87.4441 2.52986
-25.6243 -87.4739 2.53234
-25.5597 -87.4835 2.53445
-25.5535 -87.4146 2.53177
-25.6871 -87.525 2.53016
-25.6301 -87.5463 2.53395
-25.6769 -87.3448 2.53294
-25.6705 -87.3792 2.53357
-25.7495 -87.4772 2.53456
-25.5665 -87.4363 2.53387
-25.5606 -87.4137 2.53192
-25.5937 -87.6285 2.53204
-25.6432 -87.6305 2.53224
-25.8127 -87.3965 2.53232
-25.7252 -87.4747 2.53432
-25.72 -87.4424 2.53371
-25.6137 -87.5196 2.53522
-25.5788 -87.3947 2.52994
-25.6324 -87.3987 2.53027
-25.6282 -87.483 2.53555
-25.7066 -87.4272 2.52921
-25.6547 -87.393 2.53197
-25.6545 -87.3996 2.53179
-25.7481 -87.4361 2.53385
-25.7249 -87.4964 2.5299
-25.6774 -87.4452 2.53079
-25.6174 -87.4141 2.53269
-25.6265 -87.5321 2.53706
-25.706 -87.4197 2.53517
-25.6983 -87.3505 2.53323
-25.6172 -87.2805 2.5345
-25.6625 -87.3385 2.53595
-25.6968 -87.437 2.53252
-25.5964 -87.5765 2.53513
-25.6794 -87.4612 2.53389
-25.6476 -87.3944 2.53888
-25.7881 -87.5023 2.53236
-25.6101 -87.4427 2.53256
-25.646 -87.3457 2.53462
-25.7384 -87.3222 2.53368
-25.6353 -87.5779 2.53101
-25.6028 -87.4524 2.53258
-25.6019 -87.4424 2.5337
-25.613 -87.4787 2.53598
-25.5908 -87.6059 2.53518
-25.7052 -87.5052 2.53448
-25.7653 -87.5157 2.53296
-25.7633 -87.5595 2.53442
-25.8324 -87.4296 2.53337
-25.5733 -87.6175 2.53687
-25.4802 -87.4309 2.53613
-25.635 -87.4273 2.53548
-25.6254 -87.3846 2.53587
-25.6006 -87.5376 2.53367
-25.7059 -87.5446 2.53381
-25.6334 -87.4382 2.53585
-25.6199 -87.3937 2.53436
-25.6819 -87.4738 2.53444
-25.629 -87.4145 2.53139
-25.7065 -87.4491 2.53304
-25.7502 -87.5083 2.52984
-25.7003 -87.5963 2.53283
-25.6393 -87.5111 2.53339
-25.5721 -87.4515 2.53207
-25.4945 -87.46 2.53202
-25.5433 -87.3962 2.5339
-25.5384 -87.3989 2.53495
-25.4899 -87.3974 2.53798
-25.6064 -87.4022 2.52976
-25.6248 -87.4451 2.53164
-25.6979 -87.4312 2.53105
-25.5932 -87.5327 2.53602
-25.5476 -87.4902 2.53405
-25.6932 -87.526 2.53105
-25.5753 -87.4547 2.53348
-25.6936 -87.4462 2.53828
-25.7292 -87.4258 2.53689
-25.7131 -87.4489 2.5344
-25.7664 -87.5039 2.53236
-25.7053 -87.4142 2.53344
-25.6444 -87.5194 2.53409
-25.6816 -87.5233 2.53477
-25.654 -87.5572 2.53129
-25.6303 -87.5126 2.53307
-25.6594 -87.4777 2.5335
-25.5746 -87.4244 2.53406
-25.638 -87.4175 2.53554
-25.5507 -87.4966 2.53404
-25.5936 -87.4465 2.53523
-25.5794 -87.423 2.5346
-25.6645 -87.5196 2.53334
-25.6621 -87.5331 2.53226
-25.5854 -87.5164 2.53565
-25.6648 -87.4617 2.53188
-25.709 -87.452 2.5312
-25.583 -87.55 2.53716
-25.7785 -87.4796 2.53211
-25.724 -87.5154 2.53357
-25.681 -87.4667 2.53519
-25.6994 -87.5136 2.53336
-25.6385 -87.4703 2.53287
-25.7482 -87.507 2.53675
-25.7126 -87.4467 2.53428
-25.5545 -87.4067 2.52965
-25.6057 -87.4103 2.53194
-25.6438 -87.3997 2.53222
-25.7181 -87.4655 2.53396
-25.6218 -87.5361 2.53435
-25.6653 -87.5137 2.53649
-25.6714 -87.4465 2.53091
-25.7095 -87.5141 2.53355
-25.7577 -87.4039 2.53296
-25.6761 -87.4376 2.53257
-25.684 -87.4631 2.53409
-25.7844 -87.4471 2.5359
-25.7691 -87.5607 2.53616
-25.5821 -87.4938 2.53468
-25.6809 -87.5263 2.53087
-25.751 -87.4548 2.53666
-25.6126 -87.4201 2.53233
-25.6443 -87.4221 2.53458
-25.6951 -87.6558 2.53981
-25.564 -87.5304 2.5358
-25.6637 -87.4809 2.52908
-25.6635 -87.4459 2.53136
-25.6326 -87.4767 2.53023
-25.6719 -87.4855 2.53566
-25.6519 -87.5637 2.53469
-25.6871 -87.4955 2.53511
-25.7344 -87.5017 2.53258
-25.6283 -87.4631 2.53217
-25.6051 -87.4553 2.53489
-25.7114 -87.4753 2.53352
-25.6951 -87.4463 2.53471
-25.5375 -87.4805 2.53513
-25.6001 -87.433 2.53032
-25.7411 -87.4769 2.52994
-25.6852 -87.5022 2.53459
-25.7151 -87.5297 2.53492
-25.5864 -87.4917 2.5348
-25.6606 -87.4112 2.5329
-25.6626 -87.525 2.53112
-25.6176 -87.3643 2.53199
-25.639 -87.5537 2.53787
-25.6293 -87.5643 2.53397
-25.7222 -87.561 2.53394
-25.7281 -87.5001 2.53314
-25.6682 -87.5084 2.53074
-25.7045 -87.508 2.53519
-25.5841 -87.3835 2.53442
-25.653 -87.5558 2.53261
-25.6879 -87.5365 2.53365
-25.5813 -87.3925 2.53354
-25.6653 -87.4989 2.53532
-25.6915 -87.4823 2.53352
-25.8102 -87.4804 2.5347
-25.6232 -87.4556 2.53507
-25.7085 -87.4938 2.53485
-25.566 -87.5985 2.53503
-25.8368 -87.4605 2.53456
-25.618 -87.5158 2.5316
-25.6096 -87.417 2.53357
-25.724 -87.4104 2.52901
-25.6856 -87.5347 2.5364
-25.5842 -87.2929 2.5353
-25.6209 -87.4765 2.53178
-25.6753 -87.4626 2.53192
-25.6494 -87.4463 2.53405
-25.7083 -87.3732 2.53113
-25.7129 -87.5334 2.53212
-25.6125 -87.4243 2.53681
-25.6334 -87.4237 2.53304
-25.7821 -87.4793 2.53837
-25.7401 -87.5449 2.53193
-25.6567 -87.3483 2.53097
-25.6981 -87.5259 2.53441
-25.6358 -87.4207 2.53482
-25.59 -87.441 2.53273
-25.6011 -87.4521 2.53421
-25.6205 -87.4753 2.53695
-25.6349 -87.4228 2.53466
-25.7163 -87.5204 2.5329
-25.5037 -87.3881 2.53508
-25.658 -87.4404 2.53361
-25.6645 -87.4992 2.53357
-25.6333 -87.6224 2.53697
-25.6509 -87.4899 2.53536
-25.5921 -87.4382 2.53321
-25.588 -87.5523 2.53343
-25.8272 -87.4273 2.53563
-25.8192 -87.5743 2.53624
-25.6788 -87.4192 2.53392
-25.6652 -87.4078 2.53246
-25.626 -87.4074 2.53346
-25.611 -87.5672 2.53294
-25.6607 -87.5363 2.53484
-25.8301 -87.4862 2.53706
-25.6273 -87.3777 2.53094
-25.732 -87.4221 2.53103
-25.7801 -87.443 2.53555
-25.5777 -87.3896 2.53755
-25.5358 -87.3885 2.53547
-25.7161 -87.5577 2.53544
-25.6002 -87.5877 2.53467
-25.7422 -87.3994 2.53612
-25.5948 -87.4554 2.53383
-25.652 -87.4959 2.53456
-25.6496 -87.3946 2.53478
-25.7591 -87.4749 2.53114
-25.5402 -87.446 2.53188
-25.7338 -87.5619 2.53324
-25.7069 -87.49 2.53222
-25.6482 -87.4726 2.53665
-25.6111 -87.5336 2.5359
-25.6225 -87.4432 2.53407
-25.6972 -87.4076 2.53247
-25.7437 -87.511 2.53295
-25.636 -87.4987 2.53433
-25.5738 -87.5174 2.53236
-25.5235 -87.3889 2.53552
-25.6065 -87.4231 2.53553
-25.6363 -87.5582 2.53128
-25.6656 -87.544 2.53214
-25.6596 -87.4967 2.53094
-25.5459 -87.5437 2.5326
-25.6132 -87.4816 2.53327
-25.6507 -87.4843 2.53251
-25.6709 -87.4853 2.53106
-25.6612 -87.5426 2.5353
-25.6801 -87.3836 2.53498
-25.6833 -87.7013 2.53252
-25.6788 -87.5072 2.53156
-25.6761 -87.4767 2.53525
-25.5859 -87.431 2.5317
-25.5917 -87.4529 2.53668
-25.6424 -87.4952 2.53111
-25.7059 -87.4974 2.53519
-25.6923 -87.3975 2.53581
-25.6711 -87.4162 2.53459
-25.6811 -87.5585 2.53468
-25.6581 -87.526 2.53502
-25.7389 -87.5435 2.53317
-25.6796 -87.5486 2.53459
-25.6601 -87.4812 2.52798
-25.6923 -87.3257 2.53671
-25.7569 -87.5867 2.53343
-25.6776 -87.4281 2.53408
-25.7009 -87.3811 2.5303
-25.6411 -87.4154 2.53476
-25.712 -87.4472 2.533
-25.6915 -87.3094 2.53214
-25.6739 -87.487 2.53589
-25.5832 -87.5402 2.53264
-25.6183 -87.5264 2.53524
-25.4852 -87.4151 2.53237
-25.6192 -87.552 2.53352
-25.7942 -87.4401 2.53679
-25.5395 -87.4971 2.53472
-25.6233 -87.4366 2.53392
-25.7355 -87.4451 2.53042
-25.7303 -87.4743 2.53544
-25.5024 -87.457 2.53245
-25.7035 -87.431 2.53746
-25.5997 -87.465 2.53425
-25.7128 -87.405 2.53184
-25.5541 -87.5069 2.53412
-25.6822 -87.5206 2.53201
-25.7728 -87.4471 2.52985
-25.6694 -87.5118 2.53461
-25.6526 -87.5171 2.53603
-25.6058 -87.3977 2.53165
-25.7026 -87.4963 2.53721
-25.611 -87.4176 2.52989
-25.6332 -87.5563 2.53316
-25.6472 -87.4155 2.53256
-25.5593 -87.5598 2.5345
-25.7288 -87.489 2.53825
-25.6697 -87.5006 2.53678
-25.6688 -87.5164 2.53702
-25.695 -87.5273 2.53019
-25.7529 -87.4404 2.53006
-25.6683 -87.5336 2.53579
-25.7124 -87.4438 2.53146
-25.6797 -87.4072 2.53256
-25.6703 -87.4343 2.534
-25.7731 -87.3975 2.53276
-25.5678 -87.488 2.53422
-25.6548 -87.447 2.53538
-25.5794 -87.3493 2.53506
-25.7114 -87.4296 2.5302
-25.6282 -87.4184 2.53467
-25.6457 -87.3858 2.53544
-25.7161 -87.3773 2.5308
-25.7109 -87.54 2.53138
-25.626 -87.4478 2.53751
-25.7991 -87.4375 2.53376
-25.725 -87.5797 2.53313
-25.6034 -87.3996 2.53279
-25.7595 -87.4964 2.53482
-25.6212 -87.4076 2.53505
-25.6369 -87.492 2.53382
-25.5994 -87.4425 2.53305
-25.6103 -87.3956 2.53496
-25.5185 -87.4489 2.53163
-25.6003 -87.4992 2.53516
-25.7096 -87.4537 2.53297
-25.5524 -87.4148 2.536
-25.6524 -87.4688 2.53514
-25.6132 -87.4784 2.53474
-25.5508 -87.447 2.53747
-25.7673 -87.5931 2.52987
-25.577 -87.5362 2.53646
-25.7462 -87.454 2.53608
-25.7035 -87.4097 2.53487
-25.6948 -87.4665 2.53345
-25.6762 -87.3955 2.53223
-25.5916 -87.4098 2.53288
-25.6648 -87.5163 2.5331
-25.6571 -87.4376 2.53342
-25.7434 -87.5035 2.53215
-25.5623 -87.4889 2.53331
-25.7253 -87.461 2.53345
-25.6855 -87.4585 2.53525
-25.5197 -87.4234 2.536
-25.4408 -87.4706 2.53276
-25.5839 -87.3867 2.53078
-25.6197 -87.6075 2.53408
-25.7158 -87.6466 2.53195
-25.5696 -87.4513 2.53331
-25.648 -87.4415 2.53343
-25.6897 -87.5386 2.53725
-25.6972 -87.488 2.5365
-25.6475 -87.4232 2.5318
-25.7553 -87.5114 2.53176
-25.7147 -87.4773 2.53097
-25.6524 -87.4595 2.53546
-25.7098 -87.4535 2.53034
-25.6924 -87.4752 2.53423
-25.6816 -87.4735 2.53303
-25.6149 -87.446 2.53612
-25.5772 -87.4397 2.53613
-25.6076 -87.5041 2.53664
-25.7536 -87.5787 2.53302
-25.6492 -87.4647 2.53231
-25.69 -87.514 2.53302
-25.7478 -87.4076 2.53325
-25.6046 -87.4606 2.53167
-25.6722 -87.4993 2.53355
-25.6026 -87.5102 2.53423
-25.6731 -87.439 2.53166
-25.6949 -87.4812 2.53265
-25.587 -87.4902 2.53686
-25.139 -84.5906 2.52229
