171.014 23.0957 0.0705368
171.066 23.048 0.0737488
171.14 23.0743 0.0684218
171.006 23.099 0.0680488
171.02 23.0532 0.0724359
171.056 23.1305 0.0717109
171.033 23.0474 0.068876
171.06 23.0767 0.0695275
171.029 23.1883 0.0716674
170.988 23.177 0.0714648
170.99 23.0848 0.0672768
171.137 23.2067 0.0720732
171.007 23.0733 0.0714264
171.161 23.14 0.0710877
171.171 23.1354 0.0710123
171.069 23.1809 0.0711118
170.981 23.0111 0.0729699
170.985 23.0568 0.0717095
170.952 23.1211 0.0710636
171.051 23.0471 0.0725881
171.1 23.1367 0.0722163
171.054 23.0748 0.0692285
171.076 23.1324 0.0708192
171.071 23.1296 0.0709226
171.001 23.0398 0.0745314
171.06 23.136 0.0717301
171.029 23.0392 0.0743011
171.07 23.19 0.07153
171.04 23.1312 0.0725042
171.057 23.1661 0.0715363
171.059 23.167 0.0711313
171.063 23.1715 0.0712004
171.096 23.1488 0.0693328
171.104 23.1794 0.0688861
171.062 23.0304 0.0703812
170.981 23.111 0.0726794
170.993 23.0822 0.0714023
170.995 23.08 0.0714963
171.071 23.1289 0.0685591
170.935 23.0751 0.0718624
171.064 23.2067 0.0745036
171.103 23.161 0.0714179
171.177 23.1186 0.0695641
170.993 23.0208 0.072019
171.076 23.0406 0.0718591
171.029 22.9934 0.0719815
170.97 23.068 0.0708193
170.969 23.0679 0.0708064
170.945 23.0783 0.0689207
170.947 23.0756 0.0689089
171.004 23.1697 0.0691266
171.061 23.0942 0.070414
170.987 23.1754 0.0698258
171.066 23.0696 0.0722671
171.066 23.0708 0.0722213
170.967 23.1048 0.0726435
170.972 23.1059 0.0729146
170.97 23.1063 0.07268
171.037 23.13 0.0717058
171.03 23.1313 0.0717155
170.993 23.0515 0.0734467
171.012 23.1059 0.0716344
171.012 23.1025 0.0716747
170.988 23.1669 0.0698372
170.992 23.1704 0.0698651
170.988 23.0953 0.0722501
171.004 23.1225 0.0682868
170.97 23.1779 0.0707482
171.149 23.2137 0.0720192
171.044 23.0324 0.0691872
170.901 23.1376 0.0735735
170.902 23.1326 0.0732138
171.042 23.161 0.0681797
171.047 23.1592 0.0683006
171.022 23.0545 0.0718398
171.044 23.0516 0.0732695
171.016 23.183 0.0723811
171.151 23.1603 0.0687351
171.028 23.109 0.072437
171.031 23.1068 0.0723818
171.029 23.1074 0.0724902
171.04 23.0371 0.0696813
170.991 23.1444 0.0675042
171.084 23.0675 0.0704342
170.999 23.0836 0.0712252
170.994 23.0838 0.0710975
171.108 23.1235 0.072056
171.133 23.1304 0.0702202
170.982 23.2298 0.0741032
170.983 23.0637 0.0732868
171.006 23.129 0.0719025
170.97 23.1658 0.071533
170.972 23.1696 0.0714961
171.022 23.0643 0.0726367
170.946 22.9719 0.0686022
171.044 23.1244 0.0691318
171.033 23.1236 0.0691904
171.039 23.1192 0.0690574
171.049 23.1011 0.0690959
171.022 23.0401 0.0714212
170.957 23.0855 0.072439
170.951 23.0382 0.0738661
170.944 23.0825 0.0738684
170.949 23.0894 0.0735839
171.037 23.1677 0.0699953
171.092 23.1646 0.0704371
170.971 23.0708 0.072425
171.076 22.98 0.074211
171.085 23.1832 0.0730886
171.041 23.1376 0.0700795
170.994 23.0737 0.0720581
170.985 23.0558 0.0673562
171.025 23.1119 0.069368
171.027 23.1113 0.0694189
171.088 23.0911 0.072988
170.91 23.1242 0.070762
171.03 23.1711 0.0710985
171.155 23.117 0.0675015
171.151 23.117 0.0674436
171.054 23.1538 0.0735098
171.011 23.15 0.0687813
171.016 23.1439 0.074598
171.026 23.1423 0.07447
171.081 23.0992 0.0707872
171.069 23.0119 0.0717151
171.047 23.1206 0.0706477
171.073 23.062 0.0724079
170.968 23.1763 0.0751771
171.063 23.1054 0.0724501
170.996 23.0149 0.0681049
170.967 23.0995 0.0730849
170.945 23.0525 0.0671953
170.951 23.0451 0.0671947
171.064 23.1224 0.0684664
171.025 23.0863 0.0690345
171.071 23.0622 0.0724439
171.072 23.0634 0.0724538
170.992 23.004 0.0720584
171.042 23.1686 0.0691409
171.093 23.1336 0.0705486
170.955 23.1707 0.0711781
171.014 23.0074 0.0737916
171.008 23.0075 0.0737812
170.986 23.1364 0.0699955
171.003 23.0752 0.0727618
171.008 23.0723 0.0726959
170.994 23.1762 0.0721931
171.084 23.2107 0.074089
171.054 23.1415 0.071396
171.035 23.1341 0.0723166
171.147 23.0596 0.0725892
171.062 23.1143 0.0680347
170.97 23.1155 0.0753085
170.997 23.03 0.0698244
171.051 23.0534 0.0744592
170.926 23.1518 0.072735
171.034 23.117 0.0735802
170.964 23.0796 0.0720468
171.155 23.1304 0.0767789
170.966 23.1256 0.0750759
170.983 23.187 0.0748891
171.018 23.0575 0.0708197
170.974 23.1554 0.0734247
171.035 23.1434 0.0732353
171.109 23.092 0.0712412
171.065 23.0842 0.0716242
171.071 23.0863 0.0729002
171.015 23.0769 0.0739519
171.155 23.1568 0.0705404
171.025 23.2094 0.0745664
171.005 23.0028 0.0710866
171.018 23.0709 0.0705903
171.019 23.0711 0.0706002
171.003 22.9678 0.0719724
170.906 23.1008 0.0718616
170.905 23.0997 0.0716537
171.094 23.0544 0.0739162
170.956 23.2085 0.0723038
171.077 23.1459 0.0703777
171.042 23.175 0.0733315
171.06 23.1716 0.0751824
171.086 23.0491 0.0704343
171.039 23.1789 0.0712808
171.023 23.0666 0.0690714
171.018 23.1023 0.070359
171.046 23.1794 0.0711498
170.983 23.1306 0.068292
171.105 23.0078 0.0730232
171.102 23.0233 0.0710384
170.95 23.1523 0.0761188
171.044 23.1378 0.0702603
171.035 23.1475 0.0680266
170.996 23.0324 0.0695494
171.007 23.0998 0.0701518
171.01 23.0999 0.0698626
171.02 23.0703 0.0720578
170.928 23.0546 0.073565
171.038 23.0077 0.0704747
171.011 23.1618 0.0731229
171.059 22.9935 0.0725248
171.031 23.0372 0.0680247
171.049 23.1404 0.0718956
170.971 23.0511 0.0693133
170.958 23.0906 0.0737885
171.009 23.1069 0.0672369
171.077 23.1106 0.0753246
171.028 23.0827 0.0731173
171.032 23.0819 0.0731454
171.054 23.0462 0.0722158
171.055 23.1204 0.0713986
171.052 23.0838 0.0725302
171.044 23.1067 0.0710607
171.053 23.217 0.0725191
171.001 23.0393 0.0729416
170.971 23.1579 0.0729643
171.078 23.1001 0.0699355
170.965 23.0253 0.0728588
171.043 23.059 0.0707473
170.979 23.1157 0.068903
170.999 23.1817 0.0701404
171.087 23.0932 0.0711606
171.055 23.0436 0.0711115
171.067 23.1961 0.0686984
171.043 23.1309 0.0700905
171.027 23.1248 0.0717777
171.027 23.1207 0.0716919
171.052 23.0466 0.0689469
171.074 23.1006 0.0710346
170.98 23.0456 0.0688084
171.11 23.1488 0.0722175
171.049 23.0229 0.0695563
171.017 23.1709 0.0677268
171.003 23.1483 0.0732775
171.05 23.0676 0.0716675
171.077 23.1787 0.0738657
171.009 23.13 0.071354
170.967 23.1065 0.0732264
170.948 23.0699 0.0689764
170.97 23.0741 0.0720938
171.014 23.1029 0.0704479
171.156 23.1326 0.0697503
171.098 23.0254 0.0708016
170.926 23.1009 0.0717328
170.927 23.099 0.0715305
171.055 23.1254 0.0714335
170.987 23.0208 0.0711733
170.992 23.0244 0.0712502
171.033 23.0429 0.0691207
171.067 23.0935 0.0747633
171.059 23.081 0.0696354
171.048 23.1755 0.0684135
170.988 23.1726 0.0713908
170.987 23.1778 0.0715835
170.989 23.0868 0.0672993
171.069 23.0905 0.0691857
171.046 23.0428 0.0688254
171.009 23.0807 0.0713497
171.008 23.0776 0.0714748
171.064 23.1847 0.0714122
171.049 23.1131 0.0708229
171.048 23.0585 0.0703026
171.054 23.0481 0.072685
171.072 23.1294 0.0709836
171.005 23.0356 0.074295
171.036 23.0452 0.0739334
171.098 23.1091 0.0671615
170.982 23.095 0.0702712
170.985 23.0915 0.070165
171.058 23.1753 0.0713109
171.034 23.0518 0.0703314
170.919 23.1197 0.0718966
170.975 23.0642 0.0715429
170.98 23.1079 0.0724591
171.073 23.0299 0.0726711
170.985 23.0803 0.0713408
170.997 23.0155 0.0703276
171.012 23.1312 0.0696945
170.999 23.1352 0.0700713
171.072 23.2061 0.0745697
171.043 23.0462 0.071421
170.958 23.1212 0.0702147
171.089 23.1523 0.0718003
171.076 23.0362 0.0722334
171.068 23.0364 0.0719895
170.979 23.1297 0.0664866
171.087 22.972 0.0733837
171.014 23.1422 0.0721847
171.062 23.0981 0.0702846
171.065 23.0922 0.0704095
170.957 23.1409 0.073362
171.029 23.0675 0.0694265
170.987 23.0138 0.0696171
170.967 23.104 0.0726175
171.099 23.1268 0.0669119
170.989 23.054 0.0734932
171.075 23.0878 0.0671245
170.993 23.1037 0.0723682
171.076 23.0738 0.071993
170.965 23.1775 0.0706717
171.014 23.108 0.0752382
171.015 23.112 0.0752986
171.043 23.0247 0.0691809
171.027 23.0233 0.0694209
170.902 23.1352 0.07338
170.903 23.1376 0.0734292
171.041 23.0483 0.07321
171.02 23.1803 0.0725092
171.015 23.182 0.0724887
171.033 23.0006 0.0698446
171.108 23.145 0.0733041
171.046 23.2082 0.0743865
171.109 23.1103 0.0693851
171.166 23.106 0.0719951
170.936 23.0923 0.0718801
170.942 23.1106 0.0749201
170.98 23.2327 0.074123
170.98 23.065 0.073104
171.005 23.1246 0.0719318
170.973 23.1688 0.0714099
171.059 23.0906 0.0716803
171.024 23.0696 0.0726136
170.994 23.1826 0.0705905
170.995 23.173 0.0707569
170.989 23.1096 0.0702355
170.997 23.1161 0.0710454
170.95 23.0387 0.073919
171.143 23.0203 0.0699261
170.948 23.0941 0.0735404
171.106 23.062 0.0714376
171.014 23.0325 0.0707552
171.02 23.0274 0.0707031
171.092 23.0906 0.0745373
170.971 23.0678 0.0723254
171.04 23.2008 0.0723439
171.043 23.0224 0.0722463
171.081 23.1852 0.0731819
171.079 23.1863 0.0731252
171.081 23.0875 0.0716241
171.082 23.0833 0.0716519
170.984 23.0501 0.0673833
171.076 23.1248 0.0728117
171.035 23.0946 0.0724055
171.029 23.1711 0.0709122
171.047 23.1443 0.0690598
171.046 23.1479 0.0689665
171.044 23.155 0.0726922
170.958 23.1142 0.0713274
171.049 23.1576 0.0734644
171.053 23.1564 0.0736138
171.062 23.0776 0.0697677
171.024 23.1474 0.0746956
171.136 23.1271 0.0705402
171.238 23.1827 0.0730015
171.02 23.0251 0.0706956
171.059 23.0476 0.0693899
171.012 23.143 0.0711295
170.967 23.1741 0.0750587
171.046 23.0901 0.0709469
171.064 23.052 0.0711662
171.001 23.0224 0.0680441
170.973 23.0911 0.0733073
171.065 23.1248 0.0684468
171.022 23.0876 0.0690833
171.071 23.0684 0.0723031
170.994 23.0054 0.0721516
170.904 23.1274 0.0734521
171.1 23.1335 0.0707481
170.952 23.1621 0.0712013
171.009 23.0084 0.0739357
170.952 23.0621 0.0707783
170.992 23.1359 0.0697854
170.984 23.1362 0.0699121
171.002 23.0727 0.072773
171.038 23.0276 0.0717965
171.021 23.1411 0.0709878
171.053 23.0958 0.0703847
171.049 23.1443 0.072934
171.061 23.2709 0.0710393
170.962 23.0334 0.0694621
171.024 23.1542 0.0749515
171.018 23.082 0.0706029
170.929 23.1505 0.0725994
171.035 23.1152 0.0738612
171.044 23.0686 0.0674921
170.963 23.0788 0.0720162
170.96 23.119 0.0750306
171.073 23.0567 0.0722691
171.018 23.0666 0.0708604
170.976 23.1545 0.0734111
171.083 23.159 0.0687241
170.975 23.1034 0.0739643
171.063 23.0839 0.0715277
171.015 23.0754 0.0738933
171.015 23.1359 0.0699673
171.109 23.122 0.0722067
171.09 23.0247 0.0672621
170.998 22.9712 0.0717983
171.036 23.0099 0.071572
171.114 23.1252 0.0674603
170.994 23.0919 0.0710081
171.057 23.0904 0.0691184
171.125 23.0693 0.0702398
171.075 23.1461 0.0702702
171.078 23.1477 0.0702018
171.001 23.0314 0.070564
170.999 23.0278 0.0705796
170.987 23.0473 0.0709091
171.05 23.1739 0.0712098
171.041 23.1783 0.0711915
170.989 23.0883 0.0731677
171.033 23.0337 0.0706273
171.02 23.1051 0.0705494
171.046 23.1771 0.0711172
171.044 23.0644 0.0696068
171.114 23.1129 0.0705625
171.037 23.1908 0.0721289
171.043 23.1374 0.0699529
171.04 23.1365 0.0701042
171.007 23.1228 0.0707944
171.005 23.0973 0.0701567
171.072 22.9986 0.0720391
171.074 22.9974 0.0721164
171.002 23.0438 0.0698514
170.932 23.0618 0.0733704
170.933 23.056 0.073474
171.041 23.0035 0.0704567
171.013 23.1647 0.0730672
171.013 23.1615 0.073087
171.01 23.1579 0.0692212
171.03 23.1439 0.0712596
171.031 23.1409 0.0713668
170.967 23.025 0.0716379
170.965 23.0553 0.0692779
170.956 23.0901 0.0736892
171.005 22.9995 0.0729518
171.012 23.1023 0.0670971
171.061 23.1085 0.0718751
171.059 23.1032 0.0719701
170.862 23.131 0.0715906
171.027 23.0859 0.073175
171.027 23.0901 0.0705838
170.976 23.1556 0.070305
171.044 23.0769 0.0722387
171.046 23.1147 0.0710531
171.089 23.0513 0.0697775
171.087 23.0577 0.0696047
170.971 23.0749 0.0739462
171.002 23.1148 0.0708418
171.064 23.0746 0.0714615
171.107 23.0464 0.0678927
171.046 23.0595 0.0707515
171.013 23.0557 0.069064
171.016 23.1414 0.0725016
170.973 23.1097 0.0716878
170.974 23.1116 0.0715765
171.09 23.0975 0.0713772
171.087 23.0971 0.071387
170.977 23.0369 0.0687866
171.058 23.0772 0.0706051
171.052 23.0477 0.0688367
171.077 23.0997 0.0709645
171.08 23.0995 0.0708899
171.115 23.1595 0.0721314
171.047 23.0198 0.0694795
171.155 23.126 0.0710823
171.01 23.1381 0.0730657
170.975 23.1236 0.0714277
171.051 23.0687 0.0715998
171.053 23.0713 0.0716603
171.006 23.1419 0.0711534
170.965 23.108 0.0733092
171.046 23.1097 0.0706162
170.969 23.081 0.0721941
170.968 23.0778 0.0722616
170.969 23.1022 0.0675472
171.064 23.0531 0.0739058
171.012 23.0988 0.0679224
171.022 23.0521 0.0722716
171.061 23.1153 0.0721003
171.06 23.1168 0.0723827
171.059 23.0552 0.0687423
171.104 23.1282 0.0684822
170.979 23.1796 0.0716414
170.99 23.0838 0.0675106
171.034 23.0109 0.0675971
171.003 23.0715 0.0711982
171.002 23.0754 0.0713458
171.166 23.1452 0.0709471
170.982 23.0129 0.0729753
171.09 23.0166 0.0687563
170.966 23.0879 0.0667617
170.952 23.1299 0.0712205
171.05 23.0486 0.0725849
171.051 23.069 0.0694466
171.005 23.0407 0.0743231
171.064 23.1417 0.0717103
171.027 23.0421 0.0739185
171.099 23.1098 0.0672506
170.985 23.0961 0.0701864
168.373 26.8975 0.0943995
