-41.1853 -50.0054 1.58356
-41.269 -50.1341 1.58054
-41.2131 -50.1331 1.57833
-41.1721 -50.0711 1.58261
-41.225 -50.1477 1.58159
-41.1995 -50.0771 1.57991
-41.2737 -50.1586 1.58114
-41.2478 -50.1911 1.58164
-41.2441 -50.188 1.58325
-41.1234 -50.1499 1.58228
-41.2021 -50.1241 1.58233
-41.1622 -50.0892 1.58461
-41.2735 -50.1273 1.5845
-41.2558 -50.1992 1.58268
-41.2505 -50.1121 1.58204
-41.2573 -50.109 1.58195
-41.1535 -50.1558 1.58397
-41.2083 -50.1082 1.58315
-41.165 -50.238 1.58285
-41.2398 -50.1012 1.58075
-41.2321 -50.0754 1.57908
-41.1764 -50.0558 1.58458
-41.1678 -50.1975 1.58493
-41.2574 -50.1606 1.5828
-41.2085 -50.1556 1.58265
-41.1258 -50.0878 1.58423
-41.1208 -50.0918 1.58431
-41.2272 -50.0851 1.58386
-41.2139 -50.1436 1.58324
-41.2037 -50.0588 1.58216
-41.162 -50.1431 1.58375
-41.2013 -50.13 1.58239
-41.2059 -50.1109 1.58444
-41.295 -50.1466 1.58448
-41.1427 -50.0701 1.58128
-41.2789 -50.2893 1.58519
-41.2093 -50.0996 1.58308
-41.1883 -50.1441 1.58268
-41.1618 -50.1206 1.58048
-41.221 -50.0999 1.58231
-41.1699 -50.0317 1.58118
-41.2203 -50.1651 1.58531
-41.1662 -50.1233 1.58129
-41.1742 -50.0882 1.58195
-41.1208 -50.1022 1.58292
-41.2526 -50.1586 1.58428
-41.205 -50.0513 1.58023
-41.1786 -50.0977 1.58094
-41.1736 -50.0903 1.5811
-41.1845 -50.1395 1.58122
-41.2344 -50.079 1.5818
-41.1845 -50.1457 1.58267
-41.1402 -50.1205 1.58323
-41.1635 -50.0486 1.58278
-41.1941 -50.1241 1.58331
-41.1731 -50.1052 1.58296
-41.2692 -50.2067 1.58616
-41.1309 -50.053 1.58367
-41.1338 -50.0522 1.5836
-41.2403 -50.1323 1.58019
-41.1833 -50.1888 1.58401
-41.2677 -50.2053 1.58092
-41.2283 -50.1259 1.58227
-41.2177 -50.0646 1.58113
-41.2034 -50.0506 1.58163
-41.2431 -50.103 1.58268
-41.2545 -50.161 1.57953
-41.2699 -50.1315 1.58311
-41.1693 -50.0772 1.58238
-41.2212 -50.1402 1.58156
-41.2634 -50.171 1.58528
-41.1995 -50.0731 1.58116
-41.2009 -50.0727 1.57905
-41.1183 -50.1529 1.58219
-41.2499 -50.1094 1.58033
-41.2167 -50.0718 1.57815
-41.1665 -50.0855 1.58486
-41.168 -50.0902 1.58476
-41.2151 -50.2235 1.5816
-41.167 -50.0659 1.58167
-41.2526 -50.1111 1.58199
-41.2984 -50.1941 1.58761
-41.2412 -50.1839 1.58523
-41.1529 -50.1637 1.58394
-41.2546 -50.1214 1.58507
-41.2066 -50.1035 1.58316
-41.2365 -50.0632 1.58194
-41.2138 -50.1582 1.5802
-41.174 -50.1132 1.58233
-41.1807 -50.0531 1.58456
-41.2378 -50.1059 1.57992
-41.2163 -50.1544 1.58243
-41.2264 -50.0881 1.58399
-41.2067 -50.0541 1.58201
-41.1921 -50.2028 1.581
-41.2418 -50.1708 1.58027
-41.2616 -50.1084 1.58081
-41.3125 -50.2024 1.58529
-41.1903 -50.0802 1.58082
-41.2033 -50.0949 1.58312
-41.2018 -50.0968 1.58319
-41.1826 -50.1416 1.58248
-41.1876 -50.1402 1.58278
-41.2634 -50.1287 1.58229
-41.2478 -50.1515 1.58162
-41.2263 -50.0949 1.58211
-41.1751 -50.0302 1.58123
-41.171 -50.0386 1.5813
-41.213 -50.264 1.58443
-41.1972 -50.0375 1.57844
-41.1187 -50.0963 1.58297
-41.1659 -50.1176 1.58213
-41.1316 -50.0656 1.58007
-41.1793 -50.0922 1.581
-41.2327 -50.0827 1.58181
-41.1853 -50.1448 1.58272
-41.2483 -50.1317 1.58398
-41.1359 -50.1205 1.58316
-41.237 -50.1509 1.58361
-41.2387 -50.1482 1.58354
-41.2814 -50.1464 1.58143
-41.1346 -50.0514 1.58357
-41.1344 -50.0514 1.58374
-41.1951 -50.0268 1.58419
-41.2183 -50.0987 1.58516
-41.1476 -50.0473 1.57942
-41.2298 -50.1221 1.58239
-41.2203 -50.177 1.58416
-41.2554 -50.0983 1.58172
-41.1984 -50.0493 1.58151
-41.1966 -50.0496 1.58172
-41.1811 -50.0072 1.58371
-41.2018 -50.059 1.57951
-41.246 -50.1353 1.58224
-41.2313 -50.1387 1.58167
-41.155 -50.2067 1.58364
-41.1551 -50.0717 1.57819
-41.2959 -50.1713 1.58475
-41.1854 -50.0755 1.58102
-41.2555 -50.0835 1.58187
-41.2971 -50.1961 1.58495
-41.2431 -50.1048 1.58046
-41.2469 -50.1069 1.58022
-41.1707 -50.09 1.58492
-41.1975 -50.1674 1.58388
-41.1979 -50.1762 1.58405
-41.246 -50.1504 1.58552
-41.1673 -50.0736 1.58157
-41.1634 -50.072 1.58172
-41.1691 -50.0213 1.58008
-41.1862 -50.1012 1.58299
-41.1894 -50.1126 1.58285
-41.2416 -50.182 1.58492
-41.155 -50.1493 1.58241
-41.1714 -50.1722 1.58541
-41.2093 -50.1144 1.5832
-41.1867 -50.1502 1.58134
-41.1661 -50.0513 1.58066
-41.1799 -50.1207 1.5822
-41.1798 -50.0576 1.58446
-41.167 -50.1974 1.58509
-41.2636 -50.1628 1.58282
-41.1297 -50.0855 1.58441
-41.2319 -50.0789 1.58401
-41.2234 -50.1442 1.58311
-41.1627 -50.1417 1.58374
-41.2633 -50.1055 1.58085
-41.2987 -50.147 1.58435
-41.1416 -50.075 1.58125
-41.2038 -50.2258 1.58344
-41.2428 -50.1695 1.58618
-41.1978 -50.0949 1.58302
-41.1835 -50.0994 1.58234
-41.1713 -50.044 1.58299
-41.2525 -50.1489 1.58187
-41.2237 -50.0923 1.58227
-41.1216 -50.0689 1.57962
-41.1696 -50.0307 1.58137
-41.2103 -50.1574 1.58507
-41.1726 -50.1188 1.58136
-41.263 -50.1116 1.58048
-41.2536 -50.1613 1.58408
-41.2033 -50.1143 1.5832
-41.2074 -50.0483 1.58036
-41.21 -50.1352 1.58113
-41.2026 -50.1323 1.5811
-41.1866 -50.1449 1.58118
-41.2542 -50.1306 1.58384
-41.1617 -50.0491 1.58286
-41.1629 -50.0462 1.58306
-41.162 -50.0477 1.58266
-41.2775 -50.215 1.58795
-41.1996 -50.1221 1.58318
-41.2044 -50.1274 1.58317
-41.2801 -50.1493 1.58155
-41.2808 -50.2006 1.58001
-41.1374 -50.0484 1.58367
-41.1326 -50.0507 1.58355
-41.2025 -50.0241 1.57916
-41.208 -50.2374 1.5848
-41.2003 -50.0252 1.5842
-41.1965 -50.0304 1.58424
-41.1791 -50.1873 1.58386
-41.2227 -50.0946 1.58518
-41.2636 -50.2092 1.5808
-41.2166 -50.0597 1.58115
-41.2564 -50.1073 1.58189
-41.0772 -50.0016 1.58167
-41.1896 -50.0074 1.58356
-41.2477 -50.1338 1.58255
-41.2013 -50.0751 1.58212
-41.2139 -50.1262 1.5839
-41.2922 -50.1702 1.58435
-41.2518 -50.0904 1.58174
-41.2574 -50.086 1.58185
-41.2047 -50.0725 1.57909
-41.1983 -50.0703 1.57911
-41.1147 -50.1503 1.58242
-41.2305 -50.1237 1.57936
-41.2274 -50.1968 1.58334
-41.1753 -50.0976 1.58117
-41.1992 -50.1746 1.5839
-41.3197 -50.2034 1.58011
-41.182 -50.1983 1.58304
-41.165 -50.0699 1.58155
-41.1744 -50.0181 1.58013
-41.2409 -50.1814 1.58501
-41.2459 -50.1812 1.58516
-41.1514 -50.1536 1.5824
-41.146 -50.1568 1.58373
-41.1533 -50.1614 1.58394
-41.3206 -50.2375 1.58707
-41.2547 -50.1237 1.58503
-41.2067 -50.1143 1.58308
-41.1657 -50.1433 1.58168
-41.1583 -50.0523 1.58065
-41.1759 -50.1175 1.58233
-41.1661 -50.1961 1.58489
-41.173 -50.1994 1.585
-41.1682 -50.1986 1.58495
-41.2517 -50.2196 1.5843
-41.2322 -50.0858 1.58385
-41.1589 -50.1401 1.58354
-41.1624 -50.1398 1.58377
-41.1377 -50.0428 1.58256
-41.2647 -50.1094 1.58072
-41.2912 -50.151 1.58446
-41.1507 -50.0742 1.5813
-41.2442 -50.1709 1.58631
-41.1874 -50.0997 1.58221
-41.2692 -50.129 1.58229
-41.1566 -50.1211 1.58033
-41.169 -50.043 1.58305
-41.2256 -50.0923 1.5822
-41.2211 -50.0954 1.58243
-41.2598 -50.1475 1.582
-41.2135 -50.1606 1.58533
-41.1442 -50.0345 1.58171
-41.2607 -50.1122 1.58059
-41.1975 -50.1112 1.58335
-41.1627 -50.115 1.58199
-41.1341 -50.0722 1.57989
-41.239 -50.0766 1.58163
-41.2576 -50.138 1.58378
-41.1336 -50.1217 1.58292
-41.166 -50.047 1.58293
-41.2097 -50.188 1.58269
-41.2207 -50.0744 1.58194
-41.2807 -50.2054 1.58
-41.2684 -50.2015 1.58618
-41.1337 -50.0463 1.58349
-41.1923 -50.0303 1.58415
-41.1719 -50.2372 1.58455
-41.2322 -50.1227 1.58233
-41.2189 -50.1748 1.58229
-41.083 -49.9962 1.58159
-41.2469 -50.1097 1.58252
-41.1805 -50.0119 1.58359
-41.1769 -50.258 1.5813
-41.2015 -50.0604 1.57935
-41.1704 -50.0661 1.58236
-41.215 -50.1281 1.58403
-41.2623 -50.1666 1.58547
-41.2499 -50.1816 1.5833
-41.178 -50.096 1.58172
-41.2477 -50.1114 1.58025
-41.2119 -50.071 1.57806
-41.1678 -50.0882 1.5847
-41.1985 -50.1282 1.57856
-41.183 -50.2048 1.58309
-41.1932 -50.115 1.58287
-41.2945 -50.187 1.5877
-41.1502 -50.1577 1.58372
-41.1908 -50.1155 1.58011
-41.1745 -50.1782 1.58528
-41.2507 -50.1227 1.58518
-41.2082 -50.1081 1.58305
-41.1752 -50.1467 1.58133
-41.1598 -50.1371 1.58167
-41.2082 -50.2426 1.58511
-41.1798 -50.0502 1.58453
-41.1512 -50.2202 1.57965
-41.2588 -50.2247 1.58455
-41.2553 -50.224 1.58447
-41.128 -50.0853 1.58449
-41.2024 -50.0475 1.58199
-41.2081 -50.0496 1.58198
-41.233 -50.058 1.57843
-41.2272 -50.0697 1.58224
-41.2041 -50.1348 1.58241
-41.2916 -50.1524 1.58437
-41.2833 -50.2905 1.58493
-41.206 -50.0929 1.58291
-41.1819 -50.1079 1.58213
-41.1726 -50.0402 1.58294
-41.1192 -50.0653 1.57983
-41.2516 -50.1076 1.58258
-41.255 -50.1829 1.58109
-41.2591 -50.1819 1.58102
-41.2006 -50.0335 1.57853
-41.1176 -50.0988 1.58272
-41.1955 -50.1168 1.58344
-41.201 -50.1453 1.579
-41.1728 -50.0933 1.58093
-41.1885 -50.1347 1.5813
-41.2486 -50.1098 1.58308
-41.1434 -50.1197 1.58301
-41.172 -50.0439 1.58297
-41.1654 -50.0494 1.58292
-41.2033 -50.1246 1.58311
-41.1147 -50.2849 1.58245
-41.1667 -50.1055 1.58308
-41.2641 -50.2049 1.58637
-41.2037 -50.2232 1.58492
-41.1755 -50.1841 1.5839
-41.2555 -50.1152 1.58113
-41.2622 -50.2102 1.58106
-41.1502 -50.0448 1.57942
-41.2224 -50.1818 1.58424
-41.1968 -50.0508 1.58181
-41.1814 -50.1561 1.58124
-41.1821 -50.0071 1.58357
-41.2525 -50.1383 1.58243
-41.2166 -50.1232 1.58396
-41.1965 -50.0745 1.58007
-41.2656 -50.1694 1.58537
-41.1562 -50.0658 1.57804
-41.2417 -50.2393 1.58336
-41.1166 -50.095 1.58107
-41.2124 -50.1329 1.58239
-41.3313 -50.2433 1.58506
-41.1641 -50.0949 1.58483
-41.199 -50.1707 1.58381
-41.1862 -50.2014 1.58279
-41.251 -50.1119 1.58204
-41.1866 -50.1169 1.57991
-41.172 -50.1731 1.58535
-41.2363 -50.0607 1.582
-41.2119 -50.1581 1.58212
-41.1817 -50.1459 1.58131
-41.2452 -50.1074 1.58058
-41.1762 -50.1159 1.58221
-41.1823 -50.0567 1.58454
-41.2443 -50.1031 1.57981
-41.2593 -50.1622 1.58283
-41.227 -50.0843 1.58407
-41.2082 -50.0548 1.58202
-41.1601 -50.1422 1.58375
-41.1566 -50.1446 1.58361
-41.1589 -50.1396 1.58364
-41.2241 -50.0688 1.58227
-41.1423 -50.0726 1.58148
-41.2416 -50.1761 1.58594
-41.1842 -50.0949 1.58222
-41.1694 -50.0436 1.58287
-41.2437 -50.1424 1.58177
-41.1137 -50.0663 1.5798
-41.1695 -50.0293 1.58128
-41.2134 -50.162 1.58508
-41.1518 -50.0327 1.58183
-41.1425 -50.0319 1.58198
-41.2549 -50.1876 1.58088
-41.212 -50.2608 1.58435
-41.268 -50.1135 1.58042
-41.2047 -50.11 1.58313
-41.2059 -50.0507 1.58029
-41.1707 -50.0951 1.58113
-41.23 -50.0821 1.58184
-41.2493 -50.1288 1.58386
-41.1639 -50.0481 1.58273
-41.2073 -50.1871 1.58275
-41.201 -50.1212 1.58312
-41.1958 -50.117 1.5831
-41.1099 -50.1212 1.57928
-41.166 -50.1081 1.58282
-41.1352 -50.0523 1.58375
-41.1975 -50.0335 1.58413
-41.2213 -50.0941 1.58513
-41.15 -50.0494 1.57939
-41.2225 -50.1754 1.58455
-41.2125 -50.1784 1.58246
-41.0781 -50.0077 1.58146
-41.2004 -50.0507 1.57926
-41.1689 -50.0747 1.58233
-41.2005 -50.0739 1.58231
-41.1542 -50.2126 1.58388
-41.2908 -50.1696 1.58449
-41.3016 -50.1958 1.58494
-41.1179 -50.1496 1.58235
-41.2257 -50.1968 1.58333
-41.1692 -50.0958 1.58483
-41.1692 -50.0926 1.58478
-41.2692 -50.1283 1.58432
-41.1644 -50.0197 1.58042
-41.2458 -50.183 1.58499
-41.1537 -50.1578 1.58393
-41.1873 -50.1184 1.58006
-41.3221 -50.2357 1.58726
-41.212 -50.1117 1.58292
-41.2046 -50.1516 1.58218
-41.2249 -50.2601 1.58569
-41.1637 -50.0545 1.58035
-41.162 -50.0574 1.58054
-41.2398 -50.1048 1.5799
-41.1548 -50.2257 1.57974
-41.1217 -50.0859 1.58455
-41.2207 -50.1428 1.58316
-41.2057 -50.0565 1.58214
-41.1405 -50.0468 1.58254
-41.2614 -50.1118 1.58083
-41.314 -50.2014 1.58522
-41.2 -50.2247 1.58338
-41.2408 -50.1672 1.58618
-41.2361 -50.1694 1.58616
-41.1871 -50.1037 1.58232
-41.1775 -50.0368 1.58289
-41.2269 -50.1702 1.58151
-41.1211 -50.0661 1.57969
-41.2608 -50.1422 1.58189
-41.1438 -50.0338 1.5819
-41.2714 -50.2113 1.58437
-41.1762 -50.0796 1.58208
-41.1169 -50.0971 1.58294
-41.2259 -50.2024 1.58564
-41.2451 -50.1216 1.58115
-41.247 -50.1207 1.58099
-41.2534 -50.108 1.58303
-41.144 -50.1191 1.58313
-41.2583 -50.1282 1.58244
-41.2821 -50.2121 1.58793
-41.2022 -50.1205 1.58323
-41.2034 -50.1232 1.58317
-41.218 -50.0721 1.58216
-41.1762 -50.1091 1.58291
-41.132 -50.0472 1.58354
-41.2017 -50.021 1.57938
-41.1796 -50.1885 1.58411
-41.1781 -50.1887 1.58388
-41.2157 -50.0916 1.58547
-41.2509 -50.1114 1.58099
-41.2262 -50.179 1.58427
-41.1766 -50.1539 1.58111
-41.1841 -50.0106 1.58373
-41.1986 -50.0625 1.57931
-41.2567 -50.1604 1.57945
-41.2038 -50.0765 1.58228
-41.2214 -50.1172 1.58398
-41.2648 -50.1558 1.58307
-41.2667 -50.1645 1.58555
-41.2597 -50.167 1.5854
-41.2469 -50.1956 1.58181
-41.2444 -50.1954 1.58186
-41.1207 -50.1505 1.58245
-41.2272 -50.1992 1.58318
-41.1705 -50.0954 1.58131
-41.1678 -50.0882 1.58491
-41.2431 -50.1508 1.58556
-41.1831 -50.2026 1.58306
-41.2583 -50.1916 1.58257
-41.1907 -50.111 1.58294
-41.1541 -50.1623 1.58367
-41.1707 -50.1714 1.5851
-41.2311 -50.0633 1.58191
-41.163 -50.1384 1.58162
-41.2472 -50.1019 1.58081
-41.1783 -50.1153 1.58215
-41.1738 -50.0519 1.58456
-41.2602 -50.2193 1.58441
-41.2104 -50.1572 1.58245
-41.2277 -50.0845 1.584
-41.2037 -50.0554 1.58202
-41.1597 -50.141 1.58374
-41.2266 -50.0715 1.58212
-41.1999 -50.1277 1.58251
-41.1471 -50.0807 1.58107
-41.2411 -50.1723 1.58607
-41.1903 -50.1298 1.57941
-41.1579 -50.1195 1.58024
-41.2257 -50.0915 1.58216
-40.0733 -54.5776 1.56763
