-4.96166 -95.5151 3.03214
-4.93824 -95.328 3.02774
-4.95342 -95.3575 3.0296
-4.85395 -95.3167 3.02917
-4.83777 -95.328 3.02926
-4.73898 -95.5218 3.02986
-4.90423 -95.5185 3.02635
-4.70282 -95.4824 3.02794
-4.87429 -95.4299 3.02868
-4.85826 -95.4487 3.02786
-4.91068 -95.4213 3.02428
-4.88793 -95.3883 3.02583
-4.83131 -95.4445 3.02832
-4.89093 -95.3959 3.03122
-4.76101 -95.5479 3.03048
-4.92275 -95.4066 3.02786
-4.98767 -95.3769 3.03096
-4.87247 -95.3576 3.02838
-4.87138 -95.3632 3.02931
-4.86257 -95.4729 3.02923
-4.89733 -95.5432 3.02725
-4.74668 -95.4593 3.0324
-4.77388 -95.3926 3.03103
-4.9445 -95.4084 3.02911
-4.90405 -95.3429 3.02546
-4.75331 -95.5317 3.02824
-4.87131 -95.422 3.02772
-4.94185 -95.3707 3.02721
-4.91303 -95.4244 3.03072
-4.89205 -95.3785 3.02934
-4.74022 -95.4631 3.02833
-4.78616 -95.388 3.02857
-4.70571 -95.4592 3.02685
-4.74895 -95.4691 3.02825
-4.87234 -95.4791 3.02385
-4.86262 -95.5238 3.0293
-4.75717 -95.3863 3.02768
-4.73811 -95.4693 3.02563
-4.69204 -95.4512 3.02853
-4.95431 -95.5134 3.02589
-4.91879 -95.4105 3.02887
-4.80101 -95.548 3.02373
-4.77752 -95.5325 3.02606
-4.88926 -95.3211 3.02758
-4.77843 -95.4963 3.02825
-4.78965 -95.5481 3.02769
-4.81087 -95.3856 3.03114
-4.93541 -95.386 3.02445
-4.93001 -95.3747 3.02563
-4.871 -95.5104 3.02621
-4.93854 -95.4166 3.02863
-4.84732 -95.537 3.03043
-4.92539 -95.4975 3.02843
-4.89079 -95.4105 3.03321
-4.91638 -95.378 3.03057
-4.92355 -95.3369 3.02849
-4.80118 -95.4829 3.028
-4.77145 -95.4314 3.02902
-4.71384 -95.3222 3.0276
-4.84578 -95.4827 3.02527
-4.86177 -95.6154 3.02375
-4.85426 -95.4334 3.02834
-4.88561 -95.4602 3.02646
-4.86387 -95.3941 3.02813
-4.76223 -95.4309 3.028
-4.87872 -95.3638 3.0322
-4.91725 -95.3213 3.03061
-4.66404 -95.5702 3.02822
-4.847 -95.4498 3.02742
-4.86057 -95.3933 3.02496
-4.83458 -95.477 3.02478
-4.81256 -95.4646 3.02705
-4.84998 -95.4373 3.02916
-4.8281 -95.4408 3.0298
-4.95549 -95.5226 3.02801
-4.86099 -95.4205 3.02686
-4.78355 -95.4474 3.03177
-4.86837 -95.388 3.02945
-4.71475 -95.4906 3.02837
-4.82418 -95.537 3.02653
-4.81811 -95.4305 3.03049
-4.70901 -95.4031 3.029
-4.8365 -95.5436 3.02794
-4.74909 -95.5132 3.02609
-4.93749 -95.3813 3.02936
-4.78481 -95.5045 3.02768
-4.82565 -95.4414 3.02917
-4.69775 -95.5704 3.0237
-4.82633 -95.4902 3.02791
-4.87383 -95.4568 3.02832
-4.78723 -95.5971 3.03108
-4.92241 -95.4015 3.0249
-5.10719 -95.4537 3.02547
-4.77917 -95.5653 3.03373
-4.80939 -95.6022 3.03319
-5.03619 -95.4211 3.02693
-4.75607 -95.5589 3.02929
-4.9272 -95.4333 3.02556
-4.86432 -95.4749 3.02749
-4.69432 -95.5071 3.0304
-4.96373 -95.4042 3.02762
-4.87174 -95.364 3.0288
-4.88029 -95.414 3.03084
-4.97315 -95.4129 3.03107
-4.7876 -95.5914 3.02765
-4.68207 -95.5039 3.03212
-4.92878 -95.4137 3.02609
-4.83492 -95.4223 3.02645
-4.73886 -95.5049 3.02577
-4.87044 -95.5286 3.02754
-4.91563 -95.3462 3.02836
-4.84231 -95.3233 3.02726
-4.81605 -95.3586 3.02759
-4.83085 -95.3047 3.02532
-4.88027 -95.4892 3.0253
-4.85557 -95.4489 3.02479
-4.75222 -95.5033 3.03041
-4.86128 -95.5088 3.03143
-4.9544 -95.6031 3.02996
-4.90032 -95.3524 3.0252
-4.85648 -95.4318 3.02911
-4.91686 -95.4637 3.02787
-4.8511 -95.4608 3.02834
-4.86362 -95.426 3.02968
-4.878 -95.4127 3.03002
-4.87671 -95.3743 3.03093
-4.91056 -95.3399 3.02863
-4.80319 -95.4205 3.02884
-4.86905 -95.475 3.0274
-4.90313 -95.4907 3.03047
-4.90085 -95.3516 3.0301
-5.00777 -95.4047 3.03027
-4.73999 -95.5517 3.03233
-4.82427 -95.5692 3.02634
-4.95541 -95.3652 3.02452
-4.70991 -95.5581 3.02828
-5.03071 -95.3669 3.03077
-4.73419 -95.3422 3.0317
-4.95245 -95.5949 3.02663
-4.84032 -95.3604 3.02936
-4.87162 -95.4207 3.02768
-4.87291 -95.3792 3.02691
-4.83089 -95.5677 3.02559
-4.97845 -95.4676 3.02845
-4.90199 -95.4582 3.02548
-4.87768 -95.4676 3.02798
-4.77416 -95.5482 3.0273
-4.92412 -95.3987 3.0255
-4.81008 -95.4404 3.02555
-4.82178 -95.4563 3.02313
-4.96971 -95.2819 3.0242
-4.78624 -95.5002 3.02656
-4.86665 -95.4812 3.02468
-4.83437 -95.6163 3.03034
-4.84301 -95.3455 3.02951
-4.81984 -95.31 3.03004
-4.71331 -95.4753 3.02992
-4.69058 -95.4678 3.02572
-4.87391 -95.5658 3.02883
-4.91129 -95.3577 3.02949
-4.86244 -95.2997 3.02903
-4.7695 -95.521 3.03245
-4.90121 -95.4569 3.02602
-4.89126 -95.4409 3.02908
-4.85384 -95.5407 3.03014
-4.95802 -95.4474 3.03123
-4.74884 -95.4971 3.02747
-4.88637 -95.5411 3.02727
-4.83721 -95.4659 3.02948
-4.9289 -95.5538 3.02847
-4.83295 -95.5042 3.03067
-4.7914 -95.4289 3.02934
-4.98769 -95.421 3.03009
-4.90749 -95.4652 3.03073
-4.81313 -95.5079 3.02372
-4.82709 -95.4064 3.02792
-4.73975 -95.4531 3.0274
-4.76429 -95.4134 3.03135
-4.94609 -95.363 3.02707
-4.88705 -95.4116 3.02738
-4.88965 -95.437 3.02689
-4.74622 -95.458 3.02943
-4.94446 -95.3599 3.02713
-4.9287 -95.38 3.03149
-4.95988 -95.3564 3.03197
-4.75539 -95.5848 3.02841
-4.91571 -95.4536 3.02562
-4.80972 -95.4791 3.02658
-4.91862 -95.4216 3.03013
-4.77974 -95.4689 3.02974
-4.76609 -95.4349 3.03055
-4.92378 -95.3955 3.0287
-4.88151 -95.4788 3.02861
-4.89314 -95.3689 3.02694
-4.87415 -95.3883 3.02887
-4.88698 -95.4094 3.02461
-4.76078 -95.5396 3.02757
-4.84376 -95.3682 3.02773
-4.91387 -95.5315 3.02541
-4.80033 -95.4638 3.02803
-4.7974 -95.5466 3.02795
-4.76808 -95.5469 3.02556
-4.82549 -95.5111 3.02664
-4.79374 -95.422 3.02805
-4.76587 -95.4223 3.02877
-4.91429 -95.355 3.02447
-4.99538 -95.4078 3.02587
-4.87015 -95.4728 3.02761
-4.8889 -95.5001 3.02678
-4.83909 -95.396 3.02566
-4.87172 -95.3557 3.02601
-4.9549 -95.3626 3.02891
-4.96319 -95.4098 3.03265
-4.8219 -95.3948 3.03002
-4.77421 -95.6015 3.02683
-4.91707 -95.5357 3.02619
-4.85654 -95.401 3.02344
-4.77291 -95.3149 3.02795
-4.77436 -95.4694 3.0256
-4.82818 -95.3864 3.02844
-4.8469 -95.5216 3.02632
-4.91737 -95.447 3.02361
-4.76002 -95.4178 3.02934
-4.93955 -95.5046 3.02498
-4.9486 -95.4507 3.02632
-4.83572 -95.4369 3.02621
-5.0007 -95.5879 3.02602
-4.88442 -95.5055 3.02648
-4.78368 -95.4742 3.02806
-4.86419 -95.3467 3.03045
-4.93791 -95.3386 3.03048
-4.88582 -95.4762 3.02585
-4.91368 -95.418 3.02923
-4.76012 -95.4705 3.02853
-4.90833 -95.3659 3.02158
-4.91966 -95.4227 3.03066
-4.88996 -95.3772 3.02479
-4.83748 -95.3526 3.02724
-4.92164 -95.508 3.02727
-4.95104 -95.5056 3.02773
-4.8442 -95.397 3.03059
-4.93672 -95.4347 3.02553
-4.82637 -95.4287 3.0267
-4.77771 -95.6054 3.03062
-4.79687 -95.556 3.02892
-4.95364 -95.5877 3.02712
-4.72128 -95.4963 3.02838
-4.96452 -95.3501 3.02502
-4.86707 -95.4906 3.02771
-4.93872 -95.4298 3.02696
-4.79339 -95.5123 3.02868
-4.79943 -95.4634 3.02894
-4.74807 -95.5208 3.03368
-4.72569 -95.4726 3.03274
-4.81178 -95.4638 3.03317
-4.8053 -95.4317 3.02665
-4.92272 -95.4132 3.02832
-4.92284 -95.3478 3.02773
-4.93164 -95.376 3.02685
-4.92367 -95.3248 3.029
-4.90488 -95.3571 3.02779
-4.87234 -95.5137 3.02906
-4.931 -95.3361 3.02827
-4.72957 -95.5223 3.0311
-4.83709 -95.4233 3.02732
-4.90393 -95.4539 3.02764
-4.95969 -95.4323 3.02767
-4.95286 -95.4526 3.02714
-4.73826 -95.5982 3.02846
-4.8596 -95.3328 3.02825
-4.85834 -95.3001 3.02794
-4.93975 -95.5404 3.0278
-4.93643 -95.4863 3.02555
-4.86507 -95.5331 3.02689
-4.75021 -95.4673 3.03179
-4.70344 -95.4574 3.03288
-4.91515 -95.3901 3.02682
-4.80683 -95.4049 3.02926
-4.84775 -95.5424 3.02507
-4.81098 -95.4236 3.02977
-4.82554 -95.4363 3.02712
-4.89706 -95.3538 3.02967
-4.87373 -95.4543 3.02448
-4.9175 -95.5464 3.02999
-4.94934 -95.5005 3.02816
-4.83396 -95.4411 3.02937
-4.95734 -95.4147 3.02709
-4.74761 -95.5109 3.02488
-4.70301 -95.528 3.02975
-4.99108 -95.4683 3.03028
-4.68518 -95.5311 3.02969
-4.90908 -95.3614 3.02848
-4.89567 -95.3792 3.02763
-4.82555 -95.5206 3.02773
-4.95684 -95.4341 3.02683
-4.92756 -95.375 3.03023
-4.79868 -95.5163 3.02771
-4.92085 -95.4332 3.02462
-4.83067 -95.6446 3.0276
-4.93112 -95.4515 3.02995
-4.81908 -95.3831 3.02713
-4.92019 -95.5147 3.0254
-4.8519 -95.5045 3.02373
-4.70745 -95.6182 3.03072
-4.73646 -95.6721 3.03121
-4.84746 -95.3832 3.02862
-4.85056 -95.3876 3.02928
-4.9077 -95.4714 3.02573
-4.83533 -95.5071 3.02444
-4.8351 -95.5855 3.02682
-4.92869 -95.3292 3.02818
-4.73351 -95.4952 3.03142
-4.83163 -95.5101 3.02757
-4.70791 -95.4827 3.02733
-4.73395 -95.5051 3.02902
-4.8233 -95.4475 3.02695
-4.89878 -95.4773 3.0282
-4.87512 -95.4279 3.02879
-4.86 -95.3342 3.0299
-4.80245 -95.5482 3.02878
-4.78308 -95.4096 3.02752
-4.80331 -95.4567 3.02805
-4.92622 -95.4058 3.02992
-4.85485 -95.3996 3.02898
-4.83136 -95.3516 3.02987
-4.89299 -95.3069 3.02826
-4.8499 -95.5887 3.03032
-4.76539 -95.5155 3.0263
-4.92689 -95.3776 3.0281
-4.86261 -95.4799 3.02652
-4.81863 -95.4655 3.02902
-4.83581 -95.4292 3.03037
-4.88271 -95.4348 3.02758
-4.88553 -95.3727 3.03088
-4.91697 -95.3529 3.03057
-4.75614 -95.4862 3.0306
-4.83508 -95.5168 3.02975
-4.76697 -95.4524 3.02852
-4.98639 -95.5105 3.02808
-4.90088 -95.4104 3.02964
-5.05892 -95.4765 3.0251
-4.75959 -95.3996 3.03067
-4.91819 -95.4392 3.029
-4.98544 -95.4356 3.02876
-4.93838 -95.4503 3.02678
-4.77983 -95.6323 3.03206
-4.73101 -95.6522 3.0308
-4.96309 -95.5352 3.02929
-4.94558 -95.5259 3.02925
-4.87436 -95.366 3.02559
-4.87759 -95.3833 3.02691
-4.83627 -95.4485 3.0251
-4.80856 -95.5472 3.02349
-4.76872 -95.3794 3.03019
-4.94227 -95.426 3.0265
-4.94834 -95.3787 3.0249
-4.91925 -95.3551 3.02623
-4.88533 -95.4779 3.02896
-4.94841 -95.5026 3.03091
-4.97255 -95.4181 3.02863
-4.95762 -95.447 3.0285
-4.93277 -95.4459 3.0287
-4.94712 -95.4219 3.03185
-4.91885 -95.3558 3.02935
-4.93916 -95.3502 3.03057
-4.87796 -95.3971 3.02971
-4.83127 -95.5129 3.02802
-4.76894 -95.4534 3.02599
-4.7143 -95.3699 3.02825
-4.93618 -95.4066 3.03146
-4.93174 -95.4104 3.03079
-4.90734 -95.4151 3.03363
-4.87687 -95.4767 3.03335
-4.75632 -95.4483 3.02533
-4.77059 -95.4211 3.02799
-4.91747 -95.4564 3.03003
-4.81988 -95.5309 3.02801
-4.7782 -95.5737 3.03237
-4.90252 -95.4257 3.02826
-4.93149 -95.3314 3.02734
-4.84492 -95.3306 3.03062
-4.83125 -95.4006 3.02647
-4.84427 -95.5183 3.03024
-4.89212 -95.464 3.02312
-4.88348 -95.4363 3.02938
-4.98017 -95.4802 3.02767
-4.9091 -95.5406 3.02851
-4.88775 -95.3614 3.03002
-4.77904 -95.4755 3.02999
-4.86713 -95.4087 3.03106
-4.72219 -95.3853 3.02892
-4.88478 -95.4205 3.02895
-4.87352 -95.3807 3.02209
-4.78066 -95.4416 3.02211
-4.88886 -95.5076 3.02839
-4.976 -95.4922 3.02675
-4.77892 -95.4613 3.03128
-4.75908 -95.4106 3.02903
-4.86994 -95.4184 3.03009
-4.93475 -95.4263 3.02618
-4.82336 -95.5534 3.02218
-4.82131 -95.475 3.02353
-4.80609 -95.4246 3.02627
-4.82565 -95.444 3.02784
-5.04816 -95.4677 3.02699
-4.90953 -95.3257 3.02974
-4.91994 -95.3464 3.02946
-4.7453 -95.5447 3.02876
-4.86898 -95.4727 3.028
-4.73834 -95.4985 3.02654
-4.7638 -95.5723 3.0282
-4.79853 -95.4846 3.02747
-4.7006 -95.4435 3.0304
-5.00084 -95.3722 3.02807
-4.83341 -95.4776 3.0307
-4.88211 -95.3853 3.0286
-4.79242 -95.5262 3.02493
-4.72111 -95.521 3.03386
-4.71351 -95.4501 3.03116
-4.94777 -95.3548 3.02625
-5.06573 -95.5368 3.02645
-4.80797 -95.431 3.02523
-4.7286 -95.3011 3.02889
-4.85418 -95.3689 3.03057
-4.86958 -95.5235 3.02611
-4.86798 -95.5037 3.02895
-4.87119 -95.3995 3.02999
-4.91334 -95.4195 3.02671
-4.86565 -95.4306 3.02979
-4.91927 -95.456 3.02833
-4.85253 -95.4966 3.02998
-4.85957 -95.3795 3.03101
-4.87034 -95.4112 3.02929
-4.92726 -95.4618 3.02839
-4.88573 -95.399 3.03008
-5.01852 -95.4349 3.0285
-4.79608 -95.5225 3.02498
-4.88354 -95.4483 3.02714
-4.79739 -95.5723 3.02383
-4.80005 -95.548 3.02822
-4.7152 -95.3245 3.02944
-5.01389 -95.534 3.02504
-4.87234 -95.4044 3.02639
-4.87812 -95.3841 3.02608
-4.87193 -95.4652 3.028
-4.81039 -95.3705 3.03013
-4.92125 -95.4544 3.03007
-4.91433 -95.3683 3.03021
-4.93135 -95.4458 3.0295
-4.98592 -95.604 3.02666
-5.01153 -95.5162 3.02676
-4.90145 -95.4238 3.02492
-4.95461 -95.5566 3.03005
-4.89921 -95.5444 3.03165
-4.87291 -95.3446 3.02515
-4.9416 -95.5539 3.02548
-4.86961 -95.4688 3.02484
-4.77585 -95.6208 3.03018
-4.74475 -95.6231 3.03068
-4.87979 -95.336 3.02993
-4.8526 -95.5048 3.02411
-4.68638 -95.4344 3.02968
-4.81029 -95.5563 3.02694
-4.8086 -95.3726 3.02866
-4.81926 -95.3522 3.03009
-4.78136 -95.5719 3.02542
-4.87737 -95.5453 3.03048
-4.84809 -95.4796 3.02912
-4.87905 -95.4028 3.02848
-4.78149 -95.4534 3.02732
-4.94331 -95.4401 3.02682
-4.93011 -95.4718 3.02474
-4.88326 -95.4394 3.02934
-4.87887 -95.5038 3.03092
-4.81755 -95.4703 3.03061
-4.80418 -95.486 3.02753
-4.90911 -95.4935 3.03125
-4.90684 -95.4079 3.02924
-4.89149 -95.3873 3.02856
-4.76558 -95.409 3.02796
-4.90409 -95.5498 3.02961
-4.78813 -95.4972 3.02599
-4.81069 -95.4425 3.0247
-4.78625 -95.4833 3.02853
-4.93991 -95.4255 3.02691
-4.93465 -95.414 3.03007
-4.75478 -95.5414 3.02881
-4.92834 -95.4274 3.03031
-4.74512 -95.4048 3.02816
-4.84052 -95.5294 3.02857
-4.8505 -95.389 3.02838
-5.01651 -95.4145 3.02616
-4.68691 -95.4422 3.0286
-4.7209 -95.5497 3.02494
-4.91432 -95.3991 3.02931
-4.93649 -95.4736 3.02851
-4.81501 -95.4151 3.02273
-4.88797 -95.3668 3.02348
-4.90589 -95.3596 3.02876
-3.03817 -96.0156 3.03934
