256.055 -19.8297 3.23416
256.073 -19.7955 3.23527
255.987 -19.8714 3.23439
255.948 -19.9022 3.23556
255.949 -19.8982 3.23553
256.062 -19.8479 3.23298
256.094 -19.7976 3.2343
256.003 -19.782 3.23466
256.041 -19.9216 3.23412
256.01 -19.8346 3.23307
256.011 -19.8347 3.23335
256.078 -19.8906 3.23355
256.088 -19.8447 3.23824
256.045 -19.8267 3.23579
256.024 -19.7742 3.23488
256.103 -19.7926 3.23303
256.107 -19.8363 3.23409
256.1 -19.8303 3.23356
256.048 -19.941 3.23463
256.119 -19.7691 3.23448
255.993 -19.8208 3.23591
255.992 -19.816 3.23585
256.098 -19.8554 3.23683
255.994 -19.7935 3.23487
256 -19.7851 3.23476
256.093 -19.8377 3.23307
256.198 -19.8161 3.23458
255.948 -19.8116 3.23196
256.013 -19.8712 3.23323
256.008 -19.8402 3.23245
256.072 -19.7785 3.23521
256.112 -19.8652 3.23744
256.101 -19.789 3.2329
256.211 -19.8233 3.23543
256.013 -19.8379 3.23114
256.056 -19.8541 3.23365
255.99 -19.8838 3.23484
256.11 -19.7734 3.23441
256.018 -19.8528 3.23429
256.045 -19.8515 3.23413
256.149 -19.7607 3.23293
256.055 -19.8153 3.23369
256.083 -19.8195 3.23501
256.046 -19.8219 3.23338
256.053 -19.8272 3.23357
255.963 -19.8427 3.23418
256.026 -19.7571 3.23545
255.978 -19.7845 3.23389
256.088 -19.8753 3.23737
255.994 -19.7727 3.23573
256.018 -19.8271 3.23497
256.014 -19.8332 3.23503
256.103 -19.7987 3.23304
256.06 -19.8377 3.23396
256.11 -19.7433 3.23557
256.11 -19.7772 3.23228
256.163 -19.7687 3.23434
256.061 -19.858 3.23587
256.116 -19.774 3.23594
256.033 -19.7667 3.2357
256.037 -19.7592 3.2357
256.016 -19.9276 3.23502
256.061 -19.7527 3.23249
255.99 -19.7739 3.23255
256.02 -19.7988 3.23538
256.021 -19.8 3.23527
255.945 -19.8188 3.23142
256.042 -19.756 3.23553
256.142 -19.889 3.23605
256.067 -19.8986 3.23437
256.008 -19.7399 3.23459
256.022 -19.9342 3.22974
256.106 -19.8364 3.236
256.053 -19.7546 3.23282
256.077 -19.7906 3.23524
256.036 -19.8689 3.23337
256.091 -19.8029 3.23417
256.056 -19.8179 3.23447
256.008 -19.79 3.23464
256.173 -19.819 3.23653
256.167 -19.823 3.23658
256.051 -19.8237 3.23569
256.093 -19.7729 3.23162
256.138 -19.7587 3.23413
256.144 -19.8446 3.2351
256.143 -19.8027 3.23712
255.985 -19.8285 3.23573
256.112 -19.8138 3.23469
256.119 -19.8672 3.23347
256.061 -19.8327 3.23508
256.008 -19.8791 3.23309
256.116 -19.8944 3.23413
256.182 -19.8518 3.23836
256.064 -19.7841 3.23573
256.119 -19.8469 3.23415
256.174 -19.9373 3.23427
256.118 -19.8198 3.23417
256.032 -19.7785 3.23552
256.048 -19.9131 3.23371
256.056 -19.8294 3.23443
255.913 -19.8494 3.23044
256.037 -19.8183 3.2344
256.062 -19.7856 3.23187
256.083 -19.7367 3.23371
256.043 -19.8238 3.2332
256.027 -19.7531 3.23551
256.076 -19.8588 3.23353
255.98 -19.7858 3.23391
255.996 -19.7703 3.2357
256.057 -19.8265 3.23469
256.134 -19.8605 3.23446
256.111 -19.812 3.23372
256.122 -19.7834 3.23534
256.083 -19.7523 3.23438
256.08 -19.754 3.23438
256.029 -19.8886 3.23318
256.043 -19.8416 3.23437
256.059 -19.7611 3.23256
256.055 -19.8959 3.23437
256.094 -19.8385 3.23199
256.023 -19.7945 3.23518
256.039 -19.757 3.2356
256.039 -19.759 3.23526
256.076 -19.791 3.23614
256.142 -19.8864 3.23609
256.038 -19.8216 3.23457
256.099 -19.8966 3.23496
256.154 -19.808 3.23841
256.042 -19.9236 3.2345
256.075 -19.7983 3.23521
256.12 -19.8255 3.23286
256.033 -19.8678 3.23347
256.084 -19.8 3.23432
256.17 -19.8301 3.23628
256.162 -19.8374 3.23618
256.116 -19.7798 3.23435
256.093 -19.8388 3.23823
256.054 -19.832 3.23574
256.082 -19.8792 3.23282
256.067 -19.8108 3.23354
256.062 -19.8147 3.23366
256.124 -19.8405 3.23544
256.121 -19.8466 3.23553
256.152 -19.8019 3.23715
255.993 -19.8196 3.23591
255.998 -19.8618 3.23455
256.094 -19.8475 3.23692
256.097 -19.8504 3.23711
256.099 -19.7502 3.23386
255.993 -19.7907 3.23484
256.175 -19.8172 3.23279
255.943 -19.8212 3.23205
256.219 -19.8348 3.23527
256.121 -19.7945 3.23549
256.106 -19.7802 3.2323
256.184 -19.8438 3.23864
256.183 -19.7891 3.23646
256.109 -19.8708 3.2373
256.108 -19.8117 3.23459
256.106 -19.809 3.23474
256.101 -19.8123 3.23466
256.156 -19.8521 3.23282
256.213 -19.7746 3.23898
256.011 -19.8441 3.2312
256.046 -19.8053 3.23163
256.083 -19.85 3.23406
256.027 -19.8536 3.23427
256.085 -19.9105 3.23146
256.083 -19.7891 3.23423
256.085 -19.8002 3.23422
256.007 -19.8723 3.23214
256.055 -19.8136 3.23389
256.111 -19.8487 3.2326
256.087 -19.7306 3.23388
256.089 -19.9085 3.23694
256.086 -19.913 3.23702
256.118 -19.8578 3.23456
256.206 -19.7782 3.23405
256.199 -19.813 3.2382
256.12 -19.8192 3.2352
255.998 -19.7731 3.2357
255.999 -19.7714 3.23565
256.055 -19.8268 3.23474
256.01 -19.8276 3.23333
256.072 -19.8116 3.23404
256.08 -19.826 3.23312
256.114 -19.7453 3.23552
256.111 -19.7435 3.23522
256.09 -19.8184 3.23704
256.116 -19.7729 3.23603
256.017 -19.9249 3.23501
256.122 -19.8393 3.23448
256.02 -19.789 3.23192
256.102 -19.8782 3.23395
256.044 -19.7635 3.23545
256.048 -19.8253 3.2329
256.004 -19.7412 3.2345
256.167 -19.8973 3.23416
256.098 -19.8965 3.2348
256.148 -19.8077 3.23855
256.054 -19.8853 3.22962
256.085 -19.8748 3.23324
256.122 -19.8179 3.23346
256.095 -19.8733 3.23264
256.062 -19.8514 3.23278
255.999 -19.7818 3.23471
256.169 -19.8351 3.23644
256.04 -19.916 3.23438
256.03 -19.9063 3.23299
256.144 -19.8733 3.23608
256.142 -19.8671 3.23615
256.028 -19.7784 3.23467
256.029 -19.7773 3.23473
256.098 -19.7943 3.23289
256.067 -19.9049 3.23596
256.151 -19.7965 3.23678
255.995 -19.8207 3.23575
256.052 -19.7283 3.23301
255.995 -19.7869 3.23486
255.995 -19.794 3.23482
256.124 -19.822 3.23387
255.976 -19.7629 3.23199
256.123 -19.82 3.23123
256.075 -19.7703 3.23526
256.077 -19.8198 3.23261
256.105 -19.8074 3.23465
256.219 -19.7739 3.23936
256.087 -19.8179 3.23141
256.009 -19.8371 3.23113
256.046 -19.8573 3.23366
255.992 -19.8851 3.23477
256.051 -19.8523 3.23496
256.083 -19.7902 3.23422
256.059 -19.8656 3.23314
256.035 -19.8193 3.23458
256.092 -19.818 3.23504
256.087 -19.7335 3.23393
255.971 -19.8337 3.23434
256.027 -19.7529 3.23531
256.027 -19.7518 3.23537
256.12 -19.8198 3.2352
255.996 -19.7669 3.23568
255.997 -19.7753 3.23571
255.997 -19.7754 3.23555
256.116 -19.7959 3.23423
256.021 -19.8253 3.23497
256.018 -19.9108 3.23643
256.111 -19.8076 3.2338
256.118 -19.7848 3.23535
256.083 -19.8143 3.23705
256.061 -19.8553 3.23584
256.042 -19.7663 3.23563
256.059 -19.8859 3.23586
256.162 -19.8348 3.23277
256.091 -19.8627 3.23475
256.094 -19.8348 3.23207
256.099 -19.8167 3.2346
256.095 -19.8201 3.23467
256.074 -19.7913 3.23625
256.186 -19.7658 3.23449
256.03 -19.8608 3.23228
256.102 -19.828 3.23365
256.055 -19.833 3.23431
256.05 -19.7615 3.23293
256.052 -19.7629 3.23277
256.079 -19.801 3.23515
256.045 -19.8585 3.23377
255.987 -19.8713 3.23443
256.102 -19.8169 3.23662
256.093 -19.8298 3.2329
256.168 -19.8313 3.23624
256.115 -19.9133 3.23268
255.994 -19.9402 3.23233
256.032 -19.7729 3.23475
256.109 -19.868 3.23326
256.115 -19.763 3.23357
256.15 -19.804 3.23718
255.987 -19.8197 3.23584
255.995 -19.8608 3.23459
256.043 -19.727 3.23293
256.06 -19.8371 3.23509
256.063 -19.8398 3.23531
256.123 -19.9181 3.23368
255.972 -19.7748 3.23194
256.021 -19.841 3.23359
256.024 -19.8373 3.23367
256.176 -19.734 3.23622
256.148 -19.9235 3.23474
256.054 -19.7844 3.23579
256.17 -19.9285 3.23531
256.22 -19.7321 3.23494
256.099 -19.8187 3.23388
256.03 -19.7717 3.23533
256.085 -19.8502 3.23396
256.167 -19.8194 3.23648
256.103 -19.7744 3.23429
256.041 -19.8451 3.2351
256.027 -19.8523 3.23432
256.054 -19.8336 3.23442
256.073 -19.8967 3.23659
256.032 -19.8236 3.23459
256.087 -19.8364 3.23278
256.117 -19.8736 3.23494
256.049 -19.8255 3.23328
256.025 -19.7522 3.23536
255.976 -19.7875 3.23421
256.134 -19.7663 3.23508
256.093 -19.869 3.2374
256.1 -19.8694 3.22996
256.083 -19.8613 3.23445
256.133 -19.8657 3.23449
256.011 -19.892 3.23293
256.09 -19.8105 3.23695
256.057 -19.8551 3.23585
256.016 -19.9314 3.23485
256.157 -19.8625 3.23456
256.141 -19.8261 3.23618
256.1 -19.8178 3.23467
255.946 -19.8125 3.23163
256.099 -19.8029 3.23392
256.1 -19.8082 3.23374
256.008 -19.7434 3.23465
256.05 -19.8319 3.23424
256.093 -19.8929 3.23519
256.007 -19.8405 3.23522
256.047 -19.8568 3.23371
255.943 -19.9024 3.23567
256.097 -19.8117 3.23666
256.059 -19.8194 3.23453
256.001 -19.7856 3.23455
256.005 -19.7877 3.23475
256.004 -19.7883 3.23457
256.011 -19.831 3.23324
256.051 -19.8266 3.23567
256.066 -19.8167 3.23368
256.12 -19.8474 3.23537
256.062 -19.9048 3.23599
256.115 -19.7641 3.23433
256.11 -19.8166 3.23507
256.113 -19.8178 3.2352
255.994 -19.7923 3.23503
256.065 -19.8375 3.23516
255.974 -19.7715 3.23211
256.027 -19.8625 3.23213
256.072 -19.7656 3.23519
256.128 -19.8974 3.23311
256.18 -19.7895 3.23631
256.192 -19.792 3.23643
256.114 -19.8694 3.23735
255.962 -19.8457 3.231
256.213 -19.7722 3.23912
256.014 -19.8737 3.23208
256.038 -19.8175 3.23262
256.028 -19.8659 3.23188
256.029 -19.848 3.23422
256.136 -19.8135 3.23376
256.111 -19.8351 3.23365
256.141 -19.7008 3.23457
256.053 -19.8165 3.23381
256.084 -19.8265 3.23268
256.062 -19.7913 3.23181
256.117 -19.8483 3.23294
256.045 -19.8251 3.23336
255.967 -19.8331 3.23419
256.028 -19.7559 3.23536
256.062 -19.8355 3.23358
255.978 -19.7816 3.23386
255.977 -19.7832 3.23392
255.977 -19.7807 3.23392
256.131 -19.777 3.23527
256.001 -19.772 3.23553
256.05 -19.8253 3.23504
256.056 -19.8271 3.23486
256.053 -19.8245 3.23478
256.099 -19.7997 3.23276
256.122 -19.7871 3.23532
256.094 -19.8142 3.23716
256.093 -19.7994 3.23203
256.111 -19.7777 3.23614
256.051 -19.8914 3.2359
256.044 -19.8392 3.23447
256.017 -19.7824 3.23192
256.056 -19.9206 3.23385
256.081 -19.8495 3.23688
256.019 -19.7984 3.23523
256.02 -19.794 3.23511
256.041 -19.7569 3.23553
256.001 -19.8689 3.23204
256.043 -19.8161 3.23459
255.965 -19.8224 3.23055
256.108 -19.8313 3.23591
256.007 -19.8344 3.23512
256.05 -19.8577 3.23366
255.989 -19.8665 3.23451
255.988 -19.8707 3.23462
256.036 -19.8765 3.23321
256.104 -19.8148 3.23668
256.107 -19.831 3.23385
256.112 -19.7794 3.23448
256.164 -19.8162 3.23653
256.013 -19.8309 3.23318
256.013 -19.8323 3.23326
256.097 -19.8448 3.23847
256.053 -19.831 3.23557
256.04 -19.9079 3.23515
256.109 -19.8702 3.23325
256.117 -19.7709 3.23463
255.959 -19.8893 3.23136
256.098 -19.8486 3.23696
256.108 -19.8167 3.2351
255.993 -19.7891 3.23483
256.174 -19.8104 3.23302
256.023 -19.7872 3.23137
256.031 -19.7826 3.23144
256.008 -19.8757 3.23308
256.108 -19.9128 3.233
256.053 -19.7573 3.23136
256.067 -19.7677 3.23495
256.055 -19.7848 3.23586
256.111 -19.8624 3.23729
256.13 -19.8309 3.23446
256.159 -19.8516 3.23252
256.051 -19.934 3.23283
256.139 -19.9233 3.23552
256.052 -19.8557 3.23371
256.03 -19.7768 3.2354
256.175 -19.8171 3.23644
255.99 -19.8849 3.23483
256.025 -19.8528 3.23433
255.997 -19.874 3.23209
256.036 -19.8233 3.23472
256.117 -19.8441 3.23355
256.089 -19.8251 3.235
256.049 -19.8252 3.23337
255.973 -19.8415 3.23416
256.032 -19.7521 3.23527
256.074 -19.8563 3.23355
256.12 -19.8169 3.23529
256.086 -19.8753 3.23732
255.993 -19.7666 3.23585
255.994 -19.7697 3.23579
256.104 -19.8073 3.23454
256.017 -19.8264 3.23334
256.018 -19.8247 3.23329
256.092 -19.9089 3.23104
256.079 -19.8258 3.23321
256.086 -19.8158 3.237
256.165 -19.7641 3.23394
256.113 -19.777 3.23607
256.043 -19.8405 3.23455
256.098 -19.8648 3.23474
256.087 -19.8585 3.23666
256.018 -19.795 3.23528
256.04 -19.7611 3.23532
256.138 -19.8955 3.23598
256.053 -19.8941 3.23364
256.146 -19.8161 3.23395
256.154 -19.8129 3.23853
256.053 -19.7611 3.23279
256.076 -19.7919 3.23514
256.033 -19.87 3.23319
255.949 -19.8979 3.23557
256.105 -19.8148 3.23666
256.062 -19.8546 3.23293
256.09 -19.7969 3.23427
256.005 -19.7883 3.23465
256.163 -19.8171 3.23668
256.09 -19.8418 3.23845
256.052 -19.8282 3.2357
256.129 -19.7584 3.23395
256.152 -19.8022 3.23703
256.115 -19.7677 3.23442
255.99 -19.8175 3.23591
255.995 -19.8605 3.23451
255.999 -19.8579 3.2346
256.1 -19.7513 3.23362
256.095 -19.7506 3.23383
255.991 -19.7946 3.23478
256.1 -19.903 3.23205
256.119 -19.7943 3.23532
256.012 -19.8031 3.23167
256.081 -19.8181 3.23255
256.118 -19.8483 3.23429
256.03 -19.8533 3.23362
256.133 -19.9238 3.23561
256.03 -19.7707 3.23546
256.108 -19.9227 3.23666
256.105 -19.9294 3.23684
256.107 -19.9283 3.23671
256.043 -19.8335 3.23451
256.089 -19.791 3.23412
256.046 -19.865 3.23306
256.054 -19.8131 3.23379
256.124 -19.8365 3.23353
256.028 -19.8336 3.23206
256.122 -19.8572 3.2346
255.977 -19.7859 3.234
256.109 -19.7984 3.23363
255.998 -19.7714 3.23556
257.403 -21.0915 3.20721
