53.8991 -57.6322 3.93344
53.941 -57.6099 3.93482
53.9421 -57.6083 3.93473
53.8941 -57.6542 3.93333
53.89 -57.6543 3.93331
53.8647 -57.6175 3.93385
54.0372 -57.632 3.93942
53.9313 -57.6348 3.93092
53.7815 -57.5234 3.93255
53.814 -57.6095 3.93443
53.8121 -57.6125 3.93426
53.9254 -57.6306 3.93742
53.8913 -57.6391 3.93567
53.8923 -57.6421 3.93576
53.9456 -57.6582 3.93231
53.9618 -57.5812 3.93792
53.9508 -57.571 3.9347
53.869 -57.5876 3.93382
53.8322 -57.6483 3.93296
53.9187 -57.5809 3.93892
53.8708 -57.6149 3.93373
53.831 -57.4919 3.93599
53.9346 -57.5767 3.9339
53.9332 -57.5332 3.93646
53.954 -57.5622 3.93422
53.9801 -57.6462 3.93627
53.8463 -57.6954 3.93411
53.9486 -57.694 3.9345
53.9842 -57.6759 3.93431
53.9852 -57.6573 3.93478
53.9096 -57.6811 3.93303
53.9217 -57.5435 3.93443
53.9588 -57.5005 3.93727
53.9166 -57.7064 3.93292
53.9191 -57.5196 3.93331
53.9124 -57.6513 3.93315
53.9701 -57.6236 3.93435
53.9702 -57.6323 3.93691
53.8525 -57.519 3.93667
53.9863 -57.5615 3.93726
53.9752 -57.6568 3.93517
53.9707 -57.6601 3.93537
53.9112 -57.7242 3.93319
53.8706 -57.5414 3.93794
53.9401 -57.5516 3.93346
53.9268 -57.6486 3.93479
53.8958 -57.5238 3.93721
54.0304 -57.5025 3.93663
53.944 -57.5594 3.93655
53.9268 -57.6062 3.93498
53.8894 -57.6678 3.93448
53.8739 -57.5923 3.93567
53.9587 -57.6701 3.93588
53.9624 -57.6712 3.93616
53.9303 -57.6366 3.93461
53.7787 -57.6002 3.93364
53.9852 -57.6629 3.93633
53.839 -57.5568 3.93424
53.9232 -57.5385 3.93565
53.8909 -57.5825 3.93119
53.8449 -57.6045 3.93311
53.9709 -57.6203 3.93817
53.9864 -57.6047 3.93701
53.9409 -57.596 3.9341
53.7923 -57.633 3.93407
53.9008 -57.6626 3.93153
53.989 -57.6023 3.93661
53.82 -57.685 3.93486
53.8199 -57.6794 3.93472
53.9319 -57.5145 3.93448
53.8014 -57.4727 3.93561
54.0607 -57.5916 3.93511
53.9533 -57.5832 3.93551
53.9051 -57.6474 3.93516
53.9012 -57.6475 3.93507
53.9438 -57.5321 3.9371
54.0029 -57.6173 3.93183
53.8443 -57.6922 3.93631
53.9142 -57.6498 3.93391
53.9423 -57.6081 3.93498
53.9603 -57.6003 3.93481
53.9225 -57.5713 3.9353
54.0358 -57.5948 3.93427
53.8932 -57.6583 3.93327
53.9069 -57.6264 3.93541
53.9304 -57.6343 3.93931
53.8672 -57.6119 3.93407
53.9536 -57.5171 3.93647
53.7834 -57.5264 3.93281
53.8179 -57.6087 3.93435
53.946 -57.6746 3.93477
53.8769 -57.6541 3.93801
53.8596 -57.5977 3.93805
53.8934 -57.6415 3.93563
53.9621 -57.7107 3.93442
53.8743 -57.5877 3.93376
53.9227 -57.6375 3.93515
53.9878 -57.6729 3.9343
53.945 -57.6438 3.93416
53.8645 -57.6143 3.93358
53.8505 -57.549 3.93878
53.9261 -57.6763 3.93273
53.9506 -57.5631 3.93424
53.953 -57.56 3.93388
53.9936 -57.5154 3.93795
53.8425 -57.6943 3.93393
53.9508 -57.6906 3.93443
53.9629 -57.6157 3.93618
53.9568 -57.5746 3.93586
53.9566 -57.5434 3.93708
53.9101 -57.7217 3.9332
53.9104 -57.5568 3.93406
53.8886 -57.6381 3.93167
54.034 -57.5981 3.9359
53.9775 -57.5947 3.9355
53.9354 -57.6135 3.93625
53.8878 -57.6519 3.93514
53.8552 -57.5189 3.93654
53.97 -57.6599 3.93517
53.9996 -57.5902 3.93568
53.9858 -57.6102 3.93881
53.9064 -57.5285 3.93577
53.884 -57.5497 3.93942
53.9241 -57.6022 3.93765
53.9405 -57.5706 3.93411
53.9626 -57.6023 3.93644
53.859 -57.583 3.93223
53.893 -57.6439 3.93173
53.9841 -57.5447 3.93728
53.8938 -57.6747 3.93433
53.8554 -57.6757 3.9336
53.855 -57.6748 3.93371
53.9131 -57.6634 3.93528
53.9659 -57.5723 3.93533
53.855 -57.5233 3.93644
53.9637 -57.5872 3.93336
53.9067 -57.5592 3.93683
53.966 -57.5577 3.93461
53.8521 -57.6041 3.93327
53.9364 -57.6003 3.93424
53.9538 -57.6899 3.93478
53.9459 -57.5663 3.93847
53.9004 -57.5843 3.93558
53.9656 -57.658 3.93263
53.9561 -57.5569 3.93688
53.8387 -57.5696 3.9357
53.9086 -57.64 3.93631
53.9529 -57.5821 3.9353
53.9286 -57.6058 3.934
53.9561 -57.7312 3.9338
53.9512 -57.7276 3.93378
53.96 -57.6331 3.9341
53.8657 -57.6386 3.93659
53.8847 -57.5483 3.93774
54.0071 -57.5609 3.93754
53.9108 -57.6492 3.93376
53.8939 -57.6349 3.93353
53.892 -57.5407 3.93672
53.909 -57.6356 3.93558
53.8597 -57.6141 3.93382
53.9323 -57.5456 3.93522
53.9215 -57.5649 3.93664
53.9206 -57.5989 3.93567
53.9454 -57.6706 3.93509
53.9333 -57.6165 3.93438
53.8628 -57.59 3.93793
53.9922 -57.568 3.93525
53.9615 -57.7055 3.93444
53.9283 -57.6781 3.93374
53.9251 -57.6367 3.93527
53.9315 -57.6338 3.93524
53.9272 -57.5467 3.93794
53.9597 -57.5892 3.93823
53.9444 -57.6364 3.93413
53.9443 -57.6408 3.93399
53.9771 -57.5601 3.9359
53.9517 -57.6609 3.93632
53.9185 -57.68 3.93286
53.9695 -57.5519 3.93256
53.9767 -57.5404 3.93423
54.0447 -57.5808 3.93594
53.9584 -57.6157 3.93643
53.9105 -57.5685 3.93457
53.9134 -57.7206 3.93298
53.9553 -57.4949 3.93723
53.8869 -57.6391 3.93133
53.918 -57.7044 3.9331
53.9133 -57.7025 3.93303
53.9402 -57.6232 3.93267
53.9448 -57.6224 3.93276
53.8869 -57.5466 3.93406
53.9361 -57.6175 3.93602
53.9413 -57.5736 3.93583
53.9522 -57.5622 3.93569
53.9374 -57.6506 3.93665
53.9711 -57.6528 3.93498
53.8693 -57.6517 3.93331
53.8874 -57.4291 3.93468
53.9251 -57.5907 3.93708
53.8533 -57.6637 3.93075
53.8964 -57.5238 3.93713
53.9447 -57.6614 3.93619
53.9587 -57.604 3.9367
53.9919 -57.6096 3.93449
53.869 -57.5947 3.93627
53.8687 -57.5876 3.93557
53.9271 -57.5615 3.93501
53.9118 -57.5819 3.93935
53.965 -57.5765 3.9354
53.914 -57.6144 3.93386
53.9053 -57.5394 3.93484
53.9397 -57.5723 3.93246
53.992 -57.5656 3.93394
53.9826 -57.6661 3.93639
53.8392 -57.5661 3.93435
53.8431 -57.5625 3.93435
53.8564 -57.61 3.93328
53.8495 -57.6089 3.93324
53.8499 -57.6064 3.93319
53.889 -57.7367 3.93513
53.8822 -57.7436 3.93521
53.9177 -57.6072 3.93448
53.9953 -57.561 3.93553
53.8269 -57.6832 3.93497
53.8315 -57.5474 3.93669
53.9916 -57.5474 3.93423
53.8901 -57.5414 3.93281
53.9135 -57.5659 3.93834
53.9372 -57.6182 3.93805
53.9592 -57.7284 3.93364
53.9558 -57.6379 3.93414
53.8778 -57.6425 3.93647
53.875 -57.6387 3.93663
54.0072 -57.552 3.93768
54.0082 -57.5729 3.93436
53.95 -57.5405 3.9341
53.9731 -57.5648 3.9353
53.9182 -57.5681 3.93535
53.8919 -57.6536 3.93336
53.9342 -57.6417 3.9392
53.9637 -57.6857 3.93476
53.8846 -57.5994 3.93389
53.8524 -57.5584 3.9344
53.9331 -57.6036 3.93471
53.8166 -57.6106 3.93424
53.9316 -57.6217 3.9343
53.8578 -57.6011 3.9378
53.8622 -57.5929 3.93783
53.8968 -57.638 3.93559
53.9894 -57.5687 3.93526
53.9319 -57.6293 3.93487
53.9275 -57.6381 3.93534
53.9279 -57.5401 3.938
53.9255 -57.539 3.93825
53.9421 -57.5684 3.93494
54.0304 -57.5757 3.93474
53.9686 -57.5941 3.93399
53.9585 -57.5434 3.93158
53.9767 -57.643 3.93628
53.8889 -57.5341 3.93546
53.9047 -57.5706 3.93465
53.9076 -57.6827 3.93312
54.0274 -57.5876 3.93895
53.9091 -57.5802 3.93799
53.8839 -57.6417 3.93148
53.8888 -57.4859 3.9381
53.9123 -57.6502 3.93315
53.9437 -57.6245 3.93267
54.0498 -57.5968 3.93838
53.8857 -57.6479 3.93505
53.9454 -57.5707 3.93582
53.9333 -57.6459 3.93679
53.9737 -57.6557 3.93513
53.9123 -57.7264 3.93306
54.0102 -57.5448 3.933
53.8571 -57.659 3.93097
53.8842 -57.549 3.93941
54.0145 -57.6455 3.9349
53.9032 -57.6489 3.93155
53.8656 -57.5247 3.93798
53.8663 -57.5984 3.93186
53.853 -57.6743 3.93372
53.961 -57.6711 3.93594
53.9066 -57.5957 3.93552
53.9127 -57.6608 3.93526
53.9809 -57.5825 3.93798
54.0155 -57.5867 3.93848
53.9498 -57.5722 3.93564
53.8511 -57.6015 3.93318
53.8645 -57.6309 3.93461
53.8602 -57.6275 3.93493
53.8822 -57.7364 3.93489
53.8812 -57.7404 3.93496
53.7905 -57.6325 3.93409
53.9072 -57.6601 3.9316
53.9028 -57.5875 3.93539
53.8243 -57.6899 3.93484
53.9549 -57.6526 3.93255
53.8371 -57.5666 3.93565
53.8573 -57.6558 3.9362
53.8556 -57.6608 3.93615
54.0325 -57.5898 3.93874
53.9077 -57.6456 3.93513
53.9617 -57.666 3.93319
53.9475 -57.5443 3.93688
53.8766 -57.6438 3.93666
53.9467 -57.5127 3.93463
53.8555 -57.5225 3.9341
53.9484 -57.5409 3.93381
53.8927 -57.6323 3.93363
53.9399 -57.6086 3.93496
53.9836 -57.6065 3.93527
53.8943 -57.6526 3.93319
53.864 -57.6187 3.93404
53.962 -57.6456 3.93649
53.928 -57.5419 3.93509
53.9912 -57.6103 3.93597
53.8103 -57.6103 3.93447
53.8158 -57.6076 3.93442
53.9098 -57.6408 3.93868
53.8606 -57.5935 3.93795
53.9457 -57.6632 3.93219
53.9648 -57.5861 3.93772
53.9537 -57.7137 3.93433
53.9804 -57.6579 3.93294
53.8739 -57.5936 3.93361
53.9256 -57.633 3.93521
53.8999 -57.518 3.93453
53.8416 -57.6556 3.93307
53.9154 -57.5862 3.93896
53.9104 -57.5792 3.93905
53.9502 -57.6415 3.93418
53.8642 -57.6209 3.93368
53.9689 -57.6797 3.93589
53.9428 -57.5198 3.93401
53.9126 -57.5894 3.93796
53.8411 -57.7002 3.93373
53.9518 -57.6885 3.9343
53.9529 -57.5804 3.93577
53.9095 -57.6803 3.93308
54.0265 -57.5927 3.939
53.9903 -57.5837 3.93344
53.9887 -57.5806 3.9337
53.9073 -57.5797 3.93817
53.9353 -57.6665 3.93628
53.9132 -57.646 3.93304
53.9437 -57.6208 3.93299
54.0133 -57.5359 3.9354
53.9296 -57.5839 3.93549
53.9694 -57.658 3.93491
53.9166 -57.7309 3.9331
53.9534 -57.6318 3.93626
53.9449 -57.6277 3.93262
53.9247 -57.5969 3.93758
53.9563 -57.6071 3.93647
53.9002 -57.638 3.93177
53.9674 -57.6189 3.93697
53.8926 -57.6384 3.93643
53.8906 -57.6695 3.93463
53.8547 -57.6741 3.93361
53.9613 -57.6671 3.9362
53.9132 -57.5857 3.93939
53.9189 -57.6558 3.93526
53.9129 -57.6145 3.93406
53.9121 -57.5414 3.93484
53.9931 -57.5856 3.93392
53.9314 -57.6009 3.93291
53.8616 -57.6305 3.93482
53.7949 -57.6351 3.93407
53.7953 -57.6326 3.93406
53.9202 -57.5991 3.93449
53.955 -57.6875 3.93469
53.9039 -57.6646 3.93158
53.9109 -57.6194 3.93681
53.9068 -57.5822 3.9354
53.905 -57.5804 3.93549
53.8115 -57.6904 3.93525
53.8352 -57.5513 3.93671
53.8362 -57.5496 3.93668
53.8446 -57.565 3.93576
53.9018 -57.639 3.9362
53.9344 -57.6155 3.93807
53.9108 -57.6495 3.93521
53.9187 -57.6821 3.93369
53.9495 -57.5552 3.93674
53.9543 -57.5458 3.93616
53.9744 -57.5872 3.93237
53.9922 -57.5359 3.93297
53.9402 -57.613 3.93488
53.9253 -57.5694 3.93535
53.9132 -57.6347 3.93546
53.8635 -57.6168 3.93409
54.0406 -57.6234 3.9392
53.9886 -57.5601 3.93558
53.9241 -57.5621 3.93645
53.9206 -57.5683 3.93622
53.9276 -57.6052 3.9357
53.9262 -57.6269 3.93756
54.0125 -57.6075 3.9356
53.8897 -57.6405 3.93567
53.9634 -57.5755 3.93769
53.9313 -57.6257 3.93521
53.9274 -57.6333 3.93695
53.9255 -57.6338 3.93532
53.8335 -57.6516 3.93304
53.9603 -57.5956 3.93802
53.8909 -57.5462 3.93255
53.8908 -57.5535 3.93241
53.9399 -57.585 3.93385
53.9141 -57.5827 3.93809
53.842 -57.694 3.93379
53.958 -57.6201 3.9352
53.9155 -57.6843 3.9331
53.9146 -57.6805 3.9332
53.9034 -57.5573 3.93391
53.9617 -57.5805 3.93745
53.8872 -57.6359 3.93137
53.9872 -57.5932 3.93507
53.9698 -57.624 3.93417
53.9374 -57.6211 3.93613
53.9391 -57.5675 3.93575
53.9349 -57.6513 3.93667
53.8908 -57.6604 3.9367
53.9225 -57.5863 3.93401
53.9441 -57.6182 3.93529
53.9247 -57.5936 3.93721
53.9934 -57.7189 3.9332
53.9711 -57.5821 3.93359
53.9442 -57.6365 3.93261
53.9272 -57.643 3.93478
53.8985 -57.5195 3.93733
53.9241 -57.595 3.93768
53.9778 -57.6427 3.93655
54.0007 -57.5737 3.93503
53.9738 -57.6264 3.93609
53.8866 -57.6383 3.93636
53.8699 -57.5234 3.93791
53.8667 -57.5955 3.93175
53.8646 -57.5937 3.93178
53.8538 -57.6749 3.93375
53.9149 -57.6659 3.9354
53.9962 -57.5389 3.93663
53.9165 -57.6071 3.93392
53.9306 -57.5722 3.93242
53.9938 -57.5626 3.93379
53.9333 -57.5733 3.93726
53.8368 -57.5645 3.93417
53.8849 -57.6222 3.93669
53.8943 -57.5876 3.9312
53.884 -57.7401 3.93497
54.0461 -57.5858 3.93598
53.9663 -57.6265 3.93802
53.8632 -57.5182 3.93384
53.917 -57.6012 3.93441
53.9569 -57.6958 3.93482
53.9322 -57.6631 3.93623
53.9059 -57.6224 3.93694
53.8226 -57.6838 3.93488
53.9616 -57.6535 3.93241
53.9638 -57.6574 3.93252
53.9041 -57.5795 3.93723
53.883 -57.5465 3.93277
53.9905 -57.5843 3.93901
53.9315 -57.6097 3.93798
53.9533 -57.7263 3.93369
53.9103 -57.6423 3.93505
53.9324 -57.5298 3.93716
53.8727 -57.6465 3.9366
53.8548 -57.5187 3.93414
54.0085 -57.5844 3.93618
53.9161 -57.651 3.93376
53.8955 -57.6291 3.93359
53.9543 -57.5972 3.93497
53.889 -57.6528 3.93336
53.863 -57.6187 3.93395
53.868 -57.6154 3.93399
53.9734 -57.6835 3.93495
53.8866 -57.5988 3.93382
54.0298 -57.6036 3.93156
53.9456 -57.674 3.93512
53.8836 -57.6537 3.9376
53.8613 -57.5943 3.93809
53.9915 -57.5677 3.93534
53.9344 -57.6221 3.93518
53.8719 -57.5889 3.93384
53.9574 -57.5172 3.93457
53.9199 -57.6351 3.935
53.9048 -57.5137 3.93434
53.8341 -57.6553 3.93325
53.9349 -57.7091 3.93578
53.8729 -57.6069 3.93353
53.9541 -57.656 3.93611
54.027 -57.5863 3.93412
53.9295 -57.672 3.93289
53.8716 -57.5744 3.93507
53.846 -57.6999 3.93397
53.8466 -57.7018 3.93402
53.8476 -57.6973 3.93386
53.9636 -57.5699 3.93576
54.1469 -53.6045 3.93873
