-33.0674 -80.1411 2.23213
-32.9224 -80.1494 2.23297
-32.9762 -80.189 2.22861
-32.9186 -80.1161 2.22738
-33.0411 -80.2197 2.2283
-32.9518 -80.2203 2.23188
-32.9609 -80.1377 2.23139
-32.941 -80.2204 2.23044
-33.0135 -80.1908 2.23198
-32.869 -80.1559 2.23347
-32.8907 -80.2928 2.23333
-33.0037 -80.2119 2.23062
-33.0565 -80.1939 2.23257
-32.9973 -80.205 2.23315
-32.9015 -80.1858 2.23423
-32.9011 -80.1857 2.23484
-32.7453 -80.1839 2.22781
-32.7874 -80.15 2.22812
-33.1916 -80.1609 2.23074
-33.0177 -80.2473 2.2329
-32.8804 -80.2285 2.22868
-32.925 -80.1642 2.23269
-32.8586 -80.2074 2.23072
-32.895 -80.289 2.2323
-32.8759 -80.2367 2.23128
-33.0637 -80.2583 2.23213
-33.0043 -80.3743 2.23316
-33.0203 -80.3403 2.2372
-32.85 -80.2689 2.23228
-32.9048 -80.1053 2.23362
-32.8939 -80.1937 2.2309
-33.0437 -80.1879 2.23287
-32.8808 -80.178 2.23288
-32.9267 -80.1914 2.23102
-32.8982 -80.3418 2.2344
-32.9286 -80.2924 2.23658
-32.9519 -80.293 2.23181
-33.1321 -80.1908 2.23511
-32.9234 -80.2107 2.22721
-32.9509 -80.3218 2.23601
-32.965 -80.1374 2.23016
-32.8284 -80.3099 2.23176
-32.9054 -80.1472 2.23521
-32.9959 -80.1365 2.23425
-33.0031 -80.1857 2.23039
-32.9193 -80.2654 2.23247
-32.8905 -80.227 2.2335
-33.035 -80.0953 2.22913
-32.9361 -80.2641 2.23458
-32.9662 -80.1826 2.22645
-33.0297 -80.1238 2.22726
-32.9284 -80.2404 2.23166
-33.0233 -80.2555 2.23057
-33.1332 -80.1319 2.23247
-32.8954 -80.308 2.23062
-32.9789 -80.0927 2.23412
-33.0315 -80.1112 2.23339
-32.988 -80.1396 2.23327
-32.9742 -80.225 2.23428
-32.9451 -80.2574 2.23215
-32.8438 -80.2075 2.23053
-33.0907 -80.1553 2.23467
-33.0748 -80.2089 2.23159
-32.9913 -80.2619 2.23172
-32.8789 -80.2578 2.23126
-32.8696 -80.1446 2.23152
-33.0091 -80.2339 2.23102
-32.886 -80.1477 2.23532
-32.8129 -80.1611 2.22942
-32.9503 -80.2041 2.22925
-32.9276 -80.2754 2.23362
-32.8909 -80.1317 2.2298
-32.9495 -80.1278 2.23039
-33.0078 -80.1807 2.22757
-32.9527 -80.2347 2.2344
-32.9331 -80.2236 2.23414
-32.89 -80.2129 2.23322
-32.9381 -80.2677 2.2365
-33.0274 -80.2423 2.2321
-32.9356 -80.1291 2.23343
-33.0417 -80.1257 2.23166
-33.044 -80.181 2.2323
-32.8024 -80.1878 2.2323
-32.8641 -80.2048 2.23367
-32.862 -80.1959 2.23397
-32.9397 -80.2803 2.23009
-32.8725 -80.162 2.23283
-33.0196 -80.1808 2.23247
-32.851 -80.2417 2.23169
-32.9094 -80.2364 2.23087
-32.9658 -80.263 2.23402
-33.0733 -80.2878 2.23458
-32.8875 -80.184 2.232
-32.8719 -80.1431 2.23466
-32.8818 -80.1791 2.23513
-32.8656 -80.1805 2.23363
-33.0256 -80.1459 2.22677
-32.8576 -80.3034 2.23346
-32.9402 -80.2197 2.23124
-32.9011 -80.1585 2.23228
-33.0382 -80.2157 2.22912
-33.0014 -80.2286 2.22857
-32.9558 -80.2864 2.23067
-33.1038 -80.2251 2.23105
-32.9272 -80.3335 2.23345
-32.9496 -80.2981 2.23411
-32.9385 -80.2124 2.23317
-32.9776 -80.2511 2.2309
-32.891 -80.2899 2.23174
-32.9751 -80.3341 2.23071
-32.9599 -80.1461 2.23096
-33.0117 -80.2428 2.23169
-32.8514 -80.2342 2.2318
-32.9277 -80.241 2.2322
-32.9818 -80.2618 2.23315
-33.0591 -80.3331 2.23309
-32.8825 -80.0884 2.23473
-33.0098 -80.1534 2.23588
-33.0133 -80.2314 2.23104
-33.0462 -80.29 2.23371
-33.0756 -80.2744 2.23345
-32.98 -80.2249 2.23195
-33.0102 -80.2394 2.23208
-33.0293 -80.1923 2.23259
-33.0119 -80.214 2.22935
-32.9046 -80.2034 2.23346
-32.9208 -80.2082 2.23445
-32.9277 -80.2814 2.23184
-32.9467 -80.219 2.23276
-33.0929 -80.1538 2.23072
-32.9204 -80.203 2.23222
-32.8722 -80.3435 2.23171
-33.0542 -80.2473 2.22774
-32.9605 -80.266 2.23028
-32.9057 -80.1987 2.23524
-32.844 -80.1669 2.23488
-32.8987 -80.1679 2.23345
-33.0794 -80.1832 2.23543
-32.853 -80.2197 2.23253
-32.9219 -80.2578 2.23099
-32.9075 -80.254 2.23267
-32.9796 -80.1935 2.2339
-33.006 -80.224 2.23155
-32.9941 -80.2364 2.22881
-32.9336 -80.1606 2.22849
-32.8574 -80.2449 2.23419
-32.8755 -80.2162 2.23386
-32.9504 -80.189 2.23033
-32.9669 -80.2277 2.2275
-32.9969 -80.0714 2.23397
-32.9365 -80.2897 2.23218
-32.793 -80.1212 2.23112
-32.815 -80.0858 2.23363
-33.0676 -80.1589 2.22926
-33.1709 -80.1545 2.22814
-33.0542 -80.1677 2.23253
-33.0308 -80.2913 2.22899
-32.8636 -80.1768 2.23175
-32.8698 -80.2069 2.23285
-32.9805 -80.274 2.23341
-32.9527 -80.1624 2.23125
-32.8193 -80.1456 2.23293
-32.9868 -80.2503 2.23237
-32.9647 -80.186 2.23083
-32.9402 -80.2473 2.23082
-33.0004 -80.247 2.23131
-33.0649 -80.265 2.23087
-33.0817 -80.171 2.22834
-33.0156 -80.284 2.23372
-32.8829 -80.3165 2.22934
-32.8359 -80.126 2.23373
-32.8228 -80.1002 2.23263
-32.8574 -80.1603 2.23138
-32.7993 -80.1752 2.2311
-32.9266 -80.2896 2.23082
-32.9216 -80.2766 2.23567
-32.9931 -80.3869 2.23388
-32.9201 -80.2679 2.23171
-32.9798 -80.2974 2.2335
-32.9888 -80.3043 2.23459
-32.9724 -80.2915 2.23354
-32.9967 -80.2081 2.23054
-32.9209 -80.1882 2.23301
-32.9211 -80.1317 2.23196
-32.9492 -80.2078 2.23358
-32.9007 -80.2383 2.23346
-33.0775 -80.1925 2.23117
-32.9694 -80.2676 2.23234
-33.0516 -80.2951 2.23023
-33.0311 -80.2065 2.23429
-32.9474 -80.2156 2.23218
-32.8613 -80.1672 2.23257
-32.9194 -80.1793 2.23285
-32.8829 -80.1542 2.23069
-32.921 -80.1074 2.23143
-32.9066 -80.1772 2.2301
-32.9767 -80.2932 2.23377
-32.8643 -80.2104 2.23262
-32.9688 -80.1954 2.2272
-32.9234 -80.2403 2.23173
-32.9588 -80.1752 2.22969
-33.0593 -80.3635 2.23546
-32.9847 -80.264 2.23629
-33.0599 -80.3973 2.23213
-32.8246 -80.3184 2.22834
-32.9772 -80.2012 2.23208
-32.9687 -80.246 2.2331
-33.0492 -80.2819 2.23046
-32.9084 -80.1887 2.23496
-32.9553 -80.207 2.23362
-32.9089 -80.1808 2.23239
-32.9684 -80.1869 2.23492
-33.0384 -80.209 2.23137
-32.9623 -80.2221 2.23252
-33.1253 -80.1581 2.2348
-33.0272 -80.3399 2.23329
-32.9742 -80.2914 2.23321
-32.9122 -80.2676 2.23745
-32.9179 -80.2577 2.23632
-32.9003 -80.3261 2.23327
-32.9513 -80.3453 2.23402
-33.0636 -80.1924 2.23309
-33.0247 -80.2157 2.2324
-32.8946 -80.2372 2.23216
-32.8939 -80.2043 2.23162
-32.9393 -80.2536 2.22978
-32.8778 -80.0581 2.23398
-32.8479 -80.1102 2.23424
-32.7828 -80.1467 2.23055
-32.9721 -80.2606 2.23281
-32.9762 -80.2151 2.23205
-32.9186 -80.4132 2.23501
-32.9717 -80.2126 2.23259
-32.9505 -80.1927 2.23291
-32.9403 -80.1668 2.23133
-32.9283 -80.3342 2.23116
-32.9745 -80.2044 2.23216
-32.9062 -80.1649 2.23131
-33.0745 -80.155 2.23294
-32.86 -80.2195 2.23147
-32.8738 -80.2416 2.23153
-33.04 -80.2119 2.23365
-32.944 -80.2844 2.23207
-32.8373 -80.2044 2.23169
-33.0928 -80.3084 2.23283
-32.8911 -80.3175 2.23006
-32.9314 -80.3131 2.2325
-32.859 -80.1944 2.23185
-32.8575 -80.2245 2.23421
-33.0272 -80.119 2.23327
-32.9172 -80.1959 2.23359
-33.0271 -80.1784 2.23298
-32.8897 -80.1261 2.23136
-32.9065 -80.1609 2.23102
-32.9739 -80.2808 2.23303
-32.9837 -80.2909 2.23521
-33.0062 -80.2701 2.23458
-33.0077 -80.1403 2.23109
-32.9244 -80.2192 2.23324
-32.9386 -80.3328 2.22985
-32.926 -80.2134 2.23161
-32.8147 -80.1334 2.231
-32.8374 -80.3538 2.23255
-32.9582 -80.1553 2.23268
-32.9561 -80.2416 2.23111
-32.8652 -80.3042 2.23366
-32.8639 -80.1728 2.23106
-32.785 -80.3179 2.23202
-32.9456 -80.3012 2.23514
-32.9166 -80.2803 2.2313
-32.9237 -80.1494 2.23101
-32.9167 -80.305 2.23051
-32.946 -80.1849 2.234
-33.0147 -80.1893 2.23243
-32.9406 -80.0565 2.23292
-32.9087 -80.2108 2.23289
-33.0144 -80.2285 2.22992
-32.899 -80.141 2.23204
-32.8274 -80.1831 2.22892
-32.9789 -80.2316 2.23161
-33.0683 -80.2056 2.22915
-32.9519 -80.2347 2.23034
-33.0597 -80.3073 2.23062
-32.9484 -80.2136 2.23564
-32.8942 -80.1863 2.23463
-32.8906 -80.1981 2.23337
-32.9297 -80.2647 2.23298
-32.9454 -80.1982 2.23168
-32.8778 -80.3595 2.23017
-32.9967 -80.2413 2.23054
-33.0143 -80.1811 2.23354
-32.9862 -80.1713 2.23189
-32.9617 -80.2513 2.23095
-32.8949 -80.1152 2.23286
-32.8413 -80.0706 2.23532
-33.026 -80.1286 2.23368
-32.8594 -80.202 2.23432
-32.88 -80.2412 2.2315
-32.9822 -80.2484 2.22992
-32.9427 -80.2639 2.2305
-33.0146 -80.2565 2.23239
-33.016 -80.2751 2.22989
-32.9026 -80.2354 2.23387
-32.9536 -80.2324 2.23054
-32.9303 -80.2492 2.23186
-33.0073 -80.3942 2.23231
-32.8706 -80.0942 2.23104
-33.0636 -80.2531 2.23097
-32.9947 -80.1952 2.22881
-32.9256 -80.1706 2.23339
-32.864 -80.1858 2.23265
-32.8652 -80.207 2.23235
-32.8978 -80.2352 2.2324
-32.9253 -80.1949 2.23293
-32.987 -80.199 2.23129
-32.9389 -80.1994 2.23078
-32.9156 -80.2247 2.23227
-32.8963 -80.1511 2.23266
-32.9768 -80.2655 2.23168
-33.1036 -80.2103 2.23315
-32.8971 -80.2634 2.22964
-32.8568 -80.2317 2.23531
-32.9165 -80.2082 2.23508
-33.0188 -80.2781 2.22838
-32.8903 -80.2472 2.23431
-33.0016 -80.2073 2.23466
-32.8451 -80.3668 2.23618
-32.9026 -80.2497 2.23498
-33.0623 -80.1603 2.23223
-33.1 -80.1912 2.23229
-33.0265 -80.2036 2.22983
-32.9315 -80.2597 2.23373
-33.049 -80.1716 2.23381
-32.9772 -80.1668 2.23081
-32.9989 -80.2009 2.23313
-32.9369 -80.2161 2.23488
-33 -80.3377 2.23591
-32.9657 -80.1488 2.23176
-32.8585 -80.2505 2.23198
-32.873 -80.0976 2.2329
-32.8528 -80.1145 2.2344
-32.9071 -80.1754 2.23084
-32.9169 -80.1759 2.22996
-32.8513 -80.2048 2.23313
-32.969 -80.2253 2.2317
-32.9326 -80.1105 2.22795
-32.9456 -80.2512 2.23504
-32.954 -80.2506 2.23123
-33.0844 -80.1952 2.23425
-32.8795 -80.1712 2.23303
-32.9858 -80.1722 2.23533
-33.1049 -80.2689 2.233
-33.0021 -80.2145 2.23159
-32.9968 -80.2139 2.22884
-32.9556 -80.226 2.23568
-33.0295 -80.2501 2.23339
-32.933 -80.1933 2.23428
-32.9878 -80.102 2.22989
-33.062 -80.1785 2.22997
-33.0082 -80.1815 2.23428
-32.8827 -80.1532 2.22902
-32.8648 -80.1785 2.23003
-32.9268 -80.1819 2.23296
-32.9612 -80.3694 2.2306
-33.0261 -80.3611 2.23019
-32.9133 -80.3065 2.23054
-32.9277 -80.3094 2.23296
-32.9205 -80.2719 2.23373
-32.9467 -80.3011 2.22833
-33.0084 -80.2415 2.23083
-32.9948 -80.255 2.23233
-33.0001 -80.216 2.23076
-32.8818 -80.0811 2.23588
-32.9393 -80.1506 2.23681
-32.9216 -80.2401 2.22891
-32.9774 -80.2323 2.23295
-33.1078 -80.0666 2.2295
-32.8544 -80.1946 2.23242
-33.0782 -80.0602 2.22808
-32.9438 -80.2408 2.23244
-32.9765 -80.2768 2.237
-32.8819 -80.201 2.23181
-32.8812 -80.3382 2.22856
-32.9054 -80.2055 2.2307
-32.9136 -80.1522 2.23346
-32.9433 -80.1463 2.23352
-32.9785 -80.2186 2.23143
-32.9872 -80.2186 2.23293
-33.0251 -80.2048 2.23528
-32.8117 -80.1197 2.23318
-32.9257 -80.1862 2.23141
-32.9314 -80.1856 2.232
-32.9738 -80.2096 2.23256
-32.9975 -80.1284 2.23237
-32.8149 -80.2211 2.23203
-32.9728 -80.1902 2.232
-32.9319 -80.188 2.23373
-32.8953 -80.3024 2.22965
-33.0749 -80.2795 2.23331
-32.8546 -80.1865 2.23528
-32.8879 -80.2532 2.23382
-32.8806 -80.251 2.23573
-32.9245 -80.1884 2.23261
-32.8032 -80.2505 2.2342
-33.0195 -80.2676 2.23256
-32.889 -80.1986 2.22855
-32.8209 -80.1508 2.23055
-32.8485 -80.1956 2.23153
-32.9846 -80.2245 2.23334
-32.9739 -80.2562 2.23027
-32.9504 -80.1619 2.23416
-32.9127 -80.2511 2.23078
-32.9614 -80.2816 2.23346
-32.9331 -80.3042 2.23151
-33.0144 -80.395 2.2347
-32.9502 -80.252 2.2305
-32.8811 -80.3392 2.23187
-32.8832 -80.1288 2.23105
-33.0925 -80.2882 2.23218
-32.9366 -80.2428 2.23382
-33.0033 -80.2477 2.23258
-33.0434 -80.2196 2.23097
-32.7832 -80.1313 2.22949
-33.0731 -80.2485 2.23325
-32.984 -80.2091 2.23103
-32.9563 -80.2338 2.22897
-32.8898 -80.1918 2.23205
-33.0654 -80.3074 2.23342
-32.9786 -80.1682 2.23334
-32.982 -80.2185 2.23185
-32.944 -80.2143 2.23224
-32.8548 -80.3765 2.23122
-32.8674 -80.2904 2.23332
-32.9848 -80.277 2.23081
-32.9544 -80.2017 2.23289
-32.9336 -80.2028 2.23366
-32.9518 -80.2822 2.22666
-32.9473 -80.2055 2.22989
-32.8681 -80.2943 2.22888
-32.9382 -80.1997 2.23104
-32.8603 -80.1287 2.23473
-32.9445 -80.1764 2.23329
-33.1026 -80.1717 2.23439
-33.0448 -80.1216 2.23501
-32.8797 -80.2794 2.23431
-32.8901 -80.3013 2.23135
-33.0127 -80.2644 2.2292
-33.0529 -80.2459 2.23415
-32.9057 -80.2404 2.23123
-32.9249 -80.2512 2.23237
-32.9373 -80.1574 2.23063
-32.9852 -80.0635 2.23548
-33.0027 -80.0262 2.23414
-32.965 -80.2573 2.23246
-32.9535 -80.2641 2.23339
-32.8749 -80.1458 2.23351
-32.9997 -80.262 2.22551
-33.0617 -80.1354 2.23147
-33.0241 -80.2283 2.23552
-32.8984 -80.2034 2.23299
-32.9046 -80.2388 2.23356
-32.8875 -80.3067 2.23238
-32.9452 -80.1802 2.23169
-32.9282 -80.1029 2.23249
-32.7898 -80.2207 2.23023
-32.9041 -80.277 2.23156
-33.0273 -80.3509 2.23397
-32.862 -80.2325 2.23433
-32.9765 -80.3399 2.2322
-33.0271 -80.1607 2.22829
-33.02 -80.2738 2.23574
-32.8321 -80.2473 2.23325
-32.8847 -80.197 2.23429
-32.9129 -80.2046 2.23597
-32.8748 -80.1926 2.23408
-32.9238 -80.1841 2.23434
-32.8782 -80.1797 2.2337
-33.0722 -80.2564 2.22986
-32.9938 -80.2568 2.22888
-32.9077 -80.4015 2.2336
-32.9229 -80.367 2.23444
-33.011 -80.3314 2.23463
-32.9433 -80.1557 2.23176
-32.9328 -80.2094 2.23263
-33.0657 -80.1927 2.23508
-33.0044 -80.2221 2.23179
-32.938 -80.1919 2.23063
-32.9085 -80.2815 2.2298
-32.8876 -80.117 2.23364
-32.8283 -80.1118 2.23462
-32.9944 -80.1255 2.23406
-32.9736 -80.1456 2.2259
-33.1091 -80.2389 2.23507
-33.0262 -80.2627 2.23098
-32.9661 -80.3013 2.23249
-32.9757 -80.1948 2.23156
-33.11 -80.1689 2.22815
-32.8595 -80.305 2.2289
-32.8686 -80.2838 2.22794
-32.4974 -77.59 2.2249
