46.7484 -63.6759 3.92898
46.7581 -63.7541 3.93306
46.6647 -63.735 3.92887
46.8243 -63.7241 3.93243
46.7534 -63.822 3.93416
46.7738 -63.7348 3.93314
46.8767 -63.6893 3.93112
46.8135 -63.7285 3.93384
46.6921 -63.7315 3.92987
46.7656 -63.7635 3.93154
46.7824 -63.8319 3.93057
46.7145 -63.7458 3.93016
46.727 -63.7289 3.93067
46.8107 -63.7659 3.92802
46.6832 -63.6673 3.93404
46.6499 -63.8363 3.92933
46.7755 -63.7336 3.93454
46.8252 -63.7379 3.93185
46.8478 -63.7743 3.93263
46.6842 -63.7659 3.92906
46.659 -63.7612 3.92953
46.7067 -63.7143 3.93066
46.8611 -63.7057 3.93351
46.7666 -63.7729 3.93377
46.803 -63.7409 3.93005
46.8739 -63.6254 3.93155
46.743 -63.5063 3.92995
46.8091 -63.7694 3.93259
46.7396 -63.797 3.93217
46.8129 -63.7864 3.92895
46.7612 -63.829 3.92874
46.6367 -63.7285 3.93301
46.6908 -63.819 3.93417
46.8788 -63.7044 3.93257
46.7312 -63.6856 3.93246
46.7604 -63.8108 3.93326
46.8007 -63.6627 3.92911
46.7504 -63.7628 3.92964
46.8091 -63.7383 3.92935
46.6946 -63.7772 3.9326
46.8402 -63.7035 3.93218
46.8099 -63.6926 3.93379
46.6413 -63.7142 3.93151
46.84 -63.811 3.9313
46.8406 -63.7754 3.93323
46.8004 -63.7529 3.93313
46.8148 -63.7599 3.93119
46.8493 -63.6496 3.931
46.832 -63.6653 3.93628
46.6319 -63.7502 3.92956
46.8368 -63.6942 3.93394
46.765 -63.8289 3.92974
46.7632 -63.79 3.93326
46.5863 -63.6691 3.92824
46.6537 -63.8284 3.9305
46.8024 -63.8239 3.93293
46.6752 -63.7093 3.92831
46.6758 -63.7796 3.93531
46.8751 -63.7226 3.93169
46.7848 -63.6987 3.9339
46.7506 -63.8327 3.93259
46.723 -63.7814 3.92781
46.6959 -63.7775 3.92852
46.7748 -63.6963 3.93123
46.6847 -63.8599 3.9309
46.8237 -63.6326 3.93361
46.7127 -63.7515 3.93523
46.6235 -63.8588 3.92924
46.7063 -63.7309 3.93091
46.8359 -63.7374 3.93114
46.7918 -63.7566 3.9346
46.8324 -63.7898 3.93057
46.6582 -63.8064 3.92889
46.8136 -63.6987 3.93484
46.7692 -63.6524 3.93264
46.6837 -63.771 3.92969
46.7179 -63.7184 3.93144
46.8334 -63.7951 3.93394
46.738 -63.8748 3.93159
46.6643 -63.8067 3.92953
46.8177 -63.7893 3.92916
46.7765 -63.7913 3.93029
46.6565 -63.7965 3.93293
46.7799 -63.7768 3.9346
46.8369 -63.7637 3.93216
46.755 -63.8384 3.93326
46.6616 -63.7769 3.93321
46.7731 -63.7935 3.9316
46.7679 -63.7061 3.93382
46.8152 -63.7669 3.93398
46.805 -63.6908 3.93275
46.7917 -63.7339 3.93299
46.7921 -63.7813 3.93383
46.7999 -63.8473 3.93034
46.7986 -63.8072 3.9322
46.7187 -63.7577 3.93465
46.6797 -63.7919 3.93372
46.6754 -63.7105 3.9296
46.7903 -63.7441 3.93546
46.8297 -63.8039 3.93471
46.679 -63.8329 3.93016
46.7205 -63.7862 3.92959
46.7641 -63.8741 3.9343
46.7721 -63.7163 3.9297
46.7434 -63.7323 3.93478
46.6757 -63.6462 3.93236
46.7755 -63.7686 3.9332
46.7518 -63.7926 3.93419
46.7931 -63.7138 3.93459
46.6909 -63.7611 3.93058
46.7994 -63.8155 3.93471
46.6959 -63.8162 3.93099
46.7581 -63.7288 3.93558
46.7009 -63.8664 3.92948
46.7574 -63.8293 3.92992
46.6337 -63.7031 3.92965
46.6519 -63.8824 3.92636
46.7647 -63.8175 3.93337
46.6632 -63.7874 3.93154
46.7442 -63.7212 3.92813
46.7759 -63.7847 3.93238
46.706 -63.6593 3.93004
46.7776 -63.7401 3.93187
46.762 -63.7278 3.93398
46.7305 -63.8427 3.93045
46.7038 -63.772 3.92934
46.741 -63.6817 3.93206
46.8371 -63.7493 3.93436
46.7304 -63.7779 3.93277
46.8084 -63.8145 3.93285
46.7632 -63.6776 3.93106
46.8337 -63.6834 3.9327
46.8472 -63.7392 3.93341
46.7119 -63.7015 3.92836
46.7287 -63.7262 3.92859
46.7511 -63.6022 3.92842
46.7074 -63.6799 3.93247
46.7943 -63.8008 3.9348
46.7472 -63.8276 3.93511
46.7822 -63.8061 3.9299
46.6667 -63.7812 3.93183
46.7341 -63.7509 3.93201
46.8074 -63.8088 3.92935
46.8321 -63.8014 3.93264
46.7979 -63.7619 3.93507
46.7929 -63.8061 3.93139
46.7728 -63.6886 3.93035
46.8218 -63.7664 3.92991
46.6255 -63.7476 3.9358
46.843 -63.7551 3.93038
46.7441 -63.6784 3.93078
46.7256 -63.7665 3.93503
46.6626 -63.7273 3.93231
46.6103 -63.6869 3.93057
46.8121 -63.7478 3.93217
46.6975 -63.6508 3.93156
46.6454 -63.7887 3.92872
46.8152 -63.7006 3.92945
46.8022 -63.7621 3.93063
46.8399 -63.7757 3.93463
46.6812 -63.7689 3.93452
46.8474 -63.7504 3.92974
46.7074 -63.7742 3.92954
46.6613 -63.6905 3.93109
46.7494 -63.7921 3.93465
46.7702 -63.814 3.93063
46.731 -63.7566 3.93037
46.7681 -63.8253 3.93119
46.7309 -63.8004 3.9304
46.7733 -63.7379 3.92942
46.7157 -63.8323 3.92964
46.7375 -63.7751 3.93396
46.7833 -63.7177 3.93395
46.7827 -63.7281 3.93289
46.8126 -63.7998 3.93165
46.8044 -63.7822 3.93115
46.7928 -63.7596 3.93019
46.7667 -63.84 3.93247
46.7773 -63.6991 3.93336
46.7169 -63.7781 3.93308
46.7517 -63.7723 3.93268
46.6595 -63.792 3.93107
46.7681 -63.8313 3.93273
46.7617 -63.7841 3.92908
46.833 -63.705 3.93257
46.6535 -63.7041 3.93131
46.6857 -63.8541 3.93228
46.698 -63.8114 3.93242
46.7767 -63.8208 3.93195
46.6808 -63.772 3.93243
46.7945 -63.7811 3.9361
46.7701 -63.8095 3.93372
46.7062 -63.6937 3.92945
46.7505 -63.7334 3.93224
46.7233 -63.7999 3.93379
46.7265 -63.8094 3.93274
46.8277 -63.8236 3.93518
46.7234 -63.7393 3.93111
46.7696 -63.8203 3.93167
46.7888 -63.7307 3.93364
46.8172 -63.8242 3.93494
46.6424 -63.7341 3.93
46.646 -63.6613 3.92902
46.8426 -63.7939 3.93304
46.7762 -63.7198 3.92963
46.6655 -63.8088 3.93403
46.9147 -63.7026 3.92896
46.8012 -63.7549 3.9342
46.6737 -63.7204 3.93037
46.7476 -63.7974 3.93201
46.7308 -63.761 3.93744
46.6323 -63.7277 3.93342
46.764 -63.8422 3.93342
46.6118 -63.8513 3.92805
46.7534 -63.6973 3.93467
46.8506 -63.6854 3.93354
46.6862 -63.7486 3.93082
46.7569 -63.8027 3.93014
46.7053 -63.6503 3.9356
46.8228 -63.7478 3.93273
46.775 -63.7799 3.93127
46.7475 -63.7686 3.93081
46.7384 -63.7491 3.92949
46.7304 -63.6743 3.931
46.66 -63.6506 3.93152
46.7452 -63.7882 3.93401
46.6081 -63.7866 3.92853
46.6807 -63.7798 3.92858
46.7782 -63.7374 3.93261
46.7797 -63.7075 3.93079
46.6739 -63.8679 3.93098
46.6573 -63.7444 3.92815
46.7833 -63.7925 3.93174
46.6992 -63.7564 3.92753
46.7333 -63.6065 3.93193
46.7256 -63.8347 3.93415
46.789 -63.8312 3.92982
46.8114 -63.7473 3.92728
46.7835 -63.8713 3.93079
46.7729 -63.7487 3.93504
46.7932 -63.7257 3.92892
46.8022 -63.709 3.93225
46.7579 -63.7382 3.93189
46.8325 -63.8145 3.93205
46.7936 -63.8355 3.93507
46.7955 -63.8059 3.93409
46.7555 -63.8126 3.9325
46.7732 -63.7607 3.93261
46.7483 -63.6496 3.93475
46.8139 -63.6945 3.93153
46.7528 -63.7356 3.93248
46.7868 -63.7295 3.9321
46.7954 -63.5634 3.93636
46.866 -63.7412 3.93239
46.8191 -63.815 3.93238
46.8246 -63.8411 3.93107
46.7073 -63.7436 3.93223
46.8827 -63.7903 3.93285
46.758 -63.6925 3.9322
46.8861 -63.6983 3.93174
46.6007 -63.713 3.93343
46.7006 -63.7563 3.93411
46.7833 -63.7137 3.93281
46.7615 -63.707 3.93189
46.732 -63.7478 3.92765
46.7023 -63.7881 3.93265
46.7272 -63.7381 3.93333
46.7943 -63.6501 3.9358
46.7652 -63.6439 3.93506
46.8091 -63.8076 3.92997
46.7605 -63.7831 3.9293
46.6668 -63.804 3.92899
46.7638 -63.7348 3.93601
46.7411 -63.7919 3.93117
46.8565 -63.7665 3.93194
46.774 -63.6699 3.93178
46.7918 -63.7433 3.93138
46.6988 -63.7589 3.93233
46.7228 -63.7445 3.93295
46.7814 -63.791 3.93181
46.7513 -63.8637 3.9315
46.7657 -63.806 3.93033
46.753 -63.8701 3.93473
46.597 -63.7232 3.92838
46.7446 -63.7899 3.93454
46.7734 -63.8271 3.92883
46.6906 -63.7148 3.93115
46.8454 -63.8292 3.93093
46.8034 -63.798 3.93302
46.757 -63.7245 3.92974
46.7817 -63.7539 3.93199
46.7396 -63.7911 3.93262
46.7014 -63.6575 3.93072
46.839 -63.5931 3.93406
46.8214 -63.7812 3.92968
46.7403 -63.7944 3.93007
46.7405 -63.7177 3.92902
46.7619 -63.831 3.93285
46.6812 -63.7438 3.93348
46.803 -63.8133 3.93256
46.8098 -63.8118 3.93473
46.6406 -63.7708 3.93366
46.7952 -63.869 3.93324
46.7449 -63.8252 3.93225
46.7189 -63.8755 3.93203
46.7136 -63.7693 3.93011
46.7949 -63.8038 3.93448
46.8348 -63.7653 3.93426
46.7253 -63.7919 3.92854
46.802 -63.6798 3.93512
46.7754 -63.8074 3.93205
46.8226 -63.7385 3.93014
46.8457 -63.6399 3.93302
46.8935 -63.739 3.9331
46.7847 -63.7315 3.92896
46.6956 -63.7408 3.92832
46.6881 -63.7871 3.93193
46.7049 -63.7071 3.93061
46.7685 -63.7715 3.93119
46.8403 -63.7405 3.93037
46.6307 -63.8875 3.93011
46.7952 -63.684 3.93537
46.7094 -63.7696 3.93104
46.7811 -63.7441 3.93353
46.7736 -63.798 3.93406
46.7168 -63.776 3.92925
46.7615 -63.7178 3.92905
46.8534 -63.5997 3.93125
46.7798 -63.6704 3.93205
46.7217 -63.7171 3.9312
46.8024 -63.7735 3.93212
46.8435 -63.6951 3.93196
46.7723 -63.8632 3.9304
46.8059 -63.7281 3.93269
46.8039 -63.7638 3.93368
46.7725 -63.6841 3.93282
46.8254 -63.7692 3.93102
46.7725 -63.7416 3.9321
46.7925 -63.6359 3.93344
46.7493 -63.7921 3.93121
46.7606 -63.7928 3.93097
46.7342 -63.6917 3.93574
46.7766 -63.7874 3.92679
46.8192 -63.7366 3.9329
46.7701 -63.7919 3.93045
46.7582 -63.8037 3.92957
46.7999 -63.734 3.93294
46.7512 -63.7193 3.93256
46.7921 -63.7555 3.93232
46.7166 -63.7867 3.93518
46.7932 -63.765 3.93048
46.616 -63.8088 3.93321
46.8149 -63.8306 3.93211
46.7557 -63.812 3.93091
46.7642 -63.8559 3.93523
46.817 -63.8349 3.93259
46.6613 -63.7582 3.93284
46.7197 -63.755 3.92981
46.685 -63.6802 3.93061
46.7404 -63.7015 3.93143
46.8456 -63.801 3.93328
46.7922 -63.7084 3.92964
46.7486 -63.7434 3.92845
46.7563 -63.7602 3.932
46.6455 -63.7383 3.93459
46.6387 -63.8138 3.9296
46.7165 -63.7768 3.9282
46.7654 -63.813 3.93185
46.6976 -63.8371 3.93087
46.753 -63.7603 3.93102
46.7659 -63.7331 3.92935
46.8345 -63.6974 3.92857
46.7185 -63.743 3.93247
46.7213 -63.7718 3.92954
46.7463 -63.7795 3.93202
46.7527 -63.7913 3.93211
46.8548 -63.7481 3.93209
46.7053 -63.8496 3.93178
46.7331 -63.7041 3.92939
46.6654 -63.6277 3.93239
46.7766 -63.8223 3.93231
46.6763 -63.6884 3.93214
46.7218 -63.8297 3.9327
46.7605 -63.7722 3.93309
46.6876 -63.801 3.93422
46.7855 -63.6352 3.93405
46.8135 -63.7727 3.93245
46.7328 -63.7262 3.93581
46.7715 -63.7436 3.93259
46.7548 -63.7475 3.93325
46.6636 -63.7018 3.92871
46.7702 -63.809 3.93058
46.7681 -63.7972 3.93581
46.6935 -63.8303 3.93152
46.7555 -63.7296 3.92875
46.8374 -63.7417 3.9318
46.761 -63.7539 3.93176
46.7286 -63.738 3.9315
46.8408 -63.7577 3.93373
46.7341 -63.6942 3.93202
46.8045 -63.8291 3.93513
46.7738 -63.7563 3.93322
46.7619 -63.7349 3.93245
46.7874 -63.8409 3.93586
46.8184 -63.8524 3.93372
46.7719 -63.8209 3.93607
46.7665 -63.7865 3.93258
46.7551 -63.8641 3.93047
46.758 -63.8053 3.9321
46.7207 -63.7281 3.93288
46.7014 -63.7528 3.93168
46.7915 -63.7433 3.93531
46.8526 -63.766 3.9345
46.8257 -63.6497 3.93403
46.8298 -63.8127 3.93517
46.8262 -63.8255 3.93092
46.8083 -63.7623 3.9313
46.8351 -63.7978 3.93019
46.6959 -63.8235 3.93218
46.6507 -63.7909 3.93055
46.7101 -63.7466 3.93092
46.7238 -63.7043 3.93305
46.675 -63.8074 3.92859
46.6384 -63.7799 3.93604
46.7161 -63.8087 3.92871
46.6923 -63.7304 3.93378
46.7864 -63.5951 3.93488
46.7777 -63.7797 3.93355
46.8144 -63.7333 3.92961
46.6106 -63.7975 3.92614
46.715 -63.7978 3.93171
46.727 -63.6727 3.92661
46.688 -63.8445 3.92906
46.7222 -63.6875 3.9349
46.8209 -63.6189 3.92932
46.722 -63.7382 3.93343
46.6775 -63.8212 3.93026
46.7572 -63.8911 3.93186
46.8022 -63.7293 3.93052
46.7797 -63.7239 3.93248
46.6889 -63.7444 3.92767
46.7077 -63.6981 3.93032
46.7628 -63.9131 3.9311
46.6903 -63.7709 3.93098
46.5753 -63.8513 3.92866
46.6794 -63.7717 3.93023
46.7407 -63.7403 3.93313
46.76 -63.747 3.93193
46.7891 -63.8073 3.9335
46.6656 -63.8038 3.93161
46.8277 -63.799 3.93153
46.6896 -63.8228 3.93006
46.79 -63.7359 3.93091
46.8176 -63.7497 3.93279
46.7901 -63.7166 3.93405
46.7215 -63.7925 3.93224
46.6831 -63.6899 3.93029
46.6769 -63.8565 3.93077
46.7647 -63.734 3.93267
46.8407 -63.7118 3.93348
46.7336 -63.7577 3.93091
46.7184 -63.7791 3.93267
46.6938 -63.838 3.93275
46.7479 -63.7818 3.93393
46.7505 -63.8237 3.93279
46.7932 -63.7968 3.93324
46.7496 -63.815 3.93573
46.747 -63.7152 3.93045
46.6407 -63.7922 3.93221
46.6524 -63.7534 3.93336
46.8255 -63.8635 3.93172
46.8252 -63.8256 3.93244
46.7777 -63.8477 3.93169
46.6666 -63.7261 3.93252
46.735 -63.7401 3.93286
46.6701 -63.6729 3.93025
46.8277 -63.8469 3.93195
46.8079 -63.7893 3.93071
46.8347 -63.7706 3.92961
46.7715 -63.6664 3.92951
46.8078 -63.7098 3.93076
46.7348 -63.6984 3.93502
46.674 -63.8234 3.92972
46.7954 -63.7506 3.93165
46.78 -63.7511 3.93162
46.823 -63.7742 3.93077
46.7247 -63.7732 3.9293
46.7523 -63.7616 3.92958
46.8884 -63.6398 3.93053
46.7079 -63.7823 3.93305
46.7639 -63.8218 3.92862
46.7792 -63.7725 3.93202
46.8136 -63.7804 3.93154
46.7575 -63.8651 3.92978
46.661 -63.7335 3.92884
46.7852 -63.8171 3.93186
46.7507 -63.8175 3.9305
46.7207 -63.8728 3.9344
46.785 -63.7387 3.92978
47.2229 -66.681 3.92659
