-34.4293 -75.8392 2.10862
-34.4632 -75.8364 2.10935
-34.3263 -75.8394 2.11176
-34.3546 -75.859 2.11176
-34.3903 -75.8222 2.1119
-34.3964 -75.7677 2.11024
-34.296 -75.8496 2.11174
-34.2906 -75.839 2.11159
-34.4674 -75.7673 2.11426
-34.3845 -75.7995 2.10752
-34.4057 -75.7823 2.11013
-34.3472 -75.821 2.11155
-34.3793 -75.7569 2.11445
-34.4357 -75.8715 2.11291
-34.3913 -75.8629 2.11524
-34.4962 -75.7575 2.11111
-34.4186 -75.773 2.11056
-34.3932 -75.7266 2.10889
-34.3285 -75.7838 2.11236
-34.5219 -75.8457 2.11179
-34.4806 -75.8368 2.11121
-34.4383 -75.7147 2.10892
-34.443 -75.8123 2.11171
-34.4183 -75.7455 2.11038
-34.383 -75.8033 2.11031
-34.4272 -75.7598 2.11113
-34.4541 -75.7421 2.1108
-34.3393 -75.8626 2.10999
-34.3431 -75.8594 2.11012
-34.4942 -75.7864 2.11392
-34.4363 -75.7862 2.11056
-34.308 -75.8095 2.1132
-34.3064 -75.8127 2.11324
-34.3722 -75.7344 2.1135
-34.4598 -75.8227 2.11413
-34.4406 -75.7711 2.11366
-34.3748 -75.8853 2.1117
-34.3742 -75.8921 2.1119
-34.376 -75.8879 2.11163
-34.488 -75.8129 2.11072
-34.3682 -75.6453 2.11344
-34.453 -75.8364 2.11178
-34.4512 -75.7979 2.11131
-34.4074 -75.743 2.1121
-34.4289 -75.753 2.10853
-34.5758 -75.8267 2.11414
-34.4452 -75.8161 2.11271
-34.4073 -75.7179 2.11164
-34.4146 -75.8133 2.11073
-34.4346 -75.8844 2.11225
-34.4564 -75.799 2.1099
-34.3064 -75.7718 2.11258
-34.3024 -75.7696 2.11254
-34.4716 -75.8137 2.11324
-34.3695 -75.7607 2.1139
-34.4769 -75.7726 2.10885
-34.4132 -75.887 2.10972
-34.4451 -75.768 2.1113
-34.4623 -75.8084 2.11114
-34.429 -75.7717 2.10978
-34.3808 -75.8215 2.11408
-34.4491 -75.8156 2.10875
-34.4185 -75.7678 2.10894
-34.4484 -75.7795 2.11442
-34.3319 -75.8068 2.113
-34.3742 -75.7703 2.1131
-34.4382 -75.7861 2.10985
-34.4153 -75.7919 2.11273
-34.356 -75.6727 2.11011
-34.394 -75.837 2.11372
-34.369 -75.8416 2.11222
-34.3653 -75.7275 2.1093
-34.391 -75.8374 2.11587
-34.4376 -75.7454 2.11357
-34.4865 -75.7602 2.11044
-34.3286 -75.8386 2.11196
-34.4806 -75.8313 2.11127
-34.3959 -75.8071 2.11708
-34.4375 -75.7613 2.11349
-34.3951 -75.7641 2.11195
-34.4178 -75.8537 2.11399
-34.3829 -75.7983 2.10743
-34.4125 -75.7762 2.11011
-34.3729 -75.6834 2.11315
-34.4381 -75.7218 2.11179
-34.4233 -75.7787 2.11043
-34.3592 -75.7738 2.11156
-34.3939 -75.736 2.10874
-34.4637 -75.8222 2.11209
-34.353 -75.7724 2.11037
-34.3498 -75.7748 2.11003
-34.4209 -75.8637 2.10993
-34.5012 -75.7634 2.11245
-34.4452 -75.8487 2.11411
-34.4331 -75.7758 2.11113
-34.3663 -75.8419 2.11101
-34.4074 -75.7589 2.11406
-34.4075 -75.8033 2.10679
-34.4257 -75.7547 2.11098
-34.4541 -75.7456 2.11002
-34.4871 -75.7902 2.11198
-34.343 -75.8571 2.11018
-34.3824 -75.9006 2.1138
-34.4408 -75.7846 2.11048
-34.4585 -75.821 2.10911
-34.4268 -75.8336 2.11087
-34.3718 -75.7341 2.11334
-34.4388 -75.8973 2.11063
-34.4941 -75.8343 2.11178
-34.3982 -75.9001 2.11392
-34.4094 -75.8425 2.11028
-34.4063 -75.8446 2.10999
-34.4008 -75.7048 2.11336
-34.3767 -75.8882 2.11155
-34.4869 -75.7613 2.1117
-34.3899 -75.8193 2.1131
-34.408 -75.746 2.11208
-34.3622 -75.7941 2.11004
-34.3939 -75.7723 2.11305
-34.4192 -75.7167 2.11218
-34.3927 -75.7537 2.11155
-34.4467 -75.8156 2.11255
-34.3804 -75.8413 2.11282
-34.4632 -75.7286 2.11256
-34.4556 -75.794 2.10985
-34.4695 -75.8152 2.11323
-34.3549 -75.7843 2.10869
-34.4414 -75.7777 2.11039
-34.3599 -75.7986 2.11162
-34.4484 -75.8221 2.11279
-34.3874 -75.7954 2.111
-34.3886 -75.7928 2.11088
-34.3633 -75.808 2.11354
-34.4581 -75.8855 2.11425
-34.4383 -75.7167 2.11291
-34.4184 -75.7679 2.10913
-34.486 -75.8822 2.1153
-34.4773 -75.7616 2.1102
-34.4712 -75.7578 2.11027
-34.4715 -75.7621 2.11039
-34.3982 -75.7199 2.11421
-34.3677 -75.7252 2.10906
-34.3872 -75.8338 2.10953
-34.461 -75.8354 2.10928
-34.3319 -75.8351 2.11174
-34.4658 -75.817 2.11012
-34.383 -75.7968 2.11142
-34.384 -75.7933 2.11144
-34.3888 -75.8177 2.11173
-34.3897 -75.7709 2.11013
-34.299 -75.8454 2.11174
-34.4366 -75.8521 2.1125
-34.3817 -75.7962 2.10757
-34.3502 -75.8214 2.11165
-34.3593 -75.7815 2.11273
-34.4 -75.7564 2.11276
-34.4049 -75.7583 2.11267
-34.4224 -75.853 2.11357
-34.4171 -75.7788 2.11054
-34.3947 -75.7335 2.10893
-34.354 -75.7749 2.11016
-34.3506 -75.7761 2.11026
-34.5045 -75.79 2.11439
-34.4331 -75.7127 2.10897
-34.4806 -75.683 2.11107
-34.3609 -75.8125 2.11538
-34.4187 -75.7335 2.1106
-34.3673 -75.833 2.111
-34.4575 -75.8007 2.11657
-34.4097 -75.7964 2.10675
-34.4276 -75.757 2.11117
-34.352 -75.8528 2.1109
-34.4632 -75.7286 2.11262
-34.3914 -75.7109 2.11247
-34.3038 -75.8131 2.11326
-34.4696 -75.7936 2.11325
-34.4307 -75.7446 2.11165
-34.4205 -75.85 2.1112
-34.4004 -75.9007 2.11382
-34.408 -75.841 2.1102
-34.4102 -75.8495 2.11005
-34.3719 -75.6474 2.1132
-34.413 -75.7885 2.11286
-34.4164 -75.7923 2.11295
-34.3184 -75.7896 2.11172
-34.368 -75.7873 2.10995
-34.3945 -75.7741 2.11327
-34.3986 -75.7559 2.1117
-34.3367 -75.7955 2.11421
-34.3771 -75.8447 2.11296
-34.4889 -75.8256 2.11135
-34.4131 -75.8085 2.11195
-34.3044 -75.7768 2.11277
-34.4667 -75.7568 2.11145
-34.4324 -75.7824 2.11028
-34.3552 -75.7958 2.11192
-34.4134 -75.7806 2.11158
-34.3865 -75.7923 2.11089
-34.462 -75.8473 2.11463
-34.4157 -75.8248 2.11243
-34.3316 -75.8077 2.1129
-34.3666 -75.7725 2.11307
-34.4121 -75.7912 2.11254
-34.364 -75.6769 2.11009
-34.3602 -75.6779 2.11012
-34.3682 -75.8413 2.11213
-34.4353 -75.7799 2.1112
-34.3913 -75.8411 2.10942
-34.4565 -75.8088 2.11143
-34.4677 -75.8309 2.10929
-34.4157 -75.7679 2.11393
-34.4311 -75.8359 2.11131
-34.4289 -75.8467 2.11128
-34.3508 -75.8565 2.11162
-34.3902 -75.8227 2.11206
-34.4494 -75.8668 2.11129
-34.3844 -75.7734 2.10992
-34.4039 -75.897 2.11212
-34.3249 -75.7465 2.1105
-34.3819 -75.7995 2.10731
-34.4129 -75.777 2.11012
-34.3489 -75.8226 2.11162
-34.4234 -75.7815 2.11232
-34.4029 -75.7586 2.11268
-34.4375 -75.7386 2.11197
-34.4792 -75.7749 2.11256
-34.4094 -75.6602 2.11378
-34.3345 -75.787 2.11248
-34.4794 -75.732 2.11225
-34.3504 -75.7771 2.1102
-34.4663 -75.8875 2.11433
-34.4596 -75.759 2.1106
-34.559 -75.7334 2.10822
-34.433 -75.7797 2.11095
-34.4175 -75.7393 2.11055
-34.4541 -75.6988 2.11171
-34.42 -75.7448 2.11156
-34.4539 -75.7057 2.11338
-34.4083 -75.8026 2.10697
-34.424 -75.7531 2.11097
-34.4244 -75.7571 2.11115
-34.4521 -75.8584 2.11218
-34.4862 -75.7926 2.11216
-34.3402 -75.8547 2.11007
-34.3911 -75.8618 2.11407
-34.3027 -75.8168 2.11313
-34.4222 -75.8229 2.11512
-34.445 -75.8722 2.11182
-34.4277 -75.8463 2.11153
-34.4126 -75.8499 2.1101
-34.3751 -75.8875 2.11166
-34.3782 -75.7809 2.11354
-34.4609 -75.8404 2.11176
-34.4871 -75.8874 2.1166
-34.4055 -75.7942 2.11134
-34.361 -75.7913 2.11005
-34.3641 -75.7907 2.11003
-34.3918 -75.7727 2.11316
-34.4196 -75.8 2.10938
-34.4129 -75.716 2.11159
-34.3864 -75.8765 2.11443
-34.4237 -75.8097 2.111
-34.4687 -75.7267 2.11268
-34.4323 -75.6872 2.11171
-34.3751 -75.7976 2.11359
-34.4379 -75.7708 2.11459
-34.4606 -75.7923 2.10989
-34.4516 -75.7965 2.10994
-34.3655 -75.7602 2.11368
-34.4747 -75.8387 2.11156
-34.3605 -75.7882 2.10884
-34.4388 -75.7808 2.11063
-34.4441 -75.7966 2.11077
-34.4096 -75.7818 2.11185
-34.433 -75.7689 2.10987
-34.3676 -75.8046 2.11345
-34.445 -75.8203 2.10872
-34.4218 -75.7737 2.10891
-34.4473 -75.8775 2.11549
-34.4225 -75.7892 2.11254
-34.3604 -75.68 2.11018
-34.3628 -75.678 2.11029
-34.3592 -75.6823 2.11013
-34.3652 -75.8546 2.11217
-34.4275 -75.7726 2.11128
-34.4674 -75.8364 2.10949
-34.3251 -75.8364 2.11167
-34.3537 -75.8595 2.11168
-34.3946 -75.8185 2.11194
-34.4801 -75.7836 2.10798
-34.2987 -75.85 2.11177
-34.3241 -75.7456 2.11044
-34.3292 -75.7428 2.1103
-34.3475 -75.8196 2.11175
-34.5337 -75.7622 2.11215
-34.3649 -75.7794 2.11269
-34.4157 -75.8437 2.11297
-34.3614 -75.7764 2.11164
-34.4801 -75.7831 2.11251
-34.4351 -75.7816 2.11368
-34.4581 -75.8179 2.11198
-34.3469 -75.7776 2.11009
-34.5223 -75.7517 2.10781
-34.4261 -75.7323 2.11225
-34.4524 -75.8453 2.11384
-34.4305 -75.7788 2.111
-34.3848 -75.8035 2.11026
-34.4145 -75.7996 2.10674
-34.431 -75.7483 2.11113
-34.4456 -75.7516 2.10963
-34.3427 -75.8549 2.11007
-34.4641 -75.8586 2.11377
-34.3916 -75.8577 2.1141
-34.4614 -75.82 2.10906
-34.4253 -75.824 2.11503
-34.3719 -75.7369 2.11337
-34.448 -75.8733 2.11174
-34.4242 -75.7653 2.11444
-34.4375 -75.7772 2.11358
-34.4145 -75.8461 2.11013
-34.4723 -75.7407 2.1128
-34.4484 -75.7949 2.11117
-34.3844 -75.8214 2.11335
-34.3669 -75.7905 2.10999
-34.363 -75.7943 2.11011
-34.4255 -75.8092 2.11499
-34.3397 -75.7897 2.11434
-34.5162 -75.7087 2.11151
-34.3949 -75.8848 2.11376
-34.3902 -75.8841 2.11384
-34.3851 -75.8012 2.11353
-34.5251 -75.8169 2.11176
-34.3527 -75.7359 2.11344
-34.46 -75.7916 2.10983
-34.3657 -75.7655 2.11376
-34.4555 -75.7672 2.11086
-34.4295 -75.7591 2.11128
-34.3604 -75.7541 2.11379
-34.4101 -75.8862 2.10955
-34.5147 -75.8928 2.11423
-34.3594 -75.7946 2.11181
-34.4965 -75.8062 2.10735
-34.3956 -75.7962 2.11106
-34.3621 -75.8028 2.11354
-34.3814 -75.818 2.11413
-34.4112 -75.8311 2.11271
-34.332 -75.8095 2.1129
-34.3585 -75.806 2.11408
-34.472 -75.7611 2.11021
-34.3432 -75.7207 2.11201
-34.5358 -75.7682 2.11131
-34.363 -75.6742 2.11017
-34.4579 -75.7953 2.1111
-34.4453 -75.6706 2.11084
-34.364 -75.7339 2.10897
-34.3888 -75.8345 2.10935
-34.4499 -75.8106 2.11143
-34.4399 -75.7505 2.11367
-34.4332 -75.8383 2.10872
-34.3238 -75.8356 2.11192
-34.3862 -75.7909 2.11145
-34.3925 -75.8255 2.11186
-34.3945 -75.8201 2.1118
-34.4286 -75.8156 2.11465
-34.4799 -75.7917 2.10791
-34.3019 -75.8442 2.11169
-34.3933 -75.7592 2.1125
-34.3753 -75.8042 2.1152
-34.4136 -75.7804 2.11003
-34.4117 -75.7755 2.11007
-34.4726 -75.903 2.11013
-34.4669 -75.6856 2.11108
-34.4161 -75.8492 2.11303
-34.3636 -75.7774 2.11175
-34.3585 -75.7781 2.11158
-34.3687 -75.853 2.11364
-34.3318 -75.7822 2.11236
-34.4581 -75.8585 2.11156
-34.4356 -75.8675 2.11001
-34.3823 -75.7804 2.1116
-34.4756 -75.8189 2.11031
-34.4322 -75.7818 2.11098
-34.4886 -75.773 2.11132
-34.4184 -75.7497 2.11153
-34.4898 -75.8134 2.11563
-34.3464 -75.8543 2.11094
-34.3507 -75.8544 2.11084
-34.3447 -75.8564 2.10985
-34.4625 -75.8524 2.11375
-34.3085 -75.8155 2.1132
-34.4175 -75.8347 2.11089
-34.4261 -75.8437 2.11162
-34.4749 -75.7586 2.11167
-34.4886 -75.8169 2.11059
-34.4391 -75.7978 2.11368
-34.3196 -75.7889 2.11168
-34.3844 -75.8214 2.11329
-34.3607 -75.7869 2.11009
-34.4689 -75.6916 2.11238
-34.3985 -75.7575 2.1118
-34.519 -75.7952 2.11203
-34.3801 -75.8036 2.11369
-34.3085 -75.7707 2.11264
-34.3531 -75.7868 2.10879
-34.357 -75.79 2.10895
-34.3505 -75.7831 2.10898
-34.3575 -75.7527 2.11383
-34.3556 -75.7913 2.11192
-34.3904 -75.7993 2.11103
-34.3792 -75.8146 2.11429
-34.4222 -75.7713 2.10922
-34.368 -75.7739 2.11302
-34.3427 -75.7152 2.1121
-34.4171 -75.7779 2.11179
-34.4566 -75.7272 2.11371
-34.3666 -75.7316 2.10909
-34.3879 -75.8338 2.1094
-34.3918 -75.8347 2.10947
-34.4152 -75.753 2.11266
-34.3529 -75.8569 2.11176
-34.5409 -75.8258 2.11051
-34.4791 -75.784 2.10789
-34.3027 -75.8481 2.11172
-34.3278 -75.7442 2.11087
-34.4132 -75.779 2.11025
-34.3741 -75.7556 2.11461
-34.4333 -75.8202 2.11139
-34.364 -75.7847 2.11276
-34.3997 -75.8912 2.10766
-34.4335 -75.7376 2.11209
-34.389 -75.7273 2.10884
-34.3454 -75.7758 2.11017
-34.4686 -75.881 2.11438
-34.4423 -75.8124 2.11154
-34.4764 -75.8209 2.11041
-34.4117 -75.7354 2.11059
-34.4 -75.7607 2.11405
-34.4194 -75.7087 2.11127
-34.4519 -75.7466 2.11088
-34.3397 -75.8586 2.10996
-34.5295 -75.8811 2.10973
-34.3026 -75.8165 2.11315
-34.4157 -75.808 2.11136
-34.4199 -75.8409 2.11141
-34.4294 -75.7198 2.11321
-34.4005 -75.6948 2.11334
-34.4379 -75.6941 2.11146
-34.3222 -75.7906 2.11176
-34.4088 -75.7439 2.11191
-34.4247 -75.7575 2.10853
-34.4322 -75.7543 2.1087
-34.4657 -75.6891 2.1123
-34.4128 -75.7164 2.11169
-34.3849 -75.878 2.11435
-34.3909 -75.8747 2.11417
-34.3743 -75.8442 2.11295
-34.4185 -75.8164 2.11095
-34.4226 -75.7045 2.11313
-34.5236 -75.7543 2.11229
-34.4685 -75.7664 2.11082
-34.3559 -75.7881 2.10882
-34.4036 -75.7064 2.11258
-34.4133 -75.885 2.10964
-34.4915 -75.8124 2.11071
-34.4298 -75.7706 2.10991
-34.4434 -75.8124 2.10882
-34.4193 -75.8265 2.1126
-34.3328 -75.8044 2.11303
-34.4476 -75.8314 2.11483
-34.4358 -75.8431 2.11057
-34.4456 -75.8757 2.11551
-34.4746 -75.7626 2.11021
-34.5364 -75.7559 2.11208
-34.3146 -75.8871 2.11354
-34.3142 -75.8795 2.11373
-34.4267 -75.7795 2.11123
-34.4607 -75.8093 2.11131
-34.4295 -75.819 2.11316
-34.4028 -75.8757 2.11075
-34.4569 -75.7946 2.10795
-34.3944 -75.829 2.11189
-34.3896 -75.8166 2.11182
-34.4463 -75.8663 2.11148
-34.4442 -75.7821 2.11338
-34.3916 -75.7755 2.11012
-34.4691 -75.7296 2.11294
-34.3807 -75.7993 2.10728
-34.3491 -75.8246 2.11167
-34.4762 -75.7571 2.11354
-34.4287 -75.8209 2.11135
-34.4135 -75.847 2.11292
-34.4219 -75.7811 2.11052
-34.3601 -75.7774 2.11171
-34.3909 -75.7305 2.10881
-34.334 -75.7891 2.11228
-34.324 -75.7854 2.11239
-34.3358 -75.7888 2.11234
-34.4716 -75.7227 2.11229
-34.3507 -75.7763 2.10997
-33.1496 -77.6285 2.1325
