111.054 -23.5997 3.40751
111.081 -23.6326 3.40841
111.09 -23.6806 3.40702
111.013 -23.5632 3.40786
110.965 -23.5962 3.40345
110.98 -23.5823 3.40684
111.048 -23.5683 3.40645
110.876 -23.6116 3.40745
110.926 -23.5082 3.40629
110.972 -23.4831 3.40456
111.012 -23.5562 3.40626
110.966 -23.5413 3.40721
110.998 -23.5318 3.40354
111.01 -23.4713 3.407
110.936 -23.4931 3.40736
110.952 -23.509 3.40995
110.932 -23.597 3.40674
110.943 -23.6088 3.40883
110.968 -23.541 3.40791
110.879 -23.4895 3.40496
111.061 -23.6769 3.40756
111.07 -23.4223 3.40645
111.017 -23.4721 3.40547
111.014 -23.459 3.40594
110.993 -23.5714 3.40278
110.968 -23.425 3.40482
110.968 -23.4837 3.40588
111.015 -23.4596 3.40556
110.944 -23.5946 3.39689
111.085 -23.5097 3.40301
111.043 -23.5184 3.40293
111.053 -23.5295 3.40247
110.923 -23.7001 3.40712
110.931 -23.578 3.40349
110.885 -23.5709 3.40351
110.909 -23.4409 3.40313
110.935 -23.6751 3.40564
110.922 -23.4624 3.40394
110.969 -23.4879 3.40389
111.057 -23.5445 3.40461
111.016 -23.6026 3.40217
111.038 -23.6493 3.40425
111.03 -23.6342 3.39962
110.891 -23.542 3.40435
110.892 -23.5102 3.40158
110.951 -23.6031 3.40749
110.982 -23.5884 3.40606
110.956 -23.5519 3.40673
110.955 -23.6205 3.406
111.006 -23.5615 3.40578
111 -23.456 3.39996
110.997 -23.4896 3.40203
110.869 -23.6197 3.40138
110.929 -23.6214 3.40161
111.03 -23.5918 3.40393
110.955 -23.4821 3.40669
110.859 -23.4781 3.40085
110.834 -23.5021 3.40215
111.05 -23.5684 3.40846
110.96 -23.4822 3.40096
110.921 -23.6028 3.40236
110.957 -23.4492 3.40409
111.06 -23.5364 3.40742
111.019 -23.5313 3.41063
110.986 -23.5801 3.40083
110.907 -23.5885 3.40476
110.989 -23.6444 3.40502
110.953 -23.6117 3.40413
110.894 -23.5793 3.40693
111.058 -23.6456 3.40382
110.943 -23.4722 3.40565
110.902 -23.5699 3.4064
110.933 -23.531 3.4057
110.929 -23.5699 3.4064
110.981 -23.6048 3.4068
110.977 -23.4295 3.40247
111.1 -23.5283 3.40799
110.953 -23.5175 3.40411
110.909 -23.4539 3.40323
110.838 -23.4664 3.40412
110.978 -23.5649 3.40154
110.923 -23.5877 3.40226
110.865 -23.5358 3.40237
110.983 -23.5271 3.40418
110.936 -23.491 3.40583
111.008 -23.4909 3.40301
110.891 -23.5709 3.39807
110.855 -23.4513 3.40077
110.921 -23.5045 3.40385
111.017 -23.6115 3.40847
111.036 -23.588 3.40812
110.993 -23.3988 3.40326
111.019 -23.4692 3.4022
111.025 -23.4532 3.40254
110.942 -23.5001 3.40171
110.869 -23.5411 3.40968
110.949 -23.6115 3.40599
111.005 -23.5397 3.40002
110.982 -23.459 3.40092
110.867 -23.5801 3.40557
111.004 -23.4753 3.40635
111.039 -23.4745 3.40802
110.795 -23.4595 3.40297
111.087 -23.6401 3.41023
111.114 -23.4922 3.40734
110.9 -23.485 3.40194
110.935 -23.6191 3.40327
111.061 -23.54 3.40595
111.016 -23.5484 3.40626
111.069 -23.6331 3.40582
111.072 -23.5577 3.40712
111 -23.5081 3.40259
110.983 -23.5806 3.40346
110.95 -23.5719 3.40049
110.947 -23.5435 3.40153
110.952 -23.6242 3.40816
110.988 -23.6046 3.40474
110.95 -23.5349 3.401
111.053 -23.5827 3.40808
111.026 -23.5503 3.40415
111.033 -23.5628 3.40845
110.939 -23.4167 3.40155
110.942 -23.4733 3.40083
110.909 -23.5034 3.40416
110.941 -23.5457 3.4037
110.875 -23.586 3.40622
110.902 -23.6016 3.40601
111.052 -23.4592 3.40571
111.031 -23.5374 3.40459
110.946 -23.5115 3.40652
110.876 -23.5364 3.40553
110.897 -23.4807 3.40628
110.947 -23.4855 3.40536
110.907 -23.5295 3.40427
111.091 -23.6452 3.40441
111.004 -23.495 3.40288
111.087 -23.4667 3.40379
110.849 -23.52 3.4023
110.85 -23.4948 3.40495
111.026 -23.6106 3.40496
111.077 -23.4802 3.40389
111.099 -23.3946 3.40681
111.06 -23.4212 3.4052
110.978 -23.4953 3.405
111.038 -23.5738 3.40585
110.987 -23.5606 3.40372
110.944 -23.5283 3.40529
110.924 -23.5075 3.40783
110.949 -23.4786 3.40792
111.005 -23.4643 3.40118
110.907 -23.6017 3.39984
110.898 -23.5892 3.40092
110.967 -23.5206 3.40318
110.948 -23.4765 3.40207
111.005 -23.5451 3.4016
110.945 -23.5196 3.40191
111 -23.5428 3.40902
110.961 -23.5058 3.40717
111.01 -23.5095 3.40657
110.883 -23.5184 3.4003
110.922 -23.5374 3.4039
111.057 -23.5663 3.40664
111.084 -23.6406 3.40645
110.955 -23.4663 3.40477
110.973 -23.5349 3.40305
110.959 -23.5546 3.40333
111.01 -23.5261 3.404
110.961 -23.5347 3.40486
110.842 -23.6162 3.40025
110.944 -23.568 3.40171
111.022 -23.5687 3.40479
110.949 -23.5695 3.39693
110.983 -23.4548 3.40089
110.94 -23.4493 3.40345
110.993 -23.4942 3.40949
110.944 -23.5612 3.40288
110.927 -23.5116 3.40309
110.911 -23.4971 3.40332
110.819 -23.6068 3.40416
111.068 -23.5854 3.40352
110.929 -23.5239 3.40389
111.063 -23.6444 3.40436
110.991 -23.6209 3.40467
110.955 -23.5954 3.40171
110.938 -23.6349 3.40296
110.908 -23.575 3.40386
110.916 -23.6221 3.40591
110.986 -23.5471 3.40724
110.994 -23.543 3.40646
110.913 -23.5364 3.39865
110.97 -23.582 3.40122
110.941 -23.6462 3.40574
110.91 -23.4922 3.40234
110.919 -23.5378 3.40634
111.072 -23.4331 3.40787
111.066 -23.4776 3.40882
110.886 -23.6167 3.40332
111.074 -23.4988 3.40104
111.032 -23.5776 3.40992
111.019 -23.5673 3.40681
110.988 -23.5135 3.4078
110.887 -23.5763 3.40321
110.9 -23.5748 3.40359
110.937 -23.5518 3.40425
110.92 -23.5255 3.40161
110.952 -23.5142 3.40218
110.927 -23.5007 3.40597
110.938 -23.5112 3.40403
110.977 -23.4947 3.40237
110.972 -23.5144 3.40276
110.98 -23.5778 3.40231
111.001 -23.5031 3.40402
111.019 -23.5683 3.40694
111.033 -23.6622 3.40617
110.991 -23.6024 3.40743
110.973 -23.5712 3.4031
110.92 -23.5904 3.4004
111.079 -23.6051 3.40742
111.022 -23.5898 3.408
111.025 -23.6694 3.40694
110.979 -23.6719 3.40741
111.012 -23.5604 3.40518
110.99 -23.5723 3.40646
110.931 -23.527 3.40196
110.955 -23.513 3.40329
111.025 -23.5789 3.40701
111.007 -23.4833 3.40248
110.997 -23.5363 3.40077
111.033 -23.5786 3.40125
111.088 -23.5094 3.40285
110.954 -23.4515 3.40413
110.966 -23.639 3.40022
111.029 -23.4552 3.40505
110.998 -23.5608 3.4061
110.925 -23.502 3.40544
110.866 -23.5286 3.40403
110.968 -23.5467 3.40654
111.051 -23.6664 3.40705
110.851 -23.5276 3.40216
110.915 -23.5578 3.40342
110.805 -23.5159 3.40592
111.007 -23.521 3.41022
111 -23.547 3.40614
111.031 -23.6102 3.40159
111.101 -23.4089 3.40215
110.923 -23.4952 3.40398
111.105 -23.4431 3.40285
111.015 -23.5457 3.40181
111.139 -23.5344 3.40311
110.906 -23.5215 3.4055
110.986 -23.5288 3.40364
110.844 -23.6034 3.40517
110.939 -23.5695 3.40371
111.012 -23.5563 3.40185
111.048 -23.5329 3.40335
110.99 -23.5249 3.40422
110.999 -23.6388 3.40529
110.982 -23.3883 3.40774
110.868 -23.4723 3.40595
110.955 -23.573 3.40387
110.947 -23.5627 3.40675
110.918 -23.4895 3.40037
111.049 -23.5891 3.406
110.916 -23.5501 3.401
111.053 -23.4773 3.40385
111.035 -23.4852 3.40507
111 -23.4388 3.40575
110.913 -23.4911 3.40695
111.144 -23.4814 3.40464
111.173 -23.4939 3.40552
110.959 -23.4157 3.40705
111 -23.5091 3.40404
110.981 -23.4739 3.40097
111.025 -23.4425 3.40728
111.02 -23.4954 3.4076
110.858 -23.5297 3.40278
110.977 -23.6237 3.40532
110.899 -23.5637 3.40573
111.008 -23.5676 3.40547
110.992 -23.5197 3.40392
110.853 -23.5672 3.40259
110.942 -23.4894 3.40619
110.846 -23.5639 3.40219
110.92 -23.6112 3.39932
110.972 -23.4532 3.40035
110.936 -23.4604 3.40076
110.91 -23.5286 3.40375
110.785 -23.5296 3.4041
110.995 -23.4751 3.40657
111.013 -23.4689 3.40674
110.914 -23.5547 3.40494
110.975 -23.6136 3.40307
110.879 -23.3939 3.40372
111.005 -23.3942 3.40323
111.022 -23.391 3.40322
111.04 -23.5835 3.40242
111.052 -23.5127 3.40257
110.96 -23.4895 3.40322
110.804 -23.5191 3.40611
110.812 -23.5587 3.4067
110.825 -23.566 3.40358
110.876 -23.5576 3.40732
110.99 -23.6155 3.4077
110.969 -23.5714 3.4042
110.924 -23.4837 3.40538
110.879 -23.4881 3.40215
110.966 -23.6455 3.40673
110.932 -23.5174 3.40468
110.978 -23.4608 3.40152
111.096 -23.5517 3.40537
111.028 -23.6685 3.40476
110.944 -23.5778 3.40533
110.899 -23.4779 3.40425
110.945 -23.5023 3.40416
110.893 -23.5291 3.40718
110.917 -23.5312 3.40603
110.95 -23.4895 3.40548
110.885 -23.4524 3.40806
110.887 -23.5684 3.40598
110.858 -23.3685 3.40401
111.059 -23.5755 3.40891
111.022 -23.5121 3.4002
110.811 -23.4728 3.40069
110.79 -23.479 3.40213
110.844 -23.4242 3.40469
110.893 -23.5206 3.40261
110.867 -23.4971 3.40424
110.977 -23.6884 3.40273
110.966 -23.4317 3.40174
111.024 -23.58 3.40362
111.016 -23.612 3.4029
111.016 -23.446 3.40301
110.966 -23.6104 3.40121
110.985 -23.5327 3.40512
111.009 -23.4819 3.40054
111.223 -23.5198 3.40371
110.842 -23.4799 3.40193
110.925 -23.5467 3.40599
111.067 -23.5845 3.40587
110.853 -23.4907 3.40321
110.897 -23.4421 3.40342
110.894 -23.5663 3.3984
110.899 -23.4215 3.40387
110.886 -23.4927 3.40353
110.96 -23.4472 3.404
110.983 -23.4407 3.40353
110.972 -23.5802 3.40506
110.988 -23.523 3.40588
110.963 -23.4704 3.40629
110.857 -23.5495 3.4057
110.981 -23.49 3.40646
110.961 -23.5579 3.40346
110.853 -23.6161 3.40387
111.097 -23.4439 3.40525
110.793 -23.534 3.40281
110.939 -23.5196 3.40449
110.916 -23.5581 3.4012
111.096 -23.5541 3.401
110.988 -23.6123 3.40726
111.091 -23.4467 3.40683
111.043 -23.5137 3.40815
111.068 -23.477 3.40869
110.9 -23.5251 3.4015
110.967 -23.5079 3.40343
111.01 -23.5154 3.40448
110.987 -23.5568 3.40513
111.024 -23.5423 3.40417
111.065 -23.4954 3.40522
111.025 -23.5104 3.40675
110.976 -23.5392 3.40568
110.937 -23.5243 3.40353
111.02 -23.4805 3.40092
111.006 -23.4849 3.40043
111.043 -23.4142 3.40193
110.886 -23.635 3.40117
111.074 -23.4654 3.40551
110.959 -23.5703 3.40242
111.08 -23.6228 3.40861
111.033 -23.7159 3.40796
111.074 -23.6212 3.40551
111.12 -23.5651 3.40561
110.982 -23.5378 3.40499
110.848 -23.5601 3.40367
110.867 -23.5467 3.40574
110.904 -23.5917 3.40602
110.967 -23.502 3.40417
110.885 -23.5597 3.4038
110.967 -23.5608 3.40668
111.069 -23.4748 3.40549
110.935 -23.5292 3.40091
110.951 -23.5205 3.40619
110.98 -23.5076 3.40796
110.926 -23.6406 3.40288
110.874 -23.5218 3.40475
111.082 -23.6491 3.40608
111.024 -23.6169 3.40358
110.961 -23.5005 3.40447
110.967 -23.5622 3.40209
110.964 -23.4589 3.404
111.012 -23.4254 3.40561
111.013 -23.5836 3.40328
110.97 -23.3287 3.40476
111.058 -23.4853 3.40163
111.017 -23.4818 3.40079
111.01 -23.5066 3.40312
110.969 -23.6609 3.40619
111 -23.712 3.40832
110.926 -23.5919 3.40438
110.852 -23.5124 3.40052
111.053 -23.6589 3.40428
110.987 -23.5023 3.40265
110.904 -23.4708 3.4031
110.867 -23.5711 3.40228
111.19 -23.573 3.40642
111.018 -23.5864 3.4021
110.898 -23.4957 3.40468
110.892 -23.5641 3.40242
110.947 -23.5479 3.40642
110.884 -23.6069 3.40902
110.983 -23.517 3.40711
110.876 -23.5973 3.39959
110.945 -23.5785 3.40214
111.074 -23.5869 3.40312
110.91 -23.5273 3.40678
110.854 -23.506 3.40033
111.043 -23.5484 3.4083
110.875 -23.4695 3.4052
110.935 -23.6655 3.40341
111.018 -23.5056 3.40413
110.969 -23.4747 3.4015
110.966 -23.5305 3.40632
110.982 -23.6242 3.40667
110.999 -23.6709 3.40477
110.947 -23.5867 3.40524
111.059 -23.6153 3.40304
110.943 -23.5949 3.40735
110.905 -23.5829 3.40567
110.956 -23.425 3.40415
111.089 -23.4513 3.40653
110.991 -23.5693 3.40372
110.915 -23.4483 3.40321
110.875 -23.4693 3.40272
111.083 -23.5735 3.40577
111.082 -23.6061 3.40414
110.958 -23.6043 3.40283
110.978 -23.5553 3.40475
110.882 -23.5271 3.40082
110.881 -23.5268 3.40335
110.898 -23.587 3.40184
110.883 -23.4979 3.40124
111.028 -23.5245 3.40383
110.98 -23.5301 3.40643
110.88 -23.5384 3.40238
110.952 -23.4717 3.40413
110.885 -23.5017 3.40042
110.923 -23.7237 3.39973
110.947 -23.5133 3.40424
111.009 -23.5864 3.4077
110.956 -23.5208 3.4022
110.999 -23.5976 3.40395
110.85 -23.4833 3.40496
110.976 -23.5692 3.40462
111.014 -23.4991 3.40205
111.012 -23.5899 3.39993
110.954 -23.5583 3.40577
110.96 -23.4882 3.40743
111.055 -23.6123 3.40156
110.816 -23.5818 3.40418
111.103 -23.5858 3.41126
110.911 -23.4391 3.40265
111.077 -23.5325 3.40517
110.934 -23.5194 3.40091
110.984 -23.5696 3.40276
110.935 -23.612 3.40424
110.882 -23.3697 3.39762
111.072 -23.5473 3.40612
111.108 -23.6103 3.40577
111.112 -23.54 3.40552
110.922 -23.5841 3.40338
110.898 -23.5609 3.40156
110.965 -23.5553 3.40333
110.946 -23.5905 3.40467
110.92 -23.585 3.40296
111.039 -23.5086 3.4015
110.999 -23.5981 3.40544
111.001 -23.615 3.40571
110.949 -23.5252 3.40076
110.953 -23.4666 3.40347
110.932 -23.6127 3.4031
111.095 -23.5592 3.40621
110.88 -23.567 3.39936
110.995 -23.532 3.4046
111.052 -23.5915 3.4064
110.951 -23.5028 3.40456
110.927 -23.4913 3.40107
110.929 -23.5987 3.40693
111.064 -23.5483 3.40381
111.101 -23.4914 3.40509
110.884 -23.5786 3.40735
111.144 -19.6071 3.41625
