146.082 21.4715 0.0728195
146.079 21.4131 0.066761
146.052 21.4731 0.0683699
146.068 21.4672 0.0690926
146.006 21.5129 0.0694767
146.158 21.5108 0.069533
146.092 21.4317 0.067827
146.026 21.5302 0.0679164
146.155 21.465 0.0697199
146.084 21.4675 0.0660535
146.083 21.4658 0.0661192
146.019 21.4176 0.0691997
146.106 21.3953 0.0690334
146.01 21.4084 0.0703204
146.039 21.5127 0.0692975
146.049 21.4844 0.0689108
146.044 21.3881 0.0660622
146.047 21.3819 0.0660015
146.049 21.3889 0.0687392
146.087 21.4812 0.0670128
146.046 21.3629 0.0665422
146.049 21.3616 0.0664591
145.992 21.4319 0.0690967
146.036 21.4592 0.0683172
146.049 21.4353 0.0694398
146.081 21.4249 0.0690786
145.999 21.4674 0.0671536
146.007 21.4663 0.0670284
145.996 21.4658 0.0674165
146.025 21.4222 0.0720152
146.016 21.4147 0.0721241
145.999 21.4352 0.0689129
146.125 21.4632 0.0687838
146.055 21.3914 0.0697942
146.118 21.522 0.068918
145.984 21.5088 0.0674981
146.011 21.4281 0.0660705
146.012 21.4265 0.0659466
146.018 21.4308 0.0658666
146.104 21.4459 0.07238
145.912 21.5708 0.0669703
146.098 21.432 0.070062
146.036 21.4504 0.0653348
146.036 21.451 0.0651902
146.006 21.5202 0.0679459
146.053 21.5579 0.0673934
145.999 21.3174 0.0678875
145.995 21.5486 0.0656373
146.058 21.4849 0.0689603
146.065 21.4178 0.0679155
146.042 21.3854 0.0705494
146.018 21.395 0.0675087
146.021 21.4585 0.0686712
145.995 21.475 0.0714122
146.051 21.5208 0.0669845
146.078 21.4479 0.0711914
146.073 21.4525 0.0711746
146.083 21.348 0.0692954
146.058 21.4914 0.0680687
146.122 21.4893 0.0688288
146.042 21.497 0.0690569
146.065 21.3708 0.068321
146.02 21.5143 0.0692287
146.03 21.5225 0.0692161
146.006 21.4946 0.0711341
146.007 21.4904 0.0711703
146.008 21.3855 0.0688892
146.005 21.3852 0.0688176
146.068 21.2741 0.0680234
146.079 21.486 0.0688773
145.933 21.5008 0.0690541
145.934 21.4951 0.069037
146.108 21.4561 0.0675301
146.094 21.4479 0.0678413
146.057 21.4592 0.0676872
146.058 21.4679 0.0678455
145.998 21.4571 0.0694732
146.086 21.4502 0.0719099
146.016 21.3729 0.0668341
146.036 21.399 0.0690452
146.091 21.5316 0.0684168
146.037 21.5626 0.0685489
146.044 21.5617 0.0687216
146.039 21.5657 0.0685809
146.022 21.4526 0.0674178
146.048 21.4455 0.0711102
146.108 21.4685 0.0677866
146.102 21.4645 0.0678074
146.067 21.5539 0.067171
145.993 21.5327 0.0699099
146.011 21.4895 0.0662607
146.062 21.4963 0.066749
146.078 21.4544 0.0660997
146.025 21.4404 0.0686148
146.036 21.4695 0.0716086
146.009 21.4806 0.068315
146.009 21.4837 0.0683639
146.027 21.4937 0.0666547
146.018 21.5064 0.0657637
146.109 21.4547 0.065158
146.107 21.4622 0.0651309
146.002 21.4605 0.065741
146.002 21.4951 0.0708801
146.079 21.4251 0.0688397
146.027 21.407 0.0681644
146.084 21.4364 0.0690239
146.02 21.5307 0.0683214
145.981 21.4465 0.070686
145.98 21.4457 0.0705848
146.102 21.5027 0.0664989
145.996 21.4207 0.0688368
146.076 21.4915 0.0720347
146.127 21.3832 0.0658096
146.052 21.4457 0.06679
146.037 21.42 0.0707409
145.998 21.451 0.0686491
146.05 21.3175 0.0684784
146.03 21.4492 0.0661161
146.019 21.3875 0.0705708
145.968 21.4573 0.0710809
145.972 21.4634 0.0711584
146.08 21.453 0.0654211
145.987 21.4441 0.0713441
146.034 21.5521 0.0662313
146.034 21.4777 0.0712425
146.062 21.5161 0.0680742
146.003 21.4508 0.0666902
145.97 21.4783 0.0682999
145.972 21.4745 0.0682864
146.065 21.5488 0.0653752
146.096 21.4563 0.0664922
146.097 21.457 0.0663039
146.068 21.4893 0.0683236
146.083 21.5967 0.0668534
146.068 21.4687 0.0694291
146.023 21.4599 0.0664221
146.148 21.4864 0.0671731
145.988 21.4329 0.0673638
145.983 21.3531 0.0706204
146.082 21.4818 0.0695383
146.018 21.5007 0.0674726
146.016 21.4947 0.0675286
145.98 21.4784 0.0679698
146.097 21.5069 0.0670888
146.09 21.6027 0.0664783
146.041 21.3972 0.0686439
146.106 21.5154 0.0708001
146.127 21.5321 0.0673177
146.076 21.4376 0.0688703
145.966 21.4848 0.0685123
146.195 21.4701 0.0642197
146.046 21.4236 0.0697881
146.028 21.4318 0.0686502
146.015 21.4839 0.0677984
145.991 21.4841 0.0680783
146.093 21.5198 0.068135
146.063 21.4157 0.0699932
146.095 21.471 0.0686265
145.972 21.4991 0.0676267
146.009 21.44 0.0665215
146.064 21.4507 0.0697043
146.049 21.4442 0.0666301
145.949 21.4907 0.0653704
146.024 21.5189 0.063999
146.082 21.4924 0.0692021
145.99 21.3914 0.0673664
146.049 21.4757 0.0663771
145.967 21.4721 0.0676625
145.957 21.4225 0.067246
146.118 21.4276 0.0718686
146.011 21.406 0.0725051
146.077 21.547 0.0668448
146.058 21.5363 0.0707834
146.061 21.5298 0.0704978
146.096 21.5252 0.0655488
145.986 21.5406 0.065819
145.928 21.4499 0.0672814
146.02 21.4766 0.0693918
146.062 21.5256 0.0702788
146.079 21.4781 0.0674781
146.085 21.6167 0.0663571
146.108 21.4659 0.0690368
146.033 21.4385 0.0684757
146.1 21.4033 0.0673972
146.075 21.423 0.066023
146.117 21.493 0.068159
146.056 21.509 0.065526
146.025 21.6164 0.0666438
145.886 21.4735 0.0681296
145.885 21.4712 0.0679005
145.885 21.4715 0.0679138
145.93 21.4867 0.0685625
145.927 21.4817 0.0684046
146.081 21.4769 0.0727518
146.106 21.4764 0.0684457
146.156 21.4305 0.0674567
146.053 21.4741 0.0678991
146.031 21.4585 0.0658411
146.077 21.4677 0.0688651
146.07 21.4672 0.0690148
146.119 21.4104 0.0708309
146.062 21.4137 0.0660824
146.091 21.4266 0.0676899
146.026 21.5275 0.0678013
146.131 21.4678 0.0665753
146.077 21.4277 0.0650522
145.995 21.4864 0.0710658
145.989 21.4804 0.0711974
146.08 21.466 0.065985
146.02 21.4196 0.0693817
146.033 21.5116 0.069353
146.078 21.4275 0.0700611
146.045 21.3903 0.0685629
146.081 21.489 0.0673204
146.122 21.5034 0.0705697
146.052 21.3629 0.0664192
145.992 21.4296 0.0689933
146.095 21.4807 0.0675335
146.036 21.4623 0.0683771
146.055 21.4327 0.0693423
146.155 21.4567 0.0654332
146 21.4692 0.0670564
145.996 21.4686 0.0675435
145.996 21.4674 0.0676566
146.108 21.4292 0.0659031
146.002 21.4331 0.0690138
146.097 21.634 0.0679109
146.096 21.6361 0.0679646
146.021 21.3976 0.069144
146.039 21.4442 0.0707916
146.099 21.507 0.0664671
145.917 21.5694 0.0669771
146.088 21.5796 0.0668997
146.038 21.4521 0.0653033
146.055 21.5197 0.0668745
146.048 21.5302 0.0668652
146.052 21.5533 0.0674467
145.962 21.5297 0.0645255
146.002 21.3124 0.0680959
146.054 21.4742 0.0692734
146.034 21.3876 0.0705451
146.027 21.4597 0.0684567
146.109 21.4763 0.0659774
146.042 21.4344 0.067912
146.092 21.4593 0.0693165
146.053 21.4907 0.068211
146.078 21.5084 0.0660113
146.147 21.4382 0.0677582
146.047 21.4986 0.0689126
146.089 21.4909 0.0686568
146.027 21.5168 0.0691169
146.015 21.4917 0.0711599
145.966 21.4508 0.0683215
146.145 21.4052 0.068267
146.054 21.4939 0.0657801
146.051 21.4888 0.0658321
145.954 21.418 0.0702862
146.078 21.4905 0.0687286
146.047 21.3763 0.0695032
146.001 21.5178 0.0691397
146.087 21.5168 0.0662508
146.039 21.44 0.0694622
146.028 21.4372 0.0645599
146.017 21.3782 0.0667226
146.036 21.3965 0.0679811
146.043 21.5632 0.0688576
146.041 21.5678 0.0684212
146.055 21.4138 0.0675656
146.017 21.446 0.0676219
146.027 21.3286 0.0709495
146.065 21.5529 0.0671299
146.059 21.4926 0.0693123
146.136 21.4037 0.06759
146.063 21.4647 0.0707196
146.048 21.4714 0.0663503
146.222 21.5259 0.0708812
146.023 21.4421 0.0686733
146.023 21.4383 0.0685263
146.05 21.4148 0.0696835
146.019 21.4778 0.0682385
146.026 21.5004 0.0666304
146.011 21.4966 0.0657273
146.114 21.4617 0.0649704
146 21.456 0.0657768
146.107 21.4878 0.0662894
146.006 21.4927 0.070871
146.026 21.4057 0.0683714
146.026 21.408 0.0682165
146.067 21.4241 0.0659416
146.008 21.4681 0.0725725
145.995 21.4756 0.0703935
145.981 21.4392 0.0706312
146.145 21.3435 0.0649705
146.027 21.4761 0.0701954
146.103 21.4553 0.0672128
146.033 21.4369 0.0673445
146.029 21.4324 0.0671977
145.997 21.4458 0.0684614
146.054 21.3173 0.0683753
146.051 21.3221 0.0681773
146.094 21.6068 0.0642843
146.017 21.3826 0.0705999
145.97 21.4642 0.071114
145.97 21.4641 0.0710246
146.077 21.4522 0.0654057
146.036 21.5596 0.0662132
146.16 21.4591 0.0668493
146.158 21.4344 0.067284
146 21.455 0.0666586
146.001 21.4492 0.0665793
145.964 21.4811 0.0683654
145.997 21.5072 0.066574
146.002 21.5064 0.0666793
146.012 21.4262 0.0685934
146.006 21.4299 0.0687616
146.139 21.4863 0.0659643
146.137 21.4841 0.0658132
146 21.4415 0.0704243
146.001 21.4332 0.0704054
145.996 21.4115 0.0704622
146.124 21.4381 0.0688952
146.116 21.4404 0.0687003
145.991 21.4241 0.0672969
145.991 21.4351 0.0673555
145.987 21.3529 0.0708096
146.055 21.4147 0.0718142
146.016 21.5036 0.0676499
145.978 21.4797 0.0678001
146.036 21.4723 0.0675954
146.037 21.3964 0.0688049
146.132 21.52 0.066965
146.056 21.4392 0.0660496
145.987 21.4512 0.0715878
145.985 21.4505 0.0718296
146.029 21.4326 0.0686272
146.02 21.4294 0.0713717
146.117 21.4961 0.0673441
146.022 21.4773 0.0678715
145.989 21.4827 0.0681002
146.049 21.4066 0.0721417
146.093 21.4651 0.0683128
146.002 21.438 0.0663155
145.969 21.4604 0.0659583
146.047 21.4476 0.0668444
146.061 21.4146 0.0682394
146.096 21.5192 0.0666407
145.988 21.3928 0.0673392
146.004 21.3889 0.0659398
145.96 21.4751 0.0675022
145.958 21.4234 0.0672593
146.076 21.5423 0.0668703
146.079 21.5423 0.0669645
146.061 21.5318 0.0707251
146.092 21.5025 0.0697382
145.991 21.542 0.0659762
145.93 21.4435 0.0671872
145.929 21.4475 0.0671721
146.102 21.4776 0.0673661
146.018 21.4765 0.0691205
146.014 21.4783 0.069131
146.008 21.4813 0.0674276
146.015 21.4773 0.067478
146.061 21.5229 0.0700899
146.057 21.5203 0.0681718
146.058 21.5205 0.0681045
146.099 21.5398 0.0662168
146.098 21.5391 0.0661982
146.039 21.4367 0.0686165
146.073 21.4191 0.0659149
146.067 21.4322 0.0690223
146.053 21.5136 0.0655202
146.022 21.6113 0.0667068
146.039 21.3919 0.0702121
145.887 21.4722 0.0680204
145.881 21.4756 0.0680287
145.934 21.4892 0.0683928
146.137 21.5195 0.0682301
146.093 21.4753 0.0684552
146.05 21.4624 0.0677867
146.056 21.4765 0.0679407
146.134 21.3785 0.0687395
146.033 21.4551 0.0656976
146.008 21.5078 0.069445
146.066 21.4124 0.0661708
145.97 21.4165 0.0689227
146.137 21.4624 0.0665264
146.081 21.434 0.0650806
145.991 21.4785 0.0711413
146.078 21.3879 0.0683499
146.077 21.3875 0.0684826
146.01 21.4131 0.0702597
146.032 21.5079 0.0693826
146.046 21.4873 0.0688032
146.075 21.4503 0.068492
146.078 21.4296 0.0700093
146.02 21.4176 0.0688974
146.072 21.4507 0.0700991
146.069 21.4513 0.0701075
146.032 21.4591 0.0686709
146.032 21.4561 0.0688206
146.037 21.4471 0.0687136
146.085 21.465 0.0700542
146.049 21.5007 0.068658
146.029 21.4618 0.068301
146.083 21.5643 0.0654503
146.157 21.4662 0.0653992
146.01 21.4684 0.0671069
146.064 21.4718 0.0683609
146.107 21.4406 0.0648981
146.106 21.4347 0.0647437
146.105 21.4249 0.0658276
146.005 21.4373 0.0690123
146.124 21.4675 0.0688731
146.02 21.3963 0.0690046
146.032 21.4387 0.070861
146.08 21.4625 0.0713652
146.018 21.4274 0.0657678
146.079 21.4899 0.0667387
146.036 21.4489 0.0652677
146.037 21.4452 0.0652963
146.008 21.5284 0.0677565
146.05 21.5194 0.0670014
146.042 21.543 0.0647873
145.995 21.5483 0.0656053
146.012 21.4872 0.0660019
146.081 21.3841 0.0694356
146.082 21.4906 0.0700808
146.068 21.54 0.0689104
146.04 21.4247 0.0677237
145.992 21.5188 0.0699772
145.998 21.5196 0.0697996
145.997 21.5174 0.0697764
146.072 21.5109 0.0660681
146.062 21.5679 0.0650321
146.087 21.4995 0.0684441
146.01 21.4979 0.0709945
145.966 21.4539 0.0681386
146.046 21.4949 0.0656033
145.951 21.4166 0.0703816
145.948 21.4228 0.0702042
146.091 21.5328 0.0678494
146.094 21.5194 0.067336
146.003 21.5059 0.0692505
146.001 21.5088 0.0689283
146.104 21.4467 0.0688036
146.095 21.451 0.0679076
146.033 21.4393 0.0695554
145.993 21.4565 0.0696757
146.119 21.3837 0.0693494
146.092 21.5293 0.0681
146.078 21.4685 0.0675024
146.046 21.5646 0.0686065
146.057 21.4204 0.0675583
146.018 21.4501 0.0674449
146.011 21.5067 0.0719726
146.073 21.5512 0.0673049
146.07 21.5485 0.0671215
145.993 21.5326 0.0699168
146.055 21.4923 0.0694646
146.038 21.4363 0.0685415
146.136 21.3988 0.0675528
146.036 21.4499 0.06736
146.062 21.4661 0.0706679
146.06 21.4619 0.070695
146.049 21.4681 0.0661514
146.045 21.4188 0.0674956
146.11 21.4577 0.0665555
146.086 21.5824 0.0677919
146.013 21.4827 0.0682142
146.011 21.5041 0.0656528
146.011 21.4998 0.0657811
146.012 21.5033 0.0657588
146.11 21.465 0.0651789
146.113 21.4541 0.0650934
146.025 21.3979 0.0678819
146.024 21.4015 0.0679119
146.109 21.4861 0.0663478
146.085 21.4203 0.068572
146.04 21.5015 0.0659524
146.037 21.4961 0.0660443
146.039 21.4308 0.0687356
146.068 21.4154 0.0667616
146.027 21.5255 0.0683935
146.101 21.5121 0.0666117
146.119 21.5079 0.0679709
146.005 21.421 0.0686769
146.115 21.5361 0.0684865
146.103 21.4553 0.067452
146.1 21.5024 0.066223
146.101 21.5013 0.0661299
146.032 21.4353 0.0671551
146.034 21.433 0.067265
146.035 21.4215 0.0707491
146.003 21.4523 0.0685575
146.053 21.3144 0.0683262
146.126 21.5153 0.0689953
146.097 21.6105 0.0640461
146.094 21.6046 0.0640949
146.079 21.5415 0.0686821
145.122 21.9388 0.0512596
