-2.11064 -95.7845 3.11252
-2.00879 -95.6835 3.11237
-2.22906 -95.6007 3.11564
-2.18095 -95.6907 3.10936
-2.01933 -95.6314 3.11668
-2.20553 -95.6041 3.11114
-1.99952 -95.6862 3.11044
-2.16626 -95.6047 3.11338
-2.06241 -95.7138 3.11396
-2.13417 -95.6045 3.10948
-2.07572 -95.5697 3.11656
-2.08389 -95.522 3.11615
-2.0896 -95.6627 3.11492
-2.10645 -95.5203 3.10778
-2.03089 -95.6672 3.11524
-2.09981 -95.5593 3.11374
-2.09964 -95.5661 3.1153
-2.12082 -95.5527 3.119
-2.18693 -95.6032 3.11157
-2.15322 -95.6482 3.11125
-1.98527 -95.5997 3.11448
-2.0747 -95.618 3.11026
-2.17092 -95.5957 3.1125
-2.16527 -95.5542 3.11144
-1.99616 -95.566 3.1151
-2.05096 -95.482 3.11595
-2.03639 -95.5622 3.11652
-2.12904 -95.6295 3.11265
-2.1143 -95.6767 3.10897
-2.23189 -95.5498 3.10897
-2.19234 -95.6844 3.10995
-2.21936 -95.6741 3.11142
-2.14048 -95.5816 3.11163
-2.21073 -95.7419 3.11245
-2.12826 -95.6541 3.10807
-2.10839 -95.606 3.11313
-2.13918 -95.6449 3.11382
-2.10617 -95.5105 3.11605
-2.20449 -95.6174 3.11225
-2.1182 -95.6357 3.1159
-2.24911 -95.6262 3.11322
-2.08036 -95.6264 3.11639
-2.20012 -95.7449 3.11027
-2.15418 -95.566 3.11105
-2.11391 -95.6284 3.11236
-2.04187 -95.8248 3.11395
-2.13864 -95.7104 3.11267
-2.17562 -95.6718 3.11236
-2.1827 -95.6311 3.11197
-2.04183 -95.4608 3.11561
-2.25441 -95.6014 3.11465
-2.09429 -95.6616 3.11521
-2.01366 -95.7901 3.11037
-2.14868 -95.598 3.11153
-1.96603 -95.5353 3.11397
-2.11415 -95.5736 3.11114
-2.0526 -95.6535 3.11443
-2.12212 -95.5786 3.11739
-2.13645 -95.6838 3.11622
-2.08572 -95.699 3.11246
-2.10111 -95.6344 3.11345
-2.16713 -95.6287 3.11152
-2.05674 -95.6914 3.11074
-2.12021 -95.6262 3.11198
-2.00046 -95.5784 3.11425
-2.05597 -95.7575 3.11063
-2.27058 -95.6248 3.11357
-2.14624 -95.6509 3.11618
-2.16994 -95.6549 3.11133
-2.16965 -95.7127 3.10912
-2.11897 -95.6983 3.11038
-1.9984 -95.488 3.11378
-2.05277 -95.6817 3.11351
-2.25839 -95.5748 3.11378
-2.1477 -95.6281 3.1149
-1.99135 -95.6861 3.1124
-2.07999 -95.7449 3.10852
-2.04317 -95.5256 3.1119
-2.10793 -95.6349 3.11253
-2.0937 -95.6808 3.11397
-2.06118 -95.6354 3.11715
-2.11921 -95.72 3.11273
-2.06238 -95.6628 3.11219
-2.19598 -95.6723 3.10875
-2.11416 -95.5684 3.11434
-2.14967 -95.5808 3.1155
-2.18637 -95.598 3.11728
-2.12377 -95.6197 3.11032
-2.10672 -95.6893 3.10988
-2.01164 -95.533 3.11999
-1.98887 -95.5407 3.11256
-2.00357 -95.6303 3.11225
-2.13506 -95.6171 3.11148
-2.10257 -95.6375 3.1153
-2.1265 -95.7308 3.11263
-2.15416 -95.7644 3.1118
-2.08485 -95.6549 3.11541
-2.04701 -95.4911 3.11359
-2.16675 -95.7347 3.10849
-2.17398 -95.6227 3.11232
-2.0978 -95.5156 3.1129
-2.09789 -95.4826 3.11754
-1.96209 -95.7975 3.11422
-2.09218 -95.6652 3.10763
-2.12595 -95.5921 3.10649
-2.09247 -95.521 3.11563
-2.03044 -95.5692 3.11676
-2.1432 -95.6669 3.11325
-2.07575 -95.6614 3.11539
-2.18896 -95.6382 3.111
-2.13142 -95.7184 3.10968
-2.21834 -95.6121 3.11176
-2.14162 -95.584 3.11006
-2.06198 -95.5787 3.11813
-2.07719 -95.5334 3.11663
-1.99898 -95.5199 3.11438
-2.0531 -95.4768 3.11482
-2.239 -95.6112 3.11534
-2.05849 -95.6348 3.11243
-2.2439 -95.5984 3.11417
-2.10259 -95.5971 3.11394
-2.14332 -95.6679 3.10922
-2.05233 -95.4669 3.11427
-2.15921 -95.648 3.11341
-2.14395 -95.5524 3.11123
-2.13453 -95.6867 3.11455
-2.11587 -95.5566 3.11608
-2.03029 -95.6967 3.11826
-2.04646 -95.6837 3.11234
-2.04909 -95.652 3.11658
-2.0502 -95.7438 3.11671
-2.15876 -95.6294 3.11323
-2.09516 -95.6211 3.1114
-2.20711 -95.6577 3.1127
-2.17235 -95.7024 3.11381
-2.14432 -95.6755 3.10963
-2.1448 -95.7295 3.11344
-2.25709 -95.6235 3.11194
-2.12643 -95.6359 3.11133
-2.14111 -95.6615 3.11305
-2.16481 -95.64 3.11054
-2.03865 -95.5742 3.11383
-2.0253 -95.4997 3.11345
-2.11206 -95.6185 3.11964
-2.11405 -95.6616 3.11009
-2.09359 -95.6952 3.11193
-2.02294 -95.7312 3.1115
-2.16107 -95.6076 3.11019
-2.00676 -95.5188 3.11246
-2.1548 -95.6475 3.11209
-2.11214 -95.6036 3.11163
-2.27856 -95.7122 3.1151
-2.05263 -95.6092 3.11198
-2.01838 -95.5997 3.11966
-2.09115 -95.6061 3.10555
-2.17484 -95.5491 3.10929
-2.1488 -95.7005 3.11616
-2.141 -95.6556 3.11554
-2.10411 -95.8465 3.11399
-2.14462 -95.6552 3.11677
-2.09835 -95.6684 3.11087
-2.16706 -95.7481 3.11375
-2.12871 -95.7147 3.11789
-2.19085 -95.6681 3.11053
-2.19143 -95.7052 3.11028
-2.04061 -95.5527 3.11578
-2.2083 -95.7005 3.11075
-2.1408 -95.5643 3.11839
-2.09038 -95.6223 3.10914
-2.12785 -95.7222 3.11176
-2.15106 -95.6605 3.11079
-2.1536 -95.5836 3.11336
-2.09931 -95.5924 3.11293
-2.22593 -95.669 3.1087
-2.19753 -95.5894 3.11378
-2.02433 -95.6873 3.1113
-2.1788 -95.6361 3.11706
-2.04982 -95.7412 3.11453
-2.11037 -95.6202 3.10881
-2.07227 -95.562 3.10791
-2.11938 -95.6886 3.11395
-1.97464 -95.6647 3.11275
-2.10304 -95.6083 3.11455
-2.16172 -95.6631 3.11137
-2.08488 -95.5852 3.11659
-2.22847 -95.5911 3.11268
-2.26938 -95.6433 3.11377
-2.11555 -95.6669 3.11179
-2.17396 -95.6544 3.11292
-2.13696 -95.6964 3.11437
-2.11353 -95.6551 3.11196
-2.13904 -95.6946 3.11273
-2.03073 -95.5352 3.11552
-2.15832 -95.5895 3.11312
-2.01794 -95.769 3.1113
-2.19272 -95.5734 3.11379
-2.17795 -95.6642 3.11423
-2.28836 -95.6651 3.11342
-2.18436 -95.6635 3.10986
-2.15313 -95.5811 3.11168
-2.20889 -95.6736 3.11849
-2.20677 -95.6779 3.10782
-2.12388 -95.7481 3.11473
-2.18181 -95.5865 3.11012
-2.09853 -95.6342 3.11434
-2.09742 -95.6416 3.11441
-2.11668 -95.6686 3.11408
-2.14019 -95.5663 3.11172
-2.03275 -95.5692 3.11402
-2.16489 -95.685 3.11558
-2.07546 -95.5413 3.12002
-2.09547 -95.6526 3.10903
-2.13455 -95.7312 3.10991
-2.27092 -95.6512 3.11188
-2.10518 -95.5918 3.11092
-1.90237 -95.718 3.11681
-2.1856 -95.6994 3.10842
-2.0907 -95.7231 3.11441
-2.20066 -95.6058 3.1129
-2.18033 -95.5707 3.11418
-2.14927 -95.7686 3.11298
-2.21802 -95.6561 3.11207
-2.11725 -95.6218 3.11433
-2.07494 -95.515 3.11323
-2.20574 -95.699 3.1103
-2.11507 -95.6451 3.11224
-2.14885 -95.8605 3.10867
-2.15835 -95.5837 3.11634
-2.09817 -95.5282 3.11819
-2.13622 -95.5825 3.10879
-2.09208 -95.6246 3.11349
-2.13059 -95.5551 3.10972
-2.03992 -95.5629 3.11411
-2.09205 -95.5427 3.11622
-2.00971 -95.6063 3.10958
-2.07716 -95.5851 3.11843
-2.09317 -95.5991 3.11852
-2.01583 -95.799 3.112
-2.05779 -95.6853 3.11233
-2.25578 -95.6714 3.11244
-2.16106 -95.6816 3.10848
-2.13149 -95.6339 3.10878
-2.21837 -95.6429 3.11028
-2.20137 -95.6703 3.11146
-2.10492 -95.6632 3.11145
-2.0723 -95.5134 3.11654
-2.07027 -95.5137 3.11354
-2.21657 -95.6621 3.10954
-2.12215 -95.5995 3.11975
-1.98956 -95.6821 3.11052
-2.12388 -95.7671 3.11352
-2.25254 -95.6818 3.11366
-2.12225 -95.6163 3.11413
-2.072 -95.6297 3.11591
-2.10207 -95.4943 3.11262
-2.02891 -95.497 3.11275
-2.08042 -95.7229 3.1111
-2.09019 -95.6611 3.11491
-2.12532 -95.5853 3.11369
-2.18462 -95.7329 3.11209
-2.257 -95.6476 3.11319
-2.06 -95.6431 3.11749
-2.11047 -95.6288 3.11058
-1.96809 -95.6979 3.11087
-2.18766 -95.6738 3.1107
-2.11443 -95.6474 3.11393
-2.16386 -95.6381 3.11351
-2.11717 -95.7332 3.11149
-2.19844 -95.6669 3.11023
-2.21524 -95.6101 3.11143
-2.17928 -95.6904 3.10983
-2.06517 -95.5467 3.11415
-2.24604 -95.5739 3.11318
-1.9787 -95.6866 3.11218
-2.07078 -95.5813 3.11224
-2.15943 -95.5604 3.10857
-2.06628 -95.5305 3.11412
-1.99884 -95.616 3.10911
-2.10775 -95.6554 3.10951
-2.11463 -95.575 3.11132
-2.12024 -95.5915 3.10992
-2.19108 -95.5829 3.11115
-2.11352 -95.8022 3.11236
-2.12278 -95.692 3.11198
-2.12995 -95.6742 3.11455
-2.13999 -95.5994 3.11431
-1.94422 -95.7147 3.11146
-2.20194 -95.6423 3.11487
-2.11471 -95.6521 3.11686
-2.08763 -95.5758 3.11571
-2.08768 -95.6319 3.11339
-2.20592 -95.6326 3.11017
-2.05964 -95.4901 3.11514
-2.14117 -95.6198 3.11383
-2.11777 -95.7003 3.11028
-2.10294 -95.6952 3.11042
-2.20881 -95.7108 3.11047
-2.11594 -95.7179 3.11065
-2.08168 -95.5777 3.11196
-2.12068 -95.6808 3.11436
-2.08688 -95.5186 3.11432
-2.2227 -95.7179 3.10937
-2.16776 -95.7833 3.11323
-2.05272 -95.6891 3.11258
-2.11282 -95.7712 3.11489
-2.24953 -95.7197 3.11287
-2.21727 -95.7495 3.1123
-2.02337 -95.5873 3.11726
-2.06394 -95.6821 3.11443
-2.09725 -95.7139 3.10935
-2.23778 -95.612 3.11191
-2.08736 -95.6599 3.11017
-2.23946 -95.6311 3.11456
-2.10118 -95.6521 3.11331
-2.18152 -95.5958 3.11484
-2.02904 -95.553 3.11767
-2.06941 -95.5675 3.11443
-2.04778 -95.4222 3.11377
-2.02009 -95.6496 3.11261
-2.1443 -95.6392 3.11368
-2.0673 -95.6361 3.11647
-2.25878 -95.6054 3.11311
-2.21871 -95.7544 3.10439
-2.17846 -95.6087 3.11261
-2.03443 -95.6931 3.10983
-2.1662 -95.582 3.11013
-2.23056 -95.6647 3.10839
-2.14205 -95.5763 3.11023
-2.1813 -95.745 3.11263
-2.06187 -95.7331 3.11549
-2.09164 -95.6912 3.10895
-2.16679 -95.6581 3.11912
-2.08957 -95.587 3.11786
-2.13989 -95.6445 3.11318
-2.12603 -95.6573 3.1106
-2.10877 -95.6369 3.11302
-2.10612 -95.6158 3.11011
-2.14005 -95.7817 3.1135
-2.17715 -95.5809 3.11246
-2.04055 -95.5026 3.11755
-2.20283 -95.6678 3.10976
-2.18318 -95.7363 3.11339
-2.10066 -95.5291 3.11463
-2.07853 -95.6409 3.10906
-2.03144 -95.6835 3.11467
-2.11134 -95.6997 3.11013
-2.19964 -95.5904 3.11003
-2.08785 -95.6354 3.11603
-2.13772 -95.585 3.11008
-2.07361 -95.6408 3.11423
-2.04311 -95.6025 3.1146
-2.02358 -95.6608 3.10819
-2.05387 -95.5016 3.11453
-2.18091 -95.6544 3.10915
-2.03253 -95.5674 3.1147
-2.07683 -95.7378 3.11333
-2.11188 -95.653 3.11142
-1.94593 -95.8086 3.10959
-2.2495 -95.6361 3.11079
-2.21967 -95.6623 3.11125
-2.16981 -95.6633 3.10992
-2.21268 -95.6776 3.11264
-2.0824 -95.6443 3.1144
-2.22452 -95.6941 3.1124
-2.1014 -95.5711 3.11411
-2.16332 -95.6475 3.11031
-1.99242 -95.4393 3.11344
-2.24872 -95.6795 3.10946
-2.08164 -95.5684 3.11005
-2.16955 -95.6386 3.11609
-2.0319 -95.5749 3.11613
-2.09591 -95.6375 3.11399
-2.10876 -95.6411 3.11312
-2.06803 -95.5777 3.11487
-2.10437 -95.5419 3.11131
-2.17894 -95.7956 3.10837
-2.12811 -95.6769 3.11879
-2.05159 -95.6434 3.11092
-2.13863 -95.6775 3.1151
-2.05339 -95.5794 3.11746
-2.09139 -95.6288 3.11783
-2.12915 -95.6116 3.11678
-2.13611 -95.6469 3.11211
-2.19255 -95.6617 3.11595
-2.04042 -95.7238 3.11057
-2.0952 -95.6743 3.11232
-2.04933 -95.5182 3.11685
-2.03992 -95.5096 3.11278
-2.07034 -95.4934 3.11614
-2.06735 -95.5344 3.11767
-2.15285 -95.7122 3.11409
-2.21192 -95.6868 3.11319
-2.18837 -95.6192 3.11023
-2.1607 -95.5879 3.11051
-1.98923 -95.4943 3.11171
-2.06014 -95.7059 3.11437
-2.04905 -95.5656 3.11182
-2.15925 -95.7128 3.11267
-2.12626 -95.606 3.11091
-2.17059 -95.5137 3.10785
-2.09552 -95.6617 3.11454
-2.08606 -95.5453 3.11654
-2.03239 -95.6225 3.10988
-2.16284 -95.6728 3.11378
-2.1884 -95.6891 3.11412
-2.13261 -95.6388 3.11136
-2.20273 -95.5962 3.11209
-2.18655 -95.5726 3.11209
-2.1699 -95.6868 3.11071
-2.03424 -95.5356 3.11551
-2.07933 -95.5652 3.11479
-2.21351 -95.6803 3.11099
-2.05674 -95.4902 3.11441
-2.11436 -95.5668 3.11691
-2.15792 -95.7621 3.10883
-2.0929 -95.7811 3.1116
-2.11484 -95.6526 3.11697
-2.05173 -95.6483 3.11387
-2.0583 -95.6038 3.11882
-2.09867 -95.4804 3.11522
-2.01656 -95.5288 3.11322
-2.08401 -95.5661 3.1126
-2.05261 -95.5296 3.11363
-2.21607 -95.6945 3.10912
-2.10707 -95.6947 3.1153
-2.04462 -95.7017 3.11389
-2.04453 -95.7155 3.11039
-2.19314 -95.8658 3.10902
-2.18969 -95.645 3.11538
-2.12112 -95.6527 3.11081
-2.15631 -95.6185 3.10982
-2.06245 -95.6214 3.11319
-2.07132 -95.7094 3.11692
-2.1463 -95.705 3.11822
-2.07207 -95.5908 3.11595
-2.10049 -95.659 3.1135
-2.05478 -95.634 3.11401
-2.27267 -95.6555 3.11222
-2.21798 -95.706 3.11112
-2.20363 -95.6754 3.11301
-2.14001 -95.6737 3.11263
-2.06047 -95.5211 3.11868
-2.13887 -95.6844 3.11179
-2.17634 -95.644 3.11016
-1.97153 -95.5109 3.11522
-2.22193 -95.6773 3.11113
-2.1515 -95.7055 3.1122
-2.26098 -95.7283 3.10284
-2.26738 -95.8016 3.10971
-2.04037 -95.5371 3.11395
-2.07781 -95.5495 3.1121
-2.0749 -95.4897 3.11444
-2.16428 -95.6358 3.11363
-2.26005 -95.6753 3.11034
-2.23049 -95.6442 3.11319
-2.07665 -95.5314 3.11691
-2.00093 -95.6719 3.11466
-2.25237 -95.6511 3.1149
-2.04919 -95.64 3.10921
-2.05737 -95.7056 3.11212
-2.12002 -95.6578 3.11295
-2.06938 -95.5946 3.11426
-2.16357 -95.6955 3.10876
-2.05717 -95.7781 3.11099
-2.15366 -95.6771 3.11642
-2.10605 -95.6261 3.11339
-2.10576 -95.6833 3.10874
-2.15149 -95.6258 3.11678
-2.05588 -95.696 3.11415
-2.18782 -95.652 3.1148
-2.17648 -95.6092 3.10994
-2.20748 -95.6109 3.11068
-2.05082 -95.5669 3.11412
-2.05927 -95.5223 3.11463
-2.19806 -95.6052 3.114
-2.07218 -95.648 3.11342
-2.2449 -95.6115 3.11277
-2.14658 -95.6256 3.11378
-2.14146 -95.5454 3.10889
-2.03108 -95.5214 3.1141
-2.12965 -95.6219 3.1144
-2.10568 -95.7545 3.11444
-2.06809 -95.6099 3.11262
-2.08997 -95.5003 3.11692
-2.09435 -95.6927 3.11681
-2.07192 -95.5914 3.10657
-2.0171 -95.6959 3.11157
-2.14321 -95.6318 3.11352
-2.12922 -95.6459 3.11512
-2.11968 -95.5942 3.11537
-2.14259 -95.6843 3.11563
-2.18658 -95.6551 3.1137
-2.2048 -95.6399 3.11382
-2.10339 -95.7083 3.11249
-2.09836 -95.6975 3.11208
-2.23582 -95.7302 3.11312
-2.18119 -95.693 3.11012
-2.17829 -95.6529 3.10911
-2.11913 -95.6363 3.11226
-1.57732 -92.196 3.11826
