228 -13.6146 2.91536
227.999 -13.6156 2.91542
228.038 -13.5053 2.9129
227.968 -13.58 2.91542
228.011 -13.669 2.9154
227.984 -13.6377 2.91297
227.937 -13.6834 2.91484
227.971 -13.5858 2.91309
228.008 -13.5696 2.91736
227.989 -13.7238 2.91572
228.056 -13.5004 2.91745
227.982 -13.5801 2.91388
228.012 -13.4994 2.91676
227.867 -13.6493 2.91414
228.022 -13.6012 2.91489
228.034 -13.5643 2.9141
228.036 -13.5612 2.91379
228.051 -13.5289 2.91512
228 -13.6458 2.91615
227.928 -13.674 2.91242
227.945 -13.5442 2.91361
228.043 -13.5155 2.91417
228.017 -13.6493 2.91257
228.043 -13.5497 2.91488
228.002 -13.5995 2.9173
227.993 -13.5952 2.91516
227.987 -13.6013 2.91503
227.988 -13.5971 2.91502
227.993 -13.5931 2.91479
228.029 -13.6037 2.91419
228.03 -13.5919 2.91249
227.955 -13.606 2.91251
228.02 -13.6098 2.91493
228.031 -13.6237 2.91588
228.02 -13.6424 2.91556
228.021 -13.6426 2.91559
228.033 -13.5641 2.91597
228.025 -13.5837 2.91539
228.024 -13.5543 2.91496
228.01 -13.6083 2.91306
228.009 -13.603 2.91323
227.986 -13.6036 2.91381
227.982 -13.6052 2.91375
227.984 -13.6074 2.9138
228.045 -13.5452 2.91401
228.018 -13.589 2.91552
228.024 -13.5866 2.91545
228.049 -13.5066 2.91685
228.017 -13.6212 2.91675
228.029 -13.5758 2.91702
228.019 -13.5756 2.91484
228.019 -13.6466 2.91372
228.017 -13.6484 2.9138
228.016 -13.6081 2.91591
227.939 -13.5055 2.91402
228.032 -13.6067 2.9161
228.003 -13.5352 2.91493
227.961 -13.6216 2.91543
227.959 -13.6071 2.91553
227.982 -13.6772 2.91604
227.979 -13.6576 2.91618
228.023 -13.5881 2.91199
228.022 -13.5873 2.91223
228.019 -13.6446 2.91516
227.966 -13.7285 2.91631
228.001 -13.5453 2.91706
228.005 -13.5279 2.91701
227.96 -13.5129 2.91569
228.034 -13.5954 2.91401
228.001 -13.6218 2.91571
227.979 -13.6429 2.91309
227.924 -13.6832 2.91486
228.017 -13.5386 2.91269
227.937 -13.6953 2.91722
227.982 -13.7292 2.91589
227.995 -13.5592 2.91414
227.982 -13.6985 2.91645
227.997 -13.693 2.91715
228 -13.6897 2.9171
228.024 -13.5928 2.91515
228.02 -13.5976 2.91482
227.917 -13.6562 2.91773
228.004 -13.6424 2.91608
228.024 -13.5231 2.91612
228.018 -13.6453 2.91264
228.015 -13.6452 2.91245
227.923 -13.669 2.9135
227.996 -13.6289 2.91691
228.009 -13.611 2.91832
228.033 -13.6049 2.91423
228.025 -13.6062 2.91416
227.998 -13.5433 2.91421
227.985 -13.6977 2.91717
228.02 -13.6061 2.91727
228.013 -13.6096 2.91491
228.021 -13.609 2.91517
228.025 -13.6166 2.91558
228.021 -13.6477 2.91552
227.945 -13.6239 2.91521
228.017 -13.5802 2.91529
227.964 -13.6449 2.91631
228.038 -13.5486 2.91862
228.005 -13.6706 2.9179
227.992 -13.7041 2.91611
227.964 -13.6985 2.91539
227.984 -13.587 2.91696
228.021 -13.5641 2.91539
228.017 -13.5609 2.9154
228.012 -13.6021 2.9159
228.012 -13.5378 2.91465
228.009 -13.5337 2.91464
228.013 -13.5398 2.91453
228.013 -13.655 2.91781
228.024 -13.5759 2.91508
228.014 -13.5722 2.91484
227.962 -13.605 2.91556
228.002 -13.6464 2.91604
228.022 -13.6107 2.91593
228.031 -13.6017 2.91606
228.003 -13.5351 2.91483
227.924 -13.6127 2.91351
228.021 -13.5368 2.91866
227.989 -13.6035 2.91684
227.981 -13.6781 2.91598
227.974 -13.6522 2.91612
227.983 -13.5856 2.91298
228.015 -13.6413 2.91511
227.964 -13.6621 2.91381
227.972 -13.6455 2.91456
228.03 -13.5965 2.91391
227.982 -13.6172 2.91771
227.979 -13.621 2.9176
228.016 -13.6634 2.91545
228.039 -13.476 2.91453
227.971 -13.5444 2.91268
228.018 -13.5322 2.91277
228.017 -13.5352 2.91269
228.01 -13.6386 2.91509
227.989 -13.7272 2.91583
228.018 -13.5483 2.91715
227.866 -13.6445 2.91417
227.919 -13.6644 2.91628
227.924 -13.6619 2.91619
227.997 -13.6927 2.91717
228.008 -13.63 2.91586
228.05 -13.528 2.91488
227.996 -13.6458 2.91614
227.929 -13.6713 2.91246
228.018 -13.6468 2.91249
228.047 -13.5534 2.91505
227.998 -13.6233 2.91693
228.015 -13.5579 2.9174
228 -13.5417 2.91439
228.028 -13.5992 2.91259
227.943 -13.4748 2.91553
227.992 -13.6336 2.9145
228.015 -13.611 2.91495
228.031 -13.617 2.91593
228.019 -13.5954 2.91758
228.023 -13.6417 2.91543
228.031 -13.5693 2.91608
228.053 -13.5547 2.91472
228.019 -13.5787 2.91545
227.988 -13.6243 2.9175
228.007 -13.6187 2.91609
228.009 -13.614 2.9161
228.007 -13.6017 2.91282
228.005 -13.67 2.91775
228.029 -13.5962 2.91789
228.02 -13.5818 2.91539
228.01 -13.6406 2.91623
228.01 -13.5997 2.91581
228.011 -13.6026 2.91571
228.012 -13.6263 2.91675
228.024 -13.5803 2.91473
228.01 -13.6486 2.91359
228.018 -13.6055 2.91595
228.025 -13.6023 2.91606
227.982 -13.6588 2.91443
227.972 -13.6306 2.91844
227.957 -13.6172 2.91548
228.004 -13.6691 2.91712
227.981 -13.6576 2.9163
227.989 -13.5901 2.91292
228.015 -13.6442 2.9151
228 -13.5395 2.9172
228.033 -13.5941 2.91401
227.938 -13.524 2.91394
228.038 -13.5036 2.91288
228.016 -13.6594 2.91543
227.984 -13.6344 2.91301
228.021 -13.6344 2.91706
227.971 -13.5804 2.91301
227.948 -13.6298 2.91197
228.001 -13.5983 2.91676
228.051 -13.5018 2.9176
227.976 -13.572 2.91394
227.97 -13.5987 2.91558
227.994 -13.6902 2.91736
227.993 -13.6893 2.91716
227.995 -13.6959 2.91719
228.025 -13.601 2.91478
227.995 -13.6651 2.91932
228.017 -13.5291 2.91478
227.998 -13.5417 2.91143
228.006 -13.6405 2.91606
228.033 -13.5247 2.91624
228.017 -13.6497 2.91244
228.014 -13.658 2.91724
227.935 -13.5297 2.91597
227.99 -13.6095 2.91507
227.945 -13.5994 2.91431
227.988 -13.6031 2.91513
227.986 -13.5135 2.91516
228.032 -13.6086 2.91437
228.032 -13.5597 2.91778
228.03 -13.6016 2.9126
227.997 -13.6339 2.9144
228.03 -13.6165 2.91576
227.959 -13.5857 2.91697
228.033 -13.5678 2.91598
227.973 -13.7252 2.91704
227.968 -13.7479 2.9159
228.022 -13.5554 2.91489
227.982 -13.6239 2.91757
227.913 -13.7502 2.91349
227.987 -13.6049 2.91387
227.96 -13.7009 2.91529
227.971 -13.6996 2.91524
228.042 -13.5514 2.91391
228.023 -13.5695 2.91518
228.013 -13.5987 2.91571
228.011 -13.6243 2.91674
228.015 -13.5764 2.91469
228.008 -13.6499 2.91366
228.014 -13.647 2.9137
227.94 -13.5743 2.91428
227.925 -13.5744 2.91592
228.032 -13.5926 2.91506
228.028 -13.6057 2.91602
228.02 -13.5962 2.92055
228.006 -13.5206 2.91532
228.01 -13.5712 2.91458
227.951 -13.559 2.91687
227.982 -13.6748 2.91595
227.975 -13.6575 2.91613
227.977 -13.6507 2.91613
227.991 -13.5814 2.91301
228.024 -13.6419 2.9151
228.061 -13.4807 2.91735
227.905 -13.6343 2.91304
227.959 -13.586 2.91404
228.043 -13.5391 2.91607
227.963 -13.5775 2.91562
227.987 -13.6375 2.91857
227.972 -13.5469 2.91273
228.003 -13.6012 2.91661
228.013 -13.6399 2.91515
227.978 -13.5717 2.91403
228 -13.5666 2.91406
227.997 -13.5621 2.91421
227.929 -13.6354 2.91652
228.021 -13.598 2.91496
228.021 -13.5273 2.91503
227.99 -13.5408 2.91152
227.976 -13.5817 2.91516
227.999 -13.6456 2.91602
227.944 -13.5457 2.91381
228.013 -13.6536 2.91255
228.048 -13.5576 2.91516
228.015 -13.515 2.91734
228.012 -13.661 2.91729
227.995 -13.6066 2.9151
227.947 -13.6024 2.91425
228.01 -13.6123 2.91838
228.029 -13.6022 2.91428
227.984 -13.6931 2.91704
227.99 -13.6324 2.91444
228.021 -13.6055 2.91492
228.024 -13.6136 2.91572
228.026 -13.6177 2.91586
228.027 -13.5857 2.9177
228.021 -13.6425 2.91541
227.969 -13.7291 2.91698
227.966 -13.7478 2.91596
227.941 -13.558 2.917
228.018 -13.5558 2.91497
227.959 -13.6537 2.91636
227.915 -13.749 2.91313
227.987 -13.7027 2.91636
227.99 -13.7093 2.91625
228.028 -13.5978 2.91769
228.027 -13.5989 2.91759
228.045 -13.5444 2.91402
227.934 -13.6151 2.91189
228.009 -13.6478 2.91648
228.013 -13.6186 2.91673
228.015 -13.6207 2.91669
228.014 -13.6582 2.91797
228.016 -13.6511 2.91796
228.006 -13.6504 2.91365
228.013 -13.6009 2.91588
228.028 -13.6019 2.916
227.985 -13.6632 2.91461
228.01 -13.5209 2.91529
228 -13.6699 2.91705
227.958 -13.684 2.91616
227.976 -13.6481 2.9162
228.026 -13.5918 2.91202
227.987 -13.5901 2.91314
228.058 -13.5014 2.91328
227.96 -13.6583 2.91365
227.961 -13.7344 2.91616
228.031 -13.5964 2.91393
227.933 -13.5119 2.91377
228.042 -13.5365 2.91582
228.011 -13.6666 2.91564
228.011 -13.663 2.91572
228.017 -13.6387 2.91698
228.019 -13.5392 2.91267
227.953 -13.6277 2.91181
228.006 -13.5759 2.91729
227.951 -13.5125 2.91496
228.013 -13.6343 2.91506
227.983 -13.5721 2.91387
227.991 -13.6951 2.91652
228.022 -13.5997 2.91478
228.006 -13.6321 2.9159
228.054 -13.5294 2.91502
227.979 -13.5787 2.91515
228.001 -13.6455 2.91609
228.019 -13.6521 2.91255
228.013 -13.6464 2.91252
228.011 -13.6595 2.91721
228.003 -13.6005 2.91737
227.948 -13.6037 2.91446
228.008 -13.6131 2.91832
228.025 -13.6042 2.91405
228.032 -13.5618 2.91801
227.984 -13.6933 2.91696
228.047 -13.5374 2.91595
227.95 -13.6035 2.91261
227.951 -13.6017 2.91256
228.027 -13.6163 2.91568
228.02 -13.6416 2.91542
227.903 -13.6547 2.91569
227.968 -13.7537 2.91566
228.023 -13.6172 2.91664
228.025 -13.6187 2.91674
228.008 -13.628 2.91622
228.007 -13.6021 2.91283
227.991 -13.6006 2.91372
227.962 -13.694 2.91539
227.918 -13.6248 2.91317
227.965 -13.6219 2.91504
228.021 -13.5657 2.91519
228.007 -13.6486 2.91625
228.01 -13.5995 2.91594
227.984 -13.6114 2.91851
228.012 -13.6511 2.91787
227.934 -13.6057 2.91518
228.016 -13.6513 2.9136
228.01 -13.6466 2.91373
227.963 -13.5912 2.91537
228.016 -13.6086 2.9158
228.028 -13.5917 2.91478
227.986 -13.6582 2.91462
227.999 -13.5392 2.91486
228.047 -13.4974 2.91601
227.977 -13.6619 2.91767
227.988 -13.5985 2.91721
227.968 -13.6781 2.91617
227.968 -13.596 2.91497
228.022 -13.5864 2.91218
228.029 -13.5888 2.91213
227.986 -13.6299 2.91595
228.054 -13.5026 2.91327
227.964 -13.6643 2.91367
227.962 -13.5806 2.9142
228.039 -13.5344 2.91598
227.97 -13.5948 2.91732
228.008 -13.6618 2.91568
227.984 -13.6381 2.91291
227.963 -13.5464 2.91275
227.969 -13.583 2.91295
228.003 -13.599 2.91666
228.014 -13.636 2.91517
228.012 -13.6448 2.91513
228.014 -13.5688 2.91723
227.93 -13.628 2.91651
227.997 -13.6905 2.91721
228.026 -13.5967 2.91509
228.03 -13.5001 2.91788
228.047 -13.5282 2.91512
228.002 -13.6445 2.91604
227.933 -13.6752 2.91231
227.927 -13.6791 2.91257
228.044 -13.5552 2.91521
228.017 -13.662 2.91714
227.989 -13.6117 2.91518
228.01 -13.5609 2.91756
228.026 -13.6058 2.91416
227.982 -13.7 2.91702
228.015 -13.5999 2.91726
228.042 -13.5365 2.91596
227.953 -13.6112 2.91228
227.966 -13.5906 2.91372
228.025 -13.5931 2.9177
228.047 -13.5487 2.9147
228.046 -13.5557 2.91463
227.962 -13.7505 2.91578
227.934 -13.5555 2.91689
227.972 -13.626 2.91764
228.013 -13.5988 2.91309
227.986 -13.6106 2.91373
227.99 -13.7129 2.91624
228.041 -13.5476 2.91394
227.968 -13.6252 2.91478
228.007 -13.645 2.9164
228.002 -13.6459 2.91636
228.011 -13.5946 2.91567
228.014 -13.6568 2.91809
228.016 -13.6516 2.91367
228.002 -13.6457 2.91604
228 -13.6476 2.91609
228.02 -13.6059 2.91589
227.933 -13.5763 2.91584
228.033 -13.6055 2.91604
227.982 -13.6657 2.91451
228.009 -13.57 2.91648
228.006 -13.5799 2.91485
227.999 -13.6753 2.91695
227.957 -13.6129 2.91556
227.979 -13.6708 2.91598
228 -13.494 2.91509
228.028 -13.5888 2.9121
227.984 -13.5833 2.91311
228.018 -13.6483 2.91516
228.017 -13.6453 2.91511
227.961 -13.6569 2.91361
227.962 -13.5871 2.91413
228.036 -13.5991 2.91427
228.003 -13.6195 2.91553
227.998 -13.6209 2.91562
227.971 -13.5936 2.91717
227.968 -13.5944 2.91734
227.982 -13.6368 2.91279
228.054 -13.4323 2.91337
228.022 -13.5028 2.91548
228.001 -13.567 2.91701
227.984 -13.7242 2.91568
228.014 -13.5663 2.91714
228.001 -13.5666 2.91422
227.989 -13.6981 2.9165
228 -13.6934 2.9171
228.026 -13.5932 2.915
228.028 -13.5993 2.91497
228.008 -13.6379 2.91598
228.038 -13.563 2.91397
228.031 -13.5598 2.91392
228.008 -13.6403 2.916
227.993 -13.6476 2.9162
228.016 -13.6518 2.91237
228.016 -13.6576 2.91707
227.991 -13.605 2.91498
227.919 -13.6302 2.91754
228.03 -13.5582 2.91783
228.015 -13.5929 2.91709
228.022 -13.6012 2.91716
227.997 -13.629 2.91448
227.969 -13.5914 2.91363
228.021 -13.5888 2.91771
228.017 -13.6457 2.91567
228.044 -13.5526 2.9146
227.964 -13.7447 2.91584
228.025 -13.6249 2.91672
227.975 -13.6182 2.91755
228.003 -13.6233 2.91622
227.985 -13.6002 2.91385
227.915 -13.6225 2.91329
228.043 -13.5479 2.91413
228.015 -13.5823 2.91557
228.01 -13.5951 2.91579
228.017 -13.6595 2.91814
228.018 -13.6582 2.91787
228.019 -13.5736 2.91478
227.959 -13.6029 2.91563
227.985 -13.5315 2.91667
228.016 -13.6509 2.9135
227.992 -13.5819 2.91869
227.94 -13.5742 2.91423
228.029 -13.5907 2.91519
227.971 -13.4573 2.91285
228.002 -13.5475 2.91501
228.01 -13.5192 2.91528
228.005 -13.5758 2.91469
228.022 -13.5425 2.91853
228.004 -13.626 2.91869
228.005 -13.6641 2.91696
228.242 -9.28852 2.91862
