101.624 18.3403 0.0742662
101.622 18.2535 0.0768313
101.633 18.322 0.0716152
101.686 18.2884 0.0673505
101.671 18.4314 0.0714308
101.649 18.3645 0.074702
101.635 18.3507 0.0755216
101.577 18.4158 0.0782849
101.647 18.396 0.0757262
101.68 18.3539 0.0719225
101.608 18.3106 0.0747838
101.582 18.3969 0.072049
101.61 18.395 0.0733512
101.61 18.4022 0.0735465
101.746 18.2898 0.076229
101.683 18.4569 0.0725841
101.616 18.3241 0.0740555
101.616 18.3267 0.073815
101.559 18.2935 0.0721941
101.59 18.3395 0.0753199
101.553 18.3765 0.0732928
101.741 18.3039 0.076584
101.591 18.3265 0.0742302
101.59 18.3306 0.0744117
101.615 18.3267 0.073622
101.668 18.2761 0.0753043
101.592 18.3543 0.0765522
101.581 18.3038 0.0739691
101.727 18.2989 0.0748458
101.723 18.304 0.0747522
101.722 18.3017 0.0747612
101.535 18.2705 0.073822
101.646 18.3352 0.0717618
101.616 18.4362 0.0737914
101.596 18.3508 0.0745543
101.707 18.3105 0.0700433
101.708 18.3094 0.0701335
101.54 18.3209 0.0727249
101.648 18.3138 0.0711483
101.632 18.3753 0.0769636
101.703 18.299 0.0769424
101.739 18.4092 0.0750518
101.648 18.4106 0.0760045
101.702 18.3924 0.0728132
101.648 18.3657 0.0748456
101.684 18.3452 0.0753747
101.672 18.2752 0.0731226
101.658 18.3033 0.0739536
101.67 18.3028 0.0727557
101.643 18.3525 0.0709429
101.647 18.3074 0.0703529
101.644 18.3093 0.0705085
101.571 18.408 0.0742958
101.683 18.3023 0.0731576
101.64 18.3196 0.0720848
101.685 18.4104 0.0752082
101.812 18.3293 0.0746118
101.816 18.3332 0.0747068
101.687 18.3307 0.0744492
101.65 18.364 0.0732036
101.656 18.3646 0.073227
101.648 18.3898 0.0783115
101.589 18.2701 0.0761781
101.64 18.3019 0.0718734
101.642 18.3004 0.0718941
101.64 18.2815 0.0737996
101.634 18.3911 0.0738293
101.616 18.2811 0.0715905
101.61 18.3578 0.0741981
101.612 18.354 0.0740467
101.685 18.3311 0.0713792
101.65 18.2485 0.0759612
101.633 18.3352 0.0755601
101.604 18.2556 0.0729618
101.655 18.3749 0.0740099
101.59 18.3538 0.0737655
101.694 18.4091 0.0723639
101.607 18.3627 0.076377
101.614 18.3607 0.0763602
101.616 18.4206 0.075757
101.68 18.4197 0.0699056
101.653 18.4237 0.0728812
101.626 18.3191 0.071316
101.625 18.3178 0.0715377
101.56 18.4314 0.075672
101.755 18.387 0.0703966
101.756 18.3879 0.0703012
101.651 18.2722 0.0734429
101.632 18.3434 0.0735982
101.57 18.3785 0.0735808
101.667 18.3448 0.0729541
101.594 18.3463 0.0739101
101.62 18.4048 0.0741779
101.586 18.3407 0.0746458
101.59 18.3955 0.0718298
101.775 18.4501 0.0736488
101.696 18.2441 0.0753567
101.604 18.3422 0.0734786
101.655 18.3195 0.0735632
101.584 18.3983 0.0744956
101.586 18.4009 0.0744473
101.769 18.4368 0.0702615
101.714 18.4448 0.0731091
101.734 18.3262 0.0738419
101.53 18.3038 0.0742045
101.563 18.3639 0.0773721
101.562 18.3455 0.0735574
101.687 18.3047 0.0730082
101.693 18.2961 0.0731538
101.656 18.3431 0.0764944
101.653 18.3409 0.0764597
101.702 18.4338 0.0719796
101.704 18.4349 0.0719101
101.712 18.2939 0.0715875
101.533 18.3296 0.0727675
101.638 18.3769 0.0745058
101.629 18.3719 0.0742592
101.626 18.376 0.0764165
101.626 18.3299 0.0749598
101.659 18.4563 0.0788134
101.677 18.2871 0.0767184
101.659 18.4085 0.0764363
101.629 18.2284 0.0741452
101.728 18.3138 0.078844
101.656 18.2791 0.0724317
101.755 18.2544 0.0745849
101.645 18.3185 0.0745071
101.641 18.3146 0.0748193
101.641 18.32 0.0762309
101.581 18.4185 0.0729109
101.721 18.3366 0.0696838
101.623 18.3761 0.0754922
101.612 18.2931 0.07253
101.59 18.4324 0.0749444
101.75 18.3899 0.0749833
101.747 18.3922 0.0749072
101.593 18.3632 0.077512
101.668 18.3668 0.0741822
101.587 18.2554 0.0719805
101.668 18.2894 0.0779864
101.666 18.2931 0.0778814
101.638 18.3946 0.0722078
101.644 18.3545 0.0743608
101.704 18.2849 0.072836
101.648 18.2637 0.0743619
101.691 18.2627 0.0767862
101.637 18.2968 0.0723581
101.637 18.5415 0.0750636
101.754 18.3254 0.0729318
101.627 18.323 0.080105
101.801 18.371 0.0700892
101.668 18.3991 0.0740039
101.675 18.3775 0.0712973
101.676 18.3689 0.0713172
101.69 18.379 0.0746168
101.611 18.4121 0.0729988
101.62 18.4055 0.0731156
101.598 18.3299 0.075629
101.731 18.3141 0.0751848
101.567 18.3448 0.071975
101.567 18.2901 0.0729998
101.618 18.3274 0.0735845
101.684 18.3073 0.0743262
101.684 18.2442 0.0736787
101.708 18.1884 0.0755698
101.556 18.3603 0.073998
101.625 18.4057 0.0729051
101.594 18.3644 0.0766111
101.662 18.3713 0.0750066
101.568 18.3989 0.0752394
101.677 18.3904 0.0741955
101.694 18.3906 0.074322
101.623 18.3165 0.0736847
101.62 18.314 0.0734223
101.706 18.4154 0.0734516
101.71 18.4194 0.0733944
101.573 18.3704 0.0737881
101.76 18.2466 0.0693168
101.602 18.4483 0.0745346
101.619 18.4663 0.0793391
101.706 18.2855 0.0750203
101.595 18.3485 0.0733731
101.727 18.4363 0.0762928
101.722 18.2781 0.070624
101.635 18.3679 0.0755323
101.681 18.3833 0.0692206
101.687 18.3793 0.0692813
101.655 18.4033 0.0768505
101.651 18.4234 0.0750369
101.644 18.3308 0.0744929
101.685 18.2672 0.0713529
101.625 18.2552 0.0738962
101.637 18.2397 0.0722195
101.701 18.357 0.0764617
101.725 18.2793 0.0771507
101.649 18.2423 0.0717987
101.627 18.3964 0.0715155
101.643 18.3615 0.0696884
101.686 18.3548 0.0786823
101.62 18.3341 0.0720991
101.628 18.2799 0.0710126
101.646 18.3288 0.0744589
101.695 18.4324 0.0731482
101.662 18.226 0.0774294
101.544 18.3254 0.0780825
101.535 18.31 0.0785047
101.681 18.322 0.0725845
101.637 18.3369 0.0731421
101.632 18.3264 0.0715612
101.686 18.297 0.0674936
101.661 18.4257 0.0714502
101.665 18.4262 0.0716116
101.561 18.3 0.0742351
101.652 18.3588 0.0746342
101.693 18.4283 0.0739645
101.54 18.4593 0.0763201
101.643 18.3656 0.0726413
101.651 18.3953 0.0756321
101.65 18.3959 0.075595
101.582 18.3251 0.0760878
101.577 18.3895 0.0721154
101.65 18.315 0.0735868
101.686 18.4553 0.0724032
101.611 18.3189 0.0740027
101.618 18.3239 0.0738214
101.534 18.3581 0.0709593
101.675 18.408 0.0756
101.766 18.2839 0.0728184
101.553 18.3787 0.0732278
101.673 18.2942 0.0750556
101.626 18.4229 0.075436
101.599 18.3714 0.0747124
101.756 18.2936 0.0759631
101.718 18.2837 0.0738944
101.673 18.2729 0.07507
101.635 18.2277 0.0740743
101.703 18.3729 0.0774934
101.583 18.3082 0.0740475
101.731 18.2792 0.0751255
101.728 18.2793 0.0750903
101.727 18.302 0.0747078
101.512 18.3447 0.0763349
101.671 18.3002 0.0704259
101.619 18.3408 0.0766219
101.699 18.3417 0.0716927
101.689 18.3935 0.0728382
101.712 18.3139 0.0700624
101.704 18.4082 0.0737827
101.631 18.4339 0.0715065
101.677 18.3283 0.0754463
101.652 18.3284 0.0752186
101.484 18.3238 0.0736078
101.722 18.4328 0.0751488
101.706 18.2976 0.0770678
101.737 18.4192 0.0751105
101.645 18.4129 0.0761214
101.65 18.41 0.0758861
101.681 18.4395 0.0740809
101.648 18.365 0.0747633
101.698 18.2443 0.072235
101.686 18.2801 0.0736831
101.685 18.3142 0.0741412
101.66 18.309 0.0738983
101.648 18.3548 0.0708205
101.64 18.3015 0.0704914
101.572 18.4067 0.0770494
101.687 18.2997 0.0729916
101.61 18.343 0.0748446
101.81 18.328 0.0745613
101.688 18.3261 0.0742197
101.658 18.2307 0.0754604
101.654 18.3573 0.0733068
101.584 18.2962 0.0798855
101.646 18.2867 0.073777
101.64 18.3913 0.0738091
101.631 18.3937 0.0740261
101.623 18.2801 0.0716799
101.685 18.3354 0.0712201
101.615 18.3017 0.072263
101.607 18.2512 0.0730884
101.652 18.4361 0.0730673
101.619 18.3922 0.0709462
101.659 18.3388 0.0793275
101.692 18.4065 0.0725384
101.61 18.3665 0.0762531
101.656 18.3775 0.0748948
101.656 18.4176 0.0729346
101.703 18.4633 0.0711467
101.705 18.4643 0.0711173
101.71 18.3999 0.0700799
101.706 18.4027 0.0700854
101.753 18.3871 0.0703384
101.705 18.3148 0.0748809
101.639 18.342 0.0734977
101.572 18.3751 0.0733497
101.661 18.2791 0.0711512
101.546 18.3325 0.074114
101.664 18.3562 0.0775489
101.618 18.2646 0.0728577
101.656 18.2825 0.0745758
101.691 18.2537 0.0755238
101.603 18.3432 0.0732525
101.608 18.3446 0.0733058
101.583 18.3971 0.074471
101.773 18.4441 0.0703042
101.72 18.4382 0.0732154
101.719 18.437 0.0729338
101.734 18.3252 0.0739305
101.558 18.3374 0.074496
101.688 18.386 0.0775173
101.687 18.3875 0.0777887
101.692 18.3051 0.0729392
101.619 18.3081 0.0747226
101.707 18.4313 0.0719551
101.702 18.4322 0.0719893
101.566 18.3595 0.0746829
101.561 18.3596 0.074653
101.64 18.3223 0.0733961
101.609 18.2974 0.0721207
101.665 18.302 0.0726112
101.701 18.3925 0.0772386
101.641 18.3716 0.0770911
101.635 18.2263 0.073858
101.724 18.312 0.0785407
101.658 18.2751 0.072578
101.657 18.2812 0.0725725
101.762 18.2553 0.0746903
101.615 18.2785 0.0729458
101.545 18.338 0.0786843
101.587 18.4146 0.0732687
101.691 18.2552 0.0721625
101.63 18.3743 0.0753566
101.614 18.3378 0.0736559
101.656 18.262 0.0739314
101.752 18.3958 0.0750652
101.667 18.3628 0.0741152
101.587 18.2525 0.0720845
101.674 18.3479 0.0770902
101.677 18.3522 0.0769095
101.642 18.3948 0.0720085
101.642 18.3461 0.0741609
101.658 18.3264 0.0751082
101.708 18.2745 0.0727907
101.709 18.2805 0.0729242
101.651 18.2937 0.0697122
101.652 18.2616 0.0743933
101.608 18.319 0.0725749
101.639 18.2758 0.0776922
101.639 18.2757 0.0778754
101.69 18.38 0.0762436
101.798 18.3732 0.0702302
101.625 18.3784 0.0715033
101.676 18.3713 0.0712304
101.68 18.3813 0.0712971
101.769 18.3439 0.0747613
101.69 18.3778 0.0747112
101.618 18.4049 0.0729299
101.743 18.3353 0.0707144
101.627 18.2918 0.0763701
101.726 18.3098 0.0752213
101.608 18.2056 0.0693449
101.691 18.3041 0.0741066
101.687 18.2424 0.0735273
101.715 18.1869 0.0756386
101.619 18.3461 0.0753886
101.627 18.4053 0.0729341
101.714 18.425 0.079118
101.68 18.3889 0.0741125
101.626 18.3132 0.0735169
101.711 18.4193 0.0735415
101.606 18.3311 0.0744206
101.592 18.3119 0.0739438
101.631 18.3341 0.0764387
101.631 18.3426 0.0754668
101.628 18.3397 0.0757857
101.692 18.344 0.0721749
101.6 18.3499 0.0734509
101.593 18.2686 0.0733335
101.727 18.2764 0.0706703
101.722 18.2765 0.0707209
101.623 18.3067 0.069959
101.682 18.3838 0.0693436
101.67 18.4535 0.0789077
101.628 18.3612 0.0772027
101.687 18.2658 0.0714326
101.621 18.2585 0.0739351
101.558 18.3531 0.0757674
101.696 18.3072 0.0774935
101.698 18.3514 0.0763611
101.64 18.2454 0.0719753
101.631 18.2752 0.0694731
101.656 18.3687 0.0700042
101.665 18.405 0.0745968
101.69 18.3562 0.0786853
101.626 18.3276 0.0720971
101.675 18.3667 0.0754952
101.63 18.2693 0.0709895
101.627 18.3308 0.0719698
101.702 18.4288 0.073333
101.618 18.3467 0.0726846
101.62 18.3355 0.0741133
101.677 18.3284 0.0728574
101.583 18.4699 0.0730958
101.632 18.3189 0.0717665
101.651 18.309 0.069043
101.729 18.3042 0.0766137
101.665 18.4283 0.0717359
101.553 18.302 0.0711103
101.656 18.4916 0.0756108
101.578 18.4169 0.0782074
101.644 18.3627 0.0727352
101.677 18.3512 0.0717598
101.601 18.3097 0.0748476
101.652 18.3109 0.0733234
101.684 18.4533 0.0727468
101.616 18.3224 0.0750531
101.565 18.2935 0.0720319
101.581 18.3312 0.0755391
101.77 18.2894 0.07301
101.674 18.2955 0.0751566
101.736 18.3064 0.0765753
101.707 18.2053 0.0699728
101.6 18.379 0.0746206
101.712 18.2827 0.0736579
101.594 18.3547 0.0763672
101.652 18.2985 0.0690261
101.727 18.2782 0.0748037
101.723 18.3017 0.0744394
101.671 18.3008 0.0706147
101.642 18.3389 0.0716315
101.701 18.3356 0.071639
101.615 18.4338 0.0735645
101.694 18.3915 0.0729388
101.593 18.3512 0.0744782
101.707 18.4081 0.0737633
101.671 18.3345 0.0754064
101.716 18.4297 0.0753899
101.632 18.3727 0.0767304
101.735 18.4084 0.0750851
101.735 18.4117 0.0750033
101.699 18.3971 0.0727125
101.685 18.4455 0.0741852
101.483 18.2994 0.0754534
101.65 18.3689 0.0749166
101.687 18.3452 0.0754074
101.675 18.2771 0.0729658
101.691 18.3112 0.0739785
101.572 18.3495 0.0783773
101.669 18.3115 0.0727261
101.645 18.3539 0.0710591
101.618 18.3789 0.0794206
101.692 18.3269 0.0769676
101.817 18.325 0.0745483
101.689 18.3349 0.0743803
101.66 18.3624 0.0731798
101.652 18.3626 0.0734904
101.588 18.2783 0.076126
101.646 18.2988 0.0719082
101.639 18.3001 0.0719337
101.692 18.3608 0.0755072
101.618 18.2767 0.0715068
101.61 18.3589 0.0740758
101.615 18.3043 0.0722546
101.652 18.2875 0.0752573
101.597 18.3182 0.0728267
101.627 18.3262 0.0764866
101.655 18.3387 0.0794343
101.577 18.3649 0.073489
101.694 18.4721 0.0811119
101.656 18.3824 0.0747885
101.609 18.4132 0.0758887
101.66 18.4151 0.0729042
101.705 18.4618 0.0710612
101.558 18.426 0.0757644
101.613 18.292 0.0797047
101.706 18.3974 0.0700795
101.751 18.3896 0.070318
101.652 18.2646 0.0734482
101.574 18.3768 0.073572
101.672 18.3377 0.0729324
101.673 18.3404 0.0730025
101.597 18.3451 0.0740417
101.654 18.2836 0.0711627
101.547 18.3333 0.0741347
101.668 18.3532 0.0774302
101.633 18.3878 0.0735752
101.66 18.2792 0.0746372
101.686 18.2315 0.0756994
101.608 18.342 0.0733301
101.603 18.3414 0.0733426
101.765 18.4491 0.070351
101.718 18.4364 0.0731037
101.715 18.439 0.0730663
101.701 18.3089 0.0726427
101.704 18.3182 0.0726199
101.736 18.3308 0.0739122
101.556 18.3483 0.0744999
101.701 18.3296 0.0765018
101.634 18.3475 0.0739223
99.7303 20.0616 0.0925714
