215.598 -11.1287 2.98314
215.722 -11.1379 2.98533
215.714 -11.1396 2.9853
215.719 -11.1466 2.98533
215.663 -11.1036 2.9817
215.54 -11.0752 2.98145
215.647 -11.1448 2.98399
215.64 -11.1436 2.98416
215.601 -11.1881 2.98342
215.603 -11.1899 2.98339
215.561 -11.0825 2.98278
215.489 -11.1239 2.98033
215.481 -11.1206 2.98027
215.637 -11.0538 2.98485
215.687 -11.1091 2.98183
215.713 -11.1125 2.98425
215.56 -11.1066 2.98492
215.558 -11.1057 2.98487
215.673 -11.1537 2.98151
215.688 -11.1156 2.98352
215.613 -11.1538 2.98409
215.578 -11.1107 2.98178
215.473 -11.189 2.98035
215.653 -11.078 2.98557
215.66 -11.116 2.98307
215.653 -11.1164 2.9832
215.71 -11.0565 2.98638
215.651 -11.1407 2.98502
215.65 -11.14 2.98526
215.677 -11.1101 2.98387
215.618 -11.1617 2.98184
215.616 -11.1568 2.98187
215.639 -11.0435 2.98133
215.726 -11.0779 2.98411
215.563 -11.1317 2.98523
215.725 -11.0805 2.98258
215.735 -11.077 2.98244
215.66 -11.1398 2.98463
215.662 -11.1425 2.9845
215.544 -11.0536 2.98289
215.538 -11.0488 2.98297
215.483 -11.0925 2.98151
215.611 -11.0883 2.98327
215.614 -11.0957 2.98348
215.547 -11.108 2.98122
215.529 -10.9794 2.98106
215.654 -11.0315 2.98446
215.554 -11.1134 2.98592
215.551 -11.1074 2.98174
215.478 -11.1226 2.98237
215.482 -11.1232 2.98235
215.64 -11.1047 2.98317
215.64 -11.0983 2.98329
215.659 -11.1964 2.98186
215.7 -11.1074 2.98341
215.651 -11.2306 2.98323
215.633 -11.1492 2.98439
215.616 -11.117 2.98494
215.629 -11.0906 2.98715
215.639 -11.1289 2.98691
215.642 -11.1227 2.98706
215.713 -11.1154 2.98241
215.671 -11.16 2.98312
215.588 -11.1208 2.98178
215.612 -11.0585 2.98172
215.526 -11.1718 2.98372
215.561 -11.1424 2.98048
215.6 -11.2087 2.98282
215.682 -11.0149 2.98506
215.549 -11.0986 2.97944
215.593 -11.1629 2.9816
215.596 -11.1143 2.9828
215.647 -11.1038 2.98486
215.629 -11.1929 2.98457
215.638 -11.1554 2.98613
215.641 -11.178 2.98058
215.656 -11.1964 2.98255
215.703 -11.0884 2.98548
215.698 -11.0846 2.98533
215.681 -11.1279 2.98612
215.637 -11.1022 2.98228
215.501 -11.1146 2.97965
215.565 -11.1929 2.9827
215.623 -11.074 2.98583
215.653 -11.1775 2.9848
215.552 -11.166 2.98287
215.521 -11.1953 2.98045
215.663 -11.133 2.98421
215.658 -11.0505 2.98433
215.658 -11.0498 2.98423
215.695 -11.1294 2.98425
215.697 -11.1326 2.98429
215.607 -11.139 2.98592
215.561 -11.1531 2.98381
215.632 -11.1693 2.98324
215.654 -11.1302 2.98789
215.652 -11.1322 2.98758
215.577 -11.1657 2.98255
215.655 -11.0961 2.98385
215.688 -11.1452 2.98214
215.657 -11.1385 2.98428
215.664 -11.1413 2.98407
215.541 -11.246 2.9833
215.588 -11.1572 2.98316
215.643 -11.065 2.98424
215.524 -11.095 2.98236
215.627 -11.1374 2.98329
215.679 -11.1655 2.98445
215.583 -11.0611 2.9832
215.631 -11.0894 2.98354
215.585 -11.1455 2.98218
215.595 -11.1436 2.98216
215.657 -11.0984 2.98237
215.637 -11.1148 2.98337
215.539 -11.2027 2.9819
215.641 -11.0222 2.98334
215.642 -11.0151 2.98308
215.546 -11.0273 2.98134
215.732 -11.1168 2.98376
215.686 -11.1832 2.98381
215.635 -11.0909 2.98308
215.619 -11.1028 2.98268
215.685 -11.0965 2.98238
215.541 -11.1013 2.98116
215.544 -11.1293 2.9813
215.484 -11.1008 2.98068
215.608 -11.1347 2.9831
215.608 -11.1364 2.98306
215.71 -11.1583 2.98269
215.71 -11.1512 2.98273
215.664 -11.1401 2.98374
215.708 -11.2043 2.98143
215.54 -11.1416 2.98333
215.542 -11.1061 2.98607
215.543 -11.1025 2.98601
215.598 -11.0508 2.9834
215.651 -11.07 2.98289
215.589 -11.0209 2.9801
215.656 -11.018 2.9827
215.658 -11.0407 2.98679
215.704 -11.0838 2.98697
215.526 -11.0582 2.98176
215.628 -11.2 2.98398
215.628 -11.2106 2.98225
215.604 -11.0571 2.98429
215.714 -11.1013 2.98276
215.684 -11.1048 2.98224
215.62 -11.1215 2.9848
215.568 -11.0297 2.98002
215.587 -11.0531 2.97994
215.679 -11.1253 2.98284
215.643 -11.1246 2.98473
215.645 -11.1265 2.9849
215.581 -11.1121 2.98197
215.613 -11.1389 2.98531
215.539 -11.1817 2.98192
215.724 -11.1649 2.98383
215.632 -11.1303 2.98453
215.63 -11.1334 2.98452
215.501 -11.1078 2.9803
215.673 -11.0896 2.98287
215.698 -11.0987 2.98175
215.539 -11.1033 2.97981
215.641 -11.0839 2.98308
215.571 -11.1458 2.9835
215.575 -11.1418 2.98355
215.539 -11.0809 2.98119
215.664 -11.0964 2.98157
215.661 -11.0906 2.98165
215.686 -11.0976 2.98307
215.638 -11.131 2.98358
215.575 -11.1169 2.98025
215.591 -11.0308 2.98089
215.542 -11.099 2.9773
215.723 -11.1273 2.98285
215.722 -11.1332 2.98292
215.662 -11.106 2.98336
215.667 -11.1096 2.98354
215.592 -11.147 2.98455
215.584 -11.1427 2.98439
215.63 -11.133 2.9829
215.629 -11.1321 2.98316
215.684 -11.0957 2.98494
215.66 -11.1185 2.98629
215.665 -11.1163 2.9862
215.666 -11.1497 2.98325
215.543 -11.072 2.98184
215.557 -11.0858 2.98484
215.691 -11.1107 2.98475
215.629 -11.1479 2.98105
215.572 -11.1688 2.98327
215.571 -11.162 2.98335
215.538 -11.0129 2.98084
215.69 -11.1227 2.98146
215.59 -11.0535 2.98163
215.586 -11.0421 2.97967
215.618 -11.2144 2.98066
215.547 -11.1057 2.98244
215.593 -11.0537 2.98218
215.599 -11.1679 2.98696
215.591 -11.1601 2.98734
215.612 -11.0373 2.97909
215.619 -11.0842 2.9829
215.655 -11.2087 2.98442
215.633 -11.1353 2.98329
215.707 -11.1647 2.98213
215.708 -11.165 2.9821
215.511 -11.0929 2.98498
215.626 -11.0931 2.98815
215.615 -11.1232 2.984
215.622 -11.1307 2.98384
215.622 -11.1279 2.98406
215.622 -11.1271 2.98389
215.626 -11.1232 2.98081
215.54 -11.0959 2.98522
215.545 -11.0611 2.985
215.63 -11.0806 2.98144
215.719 -11.1132 2.98327
215.622 -11.0697 2.98244
215.601 -11.0552 2.98063
215.597 -11.0404 2.98219
215.612 -11.105 2.98203
215.541 -11.0965 2.98534
215.558 -11.0431 2.98443
215.558 -11.129 2.98604
215.531 -11.1346 2.98417
215.702 -11.1303 2.98216
215.673 -11.1225 2.98497
215.676 -11.1179 2.98505
215.669 -11.1149 2.98493
215.655 -11.0396 2.98666
215.643 -11.0642 2.98442
215.599 -11.1831 2.9819
215.603 -11.0727 2.98529
215.64 -11.147 2.98224
215.579 -11.1054 2.98167
215.576 -11.1053 2.98166
215.573 -11.105 2.9816
215.643 -11.0306 2.98085
215.497 -11.1027 2.98294
215.645 -11.1277 2.98279
215.616 -11.1033 2.98309
215.483 -11.082 2.98399
215.658 -11.0398 2.98578
215.545 -11.155 2.98328
215.597 -11.1026 2.98499
215.558 -11.1303 2.98343
215.551 -11.0126 2.98289
215.619 -11.1489 2.9845
215.668 -11.123 2.98293
215.658 -11.1068 2.98154
215.591 -11.106 2.98239
215.592 -11.1067 2.98248
215.538 -11.0429 2.97953
215.696 -11.1659 2.98653
215.656 -11.15 2.98341
215.728 -11.1084 2.98531
215.611 -11.0978 2.98346
215.637 -11.1037 2.98111
215.63 -11.1248 2.98483
215.562 -11.1132 2.98652
215.567 -11.051 2.98181
215.613 -11.2652 2.98347
215.63 -11.0956 2.97972
215.642 -11.0755 2.98217
215.667 -11.123 2.98361
215.559 -11.1224 2.98002
215.513 -11.0327 2.98252
215.66 -11.1146 2.98294
215.667 -11.1347 2.98202
215.665 -11.1342 2.98212
215.578 -11.1263 2.98159
215.574 -11.1248 2.98177
215.736 -11.0402 2.98779
215.666 -11.0883 2.98255
215.665 -11.0888 2.98214
215.504 -11.0887 2.98318
215.652 -11.1331 2.98349
215.533 -11.2608 2.97978
215.577 -11.0905 2.98229
215.6 -11.0695 2.98133
215.63 -11.0965 2.98451
215.639 -11.1852 2.98238
215.636 -11.1867 2.98235
215.506 -11.1988 2.98094
215.531 -11.2195 2.98403
215.691 -11.1486 2.98505
215.684 -11.1495 2.98515
215.569 -11.1232 2.98412
215.636 -11.1395 2.98614
215.632 -11.1381 2.98656
215.623 -11.1134 2.981
215.681 -11.1523 2.98374
215.612 -11.1235 2.98394
215.616 -11.1265 2.98391
215.578 -11.135 2.98139
215.598 -11.122 2.98308
215.714 -11.1417 2.9851
215.668 -11.102 2.98144
215.645 -11.1435 2.98404
215.65 -11.1437 2.9842
215.604 -11.1926 2.98335
215.563 -11.0845 2.98278
215.566 -11.0852 2.98276
215.636 -11.0526 2.98476
215.639 -11.0502 2.98482
215.539 -11.1434 2.98541
215.579 -11.0008 2.98481
215.671 -11.1449 2.98159
215.618 -11.1452 2.98424
215.573 -11.1137 2.98209
215.65 -11.0693 2.98537
215.734 -11.0785 2.98158
215.615 -11.109 2.98454
215.714 -11.0638 2.98646
215.714 -11.0559 2.98665
215.655 -11.1359 2.98521
215.723 -10.99 2.97969
215.617 -11.1626 2.9822
215.705 -11.1214 2.98586
215.725 -11.087 2.98434
215.725 -11.0825 2.98435
215.56 -11.1345 2.98525
215.617 -11.1674 2.98317
215.517 -11.1416 2.98083
215.718 -11.1263 2.98392
215.485 -11.0919 2.98142
215.605 -11.0908 2.98324
215.606 -11.089 2.98338
215.547 -11.1076 2.98109
215.654 -11.038 2.98461
215.657 -11.0288 2.9845
215.509 -11.0538 2.9823
215.554 -11.1175 2.9859
215.555 -11.1065 2.98183
215.475 -11.1248 2.98254
215.728 -11.1154 2.98413
215.603 -11.0111 2.98216
215.601 -11.0076 2.98211
215.631 -11.0786 2.98111
215.656 -11.227 2.9831
215.553 -11.0917 2.98116
215.615 -11.1155 2.98491
215.614 -11.1175 2.98492
215.636 -11.1276 2.98683
215.668 -11.1639 2.98317
215.677 -11.2174 2.9821
215.558 -11.1399 2.98048
215.662 -11.0258 2.9795
215.682 -11.0134 2.98509
215.651 -11.1142 2.98063
215.658 -11.0578 2.98095
215.574 -11.1135 2.98428
215.572 -11.1146 2.98431
215.578 -11.002 2.98366
215.65 -11.1037 2.98513
215.649 -11.097 2.98488
215.632 -11.193 2.98474
215.634 -11.1517 2.9862
215.637 -11.1566 2.98602
215.635 -11.1586 2.98626
215.715 -11.2131 2.98158
215.694 -11.0819 2.98524
215.649 -11.1718 2.98185
215.652 -11.1747 2.98176
215.704 -11.1331 2.98257
215.403 -11.1481 2.97971
215.507 -11.1136 2.97953
215.631 -11.2116 2.98518
215.648 -11.175 2.98495
215.651 -11.1699 2.98472
215.525 -11.1961 2.98052
215.573 -11.0183 2.98066
215.694 -11.1357 2.98434
215.62 -11.1538 2.98447
215.609 -11.1446 2.98591
215.561 -11.1449 2.98376
215.631 -11.1708 2.98314
215.562 -11.2002 2.98387
215.647 -11.1356 2.9877
215.654 -11.0944 2.98391
215.657 -11.0996 2.984
215.658 -11.0964 2.98393
215.68 -11.1461 2.98214
215.658 -11.1356 2.98428
215.588 -11.1622 2.98333
215.638 -11.0699 2.98433
215.588 -11.1472 2.98047
215.697 -11.052 2.98621
215.632 -11.1425 2.98337
215.675 -11.162 2.9847
215.587 -11.0661 2.98292
215.635 -11.0847 2.98343
215.595 -11.1425 2.9823
215.639 -11.0488 2.98494
215.652 -11.1039 2.98237
215.641 -11.1164 2.98332
215.644 -11.0192 2.98324
215.635 -11.1476 2.9821
215.643 -11.1298 2.983
215.543 -11.0253 2.98154
215.732 -11.1193 2.9836
215.687 -11.1196 2.98358
215.642 -11.0901 2.98319
215.62 -11.1043 2.98287
215.541 -11.1004 2.98131
215.508 -11.1148 2.98287
215.483 -11.0956 2.98109
215.605 -11.1378 2.98303
215.658 -11.0953 2.98211
215.662 -11.0939 2.98221
215.676 -11.0968 2.97997
215.662 -11.1416 2.98373
215.687 -11.0706 2.98317
215.544 -11.1399 2.98335
215.592 -11.1512 2.98208
215.613 -11.103 2.98321
215.556 -11.0874 2.98358
215.609 -11.1066 2.97867
215.615 -11.1883 2.98524
215.657 -11.0309 2.98701
215.528 -11.0565 2.98166
215.633 -11.2007 2.98394
215.718 -11.2196 2.98412
215.603 -11.0632 2.98442
215.545 -11.1834 2.97982
215.68 -11.1075 2.98216
215.552 -11.0933 2.9832
215.619 -11.1249 2.98494
215.678 -11.2185 2.98297
215.678 -11.1241 2.98306
215.639 -11.1254 2.98489
215.589 -11.0611 2.98335
215.58 -11.1109 2.98224
215.583 -11.1151 2.9823
215.532 -11.1409 2.98166
215.724 -11.1692 2.98373
215.722 -11.1722 2.98358
215.588 -11.112 2.98253
215.587 -11.1796 2.98464
215.591 -11.1766 2.98461
215.674 -11.1654 2.98075
215.661 -11.0956 2.9828
215.645 -11.0874 2.98316
215.573 -11.1408 2.98358
215.588 -11.0975 2.98364
215.586 -11.1013 2.98372
215.567 -11.172 2.98176
215.569 -11.1717 2.98144
215.684 -11.096 2.98299
215.639 -11.1347 2.98354
215.562 -11.1448 2.98529
215.627 -11.1038 2.9858
215.661 -11.0571 2.98195
215.569 -11.1498 2.98373
215.628 -11.1041 2.98274
215.624 -11.1357 2.98303
215.625 -11.1346 2.98284
215.621 -11.1222 2.98279
215.662 -11.1184 2.98627
215.667 -11.1133 2.9861
215.663 -11.1137 2.98632
215.544 -11.0664 2.98157
215.56 -11.0834 2.98487
215.692 -11.1077 2.98474
215.667 -11.0797 2.97951
215.567 -11.166 2.98332
215.567 -11.1653 2.98333
215.589 -11.1156 2.98637
215.677 -11.1383 2.98256
215.585 -11.0499 2.97988
215.548 -11.0203 2.98149
215.615 -11.2078 2.98069
215.55 -11.1032 2.98219
215.665 -11.0599 2.98132
215.597 -11.1615 2.98702
215.543 -11.0283 2.98324
215.538 -11.0321 2.98319
215.658 -11.2127 2.98452
215.629 -11.1358 2.98327
215.515 -11.0909 2.98496
215.651 -11.1069 2.98358
215.625 -11.0929 2.98795
215.63 -11.1224 2.98092
215.541 -11.0985 2.98523
215.566 -11.1502 2.97938
215.571 -11.1596 2.98119
215.717 -11.1109 2.98344
215.645 -11.1475 2.98529
215.63 -11.0645 2.98236
215.591 -11.0395 2.98229
215.595 -11.0389 2.98232
215.613 -11.1117 2.98218
215.608 -11.1107 2.98207
215.631 -10.9765 2.98018
215.601 -11.1776 2.98494
215.551 -11.0454 2.98419
215.581 -11.1322 2.98413
215.597 -11.1083 2.98456
215.692 -6.93616 2.99111
