-38.7616 -62.3146 1.75117
-38.7326 -62.3166 1.75352
-38.8665 -62.3424 1.75055
-38.9439 -62.2846 1.75287
-38.8793 -62.2186 1.75264
-38.794 -62.2665 1.75209
-38.7943 -62.3852 1.75053
-38.9008 -62.3753 1.74939
-38.8312 -62.3481 1.75104
-38.8921 -62.3334 1.75242
-38.8417 -62.3821 1.75142
-38.9403 -62.5099 1.75087
-38.8231 -62.4009 1.74862
-38.8705 -62.3962 1.74964
-38.8888 -62.2646 1.75032
-38.8252 -62.4166 1.7544
-38.8874 -62.2786 1.75045
-38.8686 -62.2554 1.74667
-38.8828 -62.2678 1.74591
-38.8007 -62.3133 1.75026
-38.7523 -62.2768 1.75146
-38.8362 -62.2974 1.74944
-38.8692 -62.3395 1.75038
-38.8125 -62.2761 1.74728
-38.8628 -62.3976 1.74913
-38.8577 -62.3707 1.75166
-38.801 -62.3104 1.74491
-38.7881 -62.3132 1.74611
-38.8099 -62.2847 1.75278
-38.8383 -62.3285 1.75392
-38.8495 -62.3215 1.75364
-38.8283 -62.3649 1.75453
-38.8361 -62.322 1.7489
-38.8916 -62.297 1.74915
-38.9106 -62.3939 1.75083
-38.8478 -62.3853 1.75389
-38.9429 -62.2258 1.7535
-38.8915 -62.4238 1.74924
-38.916 -62.4507 1.75128
-38.9014 -62.3465 1.75239
-38.8941 -62.2335 1.74843
-38.8499 -62.5506 1.75223
-38.7745 -62.3983 1.75232
-38.849 -62.2958 1.75151
-38.7658 -62.3323 1.7527
-38.8618 -62.378 1.74906
-38.9206 -62.3715 1.75067
-38.8964 -62.2684 1.75079
-38.8145 -62.2635 1.7488
-38.9697 -62.373 1.7463
-38.7325 -62.338 1.74938
-38.8351 -62.4403 1.75057
-38.9633 -62.4406 1.75307
-38.9813 -62.3604 1.75354
-38.9187 -62.3166 1.74942
-38.8538 -62.2509 1.75358
-38.987 -62.4678 1.75087
-38.9953 -62.4318 1.75318
-38.9081 -62.2552 1.74606
-38.9081 -62.2987 1.75092
-38.8929 -62.3399 1.75055
-38.8035 -62.3486 1.75162
-38.7785 -62.3673 1.75169
-38.9031 -62.3424 1.75257
-38.8856 -62.4545 1.74905
-38.8847 -62.3216 1.749
-38.8924 -62.2879 1.75149
-38.8052 -62.3059 1.75219
-38.8366 -62.33 1.75183
-38.8655 -62.311 1.75017
-38.8371 -62.3339 1.75001
-38.9076 -62.2858 1.75027
-38.8282 -62.4294 1.75064
-38.8663 -62.3955 1.74864
-38.9003 -62.3383 1.74657
-38.911 -62.4149 1.74958
-38.878 -62.3304 1.75043
-38.8678 -62.2649 1.75014
-38.8609 -62.3056 1.75008
-38.8029 -62.3041 1.74952
-38.8697 -62.4566 1.75242
-38.8727 -62.2681 1.74866
-38.8776 -62.3731 1.75094
-38.854 -62.295 1.75167
-38.8205 -62.2237 1.7511
-38.8373 -62.2178 1.75012
-38.8313 -62.2453 1.75013
-38.8452 -62.2385 1.75105
-38.8007 -62.3471 1.75059
-38.8298 -62.2878 1.75253
-38.8385 -62.2906 1.75366
-38.8126 -62.3451 1.75339
-38.8284 -62.2976 1.7521
-38.8376 -62.3924 1.7483
-38.8322 -62.2973 1.74788
-38.8421 -62.3807 1.74967
-38.784 -62.2818 1.75195
-38.8752 -62.4285 1.74865
-38.8474 -62.4886 1.75438
-38.8634 -62.3081 1.74826
-38.976 -62.3294 1.74929
-38.8991 -62.3675 1.7472
-38.8426 -62.3135 1.75015
-38.7975 -62.2771 1.75308
-38.8388 -62.3249 1.75226
-38.9215 -62.3399 1.75275
-38.7479 -62.3629 1.75123
-38.8072 -62.3791 1.75178
-38.8227 -62.4817 1.75303
-38.8216 -62.2815 1.75688
-38.836 -62.3086 1.75473
-38.8599 -62.2947 1.75578
-38.7708 -62.3031 1.75071
-38.8423 -62.3909 1.7511
-38.9071 -62.3644 1.75129
-38.8274 -62.3207 1.75175
-38.9077 -62.3303 1.75018
-38.9604 -62.3759 1.75081
-38.923 -62.3567 1.74978
-38.8171 -62.2466 1.75324
-38.916 -62.3319 1.75158
-38.8903 -62.4087 1.74864
-38.8403 -62.2936 1.75113
-38.8276 -62.356 1.74958
-38.7965 -62.3946 1.75047
-38.8665 -62.4484 1.75598
-38.8514 -62.3459 1.75109
-38.7945 -62.3635 1.74899
-38.9291 -62.4307 1.75331
-38.804 -62.2659 1.74654
-38.9026 -62.2417 1.75005
-38.7601 -62.3902 1.74831
-38.8023 -62.4366 1.74954
-38.8254 -62.3758 1.75225
-38.8765 -62.3631 1.75283
-38.8763 -62.259 1.74871
-38.8515 -62.2629 1.74823
-38.8823 -62.3614 1.74842
-38.9383 -62.3455 1.74783
-38.9986 -62.3508 1.7489
-38.9177 -62.2411 1.74704
-38.7787 -62.4136 1.75071
-38.7588 -62.3439 1.74863
-39.0025 -62.4354 1.75291
-38.9097 -62.3047 1.75116
-38.7811 -62.2808 1.75263
-38.8952 -62.3326 1.74816
-38.9073 -62.2911 1.75104
-38.9327 -62.2175 1.74745
-38.955 -62.1536 1.74883
-38.932 -62.2462 1.74891
-38.7397 -62.3148 1.74816
-38.8416 -62.3387 1.75051
-38.8123 -62.2821 1.75195
-38.9405 -62.4242 1.74884
-38.873 -62.5107 1.75247
-38.9551 -62.3439 1.75069
-38.9139 -62.3066 1.75076
-38.8155 -62.2752 1.75113
-38.8608 -62.2458 1.749
-38.914 -62.2463 1.74946
-38.8154 -62.3036 1.75094
-38.892 -62.3244 1.75452
-38.8656 -62.2474 1.75159
-38.8689 -62.2608 1.75176
-38.8135 -62.3787 1.74997
-38.8784 -62.2898 1.74714
-38.8711 -62.3451 1.75168
-38.9151 -62.2091 1.74691
-38.8843 -62.1882 1.74796
-38.7927 -62.2812 1.75216
-38.8596 -62.4033 1.75402
-38.793 -62.2838 1.75046
-38.8288 -62.3367 1.75103
-38.8809 -62.3283 1.74817
-38.9857 -62.3365 1.74971
-38.8774 -62.2902 1.75138
-38.8967 -62.1836 1.74884
-38.8268 -62.3266 1.75091
-38.8678 -62.2488 1.74983
-38.8191 -62.3945 1.74813
-38.7607 -62.3613 1.74951
-38.8941 -62.4063 1.75141
-38.7894 -62.3333 1.75039
-38.8632 -62.3961 1.75147
-38.8318 -62.3846 1.75196
-38.8139 -62.3902 1.7528
-38.8256 -62.3541 1.75329
-38.8059 -62.3101 1.75142
-38.844 -62.3821 1.75115
-38.9144 -62.2635 1.75042
-38.8776 -62.4081 1.75186
-39.0122 -62.3629 1.75119
-38.7839 -62.2629 1.75068
-38.9427 -62.409 1.75293
-38.877 -62.3679 1.74887
-38.8171 -62.268 1.74997
-38.9542 -62.312 1.7526
-38.8908 -62.3898 1.74961
-38.8612 -62.3827 1.74942
-38.8344 -62.2537 1.75275
-38.9133 -62.3402 1.75169
-38.9885 -62.3297 1.75316
-38.9041 -62.3355 1.75392
-38.8899 -62.3575 1.75338
-38.8947 -62.3277 1.74606
-38.8559 -62.2846 1.74726
-38.8757 -62.3867 1.74559
-38.8483 -62.4071 1.75454
-38.8497 -62.3097 1.74947
-38.8665 -62.2833 1.74897
-38.7702 -62.3776 1.74915
-38.9905 -62.2932 1.74718
-38.855 -62.3644 1.75331
-38.793 -62.3545 1.75062
-38.8353 -62.256 1.74905
-38.8752 -62.4101 1.75168
-38.8347 -62.2697 1.75158
-38.9075 -62.3158 1.75353
-38.8885 -62.342 1.74872
-38.8474 -62.3875 1.75069
-38.7913 -62.4248 1.75068
-38.9071 -62.2593 1.74801
-38.9053 -62.4494 1.75169
-38.8918 -62.4621 1.7547
-38.8187 -62.352 1.75281
-38.8303 -62.3184 1.75204
-38.8432 -62.2977 1.7492
-38.93 -62.3001 1.75385
-38.922 -62.2852 1.74634
-38.8232 -62.2257 1.75215
-38.9413 -62.3479 1.75169
-38.8638 -62.3558 1.75054
-38.7475 -62.3529 1.75202
-38.8188 -62.2967 1.75236
-38.806 -62.3277 1.75198
-38.839 -62.3478 1.75166
-38.7201 -62.2783 1.74926
-38.8707 -62.4204 1.74707
-38.8621 -62.4152 1.75138
-38.9119 -62.3108 1.75001
-38.9261 -62.3007 1.74682
-38.8426 -62.1936 1.75159
-38.8272 -62.2294 1.75393
-38.8234 -62.2988 1.75201
-38.8272 -62.3533 1.75113
-38.8496 -62.2762 1.74885
-38.791 -62.2656 1.75124
-38.7962 -62.2594 1.74924
-38.9233 -62.3158 1.7502
-38.8735 -62.2961 1.75206
-38.8352 -62.271 1.75406
-38.8054 -62.2599 1.74897
-38.9101 -62.283 1.74923
-38.8686 -62.3145 1.75126
-38.8563 -62.2774 1.74625
-38.9715 -62.2986 1.75168
-38.801 -62.3529 1.75272
-38.8324 -62.3422 1.751
-38.8338 -62.3735 1.75066
-38.8519 -62.3796 1.74779
-38.8291 -62.3413 1.74994
-38.9429 -62.3922 1.75024
-38.876 -62.4661 1.75106
-38.8905 -62.3055 1.75205
-38.9411 -62.2115 1.75033
-38.8063 -62.317 1.75258
-38.8345 -62.3396 1.75233
-38.8569 -62.3999 1.74921
-38.8701 -62.3793 1.7504
-38.8857 -62.3813 1.75145
-38.973 -62.3741 1.7462
-38.777 -62.3258 1.74944
-39.0389 -62.3052 1.75282
-38.9448 -62.3364 1.75259
-38.8607 -62.2803 1.75206
-38.8989 -62.403 1.74789
-38.9207 -62.3151 1.7508
-38.8257 -62.2759 1.74787
-38.7823 -62.2606 1.75063
-38.831 -62.2896 1.75345
-38.8764 -62.4272 1.74887
-38.8623 -62.4354 1.75005
-38.8534 -62.2294 1.75336
-38.8362 -62.2883 1.75243
-38.8159 -62.3292 1.75186
-38.8018 -62.3103 1.75202
-38.7707 -62.3644 1.75334
-38.7918 -62.2999 1.75064
-38.8453 -62.2805 1.74597
-38.956 -62.2866 1.74691
-38.9182 -62.4205 1.75085
-38.9145 -62.3582 1.74794
-38.8661 -62.425 1.75377
-38.7701 -62.4056 1.75379
-38.8871 -62.2694 1.75158
-38.8202 -62.3763 1.75139
-38.7656 -62.3894 1.75203
-38.9448 -62.2509 1.7528
-38.9047 -62.338 1.75223
-38.8948 -62.3501 1.74963
-38.9234 -62.3845 1.75214
-38.8284 -62.2498 1.7506
-38.8005 -62.2957 1.74956
-38.8594 -62.3117 1.75679
-38.8545 -62.4414 1.75148
-38.8094 -62.3628 1.74839
-38.8307 -62.2987 1.75283
-38.8621 -62.3136 1.75273
-38.8334 -62.3755 1.74812
-38.8412 -62.2749 1.75037
-38.8138 -62.3309 1.75084
-38.8348 -62.3454 1.75343
-38.8168 -62.3053 1.74991
-38.7537 -62.3124 1.74923
-38.8082 -62.323 1.75243
-38.9585 -62.3071 1.74995
-38.803 -62.2701 1.75143
-38.8099 -62.3262 1.74936
-38.8683 -62.3322 1.75471
-38.9066 -62.4364 1.75234
-38.8993 -62.435 1.75498
-38.9512 -62.4329 1.75027
-38.8392 -62.3066 1.75052
-38.8997 -62.3094 1.74875
-38.9304 -62.2937 1.75394
-38.8484 -62.2653 1.75379
-38.9512 -62.4163 1.7531
-38.832 -62.4028 1.75243
-38.9285 -62.3342 1.75059
-38.852 -62.3156 1.75599
-38.8115 -62.2817 1.75004
-38.813 -62.3319 1.75151
-38.9107 -62.3326 1.75027
-38.9043 -62.3037 1.74954
-38.9275 -62.3314 1.74966
-38.884 -62.2728 1.74975
-38.9096 -62.3536 1.74997
-38.8874 -62.3651 1.7501
-38.9678 -62.3641 1.74708
-38.8248 -62.2674 1.75083
-38.8157 -62.3851 1.75346
-38.9341 -62.3321 1.75148
-38.7766 -62.1413 1.74968
-38.8361 -62.3262 1.75143
-38.8397 -62.3605 1.7489
-38.9018 -62.3073 1.75098
-38.9052 -62.3533 1.74946
-38.7911 -62.3715 1.74859
-38.8789 -62.3911 1.75354
-38.8791 -62.2803 1.74953
-38.9486 -62.4391 1.74984
-38.8598 -62.2643 1.7502
-38.8091 -62.3148 1.74983
-38.8268 -62.3275 1.75051
-38.8401 -62.3613 1.75019
-38.8564 -62.3483 1.75091
-38.9307 -62.2405 1.74897
-38.9012 -62.2911 1.74983
-38.7624 -62.423 1.75352
-38.7926 -62.4176 1.74814
-38.9006 -62.3148 1.74641
-38.9562 -62.3105 1.74687
-38.8621 -62.2805 1.7494
-38.8029 -62.2425 1.74835
-38.9405 -62.3921 1.74887
-38.8392 -62.3735 1.74666
-38.8687 -62.1898 1.75181
-38.9429 -62.2761 1.75139
-38.879 -62.2907 1.74535
-38.891 -62.2687 1.74754
-38.8282 -62.2899 1.75297
-38.9121 -62.4434 1.75194
-38.8374 -62.3501 1.75162
-38.8598 -62.303 1.7496
-38.8877 -62.4414 1.75369
-38.9257 -62.5096 1.74961
-38.8024 -62.3406 1.75046
-38.8754 -62.3539 1.75033
-38.7168 -62.1938 1.75082
-38.8709 -62.4119 1.75235
-38.8949 -62.3526 1.75202
-38.817 -62.4976 1.75267
-38.7963 -62.3255 1.75022
-38.8991 -62.2921 1.74851
-38.8348 -62.3342 1.74932
-38.7376 -62.3594 1.75182
-38.8442 -62.2798 1.75241
-38.8032 -62.4582 1.74698
-38.7917 -62.3034 1.74642
-38.8859 -62.3569 1.7488
-38.8285 -62.4286 1.75039
-38.8913 -62.3542 1.75621
-38.8444 -62.2222 1.74835
-38.8133 -62.3205 1.75158
-38.7961 -62.407 1.74974
-38.8876 -62.4296 1.75528
-38.958 -62.3271 1.75373
-38.8857 -62.3234 1.74933
-38.8366 -62.4405 1.7475
-38.8353 -62.3279 1.75093
-38.7819 -62.3088 1.75159
-38.8477 -62.2874 1.75122
-38.861 -62.2809 1.75003
-38.8317 -62.3692 1.75069
-38.7741 -62.2516 1.75012
-38.8461 -62.3986 1.74784
-38.7582 -62.2825 1.75029
-38.8609 -62.3311 1.74742
-38.8954 -62.4449 1.75074
-38.8384 -62.4951 1.75385
-38.8395 -62.401 1.75193
-38.947 -62.3183 1.74908
-38.8694 -62.3252 1.75111
-38.8573 -62.4324 1.75048
-38.8074 -62.2671 1.7479
-38.9096 -62.4217 1.75292
-38.9445 -62.3406 1.75009
-38.971 -62.3535 1.74956
-38.816 -62.259 1.74954
-38.8985 -62.3204 1.75061
-38.8598 -62.3809 1.75082
-38.9529 -62.4526 1.75081
-38.926 -62.2955 1.75416
-38.8108 -62.3542 1.75389
-38.9713 -62.2802 1.74974
-38.9235 -62.4334 1.75036
-38.8585 -62.3165 1.75501
-38.9109 -62.3628 1.75042
-38.9453 -62.36 1.74973
-38.8317 -62.3402 1.74748
-38.8933 -62.3358 1.74778
-38.8891 -62.3782 1.75383
-38.9038 -62.4109 1.75003
-38.8606 -62.3109 1.7496
-38.8174 -62.3369 1.74988
-38.8099 -62.3199 1.75015
-38.7796 -62.4046 1.74982
-38.8667 -62.3911 1.74941
-38.9339 -62.3443 1.75059
-38.8611 -62.4323 1.75266
-38.8026 -62.3779 1.75002
-38.9169 -62.2334 1.74652
-38.9128 -62.3471 1.74898
-38.8401 -62.1494 1.7522
-38.7884 -62.1344 1.75135
-38.8622 -62.339 1.75339
-38.9678 -62.396 1.74842
-38.8934 -62.3326 1.74791
-38.854 -62.5115 1.75102
-38.8254 -62.3686 1.74957
-38.9195 -62.2383 1.74949
-38.9215 -62.2683 1.75045
-38.8666 -62.3625 1.74964
-38.9082 -62.1927 1.75026
-38.9969 -62.4244 1.75252
-38.8545 -62.4357 1.75474
-38.7634 -62.2937 1.75181
-38.8256 -62.3276 1.75012
-38.8178 -62.2067 1.75395
-38.824 -62.2643 1.75252
-38.8578 -62.2904 1.75061
-38.8071 -62.4125 1.74972
-38.9776 -62.3098 1.75135
-38.9109 -62.283 1.75069
-38.8654 -62.3466 1.75133
-38.7571 -62.3802 1.75242
-38.7253 -62.2684 1.75138
-38.8408 -62.3998 1.74848
-38.8645 -62.3904 1.74675
-38.873 -62.3654 1.75158
-38.9349 -62.2774 1.75159
-38.8326 -62.3413 1.74834
-38.8065 -62.4039 1.74818
-38.8559 -62.3712 1.7506
-38.8853 -62.2891 1.74965
-38.8464 -62.3949 1.75456
-38.8724 -62.279 1.74618
-38.8666 -62.3045 1.7477
-38.8044 -62.3127 1.74991
-38.7997 -62.2369 1.75194
-38.7844 -62.3318 1.74976
-38.963 -62.3476 1.74544
-38.8843 -62.3665 1.75332
-38.7836 -62.3165 1.74746
-38.7948 -62.3639 1.7488
-38.9606 -62.3537 1.74476
-38.9558 -62.2857 1.74995
-38.8347 -62.2813 1.75133
-38.8142 -62.2851 1.75393
-38.7577 -62.2771 1.74965
-38.8324 -62.3116 1.75046
-38.8989 -62.2261 1.74823
-38.9181 -62.5024 1.75369
-38.9541 -62.3384 1.75168
-38.8317 -62.3902 1.75355
-38.7951 -62.3218 1.74933
-38.8365 -62.3649 1.75079
-38.857 -62.3892 1.75171
-38.0942 -64.5219 1.76671
