95.8433 -29.4824 3.50744
96.1001 -29.429 3.51413
95.8682 -29.4337 3.50731
96.006 -29.4543 3.50722
96.0838 -29.5025 3.50772
96.0271 -29.4032 3.50738
95.9931 -29.4748 3.50886
96.1205 -29.561 3.50677
96.0296 -29.6011 3.51049
95.8809 -29.4905 3.50733
95.8862 -29.4831 3.50786
95.9347 -29.3669 3.50615
95.948 -29.5111 3.50954
96.059 -29.3642 3.50539
96.0355 -29.3869 3.50726
96.0682 -29.5121 3.51245
95.9588 -29.5076 3.51081
96.039 -29.463 3.51134
96.092 -29.4575 3.50659
95.9937 -29.4088 3.50665
95.9904 -29.4696 3.51047
96.0916 -29.3984 3.51257
96.0306 -29.4585 3.50933
96.025 -29.4263 3.50875
96.0035 -29.5524 3.50612
95.9469 -29.5503 3.50557
95.9658 -29.5106 3.50764
95.9469 -29.4277 3.50902
96.1459 -29.6064 3.50883
95.9851 -29.5193 3.50683
95.9335 -29.5693 3.50776
96.0445 -29.4259 3.50543
96.0819 -29.4366 3.5053
95.9527 -29.4217 3.5052
96.0558 -29.5476 3.50992
96.0237 -29.5528 3.51121
96.0222 -29.5327 3.51014
96.0231 -29.4165 3.50866
95.8903 -29.4574 3.5083
95.9268 -29.4151 3.51059
95.9419 -29.4232 3.50787
95.9665 -29.3823 3.50935
96.0362 -29.4834 3.50549
95.8789 -29.5476 3.50446
96.05 -29.5076 3.50713
96.0626 -29.439 3.50769
96.05 -29.5309 3.51133
95.9144 -29.4555 3.50648
96.0599 -29.5238 3.5179
95.8997 -29.5469 3.5085
95.9537 -29.3834 3.50794
96.0111 -29.5195 3.50734
95.9688 -29.4356 3.50505
96.0298 -29.4117 3.5078
96.0867 -29.4986 3.50621
95.9986 -29.466 3.5074
95.8832 -29.4106 3.51029
96.009 -29.4532 3.50845
95.9974 -29.4595 3.50715
95.9263 -29.4587 3.51177
95.8851 -29.4485 3.50637
95.9979 -29.5281 3.51213
96.0343 -29.4589 3.50847
95.9208 -29.3872 3.5064
96.0325 -29.4425 3.50625
96.0256 -29.423 3.50723
96.0224 -29.4143 3.50617
96.0908 -29.4286 3.50527
96.0164 -29.4335 3.50691
95.9827 -29.4711 3.50722
96.0146 -29.3973 3.50697
96.05 -29.5401 3.50897
95.9915 -29.4169 3.50881
96.0594 -29.4522 3.50736
95.9799 -29.4299 3.5099
96.0095 -29.4631 3.50924
96.1185 -29.3276 3.51273
95.8979 -29.435 3.50716
96.0916 -29.4645 3.50797
95.8989 -29.5168 3.50547
95.961 -29.4442 3.50884
96.0417 -29.4243 3.50744
95.9368 -29.5082 3.50995
96.0698 -29.4244 3.50782
95.9213 -29.6187 3.50834
96.0127 -29.5959 3.50909
95.9034 -29.438 3.50536
95.9951 -29.5445 3.50968
95.9623 -29.5491 3.51088
96.0442 -29.4953 3.5098
95.8987 -29.4713 3.50486
95.9664 -29.5349 3.51088
95.9319 -29.505 3.51198
96.1311 -29.4229 3.51039
95.9887 -29.4887 3.50866
95.959 -29.5022 3.51209
95.8526 -29.4791 3.50491
95.9189 -29.4107 3.50506
95.9707 -29.4612 3.51047
95.9364 -29.6195 3.50898
96.0439 -29.3707 3.50289
95.925 -29.4126 3.50675
96.0204 -29.6781 3.50188
96.0836 -29.5022 3.50243
96.0924 -29.4109 3.51047
96.0936 -29.3816 3.51061
95.939 -29.4505 3.50914
96.0069 -29.4508 3.50667
96.0971 -29.4786 3.50742
95.9812 -29.3991 3.50655
96.0579 -29.5006 3.50379
95.9222 -29.4227 3.51116
96.0995 -29.4551 3.50626
96.0099 -29.5638 3.50309
96.0237 -29.4732 3.50953
95.9785 -29.4578 3.50612
95.9574 -29.4974 3.50679
96.0336 -29.4582 3.5034
95.8886 -29.6146 3.50856
96.0242 -29.4515 3.50907
96.0732 -29.477 3.50617
96.0056 -29.5125 3.509
95.8102 -29.469 3.50967
95.902 -29.4953 3.50733
95.9941 -29.4312 3.51102
96.0915 -29.5312 3.50665
95.9418 -29.4845 3.50784
95.9797 -29.4945 3.50671
96.0817 -29.4935 3.51034
96.0846 -29.3988 3.50342
95.8351 -29.4835 3.50874
96.0709 -29.4361 3.50472
96.0647 -29.4449 3.50638
95.9054 -29.456 3.50759
95.8649 -29.4825 3.50744
96.0492 -29.4711 3.50694
95.9664 -29.397 3.50678
96.0109 -29.5087 3.50814
96.0176 -29.4136 3.50667
96.0058 -29.5213 3.51097
96.0141 -29.4167 3.50767
96.0311 -29.5755 3.50639
95.9763 -29.3862 3.5074
96.1167 -29.4239 3.51294
95.9714 -29.5036 3.50951
96.0539 -29.4649 3.50624
95.9095 -29.5926 3.50472
96.063 -29.5039 3.5111
95.9486 -29.5051 3.50624
96.0181 -29.5383 3.50859
96.058 -29.4981 3.50783
95.8617 -29.5056 3.50784
95.9488 -29.4008 3.50947
96.0347 -29.5179 3.50735
95.914 -29.5318 3.50723
96.0157 -29.5597 3.50756
95.9625 -29.4128 3.5065
96.1007 -29.4776 3.51173
96.0118 -29.5653 3.50263
95.9729 -29.4746 3.50829
96.0155 -29.4634 3.51162
95.8745 -29.4301 3.50759
95.91 -29.4936 3.50567
96.0625 -29.4367 3.50745
95.9914 -29.4863 3.5095
96.0404 -29.4505 3.5087
95.9852 -29.4864 3.51376
95.9924 -29.43 3.51034
95.9971 -29.4453 3.51001
96.0387 -29.4208 3.50609
95.9735 -29.4211 3.50338
96.1002 -29.4114 3.50658
96.0858 -29.4542 3.50891
96.0856 -29.4446 3.50591
96.0944 -29.4265 3.50723
96.0506 -29.4431 3.50642
95.9953 -29.4767 3.50573
96.0344 -29.4913 3.51047
96.0705 -29.5458 3.51088
96.0134 -29.4933 3.50935
96.0116 -29.5156 3.50398
95.935 -29.442 3.50836
96.0374 -29.5799 3.50696
95.9527 -29.5159 3.51034
96.0004 -29.5204 3.50583
95.995 -29.4524 3.50695
96.1126 -29.4728 3.50745
96.0444 -29.4708 3.50955
95.9993 -29.4917 3.5062
96.026 -29.4948 3.51518
95.8316 -29.4481 3.50373
95.8917 -29.4588 3.5077
96.0859 -29.5221 3.50908
96.0453 -29.5154 3.50679
95.9308 -29.5106 3.50482
95.981 -29.4793 3.50711
95.9978 -29.4492 3.5088
95.9555 -29.438 3.51093
95.9823 -29.479 3.50776
96.0245 -29.5535 3.50767
95.926 -29.5057 3.51035
96.0373 -29.435 3.50798
96.0649 -29.407 3.50984
95.8529 -29.3783 3.5119
95.8244 -29.4293 3.50788
96.0222 -29.4064 3.50523
96.0349 -29.4153 3.50561
96.1236 -29.5015 3.50949
95.8963 -29.5321 3.50802
96.0063 -29.3955 3.50615
96.0042 -29.4687 3.5105
96.0166 -29.4712 3.5074
96.0271 -29.4373 3.50568
96.0234 -29.3601 3.50771
96.0334 -29.4177 3.50828
96.0052 -29.4908 3.50457
95.9897 -29.5182 3.50679
96.1324 -29.3256 3.51235
95.8953 -29.4576 3.50542
96.0955 -29.5103 3.50908
96.037 -29.5647 3.50963
95.8842 -29.4712 3.50502
95.9592 -29.468 3.50994
95.943 -29.6107 3.51034
96.0412 -29.421 3.50744
95.9283 -29.439 3.50618
95.9044 -29.5208 3.5051
95.8778 -29.4846 3.50494
95.9502 -29.4875 3.50975
95.9676 -29.4821 3.50672
96.1349 -29.4821 3.51089
95.9257 -29.5137 3.50571
95.9304 -29.4737 3.50744
95.9746 -29.54 3.51111
96.0338 -29.4932 3.51067
95.9649 -29.3563 3.50732
96.0689 -29.4676 3.51028
96.0404 -29.478 3.50908
96.0253 -29.4658 3.51031
95.9543 -29.3983 3.50542
95.9304 -29.4812 3.50502
95.9339 -29.4806 3.50569
95.9363 -29.4214 3.50792
96.0279 -29.4524 3.50861
95.8881 -29.4828 3.50457
95.9136 -29.3518 3.50642
96.0934 -29.4806 3.50631
96.1013 -29.5054 3.50653
95.9418 -29.3806 3.5049
95.9809 -29.5044 3.50498
95.9343 -29.5333 3.50708
95.8816 -29.5312 3.5037
95.9768 -29.5101 3.51148
95.8945 -29.5168 3.50822
95.8671 -29.3967 3.50846
96.0215 -29.5339 3.51015
95.7988 -29.4899 3.50642
95.9906 -29.5513 3.51076
96.0936 -29.4303 3.50728
95.9157 -29.5277 3.50497
95.9805 -29.4938 3.50735
95.977 -29.4077 3.51005
95.9793 -29.4599 3.50902
96.0149 -29.4957 3.50715
96.0714 -29.484 3.51039
95.9459 -29.5787 3.50842
95.992 -29.4283 3.51192
95.9841 -29.4472 3.5126
95.9886 -29.4106 3.51004
95.9671 -29.3945 3.51084
95.9429 -29.4938 3.50521
95.8915 -29.4627 3.50537
95.9811 -29.4079 3.5083
96.0588 -29.4365 3.50854
96.0077 -29.4752 3.50537
95.987 -29.4619 3.50398
96.0364 -29.5417 3.50317
96.0865 -29.4564 3.50913
95.9987 -29.4263 3.50886
95.9428 -29.4709 3.50802
95.9714 -29.4585 3.5101
96.0574 -29.4823 3.50735
95.8407 -29.5127 3.50719
96.0716 -29.4131 3.51463
96.1478 -29.4564 3.51343
96.0498 -29.4262 3.51245
95.9105 -29.4109 3.50886
96.0763 -29.4537 3.50485
95.8878 -29.5078 3.50599
96.002 -29.4951 3.50717
96.0052 -29.5011 3.50476
96.0134 -29.443 3.50851
96.0488 -29.5359 3.51183
95.9735 -29.4617 3.50813
95.9727 -29.428 3.50824
96.0538 -29.5386 3.50712
96.0843 -29.5524 3.50836
96.0774 -29.5356 3.50945
96.07 -29.4892 3.50923
95.9347 -29.5104 3.50996
96.0886 -29.3957 3.50615
95.9691 -29.4975 3.51198
95.8638 -29.4816 3.50403
95.9404 -29.446 3.50525
96.0743 -29.4126 3.51048
95.9749 -29.3877 3.5118
96.0535 -29.4263 3.5104
95.9783 -29.5332 3.50628
95.9487 -29.4826 3.51053
95.9441 -29.4526 3.50792
96.0466 -29.4263 3.50831
96.0243 -29.4 3.51071
95.8965 -29.4918 3.50684
96.0573 -29.4629 3.50638
95.9772 -29.4917 3.50707
96.0527 -29.5576 3.51122
96.027 -29.5826 3.51285
95.9882 -29.5382 3.5103
95.9335 -29.4389 3.50753
95.9803 -29.4273 3.50974
95.9835 -29.5308 3.50752
96.0185 -29.56 3.50615
96.056 -29.4206 3.50703
96.1091 -29.6053 3.50602
95.899 -29.5615 3.50637
96.1201 -29.4714 3.50608
95.8477 -29.4867 3.50262
96.0177 -29.5689 3.50699
95.87 -29.5035 3.50692
95.823 -29.3356 3.50502
96.0448 -29.4893 3.50754
95.8198 -29.3579 3.50864
95.9462 -29.5687 3.50534
95.9022 -29.4139 3.51251
95.9124 -29.4498 3.5072
95.9621 -29.5472 3.51307
95.8411 -29.3987 3.50411
96.0666 -29.4441 3.5036
95.9753 -29.4505 3.50871
96.0817 -29.5272 3.5056
96.0928 -29.4831 3.50965
95.9062 -29.4848 3.50953
96.0904 -29.4353 3.50854
96.0587 -29.4257 3.50847
96.0121 -29.3952 3.50549
95.9998 -29.4161 3.50567
96.0648 -29.5696 3.51383
96.0224 -29.4216 3.50811
96.0282 -29.4171 3.50835
96.0775 -29.5649 3.50858
96.0229 -29.4235 3.51042
96.0077 -29.3965 3.5116
95.9687 -29.3749 3.50971
95.9832 -29.4728 3.51009
95.8877 -29.4147 3.50606
96.0066 -29.512 3.50859
96.0316 -29.5124 3.50872
96.0199 -29.5329 3.51057
96.0659 -29.5805 3.50916
95.9601 -29.3703 3.50782
96.145 -29.2718 3.51349
95.8037 -29.4916 3.50803
95.9983 -29.4379 3.5074
96.0329 -29.4136 3.50671
96.027 -29.5984 3.50909
95.9372 -29.4851 3.5057
96.0375 -29.4964 3.50549
96.0381 -29.5684 3.50618
96.0592 -29.5125 3.50978
95.947 -29.4147 3.5088
95.9756 -29.5663 3.50722
96.0754 -29.5139 3.51006
96.1128 -29.4206 3.50975
96.0716 -29.4804 3.50978
96.0929 -29.565 3.50739
96.0675 -29.5181 3.51027
95.9233 -29.5772 3.50875
95.951 -29.4216 3.51183
95.9795 -29.4691 3.51294
95.994 -29.4848 3.51009
96.0847 -29.4182 3.50677
96.0569 -29.4365 3.50934
95.8618 -29.4726 3.50509
96.0641 -29.3805 3.51072
95.9188 -29.4276 3.50899
95.8228 -29.4761 3.50461
96.0039 -29.4388 3.50711
95.9599 -29.4419 3.50634
95.8654 -29.4438 3.51408
96.0912 -29.5792 3.50652
95.9757 -29.5166 3.50746
96.0847 -29.4749 3.50476
95.8388 -29.4821 3.50532
95.9686 -29.5199 3.50779
95.9939 -29.4335 3.50974
95.9916 -29.4309 3.50647
95.9688 -29.6056 3.50666
96.0186 -29.5681 3.50895
96.1217 -29.4305 3.51002
96.098 -29.4736 3.50608
96.0459 -29.3874 3.50813
95.8029 -29.4673 3.50594
95.9418 -29.403 3.51112
95.9711 -29.3813 3.50762
95.9456 -29.4395 3.5075
96.1322 -29.5034 3.50838
95.9617 -29.5443 3.50789
95.9953 -29.4683 3.50755
96.0042 -29.5487 3.50993
96.0722 -29.4984 3.50835
96.0536 -29.4355 3.51176
95.9452 -29.4536 3.50817
95.9191 -29.4997 3.50627
95.9795 -29.474 3.51353
95.9785 -29.4507 3.50774
95.967 -29.4161 3.51118
95.9619 -29.4234 3.5067
95.9066 -29.4756 3.50637
96.0773 -29.5748 3.50693
96.115 -29.5489 3.50985
95.977 -29.5211 3.50985
96.0092 -29.5194 3.50632
96.0148 -29.4988 3.50967
95.9584 -29.568 3.51057
95.9204 -29.3131 3.50948
95.9034 -29.4086 3.50619
95.96 -29.4536 3.50633
96.0989 -29.4332 3.51284
95.8566 -29.468 3.51041
95.9347 -29.5129 3.50321
96.0772 -29.4932 3.5091
95.933 -29.5508 3.5075
96.0812 -29.4322 3.51088
96.0407 -29.5452 3.50976
96.0748 -29.5239 3.50957
95.9747 -29.3919 3.50816
96.0744 -29.565 3.50979
96.1214 -29.4359 3.50864
95.9794 -29.5089 3.51154
95.9515 -29.4737 3.51158
96.0379 -29.4087 3.50862
96.0652 -29.462 3.51026
95.9576 -29.3999 3.5083
96.1119 -29.4875 3.5066
95.9982 -29.4607 3.5097
96.0611 -29.4581 3.50952
95.9334 -29.3806 3.50769
95.9843 -29.5503 3.50521
96.0494 -29.4423 3.50719
96.0854 -29.3696 3.50918
95.9359 -29.5088 3.50883
95.9076 -29.4085 3.50641
95.9203 -29.4463 3.50882
96.0224 -29.3598 3.51158
96.0236 -29.5282 3.50669
95.9773 -29.4937 3.5076
95.9707 -29.4376 3.50744
95.8967 -29.4525 3.5057
96.0544 -29.5069 3.51071
96.0889 -29.4993 3.51105
95.9967 -29.4115 3.50791
95.9487 -29.4342 3.5097
95.9388 -29.4809 3.50752
95.9513 -29.3914 3.50974
95.9716 -29.4442 3.50935
96.0239 -29.4434 3.50693
96.0214 -29.4624 3.50867
96.031 -29.4711 3.50898
95.9984 -29.3814 3.5051
95.8956 -29.4383 3.50774
95.973 -29.4679 3.50689
96.0233 -29.5132 3.50892
96.1092 -29.5014 3.50979
95.9055 -29.5305 3.50435
96.0278 -29.5035 3.50549
95.9606 -29.4596 3.5071
95.953 -29.4959 3.5102
96.049 -29.4849 3.50746
95.922 -29.3702 3.50997
95.9966 -29.3752 3.50762
95.9079 -29.5038 3.50698
95.9548 -29.5272 3.50909
95.9605 -29.5181 3.51293
95.9808 -29.4738 3.50829
96.0642 -29.4962 3.50876
96.0436 -29.4904 3.50838
95.991 -29.5896 3.50979
95.9022 -29.3857 3.51147
95.9789 -29.4201 3.50608
96.1108 -29.502 3.50863
96.139 -29.484 3.51093
95.875 -29.3388 3.50694
96.0975 -29.5424 3.5046
96.0413 -29.3932 3.50598
95.964 -29.5472 3.50864
95.9699 -29.4303 3.50561
96.0487 -29.4265 3.50877
96.0914 -29.562 3.51057
96.0585 -29.4578 3.50493
97.6513 -28.8611 3.50991
