250.93 29.2369 0.0557545
250.945 29.2126 0.055143
251.035 29.1996 0.0488661
250.794 29.1818 0.0545579
251.007 29.2007 0.0506587
250.827 29.1949 0.0522536
250.874 29.1431 0.0560084
250.865 29.1921 0.0517021
250.932 29.2419 0.0550946
250.894 29.1561 0.0560522
251.031 29.1685 0.0531868
250.824 29.2378 0.051883
250.959 29.1101 0.0541259
251.048 29.2369 0.0496114
251.055 29.1807 0.0510238
250.928 29.2531 0.0554242
251.021 29.2487 0.0529563
250.899 29.2573 0.0553966
251.042 29.2185 0.0484453
251.031 29.2321 0.0523695
250.864 29.1612 0.0537984
250.965 29.1982 0.056551
250.871 29.2787 0.0523091
250.798 29.3069 0.0506727
250.947 29.281 0.0516117
250.809 29.1812 0.0527055
250.977 29.2114 0.0553924
250.86 29.155 0.0520151
250.888 29.2452 0.0522271
250.947 29.2747 0.0496528
251.002 29.2715 0.0595694
250.907 29.3303 0.0506783
250.939 29.2326 0.0524681
250.865 29.3422 0.0518603
250.928 29.2265 0.0538961
250.924 29.3786 0.053279
250.943 29.278 0.0537976
250.915 29.2416 0.0518543
250.825 29.2215 0.0517391
251.019 29.2222 0.0524477
251.05 29.2941 0.0530173
250.967 29.3366 0.0513198
251.006 29.1941 0.055565
251.02 29.2893 0.0544658
250.978 29.2909 0.0513992
250.982 29.2343 0.0545543
250.886 29.1965 0.0562344
250.937 29.1974 0.0507674
251.053 29.2209 0.0499746
250.928 29.233 0.054074
250.933 29.2611 0.0553763
251.005 29.251 0.0544671
250.933 29.2914 0.0521786
250.919 29.2443 0.0518776
251.006 29.2086 0.0547126
250.844 29.3022 0.0543098
251.012 29.2739 0.0568094
250.978 29.2264 0.054401
250.901 29.3121 0.0512294
250.965 29.3403 0.0518698
250.945 29.129 0.050264
251.028 29.1852 0.0515632
250.996 29.1711 0.0534111
250.949 29.1986 0.0523263
250.84 29.1782 0.0568944
250.9 29.2219 0.0535544
250.89 29.2364 0.0575984
250.93 29.2275 0.0529367
251.079 29.2414 0.0530353
251.084 29.2356 0.0518085
250.932 29.2073 0.0512517
250.961 29.2026 0.0529004
250.978 29.2657 0.0564989
250.946 29.2538 0.0544819
250.995 29.2222 0.0550985
250.921 29.1712 0.0525283
250.833 29.2773 0.0515045
250.931 29.3537 0.0523905
250.95 29.1735 0.0504187
250.948 29.2387 0.0506047
250.924 29.2629 0.0551675
250.881 29.1699 0.0490009
250.915 29.1164 0.0551992
250.897 29.2221 0.0544398
250.974 29.2338 0.0500947
250.909 29.2112 0.0508732
251.062 29.2602 0.050755
250.919 29.1356 0.0556156
250.905 29.1907 0.0488657
250.868 29.3322 0.0513961
250.998 29.1704 0.0579844
250.932 29.2797 0.0545118
250.963 29.2365 0.053873
250.927 29.2042 0.054221
250.909 29.2742 0.0555348
250.923 29.2619 0.0552201
250.865 29.3141 0.056892
250.95 29.2663 0.052557
250.977 29.1334 0.0521563
251.004 29.143 0.055653
250.953 29.1468 0.0529686
250.931 29.3164 0.0559423
250.949 29.1551 0.0559165
250.876 29.1958 0.0547284
250.899 29.2448 0.0540489
250.946 29.2277 0.0513464
250.973 29.1674 0.0555529
251.021 29.2315 0.0521711
251.007 29.1926 0.055109
251.042 29.2816 0.0532951
250.932 29.2269 0.0565004
250.929 29.1813 0.0526962
250.879 29.2575 0.0546134
250.906 29.1646 0.052072
250.886 29.2971 0.0558297
250.793 29.2407 0.054425
250.975 29.1866 0.0499631
250.915 29.2746 0.0519404
250.942 29.1664 0.0527755
250.926 29.1566 0.0540802
250.906 29.227 0.0542464
251.006 29.171 0.0542211
250.949 29.1889 0.0559411
250.986 29.2299 0.0506533
250.938 29.1545 0.0510972
251.01 29.1434 0.0534037
250.913 29.2415 0.0545069
250.939 29.3184 0.052416
250.925 29.211 0.0551028
250.92 29.2391 0.0517646
250.973 29.2568 0.0517648
250.858 29.244 0.058127
250.875 29.281 0.0562523
250.934 29.3466 0.0506762
250.977 29.1957 0.0533415
251.046 29.1131 0.0537541
250.837 29.2156 0.0538638
250.886 29.2718 0.0520102
251.028 29.2367 0.0536225
251.011 29.1648 0.0554982
250.908 29.1646 0.0544376
250.878 29.2018 0.0550004
250.909 29.1955 0.0551576
250.993 29.1767 0.0514919
250.961 29.1644 0.0544778
250.948 29.1357 0.0488715
250.973 29.2519 0.0559471
250.951 29.205 0.0556048
250.919 29.1651 0.0541052
250.996 29.2661 0.0506392
250.898 29.1379 0.0522309
250.938 29.1315 0.0532845
250.921 29.2484 0.0556822
250.934 29.1774 0.0538278
250.988 29.3089 0.0542929
250.947 29.1864 0.0554592
251.015 29.1596 0.0524122
250.865 29.0507 0.0530333
250.794 29.2122 0.0560173
250.951 29.2235 0.0545926
250.911 29.3196 0.053688
251.042 29.239 0.0487804
250.867 29.2192 0.0554275
250.99 29.2042 0.055206
250.903 29.169 0.0551906
250.863 29.2291 0.0534969
250.895 29.1712 0.0523899
250.883 29.2633 0.0541026
250.907 29.2571 0.0538359
250.916 29.1867 0.0540246
250.944 29.271 0.0534988
250.935 29.2398 0.0515031
251.012 29.2528 0.0524062
251.037 29.3242 0.0514413
251.002 29.2227 0.0508099
250.817 29.2902 0.051859
250.984 29.3826 0.0514642
250.993 29.2732 0.0548253
250.99 29.233 0.0542009
250.945 29.0431 0.0525547
251.007 29.2124 0.0512639
250.846 29.22 0.0571675
250.903 29.2585 0.0551808
250.989 29.2979 0.0534838
251.009 29.306 0.0549186
251.033 29.1868 0.0508275
251.012 29.286 0.0529665
250.952 29.2159 0.0505218
250.891 29.1999 0.0553827
250.868 29.2265 0.0556646
250.95 29.1293 0.0517333
250.909 29.2022 0.0550785
250.984 29.2175 0.0529887
250.964 29.2449 0.0523066
251.01 29.1587 0.053527
250.953 29.2907 0.0567376
250.977 29.2076 0.0521575
250.98 29.319 0.0544318
250.919 29.0759 0.0538371
250.914 29.2838 0.0570081
250.998 29.229 0.0543974
250.886 29.2418 0.051664
250.981 29.1872 0.0504375
250.897 29.2082 0.0505069
250.922 29.2886 0.0519576
250.948 29.2496 0.0506421
250.944 29.2233 0.0582451
251.055 29.235 0.05313
250.911 29.221 0.0507573
250.955 29.2734 0.0513914
250.94 29.2476 0.0555133
250.931 29.2504 0.0555594
250.999 29.3344 0.0538924
250.913 29.3238 0.0514541
250.975 29.241 0.0502506
250.83 29.0953 0.052467
250.95 29.206 0.0515214
250.879 29.3206 0.0532116
250.887 29.3106 0.0534203
250.897 29.3844 0.0547707
251.033 29.1482 0.0560218
250.984 29.1531 0.0509367
250.994 29.2563 0.0517282
251.003 29.1748 0.0506131
250.953 29.1293 0.051278
250.926 29.3087 0.052277
250.956 29.3558 0.0524592
250.968 29.2243 0.0570939
250.891 29.2698 0.0505596
250.879 29.2529 0.0533163
250.929 29.2911 0.0524872
250.904 29.2898 0.0537276
250.903 29.2622 0.0517583
250.949 29.244 0.0513376
250.933 29.2171 0.0530595
250.918 29.1437 0.0514434
250.914 29.2456 0.0491523
250.979 29.1797 0.05523
250.897 29.211 0.0516264
250.91 29.2325 0.0560219
250.937 29.3204 0.0571883
250.938 29.1441 0.0537767
250.913 29.2442 0.052823
251.02 29.0674 0.0538313
250.943 29.1607 0.0561445
250.978 29.2155 0.0571195
250.979 29.1685 0.0519045
250.947 29.2441 0.0528046
250.791 29.2186 0.0513231
250.88 29.2376 0.0560134
250.816 29.2786 0.0527441
250.905 29.217 0.0547617
250.86 29.2734 0.0528994
250.932 29.1538 0.052907
250.951 29.172 0.0486236
250.999 29.2422 0.0520993
250.879 29.2958 0.0546801
250.946 29.2276 0.0522474
250.962 29.082 0.0523731
250.925 29.1543 0.0538145
250.757 29.2042 0.0526763
250.866 29.1626 0.0525299
250.925 29.2087 0.0537092
250.876 29.246 0.0530796
250.905 29.1957 0.0494219
250.939 29.2149 0.0516472
250.933 29.1606 0.0532719
250.988 29.2809 0.0498611
250.958 29.3484 0.0508324
251.03 29.1792 0.0518626
250.871 29.2146 0.054937
251.025 29.1938 0.0532033
250.956 29.2058 0.0544686
250.948 29.1907 0.0554858
250.945 29.213 0.0540758
250.868 29.2243 0.0548496
250.905 29.1693 0.0538554
250.965 29.1117 0.0487862
250.982 29.2688 0.0533342
250.938 29.1709 0.0513439
250.855 29.305 0.0505382
250.995 29.195 0.0506895
251.092 29.1285 0.0554561
250.952 29.2506 0.0524988
250.948 29.3693 0.0566421
250.838 29.3659 0.0503155
250.947 29.1965 0.0577535
250.943 29.2241 0.049825
250.887 29.2014 0.0549034
250.943 29.2863 0.0544671
250.92 29.2044 0.0528438
250.904 29.2634 0.0580319
250.926 29.2027 0.055144
250.994 29.2548 0.0494526
250.852 29.3077 0.0530894
250.887 29.1823 0.054798
251.032 29.1379 0.0554157
250.978 29.257 0.0519318
250.953 29.2249 0.0529667
250.988 29.2548 0.0543868
250.953 29.2611 0.0523353
251.029 29.2106 0.0524821
251.006 29.2291 0.0538623
250.913 29.2328 0.0561749
251.041 29.2108 0.0501367
250.992 29.2291 0.0531284
250.977 29.2282 0.055929
250.871 29.3101 0.051858
250.935 29.3033 0.0538987
250.944 29.2218 0.051152
251.015 29.2481 0.05429
250.94 29.2886 0.0490042
250.921 29.2285 0.0554456
250.944 29.3049 0.0571012
250.969 29.3086 0.0578552
250.966 29.306 0.0498539
250.927 29.214 0.0505531
250.897 29.2782 0.0502853
250.853 29.1523 0.0550514
250.856 29.2222 0.0535126
250.873 29.2954 0.0563519
250.847 29.334 0.0538621
250.872 29.1207 0.0530537
250.998 29.2305 0.0533506
250.855 29.2979 0.0534248
250.944 29.3921 0.0510308
251.044 29.1649 0.0564797
250.963 29.3043 0.0528466
250.952 29.3363 0.0507132
250.942 29.273 0.0510968
250.905 29.2887 0.0547153
250.957 29.2159 0.052489
250.95 29.1973 0.0510501
250.868 29.2225 0.0586772
250.951 29.2841 0.0520794
251.027 29.1966 0.0515932
251.013 29.2354 0.0542771
250.875 29.2733 0.0558881
250.913 29.1016 0.0530168
250.927 29.2164 0.0514142
250.91 29.1373 0.0544134
250.988 29.2502 0.0503441
250.9 29.3061 0.0528671
250.914 29.244 0.0538857
250.984 29.1692 0.0538068
250.919 29.322 0.0534132
250.944 29.2898 0.0512002
250.968 29.2999 0.0560857
250.93 29.2998 0.0555237
250.95 29.1341 0.0542641
250.885 29.1369 0.0533573
250.987 29.2665 0.0540136
250.995 29.2343 0.0527185
250.974 29.255 0.0521406
250.971 29.2352 0.0537398
251.024 29.1753 0.0539718
250.926 29.1979 0.057126
250.901 29.3182 0.0521842
250.959 29.1846 0.0520792
250.896 29.2265 0.0551249
251.047 29.2621 0.0534709
250.953 29.232 0.0516113
250.984 29.2083 0.0512798
250.96 29.2426 0.0522497
251.021 29.2821 0.0548256
250.98 29.2426 0.0545035
250.979 29.2511 0.0542614
250.89 29.2338 0.0550837
250.936 29.2364 0.0556232
250.999 29.2886 0.0519374
250.918 29.2702 0.0503439
250.803 29.1654 0.0524299
250.885 29.2923 0.0507856
250.967 29.1958 0.0550405
250.975 29.1409 0.048273
250.963 29.2532 0.0533814
250.816 29.1319 0.0545091
250.945 29.1752 0.0563407
250.93 29.1825 0.0507593
250.909 29.2209 0.0498755
250.931 29.1066 0.0520137
250.97 29.0787 0.0524101
251.013 29.2849 0.0558596
250.978 29.2103 0.0591514
250.869 29.249 0.0512568
250.931 29.2189 0.0543172
251.003 29.2619 0.0545982
250.948 29.293 0.0536483
250.993 29.2724 0.05365
250.986 29.2702 0.0539065
250.918 29.2322 0.0504738
250.959 29.2103 0.0537115
250.974 29.1986 0.0552227
250.905 29.2472 0.053729
250.961 29.2612 0.0524117
250.929 29.2743 0.0506847
250.949 29.2683 0.0518452
250.945 29.1721 0.0495948
251.026 29.1045 0.0555237
250.969 29.1946 0.0555951
251.013 29.179 0.0562851
250.904 29.2553 0.048591
250.858 29.2234 0.0505851
250.954 29.2128 0.0507334
250.877 29.1973 0.0551488
250.949 29.1848 0.0547405
250.928 29.2317 0.0527588
250.869 29.2435 0.0552097
250.858 29.1765 0.0511205
250.908 29.1784 0.0523348
250.994 29.1911 0.0533156
250.96 29.2451 0.0531026
250.912 29.2061 0.0526992
250.905 29.167 0.053074
250.971 29.1831 0.0521871
250.983 29.2863 0.0512593
250.971 29.1882 0.0514196
250.902 29.1281 0.0547541
250.979 29.1868 0.0529822
251.025 29.2015 0.0540196
251.063 29.2192 0.0542499
250.955 29.2051 0.0562593
250.944 29.3349 0.0513245
250.869 29.2496 0.0554496
250.897 29.2967 0.0529778
250.864 29.2557 0.0520993
250.836 29.2668 0.0570024
250.988 29.1444 0.0547285
251.024 29.1387 0.0529672
250.981 29.1962 0.0524935
251.052 29.1507 0.0532317
250.895 29.2507 0.0506822
250.993 29.2317 0.053338
250.969 29.1631 0.054307
250.969 29.1601 0.0497345
250.986 29.2524 0.0512506
250.832 29.2316 0.0531267
250.89 29.2158 0.0514599
250.932 29.1589 0.0518436
250.931 29.2647 0.0555149
250.866 29.2288 0.0530593
250.951 29.1963 0.0519104
250.907 29.3544 0.0558171
250.963 29.1893 0.0557095
251 29.2426 0.0489607
250.987 29.1259 0.0559728
250.947 29.2805 0.0533444
250.85 29.2599 0.0493128
250.964 29.1758 0.054241
250.963 29.1654 0.0534078
251.037 29.2185 0.0518631
250.946 29.2607 0.0535578
251.016 29.2294 0.0524953
250.957 29.2184 0.0555021
250.901 29.2313 0.0548568
250.897 29.1272 0.0551081
250.889 29.1615 0.0533488
251.045 29.2557 0.0490247
250.923 29.2359 0.0580929
250.983 29.2385 0.0559496
251.062 29.2758 0.0488781
250.888 29.2326 0.0507814
250.851 29.1886 0.0519139
250.905 29.1571 0.0545086
250.865 29.1402 0.0547721
250.882 29.2339 0.0565419
251.01 29.3191 0.0487154
250.881 29.2258 0.0500572
250.924 29.2636 0.0504785
250.933 29.3063 0.053068
251.022 29.3204 0.049998
250.939 29.2483 0.0502038
250.915 29.2632 0.0549768
250.891 29.3879 0.0551314
250.875 29.298 0.0508024
250.87 29.2129 0.0548673
251.021 29.2792 0.0526152
251.057 29.2969 0.0499126
250.978 29.3189 0.0527606
250.91 29.2033 0.0529968
251.011 29.2279 0.054072
251.036 29.2663 0.0560559
250.941 29.2722 0.0539426
250.864 29.234 0.0542593
250.94 29.2232 0.0529243
250.918 29.2755 0.0536346
250.884 29.1919 0.0514286
250.85 29.1666 0.0517462
251.072 29.1985 0.0520566
250.95 29.1692 0.0530652
250.924 29.1831 0.0508348
250.918 29.2448 0.0564983
251.028 29.196 0.0524023
250.972 29.213 0.0547463
250.928 29.2127 0.0541625
250.881 29.2509 0.0543512
251.011 29.1634 0.0551267
251.002 29.309 0.0562876
250.993 29.3096 0.0564343
249.274 26.7197 0.0280363
