63.8836 14.8204 0.101749
63.8225 14.8301 0.105355
64 14.8133 0.107585
63.9393 14.7744 0.107712
63.9186 14.9638 0.105865
63.8686 14.9435 0.101986
63.8783 14.9459 0.102215
63.9173 14.8599 0.105122
63.729 14.8557 0.107891
63.8741 14.8991 0.102065
63.8666 14.8802 0.10543
63.8151 14.8731 0.107193
63.7997 14.8301 0.104391
63.768 14.8385 0.101539
63.8653 14.8303 0.102558
63.862 14.8373 0.10254
63.8812 14.8842 0.106839
63.9942 14.8934 0.105643
63.9396 14.8902 0.103924
63.7908 14.8271 0.105355
63.7915 14.8226 0.105441
63.9028 14.9863 0.105209
63.9101 14.988 0.105099
63.8535 14.8091 0.102219
63.8648 14.8481 0.105454
63.7405 14.7822 0.102433
63.9505 14.8123 0.105568
63.7953 14.9076 0.106741
63.8728 14.9306 0.104765
63.8186 14.8652 0.105976
63.8199 14.86 0.105949
63.948 14.8893 0.107316
63.842 14.9406 0.103946
63.7094 14.8952 0.107166
63.7661 14.8492 0.102503
63.764 14.8455 0.1034
63.9655 14.9016 0.103732
63.8776 14.9413 0.102566
63.8791 14.9396 0.1025
63.8553 14.8712 0.107226
63.8732 14.8329 0.105783
63.8754 14.7569 0.103353
63.9679 14.8543 0.101109
63.8627 14.7563 0.104948
63.8932 14.8849 0.106004
63.844 14.9473 0.103589
63.827 14.987 0.103266
63.8327 14.9877 0.10349
63.9403 14.836 0.105833
63.9118 14.881 0.104349
63.9082 14.8855 0.10428
63.9082 14.8532 0.106434
63.9174 14.7819 0.107215
63.917 14.935 0.106958
63.8422 14.7309 0.106542
63.7755 14.8465 0.104834
63.904 14.9092 0.105692
63.8698 14.8356 0.103115
63.7138 14.9655 0.103523
63.8426 14.8063 0.105799
63.8405 14.7992 0.100688
63.7823 14.9326 0.106802
63.8082 14.8604 0.105116
63.8444 14.9476 0.103915
63.9578 14.8629 0.107347
63.8846 14.8211 0.103351
63.8584 14.8548 0.103253
63.9252 14.8268 0.103928
63.8999 14.9538 0.107845
63.9272 14.9388 0.104207
63.852 14.7596 0.104755
63.8781 14.8738 0.107284
63.9075 14.9167 0.104664
63.769 14.8376 0.105222
63.7712 14.8002 0.105941
63.8487 14.7665 0.104677
63.8562 14.8803 0.100238
63.8201 14.9088 0.104466
63.7978 14.9426 0.105527
63.8346 14.8258 0.104209
63.8661 14.8119 0.103524
63.8344 14.8857 0.104749
63.8912 14.8816 0.105204
63.8447 14.839 0.105819
63.8344 15.0581 0.105171
63.9057 14.9425 0.105133
63.8709 14.9102 0.104807
63.875 14.9068 0.104742
63.7419 14.9172 0.104397
63.8169 14.8918 0.106689
63.8794 14.9804 0.10298
63.8492 14.8725 0.104748
63.6846 14.9236 0.104306
63.9329 14.8811 0.103939
63.8849 14.9545 0.104536
63.916 14.8789 0.104467
63.7816 14.8893 0.103762
63.909 14.809 0.105221
63.8642 14.8076 0.105223
63.7698 14.7556 0.102193
63.7904 14.8849 0.106584
63.8933 14.8096 0.10165
63.9084 14.923 0.103279
63.9005 14.8807 0.108348
63.8415 14.8671 0.10644
63.8716 14.8726 0.103116
63.8463 14.955 0.102617
63.8728 14.821 0.103998
63.8938 14.9405 0.10359
63.8454 14.9189 0.103868
63.9295 14.8305 0.106881
63.8432 14.9192 0.10102
63.8535 14.8395 0.108202
63.7996 14.9078 0.104367
63.9425 14.8997 0.104355
63.8333 14.826 0.107978
63.8627 14.9076 0.107727
63.9074 14.8323 0.104421
63.9252 14.8915 0.107443
63.8584 14.9608 0.105459
63.8327 14.9073 0.104445
63.837 14.9126 0.104227
63.8456 14.9619 0.106679
63.8698 14.8906 0.10573
63.8723 14.8914 0.105581
63.8713 14.8876 0.105782
63.861 14.864 0.105534
63.8872 14.8209 0.100381
63.8912 14.8048 0.103873
63.7616 14.9795 0.103854
63.9232 14.8938 0.10592
63.7864 14.7608 0.106211
63.9759 14.8681 0.104851
63.7882 14.9488 0.106365
63.7894 14.9163 0.105075
63.8064 14.9085 0.104516
63.853 14.8338 0.10403
63.9237 14.8205 0.106298
63.8777 14.9235 0.0995558
63.8522 14.773 0.107439
63.9227 14.9603 0.105919
63.9445 14.9284 0.104823
63.8768 14.9485 0.10197
63.9225 14.8606 0.105191
63.9331 14.8522 0.104625
63.7805 14.8288 0.107056
63.9724 14.9891 0.105575
63.9672 14.9864 0.105674
63.8816 14.8215 0.104838
63.873 14.8227 0.104839
63.942 14.8853 0.104032
63.9374 14.8055 0.10419
63.8426 14.9026 0.106917
63.9064 14.9916 0.105199
63.8581 14.7522 0.103728
63.9152 14.917 0.101848
63.8508 14.905 0.106211
63.8993 14.8267 0.104633
63.9433 14.8227 0.105392
63.8997 14.9308 0.105986
63.8652 14.9745 0.107598
63.8785 14.929 0.104588
63.8964 14.9072 0.107838
63.9457 14.8467 0.104947
63.7676 14.8495 0.102691
63.9357 14.799 0.101317
63.8749 14.9447 0.102461
63.8967 14.7579 0.102654
63.853 14.8701 0.106873
63.856 14.8659 0.107095
63.817 14.8228 0.10197
63.9234 14.8901 0.106986
63.846 14.9487 0.103957
63.8515 14.9479 0.103959
63.9412 14.9773 0.101372
63.7529 14.77 0.105083
63.8751 14.8871 0.104168
63.8064 14.8323 0.104876
63.8991 14.9 0.107308
63.901 14.9007 0.107106
63.8989 14.8866 0.104234
63.9114 14.8873 0.104445
63.8205 14.8559 0.104147
63.9065 14.8538 0.106497
63.7725 14.9486 0.106763
63.8146 14.8563 0.101838
63.8199 14.8847 0.105153
63.8125 14.8815 0.105274
63.8134 14.8846 0.105394
63.8211 14.9795 0.103786
63.9198 14.8968 0.10621
63.963 14.8268 0.102171
63.9117 14.8465 0.10641
64.0163 14.9723 0.101238
63.9609 14.9823 0.104243
63.7908 14.8449 0.102483
63.8106 14.8653 0.105334
63.8089 14.8638 0.105424
63.8689 14.8167 0.104375
63.8484 14.9415 0.103989
63.8836 14.8022 0.105795
63.8925 14.8884 0.108293
63.8956 14.9501 0.107856
63.9289 14.8251 0.107009
63.8667 14.7585 0.106559
63.9153 14.9183 0.107963
63.771 14.8484 0.106443
63.777 14.8472 0.106381
63.821 14.9054 0.104474
63.7883 14.8685 0.101397
63.7967 14.9414 0.10522
63.8416 14.8422 0.103847
63.8085 14.9394 0.104998
63.8273 14.8932 0.104524
63.9071 14.7773 0.104669
63.976 14.8736 0.106475
63.848 14.8489 0.103241
63.9055 14.9523 0.105211
63.8788 14.902 0.104889
63.8799 14.9105 0.104794
63.7455 14.9195 0.104262
63.7528 14.9235 0.105895
63.8151 14.8927 0.106813
63.8544 14.8702 0.104584
63.8831 14.8668 0.105233
63.8268 14.7429 0.106572
63.8889 14.9495 0.104351
63.909 14.8844 0.104341
63.9213 14.85 0.103043
63.9794 14.8468 0.104217
63.8307 14.7775 0.101326
63.9192 14.9218 0.101508
63.8265 14.952 0.0994239
63.826 14.8774 0.101828
63.9917 14.8767 0.106602
64.0049 14.864 0.103495
63.9171 14.7768 0.101117
63.9226 14.8791 0.106087
63.7233 14.9043 0.105367
63.8704 14.8786 0.105257
63.8729 14.8708 0.1032
63.9445 14.9237 0.102495
63.8813 14.8201 0.103832
63.8302 14.8186 0.101187
63.8945 14.9421 0.103587
63.8464 14.9222 0.103705
63.9021 14.7507 0.102828
63.8855 14.8436 0.105393
63.9338 14.9021 0.104231
63.8883 14.8039 0.103121
63.8845 14.8008 0.10319
63.9394 14.7901 0.105176
63.9231 14.812 0.102137
63.8401 14.9127 0.1043
63.8708 14.772 0.10171
63.8709 14.8864 0.105562
63.8677 14.8624 0.105474
63.8616 14.8641 0.10539
63.9172 14.8168 0.103371
63.9207 14.8847 0.10606
63.9097 14.8799 0.10618
63.822 14.9353 0.105351
63.8226 14.9314 0.105534
63.8232 14.9269 0.105424
63.7922 14.9196 0.105099
63.8047 14.912 0.104533
63.8515 14.8309 0.103972
63.9464 14.7653 0.102669
63.9064 14.7545 0.104066
63.9638 14.8065 0.103001
63.8781 14.9468 0.102029
63.8666 14.9479 0.101986
63.8774 14.8931 0.1021
63.8686 14.8791 0.105394
63.9693 14.9865 0.105704
63.9692 14.9802 0.105722
63.8587 14.8319 0.102425
63.9894 14.8883 0.105596
63.9983 14.8904 0.10577
63.9059 14.9776 0.105072
63.8989 14.9814 0.105393
63.8607 14.751 0.104457
63.8482 14.9037 0.106819
63.9047 14.9888 0.105001
63.8494 14.806 0.102228
63.9338 14.8656 0.104028
63.8952 14.7629 0.104445
63.8811 14.8855 0.103849
63.7971 14.9025 0.107911
63.8716 14.9792 0.107957
63.8727 14.9317 0.104594
63.8725 14.9324 0.104637
63.8583 14.7947 0.105837
63.8361 14.9175 0.104904
63.9799 14.7393 0.1066
63.8266 14.9764 0.105611
63.9702 14.8995 0.103946
63.8521 14.9754 0.107769
63.8391 14.7818 0.106476
63.8377 14.7142 0.102731
63.8329 14.7147 0.102653
63.9695 14.8533 0.100984
63.8475 14.9478 0.103827
63.8449 14.9478 0.103925
63.9494 14.9761 0.101284
63.9434 14.9831 0.101388
63.8345 14.9895 0.103258
63.8276 14.9886 0.103287
63.7973 14.8257 0.105001
63.903 14.9003 0.107269
63.7979 14.8535 0.104553
63.9164 14.9387 0.107009
63.7798 14.9495 0.106684
63.785 14.8556 0.101519
63.8232 14.9822 0.103799
63.9075 14.9026 0.105291
63.8394 14.8213 0.107794
63.7148 14.9688 0.103571
64.0127 14.9716 0.101239
63.8408 14.7953 0.101433
63.8622 14.7924 0.103634
63.8785 14.9257 0.108679
63.8145 14.8622 0.105303
63.781 14.8637 0.102052
63.8197 14.9264 0.104186
63.8942 14.8908 0.108352
63.9204 14.9418 0.104188
63.8764 14.8678 0.107222
63.9581 14.7982 0.106978
63.8939 14.917 0.104763
63.7748 14.8529 0.106385
63.8213 14.9098 0.104081
63.7897 14.9419 0.105616
63.7939 14.94 0.105306
63.9248 14.8296 0.104482
63.8984 14.8263 0.102291
63.8082 14.9404 0.105047
63.8189 14.8513 0.103876
63.8906 14.8841 0.105106
63.9932 14.8385 0.0997769
63.8879 14.8105 0.104891
63.8409 14.8518 0.10326
63.907 14.8597 0.106749
63.9127 14.8563 0.106934
63.904 14.9536 0.105076
63.8376 14.8891 0.105919
63.8739 14.9141 0.104799
63.8281 14.8944 0.104413
63.8085 14.872 0.103312
63.8457 14.8702 0.104522
63.8844 14.8681 0.105376
63.8734 14.8633 0.105372
63.8232 14.8177 0.105077
63.8862 14.9533 0.104563
63.9162 14.8834 0.104533
63.7797 14.8814 0.104044
63.7752 14.8519 0.10495
63.839 14.9499 0.0994515
63.9168 14.8188 0.10547
63.7899 14.8811 0.106493
63.9342 14.8737 0.105458
63.9044 14.9219 0.103361
63.9014 14.8901 0.108402
63.8704 14.8736 0.105289
63.9108 14.824 0.10568
63.909 14.8212 0.105521
63.9358 14.9235 0.102806
63.8399 14.9553 0.102479
63.8343 14.8242 0.104579
63.8976 14.938 0.103604
63.8471 14.9158 0.103708
63.8447 14.9133 0.104033
63.8668 14.8613 0.104487
63.9443 14.8419 0.105019
63.9421 14.7971 0.107523
63.8335 14.8677 0.105045
63.9414 14.9003 0.104219
63.9331 14.9041 0.104571
63.885 14.7173 0.102033
63.9012 14.8343 0.104395
63.9311 14.7958 0.105305
63.8598 14.9583 0.105453
63.9442 14.8819 0.108324
63.9069 14.7328 0.107312
63.843 14.8523 0.107732
63.8594 14.8668 0.105523
63.8904 14.8078 0.103679
63.768 14.9798 0.103874
63.9098 14.8768 0.106024
63.7958 14.7592 0.106406
63.9206 14.8342 0.104892
63.7913 14.9493 0.106205
63.7978 14.9113 0.104974
63.9314 14.8882 0.109509
63.7774 14.9144 0.106312
63.7821 14.9134 0.10625
63.882 14.8214 0.101642
63.8251 14.8634 0.10664
63.9508 14.8619 0.104368
63.9432 14.8683 0.104363
63.9301 14.7705 0.10777
63.923 14.9593 0.105826
63.9472 14.9242 0.104815
63.945 14.9261 0.104617
63.8207 14.8174 0.106719
63.8798 14.9493 0.101866
63.8729 14.9474 0.102115
63.89 14.8101 0.100912
63.7862 14.8372 0.10706
63.9709 14.9852 0.105781
63.8785 14.885 0.106811
63.9869 14.8912 0.105948
63.94 14.8859 0.103979
63.842 14.962 0.105901
63.9076 14.9787 0.105294
63.8389 14.9032 0.106822
63.8492 14.899 0.107023
63.9053 14.7798 0.102803
63.9259 14.9345 0.107532
63.9093 14.9094 0.102065
63.9309 14.8725 0.103942
63.9194 14.8434 0.107802
63.8987 14.9287 0.106043
63.904 14.8483 0.104866
63.8739 14.9383 0.104777
63.8891 14.9047 0.107783
63.8897 14.9077 0.107851
63.8363 14.9207 0.104836
63.8435 14.9408 0.103983
63.8439 14.9407 0.103906
63.8707 14.8355 0.103414
63.8266 14.9733 0.105532
63.8747 14.9409 0.102592
63.8509 14.8645 0.106964
63.8718 14.8383 0.105722
63.8713 14.8305 0.105843
63.9754 14.8529 0.101387
63.8958 14.8883 0.105576
63.8876 14.8625 0.102167
63.747 14.7721 0.105042
63.8032 14.835 0.10489
63.9288 14.8181 0.101525
63.9025 14.8821 0.10443
63.9064 14.8795 0.104355
63.9132 14.7858 0.10726
63.9176 14.9335 0.106935
63.7753 14.9467 0.106874
63.7923 14.8582 0.101609
63.8173 14.8848 0.105053
63.8228 14.9893 0.103941
63.9898 14.8462 0.106661
63.8305 14.9212 0.104681
63.7109 14.9695 0.103473
63.9191 14.8095 0.108339
64.0147 14.9713 0.101172
63.9523 14.983 0.104464
63.8532 14.8339 0.100622
63.9341 14.8626 0.109222
63.8482 14.9495 0.103904
63.845 14.9436 0.104162
63.8453 14.9491 0.10395
63.8242 14.9243 0.104481
63.7699 14.8155 0.100602
63.8978 14.9514 0.107688
63.9027 14.9502 0.107872
63.9206 14.7902 0.103101
63.9624 14.7989 0.107022
63.9126 14.9257 0.108126
63.8904 14.9205 0.104653
63.907 14.8257 0.108808
63.8198 14.8957 0.104154
63.7913 14.8711 0.101368
63.8848 14.8586 0.103566
63.8619 14.8409 0.105431
63.8104 14.9425 0.104911
63.9119 14.784 0.104676
63.845 14.836 0.105748
63.8458 14.839 0.105747
63.8885 14.8131 0.10464
63.8406 15.0573 0.105122
63.9054 14.9478 0.105105
63.8934 14.8753 0.10572
63.8787 14.9093 0.104743
63.9191 14.912 0.108826
63.8756 14.9139 0.104791
63.8278 14.9498 0.10608
63.8259 14.8521 0.104588
63.8167 14.8731 0.103358
63.781 14.7771 0.1037
63.8746 14.9763 0.103105
63.8708 14.8747 0.105169
63.8304 14.8582 0.10582
63.9308 14.8833 0.10409
63.889 14.9519 0.104536
63.9221 14.8544 0.102969
63.9097 14.8041 0.105149
63.8279 14.7842 0.101365
63.9189 14.9249 0.101282
63.8353 14.9526 0.099334
61.866 15.4045 0.124501
