78.088 -36.4253 3.70713
78.0455 -36.5459 3.70851
78.1125 -36.401 3.70775
78.1104 -36.4161 3.7129
78.0938 -36.4374 3.71037
78.0686 -36.5737 3.70697
78.177 -36.5321 3.70614
78.1665 -36.4128 3.70528
78.2138 -36.4829 3.70594
78.1144 -36.4081 3.70555
78.0856 -36.3738 3.70691
78.0552 -36.4567 3.71062
78.1156 -36.3727 3.707
78.1464 -36.5516 3.70725
78.2324 -36.5412 3.70609
78.1279 -36.3257 3.71021
77.9609 -36.4749 3.7077
78.0782 -36.409 3.70777
78.126 -36.3357 3.70809
78.083 -36.452 3.70661
78.043 -36.4006 3.70803
78.0822 -36.494 3.70756
78.1103 -36.3866 3.70758
78.1187 -36.4478 3.70834
77.9032 -36.3934 3.70931
78.1024 -36.3643 3.70647
77.9923 -36.4384 3.70788
78.2239 -36.4932 3.70797
78.1558 -36.4078 3.70806
78.1131 -36.4354 3.70925
78.1086 -36.462 3.70816
78.1714 -36.4882 3.70855
78.1189 -36.4538 3.70911
78.0621 -36.4146 3.70753
78.1283 -36.3794 3.70663
78.1437 -36.488 3.70842
78.2033 -36.4165 3.7116
78.2025 -36.4726 3.71025
78.1256 -36.2834 3.70997
78.0798 -36.4438 3.71439
78.0494 -36.3943 3.70843
78.1231 -36.4621 3.70613
78.0687 -36.3961 3.71053
78.01 -36.3355 3.70582
78.1187 -36.4558 3.70734
78.1165 -36.3511 3.70932
78.0449 -36.3556 3.70763
78.0353 -36.3797 3.70954
78.1381 -36.4381 3.70873
78.2343 -36.3095 3.71228
78.1015 -36.4082 3.71056
78.0993 -36.4369 3.70696
78.1771 -36.4813 3.70538
78.0619 -36.5105 3.70894
78.1574 -36.4701 3.70544
78.1661 -36.4774 3.70793
78.2083 -36.2658 3.70838
78.1638 -36.4862 3.70921
78.067 -36.4949 3.70689
78.1546 -36.3912 3.70716
78.0475 -36.4688 3.70974
78.1071 -36.4428 3.70836
78.1885 -36.4902 3.70802
78.1512 -36.4337 3.70912
78.0725 -36.512 3.70965
78.1089 -36.3918 3.70767
78.1748 -36.4501 3.70757
78.2396 -36.4742 3.70817
78.2152 -36.4456 3.71019
78.1821 -36.423 3.70898
78.1829 -36.5106 3.71068
77.9514 -36.3537 3.70971
77.9735 -36.3968 3.70746
77.9822 -36.4437 3.7088
78.0997 -36.472 3.7081
78.1517 -36.4852 3.70368
78.1078 -36.4415 3.7063
78.0352 -36.4795 3.70523
78.1065 -36.6251 3.70833
78.1214 -36.3544 3.70895
78.1178 -36.5479 3.70677
78.1338 -36.3567 3.71012
78.1123 -36.4366 3.70908
78.125 -36.4581 3.70734
78.1493 -36.409 3.70731
78.0493 -36.4913 3.70824
78.1369 -36.527 3.70747
78.1707 -36.3766 3.70684
78.1051 -36.416 3.70734
78.149 -36.4902 3.70793
78.0607 -36.4356 3.70781
78.0869 -36.468 3.70721
78.0776 -36.4322 3.70689
78.1978 -36.4762 3.70943
78.0474 -36.3738 3.70916
78.1147 -36.3434 3.70825
78.1122 -36.4336 3.70724
78.1925 -36.4327 3.70856
78.1009 -36.519 3.70615
78.1656 -36.3639 3.70658
78.0909 -36.4972 3.70501
77.9609 -36.547 3.70674
78.1809 -36.4348 3.70198
78.0212 -36.4352 3.70965
78.0911 -36.3708 3.70674
78.1578 -36.5294 3.70799
78.099 -36.4562 3.70801
78.1516 -36.4657 3.71003
78.052 -36.4336 3.70575
78.0773 -36.4136 3.71066
78.1062 -36.4721 3.70815
78.0275 -36.411 3.70816
78.2257 -36.4283 3.70396
78.0835 -36.2879 3.70978
78.1643 -36.4222 3.70732
78.1452 -36.4504 3.70997
78.1262 -36.4002 3.70626
78.0717 -36.4258 3.70685
78.2025 -36.4413 3.7062
78.1161 -36.4591 3.70773
78.0313 -36.4467 3.71034
78.2067 -36.5023 3.70599
78.125 -36.4274 3.70875
78.1946 -36.4623 3.71054
78.0987 -36.3792 3.70733
78.0342 -36.3948 3.70573
78.141 -36.3699 3.70927
78.1348 -36.4633 3.70902
78.1067 -36.4178 3.70961
78.1541 -36.5057 3.70741
78.1579 -36.4023 3.71003
77.9814 -36.4014 3.70848
78.0837 -36.428 3.70715
78.138 -36.5349 3.70337
78.0881 -36.5313 3.70529
78.1313 -36.4206 3.70655
78.133 -36.3961 3.71055
78.1838 -36.4659 3.70805
78.1516 -36.435 3.70973
78.0577 -36.4245 3.71259
78.1631 -36.4123 3.71126
78.0898 -36.4244 3.70398
78.0855 -36.3985 3.70671
78.1177 -36.3878 3.71126
78.2379 -36.4502 3.70794
78.059 -36.369 3.70606
78.1429 -36.4997 3.70917
78.086 -36.3004 3.71099
78.1208 -36.3055 3.70696
78.1756 -36.3743 3.70548
78.1488 -36.5882 3.7073
78.0676 -36.4767 3.70719
78.0739 -36.5166 3.71018
78.1307 -36.4708 3.70902
78.0875 -36.5089 3.70618
78.0919 -36.4318 3.70809
78.1862 -36.4959 3.71214
78.1209 -36.5369 3.7103
78.1746 -36.422 3.70969
78.1406 -36.4162 3.7059
78.1532 -36.3043 3.70656
78.1632 -36.3725 3.70845
78.0737 -36.526 3.70729
78.2642 -36.4194 3.70561
78.0243 -36.4493 3.70479
78.1557 -36.4719 3.706
78.1793 -36.4746 3.70777
78.111 -36.4142 3.70641
78.06 -36.4408 3.71024
78.1387 -36.4717 3.70988
78.114 -36.4499 3.70749
78.0726 -36.3649 3.70672
78.1364 -36.4265 3.70825
78.059 -36.4327 3.70911
78.1092 -36.4305 3.71207
78.072 -36.3574 3.71073
78.2105 -36.4617 3.70852
78.122 -36.4982 3.70897
78.121 -36.5496 3.7102
78.1107 -36.3775 3.70613
78.1467 -36.2997 3.70732
78.0699 -36.5353 3.70638
78.0267 -36.4404 3.70927
78.0251 -36.432 3.71144
78.1127 -36.4388 3.70776
78.0119 -36.4639 3.70811
77.9747 -36.3833 3.7034
78.0402 -36.4264 3.70573
78.1419 -36.3588 3.70776
78.1071 -36.4223 3.70703
78.1213 -36.5091 3.70517
78.1975 -36.4701 3.70863
78.1383 -36.3758 3.70487
78.1346 -36.4966 3.70952
78.1509 -36.3604 3.70718
78.1609 -36.3513 3.70753
78.0234 -36.2885 3.70644
78.1373 -36.4632 3.70538
78.1146 -36.4368 3.7116
78.0994 -36.3911 3.70803
78.1064 -36.4386 3.70739
78.1066 -36.4488 3.7116
78.0558 -36.4133 3.71186
78.1906 -36.647 3.70829
78.1836 -36.5702 3.70788
78.1485 -36.3848 3.70689
78.0881 -36.3805 3.70511
78.0751 -36.3871 3.70841
78.0743 -36.4421 3.7115
78.1034 -36.3973 3.70693
78.1818 -36.3614 3.70766
78.1951 -36.3576 3.7091
77.9668 -36.5458 3.70809
78.017 -36.4328 3.70862
78.131 -36.4874 3.70404
78.1192 -36.4971 3.70843
78.1065 -36.4174 3.709
78.148 -36.4889 3.70973
78.0953 -36.4654 3.7088
78.134 -36.33 3.70668
78.1299 -36.4143 3.70589
78.0535 -36.4431 3.70644
77.9649 -36.4357 3.70868
78.0363 -36.3879 3.70773
78.0656 -36.4116 3.7065
78.1201 -36.3247 3.70687
78.154 -36.3726 3.71029
78.0441 -36.3289 3.70665
78.1072 -36.3964 3.70594
78.136 -36.4013 3.70655
78.1072 -36.4441 3.70803
78.0096 -36.5757 3.70647
78.1983 -36.4127 3.70943
78.0201 -36.474 3.70928
78.1386 -36.4585 3.70873
78.1442 -36.4363 3.7073
78.1206 -36.3986 3.71016
78.1269 -36.4588 3.70812
78.1281 -36.4906 3.7068
78.1309 -36.4137 3.71026
78.1491 -36.4221 3.70723
78.115 -36.3679 3.70645
78.2088 -36.4735 3.70581
78.1076 -36.4574 3.7075
78.2303 -36.4174 3.70944
78.1854 -36.3568 3.70931
78.1627 -36.4245 3.70825
78.1767 -36.4409 3.70627
78.0399 -36.4487 3.70941
77.9755 -36.4273 3.70586
78.0632 -36.3597 3.70732
78.163 -36.5266 3.70776
78.1215 -36.4798 3.70855
78.1341 -36.3984 3.71009
78.2243 -36.4546 3.71014
78.0528 -36.453 3.70994
78.1986 -36.4269 3.70813
78.1212 -36.4256 3.70783
78.1794 -36.3105 3.70658
78.0121 -36.3006 3.70831
78.1401 -36.4918 3.71029
78.1016 -36.4192 3.70684
78.114 -36.3934 3.70719
78.1797 -36.3796 3.70735
78.1552 -36.4881 3.70477
78.0407 -36.4353 3.71249
78.0561 -36.3475 3.70925
78.0347 -36.4905 3.70472
78.1203 -36.4153 3.70909
78.068 -36.4691 3.7072
78.1357 -36.5003 3.70662
78.2001 -36.3892 3.70766
77.984 -36.4806 3.7081
78.1093 -36.4471 3.70705
78.0895 -36.3897 3.706
78.0824 -36.4022 3.70745
78.1282 -36.4094 3.70914
78.1239 -36.423 3.70611
78.1801 -36.4186 3.71144
77.9793 -36.4832 3.71
78.1234 -36.2928 3.7073
78.1492 -36.3988 3.70716
78.1095 -36.3248 3.70892
78.1386 -36.4032 3.70797
78.1189 -36.4674 3.70628
78.1272 -36.4653 3.7086
78.146 -36.4957 3.70606
78.2273 -36.3391 3.70847
78.1254 -36.3714 3.70662
78.0448 -36.4145 3.71089
78.1083 -36.4491 3.71073
78.1155 -36.4457 3.71024
78.1847 -36.3391 3.70542
78.0646 -36.3708 3.70834
78.0739 -36.3498 3.70842
78.1246 -36.504 3.70642
77.9934 -36.3603 3.70734
78.055 -36.3627 3.70942
78.0375 -36.3769 3.70949
78.241 -36.3335 3.71205
78.0741 -36.4099 3.70522
78.2484 -36.3524 3.70655
78.1226 -36.4752 3.71119
78.0729 -36.5369 3.70898
78.078 -36.456 3.70812
78.0504 -36.382 3.70998
78.1979 -36.4486 3.70831
78.1469 -36.4307 3.70829
78.0461 -36.4772 3.7094
77.9667 -36.4674 3.70829
78.0687 -36.3925 3.70694
78.1611 -36.4255 3.71018
78.1993 -36.3697 3.70637
78.1916 -36.4181 3.71094
78.152 -36.3307 3.70712
78.1246 -36.4867 3.70988
78.1084 -36.3673 3.70915
78.1537 -36.4065 3.70948
78.1243 -36.4776 3.70804
78.1089 -36.351 3.70625
78.1189 -36.3943 3.70936
78.0974 -36.5073 3.70816
77.9699 -36.4016 3.70728
77.9709 -36.4248 3.70646
78.1872 -36.3861 3.70467
77.9731 -36.4269 3.70697
78.069 -36.5015 3.70641
78.0297 -36.4167 3.70786
78.0662 -36.4883 3.7066
78.1554 -36.4845 3.7085
78.12 -36.4597 3.70767
78.0883 -36.3904 3.71044
78.0427 -36.6202 3.70957
78.186 -36.5952 3.70732
78.1557 -36.3648 3.70741
78.1078 -36.4666 3.70609
78.2263 -36.4768 3.70792
78.173 -36.4724 3.70606
78.0974 -36.4024 3.71143
78.0731 -36.4367 3.71062
78.1397 -36.3755 3.71241
78.0587 -36.3204 3.70822
78.1636 -36.507 3.70725
78.1641 -36.5354 3.70777
78.1535 -36.4767 3.7068
78.1389 -36.5187 3.70663
78.1298 -36.3794 3.70736
78.1507 -36.501 3.70656
78.0803 -36.4246 3.7075
78.0778 -36.4603 3.71021
78.1324 -36.3846 3.70779
78.024 -36.4048 3.70761
78.104 -36.4763 3.70775
78.0667 -36.3957 3.70644
78.199 -36.4057 3.70651
78.1073 -36.3954 3.71041
78.0894 -36.4113 3.70946
78.0579 -36.5079 3.70453
78.064 -36.5364 3.70523
78.2317 -36.4803 3.70614
78.1139 -36.4646 3.71003
78.1519 -36.4206 3.70602
78.1207 -36.341 3.70935
78.0631 -36.361 3.70874
78.1012 -36.3573 3.71034
78.0744 -36.4473 3.70934
78.0094 -36.5662 3.70616
78.0489 -36.5234 3.7058
78.1143 -36.4431 3.70622
78.045 -36.4267 3.71128
78.1292 -36.4354 3.70804
78.1416 -36.4599 3.70829
78.1037 -36.3242 3.70994
78.0181 -36.3746 3.70738
78.1814 -36.4 3.70863
78.0246 -36.3934 3.70997
78.0618 -36.4399 3.70864
78.1347 -36.4514 3.70756
78.1886 -36.4418 3.70934
78.1433 -36.4273 3.70721
78.0484 -36.5095 3.70204
78.0442 -36.471 3.70838
78.0708 -36.4603 3.70686
78.0334 -36.4376 3.71
78.1367 -36.4371 3.70703
78.2074 -36.5239 3.70624
77.9275 -36.4531 3.70506
78.1147 -36.3573 3.70614
78.084 -36.4348 3.70824
78.1344 -36.4092 3.7076
78.1664 -36.4306 3.70852
78.1345 -36.4568 3.70946
78.0326 -36.4418 3.70868
78.1647 -36.3838 3.71079
78.1636 -36.4499 3.70963
78.1293 -36.5339 3.7075
78.1292 -36.3914 3.70634
78.0913 -36.3991 3.70806
78.1627 -36.5199 3.70713
78.1175 -36.4356 3.70804
78.0795 -36.3603 3.70728
78.078 -36.5316 3.70821
78.1764 -36.4077 3.70709
78.154 -36.4479 3.70678
78.1572 -36.5078 3.70672
78.1127 -36.4268 3.7075
78.111 -36.4241 3.70948
78.1075 -36.3558 3.70775
78.1279 -36.3045 3.70893
78.1615 -36.4885 3.70567
78.1752 -36.3734 3.70523
78.113 -36.4692 3.70736
78.0841 -36.3917 3.70712
78.1646 -36.4988 3.7075
78.0614 -36.5006 3.70555
78.0568 -36.4287 3.70826
78.0468 -36.4196 3.70809
78.0314 -36.4558 3.70703
78.0355 -36.3221 3.70599
78.1418 -36.3911 3.70453
78.1481 -36.397 3.70815
78.1838 -36.3496 3.70699
78.0329 -36.5575 3.70653
78.093 -36.4928 3.71077
78.0532 -36.4161 3.71042
78.0271 -36.4605 3.70897
78.1588 -36.3902 3.70536
78.2307 -36.5013 3.7091
78.0209 -36.5354 3.70588
78.1811 -36.4037 3.70701
78.1362 -36.3435 3.70833
78.0486 -36.3659 3.70923
78.0839 -36.3152 3.70705
78.1572 -36.4105 3.70847
78.312 -36.5625 3.70926
78.2214 -36.3515 3.70898
78.1791 -36.489 3.7075
78.1533 -36.4288 3.71043
78.1954 -36.5314 3.70902
78.1393 -36.4882 3.70435
77.9696 -36.4849 3.70487
78.1477 -36.5536 3.70814
78.0836 -36.4745 3.70983
78.2168 -36.3927 3.70788
78.1114 -36.4221 3.70515
78.218 -36.4131 3.70931
78.1777 -36.4344 3.7098
78.1823 -36.4452 3.70984
78.0836 -36.4843 3.70812
78.0857 -36.4002 3.70822
78.1008 -36.4353 3.71023
78.1225 -36.4669 3.70729
78.0537 -36.4581 3.70835
78.1179 -36.4184 3.70869
78.1403 -36.4794 3.70938
78.1666 -36.4602 3.70889
78.0897 -36.4657 3.7067
78.1566 -36.478 3.70368
78.2056 -36.3512 3.70639
78.0555 -36.4765 3.70722
78.124 -36.4302 3.70914
78.1608 -36.4055 3.71106
78.0346 -36.4599 3.71119
78.1511 -36.6041 3.7109
77.9853 -36.3642 3.70793
78.045 -36.4549 3.70791
78.1367 -36.472 3.70783
78.1027 -36.4468 3.70672
78.1559 -36.4705 3.70672
78.1322 -36.3558 3.70904
78.2098 -36.4685 3.70592
78.2261 -36.4958 3.70546
77.9794 -36.5029 3.70731
78.0674 -36.4405 3.70856
78.1262 -36.4113 3.70872
78.1009 -36.4646 3.70632
78.0558 -36.5399 3.70609
78.1086 -36.4168 3.70748
78.074 -36.3829 3.70916
78.0895 -36.4238 3.70937
78.1033 -36.3405 3.70621
78.0671 -36.516 3.70718
78.1589 -36.4767 3.70608
78.1749 -36.5244 3.70559
78.2154 -36.4419 3.70562
78.116 -36.4586 3.70696
78.157 -36.4754 3.70682
78.1623 -36.4725 3.70992
78.0188 -36.457 3.70929
78.116 -36.418 3.70502
78.1673 -36.366 3.70254
78.1263 -36.4513 3.70696
78.0239 -36.4679 3.70823
78.0686 -36.4138 3.70812
78.1013 -36.3545 3.70921
78.1183 -36.3687 3.71073
78.1037 -36.4271 3.70745
78.1483 -36.4218 3.70929
77.9788 -36.3902 3.70796
78.9733 -39.3547 3.70704
