11.3439 6.86868 0.248049
11.4051 6.80378 0.24747
11.4361 6.98965 0.249506
11.4273 6.86933 0.251481
11.4601 6.84684 0.250745
11.3928 6.84373 0.251918
11.2829 6.8841 0.248564
11.4115 6.90794 0.251514
11.354 6.87633 0.250423
11.2393 6.77657 0.25238
11.4131 6.8165 0.248815
11.2743 6.93916 0.251954
11.2708 6.72292 0.248959
11.3786 6.88776 0.24999
11.3641 6.86871 0.249329
11.3195 6.94749 0.251252
11.4411 6.87652 0.247487
11.4586 6.85363 0.250429
11.345 6.77592 0.245335
11.4475 6.84208 0.248202
11.4842 6.82685 0.247475
11.4487 6.81941 0.250237
11.2593 6.7562 0.249743
11.4445 6.90029 0.250555
11.4754 6.88169 0.247661
11.3972 6.79626 0.248217
11.4781 6.84343 0.247662
11.3014 6.82178 0.246897
11.395 6.83897 0.247631
11.3344 6.88389 0.251783
11.3699 6.89847 0.251262
11.3533 6.94197 0.251159
11.346 6.89513 0.247145
11.385 6.92141 0.245908
11.3313 6.82798 0.249772
11.3851 6.86594 0.250076
11.322 6.87092 0.25136
11.434 6.80213 0.247146
11.4141 6.81149 0.247737
11.4713 6.85247 0.245669
11.4382 6.81426 0.247707
11.3707 6.75009 0.250132
11.3211 6.85686 0.252565
11.3081 6.78346 0.25287
11.3025 6.6767 0.247733
11.4225 6.80469 0.249807
11.2612 6.88671 0.250835
11.3345 6.87078 0.250175
11.3456 6.86423 0.248451
11.4296 6.8143 0.251724
11.4747 6.78247 0.248891
11.3531 6.96855 0.251015
11.3664 6.91191 0.25112
11.3296 6.84474 0.247011
11.2989 6.82701 0.249639
11.3536 6.80257 0.248513
11.4196 6.8594 0.248712
11.2812 6.85557 0.249326
11.4002 6.85624 0.249935
11.4439 6.90408 0.250198
11.4547 6.87712 0.249859
11.338 6.79922 0.249498
11.3522 6.82386 0.248924
11.435 6.85804 0.246152
11.5115 6.9396 0.251057
11.3945 6.86973 0.250637
11.3321 6.80713 0.24692
11.3801 6.84197 0.251793
11.4107 6.87716 0.249688
11.3354 6.81006 0.252479
11.3991 6.85836 0.248302
11.4232 6.87512 0.251478
11.4573 6.96918 0.248939
11.3607 6.84618 0.248214
11.438 6.77719 0.248303
11.3949 6.78235 0.2488
11.3536 6.83707 0.248927
11.3905 6.88406 0.250876
11.2693 6.73497 0.249013
11.3279 6.92697 0.251242
11.3424 6.85027 0.248325
11.2695 6.93801 0.249558
11.3202 6.85983 0.250862
11.3415 6.90071 0.248969
11.3855 6.82571 0.246669
11.4245 6.82186 0.251113
11.3931 6.84646 0.247934
11.4207 6.89375 0.250144
11.4129 6.83328 0.247986
11.3876 6.80769 0.248431
11.3411 6.8737 0.250297
11.404 6.81712 0.248855
11.3803 6.83114 0.248028
11.3125 6.84665 0.252226
11.3387 6.89488 0.251477
11.35 6.96691 0.250477
11.2846 6.90022 0.251237
11.3273 6.82808 0.250777
11.4463 6.96628 0.248103
11.3353 6.76403 0.251272
11.3583 6.75485 0.250127
11.3873 6.72351 0.248044
11.3313 6.84243 0.250295
11.4462 6.90837 0.246855
11.3003 6.75708 0.252687
11.3591 6.73496 0.250042
11.2856 6.81354 0.246729
11.3676 6.91922 0.248552
11.4182 6.91672 0.249893
11.4631 6.88975 0.247149
11.3786 6.90943 0.249604
11.4219 6.9487 0.24832
11.4279 6.7411 0.245436
11.3943 6.84756 0.250446
11.4392 6.82784 0.250879
11.3877 6.76031 0.249514
11.3473 6.87899 0.245485
11.3738 6.90459 0.252119
11.4118 6.81798 0.252054
11.3423 6.73606 0.251992
11.2862 6.76243 0.249137
11.2605 6.90995 0.247415
11.3931 6.92228 0.250413
11.4109 6.91974 0.250711
11.4782 6.85833 0.251931
11.4392 6.9494 0.249914
11.4383 6.88234 0.249505
11.4302 6.80125 0.246731
11.4534 6.84741 0.249174
11.3889 6.83751 0.248318
11.3232 6.93531 0.250815
11.3144 6.83374 0.252659
11.384 6.87148 0.248408
11.3582 6.70963 0.248023
11.4262 6.90947 0.248316
11.3014 6.76662 0.252423
11.5296 6.81888 0.25055
11.3339 6.81282 0.252175
11.3861 6.91966 0.247457
11.3682 6.7886 0.25202
11.3721 6.81879 0.251341
11.2893 6.85548 0.249035
11.4112 6.85115 0.252701
11.4378 6.80249 0.246147
11.3914 6.87296 0.246897
11.5105 6.95192 0.24864
11.4179 6.77902 0.248631
11.4615 6.81303 0.248869
11.4174 6.78789 0.248793
11.4477 6.90948 0.247745
11.4634 6.89979 0.249453
11.2935 6.8384 0.251322
11.4199 6.88483 0.247139
11.3406 6.7997 0.248417
11.4574 6.78773 0.249544
11.4782 6.88637 0.250396
11.3461 6.78721 0.251156
11.3909 6.93035 0.248994
11.3326 6.90509 0.249115
11.4352 6.87907 0.248283
11.5053 6.71037 0.247922
11.3443 6.88629 0.250353
11.3829 6.89132 0.248283
11.3239 6.88566 0.250111
11.4322 6.81281 0.248539
11.3149 6.85557 0.251836
11.3559 6.91046 0.252657
11.3953 6.89464 0.251233
11.3322 6.86446 0.24822
11.4211 6.75302 0.247217
11.4807 6.73542 0.248556
11.3868 6.94024 0.252483
11.3802 6.77554 0.244293
11.3101 6.92424 0.25038
11.4144 6.84274 0.247903
11.3651 6.91492 0.245768
11.3489 6.88682 0.250912
11.2697 6.83085 0.247851
11.3436 6.79668 0.248772
11.4084 6.86648 0.24822
11.3138 6.90645 0.246451
11.3146 6.9799 0.250121
11.2521 6.81146 0.247695
11.3726 6.88066 0.247888
11.3502 6.8843 0.252712
11.4606 6.79948 0.250465
11.3752 6.85364 0.248473
11.3722 6.84431 0.247531
11.3957 6.84814 0.246679
11.4499 6.81523 0.251607
11.3785 6.87829 0.250198
11.3353 6.93696 0.24708
11.3763 6.9553 0.247537
11.4049 6.7818 0.249519
11.26 6.84311 0.248019
11.4094 6.77141 0.248604
11.4096 6.7104 0.251345
11.3348 6.81493 0.247628
11.405 6.81754 0.246672
11.3483 6.92731 0.249917
11.4496 7.01737 0.247247
11.5498 6.77938 0.248397
11.2568 6.89295 0.247586
11.3185 6.79522 0.252168
11.3668 6.85316 0.25129
11.3928 6.84528 0.25152
11.3126 6.79861 0.252083
11.3669 6.93309 0.250745
11.3346 6.84685 0.252177
11.3659 6.74507 0.248597
11.3524 6.75187 0.246551
11.3259 6.71948 0.248871
11.3643 6.86684 0.247928
11.3482 6.9079 0.251514
11.3882 6.98298 0.24915
11.39 6.98347 0.247196
11.3075 6.8212 0.250971
11.4048 6.92575 0.24843
11.3536 6.83863 0.24615
11.3828 6.87537 0.251049
11.4191 6.91335 0.251133
11.4495 6.84664 0.249616
11.3872 6.77731 0.247749
11.4322 6.81826 0.248114
11.4825 6.94772 0.25082
11.4453 6.89082 0.251204
11.3765 6.81204 0.251148
11.4985 6.82009 0.252262
11.3909 6.83576 0.249298
11.4096 6.83256 0.248359
11.4099 6.84605 0.2488
11.1987 6.86709 0.252965
11.3743 6.85639 0.248386
11.3576 6.80888 0.2503
11.2875 6.91746 0.250105
11.358 6.88049 0.249302
11.2641 6.99449 0.250345
11.4002 6.85185 0.248623
11.4235 6.84184 0.247941
11.3111 6.96837 0.250712
11.1992 6.951 0.248628
11.4178 6.94949 0.251048
11.4126 6.81405 0.253183
11.2793 6.89127 0.24829
11.357 6.82953 0.249441
11.3349 6.76921 0.247672
11.5064 6.79015 0.247597
11.4595 6.76597 0.25014
11.4167 6.88869 0.250025
11.279 7.00395 0.250584
11.4037 6.84075 0.249861
11.4117 6.72398 0.24708
11.3376 6.89843 0.245832
11.3589 6.82663 0.250039
11.4223 6.95027 0.252999
11.3776 6.89707 0.244084
11.3631 6.87112 0.24813
11.3732 6.81651 0.247445
11.3926 6.94007 0.249344
11.3534 6.83615 0.250015
11.362 6.76205 0.25116
11.5526 6.76552 0.249881
11.3158 6.85987 0.250422
11.2678 6.8351 0.250616
11.2593 6.85601 0.252589
11.4191 6.8385 0.250119
11.2827 6.92112 0.251047
11.4272 6.85468 0.249124
11.4829 6.79324 0.247441
11.4461 6.79686 0.250074
11.4651 6.90307 0.249217
11.4522 6.91065 0.248606
11.378 6.8619 0.247933
11.4141 6.83009 0.248908
11.3496 6.88707 0.24877
11.3083 6.88373 0.250993
11.346 6.82927 0.25007
11.3865 6.99414 0.247246
11.3403 6.91078 0.248567
11.3262 6.769 0.249249
11.3421 6.81348 0.250328
11.2737 6.88886 0.251641
11.4051 6.76854 0.24892
11.3962 6.84239 0.250888
11.4164 6.92975 0.25071
11.4513 6.8361 0.246063
11.4485 6.88378 0.246405
11.4256 6.83818 0.24507
11.3883 6.88844 0.248697
11.3223 6.73093 0.253171
11.4456 6.8172 0.250968
11.3312 6.88382 0.250597
11.2477 6.77836 0.251923
11.3783 6.81777 0.250696
11.2679 6.85762 0.249994
11.308 6.80149 0.250984
11.4878 6.7553 0.251101
11.2332 6.92103 0.248566
11.4572 6.92234 0.249272
11.4341 6.87985 0.250114
11.2632 6.91015 0.251368
11.3194 6.84762 0.247661
11.4196 6.78963 0.248807
11.2917 6.78058 0.249279
11.3976 6.88862 0.247295
11.4235 6.88253 0.252471
11.4727 6.81576 0.250356
11.3368 6.79801 0.250316
11.3933 6.79783 0.248765
11.4299 6.86685 0.246816
11.4276 6.79811 0.248471
11.3947 6.81653 0.250568
11.281 6.95017 0.248171
11.4179 6.93839 0.248425
11.3698 6.78431 0.249432
11.2817 6.81126 0.247917
11.4355 6.86864 0.250492
11.3157 6.75332 0.249191
11.3347 6.87166 0.249273
11.398 6.88226 0.249205
11.374 6.82895 0.247134
11.3374 6.895 0.249466
11.3971 6.76283 0.248366
11.3979 6.82453 0.248867
11.3807 6.90067 0.250353
11.3056 6.89558 0.249644
11.3041 6.83013 0.249841
11.3077 6.8364 0.250587
11.4031 6.80119 0.247526
11.2501 6.90974 0.251502
11.2937 6.90761 0.25104
11.4143 6.79284 0.249635
11.2822 6.77376 0.249328
11.312 6.79921 0.247578
11.2844 6.90213 0.252785
11.3766 6.80538 0.25185
11.3818 6.82162 0.249951
11.316 6.89274 0.251058
11.4725 6.80363 0.248332
11.3918 6.81201 0.247821
11.3393 6.83848 0.25077
11.287 6.82619 0.251204
11.3764 6.91557 0.247306
11.4841 6.86586 0.247955
11.376 6.91856 0.251999
11.3114 6.89625 0.251639
11.344 6.82425 0.252111
11.3399 6.87676 0.249589
11.3897 6.89183 0.249244
11.3396 6.85404 0.24921
11.378 6.89725 0.250393
11.4055 6.85835 0.251821
11.3184 6.79282 0.250765
11.427 6.93276 0.245983
11.2912 6.78266 0.250023
11.4259 6.81399 0.247772
11.422 6.91034 0.248454
11.3907 6.94225 0.251071
11.2822 6.87227 0.251537
11.3874 6.81758 0.248603
11.3865 6.91627 0.248949
11.3688 6.67753 0.249666
11.3909 6.72576 0.247355
11.3843 6.87782 0.250536
11.3689 6.79172 0.248405
11.3932 6.81926 0.252314
11.4234 6.88719 0.249566
11.4253 6.65981 0.246517
11.3409 6.78317 0.249168
11.4173 6.78383 0.250174
11.2935 6.71211 0.24845
11.3269 6.91794 0.250099
11.3268 6.91995 0.25216
11.4152 6.89542 0.249336
11.3532 6.80241 0.247033
11.422 6.83763 0.246964
11.4155 6.93614 0.249695
11.2816 6.77768 0.247254
11.3557 6.81746 0.248838
11.3236 6.92406 0.251078
11.3648 6.90096 0.249659
11.3409 6.80874 0.248601
11.3456 6.79674 0.24936
11.3196 6.95301 0.247196
11.4126 6.77164 0.247993
11.3183 6.97293 0.249149
11.3175 6.80916 0.25299
11.35 6.74647 0.250245
11.2996 6.90491 0.249545
11.3017 6.85439 0.250372
11.3064 6.9052 0.250141
11.4069 6.77659 0.248095
11.403 6.82266 0.247143
11.3994 6.81578 0.246372
11.4403 6.85034 0.247712
11.2739 6.88667 0.246168
11.3598 6.92605 0.24953
11.4108 6.95393 0.248606
11.4797 6.994 0.246755
11.3299 6.90925 0.251886
11.3917 6.93728 0.249399
11.4032 6.79454 0.249371
11.4696 6.72911 0.248287
11.4233 6.83795 0.249022
11.4661 7.02062 0.246938
11.3029 6.88362 0.248726
11.3486 6.78902 0.25026
11.3677 6.86823 0.245947
11.5228 6.75919 0.247073
11.4737 6.71518 0.246184
11.2756 6.87967 0.251772
11.3211 6.88172 0.249494
11.3688 6.86641 0.245865
11.2313 6.90975 0.250647
11.2513 6.90756 0.251218
11.4125 6.8482 0.249307
11.2845 6.90998 0.249936
11.4517 6.776 0.250784
11.4571 6.73279 0.248406
11.5164 6.77176 0.246947
11.3394 6.92097 0.24908
11.3556 6.93033 0.249281
11.4471 6.73491 0.247571
11.3861 6.85353 0.24869
11.4074 6.77618 0.248727
11.3746 6.81546 0.248483
11.3002 6.86228 0.250939
11.2557 6.85081 0.247612
11.3803 6.78019 0.247225
11.4035 6.87758 0.247991
11.4001 6.92409 0.249873
11.2384 6.83859 0.24901
11.4041 6.8818 0.247065
11.5201 6.9231 0.249781
11.3363 6.91479 0.252873
11.3846 6.78938 0.250088
11.3016 6.84118 0.246727
11.4045 6.86315 0.247398
11.3892 6.85085 0.247378
11.3898 6.79692 0.251949
11.4448 6.79286 0.250917
11.3547 6.92662 0.249351
11.4098 6.87506 0.250021
11.5107 6.91628 0.247814
11.3847 6.79807 0.247458
11.3516 6.80039 0.249355
11.2283 6.82989 0.249648
11.2327 6.83447 0.248042
11.4362 6.86277 0.248904
11.4893 6.79497 0.247261
11.3107 6.91469 0.250878
11.4667 6.75714 0.248197
11.3978 6.67781 0.247829
11.288 6.91762 0.250502
11.2802 6.83149 0.251096
11.3681 6.86709 0.252255
11.3964 6.86496 0.252799
11.3295 6.89027 0.250818
11.3275 6.85664 0.24721
11.3668 6.88401 0.246447
11.4033 6.86354 0.24603
11.4081 6.84352 0.246901
11.3852 6.78673 0.246398
11.3214 6.82329 0.245778
11.3844 6.86252 0.248279
11.3938 6.80265 0.248508
11.3435 6.943 0.24761
11.3701 6.93233 0.247131
11.3938 6.80498 0.252278
11.398 6.85384 0.25028
11.3762 6.92593 0.249143
11.4184 6.86303 0.248108
11.3917 6.82783 0.248382
11.4494 6.8078 0.252367
11.4538 6.83605 0.250543
11.3108 6.8566 0.252489
11.3696 6.79696 0.251059
11.4222 6.83716 0.249853
11.436 6.8544 0.248859
11.427 6.81947 0.247873
11.2472 6.8571 0.25235
11.389 6.82404 0.249239
11.3604 6.92828 0.247704
11.3038 6.99119 0.249044
11.4989 6.77904 0.248397
11.2825 6.73556 0.246697
11.3726 6.86344 0.250164
11.4101 6.77536 0.249076
11.2824 6.90295 0.253641
11.3741 6.82498 0.249758
11.4267 6.8064 0.248128
11.4081 6.92018 0.249177
11.4268 6.81449 0.252288
11.3921 6.963 0.249761
11.3035 6.70894 0.249505
11.2975 6.88883 0.250261
11.4045 6.92397 0.248841
11.3419 6.95886 0.251715
11.3234 6.94679 0.251567
10.2134 9.61689 0.23403
