134.959 -16.9138 3.38835
135.084 -16.9866 3.39013
135.065 -16.9713 3.38855
135.095 -16.8894 3.38901
135.185 -16.9714 3.38841
135.007 -16.8792 3.39011
135.063 -16.9113 3.38736
135.036 -16.9635 3.39039
134.981 -16.9532 3.38979
134.91 -17.0933 3.38793
134.98 -16.8929 3.38803
134.866 -16.8217 3.38888
135.019 -16.9647 3.39015
134.976 -16.9495 3.38568
134.917 -16.7959 3.38924
135.061 -16.842 3.38887
135.005 -17.0169 3.39253
134.975 -16.807 3.38907
134.87 -16.852 3.38878
134.939 -17.0738 3.38752
134.959 -16.8974 3.38853
135.01 -16.8721 3.38834
135.044 -16.9454 3.39078
135.138 -17.048 3.39267
134.938 -16.9265 3.38848
135.065 -17.0092 3.38895
134.901 -16.8606 3.38632
134.858 -17.0028 3.38744
134.961 -16.9253 3.39257
135.025 -16.7945 3.38974
134.922 -16.8517 3.38843
134.97 -17.0067 3.39018
135.003 -17.0222 3.38775
135.066 -17.029 3.38736
135.07 -16.9659 3.38999
134.984 -16.9271 3.38772
134.975 -16.8912 3.39083
134.919 -16.9713 3.38784
135.05 -17.0564 3.3875
134.861 -17.0398 3.39009
134.951 -16.9441 3.38884
135.006 -16.9282 3.39097
134.956 -16.8908 3.38734
135.025 -16.9541 3.39046
134.977 -16.9823 3.38832
135.002 -16.854 3.39014
135.003 -16.9868 3.38878
135.002 -16.8775 3.39147
135.077 -16.9541 3.39309
135.145 -17.0086 3.3933
135.056 -16.935 3.39085
134.865 -16.8786 3.38797
135.063 -16.9822 3.38861
134.943 -16.9858 3.38831
135.093 -16.9343 3.39141
134.977 -16.8956 3.38773
134.937 -16.9714 3.38559
134.927 -16.9047 3.39212
135.07 -16.859 3.39033
135.027 -16.7819 3.38937
135.059 -16.9775 3.38949
135.032 -16.9497 3.38587
135.021 -16.9614 3.39021
135.057 -16.9663 3.39192
135.047 -16.848 3.38851
135.054 -16.9913 3.38946
135.085 -16.9209 3.38849
135.073 -16.7977 3.38913
135.024 -16.9641 3.38869
134.927 -16.8943 3.38712
135.052 -17.0164 3.3873
135.009 -17.0616 3.38634
135.029 -16.972 3.38685
134.89 -16.9047 3.38655
135.021 -16.9377 3.38907
134.975 -16.9357 3.38835
135.073 -16.9124 3.38914
135.014 -16.8527 3.38865
134.999 -16.9453 3.39112
135.054 -16.9322 3.38817
135.011 -16.9608 3.39117
134.995 -16.8189 3.38794
135.073 -16.9945 3.38961
135.118 -17.1164 3.39035
134.95 -16.9698 3.38964
134.907 -16.9302 3.38921
134.968 -16.9995 3.38792
134.957 -16.9771 3.39029
135.068 -16.9278 3.38959
134.979 -16.9484 3.38788
135.022 -16.901 3.38698
135.091 -16.9712 3.388
135.063 -17.0348 3.38542
135.042 -17.0703 3.38363
135.04 -16.9705 3.3861
134.946 -16.9628 3.38863
135.131 -16.9866 3.38644
135.026 -17.0628 3.39049
135.111 -16.963 3.39021
135.052 -16.8982 3.39077
134.966 -16.8515 3.38918
134.924 -16.9996 3.38315
135.04 -17.0457 3.38964
135.071 -17.0046 3.38358
134.928 -16.9102 3.38805
135.093 -16.941 3.39138
134.951 -16.8617 3.38616
135.075 -16.9628 3.38695
135.084 -17.0085 3.38564
134.995 -16.9785 3.38725
134.856 -16.9985 3.38704
134.978 -16.9435 3.3883
135.091 -16.842 3.39199
134.864 -16.9836 3.38883
135.077 -16.9512 3.39007
134.968 -16.9053 3.3889
135.047 -16.8636 3.38971
134.993 -16.9121 3.3853
135.003 -16.8461 3.38821
134.924 -17.0177 3.38823
135.06 -16.9669 3.39019
134.96 -16.9514 3.38862
135.068 -16.9509 3.39053
134.952 -17.007 3.38772
135.038 -16.9186 3.39243
135.059 -16.9666 3.39267
135.049 -16.9367 3.38777
135.157 -16.9195 3.38822
135.136 -16.9366 3.38993
135.056 -16.8493 3.38549
135.006 -16.81 3.39012
134.982 -16.9496 3.38889
134.997 -16.9661 3.38732
135.036 -16.9506 3.38837
135.02 -17.0188 3.38908
134.876 -16.8505 3.38958
135.009 -16.871 3.39132
135.048 -17.1262 3.38661
135.023 -17.0129 3.39158
135.025 -16.9308 3.38918
135.016 -16.9362 3.38877
135.005 -16.9165 3.38839
135.082 -16.8998 3.38818
134.979 -16.9355 3.38547
134.952 -16.9557 3.38887
134.928 -16.9408 3.38653
135.001 -16.8816 3.38921
134.952 -16.9695 3.38421
134.906 -16.9146 3.38812
134.987 -16.9365 3.38899
134.915 -16.9849 3.38687
134.908 -16.9161 3.38629
134.998 -16.9534 3.39018
134.993 -16.9201 3.39297
134.867 -16.9475 3.39136
134.992 -16.8603 3.39073
135.06 -16.957 3.39334
134.95 -16.9019 3.39174
134.935 -17.0441 3.38745
135.047 -16.9679 3.39398
135.017 -16.9479 3.38947
134.935 -16.9664 3.38598
135.035 -16.9567 3.39004
134.934 -16.9948 3.3881
135.029 -16.9643 3.38869
134.879 -17.0055 3.38721
134.93 -16.9306 3.39047
135.032 -16.9714 3.39013
135.025 -16.871 3.38847
135.027 -16.9105 3.38887
135.081 -16.8335 3.3901
134.962 -16.8736 3.38956
134.904 -16.936 3.38963
134.993 -16.985 3.38953
134.881 -17.0356 3.3889
134.891 -17.0704 3.38657
135.048 -17.0377 3.38494
134.992 -16.8422 3.38854
135.061 -16.9661 3.39088
135.041 -16.9466 3.38897
135.029 -16.8818 3.38908
134.841 -16.9974 3.39199
135.025 -16.9499 3.39023
135.094 -16.9957 3.389
135.018 -17.0302 3.38606
134.995 -16.8541 3.38908
135.083 -16.872 3.38969
135.019 -16.9084 3.3906
135.093 -16.9674 3.39298
135.053 -16.9452 3.38814
135.154 -16.9568 3.38872
134.988 -16.878 3.38881
134.969 -16.8865 3.38782
134.904 -16.943 3.38822
135.014 -17.0372 3.38771
135.055 -16.9194 3.3901
134.934 -17.0085 3.38584
135.049 -17.05 3.38624
135.13 -17.0041 3.38838
135.029 -16.9938 3.38554
135.031 -17.0205 3.38795
134.924 -16.8279 3.38942
134.93 -17.0087 3.38862
135.114 -16.9425 3.39134
135.013 -17.0008 3.38825
135.036 -16.8865 3.38567
134.992 -16.9293 3.39192
134.917 -16.8988 3.38732
135.085 -17.0751 3.38959
135.027 -16.9007 3.38882
134.912 -16.9771 3.38756
134.918 -16.9883 3.38645
135.004 -16.9453 3.38951
134.955 -17.0596 3.38771
134.941 -16.9949 3.38697
135.038 -16.9877 3.38826
135.103 -16.9133 3.39102
135.05 -16.9629 3.39064
134.911 -16.9228 3.38813
134.997 -17.0247 3.38688
134.964 -16.9566 3.39084
134.969 -16.9585 3.38687
134.98 -16.9907 3.38987
134.935 -16.9315 3.38784
134.942 -16.9283 3.39399
134.923 -16.9542 3.38732
135.006 -17.0095 3.38873
135.102 -17.0476 3.38304
135.031 -16.9956 3.38599
135.025 -16.9607 3.3822
134.954 -16.9723 3.38791
134.94 -16.9291 3.38963
134.976 -16.9164 3.3894
135.057 -16.8623 3.39083
135.13 -16.9226 3.39046
134.874 -17.0551 3.3884
134.913 -16.8808 3.38891
135.083 -16.9208 3.3885
134.973 -16.9151 3.38629
134.966 -16.9232 3.39104
135.024 -16.9923 3.38669
134.984 -16.8946 3.3865
135.025 -16.9533 3.39032
135.049 -16.9401 3.38776
135.05 -17.1289 3.39144
134.957 -17.1206 3.38905
134.978 -16.9032 3.38698
135.029 -16.9492 3.38819
135.126 -16.9035 3.3905
134.988 -16.8777 3.38783
135.02 -16.8957 3.38991
134.999 -16.892 3.38742
134.949 -16.9833 3.38875
135.033 -17.0188 3.38557
135.049 -16.9626 3.38828
134.943 -16.9498 3.38917
135.001 -16.997 3.38932
135.01 -16.9292 3.39139
135.07 -16.9131 3.39055
134.997 -16.8996 3.39038
135.014 -17.0033 3.38721
134.992 -17.0034 3.3892
134.965 -17.0009 3.38714
135.087 -16.8821 3.3885
135.076 -16.9425 3.38987
135.051 -16.9353 3.38886
134.928 -16.9615 3.38828
135.032 -16.9458 3.38911
134.986 -16.9405 3.3871
135.061 -17.012 3.39088
134.968 -16.9396 3.39055
135.031 -16.9256 3.38821
135.026 -16.9588 3.3862
135.02 -16.9174 3.38634
135.088 -16.9709 3.38589
134.92 -16.8569 3.38955
135.031 -16.9089 3.39056
134.952 -16.8624 3.38566
134.927 -17.0117 3.38914
135.047 -17.0477 3.38962
134.953 -16.9345 3.38907
134.91 -16.9245 3.38672
134.888 -17.021 3.38897
135.12 -16.9441 3.39232
134.947 -16.8592 3.38952
135.068 -16.8829 3.38886
135.082 -16.8395 3.38925
134.983 -16.8768 3.38602
135.099 -17.1377 3.38516
135.072 -17.0296 3.39021
134.848 -17.01 3.38815
135.103 -16.8496 3.39051
135.053 -17.0131 3.3868
135.074 -16.9532 3.3913
135.039 -16.8824 3.38978
135.025 -16.9644 3.39212
135.092 -16.9415 3.39028
135.052 -16.8877 3.38639
134.985 -16.9239 3.39044
135.064 -16.9099 3.3921
135.038 -16.8998 3.38814
135.028 -16.9094 3.38741
134.983 -17.0677 3.38848
135.037 -17.1284 3.3877
134.949 -16.9108 3.38585
134.94 -17.0274 3.38778
134.947 -16.8956 3.38757
135.044 -17.0021 3.3868
134.944 -16.9494 3.38692
135.011 -16.9296 3.38882
134.973 -16.8991 3.38819
135.042 -17.0258 3.38543
135.021 -16.9121 3.38963
135.11 -16.9155 3.38713
135.008 -16.9857 3.39002
134.859 -17.0658 3.38639
135.043 -16.8776 3.38875
134.929 -16.9459 3.38674
135.106 -17.077 3.38948
134.905 -16.9546 3.38673
135.004 -16.9501 3.39122
134.988 -17.0093 3.38796
135.039 -16.9865 3.39022
135.095 -16.9357 3.38647
135.027 -16.94 3.38492
135.04 -17.0724 3.38935
135.113 -16.9021 3.39157
135.003 -16.8897 3.3876
134.992 -16.9709 3.38815
135.006 -16.9642 3.389
135.067 -16.9721 3.38957
134.937 -16.9116 3.3882
134.981 -16.9315 3.38582
134.996 -16.8978 3.3906
135.031 -17.0075 3.38957
134.929 -17.0006 3.38827
135.048 -16.9372 3.38578
135.077 -16.9946 3.39192
135.014 -16.8519 3.39408
134.949 -16.8519 3.38702
134.976 -16.8438 3.38757
135.087 -16.7901 3.38813
135.044 -17.0057 3.38698
134.837 -16.9597 3.3888
135.036 -16.8786 3.38992
135.103 -16.9686 3.3918
135.052 -16.9177 3.39075
135.063 -17.0204 3.38599
135.041 -16.9683 3.39051
135.038 -16.9521 3.38862
135.012 -16.8614 3.39064
135.002 -16.9436 3.39249
135.064 -16.914 3.38899
134.98 -16.9309 3.38794
134.958 -16.8909 3.38987
134.927 -16.8877 3.38502
135.045 -16.9831 3.38732
135.044 -16.9079 3.38935
135.098 -16.975 3.38777
135.014 -17.0109 3.38948
134.97 -16.8683 3.38902
135.067 -16.8864 3.3885
135.018 -16.9687 3.38562
135.093 -17.0363 3.38667
135.022 -16.9453 3.39098
134.979 -16.9742 3.38826
135.029 -16.942 3.3872
135.006 -16.8527 3.39118
135.112 -16.977 3.38925
134.874 -16.9166 3.3893
135.004 -16.9514 3.38565
135.01 -16.9274 3.38738
134.943 -17.0165 3.38875
134.924 -16.9158 3.38794
134.964 -16.9386 3.3859
134.892 -16.9087 3.39003
134.975 -16.8961 3.3898
135.018 -16.9696 3.38692
135.015 -16.9681 3.38758
134.956 -16.9171 3.38908
134.967 -16.9913 3.387
134.887 -16.9478 3.3841
135.046 -16.9832 3.38448
135.036 -16.8288 3.39109
135.054 -16.9442 3.3874
135.128 -16.9587 3.39122
135.095 -16.8761 3.39113
134.902 -16.9017 3.38732
134.949 -16.9849 3.38932
134.966 -17.0122 3.38824
135.001 -16.9835 3.39053
135.062 -17.0361 3.39043
135.011 -16.92 3.38906
134.988 -16.9584 3.3876
134.915 -16.9998 3.38953
135.032 -16.9063 3.38999
134.926 -17.023 3.3864
134.994 -16.8178 3.3889
135.018 -16.9738 3.38772
135.093 -16.7575 3.38921
134.977 -16.918 3.38569
134.969 -17.0169 3.38725
135.114 -16.9541 3.39249
135.097 -16.8751 3.39166
135.046 -16.8799 3.38956
135.045 -17.0099 3.38603
135.051 -16.9121 3.389
134.942 -16.9703 3.39042
134.994 -16.9926 3.39032
135.029 -16.8524 3.38946
134.999 -16.9059 3.38684
135.003 -16.9706 3.38875
134.833 -17.1443 3.38789
135.063 -16.9109 3.38948
135.029 -16.9254 3.3906
135.016 -16.9755 3.39052
134.967 -16.9194 3.38623
135.086 -16.963 3.3904
135.001 -17.0654 3.38968
134.944 -17.0048 3.38917
135.03 -16.9255 3.38956
135.183 -16.8984 3.38927
135.125 -16.9096 3.3897
134.959 -17.007 3.38921
134.938 -16.9272 3.39008
135.005 -16.8917 3.38972
135.044 -16.9396 3.39063
134.983 -16.9019 3.39205
135.106 -16.9614 3.38796
135.115 -16.8593 3.38961
135.047 -16.9363 3.38651
135.061 -16.972 3.38831
134.975 -16.9069 3.3872
134.939 -16.9294 3.39175
135.04 -16.9461 3.39036
134.992 -16.8598 3.38977
135.067 -16.8272 3.3854
134.927 -16.9578 3.389
135.046 -16.9111 3.38862
134.989 -16.9186 3.38933
135.037 -16.9093 3.38916
135.112 -17.1353 3.3903
135.059 -16.9941 3.39057
134.963 -16.9252 3.38993
134.96 -16.8072 3.39019
135.017 -16.9822 3.38727
135.049 -16.9411 3.38651
134.858 -16.8328 3.38999
134.868 -17.0178 3.39002
135.117 -17.0054 3.39023
134.966 -16.9087 3.38516
134.945 -16.9086 3.38704
135.014 -16.9787 3.38874
134.973 -17.0272 3.38594
134.832 -16.8841 3.38769
135.002 -16.9734 3.39129
134.996 -16.8989 3.38678
134.98 -16.938 3.38727
134.925 -16.907 3.39008
134.932 -16.8804 3.38617
135.029 -16.9361 3.39312
135.07 -16.9494 3.38998
135.013 -16.9274 3.38914
135.033 -16.9514 3.38876
134.931 -16.9429 3.38393
135.016 -17.0717 3.39127
134.989 -16.9337 3.39059
134.934 -16.9039 3.3878
135.071 -16.937 3.39239
135.113 -16.9394 3.3934
135.03 -16.937 3.39083
134.927 -16.9186 3.38593
135.021 -16.9223 3.38939
135.053 -16.9074 3.38782
135.023 -16.9119 3.39071
135.148 -16.9553 3.38799
135.101 -16.9274 3.38672
135.007 -16.8826 3.38839
135.063 -16.8779 3.3925
135.037 -16.9508 3.38684
134.985 -16.9366 3.39091
135.049 -17.0395 3.38969
135 -16.8624 3.38749
135.026 -16.9902 3.38863
135.097 -16.9771 3.38721
135.061 -16.8662 3.38829
134.964 -17.0068 3.38599
134.87 -16.9521 3.3858
135.037 -16.9743 3.38516
134.978 -16.9756 3.38892
134.999 -16.9917 3.38929
134.992 -17.0113 3.3908
135.023 -16.8171 3.38724
135.096 -16.9699 3.38901
135.017 -16.8454 3.38466
135.041 -17.0227 3.39296
134.947 -16.9843 3.38785
135.045 -16.9496 3.39017
134.924 -16.9403 3.38753
135.849 -20.0199 3.39176
