273.442 21.402 5.47686
273.397 21.2632 5.47796
273.552 21.1661 5.47449
273.364 21.3182 5.47782
273.485 21.2119 5.47789
273.483 21.2117 5.47781
273.408 21.2805 5.48112
273.385 21.1774 5.47421
273.361 21.2509 5.47652
273.356 21.2442 5.47644
273.47 21.2668 5.47841
273.481 21.2422 5.47509
273.418 21.2969 5.47355
273.401 21.1151 5.47441
273.4 21.1215 5.47441
273.392 21.274 5.47328
273.434 21.2473 5.47578
273.286 21.2474 5.47214
273.388 21.2189 5.47445
273.402 21.1858 5.47449
273.392 21.2085 5.47345
273.348 21.197 5.47406
273.354 21.2244 5.47954
273.357 21.2184 5.47925
273.369 21.1927 5.47778
273.491 21.2415 5.47965
273.351 21.275 5.48144
273.326 21.2973 5.47917
273.366 21.2931 5.47606
273.388 21.1634 5.47509
273.394 21.2211 5.47867
273.308 21.1192 5.4728
273.455 21.3108 5.4792
273.333 21.2485 5.47377
273.379 21.2269 5.47792
273.454 21.1806 5.47578
273.377 21.3492 5.4782
273.318 21.1603 5.47643
273.381 21.2077 5.47744
273.427 21.2387 5.47728
273.361 21.328 5.47725
273.411 21.2892 5.47754
273.415 21.2917 5.4777
273.417 21.2686 5.47949
273.416 21.2728 5.47952
273.41 21.2747 5.47936
273.407 21.2628 5.47932
273.391 21.2903 5.48031
273.428 21.276 5.47742
273.408 21.3622 5.4803
273.38 21.2584 5.47691
273.471 21.2549 5.47475
273.479 21.2557 5.47476
273.336 21.2781 5.47962
273.344 21.255 5.47907
273.366 21.2383 5.4775
273.422 21.2406 5.47967
273.407 21.2484 5.47652
273.326 21.168 5.47576
273.545 21.3086 5.47655
273.551 21.3107 5.47647
273.39 21.3366 5.47842
273.432 21.2554 5.47909
273.434 21.2781 5.47888
273.441 21.2818 5.47949
273.414 21.1959 5.47699
273.42 21.1964 5.47702
273.395 21.2985 5.47674
273.466 21.2711 5.47647
273.366 21.3021 5.47278
273.436 21.2595 5.47496
273.428 21.2434 5.47215
273.428 21.242 5.47218
273.451 21.2188 5.47576
273.425 21.1777 5.4759
273.385 21.2575 5.48003
273.342 21.2447 5.47536
273.342 21.2522 5.47549
273.339 21.2473 5.47526
273.391 21.1422 5.4765
273.374 21.1621 5.47713
273.375 21.1582 5.47739
273.396 21.2676 5.47786
273.423 21.2718 5.47514
273.421 21.2754 5.47521
273.381 21.3516 5.47776
273.373 21.1924 5.47866
273.391 21.2478 5.4742
273.397 21.2396 5.4787
273.411 21.3317 5.47507
273.382 21.2432 5.47483
273.459 21.3069 5.4826
273.359 21.2951 5.47427
273.341 21.2741 5.47338
273.394 21.307 5.47316
273.393 21.3097 5.47335
273.397 21.3161 5.47516
273.393 21.2723 5.48053
273.472 21.2075 5.47993
273.414 21.2598 5.48156
273.425 21.2663 5.48009
273.298 21.1932 5.47828
273.326 21.2175 5.47668
273.375 21.3061 5.47793
273.346 21.3198 5.47623
273.315 21.1844 5.47348
273.411 21.2047 5.47528
273.401 21.3442 5.47652
273.387 21.2835 5.47783
273.38 21.2808 5.47795
273.441 21.2945 5.47741
273.361 21.2098 5.47727
273.352 21.2911 5.47409
273.51 21.2707 5.47858
273.404 21.3473 5.47842
273.398 21.2618 5.47681
273.468 21.1903 5.47491
273.376 21.2512 5.47818
273.388 21.2368 5.47775
273.385 21.2324 5.47771
273.382 21.225 5.47785
273.42 21.3585 5.47644
273.368 21.3079 5.47591
273.381 21.2792 5.47901
273.389 21.2788 5.47918
273.357 21.2205 5.47595
273.355 21.2715 5.47767
273.373 21.2263 5.47692
273.377 21.2068 5.47502
273.36 21.275 5.47628
273.35 21.2768 5.47518
273.395 21.3263 5.47729
273.468 21.2918 5.47934
273.45 21.3016 5.47912
273.415 21.1831 5.47769
273.309 21.2221 5.48111
273.445 21.2768 5.48043
273.443 21.286 5.47804
273.378 21.2039 5.4756
273.349 21.2557 5.47934
273.41 21.1853 5.47434
273.321 21.2607 5.47722
273.241 21.1848 5.47582
273.451 21.2433 5.47418
273.425 21.299 5.47823
273.33 21.2372 5.47675
273.331 21.2344 5.47675
273.277 21.208 5.47592
273.313 21.2696 5.48046
273.316 21.2651 5.4806
273.455 21.2477 5.47657
273.395 21.2782 5.47614
273.293 21.246 5.47468
273.287 21.2446 5.47466
273.407 21.2041 5.47515
273.383 21.3204 5.47856
273.381 21.3252 5.47852
273.422 21.1526 5.47749
273.42 21.1561 5.47758
273.434 21.2623 5.47754
273.365 21.2278 5.47997
273.42 21.26 5.48074
273.354 21.2266 5.47552
273.337 21.2354 5.47366
273.331 21.236 5.47384
273.408 21.2415 5.48164
273.421 21.2826 5.48093
273.434 21.2575 5.47915
273.44 21.2586 5.47908
273.373 21.3463 5.48134
273.42 21.1733 5.47466
273.361 21.3066 5.47756
273.352 21.209 5.476
273.398 21.2961 5.47751
273.466 21.2655 5.47944
273.369 21.2409 5.47978
273.428 21.1789 5.47658
273.364 21.2663 5.47423
273.405 21.2116 5.47481
273.363 21.3393 5.47696
273.356 21.1965 5.47314
273.409 21.2205 5.47668
273.412 21.2259 5.47653
273.308 21.2282 5.47796
273.308 21.228 5.47793
273.398 21.2684 5.4775
273.402 21.2655 5.47749
273.331 21.239 5.47767
273.325 21.2369 5.47792
273.373 21.336 5.47633
273.289 21.2507 5.48011
273.343 21.1187 5.47875
273.397 21.2063 5.47529
273.401 21.3061 5.4779
273.399 21.3083 5.47797
273.465 21.2295 5.47949
273.489 21.2543 5.47928
273.359 21.3184 5.47864
273.494 21.1956 5.47258
273.389 21.2746 5.47969
273.344 21.2785 5.47833
273.42 21.1996 5.4757
273.275 21.1836 5.47379
273.345 21.2077 5.47733
273.415 21.2719 5.47243
273.378 21.3337 5.4799
273.361 21.3237 5.47817
273.399 21.2703 5.47795
273.553 21.1621 5.47474
273.379 21.3201 5.47786
273.485 21.2188 5.47768
273.434 21.2596 5.47707
273.384 21.1755 5.47446
273.364 21.2514 5.47666
273.36 21.2472 5.47655
273.471 21.2743 5.4782
273.482 21.2435 5.47516
273.485 21.2407 5.47511
273.484 21.2422 5.47516
273.4 21.1242 5.4745
273.42 21.2457 5.47397
273.418 21.255 5.47423
273.387 21.2744 5.47329
273.378 21.2869 5.4793
273.386 21.1822 5.47473
273.422 21.3184 5.47834
273.383 21.2157 5.47447
273.403 21.2844 5.47524
273.404 21.1826 5.47448
273.364 21.3293 5.47466
273.346 21.2065 5.47399
273.354 21.2191 5.47918
273.355 21.2256 5.47932
273.355 21.2255 5.47932
273.393 21.2534 5.48023
273.442 21.2622 5.47334
273.327 21.2155 5.47484
273.358 21.2924 5.47602
273.42 21.2787 5.47994
273.398 21.1596 5.47518
273.391 21.1601 5.47531
273.426 21.3355 5.48267
273.37 21.337 5.47604
273.391 21.2322 5.48013
273.454 21.3104 5.47921
273.454 21.3222 5.47893
273.351 21.2003 5.47483
273.348 21.1979 5.47503
273.397 21.2631 5.47768
273.399 21.267 5.47761
273.375 21.2201 5.47807
273.454 21.1705 5.47597
273.382 21.3052 5.47486
273.402 21.2046 5.4719
273.431 21.2425 5.47737
273.35 21.2771 5.47448
273.412 21.2874 5.47774
273.414 21.2784 5.47964
273.299 21.2105 5.47721
273.296 21.2171 5.47692
273.503 21.1076 5.4756
273.427 21.2811 5.47752
273.364 21.2568 5.47377
273.322 21.2614 5.47895
273.359 21.2592 5.47498
273.376 21.259 5.47696
273.374 21.2551 5.47659
273.473 21.2604 5.47489
273.389 21.3111 5.47845
273.383 21.3123 5.47852
273.304 21.2256 5.4782
273.398 21.236 5.47928
273.409 21.2562 5.47658
273.406 21.2464 5.47657
273.343 21.2511 5.47827
273.338 21.2437 5.47833
273.342 21.2448 5.47826
273.33 21.1683 5.47574
273.421 21.1223 5.47179
273.549 21.3113 5.47658
273.548 21.3066 5.47676
273.554 21.3123 5.47653
273.298 21.1788 5.47938
273.426 21.2544 5.4792
273.442 21.2807 5.47941
273.417 21.1849 5.47698
273.411 21.2281 5.47669
273.332 21.2771 5.47787
273.461 21.2665 5.47633
273.306 21.1903 5.47415
273.333 21.2913 5.47651
273.436 21.2557 5.47482
273.423 21.2538 5.47465
273.43 21.2433 5.472
273.446 21.2212 5.47559
273.322 21.2682 5.48349
273.422 21.1759 5.47584
273.338 21.2513 5.47508
273.271 21.2195 5.47445
273.394 21.1502 5.47635
273.375 21.1643 5.47737
273.38 21.1635 5.47733
273.467 21.2558 5.47786
273.468 21.2588 5.47793
273.432 21.2765 5.47505
273.367 21.1793 5.47856
273.391 21.2476 5.47432
273.392 21.2409 5.47873
273.395 21.2462 5.4786
273.49 21.2859 5.47434
273.301 21.2595 5.47257
273.452 21.3064 5.48272
273.358 21.3017 5.47426
273.396 21.3094 5.4752
273.38 21.2652 5.48029
273.377 21.2612 5.48054
273.394 21.2329 5.47378
273.418 21.2544 5.47994
273.325 21.2224 5.47689
273.377 21.3005 5.47816
273.4 21.1996 5.47543
273.38 21.2839 5.4777
273.384 21.2859 5.47781
273.396 21.3563 5.48192
273.446 21.2942 5.47735
273.441 21.2956 5.47722
273.358 21.2138 5.47727
273.359 21.2891 5.47385
273.404 21.343 5.4786
273.427 21.142 5.47384
273.402 21.2629 5.47668
273.354 21.2972 5.47868
273.38 21.2083 5.47435
273.353 21.2694 5.47795
273.387 21.2284 5.47765
273.421 21.2763 5.47573
273.376 21.3092 5.47603
273.381 21.276 5.47894
273.349 21.2254 5.47602
273.375 21.2235 5.4769
273.422 21.3134 5.47974
273.42 21.3164 5.47993
273.348 21.1931 5.47569
273.345 21.19 5.47544
273.357 21.265 5.47641
273.399 21.2734 5.47533
273.353 21.2713 5.4751
273.463 21.1958 5.47667
273.464 21.204 5.47667
273.443 21.3042 5.4791
273.452 21.3095 5.47761
273.386 21.3251 5.47438
273.437 21.2888 5.47783
273.343 21.1756 5.47524
273.35 21.2565 5.47926
273.413 21.182 5.47434
273.42 21.1828 5.47412
273.402 21.2412 5.47426
273.319 21.2632 5.47705
273.235 21.1928 5.47565
273.406 21.3455 5.47378
273.451 21.245 5.47399
273.45 21.2389 5.47415
273.448 21.2394 5.47425
273.342 21.2466 5.47382
273.317 21.269 5.48067
273.459 21.2503 5.47649
273.463 21.2997 5.47758
273.412 21.3402 5.47858
273.387 21.2714 5.47284
273.384 21.3253 5.47844
273.368 21.2606 5.47323
273.491 21.3182 5.47564
273.51 21.2049 5.47806
273.352 21.228 5.47994
273.379 21.2649 5.47492
273.334 21.237 5.47375
273.276 21.1559 5.47156
273.411 21.3185 5.48156
273.385 21.2638 5.47404
273.402 21.2416 5.48136
273.423 21.2773 5.48111
273.391 21.3503 5.47933
273.434 21.2574 5.47908
273.425 21.1744 5.47462
273.422 21.1728 5.47458
273.409 21.2573 5.47278
273.36 21.2108 5.47592
273.284 21.1989 5.47387
273.398 21.2819 5.47889
273.342 21.2944 5.47625
273.408 21.2836 5.4798
273.378 21.3064 5.48018
273.401 21.2621 5.47911
273.395 21.2048 5.47483
273.36 21.2044 5.47319
273.341 21.1769 5.47869
273.404 21.2268 5.47669
273.286 21.1501 5.47749
273.306 21.23 5.47799
273.42 21.2836 5.47896
273.369 21.3416 5.47619
273.345 21.1941 5.47434
273.285 21.2485 5.48006
273.394 21.2076 5.47527
273.398 21.2026 5.47514
273.401 21.3074 5.47799
273.354 21.3029 5.47526
273.508 21.2081 5.47508
273.486 21.2492 5.47931
273.369 21.3174 5.47854
273.5 21.1952 5.47257
273.494 21.1933 5.47245
273.316 21.2528 5.47835
273.412 21.292 5.47841
273.394 21.2519 5.47567
273.356 21.2974 5.48348
273.365 21.2243 5.47313
273.344 21.2099 5.47735
273.346 21.2069 5.47734
273.382 21.1606 5.47507
273.378 21.1589 5.4748
273.382 21.268 5.47319
273.28 21.2025 5.47357
273.402 21.2636 5.47788
273.547 21.1649 5.47479
273.374 21.3225 5.47778
273.369 21.316 5.4776
273.307 21.2036 5.47497
273.41 21.262 5.47665
273.41 21.2616 5.47674
273.411 21.2647 5.47661
273.439 21.2595 5.47688
273.43 21.2596 5.47683
273.415 21.2773 5.48116
273.39 21.1743 5.4744
273.414 21.2686 5.4784
273.487 21.2435 5.47497
273.42 21.3036 5.4793
273.321 21.2502 5.47431
273.417 21.2465 5.47392
273.369 21.1881 5.46917
273.366 21.1841 5.46936
273.378 21.279 5.47937
273.377 21.2849 5.47936
273.386 21.1749 5.47457
273.384 21.1765 5.4746
273.388 21.1856 5.47456
273.387 21.2146 5.47475
273.38 21.2149 5.47456
273.398 21.1908 5.4745
273.389 21.2147 5.47369
273.353 21.225 5.47923
273.491 21.2386 5.47964
273.402 21.2528 5.48007
273.348 21.2767 5.48167
273.331 21.216 5.47478
273.364 21.2416 5.47375
273.422 21.2737 5.48005
273.393 21.162 5.47534
273.396 21.2245 5.47874
273.379 21.2721 5.48176
273.374 21.2515 5.47182
273.386 21.2318 5.48015
273.39 21.2236 5.48025
273.35 21.1981 5.47501
273.4 21.2626 5.47756
273.34 21.2394 5.47824
273.378 21.2956 5.47476
273.38 21.2066 5.47739
273.426 21.2365 5.47729
273.411 21.289 5.47759
273.297 21.2147 5.47704
273.387 21.2907 5.48033
273.422 21.2772 5.47759
273.406 21.3596 5.48037
273.32 21.2638 5.4788
273.37 21.2563 5.47698
273.471 21.256 5.47482
273.381 21.3068 5.47866
273.358 21.2306 5.47757
273.401 21.2358 5.47939
273.42 21.2375 5.47987
273.416 21.2421 5.4796
273.413 21.2407 5.47976
273.407 21.2479 5.47641
273.405 21.2499 5.47658
273.407 21.2496 5.47676
273.405 21.2453 5.47647
273.33 21.1677 5.47569
273.344 21.2891 5.48001
273.39 21.3357 5.47816
273.433 21.2574 5.47921
273.433 21.2704 5.4791
273.307 21.2312 5.47417
273.445 21.2768 5.47948
273.375 21.2462 5.47401
273.413 21.198 5.47708
273.411 21.2343 5.47688
271.361 26.6222 5.48071
