65.899 -45.8425 3.83457
65.8116 -45.7286 3.83259
65.7578 -45.7095 3.83402
65.8105 -45.7123 3.83436
65.8195 -45.7533 3.83723
65.8645 -45.8569 3.83467
65.8646 -45.6793 3.83611
65.7908 -45.7292 3.83669
65.7959 -45.7269 3.83655
65.8416 -45.8316 3.83719
65.9448 -45.6885 3.83557
65.8488 -45.6792 3.832
65.9153 -45.7551 3.83349
65.8121 -45.6823 3.83369
65.862 -45.6787 3.83659
65.8104 -45.7849 3.83358
65.8438 -45.7832 3.83637
65.8454 -45.7834 3.8365
65.8731 -45.806 3.83228
65.8412 -45.7514 3.8342
65.6971 -45.7696 3.83386
65.6988 -45.7685 3.83388
65.8788 -45.7003 3.83705
65.8665 -45.5981 3.83794
65.7599 -45.6657 3.83661
65.8315 -45.781 3.83379
65.9253 -45.7384 3.83468
65.8566 -45.6324 3.83499
65.8571 -45.6359 3.83502
65.8769 -45.6156 3.83389
65.8559 -45.6544 3.83578
65.8404 -45.7114 3.83429
65.9305 -45.6137 3.8372
65.7447 -45.7688 3.83263
65.8484 -45.6885 3.83824
65.8493 -45.6827 3.83519
65.8631 -45.7839 3.83356
65.7654 -45.7757 3.83779
65.8851 -45.7179 3.83629
65.876 -45.7057 3.83667
65.7861 -45.7162 3.8347
65.8584 -45.6581 3.83403
65.7257 -45.762 3.83446
65.7244 -45.7621 3.83459
65.8606 -45.7102 3.83408
65.7459 -45.6509 3.83621
65.9008 -45.7009 3.83561
65.8333 -45.821 3.83422
65.8342 -45.8119 3.83435
65.8399 -45.8097 3.83452
65.7907 -45.7218 3.83426
65.832 -45.6266 3.83394
65.7513 -45.7342 3.83261
65.9134 -45.7568 3.83366
65.8929 -45.6893 3.83712
65.8585 -45.7024 3.83605
65.806 -45.7057 3.83723
65.8311 -45.6452 3.83393
65.7597 -45.6806 3.837
65.8548 -45.7942 3.83624
65.8172 -45.6817 3.83465
65.9215 -45.7587 3.83289
65.8392 -45.7706 3.83659
65.8373 -45.7305 3.83619
65.9334 -45.6514 3.83493
65.8187 -45.7908 3.83377
65.8114 -45.7603 3.83638
65.8359 -45.7432 3.83334
65.7704 -45.7089 3.83331
65.9131 -45.6599 3.83528
65.7976 -45.692 3.83673
65.8033 -45.7734 3.83248
65.7804 -45.7372 3.8368
65.8373 -45.7582 3.83195
65.7935 -45.7054 3.83662
65.9319 -45.8099 3.83503
65.8266 -45.6524 3.83497
65.8915 -45.7385 3.83481
65.7589 -45.7175 3.83554
65.8817 -45.7072 3.83566
65.8264 -45.7805 3.83562
65.8862 -45.6838 3.83747
65.8698 -45.6628 3.83477
65.9207 -45.859 3.83745
65.8431 -45.8106 3.83709
65.716 -45.7008 3.83668
65.8961 -45.702 3.83645
65.8375 -45.7453 3.83331
65.8346 -45.5971 3.83623
65.8847 -45.7216 3.83388
65.9284 -45.7653 3.83297
65.7666 -45.7363 3.83298
65.9587 -45.6985 3.83821
65.8017 -45.6214 3.83725
65.8312 -45.6911 3.83365
65.8074 -45.7 3.83523
65.806 -45.7098 3.8343
65.864 -45.7739 3.83243
65.957 -45.6516 3.83493
65.8381 -45.7414 3.83217
65.87 -45.8641 3.83484
65.973 -45.711 3.83553
65.8037 -45.7034 3.83371
65.7958 -45.7283 3.83639
65.8416 -45.8266 3.83693
65.8388 -45.8329 3.83702
65.8404 -45.8263 3.83691
65.8089 -45.7007 3.83707
65.8736 -45.7227 3.83361
65.9457 -45.7551 3.83225
65.8495 -45.6749 3.83194
65.8883 -45.6509 3.83569
65.794 -45.7177 3.83585
66.0227 -45.6345 3.83489
65.8578 -45.6787 3.83647
65.8378 -45.7232 3.83875
65.842 -45.7854 3.83642
65.8799 -45.8059 3.83403
65.8657 -45.6385 3.833
65.7759 -45.6877 3.83294
65.6966 -45.7699 3.83385
65.7018 -45.7704 3.83392
65.7887 -45.7032 3.83658
65.79 -45.7028 3.83674
65.8332 -45.7751 3.83384
65.7758 -45.7138 3.83569
65.8785 -45.6239 3.83395
65.8989 -45.728 3.83619
65.8095 -45.745 3.83659
65.8692 -45.6059 3.83928
65.8216 -45.762 3.83464
65.9671 -45.7803 3.83445
65.885 -45.6761 3.83531
65.9182 -45.6391 3.83499
65.8578 -45.7823 3.8338
65.7859 -45.7496 3.83766
65.952 -45.7524 3.83802
65.7721 -45.7759 3.83776
65.9292 -45.7675 3.83456
65.8423 -45.6558 3.83656
65.8359 -45.764 3.83191
65.8776 -45.7714 3.83646
65.7884 -45.7176 3.83472
65.9115 -45.7584 3.83675
65.7246 -45.7624 3.8344
65.7254 -45.7568 3.83446
65.6744 -45.7464 3.83443
65.7468 -45.6468 3.83614
65.8257 -45.7294 3.83487
65.8266 -45.6958 3.83349
65.8092 -45.7457 3.83955
65.8077 -45.7387 3.83939
65.8232 -45.6907 3.8357
65.8222 -45.6209 3.8341
65.7503 -45.7274 3.83269
65.8069 -45.7183 3.83438
65.8876 -45.6972 3.83714
65.7989 -45.7072 3.83719
65.8021 -45.7137 3.83727
65.7812 -45.6531 3.83737
65.9045 -45.7338 3.83364
65.8149 -45.6834 3.83487
65.8428 -45.761 3.83674
65.8013 -45.7721 3.83411
65.8144 -45.7907 3.83367
65.9136 -45.6562 3.83351
65.8119 -45.765 3.83639
65.827 -45.7492 3.83312
65.6888 -45.75 3.83455
65.8755 -45.7272 3.83479
65.8402 -45.6078 3.83493
65.8017 -45.7683 3.83264
65.7803 -45.7283 3.83694
65.9074 -45.7579 3.83237
65.8277 -45.7482 3.83202
65.8331 -45.7486 3.83207
65.7899 -45.7081 3.8365
65.8258 -45.6187 3.83251
65.8547 -45.6227 3.83886
65.7581 -45.7145 3.83556
65.7573 -45.716 3.83554
65.8609 -45.7216 3.83554
65.833 -45.7863 3.83549
65.9093 -45.6919 3.83586
65.8153 -45.7352 3.83886
65.896 -45.6989 3.83659
65.8419 -45.7331 3.83676
65.8359 -45.7392 3.83347
65.8373 -45.5926 3.83612
65.9176 -45.7591 3.83327
65.7652 -45.7414 3.83293
65.833 -45.679 3.83202
65.8267 -45.6889 3.83359
65.8629 -45.8018 3.83309
65.866 -45.8037 3.83288
65.8114 -45.7282 3.83263
65.8328 -45.7541 3.83297
65.8364 -45.6457 3.83301
65.8182 -45.7493 3.83757
65.8664 -45.8637 3.83476
65.868 -45.6777 3.83594
65.841 -45.8254 3.83676
65.9466 -45.753 3.83221
65.7357 -45.678 3.83738
65.7457 -45.6231 3.83696
65.9211 -45.758 3.83352
65.7961 -45.7175 3.83604
65.8599 -45.673 3.83643
65.9721 -45.6838 3.83729
65.837 -45.7208 3.83874
65.8483 -45.7761 3.83654
65.8484 -45.7832 3.83633
65.8789 -45.8006 3.83425
65.8659 -45.6233 3.83428
65.7022 -45.7732 3.83363
65.7879 -45.7021 3.8366
65.7649 -45.6708 3.83674
65.8944 -45.6791 3.83385
65.8965 -45.6766 3.83411
65.9624 -45.712 3.83542
65.932 -45.7352 3.83482
65.8203 -45.7659 3.83464
65.7748 -45.6675 3.83288
65.9652 -45.6586 3.83683
65.7937 -45.671 3.83663
65.8221 -45.7014 3.83211
65.8605 -45.7812 3.83371
65.8647 -45.7803 3.83371
65.7859 -45.747 3.83765
65.9215 -45.7666 3.83474
65.865 -45.6491 3.83485
65.783 -45.7197 3.83475
65.8222 -45.6969 3.83532
65.8388 -45.6841 3.83467
65.6758 -45.7496 3.83423
65.7254 -45.6298 3.8352
65.7202 -45.6239 3.83508
65.9018 -45.6946 3.83126
65.8326 -45.8135 3.83452
65.8288 -45.816 3.83429
65.8284 -45.6968 3.8333
65.939 -45.6684 3.83592
65.844 -45.663 3.83267
65.807 -45.5997 3.8366
65.909 -45.7565 3.83386
65.9148 -45.7623 3.83382
65.9321 -45.8092 3.83296
65.806 -45.7196 3.83448
65.9155 -45.7746 3.83417
65.8498 -45.6309 3.8337
65.7923 -45.6925 3.83897
65.7975 -45.712 3.83728
65.8531 -45.7893 3.83617
65.818 -45.6853 3.83488
65.8372 -45.7616 3.83668
65.7998 -45.7659 3.83407
65.8247 -45.7848 3.83375
65.8203 -45.787 3.83387
65.82 -45.7903 3.83367
65.8184 -45.7882 3.83358
65.8101 -45.7691 3.83626
65.8129 -45.7679 3.83625
65.8299 -45.7445 3.83313
65.8283 -45.744 3.83304
65.8331 -45.7423 3.83937
65.8008 -45.7747 3.83261
65.7775 -45.7347 3.83711
65.893 -45.6702 3.83435
65.8986 -45.6123 3.83682
65.7878 -45.7068 3.83646
65.8882 -45.6671 3.83645
65.7394 -45.6848 3.83478
65.781 -45.6468 3.83618
65.8566 -45.6136 3.83629
65.8897 -45.7337 3.83489
65.8568 -45.7864 3.83643
65.8017 -45.6909 3.83468
65.7597 -45.7138 3.83559
65.8301 -45.7017 3.83546
65.9362 -45.63 3.83271
65.8626 -45.7716 3.83539
65.8889 -45.6842 3.83724
65.9069 -45.6987 3.83616
65.8918 -45.6617 3.83303
65.8428 -45.8071 3.83698
65.9733 -45.677 3.83677
65.7617 -45.6771 3.8362
65.8405 -45.7298 3.83682
65.8858 -45.7284 3.83408
65.888 -45.6665 3.83312
65.8566 -45.605 3.83654
65.7652 -45.7408 3.833
65.6629 -45.7129 3.83465
65.9011 -45.8487 3.83461
65.8069 -45.6049 3.8391
65.8606 -45.805 3.83306
65.8179 -45.7271 3.83259
65.8778 -45.6101 3.83189
65.7595 -45.7128 3.83386
65.7571 -45.7089 3.83396
65.8067 -45.7111 3.83425
65.8129 -45.7072 3.83435
65.8215 -45.7526 3.83749
65.8648 -45.8634 3.8347
65.8503 -45.7795 3.83285
65.8648 -45.6808 3.83612
65.7894 -45.7297 3.83667
65.9577 -45.6255 3.83741
65.8533 -45.6739 3.83196
65.8336 -45.6492 3.83543
65.9753 -45.6868 3.83727
65.7871 -45.6985 3.83308
65.8096 -45.7914 3.83378
65.8096 -45.781 3.83345
65.8706 -45.8019 3.83236
65.8777 -45.8045 3.8344
65.8791 -45.8079 3.83417
65.8817 -45.6518 3.8381
65.8677 -45.6391 3.83315
65.7325 -45.6921 3.83568
65.8191 -45.7274 3.83404
65.8757 -45.6926 3.83688
65.9741 -45.7019 3.83769
65.7954 -45.6876 3.83374
65.8541 -45.7824 3.83483
65.9613 -45.7101 3.83552
65.8214 -45.7709 3.83483
65.9748 -45.7776 3.83435
65.7407 -45.7723 3.83253
65.787 -45.6679 3.8367
65.8635 -45.6553 3.83798
65.9187 -45.6447 3.83486
65.8436 -45.7206 3.83305
65.9052 -45.6916 3.83295
65.7708 -45.7729 3.8377
65.8859 -45.7185 3.83627
65.8423 -45.655 3.83656
65.912 -45.7608 3.83683
65.8197 -45.6934 3.8353
65.8242 -45.7503 3.83407
65.7251 -45.7628 3.83468
65.7314 -45.7613 3.83447
65.8592 -45.711 3.83403
65.8602 -45.703 3.82957
65.8961 -45.707 3.83553
65.8267 -45.7283 3.83515
65.9448 -45.6575 3.83662
65.8237 -45.6982 3.83345
65.796 -45.7241 3.83437
65.7933 -45.7196 3.83465
65.9068 -45.8053 3.83299
65.7536 -45.7322 3.83254
65.9285 -45.8141 3.83286
65.9008 -45.6941 3.83726
65.8479 -45.6965 3.83632
65.7456 -45.6675 3.83737
65.8527 -45.7946 3.83622
65.8547 -45.7934 3.83628
65.8068 -45.6928 3.83558
65.8452 -45.761 3.83665
65.8278 -45.7347 3.83625
65.9059 -45.6228 3.83678
65.9352 -45.6498 3.83477
65.8212 -45.7893 3.83374
65.8136 -45.7626 3.83646
65.7685 -45.7111 3.83335
65.8371 -45.744 3.83113
65.8123 -45.7757 3.83225
65.8255 -45.6391 3.83459
65.9518 -45.745 3.83111
65.9831 -45.6658 3.83833
65.8848 -45.7648 3.83487
65.7993 -45.7112 3.83656
65.9117 -45.6936 3.83503
65.8711 -45.7679 3.83587
65.7155 -45.7055 3.83577
65.9192 -45.6585 3.83475
65.855 -45.7921 3.83662
65.7582 -45.7119 3.83552
65.9418 -45.714 3.83886
65.8653 -45.7222 3.83561
65.8263 -45.7861 3.83548
65.8308 -45.7826 3.83545
65.8684 -45.7705 3.83541
65.8869 -45.6794 3.83751
65.8417 -45.8071 3.83713
65.817 -45.7369 3.83899
65.897 -45.6195 3.83646
65.8961 -45.6983 3.83658
65.8391 -45.7326 3.83652
65.9493 -45.668 3.83603
65.8953 -45.6869 3.83431
65.7641 -45.7375 3.83294
65.8304 -45.7258 3.83719
65.9035 -45.8411 3.8345
65.8183 -45.7285 3.8325
65.9019 -45.7323 3.83394
65.8977 -45.7274 3.83379
65.8941 -45.5737 3.83926
65.8172 -45.753 3.83725
65.8347 -45.7422 3.8322
65.8516 -45.7862 3.83277
65.8056 -45.7014 3.83375
65.8094 -45.7037 3.83698
65.8545 -45.7269 3.82928
65.7907 -45.7161 3.83598
65.8116 -45.7864 3.83372
65.8462 -45.7872 3.83624
65.8456 -45.7836 3.83637
65.8458 -45.7834 3.83631
65.8257 -45.6764 3.83236
65.8737 -45.807 3.83439
65.8855 -45.7049 3.83402
65.7032 -45.7678 3.83389
65.7343 -45.6924 3.83556
65.8218 -45.7327 3.83411
65.7627 -45.6703 3.83661
65.7628 -45.665 3.83654
65.8286 -45.7828 3.83373
65.9008 -45.7147 3.83449
65.8471 -45.7798 3.83487
65.9593 -45.7089 3.83522
65.8555 -45.6529 3.83539
65.8609 -45.653 3.83548
65.82 -45.7672 3.83457
65.9147 -45.6985 3.83561
65.7448 -45.7701 3.83257
65.8263 -45.7083 3.83191
65.8149 -45.7138 3.83463
65.8379 -45.7262 3.83279
65.7661 -45.7746 3.83766
65.9841 -45.7118 3.83795
65.8364 -45.7664 3.83191
65.8347 -45.7685 3.83212
65.9162 -45.7578 3.83688
65.7937 -45.6573 3.83145
65.8305 -45.6813 3.83477
65.7233 -45.7619 3.83451
65.7965 -45.6124 3.83278
65.8319 -45.6 3.83894
65.8302 -45.7425 3.83328
65.9075 -45.7089 3.8356
65.8241 -45.6359 3.83231
65.8296 -45.8077 3.83464
65.8311 -45.6924 3.83335
65.8233 -45.6916 3.83329
65.8189 -45.6974 3.8355
65.9046 -45.7473 3.83388
65.8275 -45.648 3.83303
65.8455 -45.6875 3.83401
65.8572 -45.6457 3.83515
65.8446 -45.6201 3.83595
65.8512 -45.7854 3.83615
65.8437 -45.6953 3.83365
65.8376 -45.7637 3.83653
65.93 -45.712 3.83381
65.9329 -45.6533 3.83477
65.813 -45.7876 3.83378
65.8768 -45.7619 3.83163
65.6884 -45.7524 3.83451
65.697 -45.7516 3.83456
65.8368 -45.7399 3.83942
65.834 -45.7453 3.83121
65.8013 -45.776 3.83243
65.7972 -45.7254 3.83521
65.9039 -45.682 3.83473
65.7825 -45.7391 3.83687
65.8934 -45.6047 3.83679
65.9486 -45.6982 3.83584
65.8871 -45.7623 3.83508
65.8852 -45.7585 3.83493
65.8882 -45.7651 3.83487
65.74 -45.6906 3.83366
65.8731 -45.7616 3.83598
65.8242 -45.6452 3.83491
65.7129 -45.6992 3.83576
65.8587 -45.7902 3.83644
65.8003 -45.6853 3.83461
65.7583 -45.7181 3.83565
65.9285 -45.7461 3.83624
65.9127 -45.7734 3.83276
65.8261 -45.787 3.83555
65.8282 -45.7859 3.83551
65.8305 -45.6416 3.84253
65.8406 -45.8129 3.83706
65.8101 -45.7365 3.83883
65.8014 -45.7164 3.83745
65.7646 -45.672 3.83622
65.8194 -45.6943 3.83377
65.8378 -45.7437 3.83326
65.8858 -45.7251 3.83383
65.9688 -45.6715 3.83577
65.8308 -45.731 3.83724
65.8982 -45.8493 3.83471
65.828 -45.6949 3.83369
65.8657 -45.8036 3.83293
65.8103 -45.7345 3.83251
65.8351 -45.7581 3.83283
65.7761 -45.7168 3.8353
66.5595 -48.6143 3.83389
