220.842 -12.1122 2.94392
220.965 -11.9681 2.94585
220.926 -12.0064 2.94711
220.879 -12.1076 2.946
220.849 -12.0075 2.94469
220.888 -12.0611 2.94552
220.887 -12.0582 2.94545
220.925 -12.0304 2.94376
220.883 -12.0945 2.9433
220.795 -12.0237 2.94321
220.915 -12.0427 2.94604
220.881 -12.0892 2.94516
220.835 -12.1487 2.94224
220.846 -12.0278 2.94519
220.995 -11.9759 2.94848
220.866 -12.0075 2.9418
220.875 -12.0124 2.94167
220.977 -12.1178 2.94401
220.863 -11.9911 2.94449
220.907 -12.0628 2.94084
220.793 -12.0984 2.94614
220.899 -12.1055 2.9457
220.853 -12.0362 2.94671
220.888 -12.0972 2.9435
220.795 -12.0256 2.9433
220.903 -12.1056 2.94249
220.954 -11.9508 2.9484
220.841 -12.0956 2.94418
220.987 -12.1184 2.94559
220.906 -12.1057 2.94642
220.869 -12.0101 2.94158
220.869 -11.991 2.94453
220.964 -12.0215 2.94439
220.918 -11.9847 2.94684
220.894 -12.0982 2.94342
220.797 -12.0213 2.94337
220.792 -12.0232 2.94336
220.835 -12.1133 2.94504
220.899 -12.0011 2.94277
220.894 -12.0045 2.94284
220.839 -12.1125 2.94407
220.941 -11.9899 2.9454
220.938 -12.0615 2.94631
220.889 -12.0336 2.94484
220.905 -12.0488 2.94585
220.918 -12.0705 2.94566
220.935 -12.0706 2.94476
220.992 -12.0437 2.94352
220.853 -12.0227 2.94777
220.914 -12.1679 2.94574
220.917 -12.0415 2.94607
220.87 -12.1186 2.94175
220.828 -12.1064 2.94498
220.938 -12.0736 2.94591
220.93 -11.9508 2.94286
220.962 -12.1231 2.94412
220.977 -12.0834 2.94525
220.97 -12.0423 2.94529
220.931 -12.0449 2.94714
220.843 -12.0935 2.94412
220.906 -12.0023 2.94896
220.919 -12.1155 2.94524
220.963 -12.0229 2.94793
220.889 -12.0577 2.94545
220.877 -12.0274 2.94326
220.909 -11.9895 2.94281
220.93 -12.109 2.94512
220.794 -12.0184 2.94343
220.901 -12.1072 2.94274
220.968 -12.0189 2.94578
220.84 -12.1094 2.94377
220.878 -12.1937 2.94408
220.853 -12.063 2.94271
220.878 -12.1021 2.9459
220.856 -11.9966 2.94487
220.863 -11.9857 2.9447
220.904 -12.0527 2.94431
220.927 -12.0324 2.94377
220.799 -12.127 2.94677
220.8 -12.0193 2.94329
221.026 -12.1144 2.94677
220.899 -12.0396 2.94318
220.93 -11.9507 2.94284
221.093 -12.0354 2.9467
220.964 -12.0092 2.94633
220.845 -12.0268 2.94506
220.9 -12.0557 2.94581
220.919 -11.9974 2.94412
220.951 -12.0052 2.94842
220.823 -12.0734 2.94752
220.854 -11.9997 2.94468
220.869 -12.0757 2.94163
220.789 -12.0893 2.94611
220.871 -12.0249 2.94336
220.944 -11.9915 2.94471
220.816 -12.0612 2.94802
220.971 -12.0267 2.9477
220.887 -12.0932 2.94597
220.897 -12.0355 2.94293
220.865 -12.0669 2.94532
220.837 -12.1528 2.94217
220.843 -12.0923 2.94419
220.94 -12.0611 2.94619
220.853 -12.0698 2.94267
220.924 -12.0022 2.94425
220.986 -12.0914 2.9468
221.007 -12.1071 2.9462
220.871 -12.0074 2.94171
220.867 -11.991 2.94441
220.789 -12.0903 2.94604
220.962 -12.0193 2.9445
220.801 -12.1289 2.94685
220.797 -12.0216 2.94325
220.97 -12.0146 2.94574
220.967 -12.0299 2.94669
220.85 -12.0275 2.94491
220.981 -12.0714 2.9468
220.918 -11.9974 2.94414
220.876 -12.1056 2.94602
220.925 -12.0271 2.94548
220.866 -11.9942 2.9445
220.874 -12.0305 2.9434
220.897 -12.0871 2.94452
220.937 -12.1307 2.94703
220.831 -12.097 2.94558
220.824 -12.113 2.94674
220.802 -12.0205 2.94324
220.805 -12.0169 2.94324
220.857 -12.0846 2.94801
220.829 -12.1154 2.9451
220.908 -12.0938 2.94718
220.927 -11.9488 2.94302
220.931 -12.1233 2.94679
220.859 -12.0686 2.94262
220.935 -12.0066 2.94723
220.929 -12.0924 2.94479
220.913 -12.0256 2.94556
220.793 -12.0855 2.94601
220.919 -12.1057 2.94154
220.884 -12.0023 2.94653
220.8 -12.026 2.94342
220.798 -12.0216 2.94338
220.899 -11.9988 2.94268
220.905 -12.1143 2.94549
220.893 -12.0755 2.94512
220.944 -12 2.94543
220.841 -12.0268 2.94489
220.846 -12.0235 2.94489
220.855 -12.0647 2.94263
220.924 -12.0018 2.9442
220.951 -12.0269 2.94675
220.886 -12.0884 2.94682
220.855 -12.1097 2.94328
220.864 -11.9896 2.94482
220.79 -12.0941 2.94606
220.925 -12.0307 2.94378
220.891 -12.1521 2.94008
220.909 -12.064 2.94658
220.913 -12.06 2.94668
220.97 -12.0705 2.94346
220.795 -12.0225 2.94324
220.889 -12.0702 2.94478
220.836 -12.1512 2.94218
220.968 -11.9616 2.94339
221.014 -12.009 2.94232
220.901 -12.1385 2.94579
220.925 -12.0901 2.94469
221.033 -12.0449 2.94505
220.921 -12.02 2.94545
220.911 -12.0136 2.9455
220.904 -12.0452 2.94407
220.86 -12.0544 2.94774
220.961 -11.9892 2.94557
220.888 -12.0527 2.94705
220.797 -12.023 2.94349
220.945 -12.0922 2.94436
221.071 -12.1184 2.94582
220.926 -12.118 2.94493
220.956 -12.0229 2.94528
220.96 -12.014 2.94647
220.988 -12.0499 2.94553
220.872 -12.0087 2.94179
220.865 -11.9867 2.94436
220.862 -11.995 2.94468
220.97 -11.8686 2.94498
220.93 -12.0788 2.9467
220.819 -12.1071 2.94684
220.876 -12.1212 2.94166
220.882 -12.0872 2.94518
220.863 -12.1367 2.94556
220.837 -12.1487 2.94219
220.941 -12.0319 2.94233
220.845 -12.0297 2.94498
220.938 -12.0526 2.94339
220.869 -12.0998 2.94588
220.819 -12.0728 2.94716
220.868 -11.9896 2.9446
220.991 -12.0547 2.94364
220.931 -12.0271 2.94385
220.804 -12.1259 2.94672
220.798 -12.0232 2.94328
220.83 -12.1085 2.94507
220.896 -12.0038 2.9428
220.875 -12.0952 2.94533
220.841 -12.1077 2.94373
220.893 -12.1088 2.94567
220.853 -12.0666 2.94241
220.931 -12.0888 2.94485
220.87 -12.0113 2.94156
220.894 -12.0893 2.94693
220.86 -11.9905 2.94482
220.865 -11.9946 2.94455
220.873 -12.0302 2.9434
221.001 -12.1105 2.94661
220.93 -12.0283 2.94377
220.906 -11.9978 2.94285
220.802 -12.122 2.94687
220.831 -12.0996 2.9456
220.796 -12.0203 2.94321
220.944 -12.157 2.94525
220.834 -12.1104 2.94369
220.833 -12.1461 2.94197
220.937 -11.9968 2.94545
220.87 -12.1355 2.94805
220.882 -12.1021 2.94029
220.984 -11.9918 2.94374
220.96 -11.9719 2.9444
220.854 -12.0041 2.94471
220.918 -12.0165 2.94556
220.909 -12.0965 2.94335
220.859 -12.0172 2.94798
220.902 -12.0898 2.94301
220.799 -12.0164 2.94317
220.974 -12.059 2.9476
220.862 -12.1417 2.94568
220.866 -12.0565 2.94556
220.865 -12.0624 2.94548
220.839 -12.1093 2.9438
220.812 -12.1354 2.94616
220.845 -12.0288 2.94488
220.937 -12.0629 2.9452
220.9 -12.1372 2.94576
220.87 -12.0997 2.94623
220.856 -12.1053 2.94356
220.859 -12.1067 2.94352
220.868 -11.9939 2.94461
220.875 -12.0304 2.94351
220.851 -12.0562 2.94768
220.903 -12.1158 2.94311
220.888 -12.1017 2.94335
220.903 -12.089 2.94291
220.8 -12.0282 2.94321
220.913 -12.0414 2.94482
220.941 -12.1 2.94444
220.938 -12.0697 2.94598
220.933 -12.0705 2.94589
220.925 -11.9529 2.94272
220.836 -12.148 2.94223
220.84 -12.1471 2.94212
221.008 -11.8803 2.94665
220.852 -12.0624 2.94243
220.883 -12.1047 2.94041
220.874 -12.0091 2.94167
220.854 -11.9985 2.94467
220.875 -12.0658 2.94188
221.054 -11.9852 2.94994
220.803 -12.1211 2.94679
220.793 -12.0198 2.94331
220.961 -12.0166 2.94851
220.838 -12.15 2.94202
220.905 -12.1384 2.94284
220.928 -11.9652 2.94638
220.858 -12.0672 2.94236
220.921 -12.1453 2.94385
220.819 -12.0786 2.94736
220.937 -12.0713 2.94214
220.9 -12.15 2.94485
220.969 -11.8741 2.94494
220.913 -12.1167 2.94511
220.852 -12.0339 2.94645
220.799 -12.1247 2.94673
220.939 -12.0521 2.94707
220.793 -12.019 2.94342
220.903 -11.9986 2.94301
220.897 -12.0022 2.94287
220.893 -12.0834 2.94595
220.93 -12.0466 2.94701
220.936 -11.9923 2.94545
220.933 -12.0684 2.9459
220.854 -12.0696 2.94233
220.92 -12.002 2.94405
220.871 -12.016 2.94174
220.913 -12.0936 2.94513
220.916 -12.0669 2.94116
220.873 -12.0727 2.94188
220.888 -12.1074 2.94548
220.789 -12.097 2.94612
220.929 -12.0249 2.94394
220.852 -12.0142 2.94787
220.935 -12.0814 2.94648
220.828 -12.0955 2.94574
220.797 -12.0205 2.94317
220.802 -12.0205 2.94332
220.797 -12.0174 2.94316
220.914 -12.0424 2.94621
220.993 -11.9986 2.94789
220.911 -12.0345 2.94546
220.931 -12.1165 2.94502
220.864 -12.0604 2.94543
220.84 -12.1161 2.94369
220.945 -12.029 2.94233
220.926 -12.0252 2.94576
220.962 -12.0233 2.94642
220.87 -12.0999 2.94606
220.887 -12.1022 2.94045
220.95 -12.0272 2.94768
220.789 -12.0955 2.94615
220.898 -12.0776 2.94442
220.83 -12.0964 2.9455
220.794 -12.0229 2.94331
220.894 -12.0687 2.9449
220.928 -11.954 2.94292
220.841 -12.0905 2.94441
220.834 -12.1733 2.94684
220.83 -12.1758 2.94696
220.961 -11.9627 2.94597
220.869 -12.0993 2.94611
220.92 -12.1216 2.94508
220.959 -12.0145 2.94831
220.91 -12.1319 2.9441
220.877 -12.0729 2.94177
220.974 -12.0824 2.94659
220.803 -12.1278 2.94686
220.801 -12.0208 2.94326
220.802 -12.0191 2.94319
220.97 -12.022 2.94585
220.946 -12.0333 2.94456
220.974 -12.0679 2.94639
220.997 -12.134 2.94363
220.995 -11.9734 2.94743
220.893 -12.0352 2.9447
220.903 -12.0534 2.94572
220.926 -11.9965 2.94405
220.878 -12.0065 2.94148
220.821 -12.0764 2.94756
220.849 -12.0061 2.94472
220.871 -12.0268 2.9434
220.854 -12.1642 2.9445
220.903 -11.9969 2.94289
220.941 -12.0538 2.94503
220.8 -12.0274 2.94314
220.938 -12.0555 2.9472
220.886 -12.0712 2.94509
220.935 -11.9938 2.94553
220.844 -12.0901 2.94427
220.841 -12.0204 2.94497
221.051 -12.0272 2.94585
220.886 -12.0904 2.94704
220.955 -12.1806 2.94596
220.792 -12.0921 2.94606
220.921 -12.1095 2.94151
220.888 -12.1274 2.94572
220.945 -12.0897 2.94621
220.797 -12.0204 2.94313
220.942 -12.0557 2.94737
220.826 -12.1123 2.94531
221.063 -12.0379 2.94514
220.898 -12.0329 2.94288
220.834 -12.1431 2.9422
220.847 -12.0207 2.94495
220.939 -12.0594 2.94504
220.895 -12.0335 2.94466
220.931 -12.0397 2.94454
220.915 -12.0199 2.94527
220.876 -12.0284 2.94344
220.975 -11.9835 2.94542
220.961 -12.0334 2.94855
220.937 -12.0269 2.95065
221.064 -12.0913 2.9437
220.978 -12.102 2.94351
220.889 -12.0824 2.94613
220.928 -11.949 2.94306
220.826 -12.1686 2.94675
220.853 -12.0661 2.94259
220.933 -12.0602 2.94277
220.866 -11.9941 2.94474
220.871 -12.0289 2.94335
220.909 -11.992 2.94294
220.889 -12.0526 2.94692
220.802 -12.017 2.94326
220.868 -12.1164 2.94174
220.879 -12.0928 2.94533
220.927 -11.9469 2.94291
220.865 -12.063 2.94559
220.951 -12.0226 2.94507
220.855 -12.0696 2.94255
220.904 -12.0501 2.94575
220.983 -12.0677 2.94581
220.976 -12.1276 2.94387
220.865 -11.9912 2.94473
220.91 -12.0159 2.94541
220.968 -12.0199 2.94419
220.967 -11.9937 2.9455
220.803 -12.0209 2.94333
220.886 -12.1078 2.94832
220.902 -12.0009 2.94286
220.837 -12.1116 2.94383
220.927 -12.0282 2.94572
220.856 -12.061 2.94255
220.903 -12.096 2.94515
220.858 -12.1152 2.94338
220.861 -11.9882 2.94457
220.85 -12.1625 2.94424
220.908 -11.9931 2.94286
220.851 -12.0171 2.94781
220.938 -12.0551 2.94523
220.906 -12.0972 2.94292
220.801 -12.0171 2.94329
220.896 -12.1091 2.94255
220.881 -12.0886 2.94533
220.841 -12.091 2.94418
220.907 -12.012 2.94907
220.951 -12.1384 2.94678
220.82 -12.0756 2.94726
220.865 -11.9933 2.94453
220.876 -12.0305 2.9434
220.859 -12.0352 2.94643
220.827 -12.0981 2.94581
220.8 -12.0242 2.94313
220.893 -12.0881 2.94616
220.877 -12.0944 2.94534
220.961 -12.1667 2.94577
220.902 -12.1359 2.9459
220.871 -12.0123 2.94167
220.862 -11.9956 2.94457
220.91 -12.098 2.94333
220.912 -12.0978 2.94338
220.881 -12.0058 2.94657
220.95 -11.9895 2.94344
220.797 -12.0227 2.94325
220.859 -12.0892 2.94793
220.954 -12.0367 2.94455
221.079 -12.0631 2.94761
220.841 -12.0938 2.94424
220.851 -12.0688 2.94237
220.925 -12.0361 2.94422
220.877 -12.0123 2.9417
220.85 -11.9981 2.94495
220.853 -11.9989 2.94477
220.914 -12.0648 2.94104
220.793 -12.0922 2.94626
220.9 -12.0247 2.94587
220.899 -12.0828 2.94471
220.936 -12.0817 2.94664
220.8 -12.0208 2.9432
220.919 -12.027 2.94565
220.902 -12.0335 2.94318
220.932 -11.95 2.94304
220.841 -12.0923 2.94419
220.943 -12.0656 2.94552
220.953 -12.0214 2.94113
220.874 -12.0121 2.94158
220.85 -12.0045 2.94468
220.868 -11.9891 2.94458
220.871 -12.0263 2.94332
220.872 -12.0265 2.94328
220.966 -11.9787 2.94349
220.883 -12.1349 2.9457
220.922 -12.104 2.94521
220.8 -12.0195 2.94319
220.797 -12.0219 2.94314
220.897 -12.1045 2.94265
220.905 -12.0387 2.94283
220.838 -12.1187 2.94366
220.969 -11.9601 2.94334
220.957 -12.0225 2.94506
220.944 -12.0676 2.94501
220.878 -12.107 2.94617
220.992 -12.0904 2.94463
220.914 -12.0171 2.94535
220.873 -12.0287 2.94355
220.905 -12.0706 2.94203
220.859 -12.0374 2.94665
220.81 -12.0588 2.94787
220.895 -12.1019 2.94243
220.942 -12.0927 2.9444
220.903 -12.0399 2.94291
220.946 -12.1621 2.94489
220.958 -12.0826 2.94319
220.868 -12.0584 2.94538
220.94 -11.9989 2.94547
220.841 -12.0955 2.94429
220.849 -12.0308 2.94491
220.855 -12.0668 2.94275
220.881 -12.1005 2.94049
220.853 -12.1101 2.94353
220.852 -12.114 2.94335
220.918 -12.0631 2.94122
220.789 -12.084 2.94606
220.969 -7.91398 2.95423
