-40.1502 -58.3523 1.67974
-40.1573 -58.3843 1.67857
-40.2853 -58.321 1.67783
-40.1915 -58.2847 1.6763
-40.202 -58.4727 1.67737
-40.1606 -58.4348 1.67882
-40.1947 -58.3119 1.68159
-40.2104 -58.3611 1.68005
-40.2084 -58.2895 1.6772
-40.2526 -58.3203 1.6788
-40.2312 -58.2858 1.68024
-40.2253 -58.3791 1.67892
-40.1629 -58.3253 1.67774
-40.0985 -58.3909 1.67642
-40.2193 -58.4115 1.67928
-40.1449 -58.334 1.67949
-40.1435 -58.3387 1.67944
-40.1427 -58.3431 1.6794
-40.2092 -58.3285 1.67727
-40.2129 -58.4131 1.67715
-40.1049 -58.3269 1.67743
-40.2395 -58.3411 1.67854
-40.2414 -58.3476 1.67855
-40.1822 -58.3923 1.68141
-40.1073 -58.4107 1.67779
-40.2961 -58.2968 1.68048
-40.2502 -58.3669 1.67531
-40.2314 -58.3002 1.67977
-40.0953 -58.3395 1.67688
-40.0977 -58.3351 1.6771
-40.1866 -58.3706 1.67626
-40.1832 -58.3343 1.67782
-40.1523 -58.4236 1.67856
-40.1761 -58.4663 1.67956
-40.2814 -58.3514 1.67799
-40.198 -58.3811 1.6782
-40.0926 -58.3494 1.67702
-40.0931 -58.35 1.67686
-40.231 -58.3579 1.6802
-40.1141 -58.3547 1.6791
-40.0914 -58.3168 1.67804
-40.0886 -58.319 1.67808
-40.0839 -58.3105 1.67813
-40.1624 -58.3991 1.68004
-40.1652 -58.3989 1.67986
-40.1834 -58.3071 1.67699
-40.1907 -58.3041 1.67692
-40.2076 -58.358 1.67797
-40.2122 -58.3068 1.68028
-40.161 -58.4307 1.67509
-40.1831 -58.3592 1.67956
-40.2155 -58.4094 1.68145
-40.2846 -58.4404 1.67894
-40.1855 -58.4202 1.67777
-40.1497 -58.3933 1.67645
-40.1376 -58.2798 1.6821
-40.1679 -58.302 1.67874
-40.1976 -58.3775 1.67925
-40.2461 -58.4507 1.6782
-40.2284 -58.3968 1.67818
-40.2359 -58.4142 1.67876
-40.1911 -58.2719 1.67758
-40.2641 -58.3308 1.67606
-40.1824 -58.4431 1.67794
-40.1807 -58.4862 1.67692
-40.1316 -58.35 1.67955
-40.126 -58.3482 1.67981
-40.1375 -58.4412 1.68016
-40.1796 -58.3358 1.68096
-40.1862 -58.4197 1.68142
-40.1796 -58.3676 1.67815
-40.1961 -58.3735 1.67736
-40.3234 -58.3162 1.67711
-40.1348 -58.3185 1.68021
-40.1327 -58.3182 1.6804
-40.0609 -58.4493 1.67831
-40.1981 -58.3594 1.67917
-40.2857 -58.4243 1.67855
-40.2452 -58.3769 1.68022
-40.0754 -58.2705 1.67813
-40.2045 -58.3372 1.67913
-40.1491 -58.3717 1.67755
-40.1855 -58.4215 1.67917
-40.1686 -58.338 1.67786
-40.2497 -58.3572 1.67941
-40.1671 -58.4249 1.68069
-40.1674 -58.3781 1.6815
-40.1587 -58.3726 1.6791
-40.2033 -58.4011 1.67735
-40.098 -58.4243 1.67853
-40.2513 -58.3866 1.67891
-40.2035 -58.4352 1.6811
-40.1804 -58.3845 1.68078
-40.1425 -58.3916 1.67436
-40.2022 -58.3677 1.67997
-40.2634 -58.3732 1.67939
-40.1943 -58.3214 1.68149
-40.1786 -58.3654 1.67818
-40.1778 -58.3214 1.6773
-40.2171 -58.3544 1.67915
-40.2227 -58.38 1.67887
-40.2268 -58.4254 1.67943
-40.2199 -58.4233 1.67941
-40.2555 -58.4589 1.67892
-40.1398 -58.3412 1.67943
-40.2088 -58.3277 1.67735
-40.2651 -58.3816 1.67836
-40.1106 -58.3286 1.67731
-40.1905 -58.4242 1.67651
-40.1808 -58.2774 1.67602
-40.2768 -58.3975 1.67553
-40.1058 -58.4049 1.6777
-40.2199 -58.3944 1.67636
-40.231 -58.302 1.67993
-40.189 -58.3686 1.67626
-40.1508 -58.299 1.67569
-40.1574 -58.293 1.67568
-40.1239 -58.4491 1.6783
-40.1244 -58.4474 1.67838
-40.2413 -58.4669 1.67753
-40.27 -58.2672 1.67847
-40.1941 -58.3802 1.67823
-40.228 -58.3703 1.68009
-40.1953 -58.4559 1.67996
-40.0941 -58.3469 1.67683
-40.1156 -58.3576 1.67886
-40.2028 -58.33 1.67496
-40.1614 -58.3221 1.68015
-40.1846 -58.3563 1.67842
-40.2271 -58.292 1.67519
-40.183 -58.3791 1.67547
-40.2504 -58.5289 1.68111
-40.2409 -58.3347 1.67606
-40.2357 -58.3307 1.67614
-40.2705 -58.3147 1.67839
-40.2473 -58.2861 1.67596
-40.2114 -58.4133 1.68049
-40.2915 -58.3678 1.67811
-40.2061 -58.3699 1.67752
-40.2259 -58.3892 1.67813
-40.1845 -58.2822 1.67718
-40.1894 -58.2778 1.67773
-40.1905 -58.2693 1.67769
-40.2512 -58.4142 1.67923
-40.2525 -58.4896 1.67833
-40.1881 -58.4089 1.67731
-40.1825 -58.2915 1.67739
-40.2508 -58.3115 1.68172
-40.1237 -58.3416 1.67968
-40.1753 -58.3354 1.68102
-40.1716 -58.3349 1.68093
-40.2625 -58.2369 1.67667
-40.2843 -58.3536 1.67692
-40.3387 -58.3384 1.67515
-40.3141 -58.312 1.67625
-40.1682 -58.4178 1.68002
-40.1904 -58.3682 1.67703
-40.2839 -58.3142 1.67822
-40.1342 -58.3181 1.68028
-40.1976 -58.4554 1.67807
-40.2003 -58.3649 1.67904
-40.2145 -58.3767 1.67656
-40.1943 -58.3337 1.67736
-40.2013 -58.339 1.67731
-40.191 -58.3389 1.67747
-40.0783 -58.2676 1.67817
-40.0762 -58.2726 1.67814
-40.2457 -58.3414 1.67674
-40.2109 -58.4594 1.67722
-40.2202 -58.389 1.67592
-40.1673 -58.339 1.67787
-40.1726 -58.3424 1.67783
-40.1747 -58.3232 1.68043
-40.3107 -58.3567 1.67992
-40.1728 -58.3775 1.68135
-40.1692 -58.3804 1.68144
-40.1607 -58.3695 1.67911
-40.1496 -58.3629 1.67728
-40.1769 -58.405 1.68008
-40.1499 -58.3563 1.67961
-40.1689 -58.3801 1.68061
-40.2311 -58.2935 1.67818
-40.1948 -58.289 1.67631
-40.2354 -58.406 1.6767
-40.2107 -58.4047 1.6804
-40.2641 -58.3696 1.67955
-40.1957 -58.3197 1.6815
-40.2138 -58.364 1.67986
-40.1764 -58.326 1.67734
-40.1805 -58.325 1.67723
-40.2451 -58.4094 1.67809
-40.2177 -58.3624 1.68084
-40.1975 -58.3612 1.67971
-40.25 -58.4595 1.67898
-40.2225 -58.4332 1.67838
-40.1929 -58.2982 1.67603
-40.1417 -58.3376 1.67934
-40.2124 -58.3279 1.67735
-40.2121 -58.3282 1.67745
-40.1906 -58.4682 1.68022
-40.1963 -58.3914 1.67644
-40.1975 -58.3959 1.67886
-40.2107 -58.3918 1.67845
-40.1078 -58.408 1.67762
-40.1193 -58.4248 1.6761
-40.2166 -58.3928 1.67633
-40.1896 -58.3711 1.67659
-40.1795 -58.3341 1.67783
-40.2407 -58.3437 1.67692
-40.2119 -58.3619 1.67867
-40.1986 -58.3823 1.67822
-40.1635 -58.4606 1.67798
-40.2328 -58.3723 1.68008
-40.2861 -58.2676 1.67755
-40.0871 -58.3184 1.67793
-40.0925 -58.3183 1.67809
-40.1829 -58.3098 1.67697
-40.2417 -58.3365 1.6764
-40.1847 -58.3499 1.6777
-40.1819 -58.3606 1.6797
-40.3157 -58.4565 1.67496
-40.2715 -58.3178 1.67825
-40.2841 -58.305 1.67693
-40.1346 -58.43 1.67916
-40.169 -58.3038 1.67879
-40.2055 -58.3673 1.67759
-40.2428 -58.4999 1.67787
-40.2048 -58.3909 1.67802
-40.2659 -58.3849 1.67843
-40.2505 -58.3785 1.67599
-40.229 -58.3363 1.67705
-40.1785 -58.2952 1.67751
-40.2364 -58.3193 1.67973
-40.1873 -58.3683 1.67929
-40.127 -58.3514 1.67962
-40.1235 -58.3429 1.67967
-40.1308 -58.4425 1.68007
-40.151 -58.3845 1.68047
-40.1552 -58.3855 1.68047
-40.1907 -58.3799 1.67497
-40.265 -58.2395 1.67665
-40.188 -58.4157 1.68138
-40.1646 -58.3628 1.67793
-40.1635 -58.3638 1.67811
-40.1874 -58.3309 1.67858
-40.1946 -58.3315 1.67866
-40.1821 -58.3728 1.67699
-40.1898 -58.3652 1.677
-40.3279 -58.3256 1.67721
-40.2769 -58.3222 1.67821
-40.173 -58.2647 1.67735
-40.1503 -58.3673 1.67923
-40.0601 -58.4465 1.67836
-40.2191 -58.3825 1.67678
-40.276 -58.3511 1.68169
-40.2062 -58.4588 1.68077
-40.2023 -58.3852 1.674
-40.1776 -58.3474 1.67619
-40.0707 -58.2716 1.67814
-40.0742 -58.2667 1.67818
-40.0372 -58.314 1.67747
-40.3551 -58.4125 1.67838
-40.1829 -58.4317 1.6779
-40.1872 -58.413 1.6796
-40.1721 -58.3366 1.67777
-40.1743 -58.3152 1.68052
-40.1766 -58.3715 1.67876
-40.1652 -58.3709 1.68162
-40.1378 -58.3836 1.6783
-40.1624 -58.3337 1.67889
-40.1602 -58.3373 1.6788
-40.16 -58.3353 1.67866
-40.184 -58.4027 1.6799
-40.1685 -58.3988 1.67822
-40.1759 -58.388 1.68066
-40.23 -58.4353 1.67981
-40.2064 -58.4052 1.68041
-40.2053 -58.3675 1.68023
-40.1385 -58.4152 1.67677
-40.1911 -58.3395 1.67892
-40.2106 -58.3617 1.6799
-40.1811 -58.4375 1.6799
-40.1845 -58.438 1.67657
-40.1863 -58.466 1.67708
-40.1754 -58.3185 1.67769
-40.0963 -58.3981 1.67625
-40.1801 -58.4461 1.67886
-40.2136 -58.4063 1.6794
-40.1774 -58.3929 1.67685
-40.2151 -58.4149 1.6773
-40.2621 -58.3722 1.67858
-40.1125 -58.3316 1.6773
-40.1798 -58.3763 1.67755
-40.1781 -58.2739 1.67595
-40.1784 -58.3937 1.68125
-40.2711 -58.3457 1.67678
-40.3265 -58.4393 1.67794
-40.2973 -58.2912 1.68051
-40.2281 -58.2941 1.6798
-40.1605 -58.2984 1.67566
-40.2918 -58.3593 1.67598
-40.2383 -58.3685 1.67697
-40.2004 -58.382 1.68025
-40.2291 -58.374 1.67981
-40.0871 -58.3495 1.67678
-40.2883 -58.2643 1.67733
-40.085 -58.3091 1.67797
-40.1695 -58.3961 1.67995
-40.1861 -58.3081 1.67702
-40.1891 -58.3659 1.67848
-40.1027 -58.3581 1.68234
-40.2271 -58.3007 1.67511
-40.1842 -58.3617 1.67976
-40.1851 -58.4212 1.6777
-40.2127 -58.3824 1.67798
-40.1647 -58.3662 1.67703
-40.1662 -58.37 1.67702
-40.1246 -58.417 1.67835
-40.2423 -58.2896 1.67577
-40.1649 -58.3021 1.67873
-40.1 -58.4273 1.67855
-40.2503 -58.4302 1.67644
-40.2307 -58.4115 1.67669
-40.1924 -58.2901 1.67741
-40.3176 -58.3959 1.67938
-40.2951 -58.5024 1.6767
-40.1814 -58.2997 1.67752
-40.1828 -58.4434 1.67808
-40.1854 -58.3727 1.67949
-40.1295 -58.3444 1.67964
-40.1764 -58.3299 1.68103
-40.2633 -58.2371 1.67662
-40.2016 -58.4223 1.68197
-40.1772 -58.3671 1.678
-40.1917 -58.3235 1.67859
-40.1919 -58.3271 1.67859
-40.2124 -58.4005 1.67572
-40.2468 -58.3748 1.67505
-40.2778 -58.3196 1.67818
-40.1736 -58.2621 1.6772
-40.1382 -58.3706 1.67934
-40.1846 -58.4507 1.67804
-40.2422 -58.3802 1.6783
-40.2046 -58.4482 1.68084
-40.2081 -58.4622 1.68098
-40.1948 -58.3403 1.67752
-40.0696 -58.2706 1.67805
-40.1901 -58.3833 1.67656
-40.2506 -58.342 1.67663
-40.151 -58.3713 1.67745
-40.2081 -58.4262 1.67911
-40.1987 -58.3825 1.67703
-40.206 -58.3775 1.67717
-40.1748 -58.3157 1.68039
-40.1723 -58.4209 1.67953
-40.3658 -58.361 1.67748
-40.1844 -58.3758 1.6769
-40.1789 -58.3801 1.67698
-40.1012 -58.4238 1.67816
-40.1534 -58.3544 1.67971
-40.2261 -58.439 1.67967
-40.2329 -58.29 1.67822
-40.1872 -58.2797 1.67638
-40.1917 -58.2817 1.67641
-40.2394 -58.4507 1.6792
-40.1403 -58.4089 1.67671
-40.161 -58.4349 1.67881
-40.2047 -58.3173 1.68143
-40.2098 -58.3564 1.67998
-40.2064 -58.2878 1.67728
-40.1769 -58.324 1.6773
-40.2515 -58.3203 1.67892
-40.2414 -58.4056 1.67833
-40.1674 -58.3227 1.67791
-40.1808 -58.3834 1.67519
-40.1925 -58.2999 1.6759
-40.1498 -58.3377 1.6794
-40.2066 -58.324 1.67751
-40.1842 -58.4233 1.68247
-40.1935 -58.4345 1.67783
-40.1118 -58.3305 1.67728
-40.2408 -58.3727 1.67765
-40.1811 -58.28 1.67572
-40.1809 -58.395 1.68143
-40.1079 -58.4043 1.67762
-40.2763 -58.3823 1.68053
-40.1534 -58.2995 1.67565
-40.1253 -58.4543 1.67829
-40.24 -58.4665 1.67756
-40.1991 -58.3823 1.68041
-40.2015 -58.3915 1.67951
-40.2743 -58.3714 1.67737
-40.0917 -58.349 1.67686
-40.0925 -58.3468 1.67688
-40.2173 -58.3813 1.67654
-40.0853 -58.3123 1.67824
-40.162 -58.3236 1.68015
-40.1041 -58.3542 1.6822
-40.2416 -58.3387 1.67641
-40.2167 -58.304 1.68052
-40.2158 -58.4134 1.68142
-40.1902 -58.4227 1.67758
-40.1626 -58.3717 1.67709
-40.1674 -58.4321 1.67569
-40.2068 -58.3704 1.678
-40.1322 -58.2829 1.68207
-40.2162 -58.4185 1.68038
-40.1678 -58.3007 1.67857
-40.2018 -58.378 1.67906
-40.1792 -58.4201 1.67874
-40.2241 -58.4206 1.6779
-40.2062 -58.3942 1.67816
-40.193 -58.3222 1.67731
-40.1954 -58.5153 1.67936
-40.1819 -58.2984 1.6776
-40.1829 -58.3964 1.67903
-40.2442 -58.3189 1.67989
-40.2523 -58.3119 1.68162
-40.1343 -58.3464 1.67974
-40.1596 -58.39 1.68055
-40.2765 -58.3413 1.67853
-40.1775 -58.3626 1.67794
-40.1965 -58.3267 1.67848
-40.1782 -58.3488 1.67887
-40.1297 -58.3167 1.68022
-40.2051 -58.3623 1.67891
-40.2645 -58.4061 1.67793
-40.3062 -58.4014 1.68195
-40.0751 -58.2696 1.67824
-40.201 -58.3314 1.67906
-40.252 -58.337 1.67689
-40.188 -58.4247 1.67927
-40.304 -58.3349 1.67957
-40.1782 -58.3213 1.68038
-40.1704 -58.317 1.68041
-40.2686 -58.4527 1.67956
-40.1569 -58.3704 1.67894
-40.1637 -58.3339 1.67887
-40.2502 -58.3904 1.67875
-40.1493 -58.3557 1.67966
-40.1567 -58.3824 1.67886
-40.1678 -58.3764 1.68062
-40.2303 -58.2937 1.67813
-40.2052 -58.4096 1.68027
-40.1707 -58.3454 1.6758
-40.1898 -58.3186 1.68147
-40.2118 -58.3579 1.68005
-40.2011 -58.3696 1.6763
-40.252 -58.3192 1.67905
-40.2118 -58.3667 1.68088
-40.0971 -58.3956 1.67636
-40.0978 -58.3904 1.67633
-40.2192 -58.4045 1.67928
-40.2485 -58.3442 1.6791
-40.1719 -58.3922 1.67662
-40.2091 -58.3308 1.67744
-40.1874 -58.4244 1.68232
-40.2588 -58.3816 1.67829
-40.2352 -58.4816 1.6792
-40.2714 -58.3373 1.67694
-40.1082 -58.4051 1.67762
-40.3448 -58.3742 1.67826
-40.1536 -58.3002 1.67569
-40.1775 -58.3371 1.67799
-40.2826 -58.3461 1.67804
-40.2248 -58.3943 1.67905
-40.1609 -58.4548 1.67796
-40.1971 -58.4508 1.68001
-40.2725 -58.3571 1.67985
-40.1831 -58.4602 1.68125
-40.1832 -58.3083 1.6769
-40.1882 -58.3514 1.67851
-40.1845 -58.3505 1.67773
-40.0896 -58.3935 1.67635
-40.1813 -58.3573 1.67941
-40.1885 -58.4271 1.67759
-40.2062 -58.4474 1.67925
-40.1514 -58.4001 1.67675
-40.1309 -58.422 1.67857
-40.1376 -58.2825 1.68224
-40.1658 -58.301 1.67867
-40.1017 -58.4307 1.67864
-40.2402 -58.4041 1.67812
-40.1762 -58.4141 1.67893
-40.1708 -58.4188 1.67884
-40.2287 -58.3956 1.6783
-40.223 -58.4201 1.67792
-40.1874 -58.275 1.67749
-40.1925 -58.4725 1.6784
-40.1846 -58.297 1.67757
-40.1807 -58.406 1.67931
-40.2358 -58.4301 1.67592
-40.1873 -58.3728 1.67952
-40.1599 -58.3879 1.68062
-40.1752 -58.3322 1.68124
-40.3001 -58.3552 1.6805
-40.3126 -58.32 1.67624
-40.1953 -58.3652 1.67731
-40.1647 -58.367 1.67812
-40.3243 -56.0453 1.66991
