103.767 -25.6983 3.43371
103.735 -25.7242 3.43447
103.836 -25.7559 3.43294
103.884 -25.6866 3.43275
103.867 -25.7717 3.4319
103.876 -25.7551 3.43295
103.928 -25.6823 3.4339
103.802 -25.8006 3.43384
103.804 -25.7998 3.43387
103.827 -25.7418 3.4332
103.804 -25.7494 3.43345
103.848 -25.7524 3.43267
103.839 -25.7885 3.43388
103.815 -25.6588 3.4307
103.978 -25.703 3.43259
103.867 -25.7431 3.43254
103.745 -25.7719 3.43055
103.744 -25.7671 3.43057
103.79 -25.6338 3.43501
103.869 -25.6725 3.43204
103.945 -25.8713 3.42905
103.745 -25.6633 3.43285
103.855 -25.8495 3.43417
103.899 -25.8274 3.43269
103.909 -25.6842 3.43146
103.864 -25.7027 3.42934
103.901 -25.8172 3.43324
103.772 -25.7342 3.4326
103.777 -25.7383 3.43244
103.897 -25.6891 3.43079
104.006 -25.7508 3.4349
103.789 -25.6796 3.43175
103.793 -25.7738 3.42928
103.793 -25.7735 3.4294
103.802 -25.6917 3.43585
103.83 -25.6745 3.43102
103.832 -25.6747 3.43098
103.832 -25.6782 3.43093
103.951 -25.6129 3.4314
103.804 -25.7525 3.43418
103.835 -25.7604 3.43137
103.836 -25.7651 3.43144
103.863 -25.7186 3.43418
103.808 -25.7814 3.43484
103.847 -25.7087 3.43235
103.849 -25.7479 3.43473
103.82 -25.647 3.43262
103.816 -25.6475 3.43268
103.879 -25.7637 3.43141
103.775 -25.7305 3.432
103.766 -25.7256 3.4318
103.844 -25.7035 3.43372
103.773 -25.722 3.43296
103.773 -25.7182 3.43303
103.925 -25.752 3.4346
103.85 -25.7926 3.43393
103.818 -25.6747 3.43028
103.838 -25.6327 3.43319
103.833 -25.6321 3.43286
103.835 -25.6348 3.43313
103.95 -25.711 3.43511
103.871 -25.6783 3.43047
103.867 -25.6841 3.43058
103.777 -25.7443 3.43049
103.828 -25.7189 3.43277
103.791 -25.6464 3.43284
103.71 -25.6442 3.43344
103.713 -25.6432 3.43334
103.847 -25.629 3.43322
103.849 -25.6535 3.43181
103.813 -25.8197 3.43092
103.895 -25.6353 3.43506
103.862 -25.7001 3.43398
103.856 -25.6988 3.43403
103.825 -25.7591 3.43608
103.741 -25.6892 3.43393
103.743 -25.6867 3.43367
103.853 -25.6778 3.43074
103.839 -25.6402 3.4325
103.819 -25.7132 3.43357
103.805 -25.7458 3.42909
103.814 -25.6681 3.43297
103.843 -25.7816 3.42884
103.915 -25.7218 3.43222
103.783 -25.7761 3.43182
103.895 -25.7859 3.43576
103.809 -25.7221 3.4319
103.871 -25.6688 3.4308
103.866 -25.7304 3.42914
103.947 -25.6898 3.43486
103.833 -25.8019 3.43422
103.764 -25.7043 3.43348
103.814 -25.7622 3.43601
103.921 -25.809 3.43288
103.764 -25.6791 3.43068
103.706 -25.7994 3.4306
103.792 -25.7219 3.43367
103.835 -25.716 3.43348
103.791 -25.7497 3.4325
103.791 -25.7529 3.43262
103.796 -25.7471 3.43251
103.838 -25.6524 3.43321
103.841 -25.687 3.42734
103.843 -25.6925 3.42738
103.808 -25.7256 3.43698
103.812 -25.8344 3.43368
103.76 -25.686 3.43237
103.864 -25.7276 3.43071
103.809 -25.7154 3.43194
103.781 -25.7067 3.43571
103.728 -25.7369 3.43404
103.726 -25.7375 3.43398
103.785 -25.7189 3.43143
103.988 -25.644 3.43002
103.953 -25.6804 3.43477
103.92 -25.7485 3.43495
103.771 -25.8192 3.42937
103.749 -25.8724 3.43106
103.786 -25.7218 3.42997
103.878 -25.6905 3.43517
103.853 -25.7017 3.43174
103.883 -25.69 3.43206
103.903 -25.7682 3.43536
103.95 -25.6355 3.43214
103.929 -25.7161 3.43043
103.822 -25.7899 3.43447
103.887 -25.6361 3.43505
103.863 -25.7921 3.43125
103.765 -25.7192 3.43372
103.945 -25.7335 3.43043
103.882 -25.6709 3.4352
103.762 -25.739 3.4316
103.841 -25.7652 3.43217
103.818 -25.6748 3.42986
103.794 -25.6991 3.43241
103.788 -25.7427 3.43045
103.851 -25.6927 3.42905
103.859 -25.701 3.42914
103.892 -25.6412 3.43412
103.859 -25.6961 3.43345
103.834 -25.7692 3.43367
103.885 -25.6481 3.43077
103.799 -25.672 3.43313
103.77 -25.7043 3.4335
103.855 -25.7847 3.43337
103.811 -25.7289 3.43653
103.81 -25.7265 3.43629
103.956 -25.7893 3.43043
103.855 -25.7624 3.43412
103.856 -25.7688 3.43415
103.867 -25.7677 3.43457
103.916 -25.6355 3.43376
103.807 -25.8086 3.43311
103.809 -25.805 3.43306
103.894 -25.7665 3.43545
103.727 -25.7216 3.43311
103.87 -25.7326 3.43086
103.863 -25.736 3.43111
104.015 -25.5469 3.4322
103.898 -25.7313 3.43211
103.788 -25.69 3.4326
103.787 -25.691 3.43257
103.763 -25.7512 3.43034
103.858 -25.6234 3.43632
103.817 -25.6743 3.432
103.837 -25.7486 3.43286
103.835 -25.7536 3.43288
103.778 -25.7166 3.43428
103.78 -25.7196 3.43421
103.878 -25.6778 3.43073
103.882 -25.6852 3.43076
103.917 -25.7632 3.43128
103.879 -25.7357 3.43036
103.869 -25.7664 3.43126
103.837 -25.7145 3.43097
103.901 -25.6279 3.43387
104 -25.7287 3.43467
103.926 -25.6954 3.43284
103.914 -25.6619 3.43384
103.818 -25.874 3.43167
103.829 -25.6834 3.43133
103.862 -25.649 3.43474
103.714 -25.7211 3.43162
103.851 -25.6586 3.43299
103.892 -25.7552 3.43544
103.765 -25.7667 3.43115
103.786 -25.7931 3.43056
103.816 -25.7051 3.43291
103.912 -25.5891 3.43131
103.887 -25.7235 3.43395
103.883 -25.7066 3.43249
103.874 -25.6249 3.42858
103.841 -25.7385 3.43136
103.943 -25.7836 3.43436
103.947 -25.8187 3.43187
103.853 -25.7474 3.4331
103.813 -25.6799 3.43153
103.886 -25.7068 3.43577
103.778 -25.8058 3.43466
103.795 -25.7589 3.43419
103.828 -25.6987 3.43194
103.906 -25.7648 3.43316
103.906 -25.772 3.43337
103.914 -25.7225 3.43575
103.907 -25.816 3.42944
103.77 -25.681 3.42958
103.786 -25.7226 3.43027
103.767 -25.7042 3.43418
104.032 -25.7605 3.4335
103.94 -25.6991 3.43154
103.834 -25.6701 3.42937
103.827 -25.7254 3.4315
103.859 -25.746 3.43406
103.875 -25.7734 3.42863
103.879 -25.7759 3.42871
103.805 -25.6208 3.43005
103.917 -25.7273 3.43509
103.931 -25.7116 3.43167
103.77 -25.765 3.43033
103.803 -25.6221 3.43534
103.901 -25.7572 3.43234
103.814 -25.7289 3.43368
103.813 -25.7207 3.43361
103.814 -25.7177 3.43362
103.883 -25.6587 3.43055
103.919 -25.9082 3.42898
103.933 -25.6434 3.43263
103.812 -25.7895 3.43467
103.856 -25.8543 3.43373
103.749 -25.7791 3.43428
103.83 -25.7484 3.43255
103.839 -25.715 3.43085
103.839 -25.7152 3.43085
103.763 -25.6674 3.43415
103.81 -25.7518 3.43094
103.811 -25.7442 3.43121
103.806 -25.7462 3.43106
103.849 -25.6999 3.43491
103.89 -25.6945 3.43351
103.828 -25.6807 3.4341
103.763 -25.6967 3.43243
103.887 -25.7578 3.42803
103.82 -25.7033 3.43171
103.817 -25.6999 3.43168
103.876 -25.709 3.43167
103.877 -25.7312 3.42905
103.943 -25.8285 3.43228
103.91 -25.7385 3.43199
103.848 -25.7476 3.43726
103.941 -25.7024 3.43586
103.793 -25.6994 3.43207
103.787 -25.6968 3.43224
103.918 -25.6457 3.43447
103.784 -25.8405 3.4298
103.815 -25.6776 3.43221
103.849 -25.6629 3.43373
103.842 -25.6668 3.43336
103.771 -25.7001 3.43373
103.733 -25.6743 3.4334
103.73 -25.6788 3.43332
103.919 -25.5546 3.43206
103.751 -25.7889 3.43071
103.746 -25.784 3.43072
103.885 -25.6465 3.43227
103.801 -25.7316 3.43213
103.8 -25.7997 3.43382
103.832 -25.7438 3.4334
103.764 -25.7411 3.43402
103.849 -25.7588 3.43248
103.842 -25.7828 3.43411
103.889 -25.7153 3.4318
103.89 -25.7167 3.43151
103.832 -25.7987 3.43393
103.89 -25.6473 3.42956
103.791 -25.6304 3.43485
103.789 -25.637 3.43507
103.866 -25.6703 3.43225
103.758 -25.6668 3.43293
103.902 -25.8272 3.43268
103.886 -25.7431 3.4305
103.801 -25.7564 3.43519
103.877 -25.7068 3.4293
103.873 -25.708 3.42944
103.888 -25.6288 3.43437
103.903 -25.8188 3.43321
103.85 -25.7098 3.43501
103.852 -25.7072 3.43489
103.892 -25.727 3.43537
103.952 -25.726 3.43786
103.789 -25.7714 3.42921
103.742 -25.7551 3.43034
103.802 -25.6946 3.43581
103.906 -25.7054 3.43184
103.831 -25.6732 3.43097
103.807 -25.7528 3.43411
103.863 -25.7155 3.43439
103.802 -25.7767 3.43489
103.767 -25.6969 3.43157
103.768 -25.7013 3.43157
103.842 -25.703 3.43219
103.88 -25.7644 3.43293
103.879 -25.7683 3.43291
103.879 -25.7648 3.43137
103.88 -25.7655 3.43131
103.763 -25.7292 3.43176
103.77 -25.7278 3.43199
103.769 -25.7313 3.43218
103.774 -25.7231 3.43316
103.857 -25.8067 3.43675
103.834 -25.6931 3.43193
103.835 -25.6919 3.4318
103.834 -25.6914 3.43173
103.859 -25.6664 3.4314
103.854 -25.6962 3.4315
103.799 -25.7955 3.43107
103.801 -25.7911 3.43113
103.778 -25.7511 3.43045
103.855 -25.5724 3.43486
103.856 -25.5769 3.43502
103.824 -25.7313 3.43287
103.793 -25.6561 3.43265
103.789 -25.6513 3.43271
103.708 -25.6462 3.43344
103.85 -25.6256 3.43317
103.838 -25.7891 3.43364
103.836 -25.7863 3.43351
103.842 -25.6479 3.43151
103.839 -25.6549 3.43164
103.813 -25.8241 3.43069
103.787 -25.8107 3.43305
103.783 -25.8134 3.43307
103.889 -25.6522 3.43118
103.856 -25.6973 3.4338
103.825 -25.7581 3.43603
103.742 -25.683 3.43394
103.823 -25.7871 3.42872
103.843 -25.6328 3.43267
103.84 -25.6388 3.43256
103.808 -25.7431 3.4289
103.857 -25.7498 3.43291
103.807 -25.6638 3.43312
103.923 -25.7209 3.43415
103.768 -25.7357 3.43396
103.821 -25.7394 3.43644
103.91 -25.7175 3.43237
103.916 -25.7184 3.43235
103.791 -25.7439 3.43608
103.809 -25.7142 3.43199
103.867 -25.6798 3.43079
103.867 -25.7295 3.42918
103.952 -25.6912 3.43486
103.836 -25.8006 3.4343
103.83 -25.7994 3.43423
103.77 -25.7058 3.43342
103.896 -25.7357 3.43109
103.846 -25.682 3.43049
103.925 -25.8058 3.43261
103.769 -25.6762 3.43084
103.95 -25.7306 3.4332
103.828 -25.6068 3.43885
103.703 -25.8033 3.43047
103.976 -25.7663 3.43319
103.85 -25.8552 3.43392
103.794 -25.7191 3.4335
103.839 -25.7151 3.43334
103.856 -25.6978 3.43623
103.796 -25.7498 3.4322
103.79 -25.7484 3.43256
103.844 -25.6513 3.43332
103.866 -25.7513 3.43376
103.99 -25.7409 3.43026
103.822 -25.8331 3.43356
103.902 -25.7327 3.43458
103.911 -25.6832 3.43349
103.813 -25.7096 3.43176
103.815 -25.7829 3.43402
103.778 -25.7051 3.43568
103.779 -25.7153 3.43129
103.783 -25.723 3.43147
103.986 -25.6413 3.43002
103.913 -25.7452 3.4349
103.772 -25.8233 3.42926
103.79 -25.7242 3.42995
103.916 -25.7426 3.43363
103.826 -25.5902 3.43636
103.831 -25.5925 3.43632
103.871 -25.7395 3.43376
103.874 -25.7439 3.43367
103.905 -25.779 3.43247
103.93 -25.6867 3.4301
103.838 -25.7009 3.43156
103.838 -25.7013 3.43159
103.824 -25.7901 3.43449
103.831 -25.7905 3.43454
103.854 -25.7877 3.43145
103.778 -25.6983 3.43058
103.78 -25.7008 3.43092
103.762 -25.7215 3.43363
103.857 -25.6504 3.43041
103.883 -25.6724 3.43523
103.76 -25.7458 3.43171
103.841 -25.7635 3.43233
103.841 -25.7625 3.43217
103.855 -25.7288 3.43225
103.973 -25.7587 3.43087
103.77 -25.7894 3.43087
103.795 -25.7384 3.43041
103.788 -25.7413 3.43077
103.782 -25.6932 3.42744
103.852 -25.6902 3.42929
103.826 -25.7619 3.43352
103.878 -25.6022 3.43111
103.793 -25.6744 3.43321
103.853 -25.7794 3.43328
103.961 -25.792 3.43023
103.819 -25.7288 3.43252
103.897 -25.7268 3.43523
103.856 -25.7743 3.43405
103.871 -25.7736 3.43447
103.868 -25.7653 3.43446
103.806 -25.6886 3.43015
103.8 -25.6832 3.42997
103.92 -25.6285 3.4337
103.928 -25.6909 3.43252
103.927 -25.6846 3.43255
103.79 -25.7678 3.43297
103.989 -25.7586 3.42931
103.828 -25.7956 3.4343
103.829 -25.6604 3.42998
103.898 -25.7222 3.43244
103.786 -25.6894 3.43255
103.79 -25.6953 3.43271
104.002 -25.6764 3.43284
103.814 -25.6715 3.43185
103.812 -25.6746 3.43195
103.862 -25.6448 3.42949
103.778 -25.7211 3.43421
103.875 -25.6808 3.43078
103.879 -25.6832 3.43077
103.916 -25.7657 3.43117
103.977 -25.7685 3.43247
103.881 -25.7388 3.43036
103.878 -25.7342 3.43063
103.88 -25.8158 3.43573
103.836 -25.7095 3.43085
103.837 -25.7116 3.43094
103.827 -25.6499 3.43183
103.813 -25.871 3.43168
103.832 -25.6806 3.43125
103.872 -25.6706 3.43202
103.714 -25.7185 3.43172
103.893 -25.7573 3.43558
103.768 -25.7692 3.43122
103.781 -25.7933 3.43061
103.892 -25.7277 3.43446
103.815 -25.7024 3.43289
103.813 -25.7022 3.43293
103.915 -25.6953 3.43405
103.829 -25.6619 3.43544
103.889 -25.7212 3.43411
103.969 -25.7893 3.43425
103.883 -25.7109 3.43231
103.897 -25.6408 3.43822
103.875 -25.6263 3.42853
103.899 -25.7823 3.43379
103.948 -25.7774 3.43427
103.886 -25.7057 3.43566
103.87 -25.6607 3.43516
103.797 -25.7545 3.43392
103.801 -25.7588 3.43402
103.862 -25.7056 3.43363
103.831 -25.6979 3.43202
103.798 -25.7112 3.42928
103.928 -25.6129 3.4321
103.88 -25.7159 3.43507
103.748 -25.8263 3.43254
103.811 -25.7448 3.42977
103.768 -25.7108 3.43415
103.946 -25.7277 3.43537
103.885 -25.7822 3.43414
103.865 -25.7752 3.43508
103.881 -25.7513 3.43198
103.911 -25.744 3.43138
103.944 -25.7484 3.43115
103.86 -25.7567 3.43392
103.853 -25.7508 3.43401
103.819 -25.7441 3.43468
103.87 -25.8203 3.43374
103.831 -25.8819 3.43234
103.912 -25.7265 3.43522
103.761 -25.7817 3.43031
103.806 -25.6257 3.43538
103.923 -25.7637 3.43123
103.926 -25.7594 3.43124
103.922 -25.7652 3.43123
103.811 -25.7199 3.43351
103.875 -25.7927 3.4321
103.956 -25.7071 3.42711
103.88 -25.6519 3.43072
104.806 -28.5277 3.42884
