13.0038 4.04802 0.308619
13.0749 3.98224 0.307637
13.0299 4.02433 0.306124
12.9919 4.11339 0.304161
13.0486 4.07923 0.303418
13.0373 4.00744 0.30606
13.0454 4.12929 0.306618
12.9924 4.12722 0.305562
13.0016 3.98225 0.307561
13.026 4.22682 0.306455
13.0492 4.07647 0.302708
13.0828 3.993 0.308993
13.0456 3.93772 0.305762
12.9826 3.95748 0.309881
13.0033 3.9862 0.308554
13.081 4.0563 0.307281
13.0931 4.10381 0.307211
13.1106 4.07476 0.304874
12.9852 4.04164 0.306869
13.0044 3.86984 0.306138
12.988 4.09134 0.308862
13.0742 4.0939 0.304241
13.0271 3.97261 0.30911
13.0751 4.03583 0.30387
13.0081 4.01771 0.307076
13.0385 4.09895 0.305933
13.001 3.98478 0.306499
12.9863 4.07478 0.30429
13.0705 4.07097 0.308265
13.0022 4.05976 0.306955
12.9227 4.0982 0.310101
12.9912 4.05043 0.308884
13.0362 4.03228 0.304587
12.9959 3.97414 0.309145
13.0509 4.02198 0.308407
13.0257 4.00719 0.307379
13.0265 3.94863 0.302678
13.0126 4.02721 0.307295
13.0451 4.02675 0.30496
13.0576 4.08058 0.30423
13.035 4.11298 0.309556
13.0666 3.99231 0.30644
13.0182 4.02243 0.305629
12.9774 4.0522 0.304923
13.106 4.00148 0.304731
13.0986 4.08372 0.307089
13.1395 4.08202 0.30558
13.1023 4.07278 0.305233
13.0888 3.99401 0.309827
12.9877 3.92441 0.305903
13.0838 4.07759 0.301376
13.0578 3.93613 0.309702
12.9888 3.95829 0.307182
13.1604 4.01949 0.30527
13.1111 4.05512 0.308325
13.046 4.14811 0.305396
13.0918 4.11087 0.304076
13.1059 3.98337 0.309056
13.093 4.02161 0.303401
12.9765 3.99219 0.30554
13.1166 4.07265 0.307015
12.9895 4.02332 0.307666
13.1031 4.04842 0.30474
12.9841 4.0707 0.30522
13.0298 4.06928 0.303133
12.9892 3.96405 0.308757
13.0494 3.95294 0.307678
13.0265 4.13561 0.305785
13.0386 4.00561 0.306316
13.0097 4.05709 0.307002
12.9941 4.10438 0.311795
12.9797 4.06083 0.309314
13.0586 3.94386 0.308458
13.1133 4.01545 0.304796
13.0843 4.08828 0.302037
13.0153 4.09992 0.305372
13.0515 4.0314 0.306487
13.0043 4.02681 0.305217
13.0052 4.06191 0.303602
13.0602 3.94485 0.307667
13.0185 4.11223 0.30185
13.047 3.9701 0.304414
13.1021 4.12567 0.305548
13.0051 4.01619 0.301811
12.99 4.09142 0.303799
13.0134 4.10046 0.306379
13.0374 3.90915 0.306218
13.0676 4.1181 0.303632
13.0993 4.10647 0.305522
12.9802 3.94596 0.304036
13.0359 3.92594 0.307788
12.9807 4.07306 0.306729
13.0111 4.01025 0.307871
13.1212 4.07034 0.307892
12.9614 3.99572 0.307366
12.9841 4.1749 0.305928
12.9723 4.03365 0.303518
13.0434 4.06832 0.305777
13.0622 3.93739 0.304779
13.0226 3.89615 0.305319
13.0432 4.05009 0.305648
13.1114 4.11491 0.305206
13.0784 4.09309 0.306617
12.9903 4.04611 0.30927
13.0645 3.90943 0.308059
13.0697 4.10029 0.306834
13.0364 3.97072 0.303872
13.1087 4.05039 0.303561
12.983 4.03253 0.307995
13.0585 4.02055 0.305809
13.0024 4.03796 0.304447
13.0506 4.01425 0.301227
13.005 3.94107 0.305287
13.0165 3.97871 0.306805
13.0526 4.05756 0.305502
13.0641 4.12856 0.305621
13.1012 3.9381 0.302237
13.0253 3.98017 0.305208
13.1247 4.09982 0.304983
13.0183 3.98846 0.308169
13.0467 4.09375 0.306367
13.0217 3.97471 0.306963
13.006 4.02438 0.304937
13.0103 4.01677 0.302981
13.0202 3.92091 0.304631
13.0458 4.00002 0.305475
13.0742 3.98593 0.307837
13.041 3.91002 0.307297
12.9777 4.10189 0.307507
13.0773 4.02358 0.307555
13.0477 3.98319 0.302213
13.0348 3.97626 0.302999
13.0579 4.01597 0.306898
13.0528 4.02779 0.306572
13.1628 4.13285 0.30069
12.9931 3.99149 0.307852
13.0219 3.96485 0.305855
12.9779 4.07259 0.303157
13.0753 3.94116 0.304
12.965 4.07708 0.309955
12.9962 4.06319 0.309294
13.1377 4.07915 0.305277
13.0105 4.01739 0.304833
13.0578 3.92432 0.307784
12.9838 3.94158 0.309894
13.0435 3.98927 0.309214
13.0106 4.03042 0.30814
13.0287 4.06055 0.307775
13.0542 4.14817 0.302645
12.9922 4.0397 0.306003
13.0772 3.99116 0.307013
13.0097 4.06604 0.305163
13.0919 4.0561 0.305988
13.0485 4.02492 0.306298
12.9992 4.0863 0.306971
13.1112 4.06409 0.30414
12.9796 4.0522 0.304904
13.0175 4.08151 0.305667
13.05 4.01301 0.301712
13.0227 4.0021 0.304947
12.9993 3.9588 0.305302
12.9854 4.00105 0.308257
13.0536 4.01752 0.30422
12.9953 4.16258 0.307064
12.9726 4.14386 0.304121
13.0779 3.99367 0.309174
12.9932 3.97948 0.305681
13.0315 3.92875 0.307174
13.094 3.8899 0.308238
13.0008 4.04655 0.308883
13.0708 4.0235 0.308249
12.981 4.09947 0.303961
13.0595 3.97302 0.306274
12.977 4.00997 0.304658
13.0272 4.03538 0.304886
13.0594 4.02997 0.305888
13.0423 4.01147 0.305441
12.9631 4.00063 0.305242
13.007 4.08759 0.303994
13.0313 3.99402 0.305605
12.9812 4.09299 0.31068
12.9843 4.04905 0.309066
12.958 4.11023 0.310612
13.1201 4.0791 0.30276
13.0114 4.10595 0.302884
13.0553 3.90797 0.31023
13.0552 3.99118 0.302711
13.0232 3.97433 0.304732
12.9684 3.9938 0.309408
13.0414 3.95204 0.304956
12.9453 4.03295 0.305574
13.081 4.05452 0.310956
12.9607 4.13872 0.308209
13.0671 4.15399 0.308452
13.0188 4.01213 0.304195
13.0115 3.90639 0.303545
13.0623 4.00588 0.306604
13.0347 3.98844 0.303094
13.0247 4.0321 0.306798
12.9602 3.92616 0.307606
13.001 3.95156 0.304845
13.0124 3.91574 0.307006
13.0416 3.88916 0.308219
13.1357 3.99848 0.303879
13.0903 4.04523 0.301994
13.1316 4.00116 0.305097
13.0172 4.11881 0.307247
13.0459 4.0571 0.306485
13.0792 4.03483 0.305151
13.0502 4.15153 0.304489
13.075 4.06499 0.304018
13.0045 3.94455 0.307913
13.0377 3.95484 0.30776
13.1322 4.07194 0.306413
12.9978 3.95726 0.307055
13.0008 3.91589 0.303228
12.9305 4.03711 0.305994
12.9641 4.06566 0.305607
12.9879 4.08812 0.304012
13.0582 4.06319 0.303425
12.9888 4.10688 0.308293
13.0002 4.03702 0.30602
13.0595 4.13328 0.306672
13.0588 4.1196 0.305601
13.016 4.00048 0.305189
13.083 4.07565 0.303577
13.0095 4.0556 0.307453
12.9906 4.05572 0.309052
13.0423 4.05001 0.307052
12.9787 4.00393 0.3072
13.0527 4.0018 0.307055
12.9707 4.08606 0.305286
13.0326 4.12702 0.306346
13.0376 4.12933 0.30979
13.0726 4.06218 0.310313
12.9947 4.07455 0.306575
13.0403 4.1367 0.302655
13.0261 4.03957 0.305578
13.037 3.91754 0.305436
13.0573 3.958 0.303598
13.0615 3.99233 0.304802
13.0367 4.00434 0.307343
13.1237 4.07213 0.303832
13.0164 3.9429 0.307846
12.9903 3.98751 0.308269
13.0613 4.05352 0.303774
13.099 3.99745 0.309499
13.0272 4.12049 0.30285
13.0312 3.96214 0.308446
13.0481 3.92377 0.307343
13.0989 4.06212 0.308912
13.0706 3.97558 0.307854
12.9717 4.02132 0.305884
12.9684 4.05997 0.303466
13.0303 4.10109 0.303914
12.9944 3.92825 0.307163
13.0146 4.07672 0.306097
13.0008 3.92306 0.305403
13.0243 4.01755 0.304419
13.0191 4.05209 0.305391
13.0505 4.11494 0.30704
13.0144 4.03845 0.306091
12.9848 4.06201 0.309487
13.0485 3.91115 0.304667
13.0736 3.91334 0.308458
12.9699 4.02489 0.30761
13.0828 3.91339 0.298476
12.9832 4.00507 0.305917
13.0477 4.0627 0.306617
13.0356 3.93186 0.305852
13.0696 4.05476 0.304903
12.9968 4.00503 0.306662
13.0465 4.11835 0.307582
12.9911 4.0668 0.306571
12.9974 4.0988 0.303315
13.1263 4.05537 0.305524
13.0929 4.06224 0.309331
13.0441 4.03246 0.307562
13.0946 4.08503 0.302431
13.0187 3.91323 0.307341
13.0493 3.98486 0.305639
13.0149 4.12268 0.304497
13.1571 4.12302 0.306354
13.1058 4.10868 0.307184
13.0215 4.04878 0.304156
13.0092 3.92245 0.308666
13.0016 4.01567 0.304551
12.9815 4.06155 0.306501
13.0624 4.14043 0.304149
13.1 3.91964 0.30345
13.0056 4.09534 0.304793
13.0461 4.05714 0.303607
13.1249 4.09151 0.30575
13.1388 4.12155 0.302963
12.9899 3.8945 0.301267
13.1433 4.10476 0.305975
13.0471 4.1098 0.306682
13.0107 4.07926 0.303746
13.0771 3.99653 0.304568
12.9653 4.13838 0.300905
13.0655 4.08677 0.309102
13.1052 4.07131 0.305994
13.1188 4.01393 0.301594
13.053 4.1089 0.303748
13.0252 4.03658 0.307431
12.9673 4.04084 0.30825
13.0321 4.04742 0.309915
13.1304 4.03358 0.308833
12.9916 4.08861 0.306076
13.0507 3.94105 0.306292
13.0925 4.07694 0.310449
12.9962 3.98963 0.300755
12.9905 4.14909 0.302878
13.0263 4.15569 0.306056
13.1316 4.09697 0.305849
13.0503 3.99963 0.309358
13.0257 3.90849 0.308525
13.0988 3.94373 0.304734
12.9749 4.06056 0.303123
13.0538 4.00025 0.305724
13.0421 4.03407 0.30155
13.0876 4.0687 0.302674
13.0328 4.04563 0.305928
13.0771 4.08424 0.305872
12.9812 4.02412 0.306113
13.0395 3.97319 0.307759
13.0858 4.0686 0.304601
12.9198 4.05295 0.305718
13.137 4.08226 0.30834
13.0198 4.02755 0.309897
13.0573 4.10326 0.304888
13.0685 4.09656 0.304742
13.0413 3.96931 0.307736
13.0466 4.06269 0.303244
13.0617 4.10321 0.307305
12.9979 4.04234 0.305121
12.9853 3.97673 0.307181
13.0057 4.07535 0.309605
12.9995 4.11067 0.311295
13.025 3.95142 0.304601
13.0955 3.95672 0.307454
13.0519 4.1315 0.302918
12.9943 4.05726 0.306744
13.1072 4.02982 0.308019
13.0046 3.94635 0.307476
13.0656 4.14505 0.310659
13.0396 4.08861 0.307435
13.0272 4.11937 0.307567
13.0345 3.98712 0.302855
13.0582 3.82595 0.303776
13.0651 4.00795 0.301787
13.0093 4.12515 0.308327
12.9921 4.02226 0.302958
13.0148 4.1489 0.30462
13.0027 4.02105 0.303208
13.0424 4.0563 0.310168
12.9531 4.08824 0.304892
12.9826 4.13811 0.305529
13.002 3.98654 0.307341
13.036 3.99658 0.305215
13.0616 4.09126 0.303725
13.0333 3.92675 0.303873
13.107 3.96649 0.303583
13.0294 4.05163 0.303347
13.1397 4.08062 0.303741
13.0521 4.18833 0.306001
13.0682 4.03239 0.308808
12.9886 4.08461 0.30438
13.0317 3.98749 0.304905
13.0017 3.99152 0.306955
13.0012 3.95123 0.305723
13.0103 4.10351 0.304043
13.0566 4.10658 0.306717
13.0417 4.07724 0.303581
13.0611 3.91663 0.309115
13.0773 4.14136 0.303891
13.1007 4.05673 0.303848
13.0043 3.98223 0.307712
13.0802 3.96449 0.308427
13.0701 4.01609 0.305844
13.0582 4.12661 0.304675
13.0188 3.98171 0.305942
13.0113 4.10491 0.307263
13.0137 4.04752 0.307083
13.0069 4.13079 0.307076
13.0882 4.03402 0.305077
13.0484 3.99747 0.303198
13.0551 4.02578 0.309317
13.014 3.99335 0.309617
13.0334 4.12091 0.303982
13.1726 4.05605 0.306563
13.0302 4.15109 0.30487
13.0852 4.00531 0.303838
13.0056 4.12076 0.305831
13.1491 4.06066 0.306421
13.0472 3.97532 0.307289
13.0073 4.05878 0.306529
13.0484 4.04552 0.306142
12.9858 3.99828 0.306898
13.1177 4.02778 0.308094
12.9952 4.08342 0.308146
12.9537 4.09179 0.309969
12.95 4.01795 0.308549
13.0381 4.11417 0.307438
13.0331 4.0443 0.305634
13.0264 4.01626 0.30467
12.987 3.93116 0.304008
13.0654 4.09056 0.305478
13.041 4.02541 0.303698
13.0265 4.09946 0.306934
13.0442 4.02134 0.305369
13.0813 4.06691 0.305254
13.1398 4.03321 0.306064
13.0265 3.945 0.308684
13.0171 3.90991 0.308982
13.0063 4.01722 0.308475
12.9647 4.11554 0.306691
13.0392 4.02411 0.30593
13.0609 3.99313 0.306078
13.0505 4.0957 0.306507
13.0245 4.03495 0.306221
13.0482 4.13748 0.308387
13.0083 4.12476 0.307749
12.9587 4.08736 0.303665
12.9734 4.08736 0.306614
12.9602 4.07985 0.304907
12.9973 4.11584 0.30548
13.0865 4.11415 0.305563
13.0554 4.02418 0.308018
13.0658 4.01272 0.310025
13.0179 4.09927 0.305446
13.0127 4.11861 0.305484
13.0338 3.79563 0.302354
13.0426 3.95059 0.306894
13.007 4.09147 0.306556
13.0165 4.17908 0.306854
13.0387 3.91514 0.303232
13.0285 4.02569 0.303949
13.0516 4.01635 0.302691
13.0547 3.95082 0.306604
12.971 4.02891 0.307884
12.9845 4.13534 0.307205
13.073 3.97074 0.308256
13.0967 4.05299 0.303191
13.0599 4.03385 0.307333
13.062 3.99061 0.306572
13.0556 4.11449 0.306023
13.1471 4.15979 0.301401
13.065 4.07066 0.305769
13.0572 3.9033 0.30789
13.0073 4.04093 0.308686
12.9804 4.01897 0.308471
12.9678 4.07159 0.306228
13.0571 4.05249 0.307659
12.9837 3.8634 0.303686
12.9916 4.15588 0.308056
13.0013 4.0849 0.30413
13.0209 4.14073 0.309052
13.0217 4.10271 0.30672
13.0333 4.03571 0.308891
13.0443 4.1412 0.304364
13.068 3.93254 0.310241
12.9971 4.02616 0.305033
13.0834 3.95741 0.305166
13.0493 4.08073 0.30708
12.9881 4.04485 0.300191
13.0328 4.12154 0.305813
13.021 3.95426 0.308151
13.0589 3.98297 0.306814
13.0224 4.03052 0.305217
13.0389 3.95217 0.305099
13.0727 4.02432 0.305664
13.016 3.98978 0.304976
13.0148 4.01296 0.305004
13.0236 3.93128 0.303177
13.0013 4.03893 0.30424
13.0207 4.10487 0.303377
12.9608 3.94683 0.303604
13.0046 3.94881 0.303361
13.2088 4.09712 0.303653
12.9949 4.04847 0.308718
13.0727 4.04271 0.303348
13.0888 3.94187 0.307993
13.1009 4.13456 0.305741
13.0121 4.03945 0.304366
13.0239 4.06904 0.309894
12.9849 4.07679 0.308049
13.0003 4.07841 0.307991
13.0354 3.99569 0.3066
12.989 3.88262 0.306098
13.0447 4.00656 0.306301
13.0912 4.06192 0.305977
13.0119 3.882 0.302607
12.9963 3.98518 0.303686
13.0141 4.13727 0.308268
12.9856 4.11274 0.307482
13.0229 4.03981 0.303455
13.1003 3.89095 0.302912
13.0653 3.98709 0.305496
12.3733 4.81579 0.308765
13.1293 4.03047 0.305211
13.0076 4.06502 0.30473
12.996 4.02478 0.307485
13.0331 4.02165 0.310003
13.0014 4.07703 0.308424
13.0654 3.98184 0.306042
13.0465 3.92961 0.307694
13.062 4.0245 0.304116
13.074 4.01699 0.305288
12.9719 4.03751 0.30901
13.04 4.0576 0.305614
13.0856 3.91733 0.301602
13.0355 4.02778 0.30569
13.0111 4.09286 0.308608
13.0464 4.08237 0.307019
12.9694 3.95285 0.305408
13.117 3.95145 0.301855
12.952 4.10013 0.306454
12.9499 4.00362 0.307377
12.9846 4.09845 0.305232
12.977 3.90068 0.308938
13.0235 3.93833 0.307628
13.0234 4.14147 0.306276
13.1566 4.01339 0.306834
13.0557 3.99765 0.303603
13.1436 3.98654 0.308465
13.0184 4.01063 0.30452
13.1008 4.02721 0.303214
12.9941 3.98479 0.305557
13.1177 4.02226 0.306806
12.9961 4.10235 0.305735
13.0387 4.00814 0.305204
13.0246 3.98878 0.307423
13.0252 3.97803 0.307732
13.0756 4.01474 0.305261
13.0588 3.9985 0.305194
13.0348 3.97899 0.304191
13.0408 4.01925 0.304942
13.0346 4.02744 0.306054
13.038 3.99808 0.305489
12.9769 4.02027 0.304452
13.0058 4.1092 0.304684
13.0476 4.1183 0.306876
12.9641 4.11467 0.306365
12.9747 4.05496 0.305274
12.9709 4.09817 0.305579
13.0453 3.96085 0.305066
13.0058 3.95103 0.306334
12.9967 3.96957 0.307896
13.0706 4.03852 0.307407
12.976 4.04524 0.307006
13.0401 3.99889 0.305754
13.0007 4.05118 0.307185
13.0661 3.9983 0.306934
13.0091 4.10085 0.310466
13.0568 4.01622 0.30532
13.1986 4.08241 0.301856
13.0255 4.05399 0.305939
13.042 3.97426 0.303228
13.0765 4.08113 0.304569
13.0848 4.1103 0.30746
13.0249 3.9646 0.305362
12.9866 4.06016 0.30231
12.9721 3.98415 0.303959
13.0245 3.98304 0.305676
13.0612 4.04786 0.305051
13.0204 4.07308 0.307402
12.98 4.05389 0.307895
13.1023 4.00433 0.306772
12.998 4.00073 0.307649
13.0369 3.91921 0.307421
12.9951 3.93475 0.306841
13.0538 3.96431 0.306634
13.0897 4.06362 0.306669
13.0608 4.04825 0.30613
13.0478 4.21444 0.304798
12.9871 4.11585 0.30766
13.0309 4.06642 0.304451
13.0387 3.93634 0.305222
13.0329 4.01043 0.305415
13.0598 3.93325 0.302964
13.0551 3.86825 0.308432
13.0533 4.10067 0.306356
13.0377 4.07581 0.306833
13.0876 4.06747 0.30885
13.0718 4.04025 0.302589
13.001 4.04322 0.304515
12.9469 4.10119 0.306177
13.0082 3.97668 0.306611
13.0394 4.15423 0.30677
13.011 4.01074 0.305097
12.9566 4.07039 0.303505
13.0191 4.05969 0.305
13.0505 4.00982 0.305496
13.0169 4.08273 0.307794
12.9863 4.05983 0.306165
12.9348 4.17543 0.305611
12.9938 4.08131 0.30437
13.0135 4.04949 0.303991
13.1431 3.97411 0.304236
13.0164 3.96475 0.306349
13.1424 4.01478 0.30514
13.0284 4.00787 0.307078
13.0531 4.04266 0.307821
13.0214 4.03495 0.307374
13.0586 4.05804 0.305601
13.159 4.06704 0.305906
12.9723 4.02696 0.305271
13.0761 4.07123 0.308404
13.0623 3.91423 0.306794
13.025 4.04917 0.307043
13.069 4.05628 0.304329
13.0654 4.04075 0.30383
13.0822 4.04288 0.305474
13.0478 4.00532 0.307246
13.0769 4.11542 0.304419
13.077 3.96895 0.307022
13.0005 4.07264 0.308704
13.0333 4.07112 0.307469
13.0611 4.04764 0.306719
13.0274 4.09048 0.303221
13.0794 4.11088 0.304421
13.0231 4.07739 0.306568
13.0135 3.9951 0.306568
13.0175 3.9671 0.305507
13.0645 3.99372 0.305329
13.0079 4.05339 0.305132
13.0656 4.1045 0.308572
13.0524 4.04124 0.307533
13.0288 3.97828 0.306671
13.0016 3.92707 0.306137
12.9792 3.98469 0.307272
12.9834 4.04278 0.305538
13.0245 4.05912 0.306406
13.1706 4.00018 0.306663
12.994 4.04336 0.30413
13.0712 3.97481 0.305011
13.0252 4.03123 0.303167
13.0144 4.04912 0.306498
13.0196 4.01989 0.306171
13.0589 3.92029 0.306201
13.0727 4.00456 0.304433
13.0608 4.05302 0.301858
13.0266 4.06489 0.305014
13.056 3.9617 0.30734
13.0532 4.09314 0.305617
13.0368 3.9862 0.307408
13.0201 4.04068 0.306503
13.0318 4.00149 0.305785
12.9777 4.04739 0.304646
13.067 3.94768 0.304047
13.1322 4.00338 0.304892
13.1049 3.9098 0.306654
13.0221 4.01428 0.305028
13.059 4.05406 0.306357
13.0089 4.11225 0.307962
12.9978 4.05439 0.301463
12.9088 4.04699 0.305239
13.0645 3.95555 0.306743
13.0321 4.00716 0.307914
13.0524 3.99576 0.306401
13.0197 4.02578 0.305658
13.1055 4.0784 0.307188
13.056 4.04923 0.304706
12.9919 3.97392 0.30642
13.0492 3.94272 0.307337
13.081 4.04988 0.302183
13.0492 4.09391 0.308461
13.0849 4.08611 0.306747
13.0241 4.04288 0.307597
13.0331 4.04748 0.30326
13.0549 4.05022 0.304643
13.0387 4.05637 0.307832
13.0594 3.92287 0.30542
12.9783 4.06918 0.30586
12.9641 4.05218 0.308192
13.1023 3.9692 0.304002
13.1571 4.03796 0.307313
13.067 4.09883 0.303174
12.9783 4.08409 0.3072
13.0644 4.06915 0.303549
13.0524 4.07841 0.306239
13.1128 4.04679 0.304067
13.0169 3.93285 0.307592
13.019 3.96586 0.306659
13.0131 3.95732 0.305767
13.0519 4.10861 0.305745
13.0192 4.1087 0.305874
13.0207 3.97302 0.305252
13.0831 4.11124 0.301474
13.0215 4.0183 0.305501
13.0862 3.94804 0.303573
13.0384 4.03892 0.305577
13.0495 4.06376 0.305636
13.0352 4.06865 0.306865
13.1084 3.99146 0.305428
13.0002 4.12325 0.304961
12.9999 3.98669 0.307158
13.0113 4.10925 0.304434
13.0245 3.9731 0.306514
13.0438 4.01053 0.302762
12.9967 3.96677 0.304797
13.0044 4.0038 0.30649
13.0318 4.00836 0.304968
13.0317 4.05816 0.304427
13.0906 4.1646 0.307514
12.9986 4.09206 0.302261
13.1082 3.99305 0.304661
13.0314 4.08809 0.307637
13.0582 4.10897 0.30648
13.071 4.04651 0.302561
13.046 3.97193 0.302361
13.027 3.99558 0.305682
13.0241 3.95969 0.306998
13.011 3.97834 0.308787
13.0405 4.06583 0.307286
12.9914 3.99265 0.305554
13.0276 4.00892 0.308156
13.05 3.95066 0.304202
13.0538 4.05154 0.304225
13.025 3.95385 0.307123
13.006 4.04418 0.309099
12.96 4.01906 0.307548
13.0042 4.06572 0.307587
13.0817 4.01451 0.305477
13.0767 4.0069 0.305433
13.0003 4.10093 0.305798
13.0586 3.98216 0.304586
13.0245 4.07927 0.306108
13.0487 4.05231 0.306217
13.0954 4.12342 0.304192
13.0797 4.04538 0.304691
13.0186 3.97162 0.306229
13.0515 4.04609 0.302666
13.0524 4.09256 0.305991
13.0652 4.08531 0.304595
13.0591 4.08872 0.304196
13.0475 3.93519 0.306583
13.0219 4.0552 0.305562
13.0654 4.07562 0.305753
13.0894 3.99038 0.306698
13.0252 3.97317 0.304414
13.0819 4.16949 0.303734
13.0468 4.01197 0.304257
13.1005 4.097 0.305729
13.0198 3.91566 0.306479
13.0936 3.97705 0.306938
13.026 3.9937 0.306254
13.0218 4.01349 0.307443
13.0215 4.02042 0.304228
13.0856 4.01219 0.306473
13.0551 4.01519 0.307372
13.005 4.08005 0.304423
13.1351 4.06532 0.305762
13.0483 4.1387 0.30645
12.9886 3.89165 0.306233
13.0751 4.06058 0.306799
13.0411 3.95107 0.305868
13.03 4.02019 0.305474
13.0319 3.96136 0.307569
12.9901 4.01434 0.308381
13.0037 3.96909 0.3072
12.9854 4.09006 0.307237
12.9823 4.03057 0.307419
13.0569 4.09592 0.306998
13.0353 4.00095 0.308903
12.9781 4.1494 0.305553
12.9552 4.09994 0.304104
13.0036 4.04654 0.30732
13.0421 4.07004 0.309422
13.0799 4.08191 0.305565
13.065 3.94032 0.308859
13.054 3.95118 0.305742
12.9828 3.98953 0.305691
12.9567 3.98123 0.303789
13.1169 3.88661 0.306667
13.154 3.94989 0.30769
13.0399 4.0953 0.308549
13.0522 3.99114 0.305655
13.1402 4.17279 0.302099
12.9856 3.92637 0.304429
12.9785 4.0322 0.304381
13.1133 3.97439 0.305691
13.0295 4.07723 0.306952
13.013 4.06653 0.308254
12.9925 3.97791 0.308314
12.9661 4.13421 0.305775
13.0047 3.9491 0.309505
13.0468 3.99465 0.304621
12.976 3.94362 0.306791
13.0828 4.00051 0.305346
13.085 3.92313 0.302888
13.0313 3.87009 0.3084
13.0564 4.05204 0.304466
12.997 4.02947 0.308184
13.1282 4.00065 0.306296
13.05 4.07119 0.305423
13.0669 4.09462 0.307376
12.961 4.02251 0.3062
13.0178 4.03167 0.306623
13.0165 4.14321 0.305115
13.0388 3.96318 0.305525
13.0671 3.93741 0.307654
13.0245 3.98012 0.306031
13.0442 4.04634 0.304211
13.0448 4.02117 0.305343
13.0944 4.05089 0.303823
12.9677 4.02318 0.305292
13.0278 3.95252 0.305044
13.0294 4.12976 0.308281
13.0034 4.11147 0.306755
13.0244 3.99328 0.305242
13.0226 4.06289 0.30639
13.0275 4.00632 0.306494
13.0495 4.01909 0.307753
13.0478 3.98852 0.306944
13.0565 4.01392 0.308388
13.0349 4.04086 0.308789
13.0622 4.04321 0.309317
12.9863 4.02586 0.307735
13.0061 4.03209 0.304853
13.0089 4.00216 0.303955
13.0339 3.9881 0.302873
13.1037 4.02351 0.304928
13.0517 4.01115 0.302613
12.9975 4.06526 0.306132
13.0087 4.038 0.30302
13.0724 4.04192 0.305509
13.0242 3.99391 0.305555
13.0907 3.989 0.303332
13.003 4.06423 0.305705
13.0352 4.03435 0.304161
12.9874 3.98651 0.304505
12.9774 4.03666 0.306764
13.0779 4.03694 0.306176
12.9793 4.11607 0.307836
13.0029 3.97071 0.304302
13.0844 3.93741 0.302412
13.0031 3.99006 0.306039
13.0194 4.08361 0.30749
13.0455 4.04632 0.307157
13.0465 3.93766 0.30658
12.9876 3.97634 0.304796
13.1587 3.99115 0.306402
13.029 3.93738 0.306975
13.0394 4.07851 0.304412
13.0408 4.01768 0.304255
13.0136 4.084 0.306804
13.0173 4.05358 0.302034
13.1296 4.00663 0.306121
13.1031 4.02752 0.306585
13.0866 4.08913 0.305832
13.0048 4.09268 0.303558
12.989 3.97697 0.30719
13.0558 4.00591 0.305186
13.077 3.99962 0.305155
13.0531 4.03767 0.306635
13.0849 4.0141 0.305095
12.9825 4.00114 0.304786
13.0603 4.12892 0.307846
13.0353 4.04288 0.308266
13.0059 4.09159 0.305333
13.0845 4.0685 0.303638
13.0418 4.03461 0.303983
13.0379 3.96216 0.305648
12.9557 3.9696 0.306722
13.0089 3.97741 0.308262
13.0482 3.97497 0.309014
13.0191 4.02977 0.307263
13.0146 4.09736 0.308103
13.0745 3.99946 0.306745
12.9999 4.01027 0.304283
13.06 3.99668 0.305188
12.9831 4.05345 0.30925
13.0006 4.01597 0.30536
12.9779 3.96639 0.304616
12.9814 4.09144 0.303123
13.0719 4.05659 0.303069
13.0432 3.97607 0.305601
13.018 4.02098 0.302865
13.0538 4.09731 0.306443
13.0253 4.07695 0.305985
13.0249 3.95324 0.304271
13.0348 3.9359 0.303701
13.0716 3.97961 0.306388
13.0432 4.09685 0.303341
13.1311 4.06806 0.307614
13.053 4.09804 0.305997
13.0152 4.08099 0.306949
13.0275 4.08817 0.305894
12.984 4.05593 0.308196
12.951 4.06229 0.307116
13.1943 4.0015 0.305528
13.0019 3.92971 0.307362
12.9822 3.93359 0.306615
12.9902 3.98438 0.30584
13.173 4.04167 0.302716
13.0687 3.99503 0.304514
13.0379 3.97502 0.307979
13.1359 3.98509 0.306839
12.9886 4.03127 0.305609
13.0032 4.09177 0.306531
13.022 4.04517 0.307156
13.0487 4.0351 0.303654
13.0314 4.0288 0.306972
13.0337 4.1413 0.306444
12.9994 4.03829 0.305547
12.9802 4.02326 0.307669
13.0428 4.12983 0.306146
13.046 4.08199 0.303772
13.0964 4.04776 0.305377
12.9852 4.01612 0.307455
13.1437 4.06837 0.305508
13.0365 4.09406 0.30707
13.0528 4.11033 0.307445
13.0686 4.0937 0.308419
12.9755 4.07881 0.305777
13.0556 3.95467 0.304141
13.1135 3.99204 0.304308
12.9885 3.94005 0.308969
13.027 4.00595 0.306968
13.0301 4.05935 0.306124
13.016 4.04151 0.305882
13.0831 3.99861 0.309183
13.0068 4.02757 0.303312
13.0546 4.07088 0.306129
12.986 3.97172 0.307146
13.0214 4.08935 0.308965
13.0529 4.0502 0.304252
13.0478 4.0474 0.305528
13.1299 4.05779 0.306432
13.0471 3.99419 0.307282
13.0753 3.97449 0.302871
12.9909 4.01849 0.306301
12.9646 4.00892 0.305015
13.0372 3.98173 0.306516
12.9482 4.06532 0.306073
13.0594 4.08402 0.309622
13.0358 4.09494 0.304912
13.1207 4.11242 0.301747
13.0066 3.94927 0.306072
13.0219 4.05928 0.30855
13.0229 4.03086 0.304564
13.0663 3.99165 0.306628
13.1121 3.97017 0.30355
12.9989 4.07069 0.306382
13.0525 3.96496 0.306105
13.0122 4.09374 0.305932
13.0614 4.09634 0.307413
13.0339 3.94655 0.306259
13.0635 4.04594 0.305262
13.0409 4.00466 0.302749
13.0397 4.06604 0.305986
12.9579 3.9199 0.30497
13.0423 4.01335 0.307326
13.0705 4.10488 0.306494
13.0548 4.08186 0.301177
13.0473 3.96197 0.307319
13.0199 4.03765 0.30418
12.9783 3.93457 0.303092
13.0346 4.02915 0.304644
13.0232 4.0266 0.30543
13.023 3.98449 0.308341
12.9802 3.97414 0.307853
13.0929 4.04568 0.307285
13.0946 4.0561 0.305805
13.0543 4.04017 0.30617
13.0078 4.07565 0.307999
13.0237 4.10306 0.306093
13.0249 3.95551 0.306651
13.0076 4.0589 0.304825
13.0631 3.99298 0.304384
12.996 4.02634 0.30578
13.0511 3.96519 0.308837
13.0458 3.99293 0.3076
13.0079 3.99895 0.307477
13.0742 4.0388 0.307167
13.004 4.06979 0.305239
13.0738 4.01975 0.304646
12.9955 4.02945 0.303257
13.0156 3.95346 0.308328
13.073 4.0192 0.301903
13.1188 4.06638 0.302995
13.0159 4.02889 0.309578
13.0105 4.03384 0.305263
13.07 3.99898 0.307568
12.9865 4.01815 0.305687
12.9968 4.0188 0.306172
12.9995 4.04915 0.304894
13.0905 3.95282 0.308696
13.0538 4.06819 0.306615
13.0362 4.02561 0.308414
13.0864 3.99297 0.307939
13.1256 3.9847 0.302986
12.979 4.02057 0.305406
13.0252 4.09292 0.308361
12.9875 4.07258 0.305087
13.0449 4.05078 0.306809
13.0893 4.0075 0.306689
13.6397 4.53786 0.301203
12.9872 4.02089 0.306772
13.0196 4.0174 0.299773
13.0746 4.02421 0.301636
12.9741 3.99538 0.304668
12.9741 4.12761 0.309899
13.0235 4.11385 0.304849
13.0735 4.10719 0.306041
13.0624 4.0009 0.305023
13.0815 4.06499 0.306259
13.0628 4.08424 0.305835
13.0277 4.10281 0.308207
13.0617 4.08284 0.30506
13.0016 4.0752 0.302234
13.0361 4.06137 0.303613
13.0954 4.16311 0.305534
13.0357 4.13797 0.307829
13.0194 3.97226 0.304273
13.0283 4.05908 0.30991
13.0142 4.08186 0.309987
12.9698 4.06592 0.306032
13.0013 4.09076 0.310294
13.0614 3.97414 0.303193
13.0379 3.99846 0.305459
13.0624 4.03577 0.306088
13.0393 4.05143 0.304065
13.047 4.08801 0.308493
12.9538 4.06791 0.306105
13.0654 4.00974 0.299083
13.0767 4.0684 0.306874
13.1047 3.98679 0.304091
13.0979 3.99263 0.301558
13.039 4.06235 0.307346
13.0724 4.05338 0.307119
13.0817 3.99607 0.3064
13.0407 4.15074 0.306046
13.0278 4.02528 0.30473
13.0237 4.01235 0.3076
13.0516 4.03287 0.304887
13.0666 4.04179 0.303669
13.0552 4.05693 0.304104
13.0252 4.09817 0.304911
12.9983 4.0467 0.305476
13.0042 4.10943 0.305844
13.0443 4.07289 0.307047
13.0407 4.02443 0.303287
13.031 3.92767 0.305542
13.0199 3.99498 0.306927
13.0884 4.05334 0.308579
13.0116 4.11687 0.310037
13.1163 4.05547 0.305252
13.01 4.12551 0.308305
13.0654 4.10164 0.305095
13.0173 4.06675 0.306832
13.1197 3.99769 0.305426
13.0154 4.01107 0.305953
12.9725 3.95309 0.308057
12.9995 3.97756 0.303555
13.0677 3.99869 0.303612
13.0765 4.04438 0.308803
13.0474 4.10986 0.310888
13.0414 4.01903 0.30649
13.0976 4.10687 0.305649
13.0507 4.02134 0.30677
13.0201 4.13047 0.308411
13.0315 4.15245 0.30886
13.034 4.09867 0.306544
13.0241 4.03972 0.307471
13.0489 4.09851 0.307704
12.9962 3.97915 0.306461
13.0227 4.05194 0.304696
13.0979 4.03899 0.303153
12.9905 4.07806 0.305551
13.0924 3.9859 0.304122
13.0402 4.08675 0.304366
13.0178 3.93451 0.302885
12.9834 4.10783 0.304789
13.0377 4.03158 0.306308
13.0649 4.06453 0.304861
13.0146 4.02645 0.302358
13.0115 4.03099 0.301429
13.0268 4.04612 0.304205
13.0492 4.13927 0.309725
13.0332 4.06834 0.306471
13.0497 4.10661 0.303015
13.0162 4.11487 0.306966
12.9516 3.91874 0.306133
13.081 4.16852 0.307979
12.9936 4.04394 0.304045
13.0157 4.12191 0.305914
12.9683 4.04734 0.305299
13.1106 3.9933 0.305134
13.0341 4.04648 0.30667
13.052 4.00609 0.306822
13.0116 4.01296 0.304082
12.9857 4.09031 0.306324
13.1056 4.02131 0.305775
13.0122 4.0397 0.309795
12.9938 3.98005 0.305685
13.0536 4.12204 0.304824
12.9833 4.03692 0.304765
12.9902 3.90928 0.300277
13.0954 4.12462 0.30527
12.9997 4.04887 0.307799
12.9896 4.06 0.307606
13.0161 4.07983 0.305179
12.9576 3.9788 0.307673
12.967 4.00832 0.306986
13.0574 4.00068 0.302191
13.0939 4.10486 0.302572
13.0215 4.12647 0.304149
13.0128 4.11775 0.305079
12.9842 4.1986 0.308129
13.06 4.10004 0.309716
13.0212 4.06188 0.308038
13.0718 4.07429 0.30611
13.0557 3.97499 0.304579
13.019 4.05139 0.304692
13.0204 4.03172 0.305517
12.9779 4.04299 0.305866
13.0453 3.96104 0.306863
13.0412 4.01938 0.308286
13.0558 4.08378 0.306175
12.9581 4.06658 0.305873
12.9931 4.11276 0.309184
13.005 4.12853 0.309757
13.013 4.06924 0.304343
13.0013 4.07761 0.30547
13.066 3.96295 0.305798
13.0047 4.09438 0.309046
12.9856 4.13187 0.308562
13.0739 4.15471 0.306677
13.0948 4.07329 0.303979
13.0319 4.05525 0.305695
13.0395 4.13276 0.305416
13.0349 4.11583 0.30483
13.0602 4.06282 0.310215
13.0118 4.01961 0.31056
13.0131 4.11671 0.305961
13.0711 4.1464 0.307158
13.0522 4.05283 0.308093
13.0214 4.14371 0.304931
13.0515 3.99168 0.308637
13.0474 3.99262 0.307093
13.0471 4.07268 0.309141
12.9467 3.99684 0.308532
13.0214 4.12814 0.304456
13.0131 4.06002 0.306959
13.0635 4.09464 0.304617
13.0289 4.06613 0.303491
12.9928 3.97064 0.303308
12.9902 4.0792 0.304434
13.0568 4.07616 0.310366
13.1432 4.0635 0.303648
12.9842 4.1083 0.306717
13.03 4.05556 0.306131
13.0364 3.94359 0.306629
13.0015 4.02405 0.30577
12.9913 4.0755 0.306945
13.0327 4.10351 0.30777
12.983 4.02746 0.304361
13.0512 3.97762 0.305792
12.9993 4.00853 0.306989
12.9687 4.11142 0.304697
13.0823 4.03429 0.303464
13.0192 4.0373 0.30677
13.0253 4.11665 0.304887
13.1133 4.06844 0.306926
12.9814 4.12534 0.30842
13.0714 4.07034 0.301736
13.0146 4.17241 0.306
13.0542 3.90109 0.306439
13.0525 4.02861 0.306013
13.0698 4.04171 0.306296
13.1079 4.05736 0.303165
12.9959 4.00291 0.303769
13.0794 4.03159 0.303995
13.0108 4.09935 0.305119
13.0365 4.05047 0.301869
13.0136 4.00595 0.305139
13.0157 4.01127 0.308692
13.0435 4.08644 0.306749
13.0716 3.97658 0.30706
13.0423 3.93422 0.306842
13.0369 4.06987 0.305174
13.0541 4.04254 0.306673
13.0024 4.17657 0.309602
13.0112 4.05354 0.304767
12.9502 3.99607 0.30804
13.067 4.00776 0.302047
12.9982 3.98476 0.307792
13.0479 4.05152 0.308582
13.0272 4.00919 0.30628
12.9534 4.12258 0.30633
13.0291 4.08994 0.305162
13.0311 3.89965 0.303516
12.986 3.95185 0.307211
13.037 3.97987 0.304801
13.0443 4.12145 0.30699
13.0507 4.00703 0.303872
13.0245 4.11058 0.30677
13.0228 4.09067 0.30339
13.0191 4.04306 0.305437
12.9754 3.99193 0.305794
13.0633 4.05966 0.303016
13.0853 4.10933 0.309155
13.017 4.13678 0.306279
13.0492 4.1441 0.306876
13.0971 4.15135 0.307092
13.0262 3.95698 0.308239
13.029 3.97806 0.306282
13.049 4.10977 0.30465
13.0335 4.14201 0.309125
13.0294 4.12478 0.304755
13.124 3.99719 0.304922
13.0257 4.12935 0.305502
12.9978 4.0742 0.307643
13.0914 3.98677 0.308345
13.0164 4.05129 0.304565
13.0324 3.99402 0.306252
13.0415 4.09508 0.305384
13.0672 4.0683 0.306825
13.0484 4.05013 0.309054
13.0676 3.96664 0.307146
13.0419 4.08095 0.301941
13.05 4.03564 0.30462
13.097 4.04435 0.307592
13.0775 4.02351 0.305143
12.9538 4.04445 0.30953
13.0087 4.14951 0.305785
13.0301 4.02282 0.307225
13.0311 3.95427 0.306654
12.9687 4.0195 0.306978
13.0641 4.00988 0.302909
13.1276 3.998 0.304154
13.034 4.02381 0.304248
13.0343 4.14 0.30899
13.0514 4.05166 0.30415
13.1063 4.08353 0.303766
12.9501 4.14296 0.304895
13.1065 3.96339 0.306125
12.9986 4.03627 0.303055
13.0538 4.00062 0.305684
13.0767 3.99016 0.30612
13.0256 3.96471 0.310662
12.9949 4.05638 0.302095
13.0506 4.02904 0.305614
12.97 4.06359 0.305778
13.0619 4.13409 0.308979
13.0295 4.13105 0.306642
12.9903 3.93316 0.304149
13.0039 4.07403 0.305867
13.0421 3.90913 0.308962
13.1002 3.92814 0.30744
12.9741 4.04872 0.305441
13.0281 4.09406 0.30972
13.0196 4.10724 0.303998
12.9579 4.10724 0.306996
13.0315 4.14123 0.310077
13.0211 4.13197 0.306824
13.0503 4.11996 0.307649
13.025 4.07675 0.30738
13.06 4.12262 0.304734
13.0088 3.94694 0.306951
12.968 3.9777 0.304797
13.0168 4.05093 0.30941
13.0253 4.01822 0.309689
13.0205 3.92791 0.306842
12.9521 3.99888 0.306267
12.9927 4.03863 0.304946
13.0228 4.02775 0.306536
13.0156 4.03855 0.303587
13.0866 3.94453 0.308243
13.0165 3.98344 0.301882
13.0359 4.00317 0.304906
13.0169 4.15512 0.308721
13.0475 4.00502 0.305154
12.9814 4.02935 0.307294
13.0126 4.00568 0.306583
13.0316 3.96737 0.305196
13.0119 4.10116 0.305898
13.0046 3.9996 0.306536
13.0312 4.06237 0.307347
13.0584 4.04536 0.300858
13.0172 4.12095 0.305481
13.0088 4.00503 0.305813
13.0477 3.99141 0.30444
13.0461 3.98158 0.303081
13.0522 4.03384 0.306432
13.0448 4.02612 0.303764
13.0584 3.92418 0.306181
12.9897 4.04612 0.302543
13.0908 4.19018 0.303599
13.0704 4.02367 0.304316
13.0633 4.06162 0.305952
12.9659 3.91047 0.303865
13.0455 3.95884 0.307951
13.0343 4.09685 0.307624
13.0794 4.12563 0.303491
13.0134 4.00423 0.305733
12.9928 3.9936 0.306009
13.0053 3.98619 0.303255
13.0633 4.06484 0.303777
13.0327 4.0994 0.306273
12.9886 3.9979 0.302402
13.0718 4.1228 0.303337
12.9852 3.88128 0.306695
12.9908 3.90667 0.306275
13.0337 4.12808 0.306302
13.0572 4.10131 0.305444
13.0461 4.05047 0.307362
12.996 3.92466 0.304945
13.0651 4.02453 0.302961
13.0906 4.02384 0.304998
13.0513 4.15433 0.305802
13.0024 4.09689 0.307164
13.0228 4.08231 0.308521
12.9876 4.04276 0.302757
13.0595 4.03374 0.302598
13.0514 4.01789 0.304235
13.0716 3.98662 0.30575
12.9465 4.04535 0.30885
13.087 3.99393 0.304858
13.1642 4.09341 0.306607
13.04 3.97537 0.30848
13.0748 4.10605 0.308141
12.9641 3.94042 0.301884
13.0301 4.146 0.30958
13.0285 4.0738 0.303528
13.0411 4.0435 0.30561
13.0358 4.09421 0.306486
13.0484 4.01441 0.304591
12.9982 4.00115 0.308305
13.0475 3.96151 0.30517
13.0217 3.94415 0.304371
13.0638 4.11361 0.303227
13.0171 4.05562 0.304868
12.9939 3.98156 0.30499
13.0213 4.09234 0.307728
13.0165 4.03787 0.309291
13.0271 4.09302 0.302765
13.11 4.09437 0.305696
13.0503 4.07349 0.304799
13.0553 4.07845 0.307599
13.0023 4.03435 0.304181
13.0052 3.93059 0.306823
13.1288 4.00109 0.30424
13.0703 4.17038 0.306158
13.036 4.07713 0.308973
12.97 4.12861 0.307705
13.075 4.10258 0.305325
13.0534 3.97661 0.304751
13.0952 4.03782 0.307537
13.0193 3.96924 0.305968
13.0081 3.98734 0.308817
13.0353 4.04975 0.310824
13.0755 3.98039 0.305604
13.079 4.07606 0.30489
13.022 4.08992 0.304065
13.0008 4.00438 0.303203
13.0131 3.95413 0.30388
13.1067 4.04009 0.305888
12.9848 4.05382 0.307213
12.9774 4.04743 0.305312
13.0502 4.0884 0.307605
12.9994 3.99681 0.307602
13.0726 4.01482 0.30264
13.0304 4.09217 0.306519
13.0288 4.09613 0.308141
13.0059 4.08924 0.305962
13.0669 3.93634 0.306653
12.9971 4.0098 0.303933
13.0495 3.98444 0.304441
13.0706 4.02289 0.308646
12.9919 4.07327 0.30356
13.1023 4.10612 0.305648
12.998 4.11979 0.30328
13.0435 4.0676 0.306886
12.994 3.93341 0.308602
13.0562 4.02508 0.305465
12.9989 4.06744 0.308813
13.1233 4.10783 0.306081
13.1033 3.99393 0.303838
13.0763 3.9835 0.305997
13.0049 3.99698 0.304567
13.0095 4.11381 0.305781
12.9972 4.09642 0.304196
13.0311 3.99734 0.301852
13.0394 4.06252 0.310289
13.0273 3.97161 0.306402
13.0641 4.08153 0.309647
12.9779 4.07765 0.303655
13.0365 3.9429 0.307998
13.0045 3.95048 0.301966
13.0941 4.04985 0.303723
13.0086 4.03515 0.308034
12.9789 4.01909 0.308045
13.1065 4.15489 0.30256
13.0142 4.12925 0.305618
12.9726 4.00175 0.30599
12.9969 4.10624 0.308631
13.0175 4.14524 0.305824
13.0164 4.0066 0.302811
12.9904 4.04582 0.304366
13.0378 4.07705 0.307616
13.056 4.14752 0.302282
13.0084 3.97591 0.303948
13.06 4.00848 0.306275
13.0157 4.07371 0.307379
13.0691 4.07122 0.30484
13.0122 4.03091 0.303664
13.016 4.0206 0.305254
13.0571 4.09791 0.306723
13.0585 3.97778 0.302057
12.9728 4.06046 0.30588
13.0936 4.09549 0.305986
12.9638 4.16212 0.30814
13.0119 4.10987 0.30646
13.0949 4.03258 0.30583
13.0022 4.14408 0.311204
13.0604 4.03336 0.307286
13.0111 4.07548 0.307997
13.044 3.95257 0.305012
13.1117 4.02495 0.306055
13.0457 3.94587 0.305812
13.0671 4.17113 0.303943
13.0803 4.05847 0.305568
13.0758 4.04698 0.3057
13.0402 4.09146 0.307642
13.0062 4.05835 0.308901
12.9858 4.07155 0.308211
13.049 4.14792 0.305724
13.0551 4.07989 0.305739
13.0754 4.15018 0.309049
13.0505 4.064 0.304755
12.9974 4.11213 0.307076
13.0142 3.95603 0.308367
13.0399 4.08738 0.305497
12.9911 4.10242 0.304743
12.9856 4.12176 0.310289
13.0121 4.10873 0.308775
13.084 4.13647 0.305349
13.0869 4.10344 0.304656
13.076 3.91282 0.306956
13.1514 3.97623 0.30386
13.0611 3.9934 0.304702
12.9537 4.00126 0.30538
13.0507 3.9592 0.305407
13.0338 3.94629 0.305187
13.0248 4.09187 0.303921
13.0123 4.06169 0.306074
12.9934 3.94287 0.308466
13.0371 4.01942 0.3055
13.0644 4.05974 0.308566
12.9709 4.09404 0.310037
13.011 4.08607 0.304018
13.0999 3.9757 0.305165
12.9979 4.00131 0.30496
13.0366 4.03218 0.303776
13.065 4.02971 0.304771
12.9746 3.89704 0.306687
13.0414 4.01983 0.306309
12.9807 3.98192 0.305795
13.04 4.0326 0.30944
12.9908 4.0492 0.305457
12.9861 4.05354 0.306777
12.9953 4.04793 0.308154
13.0493 4.01478 0.306473
13.1796 4.05658 0.306982
13.0358 4.02151 0.303024
13.0098 4.02876 0.305974
12.9898 4.03399 0.308841
12.9352 4.08612 0.309208
13.0583 4.07163 0.305894
13.1481 4.02527 0.306965
13.0129 3.99698 0.307522
12.9502 3.98731 0.305987
13.0199 4.09859 0.302843
13.0249 3.97198 0.30471
13.0084 4.08796 0.304549
13.0072 4.13365 0.307801
13.0058 4.0962 0.30788
13.0362 4.09125 0.307739
13.0444 4.06154 0.303649
13.0558 4.0605 0.307391
13.0546 4.05186 0.308998
13.0316 4.06354 0.305371
13.0575 4.05177 0.305849
12.9951 3.96557 0.309921
12.9786 4.12271 0.307938
12.9688 4.0726 0.302723
13.0098 3.98484 0.307151
13.0445 4.06835 0.307893
12.9825 4.01333 0.303483
13.0203 3.90502 0.30569
13.088 4.02718 0.306899
13.0113 4.09581 0.305809
12.9713 4.06776 0.307344
13.116 3.97583 0.305509
13.0682 3.93314 0.304631
12.3688 4.6389 0.332704
12.9903 4.04943 0.30618
13.0017 3.9185 0.304131
13.0194 3.92812 0.306924
13.065 4.11033 0.30688
13.0939 4.08558 0.305051
13.0417 3.98316 0.304738
12.9852 4.03722 0.307172
13.0916 4.09852 0.303937
12.9916 4.10039 0.304989
13.0576 4.06321 0.309797
13.083 4.03 0.308205
13.0831 4.00665 0.309514
13.0726 4.06174 0.304174
13.0137 4.07572 0.30673
12.9572 4.08557 0.308606
13.0765 4.02578 0.305513
13.0865 3.98818 0.304702
13.0279 4.12685 0.304635
13.0365 4.04036 0.306776
13.0149 4.11682 0.307986
13.0308 4.0414 0.308108
13.0362 4.04723 0.30794
13.0011 4.02814 0.309383
13.0156 3.99723 0.308262
13.0007 3.99631 0.306253
12.9961 4.05275 0.306503
13.0464 4.05966 0.307129
12.9699 4.11461 0.307237
12.9714 4.09596 0.307454
13.0405 4.11009 0.305364
13.0129 4.11795 0.303226
13.0231 4.03942 0.306673
13.0004 4.01636 0.30566
12.9834 4.04418 0.307614
12.974 4.04791 0.310031
12.9917 4.03127 0.30431
13.0185 4.10101 0.303181
13.0696 4.05597 0.304869
13.011 4.07514 0.307702
13.0116 4.13564 0.307506
12.9684 4.00297 0.305463
12.9963 4.07854 0.307932
13.089 4.0235 0.304824
12.9848 4.09249 0.305634
12.9804 4.00075 0.30462
13.0595 3.99865 0.307894
12.9467 4.10165 0.306925
12.9915 4.03177 0.307629
13.0113 4.01326 0.306055
12.9947 3.95598 0.305828
13.0888 4.14232 0.308528
13.0566 4.0173 0.307594
13.0275 4.06833 0.308241
13.0572 4.08221 0.305122
13.062 4.0424 0.304433
13.1308 4.13674 0.3044
12.9869 3.91499 0.304188
12.9834 4.06934 0.307974
13.0051 3.97576 0.304055
13.0023 4.04422 0.307455
13.091 4.05325 0.309036
13.1177 4.06581 0.303271
13.0817 4.01818 0.304743
13.0162 4.13815 0.306231
13.0398 3.94929 0.30586
13.0032 4.04719 0.304149
13.0368 4.04513 0.309908
13.0008 4.02978 0.307979
12.9971 4.04443 0.305224
12.9855 4.06352 0.310201
13.0371 4.13413 0.306056
13.0495 3.98643 0.305841
13.0139 4.01119 0.305184
13.0078 4.11424 0.305313
13.0248 3.99408 0.303788
13.0482 4.11515 0.304699
13.1216 3.94546 0.305209
13.0285 4.01434 0.304848
13.0162 4.09298 0.308675
13.0395 4.04784 0.304744
13.0745 4.01561 0.306529
13.0383 4.05155 0.307861
13.0617 3.92893 0.305096
13.0048 4.06875 0.305899
12.9815 3.98112 0.303614
13.0087 4.08593 0.308292
12.994 4.04613 0.305438
13.0839 4.07754 0.305078
13.0382 4.01725 0.305844
13.0371 4.09217 0.306284
12.9964 4.12407 0.30787
13.0071 4.03948 0.307542
13.0287 4.02762 0.30492
13.0595 4.04982 0.306123
13.0258 4.10295 0.307456
13.074 4.06155 0.306325
13.1095 4.04265 0.304541
13.1765 4.08356 0.303886
13.0601 4.02257 0.305156
13.0661 4.14796 0.304983
13.0324 4.01352 0.310275
13.0398 4.01579 0.310354
13.1149 4.084 0.304628
13.0506 4.03645 0.306373
12.9646 4.00348 0.309708
13.0994 4.05388 0.304086
12.9848 4.05141 0.306925
13.1064 4.03066 0.304435
13.055 4.01983 0.305429
13.0312 4.02608 0.30517
13.0259 3.9611 0.307886
12.9494 3.99311 0.304302
13.0234 4.04181 0.304787
13.0303 4.04065 0.30533
12.9791 3.95326 0.304534
13.0237 3.99716 0.306396
13.082 4.01195 0.303197
13.0475 4.0016 0.306117
12.9773 4.00745 0.306441
13.0113 4.00699 0.307682
13.0323 4.08675 0.304963
13.0481 4.09081 0.309353
13.0236 4.06111 0.307113
12.9855 3.95722 0.306559
13.1044 3.98028 0.308018
13.1337 4.06973 0.30455
13.0872 4.08545 0.308115
13.0502 4.01197 0.305519
13.022 4.03459 0.304693
13.0594 4.14432 0.30648
13.0928 4.05433 0.3045
13.0326 3.99738 0.303717
13.0208 3.98165 0.307166
13.016 4.03742 0.306672
13.0554 4.12006 0.306913
13.0193 4.09075 0.307177
12.9842 4.08396 0.308181
13.0196 4.05834 0.301002
13.0991 4.02864 0.30562
13.0249 4.05877 0.307759
13.0473 4.08204 0.306798
13.0034 4.10587 0.308853
13.0083 4.07774 0.306303
13.1248 4.05899 0.30405
13.0808 3.99255 0.309557
12.9779 3.96617 0.307314
13.0413 3.97066 0.307494
13.0113 3.99431 0.30933
13.0663 4.03628 0.305927
13.0635 4.02213 0.308207
13.0042 3.99355 0.304126
13.0779 4.07813 0.305408
13.0168 4.08942 0.306128
13.0771 3.99237 0.307036
13.0751 3.99024 0.30463
12.9766 4.02676 0.308191
12.9945 3.98205 0.305433
13.0496 4.02721 0.304353
13.005 3.99269 0.306499
12.9715 4.03096 0.307513
12.965 3.86318 0.303631
13.0776 4.04293 0.308499
13.0892 3.96968 0.306568
13.0438 4.09208 0.307021
13.0058 4.17276 0.306934
13.0367 4.08237 0.307859
12.9981 4.1075 0.307173
13.0373 4.05736 0.306468
13.0107 4.12381 0.308082
13.0267 4.0305 0.302981
12.9471 3.98302 0.305629
13.0081 4.10351 0.308238
12.9414 4.00867 0.304567
13.0068 4.00081 0.304571
13.0469 4.077 0.302865
13.0051 4.10605 0.306886
13.0728 4.0778 0.306779
13.0197 3.99329 0.305836
12.9874 4.01864 0.306248
13.0131 4.09771 0.305674
13.0861 4.01244 0.31204
12.9837 4.05994 0.310679
13.0951 4.04601 0.305616
12.9987 4.01633 0.303933
13.0017 4.0156 0.303361
13.0384 4.13097 0.3049
13.1041 4.01756 0.305188
13.0947 3.95621 0.304289
13.028 4.05173 0.304851
13.0653 3.99402 0.304359
13.0946 4.03991 0.305454
13.041 4.07958 0.304361
13.0141 4.00572 0.305724
13.0287 3.98163 0.305108
13.1184 4.03161 0.306718
12.9883 4.03371 0.309024
13.0218 4.05268 0.30191
13.0576 4.12459 0.30589
13.013 4.12082 0.305723
12.9462 4.10139 0.308316
13.0136 4.02807 0.30592
13.1239 3.95301 0.308131
13.0478 3.98797 0.306916
12.9839 4.06764 0.303822
13.0466 4.04953 0.306746
13.0607 3.97149 0.304996
13.0448 4.07969 0.304544
13.0387 4.06664 0.30511
13.0882 3.97608 0.30407
13.0314 3.93627 0.304198
13.0143 3.99975 0.305055
13.0626 4.00971 0.306606
13.0295 4.01452 0.306955
13.0558 4.1401 0.307096
13.0539 4.04971 0.305944
13.086 3.99058 0.30652
13.0333 4.06068 0.306014
13.0858 4.04882 0.305383
13.0842 4.04142 0.306528
13.0464 4.03919 0.303514
13.0396 4.06678 0.306022
13.024 3.91062 0.307639
13.0072 4.07986 0.307348
13.1125 3.97128 0.30539
13.0841 4.11001 0.30332
13.0132 4.03661 0.308347
13.0098 4.01982 0.306653
13.0105 4.09344 0.307417
13.0161 4.07191 0.309867
13.0874 4.09071 0.304436
13.0004 4.08364 0.307934
13.0292 4.01913 0.306056
13.0357 4.09474 0.30373
13.0361 4.09625 0.307115
13.0782 4.12612 0.307105
13.0515 3.98851 0.30256
13.0698 3.90042 0.30493
13.0602 4.06183 0.304436
12.9917 4.00737 0.305927
13.0457 4.03484 0.307969
13.0387 4.05617 0.302805
12.9933 4.10379 0.307767
13.0036 3.96587 0.305797
13.0269 3.96801 0.30616
13.0201 3.97906 0.305759
13.1117 4.06908 0.308303
13.0509 4.05835 0.307031
12.9818 4.09606 0.306452
13.1397 3.95976 0.305435
13.0598 4.02197 0.305815
13.1063 3.94121 0.308954
12.9661 4.00377 0.307544
13.1096 3.99751 0.304422
13.021 4.00153 0.306905
13.0988 4.07004 0.307754
13.061 4.06437 0.303482
13.0884 3.9806 0.304089
13.016 4.0546 0.30613
13.0636 4.0564 0.307716
12.9963 3.98844 0.306732
12.9419 4.1585 0.307419
13.003 4.04971 0.306765
13.0229 4.00247 0.309472
13.0067 4.03105 0.307667
13.0688 4.06817 0.306663
13.0217 4.05525 0.310834
13.0456 4.08037 0.303988
12.9483 4.06718 0.307497
13.1049 4.00796 0.305762
13.0254 3.98538 0.304016
13.0309 4.07539 0.304425
13.0257 4.13182 0.305858
13.0894 4.07446 0.304699
13.0464 3.98288 0.305509
13.0059 4.07898 0.308192
12.9954 4.05772 0.306253
12.9996 3.98952 0.305297
13.0014 4.01003 0.304955
12.9894 4.1332 0.305089
13.1289 4.0273 0.304054
13.1041 3.99153 0.305405
12.929 4.05752 0.308304
13.0813 4.00623 0.303227
13.1069 3.99507 0.304497
13.0785 4.04525 0.304949
13.0575 3.93475 0.304064
13.0065 4.14847 0.307103
12.9354 4.0497 0.301765
12.9775 4.06598 0.305746
12.9866 4.07936 0.305939
12.9777 4.15406 0.303794
13.0005 4.08548 0.307498
13.0328 4.03419 0.308061
13.0309 4.0878 0.306266
13.0835 4.03192 0.307441
12.9885 4.00924 0.302945
13.0366 3.98494 0.306159
13.0291 4.07414 0.299396
12.9907 4.05945 0.312238
13.0091 3.96961 0.307855
13.088 3.9984 0.305425
13.1226 4.0164 0.303557
13.0519 4.04157 0.306059
13.054 3.93579 0.30366
13.0909 4.01996 0.304358
13.0507 4.11788 0.307515
13.0728 3.90051 0.306793
12.9674 4.04708 0.309049
13.0215 4.1001 0.304622
13.0656 4.06968 0.304055
12.9809 4.04993 0.3059
13.0826 4.08596 0.304735
13.1113 4.1139 0.30391
13.0273 4.10352 0.304922
13.0064 3.92766 0.304007
13.0719 4.06613 0.308189
12.9818 4.06278 0.30783
13.0375 4.07558 0.302679
12.9863 4.055 0.307762
13.0637 4.17829 0.304976
13.1066 3.9857 0.30684
12.998 3.93495 0.304925
13.097 4.00756 0.303712
12.9947 4.00109 0.303914
12.9704 4.01612 0.305854
13.0201 4.12458 0.308113
12.9858 4.02463 0.308021
13.0879 4.0746 0.306932
13.0768 3.96193 0.306547
13.024 3.97844 0.305257
13.0265 4.06584 0.305422
13.0452 4.10822 0.308021
13.0321 4.11333 0.30738
13.0462 4.05737 0.308022
13.0202 4.03045 0.307592
13.0677 4.03088 0.307105
12.9726 4.01321 0.305087
13.0365 4.03596 0.309055
13.0886 4.07685 0.30037
12.9765 4.09251 0.308177
12.9709 3.95852 0.307366
13.0515 3.98643 0.307609
13.073 4.04011 0.304714
13.0258 4.02829 0.304685
13.0322 4.02421 0.30691
13.0095 4.11223 0.304792
12.9589 4.12198 0.308119
12.987 4.08264 0.308906
13.0744 4.11632 0.308864
13.0086 4.0561 0.303061
13.1056 4.05461 0.303176
13.0137 4.07689 0.305982
13.0001 4.00148 0.306586
13.069 4.11966 0.30719
13.0145 4.03351 0.307197
13.0112 4.15097 0.302496
12.9709 4.16365 0.304863
12.9931 4.09041 0.29983
13.0092 3.97332 0.308321
13.0326 4.11058 0.307318
12.9931 4.0764 0.306173
13.043 4.0337 0.307178
13.0846 4.03057 0.303645
13.0022 4.0952 0.303088
13.0824 4.11235 0.308344
13.0233 3.98997 0.302961
13.0185 4.10957 0.306864
13.0326 4.03834 0.308445
13.0205 3.96733 0.309606
13.0014 4.14454 0.306274
13.043 4.06539 0.308181
13.1104 4.07066 0.305485
13.0406 4.05383 0.302541
13.0766 4.10547 0.307901
13.1061 4.00259 0.305611
13.0085 3.96662 0.307398
13.0736 4.04129 0.302781
13.098 4.03857 0.305352
12.9984 4.04806 0.302874
13.0309 4.00441 0.304882
12.9749 4.07402 0.308924
13.0423 4.0774 0.309441
13.0376 3.90022 0.305657
13.038 3.98354 0.30636
13.011 4.08459 0.307597
13.0543 4.02779 0.306007
13.0173 4.09062 0.308007
13.0402 4.03181 0.301727
13.0038 4.05221 0.305046
13.075 3.95328 0.304946
13.1413 4.06836 0.304778
13.0238 4.03107 0.308772
13.0465 4.05557 0.309713
13.0343 4.06444 0.307204
13.061 4.02166 0.306383
13.0782 4.03461 0.305529
13.0613 4.0673 0.304724
12.9664 3.97468 0.304532
13.0679 4.11096 0.30806
13.014 4.09799 0.304872
12.9955 3.99356 0.303783
12.996 4.0084 0.310232
13.001 3.9688 0.308711
13.0054 4.03446 0.305473
13.0997 4.06821 0.307026
13.071 4.03161 0.30582
13.0459 3.99306 0.302102
13.0979 4.0835 0.30417
13.012 4.14177 0.305878
12.9776 4.04639 0.306796
13.0205 3.92988 0.306939
13.0362 4.0072 0.30384
12.9729 4.05705 0.305456
13.0438 4.03241 0.306127
13.0701 3.97299 0.306907
13.0333 4.05874 0.307156
12.9918 4.00502 0.30594
13.0013 4.13633 0.308552
13.034 3.97181 0.302735
13.0211 3.9599 0.306793
13.1372 4.05241 0.308217
13.0376 4.03548 0.307382
13.1485 4.0673 0.302281
12.9884 3.9923 0.305345
13.1022 4.01124 0.304275
13.0429 3.95488 0.305707
13.0208 4.05653 0.305957
13.0368 4.09474 0.308497
13.0655 3.93953 0.304441
12.986 4.11296 0.305851
13.0557 4.02419 0.302072
13.055 4.06486 0.307083
13.0531 4.06127 0.306819
13.0409 4.04261 0.30569
12.978 3.94291 0.304015
12.9967 4.12075 0.308545
12.9979 4.02123 0.309375
12.9946 4.02855 0.307549
13.0534 4.0362 0.30754
12.9539 4.07584 0.3095
12.9246 4.05381 0.308155
13.0658 4.08968 0.305355
13.1183 3.99477 0.306565
13.0715 4.12752 0.308974
13.0685 3.95843 0.308716
13.0213 4.06301 0.305518
13.003 4.07925 0.308217
13.0031 4.02183 0.306137
13.0248 4.08184 0.304289
12.9885 3.93348 0.30581
13.0461 4.0296 0.302631
13.0233 4.02089 0.308086
13.0376 4.0586 0.308298
12.934 4.08128 0.310134
13.0398 4.06003 0.304357
13.0621 4.00801 0.308397
13.0752 4.04178 0.304348
13.0206 4.0753 0.303889
13.0183 4.00508 0.304489
13.0805 4.00738 0.303844
13.1094 4.0078 0.306284
13.0233 4.0752 0.306579
13.0468 4.01876 0.306715
12.9577 3.99172 0.306272
12.955 4.0547 0.307336
13.0746 4.13203 0.305191
13.0686 4.00243 0.306431
13.0969 3.9713 0.304357
12.9926 3.97962 0.305351
13.1567 4.10368 0.307772
13.0621 4.03467 0.307027
13.0711 4.06269 0.304412
13.0029 4.04243 0.310902
13.1022 4.03228 0.307577
13.082 4.03345 0.307244
12.9616 4.03272 0.30526
13.0503 3.99354 0.304137
12.9831 4.05339 0.309879
13.0382 3.98583 0.302312
13.08 4.00931 0.304022
13.0771 3.96778 0.304807
13.0419 4.02329 0.307885
12.9861 4.10234 0.307444
13.0587 3.96638 0.306314
12.9673 4.05315 0.305931
13.0255 3.97111 0.306054
12.9971 4.07652 0.302287
13.0851 4.16406 0.307251
13.0238 3.9752 0.305258
13.032 4.01582 0.307764
13.1181 4.0753 0.304437
13.0258 3.98536 0.306102
13.019 3.95553 0.306994
13.0349 4.0321 0.306347
13.1023 4.03023 0.308901
13.0314 3.96712 0.304618
13.068 4.0249 0.306193
13.096 4.02071 0.307108
12.9481 4.01417 0.305181
12.6547 4.54499 0.290564
13.0221 4.08347 0.307459
13.0379 4.07309 0.302547
12.9807 3.95145 0.305824
13.0339 4.11483 0.310834
12.9948 4.01957 0.306964
12.9889 3.97297 0.307598
13.0034 4.07743 0.308205
13.0064 3.97504 0.304799
13.1116 4.06333 0.307489
13.0555 3.99994 0.307678
12.9741 4.0686 0.306391
13.0815 4.08523 0.310245
13.0004 4.07762 0.302745
13.0333 3.9934 0.302894
13.085 4.06298 0.306786
13.0046 3.99108 0.306497
13.1054 4.11941 0.30125
12.9863 3.95754 0.305491
13.0212 4.04892 0.303367
12.9996 4.06286 0.307775
13.0716 4.01647 0.303838
13.104 4.05863 0.305787
13.015 4.0681 0.308219
13.0723 3.99516 0.307594
13.0112 4.12761 0.30433
13.0491 4.15588 0.308244
13.0262 3.94353 0.302674
12.9658 3.99133 0.305106
13.1394 4.02996 0.301768
13.0481 4.04534 0.307689
13.098 4.018 0.304579
13.1477 4.05894 0.305621
13.0336 3.98657 0.307031
12.9937 3.99482 0.305179
13.0311 4.06522 0.304502
13.0007 4.03321 0.30824
13.0563 4.06165 0.307504
13.0272 4.05819 0.307701
13.0583 4.11179 0.305952
13.0842 4.12769 0.307199
12.9823 4.0717 0.304082
13.1187 4.07545 0.306484
13.0607 4.10323 0.306649
13.0496 4.07927 0.305711
13.0867 4.00601 0.306067
13.0643 4.08174 0.302849
13.0427 4.06759 0.309201
13.0012 3.94744 0.30557
13.0507 4.04984 0.30764
13.0822 3.98236 0.303343
13.1455 4.04666 0.305241
12.9949 4.04289 0.303654
13.0887 4.03347 0.303243
12.9865 4.01013 0.306971
12.9969 4.01271 0.303764
13.1341 4.01773 0.305521
13.0522 4.09399 0.305755
12.9766 4.07358 0.308071
12.9675 4.01222 0.308018
12.9941 4.07039 0.309286
13.0226 4.11145 0.305226
13.019 3.98499 0.306167
13.0777 4.07426 0.307783
13.04 4.13009 0.308641
13.0149 4.08094 0.30658
13.0329 4.10465 0.30637
13.0162 3.9483 0.300116
13.0557 4.00167 0.300946
13.0233 4.11726 0.305173
13.0278 4.01847 0.307646
13.044 3.99934 0.307321
12.9692 4.01508 0.304739
12.9988 4.07397 0.307808
12.9991 4.06624 0.307789
13.0172 3.99675 0.304079
13.0699 4.02244 0.304116
13.0063 4.12281 0.306453
13.0623 4.03916 0.304649
13.0297 3.98937 0.306479
13.0687 3.97993 0.305517
13.0174 4.07076 0.306862
13.0132 4.00814 0.305291
13.0642 4.02267 0.308102
13.0507 4.02083 0.305696
13.0394 4.02681 0.307922
13.0375 3.95835 0.308191
13.0529 4.00928 0.307017
13.0169 4.07466 0.308447
13.0167 4.01625 0.309755
13.0432 4.0348 0.307824
13.0212 3.99443 0.302426
13.057 4.09955 0.304555
13.0189 4.09734 0.306665
13.0894 4.17821 0.302642
13.0299 3.92855 0.306635
13.0736 4.1042 0.30667
13.0404 3.92687 0.306336
13.058 4.07951 0.308615
13.0683 3.98912 0.306346
13.0452 4.10903 0.30637
13.0593 4.03077 0.307715
13.1027 4.00242 0.305926
12.9633 3.97629 0.30658
13.0259 4.035 0.307163
13.0105 4.02563 0.303815
13.1073 3.98742 0.300537
13.0294 3.94053 0.303499
13.0118 4.05644 0.308342
13.0322 4.05809 0.303466
13.0255 4.1321 0.307361
13.0429 4.00897 0.307032
13.0186 4.16424 0.307687
13.0097 4.08199 0.307221
13.0327 4.07642 0.309379
13.0307 4.07964 0.309645
13.0187 4.02967 0.30577
13.038 4.06173 0.302326
13.0481 4.06238 0.303718
13.1758 3.97298 0.301142
13.0798 4.01253 0.307228
13.0784 4.03634 0.306722
12.9783 4.02838 0.305564
13.1335 4.03287 0.306518
13.102 4.06975 0.304133
13.0402 4.02522 0.305728
13.0694 3.98263 0.308709
13.0137 4.12537 0.302945
13.0136 3.99751 0.305965
13.0365 4.01354 0.307598
13.119 3.98152 0.301697
13.0166 3.95874 0.305422
13.0487 4.04647 0.308384
13.0038 3.99545 0.309255
13.0723 4.04792 0.30826
12.9893 4.11612 0.305979
13.0778 4.08152 0.306378
13.0151 3.93585 0.308078
13.0587 4.00548 0.306275
13.0198 3.96901 0.307773
13.0488 3.99578 0.309793
13.0383 4.03152 0.304911
13.0082 3.97848 0.305741
13.0414 4.09307 0.308421
13.0428 4.00533 0.309698
13.1035 3.92962 0.308316
13.0547 4.03893 0.307991
13.0702 4.06258 0.307785
13.0569 4.04358 0.305772
13.0491 3.9308 0.308078
13.0745 4.03392 0.30785
13.0373 3.99286 0.302901
13.0296 3.9814 0.307652
13.0417 4.02071 0.308028
13.013 4.10841 0.30877
12.9837 3.98025 0.307287
13.0269 4.01649 0.308305
13.0552 4.07143 0.303356
13.0039 4.04921 0.30551
13.0409 4.0156 0.303806
12.9962 3.99936 0.307157
12.9901 4.05152 0.306766
13.0765 4.11618 0.307579
13.0497 3.95858 0.30696
13.0371 4.1162 0.307774
13.0677 4.13478 0.307296
13.0296 4.07487 0.305229
13.0635 3.99127 0.306169
13.0496 4.14919 0.304814
13.1214 3.88336 0.30182
13.1499 4.11519 0.303013
13.0439 4.03508 0.304904
13.0447 4.00352 0.30317
13.0255 4.04368 0.308071
12.9759 4.04784 0.30902
13.0129 4.06763 0.306146
13.0188 4.17242 0.305992
13.0237 4.06217 0.302873
13.0148 3.96577 0.306624
13.0542 4.18612 0.309191
13.0395 4.09962 0.307944
12.987 3.98578 0.306315
13.0526 4.06266 0.305776
13.0596 3.96737 0.307285
13.009 4.00694 0.306376
12.9758 4.01128 0.305135
13.044 4.05809 0.307429
12.9847 4.1252 0.308047
12.9775 4.02451 0.308049
13.1645 4.03774 0.306989
13.0225 4.02292 0.308029
13.0438 4.1257 0.303386
13.0635 4.05742 0.306456
13.081 4.06684 0.306865
13.0368 4.06059 0.305213
13.0269 3.97907 0.308029
13.1093 4.07325 0.307942
13.0941 4.07191 0.307913
13.0623 4.01406 0.306404
13.0164 4.13395 0.30312
13.0748 3.94564 0.308211
13.1076 4.04345 0.30586
13.0605 4.04379 0.309102
13.033 4.04196 0.30985
12.9488 4.0611 0.306435
13.0111 4.03342 0.307883
12.9856 4.05505 0.305613
12.9875 4.06995 0.308753
12.9465 4.00059 0.306292
13.0123 4.04761 0.306294
13.0367 4.09726 0.307674
13.0534 4.03735 0.308472
12.9804 4.01457 0.305715
13.0444 3.95373 0.304427
13.0466 4.0257 0.30195
12.9765 4.02496 0.301862
13.0775 4.08578 0.303151
13.0254 4.02896 0.306549
13.0293 4.06734 0.306192
12.9927 3.99135 0.305396
12.9774 3.99621 0.307019
13.0955 3.97835 0.306219
13.0964 4.01301 0.307207
13.033 4.09294 0.304057
12.9965 4.09288 0.306915
13.0253 4.07532 0.308441
13.0936 3.95716 0.306461
12.9996 4.00453 0.305691
13.0248 4.0022 0.307148
13.0395 4.09639 0.306952
13.0272 4.0228 0.308125
13.0719 4.0025 0.307612
13.0712 4.05436 0.30537
13.0399 4.08372 0.305742
13.0199 4.00395 0.308064
12.9967 4.13539 0.308041
13.002 4.06975 0.309737
12.9765 4.11067 0.308794
13.0631 4.03665 0.306239
13.0592 4.0563 0.306901
12.9928 4.13269 0.306618
13.0673 3.95591 0.307576
12.9853 4.04503 0.305562
13.0389 4.10085 0.30502
13.0549 4.03059 0.306797
13.0987 3.96861 0.309183
13.074 4.03914 0.308209
13.0651 4.00649 0.307819
13.0317 4.08553 0.307636
13.015 4.01626 0.30744
13.0573 4.12158 0.305897
13.0676 4.0609 0.303007
13.0213 4.09117 0.306261
13.0455 4.00809 0.308008
13.0599 4.00744 0.305058
13.0786 4.02141 0.306889
12.9923 3.92035 0.307757
12.9968 4.11247 0.304722
12.9518 4.0121 0.307347
12.9887 4.08864 0.30629
13.0811 4.1058 0.303345
13.0132 4.05762 0.309805
12.9977 4.06851 0.306926
13.0534 4.10149 0.309782
13.0224 4.12719 0.308617
13.0304 4.05852 0.303413
13.0536 4.10236 0.306593
13.0512 4.02797 0.308578
13.0958 4.15367 0.305675
13.0017 4.0936 0.30536
13.0294 4.01256 0.303556
12.9967 4.15619 0.305853
13.0958 3.98262 0.308081
13.0601 4.1071 0.305492
12.9742 4.03878 0.303371
13.035 4.00266 0.307593
13.0238 4.01642 0.307835
13.0388 3.97588 0.303981
13.0667 4.069 0.306038
13.0606 4.09417 0.302769
13.0331 4.05074 0.308109
13.0042 3.99198 0.305998
13.0269 4.11626 0.304679
13.0174 3.97569 0.305968
12.925 4.00084 0.304806
13.0505 4.0602 0.304753
13.0401 4.01247 0.306903
13.0282 4.02192 0.309028
12.9981 3.9842 0.307645
12.9583 3.94125 0.305862
13.1019 4.06642 0.306936
13.042 4.14275 0.309335
13.0124 4.04195 0.307577
12.9896 4.17627 0.303916
13.0261 4.00046 0.307143
13.0261 4.12911 0.304802
13.1353 3.99768 0.304568
13.0292 3.98425 0.307149
13.0489 4.10417 0.307311
13.0878 4.1062 0.306106
13.0438 4.07432 0.309474
13.0663 4.05611 0.307514
13.0648 4.07006 0.306262
13.0634 4.05163 0.305475
13.0439 3.98466 0.308495
13.0897 4.02255 0.305907
13.0169 3.99462 0.304991
13.0462 4.07243 0.307301
13.0668 4.02476 0.308729
13.0655 4.00736 0.306098
13.1789 4.04071 0.307308
13.0369 4.0216 0.310013
12.9669 3.99307 0.309702
12.969 4.02424 0.306325
13.0738 4.00353 0.305993
12.9652 4.03137 0.308501
13.0199 4.06692 0.307938
13.0099 4.02808 0.308251
13.0497 4.08258 0.308832
13.0101 4.08548 0.306375
12.9634 4.14314 0.305652
13.0135 3.96039 0.303792
13.0446 4.05082 0.30641
13.0672 3.95607 0.308124
13.0124 4.06811 0.305981
13.0365 4.05043 0.309144
13.0048 3.99825 0.302751
13.2181 4.04914 0.308615
13.0574 4.10128 0.304679
13.0646 3.99316 0.308358
13.0099 4.14243 0.3015
13.0555 4.0008 0.302499
13.0888 4.06861 0.308464
13.0317 3.99131 0.306346
13.0117 4.10489 0.306035
13.0675 4.02149 0.306262
12.9916 3.98017 0.306083
12.9827 4.04303 0.306093
12.9593 4.09004 0.30456
13.0038 4.02675 0.308114
13.0501 3.98249 0.307448
13.0265 4.02654 0.306852
12.9793 4.19894 0.307019
13.0432 4.13202 0.30616
13.0661 4.02428 0.307892
13.0238 4.06686 0.308765
13.0346 4.01288 0.305344
13.0693 3.98139 0.305356
13.0598 4.03642 0.308016
12.9952 3.94793 0.306783
13.0973 4.05601 0.307047
13.0272 4.00288 0.307651
13.0511 4.12201 0.302707
13.0771 4.02895 0.30871
12.9972 4.02669 0.308852
13.0221 3.99559 0.305644
13.1341 4.02951 0.307328
13.1038 4.08588 0.30247
13.0382 3.9672 0.304956
13.0131 3.99179 0.306071
13.0017 4.02794 0.306112
12.9922 3.98554 0.308043
12.9756 4.08677 0.30441
13.0693 4.03182 0.307166
13.0833 4.08766 0.307074
13.0125 4.0717 0.305679
13.0309 4.13667 0.307269
13.0672 4.08785 0.306929
13.0723 4.1144 0.308853
13.0606 4.12652 0.306077
13.0067 4.05789 0.303551
13.0642 4.07799 0.308458
13.0215 4.07028 0.302294
13.0241 4.05336 0.30752
13.0935 4.01857 0.306938
13.0208 3.98554 0.306045
12.994 4.00855 0.307458
13.092 4.01084 0.307281
13.041 4.00295 0.30656
13.0406 4.0686 0.30714
13.0964 4.05514 0.304506
12.9511 4.12333 0.305829
13.0385 3.99866 0.306181
12.975 4.11332 0.304466
13.0954 4.02376 0.305607
12.9703 3.9928 0.306788
13.1112 4.08586 0.307442
13.0743 3.98928 0.304218
13.0197 4.05189 0.307424
12.9945 4.00136 0.304638
12.9857 4.12282 0.305119
12.9947 4.03046 0.303258
13.0401 4.02273 0.30464
13.0883 4.06396 0.305191
13.03 4.06863 0.30522
12.9936 4.04882 0.308762
13.0169 4.02311 0.306347
12.9748 4.12689 0.30912
12.985 4.06282 0.309773
13.0257 4.12789 0.307604
12.9864 4.06353 0.309873
12.94 4.04592 0.308298
13.1289 4.02679 0.304771
13.0764 3.95663 0.307959
13.0784 4.02959 0.303228
13.0655 4.06914 0.307888
13.0087 3.94599 0.308197
13.1136 4.05654 0.307551
13.0167 4.08421 0.3044
13.0831 4.0648 0.30806
13.0523 4.04841 0.308917
13.1051 4.1326 0.308297
12.9996 4.03809 0.309296
13.1227 4.04682 0.306648
13.0133 4.02616 0.304198
13.0253 4.16521 0.306252
13.0177 4.00779 0.310253
13.0249 4.01669 0.309764
12.9985 4.01688 0.305214
13.0201 3.99719 0.306655
13.0087 4.11389 0.304819
13.0333 4.04176 0.308252
12.982 4.0151 0.307851
13.0105 4.00906 0.305514
13.0378 4.08449 0.308259
12.9742 4.13175 0.307799
12.9618 3.98544 0.305609
13.0142 4.06494 0.309555
13.0702 3.96686 0.306123
13.0233 3.99019 0.30801
12.9438 3.99006 0.30821
13.0797 4.06773 0.309961
13.1034 4.15957 0.306133
13.0768 4.03322 0.30484
13.0596 4.10679 0.304435
13.0847 4.03935 0.306434
13.0686 3.95965 0.306962
12.9633 4.10625 0.305431
13.0417 3.93261 0.305881
12.9724 3.95367 0.305619
13.0383 4.02671 0.309063
13.0591 4.1081 0.307154
13.059 4.13035 0.304701
13.0343 4.05776 0.308329
12.9626 4.01779 0.307245
12.9817 4.02213 0.308013
13.1189 4.10984 0.303699
13.0563 4.08554 0.305564
13.1093 4.14378 0.306667
13.0144 4.09568 0.308452
12.9727 4.10717 0.306145
13.0446 4.03299 0.307884
13.0417 4.03176 0.306751
13.0671 4.07075 0.307846
13.0298 3.99763 0.305259
12.9529 3.97729 0.305814
13.0054 3.97982 0.307183
13.0753 4.02537 0.308968
13.066 4.11923 0.305997
13.1259 4.09731 0.305907
12.9997 4.0115 0.306275
13.0547 3.99518 0.307412
13.0343 3.98426 0.307674
13.0815 4.17083 0.304914
13.0872 3.98775 0.303869
13.0596 3.93809 0.305934
13.0025 3.932 0.30491
13.0456 4 0.303982
13.076 4.03445 0.307512
13.1109 4.09887 0.305922
13.1213 4.04779 0.304049
12.9867 4.0255 0.306846
12.9705 4.03233 0.306069
13.0535 4.03623 0.306634
13.0237 4.00996 0.30091
12.9854 4.09451 0.305616
12.9843 4.05399 0.306758
13.0106 3.97362 0.30534
13.0781 4.02482 0.307222
13.0004 4.06174 0.304438
13.0609 4.09277 0.308098
13.0383 4.0645 0.309076
13.0282 4.08074 0.305091
13.0969 4.13097 0.308094
13.0253 4.02769 0.303532
13.0285 4.13555 0.30426
13.0311 4.07709 0.307044
13.0056 4.06289 0.305718
12.999 4.09336 0.308878
12.967 4.03181 0.307086
13.046 4.05876 0.309296
13.0497 3.97491 0.304021
13.0594 3.92512 0.305871
13.0524 4.01388 0.307188
12.972 4.10175 0.306115
13.0873 4.04961 0.304469
12.9635 4.0176 0.308285
13.0304 4.04094 0.306904
12.9944 3.99355 0.307613
13.0486 4.02284 0.307855
12.8869 4.36446 0.309048
