43.3794 -68.6221 3.9393
43.384 -68.6221 3.93931
43.3757 -68.5531 3.93914
43.3895 -68.6412 3.94067
43.3636 -68.6095 3.94014
43.3685 -68.6806 3.94167
43.294 -68.5982 3.94078
43.3913 -68.6134 3.9401
43.3679 -68.6407 3.93873
43.3647 -68.6274 3.93774
43.3634 -68.6247 3.93745
43.4533 -68.6899 3.94183
43.3633 -68.659 3.93894
43.4108 -68.5629 3.9406
43.3641 -68.6641 3.93881
43.3037 -68.582 3.94307
43.3289 -68.5975 3.93944
43.3314 -68.593 3.93928
43.4024 -68.6325 3.93796
43.4131 -68.5806 3.93908
43.3858 -68.6007 3.94035
43.4077 -68.7043 3.94101
43.3354 -68.6663 3.93802
43.3724 -68.7224 3.93987
43.3522 -68.6324 3.93968
43.3367 -68.5642 3.93986
43.4027 -68.6133 3.9405
43.3337 -68.6342 3.94127
43.3506 -68.6249 3.94284
43.3525 -68.6241 3.94064
43.3771 -68.6008 3.93606
43.2871 -68.6209 3.93975
43.4039 -68.5394 3.94083
43.4105 -68.6094 3.93903
43.3223 -68.6709 3.93854
43.4282 -68.5862 3.9403
43.3806 -68.5781 3.94084
43.2994 -68.6105 3.94244
43.3232 -68.6611 3.9411
43.2922 -68.5721 3.94098
43.3402 -68.5416 3.93906
43.3251 -68.6682 3.93869
43.4036 -68.7141 3.94104
43.4637 -68.5826 3.94204
43.4673 -68.5813 3.94177
43.3553 -68.5736 3.94007
43.3901 -68.5661 3.94363
43.3865 -68.5617 3.94369
43.39 -68.5623 3.94364
43.2588 -68.7002 3.94011
43.2983 -68.6499 3.94134
43.3776 -68.6924 3.93949
43.3728 -68.6476 3.94244
43.3355 -68.536 3.9406
43.3779 -68.6666 3.94023
43.321 -68.6172 3.93891
43.3245 -68.6639 3.93853
43.4103 -68.6206 3.93705
43.4008 -68.6372 3.93985
43.3651 -68.6644 3.93956
43.3386 -68.5634 3.94015
43.4107 -68.6415 3.93858
43.3898 -68.5073 3.94015
43.3004 -68.5838 3.9382
43.3311 -68.6192 3.94208
43.3789 -68.5831 3.94009
43.3629 -68.5929 3.94287
43.2584 -68.5583 3.93964
43.3634 -68.6231 3.93768
43.3834 -68.6338 3.94105
43.334 -68.6362 3.93837
43.3369 -68.6343 3.9383
43.3011 -68.6612 3.9375
43.3775 -68.6289 3.9394
43.3402 -68.6624 3.93949
43.3448 -68.6609 3.93945
43.4037 -68.5824 3.94329
43.3805 -68.6181 3.93917
43.3792 -68.6245 3.93916
43.3842 -68.5543 3.93927
43.3762 -68.5768 3.94075
43.3344 -68.6236 3.94246
43.3616 -68.6141 3.94088
43.391 -68.6168 3.93994
43.3953 -68.6125 3.9398
43.2605 -68.639 3.94083
43.3583 -68.6256 3.9378
43.3953 -68.6628 3.94159
43.2584 -68.6598 3.93822
43.3668 -68.6579 3.93896
43.377 -68.652 3.94217
43.407 -68.6322 3.93802
43.4089 -68.6333 3.93808
43.28 -68.5781 3.94242
43.3953 -68.607 3.93853
43.4021 -68.612 3.93833
43.3717 -68.6244 3.93925
43.3581 -68.6633 3.93533
43.365 -68.5261 3.93916
43.3679 -68.529 3.93921
43.3909 -68.6275 3.94036
43.3208 -68.6913 3.93917
43.3589 -68.6693 3.93971
43.3905 -68.7325 3.94058
43.3556 -68.6247 3.94068
43.3473 -68.6228 3.9407
43.353 -68.6222 3.94076
43.3232 -68.5678 3.9381
43.2826 -68.6078 3.93763
43.4056 -68.539 3.9408
43.4094 -68.6131 3.9393
43.3085 -68.6078 3.94273
43.3174 -68.6689 3.93833
43.3195 -68.5858 3.94113
43.426 -68.586 3.94013
43.3229 -68.611 3.93974
43.3092 -68.6168 3.94063
43.41 -68.6635 3.94003
43.3271 -68.5765 3.93917
43.3236 -68.617 3.93899
43.2765 -68.6002 3.93843
43.3228 -68.6157 3.93904
43.4658 -68.586 3.94171
43.4601 -68.5837 3.94169
43.3551 -68.5779 3.93995
43.3888 -68.564 3.94365
43.3859 -68.5703 3.94369
43.415 -68.594 3.94399
43.4373 -68.6407 3.94406
43.3756 -68.6516 3.94225
43.2888 -68.5882 3.93715
43.3372 -68.5449 3.94055
43.3386 -68.6255 3.93894
43.3357 -68.6291 3.93887
43.3258 -68.6229 3.93881
43.3065 -68.599 3.94159
43.303 -68.6273 3.94087
43.3976 -68.641 3.94028
43.3307 -68.5857 3.93708
43.4023 -68.6625 3.94131
43.3139 -68.563 3.93626
43.3615 -68.6274 3.94059
43.3801 -68.617 3.9374
43.3794 -68.5808 3.94
43.3077 -68.7024 3.93921
43.3152 -68.6594 3.94079
43.2744 -68.5326 3.93629
43.4203 -68.6121 3.93841
43.3303 -68.5988 3.93724
43.3501 -68.5986 3.93894
43.3038 -68.6714 3.93919
43.3929 -68.6032 3.94045
43.341 -68.6642 3.93952
43.4036 -68.5764 3.94326
43.2877 -68.5646 3.94105
43.3785 -68.6175 3.93914
43.3167 -68.6167 3.93931
43.3658 -68.617 3.94078
43.3449 -68.6677 3.93883
43.308 -68.5633 3.94234
43.3393 -68.6473 3.94049
43.4534 -68.6894 3.94159
43.3731 -68.6606 3.93902
43.2556 -68.6033 3.93987
43.4101 -68.6182 3.9398
43.3282 -68.597 3.93944
43.3516 -68.5905 3.94223
43.4077 -68.6336 3.9379
43.4103 -68.6349 3.93806
43.399 -68.6084 3.93851
43.4012 -68.7046 3.941
43.305 -68.5705 3.93916
43.3351 -68.659 3.93823
43.3688 -68.527 3.9392
43.2248 -68.5672 3.93864
43.3524 -68.6115 3.94009
43.4061 -68.6136 3.94052
43.3171 -68.6563 3.94012
43.2813 -68.5824 3.93724
43.3 -68.6225 3.94177
43.3575 -68.625 3.9407
43.3594 -68.4899 3.93815
43.2712 -68.5657 3.93713
43.4078 -68.621 3.93944
43.408 -68.6213 3.93943
43.409 -68.6232 3.93954
43.4125 -68.608 3.93913
43.3933 -68.589 3.93903
43.3947 -68.5857 3.93877
43.3886 -68.5889 3.9391
43.2928 -68.6309 3.93987
43.4301 -68.5914 3.94016
43.3381 -68.5274 3.94063
43.3858 -68.5745 3.94078
43.441 -68.6603 3.93632
43.3637 -68.5923 3.94045
43.3252 -68.6166 3.93902
43.2502 -68.5934 3.93952
43.318 -68.667 3.93863
43.3188 -68.6146 3.93887
43.3682 -68.5496 3.93617
43.4602 -68.5777 3.94191
43.4598 -68.5785 3.94176
43.3803 -68.5635 3.94087
43.3586 -68.6238 3.93953
43.3283 -68.6065 3.93837
43.345 -68.577 3.93969
43.4374 -68.6367 3.94393
43.4328 -68.6374 3.94407
43.3086 -68.6495 3.94088
43.3294 -68.635 3.94154
43.3228 -68.6026 3.94229
43.3286 -68.5756 3.94347
43.3723 -68.6762 3.93888
43.3288 -68.6135 3.94067
43.4213 -68.7008 3.94375
43.331 -68.586 3.93686
43.3991 -68.66 3.94134
43.3491 -68.5545 3.94193
43.3567 -68.6652 3.94256
43.3293 -68.6183 3.94225
43.2785 -68.6853 3.93779
43.3768 -68.5581 3.9406
43.383 -68.5814 3.93998
43.3189 -68.7066 3.93906
43.365 -68.6298 3.93793
43.3618 -68.6258 3.9378
43.3131 -68.5957 3.93903
43.3792 -68.6336 3.94092
43.3313 -68.6481 3.94125
43.3367 -68.6481 3.93688
43.3777 -68.6442 3.93963
43.3504 -68.623 3.94088
43.3432 -68.6625 3.93931
43.3154 -68.644 3.93818
43.3276 -68.6706 3.93925
43.3819 -68.5608 3.93919
43.3757 -68.5751 3.94066
43.3643 -68.6125 3.94019
43.3648 -68.6055 3.94084
43.3962 -68.6156 3.94008
43.3372 -68.6456 3.94076
43.3709 -68.6432 3.93874
43.3746 -68.6451 3.93895
43.4272 -68.6826 3.94106
43.3703 -68.5645 3.93979
43.2618 -68.6639 3.93797
43.3911 -68.6796 3.94048
43.4151 -68.6209 3.93981
43.3687 -68.6251 3.9376
43.4126 -68.5827 3.93917
43.3721 -68.6204 3.93916
43.3509 -68.6666 3.93516
43.3795 -68.6726 3.94252
43.3302 -68.659 3.93819
43.4221 -68.6719 3.93973
43.3878 -68.6308 3.94023
43.3833 -68.6282 3.94013
43.3797 -68.6523 3.94015
43.3405 -68.5534 3.93973
43.3485 -68.5643 3.93893
43.3656 -68.6685 3.93965
43.3487 -68.7614 3.9382
43.3463 -68.6219 3.94285
43.3344 -68.5825 3.93597
43.3372 -68.6061 3.9401
43.4089 -68.6158 3.93957
43.4135 -68.6085 3.93909
43.3975 -68.588 3.93914
43.3622 -68.6512 3.93914
43.4151 -68.6898 3.94182
43.3076 -68.5887 3.93936
43.3881 -68.5799 3.94083
43.2526 -68.6324 3.94072
43.3687 -68.5886 3.94042
43.2505 -68.5985 3.93935
43.2818 -68.6426 3.94243
43.3211 -68.6652 3.9385
43.2793 -68.5991 3.93827
43.333 -68.6998 3.939
43.3359 -68.7015 3.93879
43.3536 -68.5745 3.9401
43.3836 -68.5641 3.94371
43.3811 -68.5658 3.94364
43.3858 -68.5597 3.94378
43.2944 -68.6996 3.942
43.2934 -68.5233 3.9402
43.4361 -68.6346 3.94417
43.374 -68.6479 3.94239
43.3793 -68.6668 3.94015
43.3064 -68.5969 3.94141
43.3661 -68.5709 3.94227
43.3976 -68.635 3.94025
43.3465 -68.5931 3.94448
43.4043 -68.6644 3.9415
43.3576 -68.6268 3.94048
43.3818 -68.5069 3.9406
43.327 -68.6189 3.942
43.3778 -68.5823 3.93991
43.3611 -68.5894 3.94292
43.3636 -68.5952 3.94281
43.364 -68.5953 3.94291
43.2472 -68.5785 3.93494
43.2937 -68.6923 3.93644
43.3345 -68.6363 3.93851
43.411 -68.5949 3.94359
43.2517 -68.6497 3.94231
43.3566 -68.5951 3.93894
43.3959 -68.5994 3.94054
43.3721 -68.6449 3.94331
43.4039 -68.5808 3.94325
43.3153 -68.6368 3.93831
43.3163 -68.5403 3.94259
43.3783 -68.555 3.93917
43.3741 -68.6116 3.94027
43.365 -68.6175 3.9409
43.3926 -68.6152 3.94002
43.3903 -68.6169 3.93998
43.2686 -68.5554 3.93857
43.2125 -68.6359 3.93955
43.4243 -68.681 3.94128
43.3638 -68.6666 3.93905
43.3895 -68.6813 3.94044
43.414 -68.6181 3.9397
43.4106 -68.6139 3.93817
43.3301 -68.5906 3.93936
43.3711 -68.6255 3.93778
43.4083 -68.6315 3.9382
43.3879 -68.6019 3.94049
43.387 -68.604 3.94057
43.2268 -68.6777 3.93848
43.2944 -68.6773 3.9401
43.4235 -68.6751 3.93972
43.2661 -68.6794 3.94028
43.3774 -68.6554 3.94036
43.3372 -68.5573 3.94002
43.3388 -68.5628 3.93988
43.4019 -68.6103 3.94057
43.344 -68.5644 3.93869
43.3365 -68.639 3.94121
43.3983 -68.7385 3.94046
43.3945 -68.7309 3.94065
43.2916 -68.617 3.93959
43.2685 -68.5048 3.93825
43.4112 -68.6191 3.93955
43.3338 -68.6496 3.93952
43.3851 -68.6713 3.93863
43.3689 -68.6554 3.93921
43.3661 -68.6489 3.93927
43.427 -68.5872 3.94035
43.3097 -68.6161 3.94043
43.3794 -68.5805 3.94083
43.3344 -68.5743 3.93896
43.3701 -68.5859 3.94034
43.298 -68.6379 3.94251
43.333 -68.6925 3.93908
43.357 -68.5728 3.94011
43.2892 -68.6451 3.93764
43.417 -68.5894 3.94406
43.2959 -68.6999 3.94184
43.4312 -68.6488 3.93806
43.3332 -68.5384 3.94051
43.3395 -68.6339 3.94158
43.3155 -68.6034 3.94244
43.3649 -68.6784 3.93905
43.3281 -68.6088 3.94058
43.3272 -68.5808 3.93712
43.3996 -68.6168 3.93844
43.4025 -68.6626 3.94131
43.3603 -68.6272 3.94046
43.3872 -68.5075 3.94052
43.3802 -68.5061 3.94028
43.4272 -68.6705 3.93882
43.3728 -68.5644 3.94063
43.4085 -68.5889 3.94074
43.3732 -68.6071 3.9392
43.4218 -68.6611 3.94067
43.316 -68.5995 3.93899
43.4181 -68.6095 3.93813
43.4179 -68.6089 3.93833
43.3337 -68.6075 3.93726
43.3628 -68.6673 3.94007
43.3202 -68.4882 3.93967
43.343 -68.6602 3.93947
43.2788 -68.5902 3.93886
43.3273 -68.6701 3.93928
43.3593 -68.592 3.94172
43.3749 -68.5746 3.94061
43.3675 -68.6196 3.94017
43.3721 -68.6813 3.94174
43.3364 -68.6044 3.93696
43.2905 -68.628 3.94066
43.2693 -68.5544 3.9386
43.3237 -68.6457 3.93851
43.3704 -68.6464 3.93886
43.2701 -68.5619 3.93726
43.376 -68.565 3.94006
43.3651 -68.6649 3.93913
43.3376 -68.6029 3.94093
43.3696 -68.6513 3.9422
43.326 -68.5923 3.93935
43.4056 -68.6313 3.93795
43.3121 -68.5958 3.94159
43.3746 -68.6236 3.93922
43.4094 -68.6998 3.94089
43.3747 -68.6779 3.94258
43.2993 -68.5738 3.93912
43.4266 -68.6684 3.93967
43.3829 -68.6288 3.94019
43.3576 -68.6095 3.94015
43.2839 -68.6252 3.93917
43.4068 -68.6123 3.94058
43.286 -68.5848 3.93733
43.2895 -68.7042 3.93938
43.3209 -68.6534 3.9402
43.3202 -68.5721 3.93819
43.4027 -68.5378 3.94094
43.4158 -68.6101 3.939
43.4132 -68.6127 3.93918
43.3753 -68.5727 3.93806
43.3909 -68.674 3.93851
43.3172 -68.5663 3.93846
43.4228 -68.5902 3.94026
43.3363 -68.529 3.94074
43.3869 -68.5763 3.94086
43.3838 -68.5751 3.94094
43.2977 -68.5748 3.94107
43.2581 -68.6528 3.93903
43.2927 -68.6251 3.94233
43.2986 -68.5703 3.94112
43.465 -68.5844 3.94177
43.462 -68.5837 3.94171
43.3726 -68.566 3.94105
43.3896 -68.5635 3.94379
43.3027 -68.5866 3.94135
43.2978 -68.6447 3.94146
43.3837 -68.6961 3.93957
43.3723 -68.6521 3.94227
43.3331 -68.5403 3.94041
43.343 -68.6248 3.93869
43.3851 -68.664 3.94026
43.3822 -68.6623 3.94025
43.3837 -68.6652 3.94025
43.3311 -68.6372 3.9414
43.3053 -68.6299 3.9392
43.3267 -68.6189 3.93892
43.3179 -68.6008 3.94242
43.2808 -68.5952 3.93898
43.4143 -68.6158 3.937
43.3695 -68.6846 3.93909
43.3424 -68.7017 3.93924
43.337 -68.5995 3.94055
43.363 -68.6673 3.93986
43.3542 -68.5492 3.94198
43.4164 -68.6696 3.93859
43.2951 -68.5512 3.94199
43.2353 -68.6411 3.93814
43.2684 -68.5991 3.94008
43.3744 -68.6074 3.93918
43.3127 -68.6652 3.94071
43.3186 -68.6261 3.94067
43.3049 -68.5931 3.9389
43.3354 -68.6316 3.9382
43.3791 -68.6839 3.93838
43.3538 -68.6044 3.93891
43.3908 -68.6105 3.94064
43.374 -68.6463 3.94314
43.325 -68.6753 3.93914
43.3516 -68.5956 3.94172
43.3789 -68.5641 3.93929
43.3775 -68.5556 3.93923
43.3692 -68.6118 3.94008
43.245 -68.6467 3.93755
43.2343 -68.5867 3.94002
43.3382 -68.5929 3.94383
43.296 -68.5945 3.94083
43.3943 -68.6181 3.94001
43.4036 -68.6657 3.93906
43.2891 -68.6241 3.93847
43.3914 -68.6701 3.94167
43.3746 -68.5661 3.94014
43.4163 -68.5687 3.9404
43.4208 -68.5654 3.94052
43.4134 -68.6213 3.93986
43.3772 -68.6521 3.94231
43.4115 -68.6119 3.93822
43.2879 -68.6474 3.9375
43.3574 -68.5975 3.94211
43.408 -68.5824 3.93912
43.3074 -68.6873 3.94158
43.3973 -68.6107 3.93857
43.3669 -68.6196 3.93939
43.2797 -68.674 3.93989
43.2769 -68.6694 3.93984
43.4052 -68.7033 3.94096
43.3672 -68.5334 3.93924
43.3845 -68.6275 3.94016
43.3322 -68.5581 3.93988
43.3425 -68.5618 3.93884
43.497 -64.4899 3.94334
