-18.9946 -6.1888 0.683978
-19.079 -6.16989 0.68412
-18.9412 -6.06717 0.679974
-18.9299 -6.1548 0.682042
-18.8926 -6.18496 0.68146
-19.0326 -6.19958 0.682975
-19.0481 -6.26882 0.683308
-18.9666 -6.24508 0.681202
-18.8599 -6.13315 0.683894
-18.8944 -6.11784 0.683409
-18.9165 -6.16112 0.679375
-18.8536 -6.12317 0.679996
-18.8942 -6.18274 0.679943
-18.9541 -6.23118 0.682379
-19.0434 -6.16359 0.68142
-18.9358 -6.33665 0.678564
-18.801 -6.1726 0.682592
-18.9002 -6.2762 0.680753
-18.9798 -6.26703 0.681917
-18.983 -6.08977 0.679033
-18.9718 -6.15372 0.683916
-18.931 -6.14699 0.686353
-18.7986 -6.21197 0.680422
-18.9073 -6.06298 0.683726
-18.8967 -6.10132 0.679825
-18.9422 -6.34569 0.681991
-18.9648 -6.22133 0.679363
-18.9598 -6.14615 0.684241
-18.8328 -6.2298 0.682657
-18.8997 -6.14996 0.682112
-18.9293 -6.23331 0.678311
-19.0149 -6.27903 0.683647
-18.9032 -6.21485 0.68276
-18.8893 -6.22635 0.680782
-18.9884 -6.23683 0.681358
-18.9678 -6.13519 0.679542
-18.8319 -6.12353 0.680305
-18.8473 -6.15539 0.680316
-18.9519 -6.20105 0.679524
-18.8606 -6.14222 0.680934
-18.9173 -6.22153 0.686436
-18.983 -6.13332 0.679232
-18.9693 -6.06394 0.678729
-18.9452 -6.17754 0.687324
-18.8435 -6.16897 0.681923
-18.9259 -6.14999 0.684085
-18.9029 -6.16715 0.682356
-18.9209 -6.23349 0.68349
-19.0728 -6.21846 0.681278
-18.957 -6.05933 0.685969
-18.8903 -6.11446 0.676495
-18.8443 -6.11219 0.677588
-19.0126 -6.1789 0.683267
-19.0026 -6.22814 0.682539
-18.9877 -6.20346 0.683701
-18.9594 -6.08149 0.682789
-18.9213 -6.25951 0.682236
-18.8727 -6.11822 0.679036
-18.9095 -6.09234 0.682546
-18.8551 -6.14271 0.67849
-18.8553 -6.14186 0.680938
-19.0101 -6.07336 0.681678
-18.8742 -6.19115 0.684357
-18.9246 -6.2518 0.681822
-18.7856 -6.13061 0.678211
-18.9946 -6.06811 0.681501
-18.9413 -6.19282 0.683779
-18.9463 -6.17889 0.68446
-18.8797 -6.13241 0.681542
-18.947 -6.13762 0.680338
-18.8971 -6.11247 0.680749
-18.9258 -6.28223 0.682531
-18.9835 -6.06852 0.682024
-18.9544 -6.1654 0.683715
-18.9918 -6.20462 0.681361
-18.8249 -6.30848 0.683283
-18.8916 -6.25317 0.682264
-18.9624 -6.0779 0.684986
-18.8568 -6.10522 0.682642
-18.9889 -6.26085 0.683015
-18.8657 -6.01387 0.680741
-18.8244 -6.11586 0.67949
-18.9371 -6.24259 0.68136
-18.8625 -6.22125 0.684213
-18.871 -6.22709 0.680763
-18.8489 -6.16468 0.681352
-19.0116 -6.20421 0.677221
-18.9468 -6.23825 0.683954
-18.9179 -6.25594 0.683062
-18.8239 -6.17312 0.681472
-18.903 -6.14248 0.680743
-18.9703 -6.18399 0.680021
-18.9533 -6.13773 0.68026
-18.8773 -6.05766 0.679196
-18.9882 -6.22619 0.683387
-18.8842 -6.20226 0.683567
-18.8389 -6.09606 0.678885
-18.8967 -6.16382 0.680515
-18.8253 -6.04636 0.680725
-18.9738 -6.13475 0.680381
-19.1224 -6.11577 0.679525
-18.8896 -6.20357 0.684106
-18.9817 -6.22003 0.684542
-18.8132 -6.19779 0.678773
-18.8179 -6.14171 0.678879
-18.9894 -6.37599 0.680798
-18.83 -6.19288 0.680136
-18.85 -6.20588 0.682062
-18.9806 -6.21086 0.684334
-18.9422 -6.16315 0.682797
-18.9607 -6.29758 0.685871
-18.9442 -6.27459 0.682636
-18.9652 -6.28884 0.684293
-18.9218 -6.16166 0.682005
-18.9313 -6.1539 0.681669
-19.0081 -6.1054 0.683063
-18.9641 -6.18968 0.682965
-18.8988 -6.21783 0.687529
-19.0085 -6.22649 0.685726
-18.9443 -6.23176 0.682827
-18.9099 -6.13728 0.681281
-18.927 -6.23053 0.681125
-19.0522 -6.14941 0.681647
-18.8327 -6.06179 0.682133
-18.8511 -6.07924 0.680951
-18.872 -6.07694 0.675846
-18.9098 -6.13039 0.682084
-18.9205 -6.15217 0.680618
-18.9656 -6.23621 0.68179
-19.0199 -6.19249 0.681665
-18.9484 -6.16169 0.683351
-18.9031 -6.118 0.681289
-18.9604 -6.23363 0.683873
-18.9659 -6.15705 0.681199
-18.911 -6.19129 0.680596
-18.8869 -6.1783 0.682002
-18.9694 -6.20177 0.681068
-18.9076 -6.18201 0.682151
-18.9891 -6.18888 0.680108
-18.946 -6.19111 0.679395
-18.9728 -6.20207 0.680485
-18.9374 -6.14516 0.680553
-18.9936 -6.24628 0.680357
-18.9382 -6.29583 0.680142
-18.9379 -6.138 0.679516
-18.9343 -6.23631 0.680189
-18.8253 -6.22404 0.685363
-18.969 -6.11477 0.683151
-18.9556 -6.10792 0.67967
-18.8971 -6.26667 0.678771
-18.9441 -6.23679 0.68488
-18.9776 -6.21875 0.683752
-18.9514 -6.13748 0.681699
-18.9704 -6.13848 0.686457
-18.8788 -6.1904 0.680681
-18.978 -6.13684 0.679657
-19.0016 -6.14367 0.680579
-18.9328 -6.16186 0.682556
-18.9363 -6.06845 0.68179
-18.9378 -6.11192 0.683998
-18.9505 -6.26535 0.679639
-18.9237 -6.23015 0.678979
-18.899 -6.14628 0.681904
-19.0608 -6.29246 0.681868
-18.9433 -6.12058 0.684089
-18.8324 -6.10826 0.680913
-18.9685 -6.13397 0.678241
-18.8913 -6.13846 0.679467
-18.836 -6.12292 0.68015
-18.8387 -6.29874 0.685981
-18.8631 -6.27325 0.683746
-18.9606 -6.06273 0.679967
-18.8978 -6.1481 0.682494
-18.9295 -6.13046 0.679054
-18.953 -6.11877 0.67872
-19.0636 -6.14168 0.686494
-18.9438 -6.02068 0.681153
-18.9724 -6.24448 0.681867
-18.8645 -6.23221 0.680435
-18.8521 -6.12409 0.68178
-18.8862 -6.21061 0.681911
-18.8908 -6.21247 0.680667
-18.964 -6.18069 0.683271
-18.9296 -6.16367 0.684491
-18.9792 -6.16173 0.685426
-18.952 -6.1603 0.679949
-18.9936 -6.17696 0.680314
-18.8951 -6.16813 0.681655
-18.9673 -6.15997 0.683153
-19.0831 -6.2823 0.683111
-18.794 -6.17386 0.675706
-19.0285 -6.21107 0.683803
-18.936 -6.09425 0.680988
-18.8859 -6.29399 0.680655
-18.8612 -6.12468 0.680382
-19.039 -6.14765 0.679011
-18.9225 -6.16253 0.683438
-18.9758 -6.2317 0.681767
-18.8271 -6.08498 0.680884
-18.8922 -6.07146 0.678735
-18.9066 -6.19708 0.681989
-18.9062 -6.20327 0.682593
-18.9665 -6.16644 0.682748
-19.0095 -6.23448 0.683595
-18.8517 -6.03138 0.680056
-18.9553 -6.21773 0.686092
-18.8573 -6.19118 0.678981
-18.8454 -6.22813 0.679461
-18.8712 -6.28504 0.679886
-18.8042 -6.10229 0.682728
-18.9599 -6.22728 0.684592
-18.9023 -6.14517 0.680154
-19.0276 -6.2047 0.680634
-18.8923 -6.21934 0.683017
-18.9717 -6.19262 0.685072
-18.885 -6.20745 0.683476
-18.9842 -6.1747 0.682341
-18.8665 -6.16613 0.680011
-18.8805 -6.17576 0.677885
-19.0419 -6.18313 0.686523
-18.8228 -6.26696 0.679728
-18.8724 -6.24581 0.677941
-19.0843 -6.30662 0.682124
-18.96 -6.15367 0.680959
-19.009 -6.1769 0.682113
-18.924 -6.16871 0.676413
-18.8291 -6.12363 0.67891
-19.0256 -6.0993 0.683597
-18.9398 -6.18072 0.682463
-18.9389 -6.16497 0.681748
-18.8247 -6.13871 0.681717
-19.0227 -6.1505 0.680604
-18.9634 -6.15947 0.680666
-18.826 -6.08668 0.678052
-19.0437 -6.21525 0.679952
-18.9038 -6.21552 0.682763
-18.9848 -6.15244 0.682325
-18.8049 -6.11708 0.679805
-19.0418 -6.06277 0.685097
-18.8569 -6.20373 0.681597
-18.978 -6.2008 0.680829
-18.8906 -6.15356 0.680532
-18.9396 -6.18762 0.686822
-18.8716 -6.1011 0.681538
-18.9774 -6.08453 0.683448
-19.0006 -6.09246 0.682556
-19.0645 -6.09303 0.680661
-18.8854 -6.13389 0.680738
-18.8582 -6.12853 0.68034
-18.8396 -6.1403 0.681047
-18.9735 -6.23061 0.678076
-18.8354 -6.1406 0.677106
-18.8676 -6.17994 0.677454
-18.937 -6.20381 0.681977
-18.9556 -6.15354 0.678272
-19.0077 -6.13817 0.683964
-19.0325 -6.16525 0.68359
-18.9702 -6.06619 0.680602
-18.9321 -6.10343 0.683813
-18.8929 -6.22589 0.681594
-18.9948 -6.13926 0.681617
-18.9884 -6.14569 0.677519
-18.8852 -6.22626 0.683312
-18.9394 -6.17874 0.680545
-18.8136 -6.19117 0.678612
-18.8682 -6.209 0.682855
-18.9642 -6.1159 0.68056
-18.9195 -6.22973 0.681771
-18.9548 -6.21134 0.681307
-18.8388 -6.19354 0.682792
-18.9844 -6.1782 0.683877
-18.9544 -6.17543 0.677538
-18.8457 -6.1131 0.678789
-18.9086 -6.18219 0.679584
-18.889 -6.1387 0.679999
-18.8825 -6.1993 0.684617
-18.941 -6.14329 0.686283
-18.9289 -6.09112 0.681371
-18.9133 -6.09216 0.681497
-18.9091 -6.20454 0.682461
-18.8674 -6.2846 0.682931
-18.863 -6.20859 0.684863
-18.8285 -6.23379 0.684124
-18.8546 -6.23994 0.682769
-18.8687 -6.18313 0.682836
-18.8717 -6.08557 0.681461
-18.8604 -6.24462 0.686448
-18.9758 -6.16206 0.683973
-18.8622 -6.18918 0.677909
-18.9214 -6.12404 0.682944
-18.8285 -6.19912 0.682494
-18.8168 -6.1825 0.683066
-18.8521 -6.14051 0.680841
-18.8252 -6.15153 0.681014
-18.9242 -6.29764 0.685898
-18.928 -6.10758 0.683508
-18.9333 -6.18941 0.682154
-18.879 -6.11214 0.679888
-18.8569 -6.11689 0.680579
-18.9779 -6.19162 0.685035
-18.9085 -6.1643 0.681064
-18.9415 -6.26641 0.681788
-18.9752 -6.29186 0.683318
-19.0001 -6.16361 0.684787
-18.8866 -6.0981 0.676708
-19.096 -6.20986 0.687553
-18.9365 -6.21708 0.685769
-18.8325 -6.13714 0.681553
-18.9132 -6.12152 0.682181
-18.9978 -6.16807 0.679933
-18.8984 -6.18312 0.681788
-18.9717 -6.1546 0.679749
-18.9523 -6.20346 0.680943
-19.0066 -6.27981 0.680981
-18.9819 -6.26895 0.681109
-18.8968 -6.10568 0.678161
-18.9589 -6.1506 0.682184
-18.9395 -6.14074 0.683078
-18.8815 -6.24684 0.682825
-18.9679 -6.14093 0.681177
-18.8761 -6.21837 0.679719
-18.891 -6.15271 0.68171
-18.8008 -6.07885 0.679054
-18.7372 -6.10186 0.680791
-19.061 -6.23346 0.682851
-18.9304 -6.14095 0.677423
-19.0173 -6.245 0.683385
-19.0265 -6.20195 0.681124
-18.8258 -6.24139 0.684841
-18.9121 -6.03193 0.682495
-18.9936 -6.14058 0.681374
-18.9312 -6.08165 0.683216
-18.8679 -6.12824 0.680187
-18.8245 -6.16043 0.681358
-18.9266 -6.22148 0.684268
-18.8958 -6.23036 0.683223
-18.8326 -6.16841 0.677898
-18.8736 -6.17521 0.680748
-18.9954 -6.0712 0.681554
-18.9961 -6.1733 0.68028
-18.9867 -6.11946 0.679886
-18.8863 -6.22155 0.680252
-18.9873 -6.27782 0.682499
-18.8436 -6.17548 0.681495
-18.9641 -6.10609 0.67966
-18.9434 -6.18742 0.68016
-18.8845 -6.22739 0.684876
-18.9268 -6.23833 0.680006
-18.9243 -6.2356 0.678097
-18.9257 -6.23625 0.679634
-18.931 -6.18359 0.684214
-18.9541 -6.20084 0.683786
-19.0143 -6.23094 0.679212
-18.9002 -6.08929 0.680145
-18.8177 -6.24436 0.682345
-18.8633 -6.34467 0.683679
-18.9917 -6.17497 0.68283
-18.8694 -6.12927 0.677233
-18.9547 -6.13813 0.681311
-18.9419 -6.16786 0.681302
-18.9615 -6.16811 0.680291
-19.0516 -6.20901 0.68301
-18.9508 -6.26967 0.678333
-18.89 -6.19086 0.681543
-18.9144 -6.20221 0.681968
-18.9263 -6.17868 0.683878
-18.9485 -6.1192 0.680708
-18.9659 -6.26912 0.683648
-19.0751 -6.17855 0.683875
-18.9007 -6.10454 0.679788
-18.9621 -6.17864 0.683363
-18.9001 -6.15853 0.681227
-18.9312 -6.17121 0.685004
-19.0091 -6.23348 0.681477
-18.8224 -6.18135 0.676156
-18.9041 -6.15126 0.68366
-19.0062 -6.1758 0.683757
-18.984 -6.11824 0.679782
-18.8814 -6.11231 0.681918
-18.8895 -6.16572 0.679872
-18.9226 -6.22141 0.681405
-18.9338 -6.29415 0.678644
-18.9369 -6.1444 0.684098
-19.0224 -6.15029 0.683949
-18.8479 -6.04174 0.679886
-18.9346 -6.20189 0.684415
-18.7599 -6.19753 0.681444
-18.9061 -6.10123 0.678985
-18.8963 -6.22075 0.6812
-18.8983 -6.23624 0.680953
-18.9447 -6.15838 0.681075
-18.9039 -6.24984 0.682057
-18.9134 -6.23516 0.682967
-18.9271 -6.2127 0.684623
-18.9081 -6.21448 0.681161
-18.8352 -6.24752 0.678973
-19.0024 -6.19581 0.68282
-18.9335 -6.19024 0.683799
-18.9123 -6.18344 0.682275
-18.8576 -6.1085 0.685413
-18.8582 -6.06984 0.681926
-18.9803 -6.25735 0.685702
-18.9792 -6.29834 0.685347
-18.9698 -6.23703 0.682756
-18.8231 -6.09825 0.682197
-18.8475 -6.1983 0.686589
-18.9527 -6.2071 0.679659
-18.8734 -6.3263 0.680488
-18.9146 -6.18188 0.681455
-18.7371 -6.1946 0.680798
-18.8236 -6.15947 0.681303
-19.0298 -6.17053 0.679083
-18.9831 -6.15691 0.68435
-18.8646 -6.13661 0.680342
-18.9265 -6.04503 0.684745
-18.9027 -6.30113 0.684505
-18.9469 -6.19948 0.683745
-18.9297 -6.19216 0.679257
-18.974 -6.21526 0.68034
-18.9217 -6.31783 0.682712
-18.9172 -6.13885 0.681068
-18.893 -6.12527 0.67996
-19.0407 -6.27802 0.685154
-18.8546 -6.17246 0.676857
-18.9585 -6.10692 0.679145
-18.9309 -6.18932 0.678458
-18.9066 -6.10912 0.683809
-18.9257 -6.15567 0.68084
-18.9545 -6.1559 0.68427
-18.9795 -6.27449 0.683298
-18.9338 -6.10724 0.683343
-18.9453 -6.20561 0.683849
-18.7937 -6.23355 0.679553
-18.9379 -6.20431 0.684603
-18.8835 -6.18807 0.682545
-18.939 -6.10362 0.680591
-18.892 -6.13659 0.680019
-18.9251 -6.17796 0.677749
-19.1002 -6.25057 0.686628
-18.8784 -6.24504 0.682273
-18.9815 -6.13589 0.685308
-19.0467 -6.09818 0.685328
-18.923 -6.21594 0.67685
-18.9929 -6.25095 0.683772
-18.8629 -6.21053 0.68085
-18.931 -6.12312 0.68275
-18.8845 -6.10657 0.678148
-18.9256 -6.12998 0.680112
-18.9548 -6.19477 0.681138
-18.8923 -6.17685 0.684362
-18.8458 -6.22431 0.682582
-18.8693 -6.16526 0.682167
-18.9254 -6.24279 0.679435
-18.8586 -6.24508 0.677148
-18.87 -6.0758 0.679347
-18.9639 -6.07053 0.68227
-18.9258 -6.24297 0.684352
-18.9107 -6.18087 0.686001
-18.8628 -6.14626 0.679514
-18.7994 -6.16818 0.678595
-18.9499 -6.14561 0.68006
-18.9083 -6.15429 0.681914
-18.9294 -6.20953 0.681692
-18.906 -6.13958 0.679574
-18.8196 -6.17817 0.682949
-19.0376 -6.15509 0.680167
-18.9789 -6.23539 0.683101
-18.9493 -6.29256 0.684141
-18.8947 -6.10248 0.683905
-18.975 -6.06208 0.679996
-18.9143 -6.21071 0.685807
-18.9668 -6.17941 0.68077
-18.9206 -6.20356 0.674522
-18.8461 -6.06828 0.682215
-18.9931 -6.10161 0.681438
-18.9921 -6.1869 0.679042
-18.8097 -6.10608 0.676212
-18.8574 -6.08214 0.677063
-18.8148 -6.10167 0.677392
-18.9792 -6.10399 0.678807
-18.9899 -6.21568 0.680065
-18.9691 -6.30942 0.682449
-18.9085 -6.0739 0.681218
-18.8445 -6.08969 0.682995
-18.8947 -6.19754 0.685565
-18.9614 -6.20161 0.682237
-18.9886 -6.16404 0.680919
-18.8583 -6.14864 0.681925
-18.8824 -6.19689 0.680906
-18.8635 -6.1025 0.678959
-19.052 -6.2177 0.680813
-18.9269 -6.14924 0.685198
-18.9262 -6.23624 0.678597
-18.9648 -6.10703 0.67643
-18.9959 -6.20747 0.682284
-18.947 -6.2369 0.678359
-18.9106 -6.19362 0.680498
-18.9546 -6.13777 0.682922
-18.9467 -6.24268 0.682297
-20.364 -7.42756 0.701005
