60.9799 -52.2156 3.89971
61.0785 -52.1562 3.90149
60.961 -52.1405 3.90481
61.1206 -52.1117 3.90418
61.1012 -52.2032 3.90458
61.0016 -52.2583 3.89874
60.9411 -52.2245 3.90264
61.1116 -52.2017 3.90413
61.0573 -52.1516 3.90014
60.9949 -52.1917 3.904
61.0661 -52.1442 3.89944
61.0636 -52.1448 3.89895
61.0662 -52.1571 3.90294
61.0682 -52.1551 3.90305
61.1282 -52.15 3.90174
61.1352 -52.1473 3.90166
61.0946 -52.1829 3.90339
60.9668 -52.2337 3.89898
61.0677 -52.21 3.9031
61.067 -52.2086 3.90305
61.0428 -52.1808 3.90264
61.0446 -52.1461 3.90504
61.1276 -52.2161 3.89949
61.0401 -52.1437 3.90378
61.0875 -52.1366 3.89961
61.0876 -52.1183 3.90076
61.0583 -52.1577 3.90365
61.0818 -52.1403 3.90421
61.0422 -52.2215 3.90322
60.9815 -52.2708 3.90158
61.0042 -52.1263 3.90395
61.1042 -52.148 3.90302
61.0997 -52.1451 3.90292
61.1071 -52.144 3.90317
61.0975 -52.1099 3.90306
61.0673 -52.244 3.90194
60.9591 -52.1704 3.90129
61.0335 -52.2393 3.90038
61.0127 -52.1542 3.89788
61.1569 -52.1516 3.90135
61.1568 -52.1538 3.90142
61.0631 -52.2208 3.90149
61.1915 -52.1787 3.90426
61.1269 -52.1884 3.9058
60.9852 -52.2326 3.90427
61.0385 -52.1542 3.90344
61.0176 -52.1489 3.9033
61.016 -52.1472 3.90334
61.1634 -52.2441 3.9008
61.1013 -52.1414 3.90309
61.0525 -52.1238 3.90061
61.0065 -52.2256 3.90405
61.0308 -52.1023 3.90066
61.0628 -52.1346 3.90281
61.0544 -52.1394 3.90107
61.029 -52.1293 3.90246
61.0462 -52.1474 3.90662
61.0335 -52.2316 3.90101
61.0662 -52.1693 3.89978
61.0724 -52.1649 3.89977
61.1276 -52.2618 3.90139
61.0636 -52.0813 3.90513
61.0608 -52.0832 3.90538
61.0559 -52.1455 3.90373
61.1423 -52.1147 3.90438
61.0278 -52.193 3.90355
61.0644 -52.1814 3.90489
61.0591 -52.1294 3.90169
60.9749 -52.2027 3.90463
60.9772 -52.1987 3.90459
61.0303 -52.2499 3.90183
61.1467 -52.3208 3.90125
61.0738 -52.2282 3.90011
61.059 -52.1347 3.90586
61.035 -52.1065 3.9041
61.0612 -52.2159 3.9019
61.1309 -52.1251 3.90451
61.0884 -52.1873 3.9027
60.9818 -52.1653 3.90401
60.9999 -52.1252 3.90477
60.9601 -52.2654 3.90024
60.9624 -52.2596 3.90009
61.0337 -52.2875 3.90098
61.0392 -52.1401 3.89979
61.1161 -52.102 3.90549
60.9791 -52.1286 3.90084
61.0249 -52.1482 3.9027
61.0062 -52.1803 3.90272
61.0375 -52.1898 3.90183
61.2014 -52.1638 3.90168
61.0949 -52.1463 3.90279
61.0258 -52.1886 3.90478
60.9515 -52.1743 3.90356
60.9915 -52.1419 3.90609
61.0255 -52.1996 3.90142
61.0239 -52.1901 3.90127
61.0967 -52.1309 3.90237
60.986 -52.2553 3.90294
61.1069 -52.1212 3.90043
61.0749 -52.1993 3.89806
61.0972 -52.0538 3.90483
61.0967 -52.055 3.90492
61.0232 -52.2551 3.90509
60.9992 -52.1562 3.90359
61.0165 -52.1639 3.89819
61.0824 -52.2901 3.8996
61.0551 -52.1982 3.90279
61.0775 -52.1672 3.89876
61.0769 -52.1665 3.89863
61.0334 -52.2323 3.90216
60.9352 -52.2054 3.89779
61.1107 -52.177 3.9024
61.0769 -52.223 3.90294
61.0861 -52.2319 3.89875
61.0161 -52.1507 3.90164
60.9958 -52.1257 3.89852
61.0477 -52.2495 3.90364
61.0941 -52.1872 3.90249
61.0908 -52.1886 3.90246
60.9607 -52.296 3.90127
61.0554 -52.1745 3.90301
61.0559 -52.1723 3.90303
61.0944 -52.2229 3.90427
61.0915 -52.1133 3.90121
60.9899 -52.2125 3.90322
60.9532 -52.1168 3.90473
61.1142 -52.2795 3.90187
61.0475 -52.2169 3.90073
61.1425 -52.1605 3.89932
61.0242 -52.2344 3.90497
61.0568 -52.1853 3.90332
61.0169 -52.1851 3.90376
61.0741 -52.1586 3.90155
61.0374 -52.1986 3.89991
61.1205 -52.1062 3.90403
61.0422 -52.2234 3.90381
61.0278 -52.1722 3.90641
61.0041 -52.2517 3.89852
61.0006 -52.2462 3.90558
61.0486 -52.1561 3.90018
60.9882 -52.1846 3.89976
61.0603 -52.2209 3.90246
61.0635 -52.1428 3.89909
61.1007 -52.2526 3.90413
61.1395 -52.148 3.90171
61.1355 -52.1486 3.90175
61.1186 -52.1671 3.90619
61.0641 -52.1917 3.90185
61.0718 -52.2086 3.90284
61.0418 -52.19 3.90374
61.0505 -52.1496 3.905
61.1229 -52.2148 3.89959
61.132 -52.2129 3.89938
61.0353 -52.1019 3.9035
61.0354 -52.1001 3.90352
61.1476 -52.2341 3.90674
61.085 -52.1334 3.90446
61.0843 -52.1319 3.90413
60.9759 -52.2672 3.90138
61.1081 -52.1868 3.90061
61.0662 -52.2496 3.90184
61.0121 -52.2519 3.90347
61.1002 -52.2004 3.9014
60.9856 -52.1517 3.90499
61.0479 -52.2695 3.90429
61.0131 -52.1558 3.89804
61.0507 -52.2111 3.89924
61.0267 -52.2199 3.90135
61.0595 -52.1153 3.90052
61.1279 -52.1916 3.90563
61.0483 -52.1962 3.8996
61.1288 -52.151 3.90329
60.9903 -52.2342 3.90431
61.0397 -52.1524 3.90338
60.9053 -52.1857 3.90634
61.1646 -52.2479 3.9007
61.1225 -52.1514 3.90382
61.0482 -52.1234 3.90087
61.1731 -52.1926 3.90081
61.0599 -52.1805 3.90286
61.0325 -52.0947 3.9008
61.0897 -52.2161 3.90704
61.0685 -52.1397 3.90272
61.0649 -52.139 3.90273
61.0645 -52.14 3.90268
61.0905 -52.1412 3.90112
61.0587 -52.1377 3.90102
60.8955 -52.1754 3.90323
60.9757 -52.2351 3.90198
61.0583 -52.2229 3.90317
60.9865 -52.2016 3.89996
61.0682 -52.1638 3.89991
61.0225 -52.1307 3.90081
61.0059 -52.2427 3.90138
61.0977 -52.1692 3.90336
61.051 -52.1027 3.905
61.0565 -52.1548 3.90359
60.9774 -52.2001 3.90203
61.0112 -52.2342 3.8993
61.0068 -52.2376 3.89893
61.0943 -52.2459 3.90337
61.0258 -52.1866 3.90351
61.1688 -52.0866 3.9003
61.058 -52.1307 3.90175
61.0647 -52.1298 3.90174
61.1268 -52.2251 3.90347
61.0699 -52.229 3.90019
61.0305 -52.1038 3.90409
61.0557 -52.2238 3.90184
61.0163 -52.23 3.90045
61.1277 -52.2241 3.90325
61.0851 -52.1758 3.90272
60.9982 -52.1217 3.90463
61.0118 -52.1448 3.90221
61.0131 -52.1382 3.90198
61.0404 -52.1404 3.89959
61.078 -52.1904 3.90027
60.9825 -52.1276 3.901
60.981 -52.1263 3.90108
61.0074 -52.1784 3.90281
61.1376 -52.1303 3.90386
61.0076 -52.1397 3.90494
61.0603 -52.2757 3.90067
61.0478 -52.2156 3.90224
60.9874 -52.1381 3.90609
61.0648 -52.2374 3.90259
61.0275 -52.1865 3.90122
61.2377 -52.1233 3.90222
61.0929 -52.1338 3.90242
61.07 -52.1305 3.90599
61.0726 -52.1288 3.90104
60.9803 -52.1711 3.90466
61.0883 -52.0559 3.90493
61.0353 -52.2012 3.90301
61.0329 -52.1561 3.90719
60.9865 -52.184 3.90284
60.9969 -52.238 3.90055
61.1101 -52.1747 3.90454
61.0812 -52.1682 3.89868
61.0364 -52.2111 3.90182
61.1141 -52.1675 3.90233
61.0386 -52.2108 3.90468
61.0182 -52.1982 3.90207
61.0914 -52.1815 3.89999
60.9914 -52.1431 3.9041
61.0922 -52.1014 3.90499
61.0014 -52.126 3.8986
60.9995 -52.1216 3.89862
61.0242 -52.1319 3.89869
61.0266 -52.1279 3.89853
61.0626 -52.1713 3.90307
61.1602 -52.252 3.89951
61.0679 -52.186 3.90408
61.0888 -52.1159 3.90144
60.9862 -52.0551 3.89918
61.0169 -52.1096 3.90702
61.026 -52.1053 3.90498
60.9435 -52.2611 3.90064
61.1493 -52.1622 3.89934
61.0151 -52.1546 3.90546
61.0609 -52.1501 3.90191
61.0181 -52.1822 3.90396
60.9804 -52.2191 3.89952
60.9646 -52.1423 3.90474
60.9919 -52.2665 3.90176
61.1012 -52.2126 3.90216
61.1189 -52.1112 3.90419
61.0739 -52.2028 3.90504
61.0592 -52.2143 3.90371
61.0604 -52.2133 3.90343
61.016 -52.1888 3.90391
61.0211 -52.1787 3.90396
61.1439 -52.1881 3.90376
61.039 -52.2048 3.90285
61.0684 -52.1332 3.89896
61.0628 -52.1617 3.90288
61.1022 -52.2549 3.90402
61.1408 -52.1446 3.90171
61.0551 -52.2298 3.90059
61.0468 -52.2308 3.90192
61.0681 -52.1856 3.90193
61.031 -52.1857 3.90393
61.0451 -52.1416 3.90508
61.0511 -52.1443 3.90494
61.1709 -52.157 3.90141
61.0383 -52.1469 3.9037
61.0422 -52.1444 3.90367
61.0889 -52.1322 3.89942
61.01 -52.2173 3.90565
61.0092 -52.2158 3.90558
61.0834 -52.139 3.90427
61.0832 -52.1307 3.90432
61.081 -52.1381 3.9043
61.042 -52.2204 3.90296
61.1064 -52.1517 3.90308
61.1073 -52.1498 3.90309
61.1012 -52.1065 3.90326
61.0689 -52.2478 3.90184
61.0088 -52.249 3.90341
60.9776 -52.1546 3.90507
61.0419 -52.226 3.9061
61.0209 -52.1624 3.89812
61.0673 -52.2394 3.90352
61.0656 -52.1172 3.90039
61.1001 -52.2426 3.90369
61.0525 -52.2003 3.89963
61.1162 -52.1381 3.89933
60.9806 -52.236 3.90413
60.9825 -52.2401 3.90409
61.0352 -52.1555 3.90345
61.0158 -52.1467 3.90319
61.1207 -52.1589 3.90374
61.0966 -52.1432 3.90304
61.0648 -52.112 3.90563
61.0623 -52.1166 3.90572
61.0512 -52.1774 3.90373
61.0461 -52.233 3.90632
61.0328 -52.0991 3.90083
61.0916 -52.2164 3.90723
60.9615 -52.2305 3.90572
61.0298 -52.1314 3.90225
61.0453 -52.1496 3.90657
60.9795 -52.2686 3.89826
61.1015 -52.2175 3.9063
61.0194 -52.1376 3.90086
61.0987 -52.2386 3.90078
61.056 -52.0839 3.90517
61.0518 -52.0964 3.90474
61.0337 -52.237 3.89926
61.0089 -52.2369 3.89899
61.1004 -52.2401 3.9035
61.0328 -52.1901 3.90363
60.9152 -52.1996 3.90429
61.0818 -52.2459 3.9035
61.1283 -52.2247 3.90341
60.9778 -52.2103 3.89901
61.027 -52.1032 3.90418
61.1251 -52.1903 3.90167
61.0654 -52.103 3.90563
61.0735 -52.109 3.90578
61.0655 -52.2631 3.90317
61.0024 -52.1243 3.90473
61.0085 -52.1392 3.90212
61.0662 -52.1938 3.90027
61.0984 -52.1738 3.89923
60.9788 -52.13 3.90095
61.0237 -52.148 3.90279
61.0244 -52.1477 3.90278
61.0361 -52.1842 3.9018
61.0368 -52.1848 3.90195
61.0054 -52.1439 3.9052
61.0214 -52.2026 3.90511
60.9538 -52.1702 3.90352
60.9553 -52.174 3.90344
60.969 -52.0925 3.89952
61.0967 -52.1345 3.90248
61.1152 -52.1413 3.90577
60.9792 -52.2536 3.90309
61.0965 -52.122 3.90066
60.912 -52.1765 3.9002
61.1274 -52.1536 3.90282
60.9782 -52.1679 3.90484
61.1233 -52.2511 3.90191
61 -52.1579 3.90366
60.9993 -52.1586 3.90376
61.0244 -52.1632 3.89815
61.0233 -52.192 3.90447
61.1358 -52.1223 3.90363
61.0207 -52.1365 3.9009
60.9992 -52.2027 3.90465
60.9996 -52.2038 3.90479
61.0331 -52.2096 3.90167
61.0898 -52.0812 3.90579
61.1162 -52.1711 3.90238
61.0278 -52.1921 3.90214
60.9916 -52.2064 3.9045
61.0879 -52.1042 3.90491
61.0287 -52.15 3.90158
61.0491 -52.2457 3.9038
61.0548 -52.172 3.90307
61.0602 -52.1662 3.9065
60.9852 -52.2421 3.89879
60.9915 -52.2452 3.89885
61.0662 -52.1899 3.90402
61.0822 -52.1164 3.90135
60.9918 -52.0468 3.89928
61.0862 -52.1817 3.90243
61.0354 -52.1073 3.90496
60.9821 -52.2164 3.90527
60.9791 -52.2131 3.9052
61.0054 -52.1542 3.90367
61.0957 -52.1958 3.90361
61.1243 -52.2131 3.90413
61.0127 -52.1529 3.90584
61.0565 -52.1833 3.90343
60.9792 -52.22 3.89958
60.9621 -52.1443 3.90484
60.9921 -52.2661 3.90193
61.042 -52.1948 3.89998
61.072 -52.202 3.90515
61.0834 -52.1567 3.90246
61.0474 -52.1947 3.90488
61.1451 -52.1591 3.90353
61.0556 -52.1536 3.90023
60.999 -52.193 3.90394
61.0637 -52.1456 3.89907
61.0795 -52.1654 3.90184
61.0806 -52.1621 3.90192
61.0542 -52.2296 3.90058
61.049 -52.2371 3.90193
61.065 -52.2058 3.90288
61.0459 -52.1842 3.90468
61.0413 -52.1862 3.9046
61.1188 -52.1249 3.9041
61.1211 -52.1262 3.90415
61.0638 -52.2375 3.90598
61.167 -52.1547 3.90133
61.041 -52.1415 3.9037
61.0937 -52.1383 3.89965
61.0689 -52.1749 3.90369
61.0728 -52.1714 3.90343
61.0519 -52.1484 3.90349
61.0867 -52.1358 3.90408
61.0072 -52.1233 3.9037
61.1012 -52.1084 3.90325
61.0869 -52.1905 3.90194
60.9854 -52.2429 3.8997
61.0881 -52.1576 3.90358
60.982 -52.1543 3.90505
60.9762 -52.3498 3.90161
61.0149 -52.157 3.89796
61.0695 -52.1878 3.90509
61.0678 -52.2251 3.90165
61.0648 -52.1147 3.90063
61.008 -52.1302 3.90585
61.0466 -52.1986 3.89966
61.1509 -52.1279 3.90154
61.045 -52.1532 3.9033
60.9758 -52.2321 3.90277
61.0522 -52.2083 3.90575
61.0992 -52.1381 3.90311
61.0571 -52.2151 3.90776
61.0209 -52.2212 3.90512
61.0551 -52.1727 3.90365
61.0561 -52.1845 3.90358
61.0088 -52.2244 3.90418
61.1602 -52.3068 3.90125
61.0631 -52.1805 3.90318
61.0309 -52.1008 3.9009
61.0868 -52.1498 3.90093
61.0276 -52.1307 3.90248
60.8907 -52.1813 3.90312
61.1139 -52.224 3.90389
61.0683 -52.1667 3.9001
61.116 -52.2304 3.90567
61.0244 -52.1317 3.90097
61.0428 -52.2409 3.90111
61.0393 -52.2361 3.90108
61.0889 -52.17 3.90356
61.0611 -52.0829 3.9052
61.0491 -52.0981 3.90495
61.0597 -52.1576 3.90365
61.0333 -52.2388 3.89942
61.1322 -52.1134 3.90394
61.026 -52.1921 3.90355
61.0611 -52.1196 3.90168
61.125 -52.2185 3.90338
61.054 -52.2018 3.90405
61.0752 -52.2323 3.90273
61.1148 -52.206 3.90333
61.0544 -52.1308 3.90571
61.0335 -52.1023 3.90427
61.0138 -52.2397 3.90033
61.1048 -52.2395 3.90515
61.0013 -52.1252 3.90483
61.0132 -52.1431 3.90213
61.01 -52.1372 3.90222
61.1027 -52.1735 3.89899
61.096 -52.1768 3.89922
60.9826 -52.1387 3.901
61.0257 -52.2149 3.90013
61.0393 -52.2226 3.90195
61.1358 -52.1372 3.90335
61.0978 -52.1489 3.90259
61.0283 -52.189 3.90502
61.148 -52.1199 3.90288
60.985 -52.1368 3.90623
60.9664 -52.0906 3.89948
61.1407 -52.1249 3.89919
61.0936 -52.1298 3.90242
61.0965 -52.1184 3.90066
60.9128 -52.175 3.90009
61.0966 -52.054 3.90513
61.0231 -52.261 3.90511
61.0005 -52.1653 3.90362
61.0291 -52.1502 3.90698
61.0215 -52.1924 3.90448
61.1119 -52.177 3.90453
61.0246 -52.1431 3.90086
62.5457 -51.2828 3.89702
