125.136 -19.9125 3.38735
125.122 -19.94 3.39036
125.061 -19.8304 3.3902
125.027 -19.9227 3.39166
125.137 -19.9807 3.39089
125.059 -19.9168 3.39025
125.146 -19.9602 3.39188
125.051 -19.7651 3.3923
125.057 -19.7807 3.39054
125.026 -19.8054 3.38786
124.971 -19.8477 3.3876
125.037 -19.8905 3.38693
125.04 -19.8891 3.39067
125.032 -19.9289 3.38854
125.015 -19.8581 3.39002
125.083 -19.8344 3.3922
125.058 -19.8779 3.38909
125.178 -19.78 3.38883
125.119 -19.762 3.39196
125.043 -19.966 3.38978
125.055 -19.926 3.39118
125.064 -19.8214 3.39111
125.109 -19.8104 3.39281
125.166 -19.9839 3.39097
125.097 -19.7777 3.3912
125.094 -19.8023 3.38939
125.01 -19.8626 3.39147
124.945 -19.9239 3.393
124.965 -19.972 3.39558
125.111 -19.8688 3.38794
125.094 -19.8977 3.39229
125.14 -19.8468 3.38937
125.007 -19.9224 3.39093
125 -19.8493 3.38946
125.113 -20.0371 3.38882
125.08 -19.8093 3.39072
125.051 -19.7995 3.39132
125.128 -19.8215 3.39181
125.054 -19.7092 3.39034
125.043 -19.8903 3.39263
125.101 -19.8467 3.39224
125.088 -19.8336 3.39339
125.06 -19.8155 3.39133
125.187 -19.8168 3.39132
125.166 -19.8216 3.393
125.213 -19.9149 3.39341
125.1 -19.8875 3.38989
125.104 -19.8991 3.39284
124.987 -20.0039 3.39192
125.191 -19.92 3.38902
125.102 -20.0049 3.39446
124.982 -19.8892 3.38978
125.026 -19.8555 3.39152
125.127 -19.8997 3.39062
125.03 -19.7787 3.38933
125.085 -19.8751 3.39349
125.091 -19.7983 3.39156
125.07 -19.8145 3.3918
125.082 -19.8921 3.39037
125.065 -19.9505 3.39095
125.11 -20.0092 3.39116
124.992 -19.9464 3.39207
124.973 -19.8919 3.39297
125.189 -19.7978 3.3895
125.063 -19.8849 3.39437
125.128 -19.7988 3.38934
125.116 -19.9066 3.39211
124.951 -19.8687 3.39139
125.055 -19.8793 3.39103
125.003 -19.9048 3.39023
125.131 -19.8883 3.39137
125.071 -19.7869 3.39262
125.022 -19.8716 3.39271
125.099 -19.8897 3.39274
125.091 -19.9388 3.38964
125.209 -19.8095 3.39316
125.15 -19.7662 3.39494
125.059 -19.8947 3.38993
124.994 -19.8994 3.38932
124.903 -19.739 3.39195
125.114 -19.7278 3.39213
125.138 -19.8264 3.38916
125.164 -19.8408 3.39092
125.065 -19.8455 3.39129
125.09 -19.9429 3.39285
125.134 -19.8036 3.39395
125.16 -19.8472 3.39175
124.967 -19.9291 3.39026
125.037 -19.8368 3.39149
124.987 -19.8916 3.39274
125.021 -19.9534 3.39309
125.093 -19.7047 3.39237
125.178 -19.8693 3.38951
125.026 -19.8759 3.3905
124.995 -20.0079 3.39617
125.173 -19.9368 3.38888
125.076 -19.9093 3.39097
125.119 -19.8882 3.38876
125.026 -19.823 3.39136
125.021 -19.7895 3.38848
125.009 -19.8665 3.38927
125.02 -19.8349 3.3911
125.127 -19.8492 3.39318
125.094 -19.8255 3.39508
124.961 -19.918 3.38411
125.141 -19.9097 3.38943
125.127 -19.7905 3.39318
125.061 -19.8118 3.39228
125.114 -19.9475 3.39395
125.126 -19.8988 3.39105
124.876 -19.8481 3.3898
125.019 -19.8821 3.39321
125.06 -19.8978 3.392
125.118 -19.9134 3.39205
125.141 -19.9323 3.39114
125.067 -19.839 3.38969
125.106 -19.7989 3.3911
125.081 -19.7218 3.38846
125.019 -19.7752 3.39174
125.164 -19.9212 3.39142
125.132 -19.9088 3.3915
125.043 -19.9036 3.38683
125.081 -19.9297 3.38873
125.11 -19.91 3.3932
125.044 -19.9228 3.38856
125.043 -19.9118 3.39016
125.122 -19.917 3.39408
125.08 -20.0886 3.39007
125.067 -19.7946 3.38859
125.031 -19.9158 3.39091
124.994 -19.7126 3.39084
125.067 -19.9093 3.39172
125.097 -19.7959 3.39181
125.121 -19.97 3.39352
125.085 -19.9075 3.3907
125.153 -19.885 3.39348
125.102 -19.9401 3.39169
125.118 -19.8721 3.39162
125.108 -19.888 3.3887
125.069 -19.783 3.39242
125.075 -19.8561 3.38951
125.066 -19.9021 3.39439
125.075 -19.8911 3.39121
125.122 -19.8489 3.39507
124.94 -19.8546 3.39045
125.104 -19.7817 3.38971
125.04 -19.8764 3.3907
124.981 -19.8453 3.38925
125.046 -19.8243 3.39186
125.108 -19.8532 3.38792
125.141 -19.8789 3.38816
125.145 -19.8846 3.38838
125.184 -19.878 3.39166
125.005 -19.8598 3.3885
125.134 -19.8722 3.39223
125.107 -19.7791 3.39003
125.058 -19.9594 3.39146
125.18 -19.7733 3.39423
125.166 -19.943 3.39189
125.004 -19.7696 3.3909
125.109 -19.9113 3.39265
125.068 -19.919 3.38889
125.165 -19.7984 3.39338
125.108 -19.8722 3.39272
125.147 -19.734 3.39406
125.185 -19.8733 3.39368
125.026 -19.9501 3.39343
125.005 -19.8201 3.39036
125.108 -19.8493 3.39058
125.074 -19.8513 3.39037
125.102 -19.8661 3.39087
125.125 -19.8901 3.38852
125.138 -19.803 3.3908
125.068 -19.8245 3.39201
125.078 -19.7792 3.39053
125.128 -19.9873 3.39189
124.995 -19.9173 3.38895
125.137 -19.9126 3.39248
125.153 -19.963 3.39228
124.956 -19.8949 3.39142
125.003 -19.9315 3.3911
125.072 -19.9027 3.39316
125.089 -19.8024 3.39295
125.137 -19.767 3.39044
125.093 -19.8338 3.3885
124.929 -19.8067 3.39046
125.031 -19.8487 3.39003
125.156 -19.9478 3.38922
125.059 -19.8466 3.39024
125.088 -19.9291 3.39509
125.037 -20 3.38962
125.084 -19.8765 3.39073
124.987 -19.8719 3.3919
125.047 -19.8496 3.38993
125.018 -19.997 3.38824
125.006 -19.9782 3.38972
125.082 -19.8959 3.39011
124.985 -19.8615 3.39107
125.138 -19.8178 3.39162
125.047 -19.8772 3.3892
125.177 -19.9135 3.39163
125.15 -19.7441 3.39177
125.148 -19.7972 3.39192
125.109 -19.8987 3.39135
125.063 -19.831 3.39359
125.058 -19.8931 3.39181
125.144 -19.9403 3.39364
125.059 -19.9461 3.39314
124.991 -19.9046 3.38969
125.015 -19.9315 3.39431
125.152 -19.7733 3.3938
125.047 -19.8637 3.38697
125.165 -19.856 3.38678
125.021 -19.8525 3.38937
124.99 -19.8187 3.38969
124.969 -19.9836 3.38999
125.059 -19.9022 3.38983
125.038 -19.8437 3.39413
125.035 -19.9697 3.38907
125.103 -19.9035 3.39088
125.055 -19.8352 3.39333
125.089 -19.9197 3.3943
125.071 -19.9115 3.39261
125.104 -19.9657 3.39372
125.032 -19.9004 3.39186
125.207 -19.8855 3.39815
125.061 -19.8785 3.39009
125.037 -19.829 3.39427
125.169 -19.886 3.38964
125.12 -19.9466 3.39416
125.103 -19.878 3.39268
125.11 -19.9358 3.39359
125.091 -19.782 3.39158
125.111 -19.8239 3.3887
125.051 -19.8323 3.39471
125.148 -19.7713 3.39358
125.07 -19.7785 3.3893
125.054 -19.9346 3.38948
125.058 -19.8739 3.39254
125.044 -19.7572 3.38976
124.978 -19.8352 3.39239
125.029 -19.9723 3.3895
125.071 -19.8157 3.39385
125.033 -19.8348 3.39171
125.154 -19.8813 3.38705
125.046 -19.8825 3.39002
125.08 -19.8357 3.39162
125.076 -19.8633 3.39095
125.063 -19.8396 3.3928
125 -19.8993 3.39116
125.081 -19.8004 3.39235
125.053 -19.8002 3.39088
125.093 -19.8552 3.39457
125.055 -19.8628 3.39229
125.126 -19.9225 3.3907
124.969 -19.9534 3.39115
125.092 -19.9497 3.39483
125.117 -19.9807 3.39149
124.977 -19.7457 3.38636
125.069 -19.8047 3.38693
124.964 -19.8441 3.38904
125.013 -19.8841 3.38908
125.069 -20.022 3.38847
125.163 -20.0316 3.39512
125.12 -19.8562 3.39265
125.149 -19.8401 3.38985
125.006 -19.8337 3.39339
125.035 -19.8368 3.39187
125.176 -19.7736 3.39474
125.096 -19.9101 3.39216
125.16 -19.8782 3.39225
125.108 -19.9765 3.38908
125.116 -19.7784 3.39177
125.094 -19.8015 3.38907
125.17 -19.7629 3.38928
125.027 -19.8151 3.3897
125.076 -19.8419 3.39226
124.991 -19.8285 3.38777
125.185 -19.898 3.38967
125.095 -19.9869 3.39076
125.134 -19.9104 3.39057
125.109 -19.9388 3.39344
125.11 -19.8506 3.39247
125.142 -19.9598 3.39157
125.08 -19.7915 3.389
125.014 -19.8935 3.39039
125.056 -20.0121 3.39224
125.116 -19.9589 3.39073
125.09 -19.8303 3.39062
125.142 -19.9138 3.39426
125.023 -19.9756 3.38525
125.148 -19.8686 3.39202
125.037 -20.0285 3.38941
125.183 -19.8534 3.3918
125 -19.8813 3.3909
125.063 -19.854 3.38994
125.079 -19.8999 3.39268
125.176 -19.8789 3.3941
125.059 -19.8852 3.39257
125.094 -19.9041 3.38858
125.164 -19.9699 3.3914
125.065 -19.7535 3.38977
125.111 -19.8652 3.3906
124.892 -19.8424 3.39252
125.157 -19.916 3.39129
125.11 -19.9134 3.39278
125.137 -19.7895 3.39182
125.034 -19.9573 3.38897
124.97 -19.9394 3.39148
125.077 -19.8548 3.38761
125.129 -19.9185 3.39137
125.083 -19.799 3.38849
125.137 -19.8968 3.38938
125.083 -19.9205 3.38918
125.05 -19.9652 3.38909
125.018 -19.8835 3.39335
125.076 -19.8797 3.39528
125.142 -19.7967 3.39124
125.047 -19.8318 3.39096
124.967 -19.9326 3.39279
125.133 -19.8037 3.39148
125.217 -19.8632 3.39178
125.065 -19.9143 3.39146
125.117 -19.9269 3.38869
125.111 -19.7425 3.39224
125.029 -19.7459 3.38977
125.057 -19.8069 3.39102
125.157 -19.9041 3.39466
125.141 -19.9017 3.39463
125.076 -19.7548 3.39464
125.192 -19.8365 3.39324
125.03 -19.8641 3.39174
125.099 -19.9514 3.3934
125.131 -19.7841 3.39297
125.091 -19.8088 3.39247
125.071 -19.8768 3.39178
125.064 -19.9031 3.38666
125.011 -19.8976 3.39404
125.073 -19.8934 3.39136
125.16 -19.8659 3.39099
125.246 -19.8404 3.38899
125.129 -19.8903 3.39296
124.96 -19.8895 3.39248
125.006 -19.8469 3.3927
125.001 -19.8578 3.39159
125.157 -19.9183 3.3938
125.162 -19.8704 3.39514
125.105 -19.7968 3.39137
124.992 -19.9375 3.39073
125.041 -19.816 3.39297
124.968 -19.9256 3.38869
125.023 -19.7243 3.38894
125.154 -19.8183 3.3936
125.04 -19.9016 3.39317
125.008 -19.9029 3.39416
125.137 -20.0171 3.39502
124.95 -19.8765 3.38614
125.16 -19.8163 3.39488
125.069 -20.0239 3.39031
125.132 -19.7894 3.39284
125.132 -19.8368 3.39161
125.122 -19.8814 3.39172
125.126 -19.8522 3.39264
125.053 -19.8155 3.38993
124.958 -19.8885 3.38992
125.092 -19.8836 3.39037
125.161 -19.7505 3.3905
124.992 -19.8669 3.39035
125.04 -19.8571 3.39117
125.065 -19.8425 3.3892
125.046 -19.8245 3.39081
124.955 -19.9012 3.38806
125.066 -19.8204 3.39067
125.138 -19.9177 3.3914
125.187 -19.9424 3.39063
125.133 -19.8703 3.39096
125.056 -19.8213 3.39202
124.903 -19.8723 3.39255
125.079 -19.8404 3.38825
125.075 -19.8804 3.3891
124.996 -19.9519 3.3919
125.047 -19.8919 3.38981
125.079 -19.8516 3.39159
125.029 -19.9151 3.3912
124.991 -19.8953 3.38504
125.16 -19.9091 3.39024
125.064 -19.8835 3.38965
125.037 -19.932 3.39049
125.075 -19.9106 3.39306
125.063 -19.8099 3.3919
125.127 -19.9261 3.39146
125.113 -19.8069 3.38831
125.126 -19.7948 3.39163
125.126 -19.9624 3.39393
125.022 -19.7246 3.38971
125.05 -19.7957 3.3914
125.015 -19.9151 3.39295
125.034 -19.8874 3.38795
125.154 -19.8298 3.3872
125.074 -19.8742 3.3911
125.105 -19.8864 3.38867
125.171 -19.9294 3.3952
125.082 -19.8905 3.38972
125.064 -19.8787 3.39058
125.036 -19.8779 3.39183
125.108 -19.9125 3.39314
125.135 -19.8484 3.39075
125.088 -19.8869 3.39423
125.134 -19.772 3.39243
125.154 -19.923 3.39108
125.056 -19.8406 3.39401
125.059 -20.0064 3.38993
125.15 -19.8776 3.39103
125.097 -19.7498 3.39098
125.111 -19.7835 3.39025
125.049 -19.9267 3.39081
125.031 -19.8335 3.39285
124.926 -19.78 3.39259
124.997 -19.9482 3.3937
125.168 -19.7888 3.39378
125.022 -19.8767 3.39101
125.025 -19.7726 3.39161
125.132 -19.9174 3.39172
124.975 -19.7856 3.39011
125.012 -19.8481 3.39054
125.031 -19.9413 3.38914
124.983 -19.7807 3.39204
125.088 -19.8453 3.38919
125.096 -19.839 3.38951
125.188 -19.8832 3.38952
125.165 -19.7937 3.39362
125.05 -19.9225 3.38972
124.964 -19.8511 3.39005
125.087 -19.9438 3.39189
124.991 -19.8933 3.39043
125.14 -19.8579 3.39281
124.974 -19.9149 3.39
125.004 -19.7706 3.39026
125.184 -19.9779 3.39327
125.084 -19.9514 3.38961
124.957 -19.7189 3.38766
125.049 -19.812 3.38725
125.17 -19.7798 3.39435
124.996 -19.8608 3.38953
125.001 -19.8292 3.3916
124.992 -19.7543 3.39256
125.043 -19.8819 3.39059
125.101 -19.7821 3.38884
125.082 -19.8348 3.39134
125.179 -19.8739 3.39525
125.002 -19.8776 3.39058
125.092 -19.8648 3.39126
125.142 -19.8613 3.39129
125.161 -19.9122 3.39376
125.094 -19.9918 3.39133
125.027 -19.7712 3.39469
125.043 -19.8538 3.38963
125.089 -19.7766 3.39161
125.092 -19.8686 3.38874
125.047 -19.9328 3.38896
125.114 -19.8307 3.38801
125.065 -19.8827 3.39229
125.033 -19.888 3.39024
125.087 -19.8607 3.38775
125.065 -19.6246 3.38813
125.185 -19.9063 3.3892
125.013 -19.9293 3.39043
125.059 -20.0393 3.39157
124.972 -19.8458 3.38958
125.025 -19.7672 3.39051
125.072 -19.8927 3.39001
124.964 -20.0121 3.39058
124.978 -19.9247 3.3892
125.041 -19.9427 3.38963
125.124 -19.866 3.39255
125.007 -19.9196 3.38618
125.201 -19.9511 3.39044
125.05 -19.8761 3.39088
125.068 -19.8411 3.39427
125.039 -19.8219 3.39077
124.963 -19.8572 3.38812
125.122 -19.9092 3.39112
125.045 -19.77 3.39059
124.924 -19.8928 3.39189
124.97 -19.8443 3.39483
125.01 -19.9369 3.39018
125.021 -19.9665 3.38703
125.005 -19.9034 3.38885
125.147 -19.8622 3.38949
125.136 -19.8507 3.39008
125.059 -19.8381 3.39106
125.091 -19.8761 3.38892
125.018 -19.9168 3.38981
124.968 -19.8573 3.39077
124.956 -19.8837 3.38889
125.09 -19.7887 3.39024
124.962 -19.9519 3.38876
125.077 -19.844 3.39269
125.04 -19.9587 3.39104
125.199 -15.6919 3.40307
