62.2745 -48.8515 3.85801
62.1176 -48.867 3.85937
62.0746 -48.8123 3.8588
62.0749 -48.8209 3.85883
62.0991 -48.7587 3.85857
62.1359 -48.8434 3.85755
62.1777 -48.9018 3.86201
62.1061 -48.9663 3.86011
62.1615 -48.8076 3.85996
62.137 -48.8164 3.85745
62.1648 -48.8598 3.85635
62.113 -48.8745 3.8539
62.1847 -48.8865 3.86103
62.1184 -48.7889 3.85947
62.1263 -48.8 3.85793
62.1114 -48.8055 3.85888
62.074 -48.801 3.8531
62.1859 -48.7392 3.8588
62.0938 -48.8885 3.85763
62.0913 -48.8899 3.85771
62.215 -48.8933 3.8591
62.1142 -48.883 3.85674
62.1102 -48.885 3.85695
62.0837 -48.8411 3.86164
62.2182 -48.8011 3.86155
62.1523 -48.8934 3.85957
62.0899 -48.9465 3.85869
62.1237 -48.8356 3.86016
62.1243 -48.8124 3.85803
62.1652 -48.9143 3.86074
62.0982 -48.867 3.86015
62.1388 -48.8073 3.86045
62.0847 -48.9139 3.8597
62.0574 -48.8769 3.85901
62.1729 -48.8426 3.85642
62.1267 -48.8404 3.86114
62.2181 -48.9331 3.85812
62.1534 -48.8592 3.86169
62.1389 -49.0248 3.85761
62.12 -48.8625 3.85644
62.1212 -48.8617 3.85661
62.1424 -48.7679 3.86162
62.1566 -48.7612 3.85974
62.2011 -48.797 3.85739
62.0992 -48.8668 3.85717
62.1121 -48.7976 3.8578
62.0627 -48.8371 3.85582
62.1133 -48.8567 3.85747
62.1137 -48.8164 3.86022
62.1056 -48.8138 3.86287
62.1526 -48.7816 3.86038
62.1423 -48.7974 3.85844
62.1453 -48.7945 3.8585
62.1473 -48.795 3.85836
62.1426 -48.804 3.85836
62.1752 -48.8037 3.86056
62.0799 -48.7976 3.85812
62.1908 -48.9283 3.86191
62.1049 -48.9215 3.85817
62.1827 -48.8238 3.85949
62.1774 -48.8771 3.85679
62.2328 -48.8776 3.85585
62.085 -48.8514 3.86011
62.1595 -48.951 3.85814
62.2523 -48.9137 3.86555
62.0914 -48.8091 3.85569
62.0885 -48.8423 3.86034
62.1195 -48.769 3.8582
62.0915 -48.827 3.85943
62.1302 -48.8165 3.85807
62.1022 -48.8805 3.85897
62.1287 -48.7351 3.8625
62.2351 -48.7954 3.86059
62.1196 -48.7947 3.86226
62.0551 -48.8745 3.86253
62.247 -48.8008 3.85486
62.1211 -48.8859 3.85752
62.1187 -48.9064 3.85933
62.175 -48.9372 3.85888
62.0914 -48.8922 3.85852
62.083 -48.894 3.85856
62.0619 -48.9163 3.85517
62.1776 -48.8108 3.86029
62.082 -48.8605 3.85934
62.1613 -48.7738 3.85956
62.1276 -48.7547 3.86164
62.0627 -48.8129 3.85795
62.1813 -48.8225 3.85829
62.1578 -48.861 3.85839
62.1522 -48.9126 3.86372
62.1932 -48.8008 3.86181
62.0625 -48.7983 3.85695
62.169 -48.8259 3.85778
62.0977 -48.9418 3.85607
62.0678 -48.782 3.86228
62.1535 -48.8739 3.85354
62.1386 -48.7812 3.85897
62.0041 -48.9306 3.85764
62.2068 -48.8245 3.85804
62.1248 -48.7795 3.85802
62.1436 -48.7988 3.85811
62.1319 -48.8038 3.85792
62.1494 -48.8312 3.86076
62.1495 -48.8713 3.85942
62.1362 -48.7107 3.85976
62.1301 -48.8843 3.85625
62.1338 -48.8815 3.8563
62.1039 -48.8158 3.86028
62.0249 -48.8742 3.85767
62.0748 -48.9431 3.85913
62.1495 -48.7976 3.85917
62.1459 -48.7949 3.85924
62.1214 -48.8286 3.85774
62.0554 -48.7941 3.85828
62.277 -48.8448 3.85808
62.0457 -48.9188 3.86101
62.103 -48.7632 3.85868
62.1071 -48.7591 3.85878
62.0598 -48.7992 3.85706
62.168 -48.859 3.86009
62.109 -48.7738 3.8575
62.1623 -48.7842 3.85537
62.1382 -48.8208 3.85733
62.1411 -48.8171 3.8573
62.1526 -48.7868 3.85926
62.1645 -48.8845 3.86036
62.1672 -48.923 3.85907
62.1204 -48.8761 3.85394
62.1819 -48.8769 3.86105
62.1857 -48.8775 3.86101
62.1216 -48.788 3.85971
62.123 -48.8055 3.85815
62.0043 -48.8884 3.8585
62.0354 -48.8343 3.85885
62.0787 -48.8793 3.85384
62.1495 -48.867 3.86004
62.1514 -48.8648 3.85999
62.1551 -48.9261 3.85828
62.1112 -48.8153 3.8605
62.0452 -48.8142 3.86293
62.2253 -48.8488 3.85867
62.1902 -48.7488 3.85998
62.2474 -48.7989 3.85735
62.052 -48.9442 3.85881
62.0641 -48.8623 3.86054
62.1041 -48.8727 3.86006
62.1449 -48.8093 3.86043
62.1447 -48.8132 3.86039
62.044 -48.8346 3.86026
62.1255 -48.8328 3.85989
62.1258 -48.8355 3.86004
62.1484 -48.791 3.85946
62.1668 -48.8348 3.85641
62.1265 -48.8407 3.86119
62.0939 -48.8293 3.8603
62.1883 -48.8866 3.8598
62.145 -48.8506 3.86197
62.1633 -48.8872 3.8534
62.1204 -48.8554 3.85636
62.1394 -48.8013 3.8587
62.1513 -48.8308 3.8606
62.1976 -48.7967 3.85739
62.0746 -48.8968 3.85806
62.0915 -48.8681 3.85702
62.0992 -48.8566 3.85961
62.1132 -48.7894 3.8579
62.1788 -48.9545 3.85886
62.1842 -48.8143 3.85926
62.1728 -48.931 3.86079
62.1605 -48.8049 3.85984
62.1478 -48.8006 3.85838
62.1768 -48.804 3.86049
62.0773 -48.7929 3.85783
62.1661 -48.9065 3.85878
62.0026 -48.8988 3.85837
62.185 -48.8288 3.85953
62.0605 -48.8734 3.86131
62.158 -48.9476 3.85822
62.1397 -48.8225 3.86049
62.104 -48.8267 3.86023
62.0922 -48.8371 3.86027
62.1221 -48.7679 3.8581
62.1239 -48.8092 3.85796
62.0978 -48.877 3.85872
62.136 -48.7355 3.86232
62.2068 -48.8321 3.8605
62.1189 -48.7975 3.86219
62.0872 -48.8051 3.85814
62.1557 -48.8023 3.85832
62.1549 -48.8014 3.85838
62.25 -48.7988 3.85504
62.0445 -48.9178 3.85661
62.1248 -48.8531 3.86
62.0828 -48.8821 3.8575
62.045 -48.8605 3.85963
62.1669 -48.836 3.85843
62.0117 -48.7418 3.85713
62.1603 -48.7757 3.85959
62.066 -48.8091 3.85787
62.1763 -48.9472 3.85657
62.159 -48.9095 3.85668
62.2377 -48.8766 3.85665
62.1438 -48.9362 3.8582
62.1138 -48.7973 3.8572
62.0651 -48.7947 3.85682
62.1562 -48.9199 3.86134
62.1028 -48.9458 3.85604
62.0723 -48.7868 3.86218
62.1331 -48.7844 3.85908
62.1654 -48.7953 3.85853
62.1666 -48.7991 3.85843
62.2143 -48.8238 3.85813
62.209 -48.8274 3.85825
62.1292 -48.7794 3.85807
62.1251 -48.7843 3.85814
62.1368 -48.8025 3.85814
62.0977 -48.8401 3.85941
62.2388 -48.7743 3.85837
62.239 -48.7868 3.85832
62.1615 -48.9526 3.85803
62.1851 -48.8868 3.86175
62.1446 -48.9218 3.86097
62.1322 -48.7112 3.85993
62.1645 -48.9272 3.86088
62.1296 -48.9196 3.86044
62.1335 -48.9136 3.86056
62.1156 -48.8406 3.85796
62.1126 -48.7956 3.85771
62.1238 -48.8787 3.8601
62.2574 -48.8696 3.85552
62.2579 -48.8708 3.85542
62.2284 -48.839 3.86006
62.1132 -48.8345 3.86233
62.1011 -48.9158 3.85776
62.2765 -48.8401 3.85802
62.1312 -48.8838 3.85778
62.1024 -48.7662 3.85868
62.0638 -48.8931 3.85609
62.1397 -48.835 3.85767
62.1775 -48.904 3.86194
62.1207 -48.9472 3.85739
62.1602 -48.8166 3.85981
62.1597 -48.7897 3.85535
62.1321 -48.8167 3.85768
62.1508 -48.7947 3.85935
62.1279 -48.8531 3.85987
62.0278 -48.8094 3.85839
62.1181 -48.795 3.85968
62.1294 -48.807 3.85781
62.0378 -48.8324 3.85883
62.2044 -48.8223 3.85886
62.0737 -48.8032 3.85306
62.0804 -48.8788 3.85379
62.1447 -48.9046 3.8594
62.1898 -48.7413 3.85873
62.1481 -48.8728 3.85994
62.1088 -48.8732 3.85984
62.1498 -48.9128 3.85756
62.1149 -48.8848 3.85678
62.1149 -48.8155 3.86049
62.1275 -48.8342 3.85902
62.1266 -48.8914 3.86047
62.1562 -48.8899 3.85957
62.192 -48.7516 3.86013
62.1182 -48.838 3.86013
62.2492 -48.7948 3.85734
62.1248 -48.8091 3.85803
62.1186 -48.8151 3.85808
62.1015 -48.878 3.86019
62.1548 -48.9322 3.86142
62.1566 -48.8106 3.85951
62.264 -48.8183 3.86103
62.2567 -48.9069 3.857
62.0601 -48.8707 3.85899
62.1385 -48.9386 3.85818
62.14 -48.9461 3.85813
62.0393 -48.907 3.85608
62.1864 -48.8915 3.86164
62.1257 -48.8708 3.86315
62.1647 -48.8783 3.85339
62.1264 -48.8544 3.85675
62.1412 -48.8003 3.85881
62.1418 -48.7977 3.85885
62.1353 -48.7964 3.85905
62.1384 -48.805 3.85886
62.1545 -48.8257 3.86046
62.1345 -48.9509 3.86079
62.0733 -48.8955 3.85826
62.1013 -48.8554 3.85943
62.0585 -48.8394 3.8558
62.0607 -48.8377 3.85591
62.1565 -48.8973 3.85802
62.1634 -48.9373 3.86072
62.1101 -48.8156 3.86027
62.1614 -48.8025 3.85994
62.1566 -48.8415 3.85839
62.1465 -48.7992 3.85846
62.0647 -48.8479 3.85876
62.1869 -48.8239 3.85589
62.099 -48.8735 3.85938
62.1742 -48.8779 3.85662
62.2321 -48.8891 3.85598
62.1933 -48.9157 3.8576
62.0544 -48.8875 3.85951
62.0927 -48.9349 3.85851
62.0891 -48.8099 3.8559
62.124 -48.7688 3.85814
62.1243 -48.8129 3.85827
62.0634 -48.894 3.85657
62.2085 -48.8305 3.86062
62.1411 -48.7935 3.86204
62.0877 -48.8039 3.8582
62.1217 -48.8714 3.85625
62.2523 -48.8007 3.85508
62.2473 -48.802 3.85499
62.1251 -48.887 3.85726
62.216 -48.8728 3.86192
62.1452 -48.8773 3.85543
62.0211 -48.8237 3.85803
62.0593 -48.9174 3.8552
62.1794 -48.8041 3.86005
62.1018 -48.8116 3.86295
62.1691 -48.774 3.85957
62.1174 -48.8153 3.8617
62.0622 -48.8113 3.85778
62.1836 -48.824 3.85849
62.1544 -48.9043 3.85835
62.2397 -48.8721 3.85693
62.1651 -48.8633 3.85852
62.1076 -48.7935 3.85732
62.1124 -48.9478 3.86041
62.0986 -48.9488 3.86014
62.1362 -48.8857 3.861
62.2126 -48.8583 3.85856
62.0702 -48.8468 3.85631
62.0817 -48.9264 3.86015
62.1342 -48.7799 3.85918
62.1651 -48.796 3.85858
62.2083 -48.8265 3.8581
62.2104 -48.8243 3.85798
62.1309 -48.7794 3.85804
62.1345 -48.8 3.858
62.1338 -48.7949 3.85809
62.1535 -48.8287 3.86075
62.2397 -48.7807 3.85831
62.1761 -48.8695 3.86167
62.1247 -48.8862 3.85633
62.1071 -48.8246 3.85876
62.1081 -48.8965 3.86299
62.1485 -48.7966 3.85917
62.2357 -48.8366 3.86003
62.0556 -48.7896 3.85837
62.1707 -48.8469 3.85862
62.091 -48.8351 3.85459
62.0687 -48.8098 3.85886
62.0479 -48.7883 3.85937
62.0646 -48.8983 3.85607
62.0606 -48.7978 3.85696
62.1373 -48.8403 3.85756
62.1676 -48.866 3.8603
62.1176 -48.7757 3.85764
62.1219 -48.9525 3.8574
62.163 -48.7844 3.8555
62.1506 -48.7919 3.85923
62.1518 -48.7929 3.85938
62.1157 -48.8715 3.8539
62.107 -48.8767 3.8568
62.1126 -48.7902 3.85964
62.1681 -48.8174 3.8613
62.1154 -48.8078 3.85884
62.1078 -48.8072 3.85886
62.2038 -48.8208 3.85888
62.2076 -48.817 3.85894
62.2062 -48.8242 3.85877
62.2068 -48.8256 3.85892
62.0813 -48.8746 3.85376
62.1462 -48.8654 3.86006
62.1496 -48.8642 3.86011
62.048 -48.7844 3.86044
62.1057 -48.877 3.85968
62.1288 -48.9321 3.85762
62.1607 -48.9339 3.85824
62.1062 -48.8807 3.85665
62.1089 -48.9106 3.86025
62.0803 -48.8483 3.86154
62.1141 -48.8167 3.86046
62.1346 -48.8967 3.86017
62.1543 -48.8906 3.85968
62.2182 -48.8475 3.85889
62.2198 -48.846 3.85874
62.1915 -48.7602 3.86007
62.253 -48.7945 3.85717
62.0946 -48.9202 3.85777
62.1264 -48.8134 3.85794
62.2286 -48.8341 3.86132
62.1548 -48.8054 3.8594
62.2205 -48.8695 3.8616
62.2055 -48.8293 3.85291
62.166 -48.8418 3.85629
62.0317 -48.9027 3.85605
62.1855 -48.8979 3.86162
62.1907 -48.8877 3.85983
62.2114 -48.933 3.85782
62.2322 -48.8758 3.86069
62.2418 -48.9407 3.86006
62.138 -48.8512 3.8621
62.1666 -48.8794 3.85328
62.0517 -48.8265 3.85936
62.1095 -48.9182 3.85998
62.1347 -48.8056 3.85873
62.1521 -48.8211 3.8606
62.1317 -48.9431 3.86093
62.124 -48.8741 3.85814
62.116 -48.7922 3.85767
62.2048 -48.798 3.86083
62.1587 -48.9029 3.85818
62.1585 -48.9027 3.85806
62.1872 -48.814 3.85923
62.1072 -48.8103 3.86293
62.1473 -48.7872 3.86036
62.158 -48.8448 3.85848
62.1622 -48.8481 3.8584
62.1514 -48.8013 3.85843
62.1476 -48.802 3.85838
62.1782 -48.7987 3.8605
62.0603 -48.849 3.85873
62.1481 -48.8917 3.86072
62.1815 -48.8283 3.85953
62.1794 -48.8235 3.85954
62.1034 -48.8747 3.85887
62.1765 -48.8759 3.85674
62.0845 -48.846 3.85997
62.209 -48.8933 3.8615
62.0879 -48.84 3.86039
62.0906 -48.8353 3.86014
62.1251 -48.7682 3.85807
62.1373 -48.8444 3.85899
62.1371 -48.7357 3.86237
62.0469 -48.8072 3.85806
62.0725 -48.8844 3.85643
62.1262 -48.8641 3.86108
62.1207 -48.8648 3.86089
62.0511 -48.8301 3.86223
62.0363 -48.8454 3.85847
62.2519 -48.7996 3.85502
62.1179 -48.9081 3.85931
62.1834 -48.9173 3.85796
62.1453 -48.818 3.86145
62.1653 -48.8356 3.85835
62.036 -48.8919 3.86045
62.0696 -48.876 3.86039
62.093 -48.8124 3.86158
62.1582 -48.778 3.85944
62.1559 -48.779 3.8595
62.1215 -48.7498 3.86176
62.1768 -48.8195 3.85836
62.1769 -48.827 3.8583
62.1525 -48.9336 3.86088
62.2424 -48.8772 3.85671
62.2447 -48.8758 3.85691
62.1932 -48.8015 3.86174
62.0621 -48.7977 3.85706
62.1659 -48.832 3.85786
62.168 -48.8271 3.8579
62.1733 -48.9289 3.86079
62.2107 -48.8542 3.85853
62.0062 -48.8541 3.85724
62.1561 -48.8703 3.85355
61.9784 -48.8329 3.85837
62.1631 -48.7988 3.85848
62.0354 -48.8213 3.85838
62.126 -48.7787 3.85806
62.0874 -48.8578 3.85837
62.1584 -48.8384 3.86091
62.1565 -48.8727 3.85934
62.1239 -48.8928 3.85637
62.1244 -48.8746 3.86377
62.1146 -48.7893 3.85769
62.1128 -48.8934 3.86299
62.0222 -48.8742 3.85753
62.1466 -48.8001 3.85902
62.2353 -48.9106 3.85723
62.1137 -48.8337 3.86215
62.0147 -48.9055 3.86021
62.2712 -48.8503 3.85816
62.0922 -48.8419 3.85564
62.078 -48.8095 3.859
62.0687 -48.9017 3.85631
62.1693 -48.8652 3.86032
62.1033 -48.9687 3.85997
62.1614 -48.782 3.85547
62.1579 -48.7842 3.85538
62.0952 -48.8674 3.85845
62.1516 -48.7897 3.8593
62.1191 -48.8743 3.85395
62.1874 -48.8811 3.86114
62.1172 -48.7947 3.8599
62.1599 -48.811 3.86147
62.06 -48.9257 3.85654
62.8822 -51.7954 3.85531
