-13.9749 -93.1256 2.80289
-14.0525 -93.0039 2.80293
-13.9683 -93.0768 2.79984
-14.0261 -93.0442 2.80306
-14.0335 -93.0437 2.80313
-13.9963 -93.0759 2.80237
-13.8916 -93.1569 2.80195
-14.0152 -93.1565 2.80507
-14.0357 -93.1244 2.80292
-14.0121 -93.1111 2.79996
-13.8752 -93.1081 2.80633
-13.9331 -93.1087 2.80101
-14.042 -93.0114 2.802
-13.9489 -93.0603 2.79785
-13.9387 -92.9702 2.8022
-13.9028 -92.9638 2.80399
-14.0029 -93.1373 2.79986
-13.9559 -93.0922 2.804
-14.0337 -93.0806 2.80198
-13.9836 -93.0325 2.80156
-13.9682 -93.0492 2.80172
-13.9382 -93.0559 2.79996
-13.9901 -93.1713 2.80193
-13.9379 -93.0991 2.80311
-13.9345 -93.0905 2.80308
-13.9259 -92.9092 2.79892
-13.9459 -93.0101 2.803
-13.9428 -93.0058 2.80303
-13.9579 -93.0568 2.79906
-13.929 -93.0202 2.801
-13.8763 -93.0855 2.80142
-13.9361 -93.157 2.80453
-13.9909 -93.0569 2.80161
-14.0479 -93.1621 2.80125
-14.1053 -93.2034 2.80139
-14.0654 -93.1114 2.8012
-13.9443 -93.0639 2.80064
-13.9523 -93.1147 2.80273
-13.933 -93.1027 2.80122
-13.9696 -93.0326 2.80214
-13.9726 -93.0331 2.80213
-13.9695 -93.0314 2.8019
-13.9644 -93.0328 2.80226
-14.0775 -93.0901 2.80313
-13.9299 -93.0998 2.80114
-13.9332 -93.0987 2.80134
-13.9212 -93.028 2.79992
-13.9603 -93.1633 2.80617
-13.9506 -93.0962 2.80051
-14.0075 -93.1325 2.80353
-13.9538 -93.0829 2.80396
-14.0018 -93.1228 2.80079
-13.9519 -93.1521 2.80232
-13.9902 -93.218 2.80158
-13.9108 -93.046 2.79924
-13.9505 -93.0477 2.80334
-14.0059 -93.143 2.8001
-13.9268 -93.0871 2.80098
-13.9778 -93.0096 2.79923
-13.9617 -93.0732 2.79979
-14.0015 -93.0782 2.8027
-14.0226 -93.1061 2.79904
-13.9234 -93.1387 2.80062
-14.0596 -93.0412 2.7971
-14.0551 -92.9918 2.80372
-13.9578 -93.1222 2.80344
-13.8975 -93.0857 2.80232
-13.95 -93.0602 2.80274
-13.9164 -93.0873 2.80101
-13.9229 -93.0918 2.80214
-13.9234 -93.0875 2.80216
-13.989 -93.059 2.79932
-14.0435 -93.0721 2.80206
-14.0306 -93.0524 2.80192
-13.9161 -92.9241 2.79849
-13.873 -93.1601 2.80321
-13.9633 -93.0435 2.80252
-13.9326 -93.1323 2.80069
-13.9408 -93.0889 2.79989
-13.9519 -93.0831 2.80115
-13.9505 -93.076 2.80058
-14.0669 -93.0116 2.80132
-14.0141 -93.2402 2.80081
-14.0302 -93.0636 2.80218
-13.9834 -93.0518 2.80114
-14.0968 -93.0432 2.79762
-14.0509 -92.957 2.80274
-13.8762 -93.0578 2.8031
-13.9872 -93.1074 2.79831
-13.8919 -93.139 2.80308
-13.8974 -93.1184 2.79927
-13.9798 -93.1101 2.80252
-13.9865 -93.0712 2.80151
-14.0146 -93.0726 2.80383
-14.0312 -93.1232 2.79962
-14.0172 -92.9374 2.80025
-14.0178 -92.9385 2.80026
-13.9918 -93.1943 2.80505
-13.9977 -93.0564 2.79962
-14.0533 -93.003 2.80289
-13.9847 -93.056 2.80088
-14.0321 -93.0522 2.80304
-13.9965 -93.0695 2.80224
-13.967 -93.0517 2.79761
-13.8677 -93.1039 2.80652
-13.915 -93.0953 2.80149
-14.0543 -93.1213 2.79891
-13.9401 -92.969 2.8021
-13.9362 -92.9687 2.80222
-13.9364 -92.9721 2.80239
-13.9736 -93.1356 2.80171
-13.9823 -93.1206 2.80298
-13.9548 -93.0894 2.80389
-13.9896 -93.1699 2.8046
-14.0503 -93.1557 2.80146
-13.8395 -93.0817 2.80247
-13.8408 -93.0761 2.8026
-13.9859 -92.9916 2.79662
-14.0763 -93.0624 2.80381
-13.9211 -92.9045 2.79916
-13.9428 -93.0106 2.80319
-13.95 -93.0653 2.80185
-13.9224 -93.1426 2.80001
-13.8767 -93.0877 2.80145
-13.9903 -93.0995 2.80159
-14.0532 -93.1608 2.80116
-13.9709 -93.1403 2.8015
-13.9865 -93.1208 2.7987
-13.9876 -93.0787 2.80366
-14.0736 -93.0506 2.79991
-13.9958 -92.9961 2.80177
-13.9988 -93.0331 2.80003
-13.9229 -93.1422 2.80462
-13.9712 -93.0598 2.80313
-13.9958 -93.0836 2.80296
-14.0192 -93.0907 2.80058
-14.0445 -93.0208 2.79632
-14.0418 -93.1467 2.7992
-13.9747 -93.2156 2.80311
-13.9825 -93.0936 2.80164
-13.9648 -93.0534 2.79899
-13.9861 -93.0493 2.80096
-13.9962 -93.0146 2.79946
-14.0038 -93.0335 2.80193
-13.9532 -93.1687 2.8012
-13.9774 -93.0072 2.79936
-14.0121 -93.148 2.80576
-13.8526 -93.1477 2.80373
-14.036 -93.081 2.80164
-14.0551 -93.0589 2.80105
-14.0534 -93.0634 2.80111
-13.9254 -93.0129 2.80177
-13.9004 -93.0538 2.803
-13.9559 -93.0573 2.80252
-13.9512 -93.0434 2.80331
-13.9717 -93.0884 2.80129
-13.9054 -93.076 2.79971
-14.1294 -93.1452 2.79998
-14.0064 -92.9994 2.79888
-14.0087 -93.0021 2.79898
-14.0895 -93.1371 2.8027
-13.9854 -93.1608 2.80166
-14.0235 -93.1699 2.80117
-13.9868 -93.0919 2.80148
-14.0048 -93.1705 2.80038
-13.9387 -93.1475 2.80333
-14.1925 -93.0812 2.80135
-13.9171 -93.0178 2.80117
-13.9136 -93.0205 2.80084
-14.0265 -93.0602 2.80234
-14.0429 -92.9543 2.80279
-13.9656 -93.1234 2.80257
-14.0555 -93.0443 2.80161
-13.9358 -93.0455 2.80025
-13.8979 -93.1091 2.79996
-13.8916 -93.1029 2.80559
-13.996 -93.1023 2.80406
-13.9915 -93.0706 2.80144
-13.9446 -93.0458 2.80189
-13.9493 -93 2.80131
-13.9794 -93.1294 2.80271
-13.9941 -93.0594 2.79931
-14.0179 -93.1185 2.80262
-13.9446 -93.0456 2.79781
-13.9804 -93.1721 2.80251
-13.9517 -93.0549 2.80048
-14.0108 -93.1703 2.79825
-14.0634 -93.1552 2.79819
-14.0326 -93.0507 2.79842
-14.0401 -93.0116 2.80195
-14.0336 -93.0156 2.8019
-13.942 -92.9713 2.8022
-13.9453 -92.9711 2.80215
-13.9383 -93.0033 2.80431
-13.9337 -93.0026 2.80454
-13.9008 -92.9631 2.80413
-13.9772 -93.1062 2.80296
-14.038 -93.0821 2.80209
-13.851 -93.0759 2.80472
-13.9819 -93.0335 2.80133
-13.9689 -93.0487 2.80169
-14.0595 -93.1269 2.79957
-13.9449 -93.0896 2.80308
-14.015 -92.9586 2.80065
-13.9041 -93.0961 2.80149
-13.9929 -93.1223 2.80265
-13.9339 -93.0145 2.80092
-13.8739 -93.1246 2.8016
-13.887 -93.0737 2.80222
-13.9887 -93.1193 2.80192
-13.9937 -93.0589 2.80165
-13.9863 -93.123 2.79863
-13.9531 -93.0676 2.80232
-13.9909 -93.0847 2.80365
-14.068 -93.0536 2.79979
-13.9324 -93.1016 2.80119
-13.9938 -92.9933 2.80186
-13.9682 -93.0316 2.8021
-13.99 -93.0355 2.79999
-13.9284 -93.0987 2.80129
-14.0337 -93.1595 2.80421
-13.831 -93.1358 2.80315
-13.9522 -93.0885 2.80408
-14.0063 -93.1284 2.80077
-13.9808 -93.09 2.80135
-14.0611 -93.1491 2.79966
-13.9451 -93.0525 2.80327
-13.9125 -93.1444 2.79867
-13.991 -93.048 2.80085
-13.9996 -93.0135 2.79954
-13.9954 -93.0154 2.7996
-14.0085 -93.1375 2.80412
-13.976 -93.0084 2.79946
-13.9148 -93.1537 2.80063
-13.986 -93.0692 2.80218
-14.005 -93.0675 2.80268
-14.0498 -92.9872 2.80352
-13.9273 -93.0162 2.80176
-13.997 -93.0044 2.79637
-13.865 -93.0686 2.80465
-14.0947 -93.0576 2.79766
-13.9297 -93.0908 2.80228
-13.9753 -93.0844 2.80122
-13.9673 -93.0336 2.79654
-14.0135 -92.9997 2.79894
-14.1302 -93.1315 2.79994
-14.0887 -93.1567 2.7999
-13.887 -93.0212 2.80191
-13.9901 -93.1122 2.80302
-13.9673 -93.0495 2.80245
-13.953 -93.0843 2.80095
-13.9079 -93.1179 2.80139
-13.9695 -93.0766 2.80341
-14.0314 -93.0589 2.80233
-13.9848 -93.0482 2.80103
-14.0432 -92.959 2.80279
-14.041 -92.9491 2.80284
-14.0055 -93.0826 2.80253
-13.895 -93.152 2.80113
-14.035 -93.065 2.80113
-13.9318 -93.0424 2.80017
-13.897 -93.0954 2.80574
-14.0384 -93.045 2.80343
-13.9759 -93.106 2.80235
-14.0139 -93.0734 2.804
-13.9464 -93.0022 2.80119
-14.0154 -92.9401 2.80015
-14.0281 -93.1201 2.80142
-14.0232 -93.1135 2.80128
-13.9923 -93.0583 2.79954
-13.9766 -93.1273 2.80294
-13.9924 -93.0504 2.80258
-14.0267 -93.0495 2.8029
-13.9654 -93.0439 2.79778
-13.9702 -93.0429 2.79777
-14.0396 -93.1256 2.80281
-14.034 -93.1038 2.80253
-13.9935 -93.1924 2.80215
-13.9496 -93.0828 2.79977
-13.9375 -92.9664 2.80229
-13.9359 -92.9707 2.80218
-13.9125 -92.9617 2.80407
-13.98 -93.1159 2.80292
-13.9867 -93.1107 2.80294
-14.0343 -93.0869 2.80203
-13.9855 -93.0412 2.80162
-13.9823 -92.9993 2.79645
-13.8968 -93.1698 2.80328
-14.0194 -92.9552 2.80064
-13.9109 -93.0998 2.8017
-14.0508 -93.1307 2.7969
-13.9374 -93.0172 2.80102
-13.9302 -93.0119 2.80123
-13.8808 -93.0824 2.8014
-13.9885 -93.1079 2.80148
-13.95 -93.1051 2.80067
-13.9506 -93.0656 2.80068
-14.0247 -93.0205 2.79934
-14.0246 -93.016 2.79948
-14.0715 -93.0478 2.79989
-13.9948 -92.9937 2.8018
-14.0844 -93.072 2.80252
-13.9667 -93.0334 2.8022
-13.9274 -93.0968 2.80128
-14.1459 -93.1332 2.80037
-13.9439 -93.0987 2.80043
-14 -93.0873 2.80296
-13.9236 -93.1128 2.80163
-13.9267 -93.1134 2.80182
-14.0145 -93.1422 2.79941
-14.0205 -93.1391 2.7995
-13.9877 -93.0976 2.80138
-13.8724 -93.1847 2.80389
-14.0343 -93.1728 2.80294
-13.9521 -93.0518 2.80323
-13.9886 -93.0476 2.80093
-14.0001 -93.0149 2.79947
-14.0179 -93.0338 2.80196
-13.9732 -93.1206 2.80197
-13.8632 -93.0904 2.80059
-13.8668 -93.0888 2.80074
-13.9578 -93.0747 2.79823
-14.0047 -93.0732 2.80285
-13.8485 -93.1489 2.80371
-14.0324 -93.0846 2.80176
-13.9058 -93.0947 2.80101
-13.9625 -93.1035 2.80102
-13.9546 -93.0621 2.80265
-13.8725 -93.0674 2.80463
-13.9459 -93.0471 2.80312
-13.9778 -93.0887 2.80336
-13.9709 -93.0852 2.80126
-13.906 -93.0828 2.79962
-14.0471 -93.0708 2.80197
-14.1294 -93.1346 2.7999
-13.9296 -93.1563 2.80301
-13.9904 -93.107 2.80299
-14.0418 -93.1431 2.8045
-13.9827 -93.0897 2.80143
-13.9432 -93.0874 2.80003
-13.9756 -93.0117 2.80092
-13.9787 -93.0091 2.80091
-14.0744 -93.0081 2.80116
-13.9752 -93.0755 2.80341
-14.0308 -93.0587 2.80245
-14.0912 -93.0506 2.79767
-14.0952 -93.0474 2.79761
-14.1009 -93.0464 2.79771
-14.0481 -92.9587 2.80277
-14.0068 -93.0212 2.80333
-13.9883 -93.1059 2.80265
-13.9941 -93.1083 2.80245
-13.8908 -93.1435 2.80112
-13.9313 -93.0452 2.8001
-13.9331 -93.0139 2.79861
-13.8676 -93.1248 2.80463
-13.914 -93.1255 2.80235
-14.0168 -93.0729 2.804
-13.9986 -93.1985 2.79784
-14.023 -92.9401 2.80011
-14.0135 -92.941 2.80018
-13.9808 -93.1406 2.7995
-13.9752 -93.1279 2.80301
-14.0879 -93.0393 2.80286
-14.091 -93.0415 2.80309
-13.9617 -93.08 2.79969
-13.9772 -93.1586 2.79982
-14.0142 -93.1528 2.805
-13.9499 -93.0606 2.80041
-13.9629 -93.0824 2.79884
-13.8467 -93.0478 2.80067
-14.0398 -93.0127 2.80185
-14.0042 -93.096 2.79944
-13.9385 -92.9954 2.80446
-14.0377 -93.0899 2.80123
-14.0644 -93.0906 2.80028
-13.9834 -93.1118 2.80293
-13.956 -93.094 2.80392
-14.0324 -93.0834 2.80216
-13.8497 -93.0717 2.80478
-13.8444 -93.0762 2.80265
-14.0765 -93.0592 2.80379
-13.9225 -92.9093 2.79918
-13.924 -92.9082 2.79896
-13.9186 -92.9119 2.79915
-13.9445 -93.014 2.80309
-13.957 -93.0638 2.79894
-13.9499 -93.0623 2.80204
-13.916 -93.1145 2.80437
-13.9341 -93.0216 2.80113
-13.8105 -93.0219 2.80273
-13.991 -93.1484 2.79869
-13.9889 -93.0622 2.80157
-13.9884 -93.0591 2.80144
-13.9827 -93.1543 2.80696
-13.9409 -93.0659 2.80072
-13.9527 -93.0671 2.80227
-14.0277 -93.0171 2.79966
-14.0254 -93.0139 2.79909
-13.9332 -93.0998 2.80124
-13.991 -92.9969 2.80182
-13.9932 -92.9952 2.80154
-14.0493 -93.064 2.80109
-14.0687 -93.0802 2.80321
-14.0629 -93.1515 2.80081
-13.9235 -93.1435 2.80464
-13.97 -93.0622 2.80322
-13.9475 -93.104 2.80011
-13.947 -93.1064 2.8004
-13.9427 -93.1035 2.80039
-14.0019 -93.0856 2.8029
-14.0455 -93.0194 2.7962
-14.0403 -93.1499 2.79923
-13.966 -92.9615 2.79628
-13.9688 -93.1554 2.80167
-13.9682 -93.0538 2.79891
-14.0648 -93.1927 2.80328
-13.9749 -93.0503 2.80149
-14.0095 -93.0326 2.80213
-14.012 -93.0347 2.80185
-13.9632 -93.1378 2.80389
-13.9191 -93.1512 2.80046
-14.0553 -93.0557 2.79723
-14.0464 -92.992 2.80366
-13.9506 -93.1541 2.79692
-13.9288 -93.0101 2.80181
-13.9262 -93.0144 2.80185
-14.0592 -93.0897 2.80084
-13.9527 -93.0572 2.80264
-13.8676 -93.0672 2.80463
-13.915 -93.0808 2.80084
-13.9319 -93.0546 2.80124
-13.9705 -93.0952 2.80124
-13.9873 -93.0586 2.79913
-13.9712 -93.0277 2.79652
-14.0118 -93.0023 2.79879
-14.0365 -93.1744 2.80309
-13.9839 -93.0599 2.80183
-13.9903 -93.111 2.80291
-13.9116 -93.0682 2.80297
-13.8943 -93.1169 2.80121
-13.9846 -93.0903 2.80134
-13.9665 -93.0457 2.80248
-14.0173 -93.1729 2.80079
-13.9751 -93.0052 2.80123
-13.9767 -93.0027 2.80078
-14.0746 -93.0091 2.80124
-13.9772 -93.0224 2.80237
-13.9722 -93.0217 2.80236
-13.9737 -93.024 2.80238
-13.9843 -93.0545 2.80107
-14.0059 -93.0821 2.79851
-13.862 -93.1061 2.80371
-13.9609 -93.122 2.80253
-14.0544 -93.0444 2.80178
-13.9636 -93.0618 2.80322
-13.8807 -93.1417 2.80159
-13.9277 -93.0155 2.79843
-13.8976 -93.1284 2.80303
-14.0447 -93.0466 2.80334
-13.9786 -93.1083 2.80227
-13.9442 -93.0429 2.80179
-13.9425 -93.0479 2.80203
-14.031 -93.1247 2.7996
-14.0158 -92.9334 2.80019
-13.995 -93.0612 2.79961
-13.998 -93.0643 2.79951
-14.0815 -93.1199 2.79946
-14.087 -93.0411 2.80282
-14.083 -93.0365 2.80296
-13.9976 -93.0468 2.80258
-13.9992 -93.0728 2.80234
-14.0375 -93.1336 2.80279
-14.0111 -93.1167 2.79996
-14.0122 -93.1461 2.7989
-14.0538 -93.1206 2.79907
-13.9471 -93.0777 2.79987
-13.9402 -92.9726 2.80225
-13.9374 -92.9707 2.80208
-13.9317 -93.0011 2.80435
-13.9039 -92.9684 2.80406
-14.0183 -92.9969 2.79807
-13.9846 -93.1175 2.80066
-13.9786 -93.172 2.80288
-13.8815 -93.0592 2.8019
-14.0618 -93.1327 2.7997
-14.065 -93.1331 2.7998
-13.9516 -93.097 2.79879
-13.9226 -92.9091 2.7991
-13.944 -93.0089 2.80309
-13.9482 -93.0145 2.80312
-13.9982 -93.0398 2.80216
-13.9555 -93.0596 2.799
-13.9562 -93.0512 2.79906
-13.919 -93.1397 2.80002
-13.8825 -93.0725 2.80218
-13.9871 -93.136 2.79913
-13.9301 -93.1491 2.80444
-13.9889 -93.0605 2.80156
-12.0421 -93.745 2.81946
