209.035 -10.187 3.03955
209.02 -10.1569 3.04449
209.069 -10.4283 3.04268
209.107 -10.3861 3.04403
209.033 -10.3545 3.04442
208.951 -10.3127 3.03871
208.908 -10.1413 3.03857
209.021 -10.2881 3.04237
208.936 -10.207 3.03979
208.972 -10.2616 3.03983
209.078 -10.2797 3.04192
209.057 -10.2018 3.03934
209.003 -10.3557 3.04476
208.936 -10.2834 3.04132
209.023 -10.2565 3.03919
208.955 -10.2395 3.0422
209.074 -10.1958 3.04334
208.881 -10.3179 3.04359
209.006 -10.2733 3.04074
208.992 -10.2406 3.04465
208.993 -10.2573 3.04081
208.96 -10.2394 3.03815
209.05 -10.2105 3.04146
209.099 -10.2259 3.04636
209.031 -10.1807 3.04392
209.024 -10.3001 3.0414
208.992 -10.3121 3.03949
209.154 -10.4219 3.04074
209.002 -10.2134 3.04384
208.911 -10.0959 3.04317
208.933 -10.1941 3.03985
208.919 -10.2308 3.04319
208.948 -10.2504 3.04163
208.972 -10.3414 3.04261
208.967 -10.3498 3.041
208.911 -10.207 3.04206
208.937 -10.289 3.04106
209.084 -10.3116 3.04026
209.022 -10.2685 3.04387
209.094 -10.3377 3.04194
209.246 -10.2211 3.04159
208.962 -10.4379 3.04219
208.968 -10.2778 3.0422
208.973 -10.2709 3.04382
208.976 -10.2983 3.03904
209.054 -10.2911 3.04435
209.1 -10.1086 3.04165
209.02 -10.3248 3.04438
209.02 -10.3506 3.0434
208.894 -10.2986 3.04152
208.933 -10.2521 3.04174
208.891 -10.2717 3.04194
209.093 -10.2433 3.04085
208.915 -10.2143 3.04272
208.878 -10.2647 3.03961
209.091 -10.2886 3.0393
208.936 -10.2276 3.03771
209.049 -10.2246 3.03864
208.95 -10.2079 3.04166
209.119 -10.3281 3.0434
208.88 -10.2005 3.04404
209.004 -10.2621 3.04167
209.065 -10.2499 3.04406
209.054 -10.3201 3.03835
208.873 -10.2212 3.04086
209.012 -10.2786 3.04254
208.983 -10.2886 3.04185
209.014 -10.2528 3.04166
209.086 -10.2493 3.04096
208.957 -10.1346 3.04266
209.07 -10.2479 3.04425
208.899 -10.2758 3.04301
208.864 -10.306 3.04161
209.042 -10.2872 3.04114
208.874 -10.3582 3.04139
209.038 -10.1891 3.0409
208.983 -10.2603 3.04162
209.049 -10.1778 3.04459
209.076 -10.2612 3.04541
208.953 -10.2077 3.0398
208.988 -10.2348 3.03897
208.994 -10.1541 3.0423
209.08 -10.2133 3.04296
208.983 -10.2568 3.04528
208.995 -10.2185 3.04184
208.954 -10.1788 3.04196
209.021 -10.3927 3.04169
209.011 -10.2514 3.04108
209.056 -10.2562 3.04011
208.954 -10.1902 3.04332
209.085 -10.1718 3.04449
208.968 -10.2738 3.04048
208.979 -10.2634 3.0393
208.942 -10.3275 3.047
208.968 -10.2556 3.04418
208.973 -10.3954 3.04022
208.974 -10.1859 3.03992
208.97 -10.2256 3.04539
209.095 -10.3527 3.04147
209.104 -10.3646 3.03736
209.007 -10.3375 3.04011
208.964 -10.1343 3.04367
208.973 -10.1778 3.04535
208.978 -10.3807 3.0409
209.018 -10.2699 3.03757
208.975 -10.3074 3.04116
209.169 -10.2334 3.0424
209.031 -10.2538 3.04302
208.857 -10.2702 3.04183
209.016 -10.3673 3.04107
209.02 -10.2136 3.04091
208.975 -10.2883 3.04297
209.068 -10.2502 3.04115
209.027 -10.2284 3.04327
209.021 -10.4099 3.04508
208.968 -10.3254 3.04052
208.918 -10.2221 3.04518
209.041 -10.3095 3.04085
208.994 -10.2513 3.0452
209.072 -10.3415 3.04327
209.032 -10.2358 3.04577
208.987 -10.3057 3.04652
208.991 -10.3035 3.04099
209.089 -10.2843 3.04467
209.01 -10.2454 3.03838
208.965 -10.3976 3.04032
208.954 -10.2808 3.04218
208.968 -10.2168 3.04273
208.983 -10.2885 3.04059
208.832 -10.4499 3.03835
209.073 -10.1442 3.03853
208.976 -10.3806 3.03831
209.011 -10.2163 3.04308
209.059 -10.1547 3.0424
208.938 -10.2528 3.04163
208.943 -10.2745 3.04
208.988 -10.3413 3.04072
209.026 -10.265 3.04301
209.056 -10.2322 3.0434
209.022 -10.2275 3.04481
208.934 -10.248 3.04001
208.958 -10.276 3.04113
208.949 -10.2972 3.03967
208.983 -10.2708 3.04147
208.979 -10.1675 3.04017
209.149 -10.2125 3.04568
209.107 -10.2581 3.03991
208.967 -10.1924 3.04282
208.973 -10.1763 3.03633
209.032 -10.2813 3.0447
209.034 -10.2144 3.04159
208.911 -10.2775 3.0445
208.976 -10.4405 3.04134
209.068 -10.261 3.04289
209.004 -10.3289 3.03972
208.986 -10.345 3.03878
208.995 -10.2258 3.04305
208.999 -10.2868 3.03912
209.052 -10.2295 3.045
209.021 -10.2913 3.04135
209.008 -10.328 3.04125
209.044 -10.2758 3.04244
208.96 -10.1426 3.04454
209.084 -10.2544 3.04155
208.996 -10.2687 3.0439
208.929 -10.2791 3.03973
209.057 -10.3705 3.03883
208.98 -10.2726 3.03982
208.91 -10.2982 3.04146
209.005 -10.3053 3.04527
209.034 -10.2541 3.04464
208.933 -10.2302 3.04089
208.998 -10.4726 3.04944
209.023 -10.316 3.0421
208.995 -10.3214 3.04052
209.009 -10.1876 3.03972
208.975 -10.1765 3.04282
208.901 -10.267 3.04308
209.038 -10.2812 3.04133
209.048 -10.2913 3.04171
208.969 -10.3268 3.04278
209.046 -10.2597 3.04154
209.108 -10.2706 3.04263
208.895 -10.2229 3.04089
208.969 -10.1398 3.03891
209.027 -10.2351 3.04063
209.119 -10.2762 3.04243
208.948 -10.3178 3.041
209.028 -10.2383 3.0409
208.989 -10.1176 3.03994
209.021 -10.2591 3.045
209.103 -10.2425 3.04061
208.885 -10.2751 3.0393
209.076 -10.4029 3.04042
208.981 -10.3462 3.0404
208.992 -10.286 3.04049
208.978 -10.237 3.04081
209.129 -10.2648 3.04385
209.015 -10.2278 3.04143
209.042 -10.2901 3.0413
209.001 -10.332 3.04697
208.968 -10.3874 3.04348
208.891 -10.1692 3.04033
208.98 -10.1581 3.04011
209.022 -10.2326 3.04454
209.042 -10.2397 3.04346
209.032 -10.2586 3.04517
209.13 -10.2945 3.04314
209.028 -10.2613 3.04267
208.964 -10.2412 3.03982
209.026 -10.3305 3.0397
208.996 -10.2244 3.04096
209.122 -10.2456 3.04124
208.982 -10.207 3.04068
209.05 -10.2436 3.04493
209.086 -10.2916 3.0409
209.061 -10.2844 3.04407
209.03 -10.3556 3.0442
208.996 -10.4219 3.04548
208.969 -10.3546 3.04695
208.973 -10.3778 3.0453
209.007 -10.358 3.04154
209.114 -10.2872 3.04529
208.993 -10.2662 3.03877
209.019 -10.1947 3.04514
209.01 -10.2229 3.04462
208.898 -10.2776 3.04112
209.063 -10.2705 3.04346
208.951 -10.3418 3.04604
209.051 -10.2366 3.04379
209.012 -10.2204 3.0437
209.015 -10.3523 3.04059
208.987 -10.2939 3.04077
208.955 -10.2725 3.04331
209.045 -10.1953 3.03841
208.865 -10.1887 3.04169
209.152 -10.32 3.04003
209.025 -10.2985 3.04142
208.957 -10.4643 3.03728
208.956 -10.2746 3.04261
209.028 -10.2557 3.04091
208.981 -10.254 3.04406
209.013 -10.3628 3.0452
208.993 -10.3185 3.0414
209.002 -10.3226 3.04041
208.932 -10.199 3.04191
209.043 -10.2956 3.0422
208.914 -10.2424 3.04514
208.952 -10.3119 3.04232
208.943 -10.2719 3.044
208.935 -10.284 3.04324
209.032 -10.2668 3.04321
209.215 -10.2504 3.04377
208.988 -10.24 3.04161
209.071 -10.2031 3.0394
209.036 -10.2019 3.04229
209.038 -10.2167 3.04537
208.905 -10.2343 3.04167
209.041 -10.223 3.04119
209.091 -10.1812 3.04366
209.012 -10.3015 3.03917
208.969 -10.1456 3.0444
209.061 -10.2463 3.04135
208.914 -10.3093 3.04306
208.924 -10.2577 3.04031
208.996 -10.2082 3.0407
208.935 -10.1532 3.04306
208.937 -10.1857 3.04153
208.888 -10.2239 3.0392
208.954 -10.3218 3.0418
208.965 -10.2227 3.04172
208.934 -10.2262 3.04036
208.95 -10.2518 3.0412
209.001 -10.2432 3.04243
209.077 -10.3173 3.03955
209.064 -10.2733 3.0397
208.961 -10.4577 3.04798
209.069 -10.2468 3.04144
208.982 -10.1963 3.04278
208.968 -10.2403 3.04071
209 -10.2468 3.04109
208.886 -10.2081 3.04152
208.965 -10.2257 3.04418
208.916 -10.3051 3.04433
208.948 -10.2378 3.04198
209.087 -10.2246 3.04567
209.08 -10.2524 3.04112
209.103 -10.1992 3.04463
209.016 -10.2884 3.04195
208.926 -10.2734 3.03995
209.081 -10.3244 3.04267
209.097 -10.1818 3.04173
208.909 -10.3103 3.04045
208.976 -10.2695 3.04125
208.959 -10.1943 3.04411
209.06 -10.1462 3.04254
208.993 -10.29 3.03965
209.085 -10.2775 3.04195
208.947 -10.287 3.04619
209.023 -10.3203 3.03911
209.028 -10.2551 3.04382
208.937 -10.2511 3.04221
209.061 -10.261 3.0436
209.051 -10.2319 3.0413
208.985 -10.2543 3.04345
208.972 -10.3175 3.03992
208.937 -10.3272 3.0391
209.025 -10.3313 3.04398
209.051 -10.3966 3.04549
209.004 -10.2789 3.03832
208.997 -10.3072 3.03889
208.924 -10.1566 3.04269
209.158 -10.2382 3.04317
209.013 -10.2148 3.04424
208.989 -10.3006 3.04455
209.018 -10.1466 3.04235
208.973 -10.2491 3.04115
209.057 -10.1601 3.04185
209.019 -10.2096 3.0423
209.077 -10.4013 3.04196
209.001 -10.4045 3.04683
209.058 -10.3709 3.04043
208.969 -10.2913 3.04165
209.141 -10.2302 3.04425
208.963 -10.1263 3.04534
208.967 -10.2563 3.04107
208.982 -10.1957 3.03868
209.005 -10.2317 3.03646
209.044 -10.2559 3.04472
209.092 -10.2637 3.04189
209.028 -10.3122 3.04439
209.034 -10.3616 3.04513
208.945 -10.3245 3.03936
208.981 -10.3379 3.04017
209.071 -10.2426 3.03954
209.043 -10.2788 3.04117
208.973 -10.3048 3.04257
208.984 -10.3787 3.04173
209.002 -10.2405 3.04265
209.056 -10.2072 3.04255
209.019 -10.2059 3.04165
209.05 -10.3179 3.04166
209.051 -10.3538 3.04026
208.89 -10.2792 3.04071
208.984 -10.326 3.04062
208.99 -10.2829 3.04105
209.109 -10.2573 3.04269
209.038 -10.27 3.04212
208.884 -10.2618 3.04006
208.981 -10.2431 3.04207
208.951 -10.2394 3.04225
208.925 -10.2512 3.04222
209.012 -10.3689 3.04608
209.03 -10.2427 3.04163
209.073 -10.2526 3.04197
208.993 -10.3779 3.03967
208.873 -10.3031 3.03926
208.903 -10.3828 3.04259
209.001 -10.1749 3.0403
208.938 -10.293 3.04207
208.99 -10.2788 3.03892
209.111 -10.2965 3.04097
208.928 -10.2743 3.04066
208.935 -10.2094 3.03698
208.965 -10.2417 3.04241
209.039 -10.2803 3.04126
209.074 -10.2371 3.04549
209.083 -10.2901 3.03788
209.083 -10.2041 3.04362
209.145 -10.2008 3.04181
208.988 -10.2808 3.0407
208.948 -10.2698 3.04179
208.839 -10.2071 3.04039
208.993 -10.1718 3.04185
209.007 -10.2971 3.03967
209.018 -10.2615 3.04461
209.087 -10.3328 3.04135
208.983 -10.2711 3.04059
208.976 -10.1318 3.04287
209.06 -10.1854 3.03864
208.989 -10.2418 3.03909
208.986 -10.2437 3.04282
208.975 -10.2217 3.04019
208.975 -10.2613 3.03918
209.085 -10.2711 3.04582
209.03 -10.2275 3.03936
208.987 -10.3986 3.04623
209.016 -10.2781 3.04145
209.036 -10.2851 3.03985
209.002 -10.2044 3.04265
208.992 -10.2299 3.04225
208.983 -10.2669 3.04107
209.058 -10.1868 3.04107
208.958 -10.2119 3.04031
208.9 -10.3278 3.0431
208.98 -10.2575 3.04166
209.044 -10.2787 3.04038
209.075 -10.2564 3.03881
209.062 -10.2876 3.04128
209.013 -10.2687 3.04405
208.859 -10.1576 3.04144
208.884 -10.2478 3.04035
208.925 -10.2798 3.0424
208.99 -10.2626 3.03988
208.943 -10.2806 3.04238
209.045 -10.1844 3.04114
208.99 -10.1319 3.03991
208.938 -10.3431 3.04016
209.019 -10.1971 3.04443
209.018 -10.2024 3.03741
208.912 -10.2042 3.04275
208.957 -10.3137 3.04135
208.923 -10.2741 3.03712
209.047 -10.3185 3.04127
209.005 -10.2658 3.04532
208.999 -10.3583 3.03997
209.067 -10.1881 3.04423
209.195 -10.2101 3.04065
209.058 -10.2931 3.04129
209.112 -10.28 3.04177
208.974 -10.2521 3.04253
209.108 -10.3475 3.04507
209.065 -10.2893 3.04247
208.991 -10.2175 3.04205
208.977 -10.2389 3.04072
208.965 -10.3708 3.04204
209.001 -10.3514 3.04538
209.008 -10.3571 3.03984
208.984 -10.3373 3.0393
209.003 -10.3653 3.03999
208.989 -10.2748 3.0374
208.929 -10.3328 3.04178
208.993 -10.2744 3.0399
209.075 -10.2549 3.04202
209.06 -10.2933 3.04249
209.094 -10.3616 3.04258
209.017 -10.3931 3.0464
208.966 -10.2893 3.04129
209.067 -10.1467 3.0421
208.992 -10.2406 3.04147
209.048 -10.27 3.04149
209.063 -10.2852 3.04382
209.139 -10.3414 3.0439
208.993 -10.2701 3.042
209.038 -10.2494 3.03973
208.991 -10.3383 3.03895
209.083 -10.3253 3.04418
209.026 -10.3186 3.03964
209.027 -10.3384 3.04077
208.899 -10.2882 3.04268
209.189 -10.1304 3.0445
208.894 -10.4792 3.03554
208.954 -10.4346 3.03699
208.966 -10.3252 3.04186
209.02 -10.2584 3.04035
209.037 -10.3343 3.03927
208.935 -10.2932 3.0406
208.968 -10.2836 3.04088
209.051 -10.2246 3.04202
209.072 -10.2681 3.04432
208.997 -10.2647 3.0413
208.981 -10.2872 3.04142
208.9 -10.3295 3.04332
208.954 -10.3003 3.0409
208.902 -10.2931 3.0431
208.921 -10.2863 3.04275
209.021 -10.2642 3.04322
208.946 -10.3053 3.03972
209.111 -10.2707 3.04705
209.011 -10.2281 3.04327
208.89 -10.133 3.04172
209.018 -10.2498 3.04037
209.037 -10.2302 3.04258
209.035 -10.2146 3.0439
209.012 -10.1921 3.03871
209.062 -10.3136 3.04161
208.94 -10.4151 3.04133
208.983 -10.1998 3.03935
208.939 -10.2711 3.04253
208.985 -10.2711 3.04159
208.945 -10.2339 3.0401
209.096 -10.1614 3.04242
208.992 -10.31 3.03968
209.082 -10.2903 3.03958
208.954 -10.2646 3.037
208.991 -10.2185 3.04142
208.921 -10.2635 3.03788
208.929 -10.2963 3.04061
209.049 -10.2743 3.04217
208.972 -10.1976 3.03977
209.011 -10.2869 3.03993
208.998 -10.2793 3.03856
209.019 -10.2628 3.04491
209.098 -10.1856 3.044
209.052 -10.2789 3.04181
208.985 -10.3423 3.04173
208.989 -10.3226 3.03939
208.976 -10.1897 3.03949
208.885 -10.311 3.04192
208.943 -6.11724 3.04414
