196.676 24.9878 0.0604173
196.782 24.8712 0.0617823
196.778 24.9643 0.0608479
196.653 24.9415 0.0616799
196.713 24.952 0.0639089
196.745 24.9931 0.0617728
196.66 24.8751 0.0677209
196.73 24.9437 0.0669922
196.85 24.912 0.060712
196.644 24.857 0.0603824
196.654 24.9192 0.0628226
196.659 24.8711 0.0660018
196.762 24.9402 0.0648044
196.637 24.9655 0.0665079
196.756 24.9025 0.0606675
196.722 24.9584 0.0622102
196.622 24.878 0.0627747
196.677 24.9503 0.0565296
196.711 24.9818 0.0571609
196.723 24.8941 0.0649038
196.711 24.9217 0.0626582
196.674 24.9414 0.0634371
196.642 24.9269 0.0603028
196.697 24.9254 0.0609317
196.699 24.8815 0.0611116
196.739 25.0263 0.0594165
196.72 24.9834 0.0611059
196.715 24.864 0.0626738
196.78 25.0067 0.0660775
196.763 24.9146 0.0605612
196.731 24.898 0.0612113
196.658 25.0002 0.0627373
196.64 24.8601 0.0649126
196.694 24.944 0.064562
196.729 24.8994 0.0638483
196.667 24.9266 0.0628187
196.802 24.9222 0.0635282
196.699 24.9245 0.0625864
196.686 24.9274 0.0598803
196.799 25.0201 0.0623303
196.772 24.8582 0.0612902
196.809 25.0029 0.0624865
196.705 24.857 0.0613807
196.794 24.9277 0.0635863
196.685 24.9097 0.0627386
196.671 24.9469 0.0643501
196.719 24.93 0.0626243
196.786 24.9658 0.0604518
196.727 24.9191 0.06042
196.641 24.9941 0.0630015
196.786 24.9533 0.0628391
196.693 24.9484 0.0643404
196.705 24.9228 0.0641755
196.766 25.0242 0.0614314
196.79 24.8776 0.061444
196.751 24.9035 0.0633688
196.755 24.9106 0.0591645
196.697 24.9988 0.06118
196.696 24.9458 0.0613849
196.662 24.8714 0.0609827
196.693 24.8835 0.0605041
196.687 24.8678 0.0590736
196.674 25.0584 0.0630584
196.644 24.9496 0.0632877
196.736 24.9388 0.0603975
196.763 24.9545 0.0616577
196.794 24.9317 0.0645812
196.734 24.9117 0.0592112
196.731 24.888 0.0575301
196.611 25.021 0.0618916
196.611 24.9317 0.0617656
196.697 24.8737 0.0616008
196.695 24.8886 0.0627931
196.833 24.9592 0.0599486
196.685 24.8861 0.0601058
196.737 24.8541 0.0646236
196.801 24.9688 0.0622705
196.782 24.9595 0.0625854
196.709 24.9027 0.0633255
196.743 24.9174 0.0615827
196.671 24.9618 0.0634848
196.67 24.9311 0.0612438
196.686 24.8667 0.0632204
196.681 24.9158 0.0631982
196.687 24.9154 0.0616952
196.755 24.9219 0.0602642
196.716 25.0022 0.0658804
196.787 24.9497 0.0639538
196.633 24.9473 0.0630654
196.76 24.8792 0.064553
196.764 25.0242 0.0583106
196.662 24.8723 0.0597337
196.723 24.9447 0.0643167
196.735 24.9173 0.0621474
196.693 24.9771 0.0632322
196.709 24.9137 0.0675921
196.811 24.8957 0.0633292
196.686 24.9866 0.0595939
196.73 24.9304 0.0627172
196.78 24.9086 0.0614808
196.703 24.974 0.0652321
196.693 24.7924 0.0654293
196.67 24.8908 0.061101
196.803 24.918 0.0630927
196.691 24.8945 0.0642546
196.686 24.8965 0.0606981
196.665 24.9679 0.0583087
196.706 25.0087 0.0583183
196.642 24.9167 0.0624102
196.719 24.9967 0.0652854
196.664 24.9473 0.0625751
196.766 24.9487 0.0640722
196.729 24.9204 0.0629896
196.764 24.9988 0.0631766
196.664 24.9949 0.0640242
196.738 24.9797 0.0669148
196.661 24.8709 0.059919
196.699 24.8334 0.0606748
196.722 25.0008 0.0614376
196.797 24.9053 0.0648475
196.652 24.9338 0.0611808
196.79 24.9419 0.0637284
196.711 24.899 0.0620096
196.598 24.9992 0.061441
196.712 24.9183 0.0623277
196.748 24.9973 0.0625455
196.827 24.9108 0.0650496
196.825 24.9809 0.0662615
196.723 24.9485 0.06126
196.836 25.0925 0.065872
196.763 24.9845 0.0664575
196.718 24.9759 0.0624368
196.686 25.0593 0.0644329
196.678 24.9536 0.0622872
196.627 24.8631 0.0633152
196.643 24.8995 0.0638043
196.689 24.9077 0.0621502
196.75 25.0048 0.0636799
196.75 24.943 0.0628271
196.809 24.8947 0.0598001
196.766 25.0672 0.0635328
196.867 24.952 0.0642302
196.788 24.9171 0.0591498
196.661 24.9829 0.0610889
196.697 24.8922 0.0615487
196.608 24.872 0.0623214
196.717 24.9418 0.0594378
196.712 24.9663 0.0622186
196.799 24.8691 0.0622124
196.69 24.883 0.0651284
196.691 24.7852 0.0637762
196.731 24.8435 0.061352
196.758 24.933 0.0569889
196.645 24.9316 0.05804
196.709 24.8769 0.0618275
196.749 24.9247 0.0599622
196.717 24.8542 0.0625262
196.717 24.945 0.0610758
196.69 24.9664 0.0619854
196.711 24.8224 0.0609315
196.77 24.9666 0.0613699
196.752 24.9529 0.0650671
196.811 24.9811 0.0629488
196.678 25.0321 0.0655059
196.82 24.9986 0.0627663
196.815 24.8426 0.0614712
196.664 24.8918 0.0632486
196.693 24.9234 0.0588036
196.693 24.9605 0.0589894
196.684 24.8843 0.059709
196.707 25.0059 0.0604596
196.662 24.8391 0.0618249
196.712 25.0207 0.0635857
196.742 24.8954 0.0607504
196.713 24.9535 0.0619876
196.687 24.8514 0.0599175
196.764 25.0113 0.0611599
196.646 24.9325 0.0613751
196.698 24.9045 0.0615573
196.738 24.8706 0.0630833
196.739 24.8514 0.0617543
196.671 24.9269 0.0647898
196.734 24.9369 0.061732
196.802 24.9275 0.061632
196.769 24.9598 0.0623537
196.764 24.9042 0.0625166
196.696 24.9731 0.0642825
196.677 24.9055 0.0648463
196.81 25.0132 0.063043
196.689 24.8587 0.0611756
196.826 24.9086 0.0628467
196.664 24.948 0.0562567
196.631 24.8924 0.0630652
196.609 24.9069 0.0606765
196.687 24.9223 0.0593607
196.742 24.943 0.0609877
196.691 24.8645 0.0602584
196.762 25.0345 0.0629852
196.672 24.9104 0.0603109
196.682 24.9591 0.061658
196.742 24.998 0.06297
196.751 24.9295 0.0625817
196.649 24.8618 0.0638013
196.715 24.9524 0.0640656
196.76 24.9587 0.0641175
196.601 25.0268 0.0648434
196.668 24.8582 0.0597464
196.681 25.0334 0.0623601
196.692 24.9984 0.0610266
196.723 24.9505 0.0608615
196.7 24.9327 0.0627366
196.694 25.0184 0.0646085
196.744 24.9679 0.0647386
196.739 24.9346 0.0615158
196.748 24.976 0.0634954
196.75 24.9573 0.0654615
196.757 25.0247 0.0637381
196.719 24.9664 0.0598116
196.73 24.9805 0.0604079
196.743 24.8552 0.059891
196.757 25.016 0.0599146
196.782 24.989 0.0637064
196.65 24.9274 0.0611719
196.67 24.981 0.0646032
196.669 24.8862 0.0611178
196.708 24.9618 0.0661628
196.783 24.9541 0.0612904
196.644 24.9489 0.0646844
196.809 25.0375 0.0622985
196.733 24.9538 0.0615714
196.642 24.8629 0.0607322
196.72 24.8826 0.0614152
196.744 24.9266 0.0636584
196.679 24.9495 0.0614322
196.695 24.9053 0.0651635
196.677 24.9769 0.0650468
196.71 24.9491 0.0587663
196.756 24.9466 0.0598277
196.684 24.8586 0.0653874
196.732 24.9641 0.0574567
196.706 24.9514 0.0616656
196.757 24.9516 0.0641953
196.774 25.0329 0.0591313
196.719 24.98 0.0601859
196.686 24.9418 0.0630485
196.76 24.8708 0.0607133
196.811 25.0518 0.0633645
196.694 24.9133 0.0604727
196.76 24.941 0.0635925
196.74 25.0501 0.0617179
196.702 24.927 0.0644751
196.627 24.9263 0.0614031
196.721 24.9501 0.0617581
196.684 24.8849 0.0630974
196.83 24.8853 0.0604057
196.693 24.9322 0.0647303
196.735 24.969 0.057768
196.737 24.9908 0.064871
196.694 24.9569 0.0618946
196.708 24.904 0.0581259
196.696 24.9422 0.0627987
196.662 24.8722 0.0618061
196.596 24.8251 0.0650983
196.665 24.8838 0.0637513
196.76 24.9355 0.0657596
196.606 24.9015 0.0649978
196.807 25.0473 0.0626268
196.815 24.9152 0.0627748
196.688 24.9623 0.0607983
196.72 24.9109 0.062427
196.746 25.069 0.0635474
196.741 24.7782 0.0644238
196.888 24.8845 0.0607665
196.64 24.8734 0.0618347
196.794 24.9261 0.0623653
196.699 24.9278 0.0636435
196.691 24.9402 0.0610739
196.675 24.9729 0.0594384
196.693 24.9026 0.0652728
196.696 24.9135 0.0623927
196.723 24.9608 0.0649502
196.673 24.9615 0.0666246
196.719 24.8949 0.0604412
196.638 24.9543 0.0623696
196.782 24.8917 0.0619329
196.756 24.9011 0.0635347
196.707 24.9618 0.0629913
196.683 24.9248 0.062818
196.673 24.9505 0.0653954
196.764 24.8938 0.0610948
196.698 24.89 0.0590969
196.661 24.9804 0.0617587
196.778 25.0267 0.0628208
196.705 24.8896 0.0630494
196.748 24.882 0.0616036
196.778 24.9453 0.0666122
196.8 25.051 0.0636311
196.769 24.9667 0.063393
196.631 25.0211 0.0636375
196.671 25.0237 0.0632133
196.706 24.9938 0.062527
196.745 24.9638 0.0584782
196.712 24.8787 0.0607337
196.727 24.8819 0.0621365
196.622 24.8977 0.0613018
196.647 24.9093 0.0599088
196.657 24.9161 0.0614618
196.692 24.8651 0.0666605
196.686 24.912 0.062022
196.698 24.8893 0.0651557
196.679 24.9039 0.0620518
196.672 24.8759 0.0659059
196.768 24.9508 0.0622767
196.683 24.8598 0.0615606
196.745 24.9145 0.0625397
196.672 24.8442 0.0585917
196.744 24.9048 0.0633103
196.731 25.0107 0.0601321
196.713 24.8934 0.0625564
196.735 24.9377 0.0578503
196.814 24.9257 0.0666678
196.798 24.9878 0.0659041
196.676 25.0226 0.0626841
196.663 24.9409 0.0604704
196.713 24.8146 0.0602467
196.686 24.9361 0.062065
196.747 24.9105 0.0610059
196.789 24.9411 0.0633614
196.741 24.9293 0.061771
196.778 24.9248 0.0632789
196.682 24.9544 0.0645913
196.619 24.9137 0.0605342
196.714 25.0004 0.0621201
196.633 25.0106 0.0630158
196.756 24.9449 0.0638391
196.646 24.9142 0.059471
196.754 24.9938 0.0611902
196.681 24.862 0.0619344
196.812 24.8973 0.0607941
196.732 24.9619 0.0629871
196.726 25.0273 0.0645714
196.734 24.9613 0.0613314
196.604 24.8643 0.0657494
196.641 24.9349 0.0646517
196.781 24.943 0.0606484
196.748 24.9445 0.0599271
196.714 24.9808 0.0659937
196.739 24.9268 0.0632458
196.732 24.991 0.0610652
196.768 24.9671 0.061906
196.737 24.9148 0.062091
196.682 24.9342 0.0639184
196.804 24.992 0.0642834
196.612 24.943 0.0622109
196.68 24.93 0.0612682
196.82 24.9483 0.0640501
196.736 24.9157 0.0624424
196.672 24.9014 0.063637
196.613 24.9994 0.0651872
196.658 24.9975 0.0645572
196.753 24.9838 0.0621551
196.687 24.8671 0.058553
196.612 24.9232 0.0651384
196.712 24.9846 0.0609044
196.738 24.9027 0.0645025
196.706 24.9254 0.0647095
196.693 24.9847 0.0619776
196.78 24.8318 0.0630805
196.696 24.8638 0.0609462
196.711 24.9084 0.0654013
196.567 24.8117 0.06461
196.656 24.9077 0.0611649
196.663 24.8873 0.0599008
196.735 24.9835 0.0607551
196.779 24.9827 0.0610556
196.815 24.9729 0.0632388
196.649 24.9141 0.0639372
196.712 24.9516 0.0615666
196.757 25.0151 0.063802
196.826 24.8902 0.0636441
196.673 25.011 0.0609984
196.695 24.9186 0.0686526
196.616 24.9643 0.0627644
196.771 24.9036 0.0629878
196.759 24.8554 0.0633487
196.77 24.8035 0.0618726
196.661 25.0052 0.0623354
196.702 25.0159 0.0620742
196.729 24.9291 0.0604398
196.589 24.9602 0.0647947
196.713 24.88 0.062562
196.662 24.8833 0.0601182
196.685 24.8836 0.060847
196.77 24.8841 0.0643819
196.757 24.9808 0.0640557
196.744 24.9674 0.0623356
196.739 24.9116 0.0584733
196.686 24.934 0.0596173
196.745 24.9664 0.0604742
196.615 24.8323 0.0606656
196.647 24.8962 0.0606477
196.66 24.9036 0.060169
196.593 24.9475 0.0650193
196.777 24.8225 0.0635403
196.724 24.9438 0.0634434
196.746 24.9504 0.0623049
196.732 24.8394 0.0633088
196.761 24.8792 0.0626979
196.666 24.9003 0.0656524
196.726 24.9829 0.0624012
196.774 24.9393 0.0626483
196.696 24.9889 0.0629432
196.697 24.8679 0.0618864
196.669 24.9559 0.0618893
196.698 24.9014 0.0627012
196.693 24.9447 0.0597358
196.732 24.9324 0.0590538
196.787 24.9887 0.0614412
196.677 24.9617 0.0623465
196.769 24.9666 0.0630206
196.626 24.8594 0.0632675
196.701 24.937 0.0602096
196.672 24.8774 0.0633007
196.686 24.9456 0.0620047
196.663 24.9138 0.0601644
196.638 24.8672 0.0608945
196.758 24.8347 0.0617289
196.681 24.9136 0.0597033
196.812 24.9264 0.0643254
196.813 25.0048 0.0603522
196.598 25.006 0.060508
196.703 24.9049 0.0607848
196.683 24.9356 0.0650076
196.673 24.9345 0.063763
196.685 24.9305 0.0647697
196.752 24.9614 0.0596157
196.777 25.0224 0.0604217
196.693 24.99 0.0635291
196.745 24.903 0.0632352
196.645 24.9117 0.0633823
196.753 25.0022 0.0682212
196.753 24.9858 0.0639035
196.614 24.8838 0.0627502
196.791 24.9265 0.0611061
196.685 24.9972 0.055417
196.717 24.954 0.0626207
196.706 24.9736 0.0636276
196.65 24.9385 0.05966
196.642 24.9537 0.0593814
196.587 24.9026 0.0639735
196.688 24.9065 0.0655297
196.711 24.9315 0.0604024
196.739 24.8549 0.0620918
196.69 24.9499 0.0621662
196.695 25.0543 0.062531
196.658 24.8783 0.0637438
196.824 25.0516 0.0596427
196.669 24.9092 0.0619284
196.669 24.9464 0.0628419
196.806 24.9421 0.0596435
196.776 24.9845 0.0629459
196.743 24.9312 0.0624673
196.71 24.9018 0.0629335
196.744 24.9358 0.0645885
196.689 24.9234 0.0585652
196.729 24.9353 0.0634183
196.642 24.9412 0.0604085
196.767 24.928 0.0602673
196.749 25.0004 0.0617557
196.839 25.0317 0.0622176
196.621 24.9008 0.0630929
196.687 24.9521 0.0627704
196.721 24.9334 0.06015
196.718 24.8882 0.0595756
196.685 24.9327 0.0632845
196.732 24.9552 0.0654718
196.727 24.88 0.0632862
196.711 25.0003 0.0620376
196.581 24.9758 0.0624634
196.766 24.9079 0.0639295
196.79 24.8717 0.0612375
196.756 24.8664 0.0611684
196.801 24.9526 0.0613115
196.748 24.8903 0.0646137
196.753 24.9694 0.0594538
196.679 24.9388 0.064148
196.688 24.9451 0.0597393
196.658 24.8613 0.0602897
196.655 24.9276 0.0609068
196.75 24.9954 0.0625907
196.661 24.9007 0.064719
196.692 24.8873 0.0629873
196.739 24.998 0.0588825
196.733 24.9792 0.0607023
196.654 24.9773 0.0610068
196.668 24.8908 0.0599264
196.671 24.9799 0.0626201
196.773 24.9529 0.061579
196.748 24.9286 0.0637376
193.84 29.1879 0.0808352
