252.458 -19.7188 3.09829
252.526 -19.6482 3.10282
252.521 -19.6957 3.10012
252.501 -19.6882 3.0964
252.437 -19.8017 3.09753
252.734 -19.7132 3.10503
252.534 -19.7621 3.09969
252.516 -19.7813 3.10499
252.594 -19.7507 3.10343
252.59 -19.7405 3.10244
252.59 -19.7438 3.10227
252.635 -19.8933 3.10132
252.54 -19.7064 3.09784
252.468 -19.7588 3.10001
252.58 -19.6948 3.10002
252.611 -19.7302 3.10016
252.584 -19.7241 3.10045
252.611 -19.7607 3.10217
252.65 -19.7303 3.10285
252.57 -19.7932 3.09909
252.615 -19.7074 3.10034
252.568 -19.712 3.10393
252.657 -19.7056 3.10281
252.454 -19.7205 3.09834
252.679 -19.6939 3.10124
252.531 -19.6475 3.10269
252.573 -19.7871 3.1056
252.602 -19.7605 3.10005
252.535 -19.7595 3.09737
252.566 -19.7531 3.10284
252.697 -19.7399 3.10231
252.578 -19.8242 3.10162
252.477 -19.7627 3.09994
252.491 -19.6992 3.09716
252.565 -19.7608 3.09972
252.544 -19.7553 3.10237
252.579 -19.6918 3.09988
252.542 -19.7195 3.10172
252.665 -19.788 3.10264
252.541 -19.7699 3.10147
252.606 -19.7378 3.1036
252.604 -19.7459 3.10137
252.547 -19.6879 3.0978
252.602 -19.818 3.0996
252.596 -19.7147 3.10086
252.585 -19.7646 3.10067
252.594 -19.726 3.10036
252.658 -19.7329 3.10066
252.532 -19.6449 3.10261
252.56 -19.7178 3.10173
252.6 -19.7619 3.10011
252.579 -19.7986 3.10005
252.555 -19.672 3.09715
252.566 -19.8433 3.10172
252.51 -19.8185 3.09951
252.563 -19.8473 3.10245
252.532 -19.7049 3.09777
252.563 -19.817 3.10351
252.568 -19.7551 3.09747
252.505 -19.806 3.10566
252.706 -19.8169 3.1061
252.65 -19.7562 3.10176
252.625 -19.7061 3.1002
252.54 -19.7397 3.09938
252.638 -19.816 3.10082
252.609 -19.7126 3.10083
252.575 -19.9351 3.1028
252.53 -19.6498 3.10265
252.523 -19.6962 3.10007
252.605 -19.7774 3.10341
252.709 -19.8705 3.10225
252.531 -19.76 3.0996
252.521 -19.8123 3.10191
252.455 -19.7256 3.10393
252.593 -19.7224 3.10104
252.458 -19.7176 3.09798
252.557 -19.7296 3.10281
252.486 -19.6976 3.09738
252.521 -19.8007 3.10086
252.595 -19.8936 3.10102
252.578 -19.8258 3.10171
252.555 -19.7802 3.10119
252.564 -19.7265 3.10549
252.522 -19.818 3.10044
252.486 -19.8206 3.09736
252.748 -19.7562 3.1024
252.617 -19.7181 3.09956
252.598 -19.8237 3.09958
252.594 -19.7234 3.10025
252.61 -19.8059 3.10447
252.528 -19.6478 3.10259
252.574 -19.7871 3.10549
252.523 -19.693 3.09998
252.66 -19.6709 3.10024
252.56 -19.6987 3.09929
252.438 -19.7996 3.09739
252.493 -19.7249 3.09985
252.554 -19.6692 3.09727
252.524 -19.7827 3.10337
252.483 -19.8238 3.10141
252.534 -19.757 3.0994
252.474 -19.8164 3.0998
252.526 -19.7536 3.09919
252.583 -19.7661 3.10236
252.536 -19.7863 3.09799
252.539 -19.7974 3.09969
252.635 -19.7822 3.10027
252.653 -19.7276 3.10272
252.47 -19.8376 3.09986
252.469 -19.8436 3.10002
252.618 -19.7082 3.10022
252.684 -19.7584 3.10514
252.597 -19.7139 3.10064
252.653 -19.7426 3.09977
252.659 -19.7072 3.10295
252.534 -19.7521 3.10254
252.529 -19.6495 3.10263
252.531 -19.6494 3.10262
252.503 -19.687 3.09647
252.44 -19.8097 3.09733
252.577 -19.8737 3.09861
252.535 -19.7619 3.09952
252.588 -19.7335 3.10174
252.56 -19.67 3.09737
252.52 -19.8108 3.10185
252.608 -19.803 3.09999
252.591 -19.7422 3.10229
252.588 -19.745 3.10229
252.546 -19.7766 3.09918
252.552 -19.7336 3.10284
252.546 -19.7574 3.10221
252.579 -19.6984 3.09994
252.606 -19.7595 3.10218
252.481 -19.7477 3.09871
252.528 -19.733 3.10048
252.547 -19.7263 3.09856
252.553 -19.7611 3.09938
252.617 -19.7026 3.10035
252.565 -19.7074 3.10383
252.611 -19.7116 3.10213
252.605 -19.8055 3.10185
252.615 -19.7875 3.09972
252.526 -19.6442 3.10271
252.527 -19.648 3.10272
252.564 -19.7231 3.1017
252.523 -19.6922 3.10017
252.487 -19.8091 3.1011
252.497 -19.7261 3.09994
252.52 -19.8106 3.10178
252.578 -19.8071 3.10163
252.592 -19.7363 3.10248
252.594 -19.7234 3.10105
252.467 -19.7175 3.09797
252.659 -19.8268 3.10374
252.535 -19.7059 3.09782
252.472 -19.7588 3.09982
252.534 -19.7347 3.10146
252.58 -19.6949 3.10031
252.571 -19.7523 3.09736
252.555 -19.8003 3.10016
252.549 -19.7972 3.1
252.537 -19.7776 3.10147
252.545 -19.7248 3.09867
252.552 -19.7233 3.09842
252.603 -19.7417 3.10334
252.554 -19.6993 3.09784
252.57 -19.7966 3.10136
252.565 -19.7159 3.10377
252.56 -19.7131 3.10396
252.651 -19.7665 3.10089
252.579 -19.808 3.10145
252.596 -19.7729 3.10167
252.546 -19.7478 3.10253
252.528 -19.6455 3.10278
252.525 -19.651 3.10263
252.561 -19.7152 3.10163
252.657 -19.6748 3.10041
252.51 -19.8131 3.10146
252.535 -19.7615 3.09728
252.656 -19.7606 3.10112
252.507 -19.7158 3.1014
252.588 -19.7408 3.1025
252.59 -19.7205 3.10108
252.473 -19.7599 3.10014
252.49 -19.6963 3.09737
252.539 -19.8275 3.10001
252.542 -19.8511 3.10073
252.586 -19.7248 3.10051
252.546 -19.8399 3.10144
252.513 -19.7649 3.10149
252.584 -19.8393 3.10286
252.536 -19.7315 3.09934
252.558 -19.7547 3.10198
252.614 -19.7159 3.10189
252.526 -19.6984 3.09552
252.458 -19.7188 3.09843
252.448 -19.8242 3.10196
252.527 -19.6499 3.10281
252.654 -19.6737 3.10018
252.607 -19.7746 3.10337
252.736 -19.7098 3.10495
252.556 -19.6749 3.09722
252.632 -19.7539 3.10197
252.627 -19.754 3.10118
252.578 -19.8271 3.10156
252.551 -19.7261 3.10297
252.541 -19.7344 3.10158
252.585 -19.7168 3.1007
252.53 -19.8151 3.10444
252.512 -19.7649 3.1015
252.701 -19.812 3.10622
252.604 -19.7487 3.10113
252.541 -19.733 3.09953
252.561 -19.8734 3.09943
252.642 -19.7452 3.0996
252.614 -19.7148 3.10134
252.589 -19.7236 3.10019
252.645 -19.816 3.10293
252.639 -19.8242 3.10292
252.458 -19.7192 3.09829
252.542 -19.8576 3.10194
252.525 -19.6456 3.10266
252.525 -19.6491 3.10253
252.652 -19.6715 3.10031
252.501 -19.8185 3.10123
252.516 -19.7788 3.10496
252.503 -19.7171 3.10125
252.449 -19.7269 3.10386
252.514 -19.7557 3.10262
252.49 -19.7002 3.09716
252.537 -19.7315 3.10142
252.54 -19.7146 3.10164
252.569 -19.7544 3.0974
252.51 -19.7879 3.10118
252.538 -19.7265 3.10058
252.525 -19.7822 3.10091
252.549 -19.6993 3.09774
252.597 -19.7146 3.10076
252.657 -19.7042 3.10272
252.548 -19.752 3.1027
252.533 -19.6486 3.10264
252.53 -19.6492 3.103
252.56 -19.7216 3.10175
252.557 -19.7005 3.09922
252.736 -19.7079 3.10478
252.579 -19.8001 3.10314
252.503 -19.7288 3.09964
252.583 -19.7357 3.10177
252.502 -19.7684 3.09965
252.576 -19.8037 3.1019
252.588 -19.7398 3.10236
252.605 -19.8648 3.10373
252.54 -19.7308 3.10161
252.581 -19.761 3.10236
252.582 -19.7293 3.10042
252.535 -19.82 3.10188
252.48 -19.7478 3.09869
252.503 -19.7609 3.10119
252.724 -19.7528 3.10349
252.528 -19.889 3.10168
252.614 -19.7054 3.10038
252.552 -19.7555 3.10174
252.653 -19.71 3.10288
252.596 -19.7768 3.10162
252.592 -19.7733 3.10169
252.641 -19.8239 3.10291
252.458 -19.7186 3.09832
252.614 -19.8618 3.10362
252.563 -19.7189 3.10187
252.653 -19.671 3.10028
252.605 -19.7636 3.09939
252.569 -19.8219 3.10204
252.584 -19.7371 3.10178
252.503 -19.7714 3.09959
252.642 -19.7546 3.10244
252.634 -19.7515 3.10191
252.582 -19.8299 3.10184
252.505 -19.7583 3.10273
252.526 -19.7527 3.09896
252.54 -19.7152 3.10172
252.532 -19.8353 3.1018
252.503 -19.7907 3.1008
252.6 -19.7607 3.10215
252.483 -19.7478 3.09847
252.588 -19.8443 3.1012
252.653 -19.7293 3.10275
252.527 -19.8516 3.10171
252.548 -19.6881 3.09775
252.459 -19.7548 3.09961
252.569 -19.7026 3.10387
252.605 -19.7121 3.10179
252.658 -19.7048 3.10282
252.606 -19.7085 3.10091
252.683 -19.7027 3.10139
252.53 -19.6494 3.10267
252.529 -19.6465 3.10273
252.552 -19.6935 3.09914
252.508 -19.694 3.09634
252.498 -19.7289 3.09982
252.536 -19.7604 3.09965
252.566 -19.8456 3.10193
252.506 -19.8102 3.09957
252.506 -19.8402 3.10047
252.541 -19.7625 3.09956
252.556 -19.7927 3.09855
252.534 -19.702 3.09778
252.486 -19.6994 3.09728
252.54 -19.7353 3.10143
252.582 -19.7273 3.10044
252.51 -19.7408 3.09983
252.536 -19.7694 3.10146
252.6 -19.7812 3.10192
252.565 -19.7946 3.1014
252.612 -19.7172 3.10189
252.664 -19.706 3.10262
252.452 -19.7936 3.09551
252.526 -19.6436 3.10267
252.526 -19.6913 3.10005
252.447 -19.8089 3.09735
252.574 -19.8008 3.10334
252.503 -19.7611 3.09964
252.554 -19.7685 3.0992
252.636 -19.7483 3.10186
252.589 -19.7221 3.10105
252.536 -19.707 3.09791
252.554 -19.7294 3.10283
252.486 -19.6916 3.09718
252.486 -19.6911 3.09716
252.567 -19.7607 3.09974
252.553 -19.775 3.10156
252.574 -19.831 3.10156
252.582 -19.72 3.10043
252.507 -19.7598 3.10109
252.507 -19.759 3.10116
252.466 -19.7934 3.09934
252.704 -19.8183 3.1062
252.615 -19.7181 3.09942
252.663 -19.827 3.10531
252.562 -19.7078 3.10396
252.607 -19.7153 3.10184
252.623 -19.7958 3.1002
252.53 -19.6469 3.10279
252.566 -19.729 3.10186
252.611 -19.7767 3.10332
252.539 -19.7266 3.10206
252.606 -19.8189 3.10009
252.587 -19.7357 3.10193
252.569 -19.8051 3.10158
252.494 -19.8441 3.09995
252.545 -19.8087 3.10028
252.619 -19.8145 3.1026
252.567 -19.7881 3.09862
252.551 -19.7285 3.10301
252.65 -19.7755 3.10129
252.653 -19.799 3.10325
252.648 -19.7996 3.10008
252.612 -19.8058 3.10014
252.63 -19.7586 3.09911
252.537 -19.741 3.09949
252.532 -19.7389 3.09949
252.486 -19.8394 3.09866
252.533 -19.7344 3.1028
252.609 -19.7143 3.10173
252.597 -19.7203 3.10034
252.557 -19.766 3.10225
252.682 -19.6999 3.10119
252.527 -19.6468 3.10272
252.519 -19.7011 3.1002
252.516 -19.6959 3.10031
252.596 -19.7618 3.10011
252.503 -19.687 3.09655
252.495 -19.7327 3.0999
252.54 -19.7598 3.09969
252.506 -19.7096 3.10144
252.592 -19.7411 3.10225
252.593 -19.7247 3.10088
252.474 -19.8156 3.0999
252.678 -19.8186 3.10414
252.467 -19.7608 3.09989
252.485 -19.6963 3.09723
252.482 -19.6972 3.0972
252.582 -19.6958 3.10012
252.583 -19.7227 3.10051
252.464 -19.8332 3.10323
252.531 -19.8 3.09983
252.555 -19.7213 3.10578
252.537 -19.7296 3.10039
252.526 -19.781 3.10092
252.606 -19.7359 3.10343
252.609 -19.7387 3.10118
252.551 -19.6996 3.0977
252.628 -19.7691 3.09919
252.689 -19.7556 3.10492
252.597 -19.717 3.1007
252.566 -19.713 3.10395
252.599 -19.7713 3.10164
252.551 -19.8273 3.10137
252.575 -19.792 3.10176
252.687 -19.6985 3.1014
252.557 -19.7889 3.09972
252.473 -19.8188 3.10295
252.529 -19.6468 3.10255
252.528 -19.6529 3.10244
252.491 -19.8184 3.09673
252.527 -19.6963 3.10007
252.534 -19.8169 3.10104
252.615 -19.8204 3.10146
252.498 -19.7316 3.09987
252.586 -19.7933 3.09996
252.507 -19.7157 3.10123
252.685 -19.7951 3.10424
252.541 -19.7601 3.0994
252.589 -19.7241 3.10106
252.537 -19.7066 3.0979
252.523 -19.8028 3.10076
252.573 -19.7872 3.10089
252.58 -19.7269 3.10049
252.556 -19.783 3.1011
252.564 -19.7252 3.10572
252.53 -19.731 3.10049
252.53 -19.7273 3.10039
252.576 -19.8492 3.10104
252.604 -19.7401 3.10331
252.552 -19.6974 3.09789
252.615 -19.7034 3.10028
252.464 -19.7506 3.09946
252.534 -19.694 3.09561
252.595 -19.7731 3.10183
252.539 -19.7499 3.10247
252.527 -19.6391 3.10263
252.528 -19.6464 3.10276
252.527 -19.6963 3.10011
252.615 -19.7839 3.09909
252.499 -19.7276 3.0997
252.566 -19.756 3.10295
252.552 -19.7331 3.09879
252.621 -19.8258 3.104
252.464 -19.7233 3.09787
252.607 -19.9032 3.1007
252.556 -19.7795 3.10149
252.572 -19.756 3.09739
252.475 -19.8317 3.10003
252.529 -19.7322 3.10067
252.554 -19.8373 3.10066
252.552 -19.6952 3.09776
252.46 -19.7454 3.09951
252.612 -19.7179 3.10202
252.592 -19.7275 3.10033
252.609 -19.7095 3.10098
252.527 -19.643 3.10242
252.559 -19.6983 3.09909
252.502 -19.6901 3.09653
252.437 -19.8049 3.09733
252.61 -19.8237 3.10144
252.555 -19.6691 3.09737
252.558 -19.666 3.09744
252.655 -19.7593 3.10134
252.59 -19.7427 3.10235
252.544 -19.7561 3.09511
252.512 -19.7553 3.10276
252.555 -19.7277 3.10288
252.569 -19.8108 3.10353
252.577 -19.7949 3.10096
252.557 -19.7819 3.10089
252.537 -19.78 3.10134
252.557 -19.837 3.10067
252.607 -19.7335 3.10355
252.6 -19.7729 3.10252
252.687 -19.7582 3.1052
252.617 -19.7148 3.10117
252.465 -19.7209 3.09822
252.456 -19.7211 3.09817
252.563 -19.7679 3.10231
252.531 -19.6482 3.10269
252.479 -19.8036 3.10048
252.541 -19.7254 3.10225
252.513 -19.8045 3.09963
252.593 -19.7542 3.10347
252.588 -19.7429 3.1025
252.622 -19.7443 3.10314
252.555 -19.7796 3.10159
252.578 -19.691 3.10023
252.603 -19.7606 3.10214
252.528 -19.7289 3.10059
252.534 -19.7341 3.10052
252.536 -19.7765 3.10142
252.539 -19.7721 3.10156
252.599 -19.771 3.10229
252.681 -19.768 3.10505
252.586 -19.7608 3.10045
252.604 -19.8171 3.10127
252.526 -19.6971 3.09559
252.591 -19.7194 3.1003
252.612 -19.8288 3.10057
252.458 -19.7196 3.09826
252.558 -19.7828 3.09978
252.427 -19.8098 3.10236
252.517 -19.6996 3.1001
252.517 -19.7046 3.10001
253.982 -21.0907 3.07172
