-33.1503 -23.4301 1.14011
-33.2017 -23.4582 1.14053
-33.1584 -23.5284 1.14509
-33.076 -23.4047 1.1458
-33.1349 -23.3747 1.14128
-33.154 -23.4107 1.14188
-33.1073 -23.4934 1.14316
-33.1911 -23.4318 1.1437
-33.0125 -23.3836 1.13894
-33.028 -23.5345 1.14073
-33.0897 -23.4433 1.14163
-33.106 -23.3314 1.14282
-33.0445 -23.4183 1.14272
-33.0351 -23.3809 1.13954
-33.0674 -23.4886 1.14437
-33.0903 -23.4895 1.14468
-33.0529 -23.4257 1.14151
-33.0655 -23.4553 1.14257
-33.0972 -23.3519 1.14151
-33.0461 -23.3674 1.14229
-33.1034 -23.4674 1.13891
-33.1074 -23.3483 1.14241
-32.9888 -23.3927 1.13737
-33.0976 -23.47 1.14129
-33.0005 -23.478 1.14277
-33.2085 -23.4492 1.14259
-33.1024 -23.4565 1.13984
-32.9408 -23.3453 1.13733
-32.9978 -23.3445 1.1376
-33.1374 -23.4721 1.14434
-33.1314 -23.3801 1.14222
-32.9481 -23.3202 1.13626
-32.973 -23.4805 1.13858
-33.0544 -23.4817 1.14216
-33.0648 -23.4686 1.14457
-33.1208 -23.4453 1.14355
-32.9972 -23.4826 1.14382
-33.0818 -23.5158 1.14317
-33.0943 -23.4624 1.14039
-33.016 -23.4365 1.14138
-32.9855 -23.4556 1.14528
-33.1086 -23.4749 1.14161
-33.0533 -23.4939 1.1407
-33.0529 -23.3796 1.1414
-33.0152 -23.4351 1.14273
-33.0692 -23.4755 1.13478
-32.9922 -23.4569 1.14188
-33.0933 -23.3536 1.1422
-32.9701 -23.4491 1.14157
-33.0496 -23.4316 1.14022
-33.1757 -23.3587 1.14379
-33.1131 -23.4537 1.14456
-33.1593 -23.3518 1.13838
-33.0776 -23.3739 1.14348
-33.1368 -23.3363 1.13848
-32.975 -23.3916 1.14057
-33.1359 -23.3962 1.14523
-33.0929 -23.4368 1.14073
-33.0192 -23.43 1.14338
-33.0538 -23.4287 1.13991
-33.1098 -23.4179 1.13883
-33.0538 -23.3446 1.14482
-33.0134 -23.4806 1.1414
-33.0279 -23.398 1.14228
-33.0849 -23.3326 1.14212
-32.9336 -23.3764 1.13667
-33.12 -23.4732 1.14247
-33.1931 -23.447 1.14156
-33.1223 -23.4287 1.14174
-33.055 -23.2819 1.14285
-33.2316 -23.2706 1.14007
-33.235 -23.3515 1.14197
-33.0759 -23.3522 1.13879
-33.0953 -23.3886 1.14133
-33.1399 -23.2982 1.14219
-33.1198 -23.2888 1.14123
-33.0411 -23.4809 1.14243
-33.0303 -23.463 1.14407
-33 -23.3868 1.13854
-33.0262 -23.3659 1.13841
-33.1457 -23.4203 1.13898
-33.0723 -23.4739 1.13582
-33.2012 -23.5453 1.14133
-33.1275 -23.3478 1.1409
-33.0742 -23.4935 1.14223
-33.1536 -23.4495 1.13909
-33.1714 -23.2826 1.14003
-33.1001 -23.3569 1.14262
-33.0233 -23.4418 1.14207
-33.1155 -23.3559 1.14239
-32.9878 -23.3797 1.13958
-33.0354 -23.4238 1.14085
-33.1324 -23.436 1.1448
-33.1505 -23.496 1.14135
-33.1427 -23.2896 1.14024
-33.1027 -23.3988 1.13895
-33.1399 -23.334 1.13784
-33.1295 -23.3654 1.14108
-33.1132 -23.5051 1.13978
-33.1625 -23.3413 1.13957
-33.0561 -23.4578 1.14502
-33.1341 -23.4329 1.14277
-33.0094 -23.3923 1.14212
-33.0997 -23.3816 1.1437
-32.9997 -23.3953 1.14243
-33.0389 -23.4499 1.14007
-33.0541 -23.459 1.14093
-33.1115 -23.4075 1.14181
-33.0964 -23.4991 1.1426
-33.167 -23.421 1.14336
-33.1983 -23.4303 1.14359
-33.0262 -23.4537 1.14234
-33.0803 -23.4604 1.14362
-33.133 -23.481 1.14069
-33.0926 -23.3713 1.14249
-33.1164 -23.3706 1.14044
-33.1107 -23.4867 1.14342
-33.0617 -23.3388 1.14418
-33.1417 -23.3548 1.1408
-33.0576 -23.4777 1.14168
-33.0374 -23.5075 1.14285
-32.9784 -23.4027 1.14035
-32.9626 -23.3011 1.13992
-33.1 -23.3869 1.14192
-33.0708 -23.4576 1.14294
-32.9975 -23.4325 1.14358
-32.9957 -23.3162 1.13879
-32.9508 -23.4806 1.14038
-32.9882 -23.4606 1.1414
-33.1816 -23.4581 1.13975
-33.1171 -23.4253 1.13781
-33.0626 -23.3481 1.1399
-33.1424 -23.4052 1.14315
-32.9951 -23.4214 1.13644
-33.1824 -23.5253 1.14385
-33.1165 -23.3926 1.14102
-33.2211 -23.5087 1.14332
-33.0014 -23.3886 1.14003
-33.0829 -23.4847 1.13975
-33.122 -23.3273 1.1404
-33.126 -23.4555 1.14289
-33.0902 -23.3909 1.14142
-33.0548 -23.3781 1.13775
-33.1319 -23.2114 1.14044
-32.9759 -23.4502 1.13859
-33.1326 -23.3856 1.14197
-33.0194 -23.4341 1.14236
-33.1773 -23.5 1.14305
-33.1043 -23.4323 1.13976
-33.0936 -23.3681 1.13664
-33.0773 -23.5249 1.14423
-33.0834 -23.4638 1.14203
-33.0813 -23.336 1.14332
-33.1265 -23.3291 1.14049
-33.0813 -23.4751 1.14083
-32.9866 -23.3578 1.13952
-33.1128 -23.3535 1.14333
-33.1207 -23.3592 1.13921
-33.1094 -23.3701 1.14289
-32.9637 -23.4632 1.1397
-33.1145 -23.4226 1.14003
-33.0108 -23.4923 1.14433
-33.0457 -23.5049 1.14272
-33.1292 -23.3267 1.14204
-32.9926 -23.4111 1.13965
-32.9842 -23.3909 1.13945
-33.1873 -23.4586 1.14611
-33.1364 -23.5653 1.13994
-33.0173 -23.3948 1.14094
-33.0374 -23.4009 1.13989
-33.0302 -23.4153 1.14207
-32.9342 -23.375 1.13781
-33.1669 -23.4132 1.1439
-33.0764 -23.4121 1.14118
-33.013 -23.4924 1.14093
-33.0305 -23.4212 1.14162
-33.0714 -23.4552 1.14473
-33.0716 -23.3899 1.13852
-33.138 -23.5597 1.14177
-33.1677 -23.4441 1.14509
-33.1563 -23.5118 1.14177
-33.1382 -23.3834 1.13858
-33.0786 -23.3688 1.14289
-33.0418 -23.4385 1.13983
-33.1329 -23.3989 1.14155
-33.0527 -23.3582 1.14037
-33.1369 -23.381 1.14165
-33.1007 -23.3275 1.13697
-33.1208 -23.3083 1.14327
-33.1792 -23.3217 1.13986
-33.0755 -23.418 1.14013
-33.006 -23.4829 1.14165
-33.082 -23.4232 1.14164
-33.1646 -23.4741 1.14376
-33.0826 -23.4117 1.1412
-33.0975 -23.3145 1.14181
-33.0808 -23.4297 1.14177
-33.0658 -23.3771 1.14244
-33.0949 -23.422 1.14182
-33.055 -23.4692 1.13825
-33.06 -23.3085 1.14069
-33.1335 -23.4242 1.14416
-33.0514 -23.3894 1.14245
-33.1502 -23.3346 1.14399
-33.0419 -23.4496 1.14532
-33.1002 -23.302 1.14161
-33.1659 -23.3394 1.14228
-33.0286 -23.3855 1.14094
-33.1285 -23.4256 1.14145
-33.0673 -23.4387 1.13891
-33.0122 -23.3866 1.1425
-33.0102 -23.4261 1.14328
-33.1185 -23.4666 1.14252
-33.0873 -23.3382 1.13798
-33.0838 -23.3419 1.14287
-33.205 -23.451 1.14094
-33.1391 -23.3337 1.13977
-32.9682 -23.4546 1.14079
-33.1406 -23.4909 1.14273
-33.1256 -23.3914 1.13807
-33.0512 -23.3638 1.14579
-33.1101 -23.3616 1.14203
-33.1164 -23.4135 1.14552
-33.1638 -23.5276 1.14419
-33.0902 -23.5283 1.14525
-33.1572 -23.3246 1.1398
-32.9943 -23.4154 1.1392
-33.0499 -23.5256 1.1424
-33.1186 -23.4463 1.14188
-33.126 -23.3862 1.14005
-33.1244 -23.3689 1.14257
-33.1933 -23.4631 1.14281
-33.0786 -23.3578 1.13795
-33.0241 -23.4443 1.13813
-32.974 -23.4517 1.13957
-33.0134 -23.4529 1.14376
-33.0199 -23.379 1.1428
-33.0069 -23.4264 1.14119
-33.0788 -23.4248 1.14377
-33.0331 -23.4408 1.14118
-33.0513 -23.428 1.13792
-33.0702 -23.2874 1.14085
-33.0443 -23.2581 1.14132
-33.0171 -23.4577 1.14133
-33.1209 -23.5164 1.14513
-33.0406 -23.4509 1.14144
-33.1866 -23.4561 1.1422
-33.0711 -23.44 1.14436
-33.0873 -23.4633 1.14287
-33.0685 -23.3725 1.13974
-33.0747 -23.3973 1.14067
-33.1473 -23.4244 1.13984
-33.1647 -23.3415 1.14285
-32.9945 -23.5395 1.14343
-33.0704 -23.4108 1.14362
-32.9925 -23.3384 1.13943
-32.976 -23.3803 1.13919
-33.124 -23.5559 1.1458
-33.0886 -23.4806 1.14175
-32.9708 -23.4966 1.13961
-33.0073 -23.4461 1.14079
-33.1243 -23.5056 1.1457
-33.1278 -23.511 1.1445
-33.045 -23.402 1.13949
-33.1057 -23.3081 1.14531
-33.1372 -23.4602 1.1455
-33.1143 -23.4109 1.14183
-33.0706 -23.4483 1.1419
-33.0665 -23.4088 1.13893
-33.1019 -23.3902 1.14254
-32.9563 -23.4439 1.14097
-33.0889 -23.5438 1.14381
-33.0902 -23.3154 1.14094
-33.0638 -23.4695 1.14117
-33.1088 -23.4186 1.14376
-33.0347 -23.3578 1.13811
-33.0626 -23.2911 1.1396
-33.1239 -23.309 1.13881
-33.0409 -23.4753 1.13675
-33.0884 -23.2112 1.14089
-33.0855 -23.4436 1.14378
-33.1205 -23.4603 1.13896
-33.0804 -23.4275 1.14161
-33.0203 -23.4139 1.14466
-33.0015 -23.4346 1.14441
-33.1204 -23.3955 1.14125
-33.0924 -23.5226 1.13973
-33.1151 -23.3763 1.13911
-33.076 -23.4801 1.14041
-33.0897 -23.4939 1.14085
-33.099 -23.3607 1.14192
-33.0267 -23.4758 1.14028
-33.0737 -23.4682 1.14455
-33.1048 -23.468 1.14356
-33.007 -23.4138 1.13823
-33.0144 -23.3576 1.14014
-33.1104 -23.5042 1.14517
-32.9677 -23.357 1.13714
-33.0827 -23.5197 1.14191
-33.0669 -23.3463 1.14017
-33.0432 -23.4259 1.14161
-33.0377 -23.4404 1.14089
-32.9584 -23.3689 1.13993
-32.9987 -23.3871 1.13867
-33.1777 -23.3885 1.14436
-33.0932 -23.4474 1.14302
-33.1176 -23.445 1.14526
-33.1193 -23.2596 1.13921
-32.9894 -23.4855 1.14149
-33.0202 -23.4577 1.14126
-33.0999 -23.5466 1.14535
-33.1545 -23.3698 1.14343
-33.1217 -23.3977 1.14274
-33.1468 -23.4189 1.13954
-33.0927 -23.4515 1.14471
-33.0893 -23.4851 1.14415
-33.1624 -23.477 1.14167
-33.1732 -23.387 1.14113
-33.0542 -23.4017 1.14246
-33.0119 -23.438 1.14226
-33.0613 -23.4358 1.1467
-33.1072 -23.2781 1.14126
-33.0513 -23.4513 1.14113
-32.9682 -23.4543 1.14107
-33.0799 -23.4375 1.14072
-33.05 -23.4032 1.14062
-33.1021 -23.4204 1.14125
-33.0423 -23.3164 1.13832
-33.1149 -23.333 1.14374
-33.0635 -23.437 1.14321
-33.0619 -23.3264 1.14244
-33.1103 -23.2878 1.14007
-33.0205 -23.3906 1.14375
-33.1428 -23.3952 1.14503
-33.0748 -23.3465 1.14339
-33.1667 -23.3297 1.14254
-33.0834 -23.296 1.14019
-33.1669 -23.4017 1.14188
-33.1069 -23.4731 1.14181
-33.1273 -23.4395 1.14197
-33.0744 -23.4539 1.14333
-33.1743 -23.4741 1.14665
-33.0624 -23.436 1.14279
-33.1155 -23.4283 1.14265
-33.0853 -23.4687 1.14073
-33.1978 -23.4053 1.1409
-33.1233 -23.3765 1.14315
-33.0729 -23.3146 1.14113
-32.9357 -23.4003 1.13809
-33.087 -23.4481 1.14505
-33.0928 -23.477 1.14219
-33.092 -23.5335 1.14545
-33.1082 -23.6055 1.14479
-33.0267 -23.4753 1.14272
-33.0768 -23.3395 1.13642
-33.161 -23.4233 1.14224
-33.0814 -23.4598 1.14067
-33.1011 -23.391 1.1431
-33.0512 -23.3339 1.14557
-33.0124 -23.4187 1.13726
-32.9397 -23.4015 1.13751
-33.2056 -23.3176 1.14325
-33.0919 -23.405 1.14139
-33.0976 -23.4781 1.13945
-32.9936 -23.4417 1.14046
-33.1388 -23.4308 1.14672
-33.1522 -23.4779 1.14371
-33.0681 -23.5105 1.13826
-33.1083 -23.3634 1.14125
-33.1572 -23.4322 1.1401
-33.0486 -23.4595 1.13762
-33.1086 -23.4715 1.14533
-33.0691 -23.4547 1.14484
-33.106 -23.3635 1.1434
-33.0113 -23.3836 1.14418
-33.068 -23.4645 1.14143
-33.1587 -23.4686 1.14331
-33.0762 -23.3474 1.14511
-33.0839 -23.3981 1.14188
-33.0944 -23.4416 1.1402
-33.0496 -23.349 1.14055
-33.1166 -23.4312 1.1432
-33.1045 -23.4903 1.14195
-33.0783 -23.5848 1.14329
-33.1328 -23.3727 1.14273
-33.1486 -23.3526 1.14096
-33.1348 -23.4723 1.14188
-33.16 -23.3829 1.14265
-32.9505 -23.3801 1.13947
-33.072 -23.3935 1.14296
-32.9273 -23.401 1.13618
-33.059 -23.3319 1.14213
-33.0398 -23.4475 1.14494
-33.0575 -23.306 1.14009
-33.0794 -23.2711 1.14228
-33.0292 -23.4304 1.14085
-33.2276 -23.5561 1.14109
-33.0513 -23.3952 1.14213
-33.0484 -23.4286 1.14233
-33.087 -23.4926 1.14593
-32.9857 -23.4836 1.14158
-33.1461 -23.3548 1.14205
-33.2068 -23.3592 1.14088
-33.1619 -23.4042 1.14545
-33.098 -23.4057 1.13892
-33.1179 -23.333 1.14221
-33.0955 -23.4462 1.14219
-33.13 -23.3835 1.14468
-33.1082 -23.3552 1.14208
-33.1481 -23.339 1.14015
-32.9915 -23.4118 1.14114
-33.093 -23.4082 1.14024
-33.0667 -23.5424 1.13795
-33.1219 -23.4118 1.13638
-33.1353 -23.3751 1.14149
-33.0762 -23.3927 1.1413
-33.0627 -23.4891 1.13886
-33.1051 -23.431 1.14037
-33.119 -23.3912 1.14066
-33.0116 -23.38 1.142
-33.1035 -23.4423 1.14431
-33.0573 -23.4623 1.14301
-32.9968 -23.4412 1.14124
-33.0393 -23.3989 1.13731
-33.0217 -23.3977 1.14369
-33.1241 -23.4328 1.14427
-33.0282 -23.4042 1.14023
-33.0817 -23.4337 1.14153
-33.16 -23.4559 1.1438
-33.0525 -23.4532 1.14117
-33.1374 -23.4507 1.14503
-33.0686 -23.3909 1.14554
-33.0912 -23.3704 1.14005
-33.0555 -23.4438 1.14325
-33.1228 -23.4009 1.14307
-33.1415 -23.3011 1.14037
-32.9468 -23.4593 1.14024
-33.0755 -23.3553 1.14161
-33.0755 -23.458 1.14414
-32.9804 -23.4075 1.14291
-32.935 -23.3432 1.14024
-33.0527 -23.4833 1.14342
-33.1376 -23.5094 1.14427
-32.9869 -23.3576 1.13902
-32.9828 -23.4147 1.14215
-32.9323 -23.5025 1.14278
-32.9506 -23.4777 1.14128
-32.9645 -23.4504 1.14235
-33.104 -23.3797 1.14214
-33.1279 -23.4825 1.14358
-33.1249 -23.3875 1.14207
-33.0448 -23.4139 1.13984
-33.1688 -23.4711 1.13903
-33.089 -23.4512 1.13931
-33.0098 -23.4353 1.13706
-33.0403 -23.3661 1.14279
-33.1416 -23.4856 1.14249
-33.0812 -23.4128 1.1435
-33.0609 -23.4342 1.13908
-33.1236 -23.4747 1.14272
-33.0577 -23.5052 1.13866
-33.0467 -23.3387 1.1403
-33.0767 -23.3399 1.1392
-33.0756 -23.3538 1.13734
-33.1496 -23.3664 1.14221
-32.9556 -23.3701 1.14449
-33.1313 -23.3475 1.14406
-33.012 -23.465 1.1414
-33.1799 -23.3275 1.13744
-33.1293 -23.4615 1.13737
-33.0407 -23.5069 1.14368
-33.0323 -23.4069 1.14137
-33.1168 -23.4295 1.14126
-33.1174 -23.5314 1.14346
-33.1095 -23.4761 1.13975
-33.0221 -23.3824 1.14143
-33.0576 -23.4355 1.14032
-33.2112 -23.3842 1.14222
-33.1117 -23.4897 1.13931
-33.1969 -23.45 1.14283
-33.0763 -23.4789 1.14478
-33.1066 -23.5006 1.14221
-33.0771 -23.4938 1.1418
-33.0187 -23.4705 1.13931
-33.0186 -23.5084 1.14149
-33.1844 -23.4088 1.14233
-33.1993 -23.4073 1.14381
-33.0321 -23.4184 1.14078
-33.136 -23.4981 1.1404
-33.1396 -23.4178 1.14268
-33.0436 -23.4324 1.1421
-33.053 -23.437 1.14005
-32.9794 -23.5097 1.14248
-33.0779 -23.4444 1.13761
-32.9474 -23.4053 1.14282
-33.0289 -23.4742 1.14206
-32.9857 -23.4664 1.14087
-33.1543 -23.4365 1.14361
-33.0518 -23.4032 1.141
-33.6455 -25.2835 1.15633
