69.662 14.7757 0.113394
69.6995 14.7652 0.110469
69.743 14.7325 0.112359
69.7209 14.7627 0.112095
69.6316 14.6743 0.113265
69.73 14.7429 0.113689
69.7405 14.7076 0.117024
69.7226 14.8134 0.110252
69.6435 14.8379 0.113713
69.612 14.7684 0.114267
69.7455 14.7908 0.1159
69.6832 14.7148 0.115135
69.6674 14.795 0.112991
69.6932 14.8339 0.113974
69.7071 14.7147 0.112086
69.7069 14.7894 0.11464
69.7151 14.7078 0.115921
69.4843 14.7278 0.11461
69.7592 14.7513 0.112351
69.7255 14.8021 0.115068
69.7567 14.7227 0.112551
69.6271 14.7252 0.1116
69.6771 14.7098 0.113092
69.6352 14.7791 0.114671
69.7038 14.6986 0.11339
69.7197 14.7917 0.110777
69.688 14.7544 0.10817
69.688 14.7544 0.10817
69.6781 14.7276 0.111576
69.652 14.8802 0.10963
69.7152 14.7264 0.111412
69.7152 14.7264 0.111412
69.7329 14.7972 0.10871
69.6456 14.8404 0.112872
69.7735 14.7621 0.111113
69.5821 14.8806 0.11272
69.6872 14.7462 0.114901
69.6872 14.7462 0.114901
69.6465 14.764 0.114423
69.5847 14.8392 0.108704
69.6268 14.8808 0.113145
69.6045 14.86 0.115664
69.7708 14.7109 0.114184
69.639 14.8212 0.114559
69.7331 14.778 0.112955
69.6046 14.7535 0.11269
69.7613 14.7349 0.111152
69.6339 14.7985 0.114813
69.6946 14.7465 0.111264
69.7114 14.7789 0.114733
69.7114 14.7789 0.114733
69.6084 14.8992 0.11116
69.5964 14.8367 0.11211
69.503 14.9018 0.114008
69.6399 14.8227 0.110073
69.5929 14.7766 0.112797
69.7045 14.673 0.111634
69.688 14.7585 0.112814
69.6997 14.776 0.112551
69.6189 14.9193 0.112737
69.7202 14.7995 0.1091
69.6364 14.7789 0.113543
69.5775 14.6926 0.11013
69.7569 14.7078 0.112382
69.6206 14.7229 0.112673
69.5828 14.8446 0.113579
69.71 14.6931 0.11176
69.6556 14.8864 0.115473
69.6825 14.7675 0.109267
69.6825 14.7675 0.109267
69.7214 14.78 0.112254
69.7209 14.7627 0.112095
69.7044 14.7748 0.110159
69.6834 14.8119 0.112698
69.6922 14.8414 0.109704
69.7405 14.7076 0.117024
69.6661 14.6964 0.115202
69.6661 14.6964 0.115202
69.7512 14.741 0.112936
69.6033 14.9138 0.111083
69.7483 14.7711 0.10908
69.7455 14.7908 0.1159
69.7761 14.7483 0.111119
69.6828 14.8473 0.112056
69.6832 14.7148 0.115135
69.6832 14.7148 0.115135
69.6367 14.8161 0.112692
69.7071 14.7147 0.112086
69.6924 14.7242 0.113113
69.6924 14.7242 0.113113
69.7151 14.7078 0.115921
69.7211 14.8099 0.11426
69.7672 14.7336 0.111711
69.5571 14.7878 0.114222
69.7402 14.7 0.112251
69.7592 14.7513 0.112351
69.7179 14.7072 0.11518
69.7255 14.8021 0.115068
69.6271 14.7252 0.1116
69.516 14.6594 0.114362
69.7038 14.6986 0.11339
69.6417 14.8245 0.116183
69.6429 14.7827 0.111311
69.713 14.7786 0.114116
69.6781 14.7276 0.111576
69.674 14.7374 0.114033
69.6718 14.7892 0.112615
69.736 14.7931 0.10955
69.7152 14.7264 0.111412
69.7152 14.7264 0.111412
69.5711 14.8143 0.111227
69.7251 14.7402 0.111515
69.7051 14.7319 0.111735
69.7638 14.7227 0.112643
69.7638 14.7227 0.112643
69.6895 14.8414 0.112578
69.7577 14.7408 0.114721
69.6715 14.7965 0.111673
69.6724 14.8688 0.11369
69.6465 14.764 0.114423
69.6142 14.7419 0.112121
69.6142 14.7419 0.112121
69.6365 14.8039 0.111964
69.7048 14.7851 0.108954
69.6045 14.86 0.115664
69.7416 14.7977 0.108661
69.639 14.8212 0.114559
69.7331 14.778 0.112955
69.6339 14.7985 0.114813
69.7667 14.7525 0.113254
69.7707 14.6853 0.113291
69.7707 14.6853 0.113291
69.503 14.9018 0.114008
69.6799 14.7952 0.114432
69.6799 14.7952 0.114432
69.7025 14.6773 0.110238
69.5929 14.7766 0.112797
69.7574 14.7745 0.114659
69.688 14.7585 0.112814
69.6873 14.8131 0.113498
69.6961 14.8135 0.114376
69.6319 14.8718 0.112849
69.6364 14.7789 0.113543
69.6364 14.7789 0.113543
69.7569 14.7078 0.112382
69.7413 14.6906 0.111715
69.6206 14.7229 0.112673
69.5828 14.8446 0.113579
69.7965 14.6849 0.110606
69.71 14.6931 0.11176
69.71 14.6931 0.11176
69.6335 14.8474 0.116334
69.662 14.7757 0.113394
69.743 14.7325 0.112359
69.6651 14.8344 0.114581
69.6839 14.8419 0.113687
69.7751 14.7371 0.11193
69.7405 14.7076 0.117024
69.6661 14.6964 0.115202
69.6033 14.9138 0.111083
69.6379 14.7839 0.110867
69.6232 14.8221 0.110359
69.612 14.7684 0.114267
69.6995 14.8361 0.114116
69.6832 14.7148 0.115135
69.6674 14.795 0.112991
69.7071 14.7147 0.112086
69.7069 14.7894 0.11464
69.7069 14.7894 0.11464
69.7211 14.8099 0.11426
69.7373 14.7818 0.111035
69.7402 14.7 0.112251
69.7179 14.7072 0.11518
69.6993 14.7774 0.110888
69.6771 14.7098 0.113092
69.6352 14.7791 0.114671
69.7155 14.7299 0.108362
69.6417 14.8245 0.116183
69.6429 14.7827 0.111311
69.708 14.8125 0.113615
69.6781 14.7276 0.111576
69.6718 14.7892 0.112615
69.6957 14.8383 0.109616
69.6169 14.8665 0.111039
69.7251 14.7402 0.111515
69.7051 14.7319 0.111735
69.7051 14.7319 0.111735
69.7577 14.7408 0.114721
69.7324 14.758 0.1128
69.7324 14.758 0.1128
69.6715 14.7965 0.111673
69.6142 14.7419 0.112121
69.7364 14.6973 0.113714
69.6298 14.7981 0.115315
69.6298 14.7981 0.115315
69.6404 14.8595 0.11045
69.6033 14.8809 0.11395
69.7177 14.7719 0.113404
69.7177 14.7719 0.113404
69.6946 14.7465 0.111264
69.7114 14.7789 0.114733
69.7815 14.7462 0.109531
69.724 14.8032 0.110282
69.7025 14.6773 0.110238
69.7957 14.7377 0.110766
69.5929 14.7766 0.112797
69.6847 14.8159 0.11421
69.6408 14.7457 0.111548
69.688 14.7585 0.112814
69.6961 14.8135 0.114376
69.6319 14.8718 0.112849
69.5891 14.7003 0.11461
69.6364 14.7789 0.113543
69.7413 14.6906 0.111715
69.6578 14.7787 0.114496
69.5312 14.8201 0.113204
69.7382 14.749 0.111786
69.7155 14.7942 0.109579
69.5605 14.8479 0.108716
69.568 14.8486 0.114864
69.568 14.8486 0.114864
69.7526 14.7349 0.113615
69.6651 14.8344 0.114581
69.6316 14.6743 0.113265
69.7295 14.7 0.113094
69.7295 14.7 0.113094
69.6661 14.6964 0.115202
69.6661 14.6964 0.115202
69.6379 14.7839 0.110867
69.612 14.7684 0.114267
69.6995 14.8361 0.114116
69.6832 14.7148 0.115135
69.6832 14.7148 0.115135
69.7197 14.7846 0.112538
69.6924 14.7242 0.113113
69.6924 14.7242 0.113113
69.5871 14.71 0.11468
69.5871 14.71 0.11468
69.7151 14.7078 0.115921
69.7211 14.8099 0.11426
69.7672 14.7336 0.111711
69.4843 14.7278 0.11461
69.7366 14.6977 0.110351
69.771 14.7631 0.111812
69.6271 14.7252 0.1116
69.6271 14.7252 0.1116
69.6993 14.7774 0.110888
69.6771 14.7098 0.113092
69.516 14.6594 0.114362
69.7038 14.6986 0.11339
69.6417 14.8245 0.116183
69.7152 14.6677 0.110883
69.7152 14.6677 0.110883
69.708 14.8125 0.113615
69.6781 14.7276 0.111576
69.6718 14.7892 0.112615
69.6957 14.8383 0.109616
69.7152 14.7264 0.111412
69.5711 14.8143 0.111227
69.7638 14.7227 0.112643
69.6481 14.7513 0.110544
69.7577 14.7408 0.114721
69.6715 14.7965 0.111673
69.6715 14.7965 0.111673
69.6724 14.8688 0.11369
69.6465 14.764 0.114423
69.5744 14.8048 0.1101
69.6268 14.8808 0.113145
69.6298 14.7981 0.115315
69.639 14.8212 0.114559
69.7331 14.778 0.112955
69.6046 14.7535 0.11269
69.7177 14.7719 0.113404
69.7198 14.7859 0.113615
69.7117 14.7455 0.112357
69.7114 14.7789 0.114733
69.7114 14.7789 0.114733
69.7453 14.6203 0.113951
69.7748 14.6945 0.111075
69.6799 14.7952 0.114432
69.6269 14.8354 0.11565
69.5929 14.7766 0.112797
69.7045 14.673 0.111634
69.6847 14.8159 0.11421
69.6408 14.7457 0.111548
69.688 14.7585 0.112814
69.6873 14.8131 0.113498
69.6961 14.8135 0.114376
69.6319 14.8718 0.112849
69.7202 14.7995 0.1091
69.7569 14.7078 0.112382
69.6206 14.7229 0.112673
69.7115 14.8089 0.113432
69.71 14.6931 0.11176
69.4804 14.8782 0.112766
69.6983 14.8085 0.110879
69.568 14.8486 0.114864
69.7209 14.7627 0.112095
69.6405 14.6813 0.109058
69.7231 14.7706 0.113577
69.6316 14.6743 0.113265
69.73 14.7429 0.113689
69.73 14.7429 0.113689
69.7295 14.7 0.113094
69.7405 14.7076 0.117024
69.6033 14.9138 0.111083
69.742 14.7759 0.10902
69.612 14.7684 0.114267
69.6706 14.8683 0.108745
69.6832 14.7148 0.115135
69.7574 14.7586 0.111832
69.6852 14.7121 0.109992
69.6924 14.7242 0.113113
69.5871 14.71 0.11468
69.7211 14.8099 0.11426
69.4843 14.7278 0.11461
69.4843 14.7278 0.11461
69.7402 14.7 0.112251
69.7592 14.7513 0.112351
69.7567 14.7227 0.112551
69.7638 14.7528 0.110702
69.516 14.6594 0.114362
69.7038 14.6986 0.11339
69.6273 14.8134 0.113637
69.7197 14.7917 0.110777
69.7594 14.7668 0.111549
69.708 14.8125 0.113615
69.713 14.7786 0.114116
69.674 14.7374 0.114033
69.6718 14.7892 0.112615
69.6818 14.7992 0.113435
69.7152 14.7738 0.113401
69.7051 14.7319 0.111735
69.7051 14.7319 0.111735
69.7324 14.758 0.1128
69.6561 14.8353 0.112548
69.6465 14.764 0.114423
69.6284 14.7578 0.110292
69.6045 14.86 0.115664
69.7708 14.7109 0.114184
69.6033 14.8809 0.11395
69.6033 14.8809 0.11395
69.7331 14.778 0.112955
69.6046 14.7535 0.11269
69.7177 14.7719 0.113404
69.6339 14.7985 0.114813
69.6339 14.7985 0.114813
69.7667 14.7525 0.113254
69.8035 14.6746 0.112747
69.7707 14.6853 0.113291
69.724 14.8032 0.110282
69.6799 14.7952 0.114432
69.7384 14.7792 0.1106
69.5929 14.7766 0.112797
69.5929 14.7766 0.112797
69.6562 14.8385 0.107297
69.6873 14.8131 0.113498
69.6997 14.776 0.112551
69.6961 14.8135 0.114376
69.5891 14.7003 0.11461
69.6364 14.7789 0.113543
69.7729 14.7526 0.109268
69.6578 14.7787 0.114496
69.5312 14.8201 0.113204
69.71 14.6931 0.11176
69.5605 14.8479 0.108716
69.7214 14.78 0.112254
69.743 14.7325 0.112359
69.6651 14.8344 0.114581
69.7044 14.7748 0.110159
69.6316 14.6743 0.113265
69.6839 14.8419 0.113687
69.73 14.7429 0.113689
69.6661 14.6964 0.115202
69.7512 14.741 0.112936
69.7216 14.7433 0.112684
69.7216 14.7433 0.112684
69.6435 14.8379 0.113713
69.7455 14.7908 0.1159
69.6832 14.7148 0.115135
69.6674 14.795 0.112991
69.7197 14.7846 0.112538
69.6852 14.7121 0.109992
69.5871 14.71 0.11468
69.7211 14.8099 0.11426
69.5571 14.7878 0.114222
69.4843 14.7278 0.11461
69.4843 14.7278 0.11461
69.7402 14.7 0.112251
69.7402 14.7 0.112251
69.7255 14.8021 0.115068
69.6271 14.7252 0.1116
69.516 14.6594 0.114362
69.516 14.6594 0.114362
69.516 14.6594 0.114362
69.516 14.6594 0.114362
69.6352 14.7791 0.114671
69.6273 14.8134 0.113637
69.6417 14.8245 0.116183
69.7594 14.7668 0.111549
69.6781 14.7276 0.111576
69.7519 14.7172 0.112891
69.6818 14.7992 0.113435
69.7445 14.6504 0.113452
69.5711 14.8143 0.111227
69.6967 14.835 0.114456
69.7577 14.7408 0.114721
69.6872 14.7462 0.114901
69.6751 14.8308 0.111768
69.6142 14.7419 0.112121
69.5744 14.8048 0.1101
69.7048 14.7851 0.108954
69.6298 14.7981 0.115315
69.6033 14.8809 0.11395
69.7198 14.7859 0.113615
69.7198 14.7859 0.113615
69.6339 14.7985 0.114813
69.6339 14.7985 0.114813
69.6249 14.7167 0.107909
69.7114 14.7789 0.114733
69.7114 14.7789 0.114733
69.7453 14.6203 0.113951
69.5964 14.8367 0.11211
69.6732 14.8051 0.112526
69.6799 14.7952 0.114432
69.6399 14.8227 0.110073
69.6269 14.8354 0.11565
69.6043 14.7122 0.110357
69.7045 14.673 0.111634
69.6408 14.7457 0.111548
69.6873 14.8131 0.113498
69.6961 14.8135 0.114376
69.6319 14.8718 0.112849
69.7861 14.7108 0.112218
69.7202 14.7995 0.1091
69.5775 14.6926 0.11013
69.7413 14.6906 0.111715
69.6578 14.7787 0.114496
69.7382 14.749 0.111786
69.6556 14.8864 0.115473
69.662 14.7757 0.113394
69.5778 14.8903 0.113208
69.7209 14.7627 0.112095
69.6316 14.6743 0.113265
69.6316 14.6743 0.113265
69.7751 14.7371 0.11193
69.7751 14.7371 0.11193
69.73 14.7429 0.113689
69.6661 14.6964 0.115202
69.6661 14.6964 0.115202
69.7602 14.7685 0.113957
69.612 14.7684 0.114267
69.6758 14.7718 0.112207
69.7411 14.7598 0.112536
69.6674 14.795 0.112991
69.6674 14.795 0.112991
69.6367 14.8161 0.112692
69.7574 14.7586 0.111832
69.6932 14.8339 0.113974
69.7071 14.7147 0.112086
69.6924 14.7242 0.113113
69.5871 14.71 0.11468
69.7151 14.7078 0.115921
69.7672 14.7336 0.111711
69.4843 14.7278 0.11461
69.7402 14.7 0.112251
69.7366 14.6977 0.110351
69.6993 14.7774 0.110888
69.516 14.6594 0.114362
69.6352 14.7791 0.114671
69.6273 14.8134 0.113637
69.7594 14.7668 0.111549
69.713 14.7786 0.114116
69.6718 14.7892 0.112615
69.6466 14.8499 0.111779
69.7152 14.7738 0.113401
69.6456 14.8404 0.112872
69.7735 14.7621 0.111113
69.6872 14.7462 0.114901
69.6465 14.764 0.114423
69.6365 14.8039 0.111964
69.6284 14.7578 0.110292
69.6284 14.7578 0.110292
69.7048 14.7851 0.108954
69.6268 14.8808 0.113145
69.7708 14.7109 0.114184
69.639 14.8212 0.114559
69.7331 14.778 0.112955
69.7177 14.7719 0.113404
69.6946 14.7465 0.111264
69.7114 14.7789 0.114733
69.7453 14.6203 0.113951
69.6084 14.8992 0.11116
69.7815 14.7462 0.109531
69.6731 14.844 0.110367
69.6799 14.7952 0.114432
69.6799 14.7952 0.114432
69.7349 14.7743 0.111975
69.6043 14.7122 0.110357
68.2592 15.638 0.117913
69.7402 14.7902 0.108764
69.7307 14.7906 0.111627
69.7014 14.7722 0.109873
69.6964 14.7552 0.113792
69.7 14.7595 0.113642
69.6869 14.6966 0.11173
69.741 14.7729 0.111229
69.7721 14.7333 0.115732
69.7669 14.7697 0.11292
69.6553 14.7833 0.113127
69.6959 14.7107 0.110439
69.6766 14.7602 0.11313
69.6464 14.6506 0.112025
69.6225 14.7788 0.112473
69.6277 14.7781 0.112332
69.7438 14.7509 0.109588
69.7356 14.7495 0.109545
69.7113 14.7255 0.113658
69.6324 14.7588 0.11122
69.65 14.6973 0.113473
69.7115 14.7564 0.115195
69.7641 14.695 0.112625
69.6794 14.8415 0.113108
69.7411 14.7723 0.108589
69.6913 14.7533 0.115218
69.6575 14.8206 0.109291
69.7161 14.7571 0.113285
69.6461 14.7832 0.111578
69.6995 14.7525 0.109723
69.626 14.7785 0.114946
69.6988 14.761 0.113685
69.684 14.7985 0.110998
69.7111 14.6799 0.110651
69.6369 14.8086 0.114192
69.7109 14.7709 0.112656
69.6507 14.7404 0.113663
69.6379 14.7394 0.113833
69.6152 14.7757 0.111913
69.6931 14.777 0.110942
69.7601 14.7406 0.109373
69.7138 14.7744 0.116878
69.6425 14.7247 0.115094
69.6397 14.8626 0.112268
69.6345 14.8885 0.114771
69.6708 14.8258 0.109392
69.7218 14.7764 0.115115
69.7519 14.7262 0.111676
69.73 14.7478 0.114551
69.7205 14.7494 0.110735
69.5998 14.7533 0.11417
69.56 14.7958 0.11566
69.6918 14.7188 0.111238
69.6162 14.8296 0.111784
69.6171 14.6955 0.110613
69.7247 14.7216 0.114703
69.7056 14.7293 0.112021
69.7118 14.8176 0.109957
69.7123 14.7928 0.112149
69.7286 14.7474 0.113351
69.7111 14.6739 0.113747
69.6996 14.7299 0.110719
69.7108 14.7524 0.108667
69.6719 14.7763 0.110367
69.6773 14.7709 0.110472
69.5693 14.8032 0.116714
69.574 14.8022 0.116608
69.7137 14.7782 0.117282
69.631 14.7182 0.11357
69.7926 14.7206 0.111092
69.7837 14.732 0.106846
69.6416 14.7524 0.116765
69.6402 14.7497 0.116915
69.7604 14.7371 0.113126
69.7562 14.7843 0.109319
69.6141 14.7232 0.110875
69.7483 14.7449 0.110352
69.6846 14.7945 0.113194
69.6356 14.8304 0.112578
69.7653 14.7244 0.111926
69.7627 14.7249 0.111744
69.7241 14.6855 0.109207
69.6491 14.7717 0.114004
69.6456 14.7745 0.113718
69.6455 14.7782 0.113938
69.6576 14.6847 0.108381
69.745 14.66 0.111168
69.6439 14.887 0.111685
69.6529 14.6694 0.112729
69.7365 14.7976 0.112089
69.734 14.793 0.112182
69.7128 14.7838 0.107951
69.7224 14.7374 0.114419
69.7106 14.7502 0.113776
69.766 14.6534 0.111306
69.6849 14.7109 0.111892
69.7066 14.7659 0.109798
69.6925 14.7614 0.113671
69.6913 14.6955 0.111662
69.7565 14.7441 0.114468
69.7699 14.7399 0.115531
69.6729 14.7346 0.11294
69.6634 14.7461 0.110634
69.6791 14.7651 0.113014
69.6469 14.6558 0.111815
69.6328 14.7646 0.112379
69.6708 14.8034 0.112606
69.7065 14.7397 0.112907
69.7055 14.742 0.112916
69.7013 14.7471 0.112923
69.6528 14.695 0.113471
69.7624 14.694 0.112449
69.7726 14.6656 0.111537
69.6943 14.7552 0.115199
69.6885 14.8369 0.11046
69.718 14.7532 0.115606
69.7244 14.7551 0.1155
69.7135 14.7525 0.113139
69.618 14.8123 0.114244
69.7219 14.7292 0.112919
69.6201 14.7826 0.115101
69.6947 14.8345 0.110306
69.6974 14.7851 0.108059
69.6741 14.7436 0.114136
69.6413 14.8062 0.114245
69.629 14.8059 0.114529
69.7426 14.7618 0.109872
69.6638 14.813 0.112372
69.6167 14.7642 0.113559
69.6144 14.7757 0.112001
69.6464 14.8431 0.112977
69.7291 14.7796 0.113583
69.7051 14.7682 0.116935
69.6639 14.806 0.115618
69.6494 14.7322 0.115236
69.6392 14.869 0.112076
69.6325 14.8677 0.112315
69.6329 14.7775 0.109181
69.7162 14.7742 0.115125
69.7005 14.793 0.114089
69.7078 14.7956 0.114062
69.6804 14.7199 0.106739
69.7891 14.7285 0.111403
69.6003 14.7538 0.114016
69.7129 14.8138 0.114321
69.6956 14.7196 0.111143
69.7 14.8152 0.108971
69.6834 14.8187 0.11301
69.7609 14.7294 0.112358
69.719 14.7262 0.115037
69.7334 14.7528 0.113287
69.6985 14.7169 0.11265
69.6933 14.7072 0.112591
69.6967 14.7021 0.112925
69.573 14.8071 0.116669
69.5697 14.8126 0.116762
69.6953 14.7555 0.112267
69.7183 14.7762 0.116975
69.7938 14.7245 0.11431
69.6269 14.7143 0.113685
69.6536 14.8466 0.111021
69.6476 14.7562 0.116987
69.7618 14.739 0.113336
69.6273 14.8702 0.115107
69.7967 14.733 0.111461
69.7103 14.7766 0.117174
69.7081 14.7765 0.116985
69.6803 14.7911 0.113111
69.6862 14.774 0.111718
69.72 14.6859 0.109239
69.6013 14.825 0.111641
69.7209 14.7707 0.111523
69.6042 14.7819 0.112848
69.6011 14.7796 0.112924
69.6729 14.7555 0.110707
69.6382 14.8874 0.109687
69.6561 14.6726 0.112826
69.7161 14.7902 0.11381
69.6569 14.8109 0.113081
69.6923 14.7736 0.114774
69.7145 14.7446 0.113927
69.7091 14.8027 0.112784
69.5967 14.8649 0.109276
69.5887 14.8744 0.109253
69.6832 14.7114 0.111642
69.6807 14.7887 0.113408
69.8006 14.719 0.112602
69.7553 14.7446 0.114471
69.6742 14.7372 0.113013
69.7633 14.7695 0.112711
69.6905 14.7124 0.110605
69.6802 14.768 0.112925
69.6454 14.6528 0.111694
69.7108 14.7608 0.114904
69.7291 14.7424 0.11407
69.7079 14.7252 0.113471
69.7025 14.7359 0.112813
69.6793 14.8454 0.11149
69.7157 14.7539 0.115177
69.7253 14.7871 0.111276
69.6639 14.8395 0.114901
69.7908 14.7181 0.108835
69.7249 14.7511 0.115697
69.7274 14.7542 0.115364
69.7701 14.7253 0.109476
69.7193 14.733 0.113174
69.6195 14.782 0.114988
69.6225 14.7848 0.114951
69.7048 14.7593 0.113706
69.6834 14.8021 0.11086
69.7021 14.8061 0.111688
69.6436 14.7883 0.111279
69.6506 14.7903 0.111364
69.7522 14.7811 0.111872
69.7499 14.719 0.111438
69.6353 14.7403 0.113822
69.6142 14.7748 0.111988
69.6808 14.8396 0.108237
69.7679 14.7424 0.109158
69.728 14.7722 0.113552
69.6639 14.8039 0.115554
69.6485 14.7313 0.115034
69.6914 14.8484 0.111229
69.6636 14.7883 0.112313
69.7464 14.7649 0.113849
69.7171 14.7769 0.11516
69.6911 14.8042 0.10941
69.7268 14.7542 0.114629
69.7216 14.7472 0.11078
69.5631 14.7929 0.115776
69.7049 14.8129 0.108665
69.6131 14.693 0.110493
69.7234 14.7175 0.115101
69.7267 14.7223 0.115123
69.7179 14.6716 0.113882
69.6707 14.7728 0.110428
69.6358 14.8429 0.113189
69.7018 14.7515 0.112315
69.7927 14.7267 0.114452
69.788 14.73 0.106914
69.6511 14.755 0.116708
69.7568 14.7409 0.113388
69.637 14.8712 0.115022
69.7385 14.786 0.112944
69.6746 14.7868 0.112992
69.631 14.8373 0.112627
69.6284 14.8316 0.112885
69.7363 14.7045 0.106533
69.7162 14.7531 0.114605
69.6733 14.783 0.112245
69.7226 14.7651 0.111733
69.694 14.8006 0.109765
69.7279 14.7771 0.111704
69.6538 14.6685 0.112651
69.733 14.7952 0.11202
69.6726 14.7621 0.110371
69.6952 14.7788 0.114737
69.7323 14.7568 0.110361
69.7098 14.8103 0.112606
69.739 14.7921 0.108578
69.6868 14.7087 0.111771
69.6978 14.7615 0.113724
69.6877 14.6906 0.111722
69.6271 14.8996 0.111899
69.7565 14.7399 0.114543
69.7516 14.7433 0.114419
69.7759 14.7335 0.115462
69.6746 14.7387 0.113088
69.6827 14.8272 0.10944
69.6479 14.6523 0.1117
69.6434 14.6539 0.111737
69.7393 14.7671 0.113696
69.6295 14.7739 0.11244
69.7256 14.7462 0.114323
69.7647 14.712 0.110553
69.7291 14.7494 0.114018
69.6543 14.6936 0.113559
69.7059 14.7613 0.115298
69.664 14.8148 0.114799
69.7735 14.6713 0.11153
69.6477 14.7777 0.110135
69.6867 14.7462 0.115276
69.7236 14.7524 0.1156
69.7134 14.7579 0.113221
69.6191 14.8092 0.1141
69.7236 14.728 0.113136
69.6176 14.7831 0.115051
69.704 14.758 0.113551
69.6253 14.8862 0.109981
69.6828 14.7977 0.110848
69.6487 14.7972 0.111326
69.6469 14.788 0.111285
69.7087 14.7765 0.112919
69.7451 14.7167 0.111492
69.7012 14.7367 0.113172
69.6447 14.7457 0.113785
69.7438 14.7411 0.108607
69.7307 14.7757 0.113476
69.6637 14.8022 0.11549
69.6397 14.7332 0.114967
69.7414 14.7709 0.113896
69.8064 14.6928 0.109078
69.717 14.7774 0.115281
69.7069 14.7963 0.113876
69.7264 14.753 0.114572
69.7239 14.7561 0.110843
69.5627 14.7879 0.115712
69.648 14.7843 0.108403
69.6163 14.693 0.110427
69.6872 14.812 0.112924
69.7016 14.7222 0.112228
69.7167 14.8186 0.109901
69.7315 14.7472 0.113609
69.6743 14.7707 0.110438
69.5755 14.8126 0.116756
69.7207 14.8164 0.112775
69.6999 14.7574 0.112321
69.6231 14.7147 0.113734
69.6625 14.7421 0.111162
69.643 14.7563 0.116787
69.7645 14.7412 0.113493
69.7884 14.732 0.111469
69.7153 14.7812 0.117047
69.7334 14.7837 0.113862
69.6283 14.8319 0.11268
69.7355 14.7947 0.109461
69.7383 14.8002 0.109257
69.6706 14.7875 0.112431
69.711 14.6529 0.111591
69.7423 14.6659 0.111038
69.7124 14.8048 0.110056
69.7252 14.772 0.111752
69.6524 14.6711 0.112746
69.5943 14.7516 0.111861
69.7224 14.7682 0.107544
69.716 14.7355 0.114508
69.7568 14.7402 0.112961
69.7242 14.7911 0.113599
69.7199 14.8039 0.112761
69.7391 14.796 0.108412
69.688 14.7131 0.11171
69.7045 14.7702 0.109949
69.6932 14.7607 0.113785
69.6858 14.6934 0.111714
69.6872 14.7 0.11175
69.6645 14.7403 0.109711
69.6891 14.8011 0.108245
69.7721 14.701 0.10904
69.6554 14.7858 0.11317
69.6482 14.6492 0.111541
69.6457 14.6532 0.111688
69.7422 14.7729 0.113499
69.6266 14.7741 0.112337
69.7122 14.7702 0.11479
69.7335 14.8073 0.109432
69.7257 14.7492 0.114209
69.7685 14.7195 0.110716
69.71 14.7181 0.113675
69.7069 14.7424 0.112843
69.7253 14.7504 0.113987
69.6511 14.6929 0.113552
69.7703 14.6941 0.112499
69.6527 14.7813 0.110228
69.6921 14.7479 0.11519
69.722 14.7547 0.11572
69.735 14.7855 0.109619
69.7369 14.7441 0.111378
69.6239 14.7858 0.114973
69.7852 14.6847 0.113242
69.7023 14.8356 0.110212
69.7167 14.6782 0.110797
69.7 14.7875 0.108048
69.6952 14.7842 0.107977
69.6356 14.8092 0.114267
69.777 14.6765 0.109777
69.7028 14.7368 0.113009
69.6128 14.7703 0.113437
69.7409 14.7399 0.108758
69.6416 14.8517 0.113163
69.6432 14.8517 0.112931
69.7094 14.7734 0.116832
69.6685 14.8068 0.115383
69.6646 14.8041 0.115578
69.7233 14.7435 0.112108
69.6409 14.8573 0.112178
69.6395 14.865 0.112288
69.7408 14.7699 0.114089
69.7733 14.7576 0.112136
69.5762 14.7989 0.110113
69.7328 14.7596 0.11456
69.708 14.7775 0.11161
69.5688 14.7975 0.115738
69.5613 14.7911 0.115934
69.7099 14.8147 0.114007
69.696 14.8087 0.108962
69.6098 14.8298 0.111827
69.7267 14.6821 0.109942
69.7264 14.7225 0.114966
69.7192 14.7229 0.114967
69.7335 14.7486 0.113442
69.7129 14.6753 0.113701
69.7037 14.7253 0.11055
69.5772 14.7999 0.11659
69.6898 14.7874 0.110571
69.714 14.7752 0.117087
69.6653 14.742 0.110979
69.6403 14.8266 0.112786
69.6475 14.7544 0.116809
69.762 14.7302 0.113186
69.6825 14.7784 0.111038
69.6326 14.8715 0.114981
69.7084 14.7767 0.117031
69.6732 14.7951 0.112988
69.7311 14.7834 0.114083
69.6877 14.7751 0.111645
69.718 14.7498 0.114649
69.7252 14.8181 0.109441
69.7113 14.6508 0.111513
69.7211 14.76 0.111763
69.7261 14.7649 0.111637
69.7093 14.6446 0.112408
69.6707 14.752 0.110814
69.6576 14.6744 0.112591
69.5962 14.7549 0.111728
69.7288 14.7637 0.107761
69.6923 14.7794 0.114765
69.7256 14.7858 0.113589
69.713 14.7431 0.113914
69.7639 14.6504 0.111399
69.6888 14.7114 0.111755
69.6849 14.7124 0.111786
69.6998 14.7709 0.10981
69.6847 14.6928 0.111516
69.7357 14.7689 0.111304
69.7 14.8056 0.108505
69.6056 14.7821 0.110062
69.7716 14.7418 0.115418
69.6714 14.7355 0.113255
69.6518 14.788 0.113092
69.6775 14.7665 0.113055
69.7407 14.7753 0.113541
69.6311 14.7733 0.112389
69.7339 14.753 0.109271
69.738 14.756 0.109123
69.7101 14.7234 0.113705
69.6224 14.8461 0.108286
69.7774 14.737 0.107722
69.6509 14.6906 0.113454
69.669 14.8199 0.114645
69.6678 14.844 0.115036
69.6701 14.848 0.114942
69.7444 14.7727 0.108621
69.7193 14.7528 0.115754
69.7266 14.7542 0.115473
69.6514 14.8181 0.109426
69.7748 14.7294 0.109803
69.7123 14.8024 0.108607
69.7196 14.7326 0.113055
69.7184 14.729 0.113004
69.6214 14.7861 0.115086
69.6298 14.8879 0.109881
69.683 14.8025 0.11063
69.6442 14.8045 0.114302
69.713 14.7772 0.112667
69.7414 14.7163 0.11142
69.705 14.744 0.113131
69.7204 14.7674 0.111167
69.6147 14.7735 0.111882
69.7478 14.7618 0.108139
69.7348 14.7789 0.11342
69.7063 14.7737 0.116811
69.6677 14.8047 0.115398
69.6419 14.727 0.115069
69.6916 14.8393 0.11145
69.6368 14.8858 0.114865
69.7166 14.7807 0.115233
69.7576 14.7437 0.115061
69.5995 14.7461 0.114032
69.5676 14.7968 0.115706
69.6499 14.7841 0.108573
69.6037 14.8289 0.111876
69.7338 14.6884 0.110035
69.6174 14.6921 0.110251
69.7287 14.7138 0.109673
69.6997 14.7808 0.110824
69.7143 14.788 0.112366
69.7006 14.7234 0.110715
69.6936 14.712 0.112619
69.6936 14.7076 0.112466
69.6963 14.7881 0.110537
69.694 14.7819 0.110694
69.6341 14.8431 0.113172
69.6353 14.8392 0.113273
69.7131 14.8204 0.112611
69.6965 14.755 0.112114
69.6257 14.7154 0.113641
69.6328 14.7207 0.113745
69.6465 14.7515 0.116889
69.6744 14.8161 0.112887
69.7573 14.7391 0.11311
69.7917 15.4701 0.123412
69.6325 14.7548 0.11658
69.6716 14.8661 0.112511
69.6453 14.8902 0.115392
69.6876 14.7116 0.114351
69.683 14.8114 0.115675
69.7658 14.7392 0.114196
69.7081 14.7522 0.115476
69.6266 14.8691 0.115202
69.6314 14.8688 0.115305
69.6034 14.8863 0.113791
69.6947 14.6592 0.109115
69.674 14.7508 0.112389
69.6274 14.7236 0.114877
69.5864 14.7849 0.112433
69.6272 14.7579 0.112041
69.6998 14.7766 0.111964
69.7043 14.7801 0.112112
69.6428 14.6689 0.114068
69.6704 14.7257 0.113983
69.6221 14.8882 0.117376
69.7061 14.6748 0.116484
69.6989 14.8377 0.113651
69.7363 14.7885 0.111696
69.7066 14.8086 0.113985
69.6186 14.8388 0.112341
69.7182 14.7234 0.109752
69.7667 14.7591 0.113789
69.704 14.8075 0.11207
69.5666 14.8329 0.119079
69.6932 14.8062 0.114628
69.5331 14.7544 0.112238
69.7095 14.7286 0.112756
69.6255 14.7455 0.116112
69.7241 14.8042 0.110618
69.6247 14.8035 0.115369
69.6205 14.7981 0.115438
69.5653 14.8769 0.116665
69.6897 14.7709 0.108845
69.6739 14.825 0.113073
69.6253 14.839 0.111989
69.6579 14.8447 0.114154
69.6454 14.6611 0.109932
69.6103 14.8429 0.117629
69.5558 14.7674 0.115128
69.5542 14.7705 0.115035
69.6711 14.7864 0.115304
69.7029 14.8208 0.111065
69.7376 14.755 0.113573
69.6908 14.7349 0.113699
69.6871 14.7374 0.113456
69.7434 14.7436 0.114223
69.7063 14.7703 0.113673
69.7193 14.7095 0.116924
69.6104 14.8504 0.111551
69.685 14.8115 0.111837
69.6207 14.8174 0.115188
69.7549 14.6955 0.11573
69.7549 14.6968 0.115881
69.5768 14.8558 0.114354
69.6578 14.795 0.114995
69.5976 14.8272 0.113272
69.6148 14.7831 0.116436
69.7052 14.6927 0.115813
69.698 14.7731 0.108451
69.7241 14.8017 0.110167
69.7106 14.7173 0.11436
69.7692 14.723 0.114317
69.7366 14.7733 0.114509
69.6448 14.8909 0.11531
69.6469 14.8933 0.115452
69.6864 14.8409 0.106001
69.7021 14.797 0.113231
69.6753 14.7201 0.114956
69.6837 14.8577 0.115494
69.6798 14.8502 0.115708
69.7633 14.7598 0.113585
69.7078 14.8145 0.109108
69.6215 14.8686 0.115094
69.7129 14.7861 0.113743
69.6342 14.877 0.114382
69.6517 14.7137 0.115389
69.6221 14.7286 0.114651
69.6278 14.7252 0.115141
69.6241 14.7294 0.114994
69.5834 14.7839 0.112326
69.6783 14.8119 0.113802
69.6606 14.7658 0.114481
69.6462 14.6672 0.114035
69.6428 14.666 0.113961
69.6975 14.6953 0.115273
69.624 14.8906 0.117404
69.7028 14.6685 0.116411
69.7192 14.7868 0.113472
69.7236 14.7814 0.113367
69.6636 14.8805 0.111802
69.7074 14.7928 0.110338
69.7284 14.7736 0.111289
69.637 14.7723 0.109622
69.73 14.698 0.11632
69.6957 14.8143 0.114903
69.6204 14.8111 0.113481
69.5667 14.8265 0.119261
69.5703 14.8027 0.114049
69.7055 14.7376 0.11276
69.6822 14.7599 0.109921
69.7188 14.7751 0.113009
69.7165 14.7784 0.11116
69.7061 14.8168 0.113737
69.631 14.8241 0.113863
69.733 14.7679 0.116513
69.6528 14.8001 0.11259
69.7381 14.7617 0.112416
69.6089 14.8446 0.117748
69.5629 14.7724 0.115055
69.6773 14.7924 0.115297
69.6711 14.7844 0.115472
69.7572 14.7431 0.110609
69.7345 14.7529 0.113455
69.6356 14.8037 0.111138
69.6921 14.7374 0.113724
69.65 14.7472 0.114216
69.6364 14.7649 0.113615
69.7159 14.7035 0.116833
69.7126 14.703 0.116986
69.7308 14.724 0.111388
69.6027 14.8242 0.114462
69.6011 14.8207 0.114403
69.622 14.8098 0.115213
69.618 14.809 0.115161
69.7439 14.6922 0.115935
69.6553 14.7336 0.112966
69.5766 14.8541 0.114502
69.6583 14.7945 0.114804
69.672 14.7589 0.110165
69.6206 14.7877 0.116249
69.7112 14.6917 0.115862
69.7433 14.7398 0.110229
69.622 14.8909 0.111076
69.6439 14.765 0.113975
69.7627 14.7312 0.114221
69.7407 14.7704 0.114479
69.6945 14.7108 0.114188
69.6874 14.7082 0.114172
69.6708 14.7243 0.115054
69.6711 14.7205 0.115122
69.6811 14.8475 0.115604
69.7589 14.7368 0.114074
69.7171 14.8029 0.110328
69.7052 14.7617 0.115556
69.7131 14.762 0.111198
69.635 14.8762 0.114583
69.6289 14.8773 0.114699
69.6539 14.7125 0.115208
69.6262 14.7272 0.114865
69.6246 14.7307 0.114869
69.6122 14.9282 0.113639
69.6241 14.7558 0.112119
69.7333 14.6852 0.111293
69.6373 14.6678 0.114038
69.698 14.8447 0.111011
69.672 14.7288 0.114161
69.6647 14.7673 0.110496
69.626 14.8879 0.117486
69.6214 14.8931 0.117327
69.7487 14.783 0.111791
69.6417 14.8568 0.109659
69.7068 14.6792 0.116316
69.6755 14.8396 0.111082
69.7547 14.7178 0.114157
69.7299 14.7725 0.111423
69.5846 14.7889 0.116039
69.5863 14.7896 0.1161
69.7084 14.8097 0.113806
69.5962 14.8315 0.110592
69.7517 14.6315 0.110638
69.7 14.8116 0.114873
69.6261 14.8164 0.113435
69.5643 14.8269 0.119118
69.5723 14.7956 0.114104
69.5357 14.764 0.112195
69.6836 14.7582 0.109905
69.637 14.7745 0.114789
69.6574 14.7603 0.110416
69.7453 14.773 0.111375
69.6278 14.7981 0.115386
69.5639 14.8775 0.116778
69.6835 14.7973 0.110988
69.6599 14.7755 0.114078
69.6952 14.7735 0.111168
69.658 14.8057 0.112718
69.6462 14.6566 0.11
69.5555 14.7711 0.115144
69.672 14.7906 0.115441
69.7014 14.8051 0.107943
69.6922 14.7373 0.11364
69.674 14.8416 0.11273
69.637 14.7684 0.113375
69.7184 14.7277 0.11145
69.7457 14.7765 0.110073
69.6044 14.8494 0.111569
69.7027 14.8058 0.113785
69.6198 14.8105 0.11514
69.7432 14.694 0.115897
69.6587 14.7321 0.112882
69.5838 14.8548 0.114303
69.6601 14.7951 0.114922
69.6006 14.827 0.113357
69.6149 14.8692 0.113349
69.7075 14.6899 0.115629
69.7027 14.7467 0.114872
69.6771 14.8196 0.110509
69.7127 14.7191 0.11456
69.6484 14.7684 0.114162
69.6391 14.7506 0.116432
69.7353 14.7729 0.114534
69.7409 14.7667 0.114323
69.6422 14.8905 0.1152
69.6911 14.8065 0.115603
69.6739 14.7236 0.11521
69.6643 14.8409 0.109629
69.7643 14.7544 0.11345
69.713 14.7564 0.115495
69.7096 14.7873 0.113864
69.6709 14.8208 0.106549
69.7219 14.7608 0.113229
69.6531 14.7111 0.115154
69.6268 14.7228 0.114793
69.6218 14.7525 0.112208
69.6251 14.7572 0.112151
69.7045 14.7784 0.111955
69.6644 14.7739 0.114414
69.6399 14.6697 0.114163
69.7002 14.8416 0.111114
69.6742 14.7293 0.114157
69.67 14.7273 0.114111
69.742 14.7798 0.111922
69.6776 14.8416 0.111098
69.7566 14.719 0.114217
69.7251 14.8006 0.111568
69.7257 14.7778 0.111399
69.5825 14.7823 0.11602
69.5823 14.7848 0.116064
69.7308 14.6984 0.116396
69.6876 14.8175 0.114734
69.7628 14.7587 0.113816
69.5621 14.83 0.119055
69.5708 14.8336 0.119085
69.5684 14.8318 0.119034
69.6874 14.812 0.114628
69.6947 14.8126 0.114616
69.6955 14.8064 0.114679
69.6749 14.7765 0.114685
69.6208 14.7401 0.116016
69.6247 14.7394 0.116122
69.7245 14.8075 0.11043
69.6544 14.7681 0.110641
69.6239 14.7607 0.11031
69.6756 14.8091 0.108944
69.7002 14.775 0.108807
69.6727 14.8247 0.113187
69.7318 14.7678 0.116534
69.7376 14.7633 0.116536
69.6154 14.8335 0.115129
69.7408 14.7615 0.112318
69.6153 14.8382 0.117865
69.6862 14.8025 0.108423
69.7162 14.8022 0.111053
69.6699 14.7878 0.115291
69.7027 14.8003 0.107842
69.6644 14.8324 0.109175
69.6537 14.7464 0.114108
69.7367 14.7438 0.114197
69.6641 14.8346 0.112828
69.7077 14.772 0.113579
69.7122 14.7446 0.112626
69.6714 14.8324 0.114639
69.6016 14.8237 0.114403
69.7025 14.8167 0.113867
69.7503 14.6969 0.115864
69.696 14.7596 0.115845
69.7188 14.7768 0.106344
69.6908 14.7728 0.111471
69.6929 14.7661 0.111559
69.6689 14.757 0.110169
69.6193 14.7849 0.116311
69.7086 14.698 0.115848
69.699 14.7448 0.11493
69.5923 14.8279 0.113675
69.6879 14.8239 0.113185
69.7691 14.7248 0.114233
69.7376 14.7793 0.114564
69.6867 14.8154 0.11345
69.6864 14.7036 0.1143
69.6804 14.8118 0.11539
69.6818 14.8503 0.115652
69.7084 14.8123 0.109283
69.6259 14.8675 0.1152
69.6672 14.7132 0.109405
69.5936 14.8848 0.113676
69.6443 14.7124 0.115365
69.625 14.7345 0.114767
69.588 14.7879 0.112693
69.7031 14.7753 0.11208
69.6386 14.668 0.113961
69.6992 14.8417 0.11112
69.6736 14.7268 0.114071
69.6254 14.8907 0.117376
69.7079 14.6791 0.116298
69.722 14.7823 0.113704
69.7145 14.7856 0.113548
69.7181 14.7851 0.113735
69.7321 14.7886 0.111687
69.7033 14.7963 0.110581
69.5859 14.7848 0.116158
69.5813 14.786 0.116058
69.7491 14.7585 0.111835
69.7531 14.6245 0.110554
69.693 14.8111 0.114766
69.7161 14.7256 0.109537
69.7661 14.7656 0.113688
69.7656 14.7555 0.113859
69.5847 14.9633 0.113137
69.5666 14.8304 0.11906
69.5699 14.833 0.11924
69.5665 14.8013 0.114144
69.5304 14.7645 0.112161
69.6837 14.7797 0.114856
69.7062 14.7331 0.112811
69.628 14.7384 0.11582
69.6371 14.7716 0.114752
69.7133 14.7752 0.111121
69.5905 14.8184 0.110173
69.5683 14.8726 0.116819
69.6926 14.7664 0.108752
69.6349 14.8291 0.113836
69.6623 14.7777 0.113925
69.6814 14.7986 0.113712
69.6197 14.836 0.115144
69.6181 14.8367 0.115162
69.6631 14.8438 0.114016
69.6284 14.7954 0.111262
69.6155 14.8472 0.117601
69.5556 14.7726 0.115081
69.6729 14.7904 0.115309
69.7308 14.7603 0.113691
69.6498 14.7492 0.114151
69.6379 14.771 0.113622
69.7122 14.7043 0.11688
69.6777 14.8322 0.114672
69.6999 14.811 0.113806
69.6827 14.8185 0.111966
69.6196 14.8088 0.114976
69.7502 14.7667 0.110868
69.653 14.7302 0.112975
69.5806 14.8538 0.114422
69.7281 14.8055 0.11409
69.5965 14.8262 0.113127
69.5967 14.8262 0.11346
69.6213 14.7866 0.11636
69.7009 14.7507 0.11491
69.594 14.8289 0.11355
69.7144 14.7162 0.114531
69.6696 14.8071 0.109122
69.7696 14.7188 0.114149
69.6311 14.7453 0.116449
69.6856 14.813 0.113433
69.688 14.7054 0.114407
69.6839 14.8092 0.115522
69.662 14.8471 0.109577
69.6749 14.8452 0.111531
69.7064 14.7557 0.115492
69.6677 14.7174 0.1095
69.5969 14.8827 0.113606
69.7439 14.7427 0.105402
69.6487 14.7132 0.115468
69.6751 14.7592 0.112145
69.6125 14.9188 0.113645
69.6273 14.748 0.11215
69.6745 14.8179 0.113918
69.6435 14.6705 0.113924
69.6755 14.7285 0.114179
69.6575 14.8775 0.115044
69.6743 14.8376 0.110884
69.7636 14.7173 0.114169
69.5822 14.7866 0.115972
69.5846 14.7892 0.116212
69.621 14.8438 0.11226
69.6888 14.8144 0.11485
69.7005 14.6696 0.111793
69.571 14.8301 0.11928
69.5701 14.8305 0.118771
69.7376 14.8003 0.109885
69.6761 14.7947 0.110428
69.703 14.7248 0.113009
69.6216 14.7367 0.115936
69.6412 14.7842 0.114729
69.6613 14.8518 0.104868
69.7149 14.7766 0.11138
69.5662 14.8762 0.116739
69.6333 14.8268 0.113731
69.6605 14.7742 0.113872
69.6745 14.8261 0.11306
69.7391 14.7681 0.116643
69.698 14.7713 0.111372
69.6601 14.801 0.112604
69.6399 14.6632 0.11009
69.5539 14.7618 0.115054
69.5533 14.7707 0.115104
69.7053 14.8161 0.111149
69.6554 14.7499 0.114104
69.7132 14.7702 0.113603
69.7491 14.7775 0.110186
69.6768 14.8306 0.114664
69.6072 14.8216 0.114455
69.6226 14.813 0.1151
69.7519 14.7715 0.110615
69.6987 14.7424 0.109733
69.7371 14.8061 0.11398
69.5684 14.7611 0.110055
69.598 14.8222 0.113281
69.6199 14.7856 0.116405
69.7025 14.7794 0.108534
69.6978 14.7811 0.108467
69.7478 14.7479 0.110284
69.7145 14.7213 0.114423
69.7738 14.724 0.1142
69.7385 14.7702 0.114557
69.5872 14.7539 0.111228
69.7027 14.7972 0.113306
69.6585 14.8385 0.109536
69.6773 14.855 0.111611
69.7037 14.7566 0.115704
69.7064 14.7858 0.113891
69.6237 14.8771 0.114447
69.7161 14.7446 0.107907
69.6497 14.7048 0.115375
69.6182 14.7294 0.114799
69.6177 14.9224 0.113616
69.664 14.8597 0.114515
69.6645 14.8604 0.114394
69.626 14.7491 0.112115
69.7324 14.6883 0.111248
69.6946 14.8467 0.111033
69.7185 14.7614 0.108659
69.6689 14.7691 0.110348
69.6619 14.8738 0.114977
69.6641 14.8796 0.115009
69.7063 14.6803 0.116186
69.6744 14.8397 0.110817
69.7628 14.722 0.11433
69.7607 14.7148 0.114171
69.7081 14.7916 0.110403
69.5831 14.7888 0.115931
69.7481 14.7564 0.11179
69.5939 14.8346 0.110611
69.6966 14.8144 0.115048
69.7261 14.8087 0.108504
69.7582 14.7547 0.113823
69.5819 14.961 0.11297
69.5823 14.9621 0.113002
69.5631 14.8304 0.119223
69.5705 14.7953 0.114039
69.6744 14.7773 0.11482
69.6767 14.7794 0.114796
69.7038 14.729 0.112955
69.6256 14.7359 0.115978
69.641 14.7739 0.114784
69.7243 14.8066 0.110408
69.6262 14.8008 0.115579
69.5939 14.817 0.110152
69.568 14.8727 0.116726
69.7047 14.8174 0.113665
69.6637 14.772 0.113795
69.6755 14.8066 0.113689
69.656 14.8062 0.112905
69.6209 14.8336 0.115116
69.6194 14.8333 0.114885
69.7124 14.8183 0.1085
69.562 14.7705 0.115029
69.7488 14.743 0.110651
69.7065 14.8238 0.110945
69.7431 14.7535 0.113549
69.6888 14.736 0.113498
69.65 14.7516 0.114248
69.7081 14.771 0.113634
69.72 14.7229 0.11155
69.6797 14.831 0.114736
69.7409 14.7258 0.107053
69.6188 14.8056 0.114991
69.6599 14.7308 0.112908
69.7291 14.8003 0.114138
69.67 14.7931 0.114953
69.6916 14.7661 0.11144
69.6136 14.7834 0.116396
69.7005 14.7511 0.115131
69.7025 14.7443 0.115032
69.7172 14.8198 0.110823
69.5928 14.8372 0.113519
69.618 14.8942 0.110905
68.3329 17.0696 0.139988
69.684 14.7308 0.11201
69.7486 14.7659 0.115314
69.6282 14.8275 0.111359
69.6842 14.797 0.10762
69.7002 14.7183 0.112669
69.7839 14.7213 0.110892
69.6821 14.7428 0.112777
69.6746 14.7527 0.11543
69.6743 14.7512 0.115359
69.6711 14.7467 0.115677
69.7002 14.6598 0.115763
69.6409 14.7506 0.110221
69.7207 14.7079 0.113378
69.71 14.7977 0.113414
69.7414 14.7792 0.110234
69.7369 14.6854 0.110482
69.738 14.6923 0.110211
69.6869 14.745 0.113032
69.6848 14.7501 0.112915
69.7329 14.7397 0.114341
69.7307 14.7313 0.11424
69.6337 14.8564 0.110384
69.669 14.8775 0.112209
69.763 14.7706 0.113266
69.6335 14.7776 0.114003
69.7406 14.7527 0.112705
69.7323 14.7558 0.112735
69.614 14.7192 0.11375
69.6563 14.7241 0.111308
69.7047 14.7626 0.113835
69.7061 14.7608 0.114041
69.7665 14.7618 0.110207
69.678 14.8012 0.110281
69.5409 14.8094 0.114131
69.6709 14.8418 0.114826
69.6265 14.723 0.11311
69.6303 14.7204 0.113288
69.5888 14.8905 0.112466
69.6867 14.8348 0.113075
69.6264 14.8805 0.115326
69.6688 14.8519 0.114265
69.66 14.8244 0.113679
69.7228 14.8034 0.111498
69.703 14.7004 0.114346
69.6735 14.7721 0.11149
69.5688 14.7979 0.111478
69.6138 14.7913 0.116099
69.63 14.7198 0.114068
69.6308 14.7098 0.114296
69.6891 14.8155 0.113395
69.6944 14.7397 0.10953
69.6831 14.8372 0.109542
69.72 14.8103 0.113842
69.7105 14.6424 0.11384
69.5931 14.7798 0.110018
69.6715 14.7063 0.109648
69.5678 14.7505 0.111394
69.5623 14.7483 0.111098
69.6935 14.7231 0.113511
69.6782 14.7182 0.11454
69.7314 14.7168 0.111374
69.5558 14.8038 0.117949
69.5636 14.7999 0.117964
69.7859 14.7378 0.111743
69.667 14.8699 0.112965
69.6808 14.8489 0.113166
69.5781 14.7521 0.110296
69.7488 14.7131 0.11488
69.6311 14.7488 0.11254
69.6622 14.7338 0.107704
69.5768 14.7827 0.111184
69.7095 14.7448 0.116798
69.6834 14.7353 0.111959
69.7106 14.8247 0.115008
69.7386 14.7371 0.110192
69.6811 14.781 0.115012
69.6883 14.8129 0.112382
69.7121 14.7307 0.111922
69.7012 14.7193 0.11276
69.6686 14.7756 0.109227
69.695 14.8248 0.107333
69.761 14.7319 0.113692
69.719 14.7044 0.113452
69.7121 14.7069 0.11344
69.7254 14.8002 0.109094
69.6679 14.7783 0.111613
69.6607 14.8702 0.113436
69.7147 14.7585 0.111901
69.6654 14.8389 0.113893
69.6699 14.8447 0.113982
69.7599 14.7687 0.113114
69.7153 14.8225 0.115226
69.743 14.7545 0.112599
69.5578 14.7676 0.111458
69.5532 14.7626 0.111342
69.6081 14.7138 0.113476
69.6083 14.7167 0.113498
69.6104 14.7172 0.113626
69.7654 14.7489 0.110754
69.7019 14.7552 0.113822
69.7093 14.7561 0.113864
69.6452 14.6387 0.113023
69.6975 14.705 0.109774
69.7009 14.7076 0.109658
69.542 14.8114 0.113937
69.7308 14.802 0.115263
69.6624 14.7771 0.111552
69.5819 14.8923 0.11279
69.6876 14.8244 0.113158
69.7105 14.8325 0.113528
69.7285 14.7621 0.112426
69.66 14.822 0.113554
69.7035 14.7016 0.11422
69.7262 14.8137 0.113384
69.6116 14.7989 0.115988
69.6294 14.714 0.114046
69.6376 14.7093 0.114
69.6522 14.8264 0.114313
69.6519 14.8271 0.114204
69.5984 14.817 0.110714
69.6014 14.7315 0.106006
69.5684 14.8 0.112824
69.5978 14.7821 0.110175
69.6985 14.8229 0.110673
69.7731 14.7568 0.113155
69.6922 14.7247 0.113525
69.6777 14.7187 0.114469
69.732 14.7223 0.111524
69.6347 14.7367 0.110127
69.6388 14.7427 0.110065
69.6814 14.8471 0.116364
69.6865 14.8462 0.116736
69.7608 14.7704 0.108952
69.6744 14.7616 0.113337
69.7536 14.721 0.115006
69.6246 14.7912 0.11024
69.6517 14.7322 0.107691
69.6163 14.8238 0.111217
69.6203 14.8257 0.111478
69.7102 14.7446 0.116601
69.6262 14.881 0.112601
69.6133 14.7785 0.114244
69.6771 14.7318 0.111982
69.6832 14.7298 0.112091
69.6869 14.7316 0.112044
69.6247 14.8534 0.119256
69.7343 14.6996 0.109511
69.6828 14.7809 0.114924
69.6844 14.7775 0.115004
69.6818 14.7487 0.111287
69.6985 14.719 0.112673
69.6909 14.7191 0.112766
69.6565 14.8435 0.113263
69.6758 14.7424 0.11567
69.7311 14.7228 0.107824
69.7509 14.7304 0.113543
69.705 14.8031 0.113337
69.7297 14.6943 0.110477
69.593 14.8231 0.113971
69.6574 14.869 0.113258
69.6831 14.7464 0.113118
69.608 14.853 0.113468
69.6736 14.8394 0.113923
69.7179 14.7349 0.110478
69.6352 14.7767 0.114124
69.711 14.814 0.115103
69.5537 14.7713 0.111486
69.7168 14.8214 0.114987
69.6106 14.7177 0.113787
69.6949 14.8114 0.11464
69.6961 14.8145 0.114521
69.7577 14.7452 0.110989
69.7348 14.7412 0.110741
69.7046 14.7585 0.11385
69.7032 14.7934 0.110948
69.6426 14.6406 0.112966
69.7021 14.7452 0.110098
69.709 14.7446 0.110149
69.6245 14.8227 0.114631
69.6775 14.8388 0.114657
69.7492 14.7358 0.112653
69.714 14.7659 0.110622
69.7669 14.7345 0.116683
69.6665 14.8225 0.110012
69.7054 14.8317 0.113618
69.7247 14.7683 0.11238
69.6638 14.8278 0.113697
69.6613 14.8235 0.113764
69.7253 14.8037 0.113479
69.5674 14.7991 0.111572
69.6118 14.7954 0.116137
69.6325 14.7104 0.114355
69.6269 14.7101 0.114282
69.6558 14.8258 0.114267
69.6862 14.8383 0.109809
69.6033 14.8165 0.110831
69.7149 14.6474 0.11393
69.569 14.7953 0.113014
69.7073 14.7287 0.110164
69.5661 14.7528 0.11127
69.6898 14.6774 0.112796
69.6911 14.725 0.113334
69.6747 14.8275 0.116787
69.6289 14.7438 0.110112
69.5468 14.8131 0.117971
69.5584 14.8086 0.118051
69.6846 14.8474 0.116662
69.6653 14.773 0.110946
69.6796 14.7454 0.111399
69.6629 14.7624 0.113275
69.7532 14.7157 0.115097
69.6282 14.7444 0.11249
69.6396 14.7704 0.111518
69.5645 14.7781 0.110937
69.5721 14.7785 0.111308
69.713 14.7461 0.116691
69.6842 14.7284 0.111809
69.7359 14.6998 0.109643
69.6793 14.7777 0.115114
69.6903 14.8135 0.112065
69.6094 14.6957 0.112628
69.7452 14.7907 0.113533
69.6779 14.7543 0.115604
69.6996 14.6565 0.1157
69.6949 14.6646 0.115823
69.6365 14.7506 0.110416
69.6363 14.7501 0.110268
69.7203 14.7137 0.113503
69.6167 14.9125 0.113011
69.6112 14.8579 0.111899
69.6643 14.8728 0.113328
69.7155 14.7516 0.111741
69.7303 14.7404 0.114205
69.7643 14.7752 0.113118
69.619 14.8657 0.110606
69.714 14.6879 0.112121
69.6049 14.7143 0.113711
69.645 14.7421 0.110183
69.7065 14.7557 0.113896
69.6581 14.7697 0.108786
69.6349 14.6415 0.112953
69.5459 14.8071 0.114412
69.7332 14.7975 0.115318
69.6351 14.7205 0.113146
69.763 14.7364 0.116893
69.6215 14.7448 0.113846
69.6868 14.8344 0.114238
69.6249 14.8824 0.11515
69.7181 14.8077 0.113856
69.7269 14.7729 0.112458
69.7401 14.7908 0.109152
69.732 14.802 0.111515
69.721 14.8141 0.113429
69.6195 14.7941 0.115972
69.6285 14.706 0.114115
69.6517 14.8233 0.114421
69.6866 14.8346 0.109614
69.6834 14.834 0.109637
69.6531 14.7125 0.112281
69.7226 14.7498 0.111348
69.5989 14.7789 0.110053
69.6578 14.7762 0.114925
69.5637 14.7441 0.11128
69.6935 14.6753 0.11323
69.6931 14.7213 0.113404
69.6783 14.7156 0.114421
69.7813 14.7156 0.10806
69.5535 14.809 0.11786
69.6622 14.7668 0.110977
69.6729 14.7605 0.113329
69.6837 14.8483 0.113256
69.6764 14.7675 0.108904
69.6654 14.8147 0.111216
69.6628 14.8202 0.111057
69.6294 14.7459 0.112456
69.5752 14.6768 0.110169
69.6045 14.7773 0.114119
69.6265 14.8599 0.119273
69.7475 14.7655 0.115413
69.6859 14.6826 0.11208
69.7237 14.7244 0.113943
69.6041 14.6986 0.112678
69.6078 14.7 0.11257
69.6952 14.7272 0.112553
69.6771 14.7547 0.115425
69.6987 14.6581 0.115753
69.7548 14.7312 0.113458
69.7117 14.7029 0.113364
69.705 14.8022 0.113418
69.7107 14.8028 0.113257
69.7325 14.6931 0.110203
69.6658 14.7769 0.111541
69.6652 14.8748 0.115455
69.7343 14.7392 0.11434
69.7077 14.7295 0.110728
69.6686 14.8702 0.11203
69.7168 14.8196 0.115046
69.715 14.685 0.11214
69.7099 14.8158 0.114918
69.6574 14.7174 0.111335
69.6377 14.7465 0.110129
69.7015 14.7607 0.113826
69.6541 14.773 0.1087
69.6445 14.6401 0.112993
69.702 14.7047 0.109676
69.6627 14.7842 0.110144
69.6645 14.7771 0.111527
69.7606 14.7367 0.116849
69.6672 14.8175 0.109858
69.6849 14.8344 0.114161
69.6794 14.8317 0.11322
69.7179 14.7337 0.112967
69.7216 14.8079 0.111735
69.6611 14.8305 0.11377
69.6743 14.8038 0.113487
69.6725 14.7733 0.111439
69.6103 14.7906 0.115987
69.6153 14.7898 0.11589
69.6345 14.7083 0.114324
69.6563 14.8246 0.114466
69.6926 14.8098 0.113248
69.6568 14.714 0.112011
69.6542 14.7105 0.112133
69.6072 14.8161 0.110852
69.7062 14.6424 0.113926
69.5637 14.7939 0.113006
69.5938 14.7816 0.110076
69.599 14.7801 0.110131
69.7091 14.7268 0.110338
69.6537 14.7807 0.115055
69.6981 14.8274 0.110822
69.692 14.7236 0.113393
69.6914 14.7209 0.113359
69.5246 14.8278 0.114131
69.6386 14.7379 0.110127
69.5612 14.8097 0.118003
69.7121 14.8282 0.113432
69.6815 14.7393 0.11119
69.6834 14.8492 0.1133
69.7736 14.6418 0.109109
69.6823 14.7356 0.108986
69.7505 14.7156 0.114773
69.7535 14.7161 0.114709
69.6272 14.7407 0.112416
69.5711 14.7832 0.110979
69.7073 14.7468 0.116653
69.6142 14.7831 0.114174
69.6122 14.7809 0.114234
69.7627 14.7682 0.108447
69.6833 14.7812 0.115256
69.7258 14.7225 0.113948
69.6798 14.7447 0.111162
69.7146 14.7333 0.111741
69.6032 14.6892 0.112633
69.6594 14.84 0.113611
69.6817 14.7464 0.112849
69.671 14.7494 0.11549
69.7663 14.7527 0.114067
69.6343 14.7513 0.110176
69.7588 14.7321 0.113386
69.7027 14.8011 0.110429
69.6734 14.7773 0.112286
69.6908 14.8335 0.111205
69.6934 14.8074 0.107989
69.7363 14.6957 0.110348
69.5829 14.8308 0.11374
69.6879 14.7423 0.112983
69.6069 14.8535 0.113165
69.6684 14.8394 0.114058
69.7415 14.7319 0.110342
69.7569 14.7736 0.113152
69.6427 14.7721 0.113838
69.7202 14.7868 0.111009
69.7142 14.8117 0.115159
69.7135 14.8188 0.11526
69.6137 14.8563 0.110609
69.7357 14.7556 0.112574
69.741 14.7538 0.112635
69.7338 14.7627 0.112519
69.6115 14.7149 0.113727
69.6451 14.7419 0.110218
69.7075 14.763 0.114082
69.6987 14.7961 0.110995
69.7617 14.764 0.110299
69.6742 14.8012 0.11012
69.5422 14.8046 0.114081
69.7297 14.7952 0.115242
69.6291 14.7247 0.113081
69.7128 14.7685 0.110558
69.6642 14.8245 0.109896
69.6656 14.8195 0.11012
69.7068 14.8286 0.11348
69.693 14.847 0.111229
69.7242 14.7411 0.113053
69.7297 14.7885 0.109124
69.6776 14.8022 0.113546
69.7027 14.6975 0.114307
69.7285 14.8138 0.11352
69.725 14.8057 0.113521
69.6168 14.7916 0.116096
69.6523 14.8216 0.114368
69.6893 14.8186 0.113371
69.6903 14.7423 0.109273
69.6577 14.7087 0.11207
69.7492 14.7523 0.106499
69.6682 14.797 0.113965
69.5681 14.7955 0.112829
69.6802 14.6947 0.109483
69.5626 14.749 0.111214
69.5691 14.7581 0.111291
69.7475 14.7029 0.109616
69.6786 14.7149 0.11419
69.5149 14.8253 0.114104
69.5184 14.8248 0.114173
69.6767 14.8246 0.116657
69.7358 14.7164 0.11126
69.5569 14.8114 0.117864
69.5511 14.8047 0.117886
69.6653 14.7727 0.111038
69.6636 14.8792 0.11288
69.6612 14.7595 0.113233
69.7504 14.7162 0.114854
69.7399 14.6851 0.111618
69.6352 14.7701 0.111412
69.5676 14.6806 0.110148
69.7091 14.7448 0.116831
69.7096 14.7463 0.116594
69.6175 14.7854 0.113999
69.7313 14.7063 0.109677
69.7161 14.8246 0.114948
69.718 14.8191 0.114841
69.6833 14.7749 0.115281
69.7237 14.7167 0.113839
69.6817 14.7454 0.111209
69.684 14.8015 0.107598
69.6861 14.8011 0.107561
69.7481 14.7887 0.113646
69.6743 14.7509 0.115396
69.6962 14.6671 0.115573
69.7548 14.7303 0.113535
69.6783 14.7752 0.112126
69.7139 14.7048 0.11336
69.7259 14.7997 0.1092
69.7002 14.8097 0.10804
69.6645 14.8721 0.113232
69.7147 14.7619 0.111696
69.7303 14.736 0.114321
69.6393 14.7767 0.11399
69.7411 14.7579 0.112801
69.5543 14.7653 0.111424
69.6118 14.7178 0.113728
69.653 14.7318 0.111296
69.6435 14.7475 0.110103
69.707 14.761 0.113869
69.7109 14.7611 0.11371
69.6439 14.6378 0.113076
69.6198 14.8247 0.114202
69.6734 14.8371 0.114724
69.6675 14.78 0.111531
69.6258 14.7188 0.113164
69.6175 14.7431 0.113885
69.663 14.8243 0.110342
69.6866 14.8404 0.114027
69.6834 14.8349 0.113123
69.7161 14.7364 0.112934
69.6633 14.854 0.11436
69.7317 14.7899 0.109273
69.6765 14.7707 0.109104
69.6957 14.6992 0.114358
69.7088 14.8012 0.112838
69.747 14.7883 0.111718
69.6277 14.7115 0.114221
69.6909 14.7431 0.109373
69.7219 14.8088 0.113783
69.7177 14.6433 0.113842
69.6716 14.6966 0.109548
69.6514 14.7795 0.114956
69.7504 14.7108 0.109654
69.6795 14.7173 0.11456
69.6774 14.72 0.114464
69.6754 14.7181 0.114425
69.7293 14.7154 0.111417
69.7308 14.7154 0.111302
69.7302 14.7211 0.111289
69.6357 14.7375 0.110133
69.5543 14.8106 0.118023
69.5604 14.8075 0.11817
69.7103 14.8251 0.11373
69.6743 14.8728 0.11288
69.6654 14.8728 0.112893
69.5711 14.755 0.110122
69.6872 14.7357 0.109047
69.6265 14.7888 0.110415
69.6294 14.7895 0.11025
69.6269 14.743 0.11255
69.6254 14.8308 0.111392
69.6145 14.7789 0.114127
69.6758 14.7353 0.112034
69.6759 14.7313 0.111944
68.7003 14.075 0.0783901
69.692 14.8284 0.111276
69.7616 14.7448 0.111508
69.7419 14.7533 0.111794
69.6594 14.6566 0.108037
69.699 14.7493 0.116016
69.6477 14.8212 0.113654
69.6117 14.9112 0.115762
69.7163 14.6747 0.112901
69.6173 14.7436 0.116414
69.6141 14.7403 0.11648
69.6382 14.7913 0.11294
69.7109 14.7745 0.116905
69.7031 14.7192 0.115067
69.6552 14.7412 0.114891
69.5879 14.7821 0.111703
69.6496 14.8691 0.114431
69.6662 14.8296 0.114618
69.6616 14.8284 0.114663
69.7377 14.7507 0.11094
69.6576 14.6868 0.111706
69.6032 14.7452 0.112425
69.6833 14.7716 0.113481
69.6721 14.8447 0.112421
69.6722 14.8491 0.116883
69.6804 14.8163 0.113059
69.6334 14.9058 0.114677
69.7075 14.8055 0.113259
69.6799 14.7019 0.114467
69.7094 14.7303 0.113136
69.7014 14.7748 0.111929
69.7048 14.7868 0.111963
69.6827 14.7725 0.112196
69.6197 14.7667 0.114331
69.7873 14.716 0.110324
69.7394 14.7726 0.114946
69.7202 14.8039 0.112232
69.6887 14.7579 0.111486
69.7041 14.8123 0.111361
69.6052 14.7751 0.116688
69.6409 14.8426 0.114798
69.6544 14.7626 0.116942
69.6374 14.8388 0.111496
69.6299 14.8391 0.111408
69.7563 14.7367 0.114291
69.7017 14.8129 0.116712
69.6907 14.7862 0.116717
69.7171 14.7929 0.113309
69.5654 14.8932 0.115726
69.6117 14.8205 0.110881
69.5923 14.643 0.114059
69.6959 14.7326 0.111887
69.7336 14.7905 0.115252
69.7505 14.7583 0.116064
69.6322 14.7601 0.113097
69.642 14.8132 0.111129
69.7103 14.8018 0.112892
69.6923 14.7993 0.111632
69.6968 14.738 0.112802
69.639 14.7845 0.113468
69.5983 14.8516 0.109244
69.6531 14.7005 0.112543
69.6527 14.6983 0.112711
69.622 14.8649 0.113261
69.633 14.8667 0.113225
69.6952 14.7436 0.11123
69.5874 14.6902 0.114343
69.5859 14.6921 0.114308
69.5833 14.6878 0.114128
69.7365 14.782 0.115248
69.6293 14.8811 0.115892
69.6957 14.7492 0.11524
69.6925 14.7437 0.114012
69.6344 14.6784 0.112663
69.6534 14.7983 0.115511
69.6585 14.794 0.115605
69.6586 14.7999 0.115423
69.7317 14.7285 0.111081
69.7301 14.7337 0.111106
69.7072 14.6748 0.111542
69.6525 14.7339 0.111614
69.7115 14.7731 0.115103
69.7083 14.7763 0.115073
69.7437 14.7301 0.113332
69.7462 14.7329 0.113404
69.7478 14.7629 0.113233
69.6811 14.7373 0.111021
69.6325 14.845 0.115937
69.7853 14.7497 0.112795
69.7186 14.796 0.111596
69.6629 14.8234 0.112177
69.7465 14.7486 0.111816
69.6982 14.7471 0.116107
69.6524 14.8254 0.113683
69.6276 14.6945 0.11139
69.6133 14.7429 0.116496
69.6134 14.7393 0.116474
69.7263 14.8049 0.111143
69.7199 14.7765 0.116965
69.6572 14.7417 0.114741
69.5869 14.7794 0.11172
69.6621 14.8301 0.114682
69.6575 14.8324 0.114547
69.6515 14.7676 0.115472
69.7214 14.8182 0.114223
69.6035 14.8209 0.113439
69.686 14.7759 0.113437
69.5963 14.7436 0.115721
69.6717 14.8462 0.112357
69.7591 14.7206 0.115276
69.7178 14.6672 0.110467
69.7188 14.6647 0.110232
69.6809 14.8198 0.11287
69.7724 14.6888 0.113755
69.6719 14.7029 0.114465
69.6745 14.7033 0.114565
69.5931 14.7722 0.110525
69.7041 14.7614 0.112926
69.6896 14.7943 0.111468
69.6195 14.7746 0.114351
69.7441 14.7617 0.115322
69.6676 14.7153 0.113854
69.6875 14.7582 0.117392
69.6913 14.7589 0.117098
69.6079 14.7705 0.116819
69.6496 14.7585 0.116993
69.6506 14.7582 0.117002
69.6544 14.7607 0.116984
69.6923 14.81 0.116546
69.7516 14.7704 0.112414
69.6918 14.7831 0.116611
69.6918 14.7792 0.116611
69.6866 14.7818 0.11192
69.6053 14.8274 0.110715
69.7626 14.7609 0.11151
69.5954 14.6318 0.114259
69.6813 14.7047 0.109778
69.6375 14.7797 0.111207
69.6329 14.7771 0.111097
69.6275 14.8478 0.111375
69.6345 14.7608 0.113066
69.7075 14.7721 0.112751
69.7625 14.7357 0.108217
69.5274 14.9397 0.112668
69.7237 14.782 0.114034
69.6405 14.7825 0.113303
69.7018 14.7882 0.113532
69.6878 14.834 0.115154
69.6908 14.8313 0.115053
69.6553 14.7011 0.112713
69.6546 14.6985 0.11261
69.6916 14.8348 0.117407
69.6913 14.8307 0.117585
69.5871 14.6881 0.114146
69.6828 14.737 0.112381
69.7138 14.693 0.115798
69.6962 14.7515 0.115406
69.6644 14.801 0.114141
69.6898 14.623 0.111371
69.6247 14.6789 0.112398
69.6889 14.7553 0.112158
69.6791 14.7609 0.112097
69.7281 14.7311 0.110987
69.7055 14.6734 0.111629
69.6498 14.7313 0.111545
69.7174 14.7644 0.109327
69.7028 14.7666 0.109036
69.6768 14.7421 0.111045
69.6478 14.8158 0.113625
69.7184 14.7618 0.11298
69.6575 14.8489 0.113163
69.716 14.7315 0.111946
69.6368 14.8744 0.111497
69.7222 14.776 0.112687
69.6294 14.7029 0.111682
69.6156 14.745 0.11634
69.6189 14.7428 0.116449
69.6373 14.7972 0.112846
69.717 14.7735 0.117013
69.6566 14.743 0.114964
69.588 14.7859 0.111709
69.6626 14.7449 0.11039
69.7377 14.7483 0.111026
69.605 14.8235 0.11324
69.6643 14.6836 0.111689
69.6063 14.7368 0.112438
69.6973 14.7941 0.113534
69.6172 14.7776 0.111454
69.7606 14.7213 0.115254
69.7431 14.7187 0.113035
69.7489 14.7173 0.11304
69.5492 14.8014 0.110796
69.6778 14.8212 0.112943
69.7336 14.7973 0.112989
69.6767 14.6978 0.114487
69.6378 14.8791 0.110918
69.7684 14.7203 0.114183
69.708 14.7314 0.113017
69.7077 14.731 0.113098
69.6092 14.8008 0.11263
69.7009 14.7555 0.11285
69.6876 14.7915 0.1112
69.6156 14.7726 0.114294
69.6207 14.7643 0.114269
69.782 14.7195 0.110328
69.6825 14.8334 0.112601
69.7971 14.7195 0.113393
69.6729 14.7154 0.113792
69.6101 14.7778 0.116853
69.5995 14.773 0.116952
69.6088 14.7688 0.116791
69.7011 14.736 0.110724
69.5448 14.7101 0.108697
69.6989 14.8087 0.116425
69.6981 14.7241 0.117856
69.7105 14.7482 0.114528
69.5717 14.8932 0.115543
69.6641 14.8026 0.113658
69.5998 14.6333 0.11418
69.6602 14.8239 0.109246
69.7289 14.7865 0.115075
69.7278 14.7898 0.115174
69.6187 14.7186 0.111577
69.6346 14.7543 0.112913
69.6624 14.8744 0.11513
69.6962 14.8027 0.11175
69.6892 14.741 0.112698
69.721 14.7871 0.113943
69.7312 14.7236 0.111204
69.5929 14.855 0.113222
69.5962 14.8793 0.111741
69.6555 14.8778 0.111148
69.6741 14.7833 0.111645
69.6431 14.7458 0.112149
69.5898 14.6899 0.114226
69.7114 14.6926 0.115863
69.7234 14.8051 0.11558
69.7538 14.5974 0.115259
69.7014 14.7455 0.114269
69.6834 14.7558 0.112123
69.6592 14.7938 0.115535
69.7255 14.7306 0.111241
69.6917 14.7203 0.109702
69.7069 14.6735 0.111497
69.7105 14.6773 0.11125
69.6541 14.7314 0.11159
69.6845 14.6905 0.112179
69.7469 14.7574 0.115369
69.6349 14.8473 0.115858
69.7795 14.7488 0.112677
69.6511 14.8042 0.112943
69.7165 14.729 0.111906
69.6559 14.7985 0.110424
69.7336 14.7145 0.113669
69.6906 14.7444 0.11626
69.6483 14.8292 0.113685
69.7309 14.7779 0.112762
69.6278 14.6969 0.111526
69.6094 14.745 0.11633
69.7409 14.7391 0.11136
69.638 14.7929 0.112818
69.7229 14.807 0.111403
69.7053 14.7235 0.115079
69.7078 14.7282 0.114817
69.7691 14.7087 0.110969
69.7669 14.7133 0.111135
69.6394 14.7918 0.109942
69.6496 14.7666 0.115433
69.6132 14.8261 0.113175
69.6728 14.6991 0.11333
69.6837 14.7737 0.113153
69.6008 14.7494 0.115599
69.6182 14.7789 0.111184
69.7167 14.6702 0.110141
69.7083 14.8001 0.113381
69.7479 14.7737 0.110149
69.6114 14.8011 0.112418
69.6862 14.8562 0.11769
69.7064 14.7032 0.114291
69.6545 14.7841 0.113162
69.6867 14.7561 0.109757
69.5913 14.7998 0.114135
69.6889 14.8159 0.115606
69.7045 14.8175 0.111244
69.6889 14.7474 0.11721
69.6082 14.7746 0.116748
69.6545 14.7614 0.117072
69.6491 14.7583 0.117002
69.5498 14.8413 0.115204
69.7626 14.732 0.114303
69.6928 14.815 0.116544
69.6914 14.8145 0.116699
69.6908 14.7843 0.116624
69.6784 14.775 0.1123
69.5697 14.8903 0.115699
69.6159 14.8289 0.11065
69.6923 14.8359 0.110901
69.6625 14.8625 0.114456
69.6255 14.8486 0.111315
69.6216 14.8484 0.111343
69.619 14.7213 0.111522
69.6401 14.7567 0.113026
69.6326 14.8083 0.111107
69.7146 14.8053 0.113168
69.6898 14.8035 0.111699
69.6923 14.7376 0.112692
69.6392 14.7838 0.113338
69.7377 14.7168 0.113215
69.7035 14.7824 0.113512
69.6721 14.8603 0.114812
69.593 14.8778 0.111853
69.6554 14.6977 0.112635
69.6347 14.8634 0.113207
69.6381 14.7529 0.112084
69.6406 14.745 0.112181
69.6391 14.7424 0.112336
69.5842 14.6915 0.114152
69.6202 14.8208 0.112957
69.7342 14.7878 0.115416
69.7256 14.8117 0.115801
69.6286 14.8799 0.11596
69.7004 14.7559 0.115392
69.6666 14.8027 0.114299
69.69 14.6216 0.111421
69.6883 14.7557 0.111936
69.7352 14.7329 0.111226
69.695 14.7236 0.109657
69.727 14.7487 0.110934
69.6851 14.694 0.112285
69.7456 14.7643 0.115509
69.6712 14.7416 0.111199
69.724 14.7663 0.112946
69.6519 14.8471 0.113213
69.7398 14.7504 0.111776
69.653 14.8254 0.113696
69.6136 14.9143 0.115926
69.7105 14.6694 0.113188
69.7507 14.6426 0.111571
69.6138 14.7464 0.116223
69.6384 14.7924 0.112798
69.7242 14.6953 0.113176
69.7146 14.7736 0.116879
69.651 14.7365 0.114767
69.649 14.7396 0.11489
69.6468 14.8675 0.114413
69.6635 14.7446 0.110327
69.6505 14.7648 0.115475
69.7232 14.8181 0.114255
69.6109 14.8271 0.113427
69.6033 14.7411 0.11235
69.6 14.7478 0.115785
69.6406 14.8026 0.111135
69.674 14.8436 0.116736
69.7597 14.7168 0.115261
69.6828 14.8184 0.112741
69.7348 14.794 0.112972
69.7395 14.7956 0.113054
69.678 14.7061 0.114566
69.7109 14.7306 0.113052
69.6077 14.799 0.112291
69.7009 14.7597 0.112964
69.6923 14.7925 0.111438
69.6917 14.7599 0.109942
69.5865 14.8061 0.114212
69.7686 14.7266 0.108216
69.6696 14.7212 0.113841
69.7083 14.7805 0.114542
69.7139 14.7855 0.114567
69.6976 14.8172 0.111164
69.6005 14.7755 0.116756
69.6527 14.7592 0.11693
69.6562 14.782 0.111202
69.6622 14.7838 0.110959
69.5446 14.7103 0.10878
69.6925 14.8148 0.11652
69.6915 14.7832 0.116674
69.7203 14.7956 0.113392
69.5322 14.8006 0.111439
69.5975 14.6373 0.114309
69.6906 14.7292 0.111817
69.7309 14.7885 0.11525
69.64 14.8112 0.111293
69.6915 14.7434 0.110821
69.6701 14.8513 0.11231
69.6583 14.7425 0.111312
69.6895 14.77 0.112285
69.7299 14.7787 0.113979
69.7011 14.7844 0.113533
69.7426 14.7673 0.110566
69.6666 14.8646 0.11487
69.5925 14.8767 0.111814
69.6883 14.8302 0.117347
69.6362 14.7441 0.112178
69.7155 14.8096 0.109989
69.5829 14.6913 0.114244
69.588 14.8008 0.112762
69.7361 14.7843 0.115279
69.7091 14.693 0.115511
69.6918 14.7548 0.115415
69.6993 14.7428 0.113991
69.714 14.8166 0.111597
69.7132 14.7995 0.108839
69.6611 14.791 0.11545
69.7319 14.7505 0.110966
69.7359 14.7592 0.110134
69.7433 14.7657 0.113076
69.6377 14.8466 0.116131
69.6956 14.7404 0.109907
69.7636 14.7492 0.111469
69.739 14.7511 0.111699
69.6976 14.7423 0.116153
69.6177 14.9026 0.115836
69.7055 14.6724 0.112946
69.619 14.7456 0.116409
69.6582 14.8355 0.112288
69.6423 14.7935 0.112876
69.7266 14.6932 0.112811
69.7044 14.8061 0.115522
69.7033 14.718 0.114911
69.7714 14.7088 0.111131
69.7699 14.7162 0.1109
69.5921 14.7802 0.111754
69.6596 14.8327 0.114774
69.7028 14.7692 0.109835
69.6997 14.7755 0.109717
69.7159 14.8149 0.114289
69.6051 14.7377 0.112401
69.6839 14.7771 0.113428
69.602 14.7506 0.115781
69.7299 14.7986 0.109853
69.7678 14.7136 0.115119
69.6283 14.9047 0.114533
69.6771 14.6974 0.114517
69.6758 14.7079 0.114367
69.762 14.722 0.114272
69.6844 14.8564 0.117569
69.685 14.7798 0.112214
69.6598 14.7853 0.113374
69.6566 14.7841 0.113333
69.7841 14.725 0.110267
69.8004 14.7163 0.113328
69.6848 14.7627 0.111671
69.711 14.7811 0.114455
69.6082 14.7732 0.116706
69.6546 14.7641 0.116933
69.5569 14.8455 0.115175
69.7507 14.7653 0.110047
69.6902 14.7846 0.116801
69.7129 14.7528 0.114668
69.7129 14.7922 0.11324
69.6893 14.7823 0.111568
69.7139 14.7028 0.109879
69.7167 14.6969 0.109763
69.5973 14.6314 0.11431
69.5939 14.6383 0.114087
69.6588 14.8189 0.109336
69.6388 14.7781 0.111143
69.7322 14.7916 0.115384
69.6448 14.805 0.111016
69.6915 14.7463 0.111207
69.6596 14.7382 0.1115
69.7123 14.7923 0.117622
69.5247 14.942 0.112697
69.6885 14.7616 0.112098
69.637 14.7824 0.11351
69.638 14.7827 0.113257
69.7411 14.7186 0.113309
69.6713 14.862 0.114741
69.6596 14.8825 0.111441
69.694 14.8259 0.117417
69.5877 14.6943 0.114467
69.6815 14.7434 0.112581
69.7347 14.7855 0.115269
69.7247 14.8112 0.115709
69.6693 14.8069 0.114431
69.6288 14.6769 0.112593
69.684 14.7558 0.112087
69.6964 14.8446 0.11355
69.6561 14.7374 0.111459
69.6863 14.6968 0.112207
69.7481 14.7678 0.115467
69.6724 14.7384 0.110956
69.7238 14.765 0.112862
69.6582 14.8039 0.113038
69.724 14.7213 0.113485
69.698 14.7488 0.11606
69.7044 14.6681 0.113295
69.6311 14.6958 0.111594
69.6129 14.742 0.11628
69.6438 14.7951 0.112899
69.7087 14.8083 0.115539
69.7185 14.7754 0.116998
69.6494 14.74 0.114766
69.7697 14.7113 0.110859
69.6474 14.8731 0.114458
69.6483 14.7719 0.115463
69.7044 14.7669 0.109596
69.6087 14.8274 0.113131
69.6806 14.7711 0.113474
69.7266 14.8058 0.109849
69.386 14.7981 0.109736
