71.8242 -40.9855 3.79101
71.972 -40.8636 3.78936
72.0166 -40.8496 3.79151
71.9002 -40.8612 3.79204
71.9536 -40.9765 3.79053
71.9901 -40.8137 3.79169
71.9775 -40.8911 3.79016
71.991 -40.8805 3.79442
72.0098 -40.9013 3.79339
71.98 -40.8248 3.78903
71.9014 -40.9463 3.79236
71.9283 -40.8396 3.79306
71.9592 -40.8977 3.79211
72.0614 -40.9036 3.79308
71.9904 -40.8458 3.79334
71.9564 -40.8875 3.78899
71.997 -40.8943 3.79234
71.9788 -40.9676 3.78966
71.9617 -40.9795 3.78974
72.0164 -40.9515 3.78838
72.005 -40.9034 3.79196
72.0033 -40.9087 3.79379
71.8934 -40.8842 3.79278
72.0232 -40.902 3.79263
71.9956 -40.8783 3.79181
71.9272 -40.864 3.79097
72.0526 -40.969 3.79081
72.0407 -40.8695 3.78851
72.0343 -40.7527 3.79308
72.003 -40.9386 3.79414
71.9602 -40.8852 3.79024
72.0469 -40.9138 3.78915
71.9952 -40.9336 3.7955
72.0145 -40.7923 3.79065
72.0065 -40.9608 3.79305
72.0254 -40.9782 3.7943
71.9966 -40.9919 3.79258
72.0029 -40.85 3.79215
72.0169 -40.9095 3.79525
71.9381 -40.9019 3.79165
72.0148 -40.8428 3.79551
71.9785 -40.9521 3.79202
71.9583 -40.9661 3.7936
71.9907 -40.8346 3.79513
72.0058 -40.795 3.79275
72.1314 -40.8329 3.79326
71.9024 -40.8895 3.79067
71.8637 -40.8833 3.78964
72.0112 -41.0403 3.79379
71.9373 -40.9664 3.79077
71.9244 -41.0212 3.79062
72.0103 -40.9942 3.79075
72.0346 -40.9392 3.79203
72.0697 -41.0066 3.79153
71.983 -40.8281 3.79613
72.0057 -40.8687 3.79133
72.0683 -40.8864 3.79457
71.9006 -40.8852 3.79393
72.0002 -41.0164 3.78939
71.9485 -40.7947 3.79321
71.9537 -40.8814 3.79208
71.9714 -40.9855 3.79137
72.0166 -40.85 3.79482
71.9588 -40.7766 3.79228
71.9247 -40.894 3.79089
71.956 -40.8114 3.7924
71.9585 -40.8629 3.79064
72.0146 -40.838 3.79424
72.0204 -40.9213 3.79376
71.9577 -40.9382 3.79415
71.9412 -40.9349 3.79115
71.9426 -40.8131 3.79158
72.0232 -40.8306 3.79314
72.0377 -40.9377 3.78791
71.9483 -40.9843 3.7891
71.9219 -40.9643 3.78858
71.9534 -40.835 3.79118
71.9043 -40.8706 3.79533
72.0126 -40.9408 3.79204
71.9517 -40.8606 3.79407
71.955 -40.8644 3.79487
71.9683 -40.832 3.79506
72.0299 -40.972 3.7912
72.001 -40.8162 3.79328
72.0176 -40.9047 3.78881
72.0994 -40.8664 3.79184
71.9788 -40.8881 3.78957
71.9282 -40.9501 3.79257
71.922 -40.9883 3.78982
71.8827 -40.8694 3.79176
71.9346 -40.9035 3.79298
71.8673 -40.9501 3.79158
71.9231 -40.8778 3.79216
72.0812 -40.9132 3.79068
71.9728 -40.9134 3.79232
71.9777 -40.9291 3.79485
71.9169 -40.9063 3.7948
71.9609 -40.7659 3.79195
71.8453 -40.822 3.79324
71.8384 -40.8493 3.7914
72.0933 -40.9653 3.78694
71.9386 -40.8536 3.79281
71.9405 -40.9325 3.79165
71.8327 -40.9331 3.79166
71.9431 -40.9119 3.7931
72.0098 -40.8647 3.79185
71.9416 -41.0637 3.791
72.0399 -40.9276 3.79019
71.8814 -40.8403 3.79382
71.9637 -40.9475 3.79175
71.9766 -40.8139 3.79168
71.9182 -40.8088 3.79278
71.8537 -40.9316 3.79404
72.0351 -40.9603 3.79078
72.1367 -40.8932 3.79254
71.9534 -40.9748 3.79129
72.0213 -40.8251 3.79346
71.8603 -40.8155 3.79138
71.9928 -40.9759 3.79339
71.9586 -40.9299 3.79473
71.9836 -40.8398 3.79322
72.0532 -40.8746 3.79307
72.0317 -40.9345 3.79322
71.9536 -40.8733 3.79387
71.8622 -40.8701 3.79503
72.0672 -40.884 3.7926
71.9773 -40.8854 3.78986
72.0652 -40.9087 3.79171
71.9982 -40.8683 3.79297
71.8951 -40.8587 3.79292
71.9847 -40.8354 3.79046
71.9915 -40.9486 3.79103
72.0821 -40.9247 3.78773
71.9742 -40.8818 3.79416
71.9503 -40.961 3.79334
71.9229 -40.855 3.79492
72.0587 -40.902 3.79614
71.8717 -40.8364 3.79375
72.2024 -40.9558 3.79453
72.0222 -40.9076 3.79259
72.0313 -40.9423 3.79408
71.9835 -40.8018 3.79276
71.9056 -40.8793 3.79095
72.0271 -40.89 3.79219
71.9517 -40.8816 3.79114
72.0052 -40.9359 3.79091
71.9439 -40.8352 3.79347
71.9211 -40.8565 3.79316
72.0212 -40.7875 3.79688
71.9384 -40.8282 3.79374
72.0037 -40.9519 3.79186
72.0044 -40.7304 3.79447
72.0092 -40.8906 3.79305
71.9485 -40.9937 3.7921
71.9608 -41.023 3.79097
71.9036 -40.8669 3.79435
71.8781 -40.8934 3.79402
72.0056 -40.7953 3.79156
72.0582 -40.8759 3.79453
71.9683 -40.8618 3.7929
71.8955 -40.9065 3.79279
71.877 -40.8382 3.79367
71.9196 -40.8651 3.79234
71.8012 -40.7404 3.79387
71.9481 -40.8657 3.7897
71.9527 -40.7782 3.79467
71.903 -40.9782 3.79186
72.0683 -40.7915 3.79299
71.9109 -40.9552 3.79531
71.9517 -40.9656 3.79276
71.9158 -40.8212 3.79272
71.9186 -40.7395 3.79351
72.0594 -40.8748 3.79285
71.9775 -40.9489 3.78787
71.9243 -41.0722 3.78764
71.8713 -41.0262 3.78996
71.9633 -41.0023 3.78875
71.9148 -40.8482 3.79194
72.0648 -40.9459 3.7913
72.0465 -40.8834 3.79324
71.9587 -40.9105 3.79191
71.8972 -40.9279 3.79311
71.8664 -40.9304 3.79237
71.9985 -40.9445 3.7946
71.9842 -40.8894 3.79437
71.8503 -40.7805 3.791
71.994 -40.852 3.78995
71.9695 -40.904 3.78976
71.9922 -41.0239 3.79097
71.9676 -40.8056 3.79457
71.9189 -40.898 3.79238
71.9879 -40.9276 3.78921
71.9533 -40.9511 3.78889
72.0815 -40.9543 3.7924
71.9444 -40.9019 3.79428
72.0288 -40.9601 3.79184
71.9797 -40.7802 3.79241
71.9063 -40.838 3.79708
71.9194 -40.9735 3.7902
72.0605 -40.8232 3.79237
71.9603 -40.9866 3.79342
71.9531 -40.7933 3.79401
71.8822 -40.9311 3.7918
71.9317 -41.0286 3.79199
72.0625 -40.8621 3.79157
71.9771 -40.946 3.79287
71.9505 -40.9581 3.79332
71.9881 -40.9332 3.79256
71.9647 -40.835 3.79139
72.0109 -40.9008 3.79163
71.9413 -40.8199 3.79154
71.9771 -40.973 3.79194
72.008 -40.9876 3.79199
72.0661 -40.7846 3.79301
71.9832 -40.8208 3.79217
71.8584 -40.906 3.79048
71.9558 -40.91 3.79209
71.8787 -40.8933 3.79069
72.0294 -40.9844 3.79259
71.8896 -40.9024 3.79311
72.056 -40.8373 3.79375
71.9137 -40.8172 3.79521
72.0115 -40.9136 3.79316
71.9688 -40.8261 3.79256
71.9801 -40.8289 3.79115
71.976 -40.9424 3.79194
72.0471 -40.8432 3.79303
71.8838 -40.974 3.79053
71.8664 -40.9549 3.79305
71.9191 -40.8652 3.79167
71.9873 -40.9117 3.79188
72.0109 -40.9146 3.79117
72.0769 -40.9152 3.78709
72.0497 -40.8413 3.79291
72.0876 -40.9216 3.78991
71.9628 -40.824 3.79585
71.9744 -40.8709 3.79335
71.9216 -40.8717 3.79138
71.9065 -40.897 3.79162
72.0181 -40.8485 3.79026
71.9631 -40.8245 3.79278
72.0202 -40.898 3.79357
71.985 -40.9292 3.79548
71.9905 -40.932 3.7919
71.9581 -40.9005 3.79257
71.9983 -40.9847 3.79303
71.9519 -40.9598 3.79394
71.8319 -40.881 3.79422
71.8936 -40.8062 3.79352
71.8814 -40.8994 3.79557
71.9978 -40.8952 3.78834
72.0026 -40.8095 3.79423
71.9788 -41.0383 3.79035
71.931 -40.9594 3.79059
71.9293 -40.9162 3.79343
71.94 -40.7789 3.79421
72.0022 -40.8523 3.79084
71.9725 -40.8847 3.79377
71.8689 -40.8619 3.79192
71.8317 -40.8857 3.79342
71.9304 -40.8852 3.7915
71.9294 -40.8016 3.79273
71.9783 -41.0142 3.7921
71.8994 -40.9564 3.79172
71.9872 -40.8994 3.79328
71.8978 -40.9498 3.78989
71.9291 -40.7829 3.79075
71.968 -40.8589 3.79067
72.0453 -40.8134 3.79443
71.931 -40.8612 3.79493
71.975 -40.957 3.79037
72.0032 -40.9625 3.78957
71.9895 -40.9622 3.79172
71.9655 -40.9113 3.79124
71.8973 -40.9119 3.79147
72.0219 -40.9885 3.78974
71.9317 -40.8503 3.79892
71.984 -40.8892 3.79215
71.9688 -40.8695 3.79241
71.9606 -40.9029 3.79245
71.9677 -40.9123 3.78947
71.9528 -41.06 3.78899
71.9812 -40.9669 3.78922
72.0423 -40.9047 3.79252
72.0631 -40.9378 3.79177
72.0195 -40.9281 3.79274
71.8235 -40.8705 3.79121
71.889 -40.9108 3.79533
71.8642 -40.958 3.79488
71.9773 -40.8976 3.78922
72.08 -40.9285 3.79237
72.0925 -40.9086 3.79287
71.9691 -40.9856 3.78971
71.9347 -40.9198 3.78934
71.992 -40.9079 3.79432
72.01 -40.8839 3.79118
71.9435 -40.7943 3.79151
71.9218 -40.9703 3.79113
71.9957 -40.8537 3.79276
71.9854 -40.961 3.79054
71.8984 -40.8915 3.7925
72.0113 -40.8516 3.79242
71.9808 -40.9327 3.79333
71.9611 -40.9548 3.79492
71.9649 -40.8244 3.79578
71.9055 -40.8088 3.79163
71.9047 -40.8455 3.79197
71.9654 -40.9585 3.79021
72.0413 -41.0186 3.78744
71.9897 -40.9103 3.79392
71.8786 -40.8892 3.79215
72.0042 -40.8767 3.79226
72.0373 -41.0099 3.7913
71.9703 -40.8427 3.79209
71.8881 -40.8268 3.7926
71.9522 -40.9794 3.79197
71.9918 -40.7509 3.7935
71.9211 -40.8318 3.79226
71.8726 -40.8932 3.79434
72.0546 -40.9189 3.78992
72.0584 -40.9003 3.79244
71.9196 -40.9178 3.79346
71.8721 -40.8749 3.79221
71.8902 -40.8979 3.79249
71.9091 -40.8434 3.7922
71.9183 -40.8271 3.79455
71.9706 -40.8987 3.7944
71.9734 -40.8483 3.79469
71.9963 -40.8909 3.79573
72.0516 -40.8115 3.79404
71.9943 -40.9321 3.79378
71.9016 -40.9018 3.7942
71.9276 -40.9082 3.79427
71.9606 -40.9118 3.79563
72.049 -40.838 3.79063
71.9032 -40.9457 3.79254
71.8912 -40.8147 3.79295
71.975 -40.9441 3.79186
71.917 -40.894 3.79179
72.0309 -40.7874 3.79503
71.9567 -40.737 3.79103
72.0092 -40.878 3.78948
72.0238 -40.8665 3.79171
71.9666 -41.0094 3.79376
72.0231 -40.9367 3.78949
71.9377 -40.8763 3.78969
72.0709 -40.9576 3.79379
71.9745 -40.9224 3.79072
71.8639 -40.8965 3.79148
71.9566 -40.9268 3.79202
72.0084 -40.8803 3.79251
72.0331 -40.915 3.7914
71.9768 -40.9331 3.79435
72.0047 -40.803 3.79283
71.9489 -40.8848 3.79437
71.9687 -40.844 3.79359
71.9163 -40.8783 3.7931
71.9163 -40.8462 3.79236
71.9567 -40.9838 3.79317
71.9575 -40.8728 3.79232
71.9298 -40.8119 3.79383
72.0066 -40.8362 3.79318
71.8628 -40.9707 3.79063
72.0089 -40.7159 3.79573
71.9669 -40.912 3.79294
71.9696 -41.0386 3.79332
71.92 -41.0283 3.79068
72.0958 -40.8867 3.78925
72.0811 -40.9249 3.79548
71.9108 -40.8373 3.79362
71.9794 -40.9075 3.7928
71.9033 -40.7906 3.79312
71.8073 -40.9525 3.79383
71.8687 -40.9108 3.79393
72.0239 -40.8284 3.78973
71.9772 -40.9252 3.79283
71.8709 -41.0093 3.79375
71.9182 -40.9426 3.79197
72.0605 -40.8445 3.79353
71.9503 -40.8618 3.79212
72.0981 -40.8918 3.79285
72.0443 -40.8499 3.79305
72.058 -40.9516 3.79167
71.8921 -40.7958 3.79291
72.0448 -40.9431 3.79233
71.9585 -40.7705 3.79088
72.007 -40.8501 3.79443
71.9856 -40.9331 3.79068
71.9293 -40.9946 3.78995
72.0057 -40.8683 3.79196
72.0051 -40.8652 3.79112
71.9809 -40.9077 3.79001
71.9428 -40.8296 3.79426
71.8075 -40.8556 3.79687
71.9581 -40.8933 3.79428
71.8716 -40.8449 3.78998
72.0064 -40.8603 3.79044
72.0772 -40.8611 3.79314
72.0625 -40.956 3.79421
71.8925 -40.8407 3.79265
71.9542 -40.8274 3.79395
71.9669 -40.9388 3.79476
71.9808 -40.8676 3.79376
72.0157 -40.8985 3.79337
71.9067 -40.909 3.79188
72.023 -40.9387 3.78874
71.9682 -40.911 3.7895
71.9426 -40.8694 3.79414
71.9717 -40.8504 3.79011
71.9344 -40.8302 3.79092
72.0211 -40.927 3.78891
72.0568 -40.9132 3.79351
71.969 -40.9763 3.7922
71.9771 -40.925 3.79494
71.9956 -40.9856 3.79258
71.9518 -40.8422 3.79486
71.9493 -40.9575 3.79344
71.9533 -40.8868 3.79245
72.0859 -40.866 3.79239
71.9659 -40.77 3.79324
71.8949 -40.9117 3.7912
71.9528 -40.9727 3.78723
72.0025 -40.9878 3.79096
72.0393 -40.8708 3.79037
71.932 -40.7833 3.79092
71.968 -40.9914 3.78945
72.0304 -40.7983 3.79168
71.9067 -40.9319 3.79454
71.887 -40.7993 3.79564
72.0048 -40.8345 3.79203
72.0989 -40.9396 3.79365
71.9859 -40.8891 3.79343
71.8168 -40.8156 3.79297
71.9636 -40.772 3.79102
72.013 -40.8347 3.79383
71.9812 -40.8835 3.79592
71.9829 -40.9236 3.79172
71.9853 -40.9118 3.79355
71.8523 -40.795 3.79242
72.0697 -40.9625 3.79442
71.9115 -40.879 3.79017
71.9192 -40.9555 3.7909
72.0337 -40.9577 3.79153
72.021 -40.9957 3.78951
71.935 -40.8122 3.78917
72.0512 -40.8767 3.78827
71.8694 -40.8446 3.79765
71.9675 -40.9305 3.79414
71.9309 -40.8708 3.79513
72.0069 -40.909 3.79581
71.9652 -40.8424 3.7933
71.9736 -40.8486 3.79119
71.9232 -40.8805 3.79325
71.92 -40.9085 3.79221
71.9319 -40.9237 3.78824
71.8819 -40.835 3.79369
71.9749 -40.8243 3.79249
71.9182 -40.9795 3.79042
71.932 -40.8815 3.79193
71.9954 -40.8569 3.79107
72.0072 -40.8768 3.7933
72.0399 -40.9398 3.79404
72.0325 -40.8902 3.7922
71.9015 -40.7696 3.79375
71.9393 -40.9141 3.79087
71.9964 -41.0242 3.79299
71.9365 -40.8436 3.79356
71.9464 -40.8955 3.79203
71.985 -40.8196 3.7932
71.8429 -41.0058 3.79255
71.9931 -40.9102 3.79364
71.985 -40.9371 3.79305
72.0211 -40.8807 3.78917
71.9625 -41.0037 3.79139
71.9309 -40.8454 3.79357
71.9477 -40.9165 3.79442
72.12 -40.8837 3.79297
71.8844 -40.9084 3.79095
71.9347 -40.8411 3.79146
71.8515 -40.8881 3.79191
71.8626 -40.9068 3.79195
71.952 -40.884 3.79093
72.0356 -40.8789 3.78749
72.0574 -40.9517 3.79166
71.9705 -40.8506 3.79254
72.0367 -40.8572 3.79058
72.0429 -40.9067 3.79336
71.9414 -40.9512 3.79022
71.9076 -40.7836 3.79248
71.9804 -40.9104 3.79306
71.8832 -40.8824 3.79378
71.9816 -40.9022 3.79263
72.0283 -40.7826 3.79168
71.9834 -40.8462 3.79274
71.9382 -40.9607 3.78929
71.9606 -41.019 3.7915
71.9131 -40.8469 3.79114
72.0385 -40.9387 3.7928
71.8479 -40.9116 3.79196
72.8293 -43.7432 3.79117
