223.802 -13.2665 2.93205
223.954 -13.3764 2.93398
223.795 -13.3581 2.9306
223.781 -13.2119 2.9325
223.771 -13.3068 2.9344
223.827 -13.328 2.93684
223.747 -13.3613 2.93641
223.677 -13.1527 2.92946
223.816 -13.3494 2.93497
223.812 -13.4162 2.93547
223.857 -13.2441 2.93296
223.694 -13.3847 2.93175
223.838 -13.2955 2.93179
223.651 -13.3411 2.9314
223.798 -13.3357 2.93402
223.709 -13.2918 2.93107
223.666 -13.2293 2.92776
223.681 -13.2134 2.93347
223.688 -13.3442 2.93301
223.961 -13.3495 2.9304
223.727 -13.303 2.93024
223.881 -13.3543 2.93579
223.816 -13.3213 2.93294
223.751 -13.322 2.93758
223.794 -13.2615 2.93171
223.782 -13.1896 2.92694
223.855 -13.3039 2.9295
223.739 -13.2744 2.93034
223.74 -13.2862 2.93225
223.77 -13.1886 2.93345
223.829 -13.4055 2.93365
223.677 -13.1551 2.93127
223.698 -13.2026 2.9326
223.792 -13.277 2.9333
223.666 -13.2677 2.93091
223.755 -13.3113 2.93129
223.68 -13.2794 2.93436
223.742 -13.2534 2.93277
223.765 -13.3207 2.93482
223.72 -13.3987 2.93648
223.672 -13.2863 2.93039
223.818 -13.3215 2.93185
223.77 -13.187 2.93329
223.744 -13.385 2.92968
223.695 -13.3004 2.93495
223.784 -13.3362 2.93501
223.855 -13.2673 2.93492
223.926 -13.2833 2.93238
223.794 -13.2798 2.93703
223.773 -13.261 2.93067
223.845 -13.2408 2.9361
223.951 -13.349 2.93356
223.608 -13.3834 2.93257
223.734 -13.19 2.93228
223.841 -13.299 2.92812
223.838 -13.2335 2.93028
223.843 -13.3906 2.93057
223.762 -13.3142 2.93176
223.832 -13.2658 2.93278
223.746 -13.298 2.93222
223.75 -13.2987 2.93279
223.781 -13.3637 2.93333
223.798 -13.2862 2.9311
223.753 -13.3027 2.9323
223.868 -13.3275 2.93521
223.912 -13.3084 2.93365
223.828 -13.2992 2.93486
223.799 -13.1933 2.93049
223.691 -13.2945 2.93215
223.778 -13.3886 2.93479
223.752 -13.2812 2.93279
223.701 -13.2923 2.93323
223.734 -13.3282 2.93049
223.616 -13.2307 2.92947
223.744 -13.2298 2.93318
223.744 -13.1866 2.93487
223.725 -13.331 2.93224
223.737 -13.3765 2.93324
223.644 -13.3515 2.93285
223.757 -13.3789 2.93399
223.875 -13.2123 2.93656
223.763 -13.2512 2.9318
223.747 -13.3258 2.93245
223.806 -13.1926 2.93199
223.859 -13.4405 2.93547
223.67 -13.305 2.93222
223.731 -13.3767 2.93309
223.851 -13.2498 2.93239
223.846 -13.3519 2.93283
223.837 -13.3717 2.93193
223.869 -13.3943 2.93396
223.83 -13.2276 2.93326
223.787 -13.3736 2.93713
223.796 -13.3481 2.93139
223.77 -13.2698 2.93076
223.838 -13.3058 2.93831
223.8 -13.2772 2.9353
223.792 -13.3067 2.93648
223.889 -13.3289 2.93557
223.71 -13.3603 2.93505
223.776 -13.3263 2.93426
223.947 -13.2426 2.93417
223.884 -13.493 2.93494
223.885 -13.2459 2.93413
223.928 -13.312 2.93487
223.856 -13.3275 2.93162
223.66 -13.2351 2.93415
223.68 -13.1588 2.93155
223.852 -13.3038 2.93284
223.774 -13.3467 2.9311
223.771 -13.3854 2.92985
223.68 -13.2535 2.93136
223.84 -13.2854 2.93245
223.735 -13.2728 2.93192
223.798 -13.3616 2.93269
223.786 -13.3621 2.93135
223.857 -13.3574 2.93502
223.775 -13.2871 2.93806
223.831 -13.2666 2.93718
223.783 -13.2396 2.93125
223.8 -13.2569 2.93525
223.836 -13.3137 2.93897
223.804 -13.2802 2.93152
223.769 -13.3412 2.93075
223.779 -13.3229 2.93153
223.803 -13.3367 2.93068
223.733 -13.3077 2.93445
223.636 -13.3199 2.93387
223.66 -13.3229 2.93328
223.929 -13.2579 2.93303
223.744 -13.2246 2.93129
223.741 -13.3167 2.93244
223.708 -13.3492 2.93187
223.681 -13.3434 2.93414
223.736 -13.3246 2.93437
223.782 -13.3253 2.93289
223.813 -13.2402 2.93162
223.78 -13.1957 2.93258
223.749 -13.2814 2.93136
223.678 -13.3391 2.93522
223.789 -13.2966 2.93353
223.804 -13.2716 2.93359
223.891 -13.3174 2.9353
223.897 -13.3358 2.93332
223.784 -13.355 2.93391
223.683 -13.1594 2.93369
223.773 -13.2169 2.93184
223.787 -13.2404 2.92955
223.838 -13.1903 2.93211
223.751 -13.3424 2.93242
223.786 -13.2515 2.93477
223.733 -13.2246 2.93203
223.798 -13.4031 2.93456
223.719 -13.414 2.9336
223.877 -13.3447 2.93397
223.758 -13.2488 2.9327
223.828 -13.2058 2.93095
223.892 -13.3109 2.93688
223.96 -13.2628 2.93469
223.859 -13.2269 2.9306
223.83 -13.3799 2.93538
223.727 -13.3209 2.93167
223.666 -13.3151 2.93482
223.644 -13.3465 2.93426
223.707 -13.3811 2.93541
223.576 -13.301 2.93206
223.75 -13.3886 2.93396
223.912 -13.234 2.93537
223.825 -13.2539 2.93369
223.709 -13.4364 2.92949
223.788 -13.2862 2.93491
223.743 -13.3137 2.93295
223.792 -13.1708 2.93748
223.861 -13.1837 2.93053
223.759 -13.358 2.9312
223.768 -13.2665 2.93278
223.81 -13.3446 2.93292
223.795 -13.2934 2.93239
223.832 -13.4203 2.93228
223.865 -13.4616 2.93522
223.874 -13.4698 2.93355
223.823 -13.3636 2.93066
223.771 -13.3484 2.93253
223.781 -13.3067 2.93314
223.806 -13.2489 2.93222
223.865 -13.2453 2.93402
223.826 -13.2757 2.93344
223.755 -13.2376 2.93219
223.881 -13.3438 2.93985
223.838 -13.3597 2.92946
223.785 -13.3389 2.93127
223.828 -13.3492 2.93755
223.803 -13.3982 2.93608
223.844 -13.3274 2.9363
223.83 -13.3004 2.93059
223.704 -13.3944 2.93213
223.729 -13.3066 2.93316
223.674 -13.3784 2.93394
223.844 -13.3372 2.93388
223.691 -13.2886 2.93131
223.817 -13.3264 2.9363
223.829 -13.3395 2.93523
223.756 -13.3099 2.92819
223.718 -13.3426 2.93124
223.739 -13.3374 2.93335
223.821 -13.291 2.93134
223.818 -13.3837 2.93222
223.792 -13.3781 2.93674
223.86 -13.2183 2.93365
223.759 -13.2747 2.93184
223.963 -13.4064 2.93386
223.801 -13.2997 2.93076
223.71 -13.2945 2.93385
223.732 -13.2627 2.93028
223.705 -13.2702 2.92855
223.686 -13.1917 2.92925
223.63 -13.2374 2.93358
223.713 -13.3034 2.93133
223.824 -13.3518 2.93309
223.787 -13.2923 2.93627
223.723 -13.3117 2.93224
223.782 -13.2199 2.93342
223.754 -13.2326 2.93118
223.785 -13.3247 2.93328
223.786 -13.2817 2.93282
223.734 -13.2076 2.93219
223.792 -13.3104 2.93112
223.801 -13.25 2.93529
223.76 -13.2694 2.93698
223.836 -13.1898 2.93197
223.808 -13.2408 2.92932
223.925 -13.1686 2.93369
223.844 -13.155 2.93584
223.782 -13.3308 2.93723
223.743 -13.3028 2.92976
223.749 -13.3386 2.93176
223.748 -13.3148 2.9322
223.678 -13.3154 2.93439
223.593 -13.3541 2.93423
223.703 -13.1962 2.93119
223.805 -13.2472 2.92774
223.852 -13.3676 2.93501
223.752 -13.2842 2.93285
223.788 -13.2923 2.93293
223.841 -13.3268 2.93298
223.766 -13.2798 2.93227
223.774 -13.2911 2.93336
223.793 -13.2976 2.93591
223.877 -13.3836 2.93303
223.775 -13.2588 2.93517
223.841 -13.2844 2.93375
223.794 -13.3532 2.93386
223.744 -13.3939 2.93457
223.797 -13.3685 2.93479
223.72 -13.2761 2.9347
223.637 -13.2205 2.92996
223.658 -13.3781 2.93669
223.763 -13.4695 2.9357
223.761 -13.1614 2.93409
223.746 -13.4041 2.93403
223.727 -13.3213 2.93342
223.723 -13.1474 2.93395
223.656 -13.2404 2.93477
223.804 -13.3522 2.93314
223.717 -13.2378 2.93391
223.672 -13.2949 2.93228
223.692 -13.2694 2.93281
223.808 -13.2458 2.93647
223.893 -13.3453 2.93388
223.785 -13.3829 2.92868
223.784 -13.3414 2.93488
223.819 -13.3126 2.9334
223.641 -13.2913 2.93015
223.667 -13.3595 2.93205
223.79 -13.2401 2.93186
223.729 -13.2353 2.93154
223.809 -13.3179 2.93428
223.769 -13.3177 2.93271
223.755 -13.2869 2.93439
223.837 -13.357 2.92979
223.683 -13.2534 2.93091
223.758 -13.2388 2.93364
223.638 -13.3078 2.93558
223.704 -13.3478 2.9335
223.675 -13.3413 2.93169
223.878 -13.2958 2.93525
223.744 -13.2746 2.93446
223.809 -13.3151 2.93354
223.695 -13.2619 2.9336
223.785 -13.3211 2.93347
223.843 -13.3618 2.93088
223.808 -13.1833 2.93424
223.806 -13.2227 2.93272
223.888 -13.2611 2.93375
223.722 -13.3032 2.93159
223.706 -13.3364 2.93016
223.871 -13.2583 2.93366
223.932 -13.2892 2.93415
223.753 -13.2988 2.92879
223.802 -13.1792 2.93176
223.795 -13.3134 2.93299
223.812 -13.2417 2.93204
223.828 -13.3577 2.93231
223.897 -13.3633 2.9362
223.761 -13.274 2.93353
223.711 -13.3295 2.93457
223.759 -13.1342 2.9346
223.736 -13.1312 2.93437
223.713 -13.2436 2.92989
223.767 -13.1877 2.93236
223.775 -13.3011 2.93302
223.643 -13.3575 2.93109
223.671 -13.3492 2.93173
223.854 -13.3435 2.9296
223.776 -13.2521 2.93211
223.739 -13.2798 2.93292
223.736 -13.4412 2.93067
223.709 -13.4436 2.93132
223.78 -13.2974 2.93322
223.822 -13.2684 2.933
223.81 -13.3898 2.9319
223.781 -13.2068 2.93311
223.762 -13.2555 2.93289
223.753 -13.3198 2.93266
223.81 -13.4331 2.93199
223.808 -13.266 2.93152
223.821 -13.2571 2.93386
223.808 -13.3065 2.93456
223.732 -13.3333 2.93514
223.838 -13.2646 2.93323
223.885 -13.2657 2.93443
223.725 -13.1483 2.93336
223.75 -13.3091 2.92995
223.763 -13.225 2.93167
223.737 -13.2929 2.93346
223.712 -13.2804 2.93616
223.773 -13.251 2.93584
223.794 -13.294 2.93361
223.723 -13.2995 2.93507
223.667 -13.2738 2.93457
223.877 -13.2947 2.93564
223.801 -13.3195 2.93429
223.778 -13.2421 2.93414
223.794 -13.3131 2.9306
223.734 -13.2683 2.93003
223.903 -13.3748 2.93742
223.702 -13.3293 2.93489
223.769 -13.3837 2.93643
223.923 -13.3245 2.93474
223.712 -13.2423 2.93569
223.729 -13.2123 2.93525
223.783 -13.2924 2.9322
223.82 -13.3394 2.93071
223.803 -13.1966 2.932
223.722 -13.3121 2.93442
223.757 -13.2969 2.93414
223.791 -13.278 2.9362
223.825 -13.1864 2.9311
223.872 -13.237 2.93023
223.724 -13.3389 2.93111
223.827 -13.3965 2.93247
223.771 -13.4117 2.93129
223.9 -13.466 2.93384
223.781 -13.2756 2.93837
223.872 -13.3552 2.93635
223.739 -13.272 2.93407
223.754 -13.3316 2.93169
223.878 -13.2094 2.93512
223.703 -13.3202 2.93255
223.823 -13.2333 2.93307
223.834 -13.3974 2.9323
223.811 -13.2475 2.93255
223.827 -13.3931 2.93239
223.813 -13.238 2.93245
223.738 -13.1919 2.93273
223.883 -13.3104 2.93464
223.889 -13.2554 2.93221
223.757 -13.2193 2.93362
223.859 -13.4344 2.93658
223.785 -13.3682 2.93496
223.707 -13.3672 2.93865
223.804 -13.3643 2.93536
223.741 -13.3146 2.93141
223.676 -13.3549 2.93144
223.685 -13.3385 2.93233
223.826 -13.3062 2.93093
223.692 -13.262 2.93108
223.724 -13.2444 2.93215
223.728 -13.2631 2.93271
223.748 -13.1862 2.93076
223.743 -13.2693 2.93288
223.982 -13.389 2.93417
223.788 -13.3257 2.93306
223.746 -13.3246 2.93084
223.722 -13.1947 2.93439
223.799 -13.4141 2.93704
223.774 -13.3042 2.93249
223.848 -13.3245 2.9318
223.895 -13.2103 2.93591
223.9 -13.197 2.93221
223.783 -13.3388 2.93404
223.772 -13.2839 2.93317
223.78 -13.1952 2.92769
223.735 -13.3041 2.93264
223.802 -13.1115 2.92824
223.712 -13.2839 2.92939
223.674 -13.2685 2.92956
223.678 -13.151 2.93035
223.706 -13.2821 2.93169
223.729 -13.3114 2.93002
223.765 -13.2707 2.93516
223.813 -13.3587 2.93481
223.754 -13.2862 2.93138
223.746 -13.2635 2.93304
223.916 -13.2004 2.93502
223.889 -13.2846 2.93549
223.745 -13.2729 2.93958
223.778 -13.3292 2.93385
223.825 -13.2336 2.93328
223.877 -13.3812 2.93588
223.839 -13.2888 2.9367
223.848 -13.2301 2.93573
223.746 -13.403 2.93331
223.658 -13.3304 2.93398
223.72 -13.1869 2.93273
223.746 -13.3539 2.93146
223.873 -13.3999 2.93132
223.845 -13.2184 2.93256
223.788 -13.1984 2.92989
223.66 -13.3008 2.93287
223.79 -13.3152 2.93591
223.774 -13.2599 2.93273
223.812 -13.3286 2.93275
223.854 -13.3039 2.93571
223.848 -13.329 2.93333
223.81 -13.3176 2.93018
223.701 -13.3115 2.93199
223.746 -13.343 2.93324
223.743 -13.272 2.93399
223.735 -13.3795 2.93401
223.791 -13.2872 2.93581
223.716 -13.2925 2.93356
223.69 -13.3239 2.9316
223.722 -13.3305 2.93339
223.798 -13.3125 2.93293
223.708 -13.4062 2.93543
223.742 -13.3836 2.93533
223.734 -13.3488 2.93552
223.867 -13.3867 2.92924
223.643 -13.4041 2.93102
223.829 -13.2537 2.93393
223.945 -13.2887 2.93246
223.794 -13.4209 2.93342
223.762 -13.361 2.93379
223.7 -13.2193 2.93193
223.841 -13.3394 2.93827
223.734 -13.3997 2.9323
223.715 -13.2214 2.93162
223.691 -13.2718 2.93048
223.93 -13.3893 2.93627
223.874 -13.3366 2.93301
223.808 -13.3944 2.93539
223.757 -13.3808 2.93533
223.84 -13.224 2.93302
223.742 -13.3113 2.93152
223.777 -13.4162 2.93217
223.816 -13.3634 2.93407
223.872 -13.3522 2.93662
223.809 -13.2133 2.93412
223.824 -13.2484 2.93523
223.707 -13.2163 2.93299
223.752 -13.3384 2.93422
223.771 -13.3475 2.93194
223.817 -13.3065 2.93364
223.895 -13.2285 2.93315
223.848 -13.2631 2.93269
223.799 -13.3456 2.9324
223.811 -13.3134 2.93152
223.72 -13.3731 2.93013
223.653 -13.3522 2.92868
223.81 -13.1348 2.9325
223.781 -13.3288 2.93375
223.867 -13.3503 2.93459
223.877 -13.3068 2.93612
223.816 -13.3247 2.93743
223.779 -13.238 2.93342
223.782 -13.296 2.93188
223.78 -13.2773 2.93141
223.799 -13.3301 2.93221
223.805 -13.2848 2.93361
223.68 -13.3051 2.93361
223.944 -13.2894 2.93389
223.714 -13.2771 2.93343
223.731 -13.3473 2.93353
223.712 -13.345 2.93508
223.681 -13.3447 2.93348
223.739 -13.2945 2.93612
223.803 -13.3019 2.93531
223.863 -13.3297 2.93205
225.407 -14.3237 2.91126
