159.69 -12.5861 3.28193
159.897 -12.6132 3.28324
159.845 -12.6958 3.28401
159.869 -12.6139 3.28174
159.791 -12.6512 3.28601
159.936 -12.6551 3.28499
159.973 -12.6377 3.28386
159.887 -12.6233 3.28304
159.95 -12.6866 3.28602
159.931 -12.6238 3.28577
159.791 -12.569 3.28385
159.799 -12.571 3.28382
159.847 -12.6441 3.28618
159.954 -12.5425 3.28776
159.793 -12.7212 3.28628
159.84 -12.6164 3.28379
159.835 -12.6331 3.28391
159.885 -12.7131 3.29012
159.943 -12.6844 3.28424
159.868 -12.6265 3.28658
159.863 -12.6364 3.28617
159.96 -12.6891 3.28824
159.989 -12.6413 3.28792
159.9 -12.5745 3.28777
159.958 -12.6788 3.28461
159.963 -12.683 3.28452
159.882 -12.6641 3.28324
159.893 -12.6529 3.28498
159.932 -12.602 3.28351
159.906 -12.6497 3.28584
159.826 -12.6306 3.28334
159.974 -12.6781 3.28637
159.776 -12.5891 3.28409
159.914 -12.5796 3.28358
159.93 -12.5594 3.28518
159.809 -12.6992 3.28095
159.972 -12.605 3.28886
159.972 -12.6093 3.28894
159.886 -12.6963 3.28738
159.847 -12.5107 3.28117
159.786 -12.6069 3.28045
159.879 -12.5926 3.28602
159.832 -12.5959 3.2831
159.795 -12.6128 3.28552
159.792 -12.6145 3.28564
159.956 -12.583 3.29216
159.857 -12.7168 3.28545
159.922 -12.6788 3.2861
159.899 -12.5045 3.28299
159.901 -12.5103 3.28313
159.846 -12.6715 3.28709
159.876 -12.6354 3.28623
159.982 -12.6869 3.28471
160.017 -12.5597 3.28691
159.782 -12.5845 3.28325
159.78 -12.5818 3.2833
159.945 -12.6607 3.28399
159.917 -12.5959 3.28641
159.96 -12.6794 3.28424
160.032 -12.6688 3.28564
159.886 -12.5481 3.28419
159.957 -12.5977 3.28388
159.891 -12.6414 3.28215
159.907 -12.5185 3.28339
159.838 -12.6273 3.28404
159.776 -12.5561 3.28385
159.784 -12.5548 3.28366
159.876 -12.6765 3.28556
159.812 -12.6942 3.28443
159.851 -12.5752 3.28015
159.833 -12.6537 3.28957
159.86 -12.6454 3.28559
159.964 -12.6956 3.2835
159.827 -12.6261 3.28273
159.927 -12.7292 3.28502
159.941 -12.6044 3.28227
159.952 -12.5582 3.2865
159.954 -12.628 3.28416
160.037 -12.6565 3.2872
159.94 -12.6482 3.28637
159.904 -12.6607 3.28448
159.913 -12.5997 3.2816
159.846 -12.6965 3.28412
159.953 -12.6613 3.28799
160.008 -12.646 3.28751
160.021 -12.5992 3.28503
159.934 -12.5498 3.28361
159.942 -12.6532 3.28498
159.97 -12.6339 3.2839
159.88 -12.6638 3.28539
159.947 -12.6654 3.28428
159.865 -12.6365 3.28523
159.776 -12.6295 3.28216
159.975 -12.6205 3.28582
159.97 -12.671 3.28876
159.955 -12.5385 3.28792
159.839 -12.6204 3.28383
159.956 -12.6257 3.28554
159.978 -12.5848 3.28814
159.936 -12.616 3.28155
159.929 -12.6835 3.28437
159.978 -12.7302 3.28721
159.867 -12.6295 3.28629
159.99 -12.6357 3.28775
159.782 -12.6244 3.28671
159.865 -12.608 3.28003
159.897 -12.5733 3.28794
159.831 -12.7794 3.28561
159.886 -12.6396 3.28609
159.896 -12.4835 3.28223
159.896 -12.4786 3.28234
159.818 -12.6821 3.28405
159.997 -12.5418 3.28737
159.814 -12.6489 3.28273
159.947 -12.6948 3.28795
159.984 -12.7639 3.28597
159.908 -12.6584 3.28568
159.953 -12.5575 3.28688
160.056 -12.7277 3.28783
159.911 -12.5849 3.28386
159.864 -12.6942 3.28824
159.843 -12.7179 3.2855
159.958 -12.7062 3.28597
159.937 -12.545 3.28354
159.786 -12.6514 3.28276
159.78 -12.651 3.28293
159.852 -12.5086 3.28125
159.842 -12.6614 3.28207
159.97 -12.6219 3.286
159.847 -12.6967 3.28027
159.856 -12.7278 3.28556
159.901 -12.5001 3.28287
159.897 -12.5068 3.28309
159.956 -12.7027 3.28625
159.961 -12.6965 3.28606
159.938 -12.7246 3.28644
159.835 -12.6803 3.28223
159.944 -12.5931 3.28501
159.945 -12.5934 3.28507
159.882 -12.5523 3.28422
159.901 -12.6404 3.28237
159.903 -12.5131 3.2832
159.983 -12.756 3.2862
159.934 -12.718 3.28854
159.884 -12.6566 3.28306
159.91 -12.5916 3.28466
159.938 -12.6963 3.28484
159.784 -12.5755 3.28378
159.79 -12.5745 3.28423
159.866 -12.6332 3.28557
159.9 -12.5371 3.2848
159.897 -12.5352 3.28485
159.965 -12.6671 3.28566
159.961 -12.5286 3.28475
159.893 -12.7257 3.28616
159.852 -12.6871 3.28479
159.812 -12.6707 3.28327
159.787 -12.6957 3.28491
159.976 -12.7644 3.28695
159.937 -12.6486 3.28636
159.9 -12.6614 3.28438
159.991 -12.6185 3.2839
159.899 -12.6542 3.28018
159.747 -12.5446 3.27875
159.748 -12.5472 3.27896
160.006 -12.6464 3.28763
159.968 -12.7052 3.28626
159.965 -12.6016 3.28402
159.944 -12.6527 3.28475
159.979 -12.639 3.28366
159.876 -12.66 3.28526
159.853 -12.6384 3.28255
159.867 -12.6313 3.28518
159.771 -12.6295 3.28226
159.89 -12.6232 3.28302
159.948 -12.5381 3.288
159.84 -12.6129 3.28391
159.977 -12.5874 3.28802
159.841 -12.7394 3.28399
159.786 -12.6316 3.28074
159.895 -12.6518 3.28778
159.988 -12.7378 3.2848
159.871 -12.7127 3.28731
159.897 -12.4732 3.28225
159.963 -12.6743 3.2848
159.895 -12.6581 3.28497
159.998 -12.5444 3.28758
159.918 -12.7037 3.28832
159.946 -12.6982 3.28767
159.897 -12.5948 3.28353
159.894 -12.5921 3.28331
159.914 -12.6535 3.28576
159.841 -12.7167 3.28567
159.945 -12.5578 3.28689
159.932 -12.6668 3.28297
159.921 -12.7279 3.28435
159.905 -12.5825 3.28384
159.855 -12.6685 3.28541
159.923 -12.5512 3.28531
159.927 -12.5551 3.28529
159.922 -12.6607 3.28374
159.927 -12.6666 3.2838
159.923 -12.7438 3.28595
159.952 -12.7064 3.28555
159.938 -12.553 3.2835
159.852 -12.5106 3.28117
159.876 -12.5912 3.28591
159.852 -12.6554 3.28556
159.797 -12.617 3.28562
159.855 -12.5795 3.28573
159.86 -12.7218 3.28544
159.898 -12.4974 3.28318
159.882 -12.6366 3.28622
159.879 -12.6396 3.28624
160.035 -12.776 3.28519
159.942 -12.6093 3.28355
159.921 -12.604 3.28616
159.845 -12.7891 3.28304
159.96 -12.5977 3.28377
159.956 -12.6359 3.28739
159.904 -12.5168 3.28346
159.923 -12.5873 3.28406
159.836 -12.6295 3.28395
159.784 -12.5557 3.28369
159.947 -12.5958 3.28701
159.959 -12.5721 3.28607
159.883 -12.6498 3.28302
159.984 -12.5728 3.28583
159.937 -12.6931 3.28489
159.862 -12.6438 3.28548
159.914 -12.6761 3.28397
159.898 -12.5391 3.28487
159.837 -12.6431 3.28458
159.968 -12.5259 3.28469
159.963 -12.5253 3.28471
159.819 -12.6268 3.28253
159.877 -12.6613 3.28917
159.855 -12.6879 3.2847
159.945 -12.5582 3.28648
159.907 -12.528 3.27758
159.796 -12.6276 3.28435
159.904 -12.6572 3.28603
160.012 -12.6921 3.28606
159.939 -12.6508 3.28623
159.99 -12.653 3.28361
159.692 -12.5877 3.28177
159.985 -12.6963 3.28499
159.837 -12.6703 3.28285
159.964 -12.6443 3.28861
159.977 -12.7587 3.28388
159.823 -12.7172 3.28416
159.801 -12.6924 3.28349
159.945 -12.5599 3.28223
159.96 -12.6201 3.28447
159.943 -12.7164 3.28808
159.844 -12.6441 3.28274
159.865 -12.6348 3.28543
159.788 -12.5689 3.28393
159.847 -12.6439 3.28642
159.846 -12.6426 3.28634
159.961 -12.7142 3.28335
159.838 -12.6198 3.28387
159.914 -12.6363 3.28565
159.917 -12.639 3.28561
159.799 -12.6068 3.2797
159.922 -12.5954 3.28459
160.065 -12.7298 3.28696
159.862 -12.6334 3.28599
159.897 -12.6517 3.28777
159.779 -12.6213 3.28663
159.898 -12.5735 3.28799
159.897 -12.4783 3.28219
159.895 -12.4797 3.28219
159.884 -12.6716 3.28332
159.996 -12.5476 3.28755
159.991 -12.5386 3.28728
159.897 -12.5912 3.28312
159.827 -12.6354 3.28343
159.834 -12.6365 3.28337
159.966 -12.6567 3.2878
159.913 -12.5787 3.28387
159.92 -12.7513 3.28826
159.926 -12.5567 3.28491
159.914 -12.578 3.2819
159.971 -12.6064 3.28881
159.925 -12.6274 3.28904
159.847 -12.5099 3.28128
159.783 -12.6034 3.28035
159.878 -12.591 3.28604
159.793 -12.6127 3.28566
159.853 -12.5809 3.28586
160.014 -12.7465 3.28621
159.847 -12.6703 3.28699
159.789 -12.5849 3.28328
159.942 -12.6066 3.28348
159.952 -12.6849 3.28393
159.877 -12.6726 3.28506
159.877 -12.6721 3.28315
159.907 -12.5197 3.28344
159.835 -12.6311 3.28381
159.837 -12.6303 3.28407
159.946 -12.5921 3.28697
159.986 -12.5655 3.28604
159.82 -12.6914 3.28441
159.786 -12.5717 3.28411
159.793 -12.574 3.28401
159.9 -12.5349 3.28487
159.901 -12.5392 3.28488
159.9 -12.5403 3.28486
159.869 -12.701 3.28532
159.826 -12.621 3.2826
159.784 -12.6437 3.28623
159.947 -12.6832 3.28684
159.963 -12.7088 3.28478
159.873 -12.6576 3.28913
159.855 -12.681 3.28466
159.958 -12.6796 3.28576
159.788 -12.6952 3.28507
159.903 -12.6499 3.28592
159.903 -12.6484 3.28596
159.941 -12.7578 3.28367
159.805 -12.7176 3.28286
159.9 -12.6154 3.28327
159.906 -12.6581 3.28142
159.788 -12.6519 3.28624
159.968 -12.6365 3.28859
159.86 -12.6243 3.28234
159.966 -12.688 3.2861
159.833 -12.6261 3.28415
159.835 -12.6233 3.28401
159.881 -12.6625 3.28508
159.948 -12.6152 3.28438
159.934 -12.6165 3.28553
159.77 -12.6278 3.28248
159.771 -12.6302 3.28246
159.798 -12.5725 3.28383
159.797 -12.5699 3.28387
159.846 -12.6449 3.28608
159.949 -12.5427 3.2879
159.838 -12.6218 3.28381
159.944 -12.7269 3.28517
159.933 -12.6663 3.28166
159.784 -12.6685 3.28543
159.777 -12.6188 3.28694
159.89 -12.5746 3.28798
159.934 -12.7251 3.28969
159.894 -12.4745 3.28226
159.934 -12.7308 3.28325
159.867 -12.7208 3.28415
159.952 -12.6954 3.28767
159.98 -12.6859 3.28538
159.907 -12.638 3.28476
159.908 -12.6419 3.28471
159.955 -12.556 3.28695
159.777 -12.5893 3.2842
159.905 -12.5842 3.28396
159.918 -12.7513 3.28801
159.925 -12.5506 3.28544
159.935 -12.6394 3.28407
159.996 -12.7647 3.2892
159.954 -12.7084 3.28541
159.942 -12.5426 3.28327
159.848 -12.5124 3.28147
159.889 -12.7392 3.28675
159.846 -12.6588 3.28541
159.788 -12.6151 3.28568
159.797 -12.6117 3.28547
159.937 -12.7169 3.28273
159.857 -12.583 3.28574
159.86 -12.7175 3.28554
159.845 -12.6827 3.2822
159.877 -12.6406 3.28775
159.904 -12.5013 3.2831
159.96 -12.7047 3.28616
159.932 -12.7204 3.28651
159.838 -12.6736 3.28227
159.888 -12.5518 3.28428
159.958 -12.6337 3.28765
159.897 -12.6356 3.28261
159.958 -12.5478 3.28323
159.902 -12.517 3.28346
159.831 -12.632 3.28405
159.983 -12.7466 3.28611
159.778 -12.5583 3.28375
159.871 -12.6762 3.28546
159.876 -12.6645 3.28315
159.852 -12.5696 3.27991
159.835 -12.66 3.28945
159.86 -12.6373 3.28556
159.901 -12.5365 3.28493
159.79 -12.7081 3.28455
159.845 -12.6451 3.28455
159.963 -12.5316 3.28458
159.963 -12.5319 3.28473
159.902 -12.7368 3.28575
159.93 -12.6636 3.28632
159.911 -12.6723 3.28348
160.002 -12.7199 3.28647
159.858 -12.717 3.2858
159.979 -12.7283 3.28525
159.956 -12.6723 3.2858
159.906 -12.6468 3.28587
159.881 -12.6249 3.28458
159.885 -12.6267 3.28471
159.896 -12.6586 3.28432
159.931 -12.5922 3.28182
159.956 -12.6686 3.28799
159.744 -12.5446 3.27894
159.843 -12.6766 3.28294
159.971 -12.6389 3.28882
159.936 -12.6556 3.28502
159.838 -12.6704 3.28163
159.797 -12.6959 3.28392
159.971 -12.6903 3.28506
159.925 -12.5757 3.28208
159.932 -12.6284 3.28567
159.934 -12.6221 3.28567
159.928 -12.6261 3.28547
159.935 -12.6226 3.28555
159.776 -12.6286 3.28245
159.792 -12.5695 3.28383
159.952 -12.5404 3.28789
159.915 -12.6355 3.28548
159.767 -12.726 3.28318
159.79 -12.6289 3.28086
159.924 -12.5908 3.28462
159.982 -12.6763 3.28608
159.993 -12.6437 3.28784
159.855 -12.756 3.27997
159.898 -12.5744 3.28799
159.984 -12.5942 3.28543
159.883 -12.6416 3.28582
159.876 -12.7063 3.28562
159.898 -12.655 3.2849
159.928 -12.6281 3.28389
159.933 -12.6947 3.28538
159.819 -12.6544 3.28279
159.96 -12.616 3.28438
159.988 -12.6214 3.28539
159.83 -12.6276 3.28311
159.919 -12.6572 3.28465
159.905 -12.6654 3.28225
159.776 -12.5908 3.28416
159.978 -12.6813 3.28493
159.92 -12.7549 3.28804
159.932 -12.5549 3.28527
159.886 -12.6419 3.28403
159.912 -12.5753 3.2818
159.926 -12.7127 3.28679
159.935 -12.5514 3.28337
159.944 -12.5505 3.28331
159.785 -12.604 3.28037
159.841 -12.6634 3.28235
159.833 -12.609 3.28312
159.794 -12.6157 3.28565
159.856 -12.5778 3.28579
159.862 -12.5805 3.28577
159.904 -12.5051 3.28313
159.898 -12.5035 3.28313
159.85 -12.6514 3.2865
159.949 -12.7661 3.28733
159.942 -12.5943 3.28342
159.94 -12.595 3.28512
159.883 -12.6705 3.28533
159.958 -12.6304 3.28749
159.897 -12.6587 3.28196
159.888 -12.6593 3.28309
159.922 -12.5802 3.28376
159.782 -12.5552 3.28362
159.964 -12.5755 3.2861
159.957 -12.5744 3.286
159.906 -12.5934 3.28485
159.815 -12.6932 3.28452
159.792 -12.5727 3.28417
159.896 -12.5448 3.28476
159.965 -12.663 3.28535
159.837 -12.6451 3.28466
159.838 -12.6428 3.28465
159.867 -12.6956 3.28548
159.962 -12.526 3.28456
159.793 -12.6411 3.28587
159.897 -12.7404 3.28573
159.961 -12.7111 3.28502
159.824 -12.6917 3.28427
159.941 -12.5974 3.28226
159.944 -12.5617 3.28666
159.846 -12.6633 3.28558
160.003 -12.6895 3.28592
159.722 -12.6754 3.28404
159.728 -12.6776 3.28401
159.977 -12.7083 3.28624
159.992 -12.6183 3.28389
159.692 -12.5832 3.28195
159.951 -12.671 3.28787
159.982 -12.7064 3.28718
159.93 -12.5489 3.28393
159.96 -12.6003 3.28393
159.967 -12.6701 3.28854
159.977 -12.6365 3.28398
159.793 -8.55361 3.28351
