89.7658 16.6968 0.0754783
89.6393 16.7241 0.0757226
89.8568 16.7424 0.0796122
89.9353 16.8048 0.0750549
89.9353 16.8048 0.0750549
89.8403 16.8432 0.0790909
89.8914 16.7549 0.078949
89.8438 16.7455 0.0798136
89.8438 16.7455 0.0798136
89.8241 16.7823 0.0796649
89.807 16.7354 0.083943
89.8426 16.7612 0.0763435
89.8857 16.8089 0.0780963
89.8857 16.8089 0.0780963
89.7281 16.7802 0.0783404
89.8389 16.7887 0.0812495
89.8002 16.8591 0.0740226
89.7699 16.7524 0.0777187
89.8287 16.7443 0.0800421
89.8287 16.7443 0.0800421
89.8287 16.7443 0.0800421
89.8434 16.8519 0.0787443
89.8572 16.8246 0.0778639
89.8572 16.8246 0.0778639
89.7755 16.6873 0.0765826
89.873 16.8351 0.0787507
89.8768 16.6921 0.0746136
89.9233 16.7502 0.0775761
89.8697 16.8362 0.0774755
89.8697 16.8362 0.0774755
89.8697 16.8362 0.0774755
89.7237 16.7356 0.078169
89.7237 16.7356 0.078169
89.8358 16.675 0.0811337
89.8358 16.675 0.0811337
89.807 16.8726 0.083005
89.807 16.8726 0.083005
89.8527 16.7853 0.0766082
89.7683 16.74 0.0775363
89.84 16.7545 0.0789367
89.9086 16.6427 0.0784213
89.8707 16.7249 0.0812974
89.8054 16.7185 0.0764218
89.8771 16.738 0.0806654
89.7939 16.9569 0.0777261
89.676 16.81 0.0794655
89.8119 16.7589 0.0804037
89.8594 16.7429 0.0803702
89.7232 16.7996 0.075695
89.9097 16.7258 0.0781049
89.861 16.7614 0.0794734
89.78 16.7208 0.0746768
89.7223 16.7687 0.0783512
89.7917 16.6992 0.0826341
89.8019 16.8729 0.0796737
89.9228 16.717 0.0827878
89.7275 16.6561 0.0768539
89.8441 16.7392 0.0773579
89.9214 16.7605 0.0781209
89.9061 16.7901 0.076181
89.9061 16.7901 0.076181
89.8296 16.821 0.0780765
89.7767 16.781 0.0803199
89.822 16.7947 0.0795634
89.9059 16.693 0.0819531
89.8391 16.778 0.076677
89.8391 16.778 0.076677
89.8303 16.7614 0.0795635
89.8303 16.7614 0.0795635
89.6683 16.6973 0.0789755
89.7953 16.8373 0.0771779
89.852 16.8161 0.0779164
89.852 16.8161 0.0779164
89.7978 16.7699 0.0797235
89.8384 16.8013 0.0786255
89.9017 16.7795 0.0783675
89.9017 16.7795 0.0783675
89.8576 16.7428 0.0741215
89.8677 16.7836 0.0796685
89.7492 16.8243 0.0791569
89.8483 16.7312 0.0799365
89.8119 16.8704 0.078987
89.8119 16.8704 0.078987
89.777 16.7639 0.0802477
89.8387 16.8553 0.0777818
89.9567 16.7116 0.0766969
89.8212 16.74 0.0793182
89.8355 16.7157 0.078849
89.8421 16.779 0.0760243
89.8823 16.8399 0.0762242
89.765 16.8011 0.0778456
89.7925 16.7932 0.0771413
89.8283 16.8204 0.0814514
89.8645 16.7325 0.0802983
89.796 16.7539 0.082144
89.8874 16.7462 0.0804948
89.7357 16.8223 0.0785248
89.7847 16.8154 0.0794043
89.7892 16.7285 0.0796007
89.7907 16.8491 0.0769299
89.9403 16.6373 0.0822611
89.8098 16.8985 0.0773681
89.7796 16.7227 0.0826904
89.6677 16.689 0.0769584
89.754 16.7858 0.0776803
89.8666 16.7495 0.0778245
89.8675 16.821 0.0785228
89.9048 16.7033 0.076757
89.8771 16.8964 0.0734059
89.7838 16.7697 0.0774604
89.767 16.7727 0.0788608
89.8431 16.6817 0.0797176
89.8825 16.7015 0.0734687
89.9353 16.8048 0.0750549
89.9353 16.8048 0.0750549
89.8403 16.8432 0.0790909
89.8403 16.8432 0.0790909
89.8501 16.7779 0.0767635
89.8501 16.7779 0.0767635
89.8186 16.7731 0.0785973
89.8241 16.7823 0.0796649
89.8017 16.7467 0.0758483
89.8748 16.7364 0.0787269
89.7986 16.6685 0.0763433
89.8857 16.8089 0.0780963
89.8137 16.6362 0.0788316
89.7842 16.7174 0.0745167
89.725 16.6551 0.0792694
89.8206 16.7104 0.0800546
89.8535 16.7522 0.0738964
89.8389 16.7887 0.0812495
89.8154 16.8713 0.0734709
89.7699 16.7524 0.0777187
89.8239 16.713 0.0789662
89.8434 16.8519 0.0787443
89.8434 16.8519 0.0787443
89.8434 16.8519 0.0787443
89.8531 16.8277 0.0768799
89.8531 16.8277 0.0768799
89.8572 16.8246 0.0778639
89.8572 16.8246 0.0778639
89.8819 16.7549 0.0756612
89.7309 16.8805 0.0753848
89.879 16.7526 0.0785549
89.8316 16.7875 0.0763061
89.7505 16.7127 0.0797142
89.8697 16.8362 0.0774755
89.8191 16.5682 0.0819606
89.7746 16.7127 0.0786505
89.7779 16.7454 0.0769979
89.8185 16.7332 0.0813382
89.7895 16.7325 0.0803071
89.81 16.7648 0.0797317
89.8122 16.749 0.0769115
89.8174 16.6816 0.0813473
89.84 16.7545 0.0789367
89.8121 16.8743 0.0782965
89.8019 16.7684 0.0746554
89.6913 16.7318 0.0797199
89.8771 16.738 0.0806654
89.7939 16.9569 0.0777261
89.8882 16.6897 0.076458
89.8119 16.7589 0.0804037
89.6655 16.778 0.0737758
89.77 16.7868 0.0806595
89.8259 16.7902 0.0777711
89.8682 16.7382 0.077423
89.7417 16.7544 0.0791538
89.7223 16.7687 0.0783512
89.8019 16.8729 0.0796737
89.7822 16.7261 0.0770806
89.9068 16.8839 0.0772339
89.9068 16.8839 0.0772339
89.8571 16.7489 0.0769197
89.8441 16.7392 0.0773579
89.9214 16.7605 0.0781209
89.9061 16.7901 0.076181
89.7549 16.7911 0.0775994
89.8122 16.7947 0.0807112
89.8122 16.7947 0.0807112
89.7002 16.764 0.0792849
89.861 16.7293 0.0775355
89.8303 16.7614 0.0795635
89.8303 16.7614 0.0795635
89.6931 16.7427 0.078563
89.9244 16.6702 0.0779019
89.8945 16.6831 0.0784436
89.7953 16.8373 0.0771779
89.7978 16.7699 0.0797235
89.8384 16.8013 0.0786255
89.8204 16.8827 0.0778005
89.9017 16.7795 0.0783675
89.879 16.7734 0.0779109
89.8102 16.7138 0.0821124
89.8677 16.7836 0.0796685
89.7492 16.8243 0.0791569
89.74 16.8066 0.0803222
89.9068 16.6942 0.0772718
89.8724 16.7438 0.0765016
89.8724 16.7438 0.0765016
89.8387 16.8553 0.0777818
89.8387 16.8553 0.0777818
89.861 16.8735 0.0797188
89.8355 16.7157 0.078849
89.7954 16.7535 0.0844953
89.8421 16.779 0.0760243
89.7097 16.8076 0.0779267
89.7181 16.7323 0.0791022
89.8112 16.802 0.07601
89.7919 16.7266 0.0788371
89.7245 16.7897 0.08017
89.7245 16.7897 0.08017
89.8645 16.7325 0.0802983
89.7746 16.6518 0.0798905
89.7801 16.7476 0.0769124
89.7689 16.7601 0.0775739
89.8874 16.7462 0.0804948
89.8874 16.7462 0.0804948
89.7847 16.8154 0.0794043
89.7288 16.6371 0.0786877
89.8212 16.8986 0.0775165
89.7907 16.8491 0.0769299
89.815 16.812 0.0784133
89.9403 16.6373 0.0822611
89.8098 16.8985 0.0773681
89.7377 16.6204 0.080365
89.7921 16.6932 0.0758802
89.7796 16.7227 0.0826904
89.7193 16.6626 0.0790625
89.754 16.7858 0.0776803
89.8985 16.6173 0.076735
89.9277 16.7375 0.076192
89.9277 16.7375 0.076192
89.7838 16.7697 0.0774604
89.7838 16.7697 0.0774604
89.8415 16.8399 0.0782301
89.8317 16.6801 0.0746525
89.7213 16.7347 0.0771854
89.8326 16.6674 0.079874
89.9353 16.8048 0.0750549
89.8403 16.8432 0.0790909
89.7786 16.8183 0.0795872
89.8914 16.7549 0.078949
89.8914 16.7549 0.078949
89.8334 16.7153 0.0792285
89.8241 16.7823 0.0796649
89.7504 16.7038 0.0742848
89.7504 16.7038 0.0742848
89.8857 16.8089 0.0780963
89.7281 16.7802 0.0783404
89.8206 16.7104 0.0800546
89.9623 16.6854 0.0788698
89.8346 16.8561 0.0731345
89.8152 16.733 0.0751641
89.7946 16.7116 0.0764341
89.7859 16.6792 0.0784661
89.6333 16.7314 0.0820893
89.8434 16.8519 0.0787443
89.8434 16.8519 0.0787443
89.8455 16.8496 0.0791642
89.9032 16.7623 0.0808689
89.9032 16.7623 0.0808689
89.7309 16.8805 0.0753848
89.7504 16.768 0.0769406
89.6932 16.8058 0.0751713
89.8427 16.8047 0.0737761
89.7555 16.7727 0.0776465
89.807 16.8726 0.083005
89.81 16.7648 0.0797317
89.81 16.7648 0.0797317
89.8527 16.7853 0.0766082
89.7683 16.74 0.0775363
89.84 16.7545 0.0789367
89.7907 16.758 0.0773747
89.9086 16.6427 0.0784213
89.725 16.7665 0.0775526
89.7906 16.7406 0.0747998
89.7939 16.9569 0.0777261
89.7939 16.9569 0.0777261
89.8119 16.7589 0.0804037
89.8308 16.7668 0.076345
89.8301 16.7079 0.0771303
89.7232 16.7996 0.075695
89.8679 16.7985 0.0738415
89.7698 16.7424 0.0785997
89.7592 16.7388 0.0753876
89.8019 16.8729 0.0796737
89.9066 16.7565 0.0791058
89.9068 16.8839 0.0772339
89.9068 16.8839 0.0772339
89.917 16.698 0.0782529
89.6408 16.7734 0.0790746
89.8191 16.7044 0.0770017
89.8428 16.7335 0.0794431
89.7549 16.7911 0.0775994
89.822 16.7947 0.0795634
89.8097 16.65 0.0766262
89.8107 16.77 0.0777331
89.8107 16.77 0.0777331
89.8468 16.7199 0.08124
89.617 16.7341 0.0771955
89.715 16.82 0.0749168
89.7719 16.6828 0.0801458
89.7953 16.8373 0.0771779
89.852 16.8161 0.0779164
89.7978 16.7699 0.0797235
89.7489 16.737 0.0724276
89.8244 16.68 0.0811912
89.6808 16.8029 0.0754942
89.792 16.7399 0.076886
89.879 16.7734 0.0779109
89.6944 16.7634 0.0760908
89.8073 16.8811 0.073458
89.8016 16.6315 0.0799748
89.8677 16.7836 0.0796685
89.7023 16.7904 0.0743326
89.8119 16.8704 0.078987
89.9068 16.6942 0.0772718
89.8724 16.7438 0.0765016
89.8711 16.7605 0.0765473
89.861 16.8735 0.0797188
89.8601 16.7455 0.0748046
89.8601 16.7455 0.0748046
89.7243 16.7417 0.0773031
89.852 16.7202 0.0765345
89.852 16.7202 0.0765345
89.7944 16.7188 0.0788081
89.7181 16.7323 0.0791022
89.8823 16.8399 0.0762242
89.765 16.8011 0.0778456
89.795 16.685 0.0753958
89.8283 16.8204 0.0814514
89.8283 16.8204 0.0814514
89.8645 16.7325 0.0802983
89.796 16.7539 0.082144
89.7689 16.7601 0.0775739
89.8578 16.72 0.0831481
89.7847 16.8154 0.0794043
89.733 16.861 0.0772623
89.8212 16.8986 0.0775165
89.8212 16.8986 0.0775165
89.815 16.812 0.0784133
89.8367 16.7027 0.0760352
89.7327 16.7785 0.0803694
89.8353 16.703 0.0764546
89.6677 16.689 0.0769584
89.8309 16.7611 0.078618
89.8666 16.7495 0.0778245
89.8646 16.836 0.0793326
89.9729 16.7059 0.0786402
89.7225 16.7485 0.0813509
89.8415 16.8399 0.0782301
89.8266 16.6572 0.079319
89.8431 16.6817 0.0797176
89.7213 16.7347 0.0771854
89.8568 16.7424 0.0796122
89.8403 16.8432 0.0790909
89.8403 16.8432 0.0790909
89.7786 16.8183 0.0795872
89.8914 16.7549 0.078949
89.8241 16.7823 0.0796649
89.807 16.7354 0.083943
89.8857 16.8089 0.0780963
89.7842 16.7174 0.0745167
89.8345 16.7395 0.0800514
89.8389 16.7887 0.0812495
89.8389 16.7887 0.0812495
89.7 16.6959 0.0781375
89.7946 16.7116 0.0764341
89.8239 16.713 0.0789662
89.8287 16.7443 0.0800421
89.8531 16.8277 0.0768799
89.8455 16.8496 0.0791642
89.8455 16.8496 0.0791642
89.8455 16.8496 0.0791642
89.8572 16.8246 0.0778639
89.873 16.8351 0.0787507
89.8819 16.7549 0.0756612
89.879 16.7526 0.0785549
89.8466 16.6446 0.0759282
89.6418 16.7993 0.0771007
89.8697 16.8362 0.0774755
89.8191 16.5682 0.0819606
89.807 16.8726 0.083005
89.81 16.7648 0.0797317
89.8792 16.7194 0.0773844
89.6977 16.9009 0.0748556
89.7683 16.74 0.0775363
89.84 16.7545 0.0789367
89.8121 16.8743 0.0782965
89.7489 16.7456 0.0759826
89.761 16.8691 0.0756327
89.8771 16.738 0.0806654
89.7939 16.9569 0.0777261
89.888 16.7022 0.076419
89.8308 16.7668 0.076345
89.8481 16.7636 0.0775174
89.77 16.7868 0.0806595
89.9097 16.7258 0.0781049
89.8259 16.7902 0.0777711
89.8174 16.7354 0.0763858
89.7909 16.6807 0.0782676
89.7917 16.6992 0.0826341
89.7917 16.6992 0.0826341
89.9066 16.7565 0.0791058
89.9068 16.8839 0.0772339
89.8441 16.7392 0.0773579
89.9214 16.7605 0.0781209
89.8191 16.7044 0.0770017
89.7882 16.7455 0.0787582
89.8296 16.821 0.0780765
89.822 16.7947 0.0795634
89.7342 16.9281 0.0752592
89.7878 16.755 0.0775749
89.8391 16.778 0.076677
89.8303 16.7614 0.0795635
89.8222 16.7331 0.0763848
89.7651 16.7566 0.0776394
89.852 16.8161 0.0779164
89.852 16.8161 0.0779164
89.8432 16.6998 0.0781335
89.8204 16.8827 0.0778005
89.8204 16.8827 0.0778005
89.879 16.7734 0.0779109
89.7976 16.7388 0.0763974
89.8677 16.7836 0.0796685
89.8677 16.7836 0.0796685
89.8677 16.7836 0.0796685
89.7492 16.8243 0.0791569
89.74 16.8066 0.0803222
89.74 16.8066 0.0803222
89.9068 16.6942 0.0772718
89.777 16.7639 0.0802477
89.8724 16.7438 0.0765016
89.8711 16.7605 0.0765473
89.8113 16.6799 0.0784983
89.861 16.8735 0.0797188
89.8212 16.74 0.0793182
89.7967 16.7877 0.0778749
89.7967 16.7877 0.0778749
89.8234 16.7362 0.079001
89.8017 16.774 0.0761589
89.7944 16.7188 0.0788081
89.8823 16.8399 0.0762242
89.8883 16.7073 0.078192
89.8789 16.6717 0.0803384
89.7229 16.7595 0.0825286
89.8212 16.716 0.0795254
89.7689 16.7601 0.0775739
89.7847 16.8154 0.0794043
89.7847 16.8154 0.0794043
89.733 16.861 0.0772623
89.733 16.861 0.0772623
89.708 16.6972 0.0744145
89.7907 16.8491 0.0769299
89.8362 16.8769 0.0769787
89.5553 16.736 0.0786698
89.7327 16.7785 0.0803694
89.7874 16.7379 0.0755432
89.7796 16.7227 0.0826904
89.851 16.7202 0.0833865
89.754 16.7858 0.0776803
89.8666 16.7495 0.0778245
89.8414 16.7395 0.0749673
89.7894 16.6351 0.0781417
89.8415 16.8399 0.0782301
89.8316 16.7267 0.0814038
89.8326 16.6674 0.079874
89.7786 16.8183 0.0795872
89.8914 16.7549 0.078949
89.8334 16.7153 0.0792285
89.8241 16.7823 0.0796649
89.8748 16.7364 0.0787269
89.8803 16.6699 0.0781127
89.7281 16.7802 0.0783404
89.8535 16.7522 0.0738964
89.8389 16.7887 0.0812495
89.8152 16.733 0.0751641
89.7675 16.6126 0.0801341
89.7699 16.7524 0.0777187
89.6333 16.7314 0.0820893
89.8288 16.7734 0.0739779
89.8531 16.8277 0.0768799
89.8455 16.8496 0.0791642
89.8572 16.8246 0.0778639
89.8572 16.8246 0.0778639
89.9032 16.7623 0.0808689
89.8752 16.7254 0.0717143
89.8518 16.7625 0.0743143
89.6932 16.8058 0.0751713
89.8697 16.8362 0.0774755
89.8697 16.8362 0.0774755
89.7746 16.7127 0.0786505
89.807 16.8726 0.083005
89.807 16.8726 0.083005
89.9403 16.6926 0.0741807
89.8527 16.7853 0.0766082
89.7416 16.8021 0.0762787
89.8174 16.6816 0.0813473
88.2149 17.6893 0.0904649
89.8819 16.7676 0.0771328
89.8815 16.7689 0.0769205
89.7956 16.7495 0.0802411
89.8051 16.8241 0.0820079
89.7132 16.87 0.0759992
89.7018 16.7933 0.0757429
89.7823 16.8081 0.0786723
89.8901 16.7354 0.0818398
89.9157 16.7785 0.0795407
89.8117 16.8283 0.0795591
89.8068 16.8268 0.0793125
89.8041 16.7726 0.0797338
89.6729 16.8185 0.0778788
89.8083 16.9208 0.0764655
89.7718 16.7413 0.0772507
89.8888 16.7648 0.0760194
89.8229 16.7668 0.075155
89.819 16.7974 0.0760056
89.7786 16.7437 0.0808645
89.7764 16.7012 0.0774872
89.9508 16.7389 0.074711
89.8621 16.7769 0.0825115
89.8197 16.7528 0.0782438
89.797 16.8307 0.0788228
89.7491 16.7285 0.0812174
89.7394 16.7658 0.0759474
89.7971 16.7835 0.0748873
89.8469 16.6843 0.0740422
89.7395 16.708 0.0781144
89.912 16.82 0.0773547
89.7784 16.7461 0.0767149
89.7784 16.7234 0.078555
89.9105 16.6885 0.0782732
89.7541 16.7677 0.0780975
89.8216 16.891 0.0807503
89.8629 16.7521 0.0806539
89.7871 16.8839 0.07593
89.7918 16.7202 0.0795803
89.8881 16.86 0.0747914
89.8126 16.7429 0.078878
89.8036 16.6832 0.0764329
89.8796 16.7995 0.076464
89.7195 16.7201 0.0752128
89.8483 16.7594 0.0720946
89.7172 16.789 0.0791883
89.7175 16.8172 0.0792906
89.9034 16.8729 0.076998
89.7983 16.7106 0.0755158
89.7995 16.7735 0.0769282
89.8558 16.8677 0.0792639
89.861 16.8675 0.079251
89.7827 16.8033 0.0786079
89.7825 16.6239 0.0751103
89.793 16.7636 0.0807489
89.7748 16.7905 0.0787609
89.9333 16.8884 0.0797025
89.8743 16.7808 0.0749125
89.9272 16.9503 0.07539
89.9072 16.869 0.0773389
89.8529 16.8688 0.0766373
89.8431 16.8654 0.0767465
89.7968 16.7554 0.0809336
89.7363 16.8283 0.077549
89.8155 16.7635 0.0802224
89.7829 16.8124 0.0791045
89.8086 16.8135 0.0762591
89.8742 16.7828 0.0786432
89.7678 16.9206 0.0767017
89.7694 16.9209 0.0764525
89.8053 16.724 0.0768269
89.7188 16.8091 0.0781509
89.8039 16.7703 0.0799738
89.8588 16.8004 0.0743547
89.7908 16.7133 0.079957
89.7539 16.8141 0.0730147
89.7908 16.7719 0.0739066
89.7339 16.7529 0.0777618
89.7973 16.8219 0.0804062
89.76 16.7759 0.0740364
89.804 16.7445 0.0784997
89.8064 16.7492 0.0800669
89.833 16.8064 0.0805122
89.7008 16.7218 0.0791695
89.7717 16.7375 0.0812585
89.5842 16.7966 0.0791182
89.8148 16.7627 0.0774766
89.7439 16.6912 0.0786191
89.8154 16.8352 0.0793959
89.8459 16.9343 0.0739776
89.7957 16.8156 0.0782339
89.7865 16.7663 0.083083
89.7703 16.7493 0.0804047
89.7355 16.8452 0.0756538
89.9298 16.9576 0.077995
89.7145 16.7775 0.0784763
89.7652 16.6786 0.0782982
89.8978 16.7897 0.0767031
89.7134 16.7522 0.0765973
89.9003 16.8015 0.077873
89.8145 16.6621 0.0758143
89.7991 16.7818 0.082484
89.9133 16.6462 0.0760059
89.8895 16.7365 0.081708
89.9204 16.7742 0.07938
89.7479 16.7948 0.0806782
89.8058 16.8273 0.0791979
89.8131 16.8244 0.0793073
89.7324 16.8704 0.0748346
89.8122 16.9262 0.0760948
89.8123 16.9278 0.0762318
89.6914 16.7584 0.0756796
89.8217 16.7631 0.0753277
89.8439 16.6923 0.0748285
89.6326 16.8489 0.0812518
89.7497 16.7734 0.0812729
89.7424 16.7787 0.0809802
89.7459 16.776 0.0810656
89.8726 16.8289 0.079731
89.8223 16.747 0.0780764
89.8216 16.753 0.0783127
89.7528 16.7107 0.0776431
89.8019 16.8292 0.0788544
89.7941 16.7895 0.0749319
89.8062 16.7209 0.078049
89.7673 16.7773 0.0806484
89.7564 16.7256 0.0749529
89.8104 16.7655 0.0769664
89.7874 16.6998 0.0780348
89.7414 16.7976 0.079701
89.8595 16.7182 0.0800117
89.7557 16.772 0.0780654
89.8204 16.8861 0.0806965
89.8304 16.7559 0.0806374
89.7541 16.9245 0.0750143
89.7931 16.72 0.0794335
89.7627 16.8347 0.0786465
89.8156 16.7376 0.0790275
89.8441 16.8459 0.0749838
89.8798 16.8041 0.0763824
89.8044 16.7381 0.0770898
89.8073 16.7435 0.0768195
89.8282 16.7082 0.0742188
89.8539 16.8563 0.077087
89.8517 16.8491 0.0771588
89.8139 16.7685 0.0786391
89.7205 16.774 0.0770308
89.8715 16.7863 0.0767574
89.778 16.6993 0.0775904
89.8582 16.8598 0.0793385
89.8565 16.8623 0.0794741
89.8533 16.8663 0.0792183
89.7718 16.8041 0.0784041
89.746 16.8461 0.0804326
89.8806 16.6772 0.0772591
89.7741 16.7926 0.0789017
89.9314 16.8968 0.0797164
89.8164 16.7472 0.0778259
89.9052 16.875 0.077417
89.8439 16.8654 0.0764615
89.8437 16.8696 0.076649
89.8153 16.7236 0.0808061
89.7368 16.8278 0.0776585
89.8201 16.769 0.0802355
89.783 16.8027 0.0799996
89.8042 16.7342 0.0803972
89.824 16.6835 0.0793936
89.8634 16.673 0.0806885
89.8169 16.81 0.0767279
89.7662 16.9195 0.0767161
89.7655 16.9263 0.0766723
89.7663 16.7098 0.0794688
89.7248 16.6073 0.0761662
89.8491 16.8963 0.0777923
89.7231 16.719 0.0770674
89.8753 16.5926 0.0767633
89.7566 16.7521 0.0791366
89.8249 16.7852 0.0782861
89.7596 16.7632 0.076404
89.721 16.7243 0.0775107
89.8245 16.8409 0.0756794
89.751 16.6452 0.0757313
89.8356 16.8211 0.0765403
89.8322 16.8076 0.0803165
89.8304 16.7981 0.0802855
89.8102 16.804 0.0781474
89.8626 16.7677 0.0791544
89.7448 16.6823 0.0769632
89.9555 16.7662 0.077898
89.891 16.8621 0.0755037
89.8261 16.8346 0.0794897
89.8225 16.8349 0.079267
89.8458 16.9293 0.0739151
89.7887 16.8387 0.0790842
89.8786 16.8149 0.075356
89.8205 16.7481 0.0748661
89.9345 16.9489 0.0779101
89.9371 16.953 0.0778786
89.7619 16.7566 0.0781279
89.9006 16.7748 0.0754922
89.8647 16.7955 0.0802199
89.8242 16.7298 0.0790828
89.9045 16.8072 0.0780194
89.8033 16.7733 0.0779933
89.8049 16.79 0.0823475
89.7734 16.8131 0.0746775
89.7887 16.8005 0.0788347
89.8871 16.7331 0.0817255
89.8476 16.8158 0.0813696
89.8482 16.8101 0.0816613
89.8089 16.7779 0.0796389
89.8091 16.9251 0.0762806
89.8886 16.7753 0.076127
89.8197 16.763 0.0752492
89.814 16.7608 0.0773762
89.7797 16.7423 0.0809306
89.7546 16.7546 0.0744258
89.7194 16.8095 0.07605
89.7469 16.7804 0.0810783
89.8349 16.7608 0.0785005
89.7467 16.7326 0.081342
89.793 16.8886 0.0823841
89.7684 16.7775 0.0806024
89.8165 16.691 0.0793481
89.6517 16.8043 0.0786144
89.9109 16.8204 0.0773153
89.7244 16.7483 0.0804618
89.8368 16.8 0.0791033
89.7192 16.8244 0.0750021
89.6701 16.6761 0.0790521
89.8181 16.6543 0.0789999
89.7621 16.7076 0.0781985
89.8239 16.8892 0.0806817
89.8196 16.8912 0.0807713
89.8423 16.7497 0.0745489
89.843 16.7485 0.0742405
89.8872 16.8501 0.0746313
89.8868 16.8612 0.0746188
89.8137 16.7398 0.0790889
89.7681 16.6745 0.0763192
89.8481 16.8433 0.074795
89.7875 16.7648 0.0753332
89.8409 16.7603 0.0779057
89.6892 16.6264 0.0735775
89.7142 16.795 0.079079
89.8141 16.6663 0.0773369
89.8373 16.764 0.0774495
89.7186 16.7755 0.0768106
89.801 16.7198 0.0751668
89.7364 16.6745 0.0776965
89.9054 16.866 0.0770564
89.7948 16.7745 0.0769472
89.8556 16.8686 0.079457
89.8071 16.966 0.0789271
89.8041 16.9663 0.0789135
89.8111 16.8001 0.0806367
89.7939 16.7629 0.0808969
89.8874 16.676 0.0771523
89.9354 16.8884 0.0796874
89.9377 16.8953 0.0798816
89.9915 16.8458 0.0770775
89.8195 16.7469 0.0778077
89.9305 16.9481 0.0752573
89.813 16.7242 0.0806772
89.6979 16.7685 0.0763962
89.7711 16.7712 0.0741733
89.8585 16.7544 0.0761457
89.7768 16.8152 0.0789919
89.7787 16.8071 0.0804482
89.8649 16.8325 0.0780557
89.8574 16.8282 0.0781812
89.81 16.819 0.0764648
89.8186 16.8106 0.0767203
89.7142 16.9158 0.075419
89.8215 16.8363 0.0742347
89.8406 16.7554 0.0782521
89.7832 16.7642 0.0778122
89.8529 16.8925 0.0780101
89.846 16.8964 0.078161
89.8493 16.6733 0.0794549
89.8455 16.757 0.0789152
89.8343 16.7876 0.0736529
89.7308 16.7523 0.0777598
89.8317 16.8384 0.0754638
89.7252 16.9065 0.0767083
89.8302 16.803 0.0803798
89.8149 16.7446 0.0776538
89.8328 16.734 0.0759304
89.7942 16.6387 0.0797171
89.8851 16.8619 0.0754211
89.7412 16.6965 0.078724
89.8241 16.8396 0.0795014
89.8581 16.866 0.0759372
89.7893 16.8424 0.0788634
89.8829 16.8057 0.0752649
89.732 16.8463 0.07582
89.9324 16.9626 0.0779949
89.7749 16.818 0.0805717
89.9209 16.6737 0.0786878
89.893 16.7907 0.0766855
89.7021 16.7637 0.0764665
89.8991 16.8076 0.0777257
89.8026 16.8307 0.082028
89.8038 16.7874 0.0824703
89.7504 16.6795 0.079335
89.7417 16.7702 0.0749747
89.9213 16.7792 0.0797408
89.8103 16.8235 0.0793601
89.73 16.7785 0.0758324
89.7418 16.8696 0.0747359
89.8352 16.6629 0.0764578
89.8536 16.7087 0.0776371
89.8863 16.7214 0.0763233
89.8932 16.786 0.07765
89.8517 16.714 0.0767789
89.6287 16.8533 0.0812078
89.8703 16.8281 0.079681
89.8566 16.6711 0.0804936
89.8053 16.8334 0.0786473
89.7553 16.7325 0.0812948
89.9748 16.6364 0.0799897
89.8109 16.7237 0.0778713
89.8598 16.74 0.0753434
89.7458 16.7429 0.0794617
89.913 16.8217 0.0773564
89.7981 16.7279 0.0751331
89.8998 16.8922 0.0781252
89.7437 16.8017 0.0797322
89.8328 16.801 0.078911
89.8066 16.7145 0.0789735
89.7622 16.7073 0.0779466
89.8653 16.7519 0.0806454
89.6298 16.7865 0.0802558
89.8847 16.8554 0.0748109
89.9428 16.8168 0.0790119
89.9459 16.819 0.0792289
89.8117 16.7418 0.0790028
89.8522 16.8499 0.0747515
89.8815 16.8023 0.0763424
89.7363 16.7344 0.0799581
89.8835 16.6861 0.0779196
89.7147 16.7976 0.0789858
89.7361 16.7455 0.0777613
89.8265 16.7156 0.0769965
89.8168 16.7579 0.0726977
89.8185 16.7746 0.0762405
89.9014 16.8765 0.0770428
89.9084 16.8721 0.0769504
89.9025 16.8755 0.0772458
89.7473 16.7796 0.0795727
89.8549 16.8669 0.0792071
89.8607 16.8707 0.0791518
89.808 16.9619 0.0789813
89.7446 16.8528 0.0805931
89.7456 16.8477 0.0802813
89.7503 16.8507 0.0805665
89.7176 16.7995 0.0801437
89.9312 16.8976 0.0798129
89.9896 16.845 0.0770406
89.8142 16.7522 0.0776565
89.9315 16.9522 0.0752044
89.7891 16.7505 0.0809707
89.74 16.8055 0.077269
89.7069 16.7738 0.0811501
89.7782 16.8137 0.0790631
89.7829 16.8192 0.0790068
89.7792 16.8227 0.0792054
89.7861 16.8067 0.0801428
89.8049 16.739 0.0802982
89.812 16.8174 0.076561
89.8048 16.8201 0.0761589
89.8721 16.7836 0.0787258
89.7156 16.9178 0.0753574
89.731 16.7622 0.0795842
89.7385 16.8648 0.0791068
89.721 16.7472 0.0799704
89.7267 16.7262 0.0785965
89.8513 16.8954 0.0780084
89.7106 16.7313 0.0769985
89.7101 16.6432 0.0794016
89.7508 16.7477 0.0789263
89.7547 16.7681 0.0771125
89.8068 16.8159 0.0805771
89.8177 16.793 0.0785152
89.7591 16.7642 0.0764262
89.7933 16.5748 0.0742504
89.734 16.631 0.0794937
89.834 16.8192 0.0764594
89.8365 16.8202 0.0764929
89.8042 16.7022 0.0774531
89.835 16.8001 0.080337
89.8079 16.8065 0.0781397
89.8215 16.6969 0.0747897
89.8534 16.7688 0.0786814
89.8266 16.7496 0.0776684
89.7597 16.7515 0.0799691
89.8122 16.7678 0.0773397
89.743 16.6925 0.0787866
89.7951 16.6957 0.0746242
89.8412 16.931 0.0741102
89.7468 16.7906 0.0778808
89.7455 16.6413 0.0781217
89.8251 16.7478 0.0747576
89.8406 16.6915 0.0789274
89.9328 16.9526 0.0780689
89.7803 16.8227 0.0804834
89.8119 16.7501 0.0788497
89.8313 16.7301 0.0790068
89.9029 16.8022 0.0779745
89.8004 16.8275 0.0817922
89.8094 16.7634 0.0807046
89.7867 16.807 0.0791275
89.7479 16.7949 0.0806359
89.8079 16.826 0.0794014
89.8166 16.8262 0.0795109
89.8113 16.8286 0.0793428
89.6765 16.8153 0.0779412
89.812 16.9211 0.0762671
89.9043 16.6902 0.0768385
89.8182 16.76 0.0774885
89.7698 16.741 0.0810122
89.7468 16.7729 0.0813073
89.8174 16.7428 0.078327
89.8063 16.8282 0.0789077
89.8915 16.7335 0.080102
89.8097 16.722 0.077813
89.7889 16.8825 0.0821544
89.8583 16.7389 0.075195
89.8103 16.7014 0.0793048
89.8401 16.85 0.0749819
89.9166 16.8197 0.0772403
89.9017 16.8873 0.0781482
89.7446 16.8004 0.0797738
89.8324 16.8038 0.0789907
89.8581 16.7283 0.0800824
89.8061 16.7129 0.0789199
89.76 16.7462 0.0789611
89.8208 16.8851 0.0806185
89.7639 16.7932 0.0758828
89.7795 16.7206 0.0781142
89.752 16.9216 0.0749998
89.7931 16.7264 0.0797677
89.9391 16.8197 0.0788223
89.7047 16.7309 0.0786479
89.8502 16.8394 0.0747966
89.8346 16.8619 0.0761944
89.8533 16.851 0.0769439
89.8158 16.7343 0.0764987
89.7889 16.6955 0.0762071
89.8124 16.7716 0.0786965
89.8206 16.7784 0.0764047
89.9031 16.8785 0.0773163
89.8361 16.621 0.0740345
89.8031 16.9651 0.0789829
89.8313 16.7179 0.0783745
89.8257 16.664 0.0797309
89.7374 16.7398 0.0746782
89.9313 16.8967 0.0798712
89.99 16.8402 0.0770857
89.8155 16.747 0.0777854
89.9342 16.9528 0.0755356
89.9075 16.8754 0.0775026
89.6937 16.7694 0.0764132
89.8527 16.7681 0.0735268
89.8159 16.7695 0.0802867
89.7868 16.8077 0.0802252
89.8085 16.8222 0.0764293
89.7944 16.7067 0.0796526
89.8214 16.8105 0.0767757
89.8216 16.8035 0.0767124
89.72 16.9196 0.0755329
89.8252 16.8337 0.074233
89.8513 16.7137 0.0790264
89.8589 16.7967 0.0742597
89.8514 16.8938 0.0779871
89.8475 16.6704 0.0796444
89.795 16.6222 0.0773597
89.8445 16.7543 0.0788379
89.8023 16.8196 0.0805508
89.8142 16.7907 0.0784437
89.7976 16.8059 0.0732745
89.7941 16.8011 0.0734415
89.7623 16.7759 0.0737261
89.7369 16.9132 0.0770665
89.8104 16.7532 0.0801264
89.8307 16.8063 0.0802993
89.8202 16.7445 0.0776314
89.8755 16.7793 0.076918
89.7485 16.7637 0.0772284
89.8878 16.862 0.0753487
89.8671 16.8326 0.079429
89.8233 16.839 0.0791704
89.7931 16.8399 0.0788812
89.796 16.8191 0.0778202
89.7778 16.7711 0.0830852
89.734 16.8434 0.0756585
89.7726 16.8201 0.0805167
89.9009 16.7665 0.0756412
89.8341 16.7281 0.0792136
89.9027 16.8085 0.0777742
89.7429 17.855 0.0998996
89.821 16.8568 0.0791858
89.7949 16.7617 0.0769321
89.8649 16.7926 0.0756475
89.8677 16.7995 0.0756447
89.7007 16.7381 0.0793193
89.8282 16.7755 0.0771931
89.8277 16.7802 0.0772948
89.7127 16.7212 0.0735018
89.7415 16.7424 0.0778384
89.8466 16.7775 0.0789762
89.8541 16.8076 0.0781008
89.8995 16.7608 0.0773861
89.8719 16.7677 0.0766422
89.7304 16.8389 0.0812174
89.735 16.8426 0.0813006
89.7936 16.7998 0.0764171
89.7413 16.7559 0.07897
89.8539 16.7507 0.0767939
89.7749 16.8031 0.0782461
89.7936 16.7642 0.0784685
89.8029 16.8372 0.0799143
89.8074 16.787 0.0771185
89.8052 16.7907 0.0770448
89.8476 16.766 0.0749685
89.8495 16.7621 0.074777
89.6661 16.7664 0.0799662
89.8561 16.8609 0.0792043
89.9361 16.847 0.0790426
89.8584 16.7684 0.0768299
89.6977 16.7817 0.0789901
89.7007 16.7967 0.0789781
89.8079 16.8147 0.0749987
89.9039 16.8376 0.0784948
89.7514 16.7235 0.0791871
89.8505 16.8195 0.0752161
89.7716 16.9157 0.0756111
89.7394 16.7716 0.0756483
89.8451 16.8284 0.0791537
89.8363 16.8694 0.0791968
89.6833 16.7243 0.0791795
89.7288 16.7504 0.0782834
89.8039 16.7834 0.0779064
89.8146 16.7452 0.0778912
89.8149 16.7459 0.077911
89.8725 16.8892 0.0789043
89.719 16.8965 0.0809138
89.7576 16.8108 0.0802529
89.8369 16.702 0.0754702
89.7885 16.8061 0.0789839
89.7921 16.7864 0.0794695
89.892 16.803 0.0733555
89.8584 16.6194 0.0794091
89.8614 16.8427 0.0783328
89.743 16.7988 0.0759492
89.7463 16.791 0.0774838
89.7182 16.6847 0.0779535
89.7047 16.7821 0.0800666
89.8031 16.8047 0.0799916
89.7809 16.7772 0.0812258
89.7582 16.7515 0.0761364
89.8034 16.8562 0.0779447
89.8369 16.7738 0.0779388
89.891 16.6786 0.0791313
89.9477 16.7777 0.0789773
89.7739 16.743 0.0753462
89.8728 16.7663 0.0800599
89.7781 16.8266 0.079788
89.806 16.6966 0.0788652
89.8655 16.813 0.0784557
89.7201 16.8964 0.0791849
89.7232 16.8149 0.0787592
89.7649 16.6744 0.0782608
89.842 16.8278 0.0746849
89.9219 16.6437 0.0793865
89.8091 16.8257 0.0774863
89.851 16.877 0.0804638
89.7531 16.7369 0.0781689
89.7553 16.809 0.0777544
89.7225 16.7649 0.0760181
89.7972 16.8332 0.0775332
89.7859 16.8277 0.0789194
89.7947 16.8734 0.077108
89.631 16.7017 0.0757117
89.8014 16.8571 0.0803497
89.8052 16.8599 0.0802165
89.7637 16.7491 0.0799963
89.7149 16.7537 0.0819295
89.8077 16.8324 0.0794632
89.9126 16.7471 0.074727
89.904 16.7415 0.0747105
89.8492 16.8188 0.0793094
89.7041 16.7987 0.0814996
89.7476 16.8684 0.0767713
89.7492 16.861 0.0768894
89.9506 16.7839 0.079473
89.8122 16.844 0.0803632
89.8115 16.8767 0.0777036
89.8566 16.7929 0.0781007
89.8428 16.8101 0.0785061
89.8434 16.8077 0.0785157
89.8031 16.866 0.0799604
89.7172 16.8655 0.0800879
89.7169 16.7531 0.0779882
89.8527 16.8359 0.079403
89.6753 16.7391 0.078907
89.8836 16.8958 0.0796482
89.8517 16.7846 0.0782273
89.784 16.7545 0.0819283
89.7004 16.7525 0.0800656
89.8606 16.8395 0.0768535
89.8169 16.8546 0.0803584
89.8127 16.8558 0.0803265
89.7269 16.813 0.0796189
89.7795 16.8123 0.0799221
89.7245 16.7308 0.0805568
89.8936 16.8082 0.0771953
89.8406 16.7728 0.0756706
89.8287 16.7751 0.077245
89.7709 16.8071 0.0749606
89.7269 16.7856 0.0782093
89.736 16.7864 0.0782572
89.8378 16.7033 0.0768314
89.6829 16.7883 0.0801232
89.8524 16.812 0.0783111
89.8239 16.7968 0.0797144
89.8938 16.76 0.0772282
89.726 16.8409 0.0811065
89.7283 16.8389 0.0811894
89.7443 16.7596 0.0803431
89.7971 16.8086 0.0764281
89.8229 16.7471 0.0777894
89.7582 16.8282 0.0761874
89.7891 16.831 0.0758769
89.7771 16.7489 0.0764682
89.7981 16.7625 0.0785065
89.8237 16.8488 0.07523
89.7223 16.7459 0.0803826
89.8398 16.8332 0.0798042
89.7782 16.8205 0.0786507
89.7217 16.6908 0.0824376
89.8385 16.823 0.0787105
89.8465 16.7854 0.0783354
89.6763 16.7489 0.078517
89.8138 16.8153 0.0748912
89.9048 16.838 0.0786465
89.7428 16.7997 0.0795263
89.7932 16.8222 0.0768724
89.8104 16.8335 0.0763768
89.8441 16.7988 0.07784
89.7682 16.7648 0.0766046
89.8431 16.8701 0.0791894
89.853 16.7808 0.0777863
89.7593 16.658 0.0806785
89.7858 16.8548 0.0763821
89.7887 16.8607 0.0762219
89.8166 16.7431 0.0779201
89.7323 16.7481 0.0780528
89.85 16.901 0.0803401
89.7159 16.8958 0.0809051
89.7269 16.835 0.0786655
89.6866 16.7831 0.0806247
89.7897 16.7925 0.0795083
89.7837 16.7867 0.0795879
89.8492 16.8143 0.0774618
89.8565 16.8424 0.0783323
89.8275 16.7625 0.0772521
89.7556 16.7795 0.0764439
89.8941 16.7135 0.0794103
89.8764 16.72 0.0790793
89.865 16.8037 0.0765538
89.8145 16.8551 0.0752963
89.7773 16.7783 0.0812882
89.8662 16.7773 0.0778165
89.8688 16.7798 0.0780212
89.8035 16.8517 0.0779099
89.8367 16.7739 0.0780328
89.7382 16.7788 0.0794212
89.8048 16.8014 0.0775755
89.7636 16.8096 0.0776346
89.8082 16.7719 0.0779537
89.746 16.8663 0.078498
89.7795 16.8309 0.0798089
89.7823 16.824 0.0797857
89.836 16.8084 0.080134
89.7426 16.67 0.0787103
89.8608 16.8111 0.0787933
89.8585 16.8053 0.0787128
89.7163 16.8936 0.0791743
89.711 16.8162 0.0787304
89.8762 16.7538 0.0765267
89.8344 16.8084 0.077211
89.8013 16.8305 0.0774463
89.8213 16.6889 0.0790096
89.7977 16.7587 0.0777216
89.7548 16.8104 0.0776658
89.7394 16.7714 0.0777609
89.799 16.8344 0.077551
89.7911 16.8773 0.0770553
89.7973 16.8744 0.0771069
89.8037 16.8551 0.0801705
89.715 16.7493 0.0821905
89.7854 16.7242 0.0777446
89.7813 16.7227 0.0778415
89.8948 16.781 0.0769035
89.9003 16.7794 0.0769832
89.8941 16.7806 0.0769369
89.8435 16.8197 0.0792007
89.8011 16.8055 0.0785502
89.7687 16.694 0.076471
89.744 16.7588 0.0789632
89.7239 16.8343 0.079217
89.7812 16.7097 0.0798682
89.8451 16.7367 0.0738966
89.8165 16.8761 0.0777741
89.8407 16.8087 0.0785221
89.808 16.8616 0.0798313
89.8571 16.838 0.0794476
89.9096 16.8201 0.0769073
89.9153 16.8194 0.0767386
89.8853 16.8973 0.0797158
89.8132 16.722 0.0762787
89.6942 16.7534 0.0800333
89.8261 16.7594 0.0764495
89.859 16.8385 0.0769149
89.8184 16.8631 0.0802822
89.7247 16.8093 0.0797474
89.73 16.8166 0.079576
89.8405 16.7837 0.0746651
89.7433 16.7564 0.0758616
89.7798 16.7676 0.0786391
89.7278 16.7285 0.0806446
89.7932 16.6996 0.0802195
89.8994 16.8054 0.0768588
89.8965 16.8015 0.0770715
89.801 16.8115 0.0787347
89.862 16.7842 0.0763118
89.7548 16.8228 0.0819128
89.7665 16.8784 0.0799609
89.8519 16.7193 0.0765738
89.7519 16.7359 0.0775312
89.7972 16.789 0.0770282
89.8452 16.798 0.0764236
89.8233 16.8382 0.0794549
89.8249 16.7992 0.079826
89.8976 16.7592 0.0772221
89.7333 16.8461 0.0812195
89.7251 16.8486 0.0812746
89.7917 16.8074 0.0795085
89.8064 16.8366 0.0774374
89.7938 16.8071 0.0765329
89.762 16.8262 0.0760202
89.7421 16.7518 0.0790305
89.8559 16.7588 0.0753872
89.781 16.8037 0.0782547
89.8037 16.7633 0.0786032
89.8276 16.8495 0.0751837
89.8825 16.7389 0.0792365
89.835 16.8361 0.0796558
89.7601 16.8276 0.0794728
89.76 16.8212 0.0795104
89.8483 16.8588 0.07916
89.8627 16.764 0.076824
89.8473 16.783 0.0780943
89.7928 16.7556 0.0793492
89.9008 16.8359 0.0783215
89.8497 16.8217 0.0754663
89.7424 16.7735 0.0752756
89.8416 16.8154 0.0794562
89.8314 16.8682 0.0792446
89.7723 16.7025 0.080025
89.791 16.8585 0.0762314
89.8157 16.7836 0.0778068
89.7829 16.841 0.0787199
89.8695 16.8842 0.0787712
89.7219 16.8354 0.0787577
89.6826 16.8085 0.0782644
89.6859 16.7789 0.0805589
89.7852 16.7909 0.0795165
89.8504 16.8137 0.0775983
89.8521 16.8071 0.0776458
89.8489 16.8417 0.0797028
89.8608 16.8436 0.0781486
89.828 16.7632 0.0774197
89.8245 16.7622 0.0784288
89.775 16.8298 0.0752448
89.877 16.7205 0.0790546
89.6968 16.657 0.076014
89.6985 16.7805 0.0787694
89.7097 16.788 0.0787069
89.8173 16.8594 0.0752229
89.7983 16.8066 0.0799181
89.8038 16.8054 0.079931
89.7563 16.8439 0.0770119
89.6894 16.6573 0.0777342
89.709 16.8075 0.0782461
89.8946 16.6771 0.0791073
89.7414 16.7788 0.0793705
89.8026 16.8056 0.0775112
89.7513 16.7434 0.0786603
89.7673 16.809 0.0777602
89.8791 16.766 0.0798572
89.7467 16.8647 0.07843
89.7393 16.8681 0.0782862
89.7251 16.7829 0.076967
89.7651 16.7036 0.0755188
89.7528 16.7055 0.0805458
89.8566 16.8127 0.0786888
89.8989 16.8263 0.0794405
89.8564 16.7176 0.077708
89.7671 16.7426 0.0782698
89.8425 16.8273 0.0747317
89.8345 16.7602 0.0783186
89.8594 16.8796 0.0804423
89.8175 16.6869 0.0790702
89.7971 16.757 0.0777536
89.7686 16.7368 0.0792753
89.7962 16.8398 0.0776038
89.7813 16.8318 0.0789023
89.8568 16.7143 0.0773454
89.8308 16.7358 0.078354
89.8288 16.7323 0.0784552
89.8105 16.8607 0.080072
89.737 16.7809 0.0772094
89.7709 16.7218 0.0804492
89.7852 16.7156 0.079092
89.8096 16.7794 0.0795872
89.7701 16.7934 0.0727716
89.9363 16.8201 0.0734434
89.8959 16.7818 0.0770663
89.8981 16.7766 0.0771556
89.7191 16.8092 0.0797167
89.7988 16.8093 0.0785283
89.8485 16.711 0.0776794
89.815 16.7279 0.0736056
89.7821 16.7372 0.0763993
89.946 16.7795 0.0796833
89.8143 16.8809 0.077723
89.8428 16.8065 0.0785667
89.8523 16.8065 0.0786399
89.9055 16.7368 0.0752446
89.7165 16.8718 0.079922
89.9176 16.819 0.077089
89.9159 16.7236 0.077703
89.7984 16.8775 0.0783667
89.8529 16.7845 0.0780031
89.8312 16.7621 0.0764829
89.8613 16.8413 0.0770559
89.8231 16.8556 0.0802111
89.7822 16.8135 0.0797496
89.8225 16.854 0.0791958
89.8113 16.7533 0.0765759
89.8005 16.8096 0.0788627
89.8498 16.7694 0.0754836
89.845 16.6783 0.0793964
89.8518 16.6733 0.0794687
89.7629 16.8741 0.0798475
89.8451 16.7213 0.0766447
89.749 16.7332 0.0777573
89.8417 16.8019 0.0762476
89.8243 16.8467 0.0793727
89.8296 16.8012 0.0798634
89.7646 16.7192 0.0783325
89.8764 16.7689 0.0766367
89.8671 16.7544 0.0783058
89.809 16.8328 0.0777715
89.7437 16.7566 0.0790905
89.7782 16.8025 0.0783805
89.8239 16.8468 0.0750243
89.8022 16.8374 0.0800129
89.8026 16.7845 0.077217
89.7771 16.8176 0.0786862
89.8352 16.8286 0.0788845
89.8613 16.7652 0.0765685
89.846 16.7844 0.0782318
89.7804 16.7428 0.0778402
89.7026 16.7158 0.0781336
89.8514 16.8125 0.0755142
89.8993 16.8379 0.0787883
89.8133 16.8173 0.0764785
89.7452 16.7961 0.0796299
89.7649 16.9156 0.0755811
89.7441 16.6544 0.0773947
89.8456 16.8249 0.0791177
89.8227 16.7869 0.0791092
89.7904 16.7228 0.0749612
89.7866 16.8554 0.0763484
89.7827 16.8458 0.0787188
89.7822 16.8407 0.078721
89.8514 16.8982 0.0803778
89.7212 16.9027 0.0807754
89.7272 16.8352 0.0785122
89.7303 16.838 0.0787042
89.7241 16.8304 0.0786411
89.8076 16.8003 0.0784007
89.802 16.85 0.0762201
89.8252 16.746 0.07616
89.7868 16.7897 0.0795286
89.7902 16.7867 0.0796756
89.8565 16.7433 0.0782372
89.8527 16.8096 0.0774607
89.783 16.8308 0.0794824
89.7747 16.8358 0.0795974
89.8266 16.7667 0.0784678
89.7889 16.6924 0.0787797
89.8638 16.8062 0.0768506
89.8747 16.7502 0.0796139
89.8832 16.75 0.0796176
89.8729 16.749 0.0795736
89.7602 16.7387 0.0788927
89.8491 16.7625 0.0791777
89.7757 16.7814 0.0812415
89.8656 16.7755 0.0778314
89.6934 16.6567 0.0778467
89.7029 16.7621 0.0790816
89.7637 16.7601 0.0769043
89.7998 16.7999 0.0762562
89.8093 16.7788 0.0745629
89.8125 16.7866 0.0746011
89.7556 16.7548 0.0786255
89.7261 16.7814 0.0769225
89.8099 16.7222 0.076679
89.83 16.7664 0.0764386
89.8645 16.6874 0.0793917
89.9004 16.8262 0.079431
89.7172 16.9006 0.0791475
89.8058 16.8012 0.0786773
89.885 16.7465 0.0758026
89.837 16.8016 0.0771838
89.8263 16.761 0.0783677
89.8018 16.8282 0.0775569
89.8542 16.8804 0.0804666
89.7988 16.7572 0.0777865
89.8155 16.6915 0.0770815
89.769 16.7925 0.0762022
89.8564 16.7122 0.0774535
89.8297 16.7359 0.0783216
89.7963 16.8792 0.077108
89.7723 16.7268 0.0803727
89.717 16.7539 0.0817783
89.8048 16.8287 0.0794762
89.8913 16.7107 0.0753764
89.7302 16.7876 0.0790541
89.8056 16.8034 0.0785286
89.7444 16.7792 0.0773679
89.7444 16.8667 0.0768661
89.7788 16.7056 0.079879
89.8476 16.7392 0.0738956
89.819 16.883 0.077702
89.8546 16.7945 0.07788
89.7527 16.7888 0.0786587
89.8492 16.8098 0.0785505
89.8022 16.865 0.0797855
89.7247 16.8647 0.0801286
89.7205 16.8711 0.0801544
89.8505 16.8337 0.0795123
89.7963 16.7474 0.0766068
89.8832 16.8898 0.0795262
89.8889 16.8912 0.0795587
89.8484 16.7763 0.0783042
89.7806 16.7597 0.0820223
89.8196 16.8466 0.0763508
89.8183 16.858 0.0803112
89.8423 16.7844 0.0743149
89.7826 16.8032 0.0799032
89.8587 16.8053 0.0768734
89.7824 16.7685 0.0786178
89.7243 16.7268 0.080751
89.8983 16.8036 0.0770797
89.8679 16.7968 0.0756144
89.76 16.6204 0.0788914
89.7572 16.8799 0.0797412
89.7875 16.7834 0.0749471
89.7817 16.783 0.0750585
89.6809 16.7798 0.0800522
89.8223 16.8418 0.0793337
89.8273 16.8029 0.0798954
89.8931 16.7553 0.0773695
89.7296 16.8418 0.0811857
89.8044 16.8402 0.0776597
89.6818 16.774 0.0768031
89.7395 16.7548 0.0791123
89.8368 16.7663 0.077009
89.7929 16.7674 0.0784197
89.8886 16.7409 0.0789597
89.8112 16.8335 0.0763684
89.8146 16.8372 0.0763355
89.768 16.8228 0.0785846
89.8536 16.8603 0.0792922
89.9313 16.8491 0.0788282
89.8632 16.7642 0.0768293
89.8392 16.779 0.0781406
89.8391 16.7828 0.0782141
89.6792 16.7522 0.0785341
89.8501 16.812 0.0755663
89.8505 16.8123 0.0753815
89.754 16.7215 0.0790313
89.74 16.7997 0.0794719
89.7603 16.9162 0.0755925
89.7711 16.912 0.0756681
88.0569 19.5961 0.112561
89.7236 16.6913 0.0777088
89.7869 16.7086 0.0805041
89.717 16.8134 0.0769041
89.7578 16.7763 0.0838357
89.819 16.6754 0.0780508
89.705 16.9403 0.0774176
89.8753 16.6349 0.0787913
89.7678 16.8097 0.0761861
89.7877 16.7898 0.0789688
89.7532 16.6936 0.0779773
89.8473 16.8088 0.0789728
89.8438 16.8109 0.0789291
89.7729 16.7011 0.0769919
89.812 16.7527 0.0760111
89.76 16.8006 0.0775356
89.7982 16.7765 0.0766844
89.7666 16.7788 0.0797323
89.7689 16.8381 0.0744182
89.806 16.8092 0.0786398
89.7013 16.7851 0.0794788
89.794 16.6991 0.0785656
89.721 16.7487 0.0805737
89.8191 16.748 0.0753024
89.8021 16.7933 0.0792718
89.854 16.6681 0.0791767
89.7265 16.8168 0.0788681
89.7271 16.8153 0.0790012
89.729 16.8239 0.0783657
89.7302 16.8189 0.0783464
89.7319 16.7763 0.0754521
89.8012 16.7437 0.0757934
89.8213 16.6783 0.0802258
89.8571 16.8568 0.0775829
89.7351 16.7455 0.0769981
89.7374 16.8201 0.0817718
89.7966 16.8382 0.0798827
89.7868 16.7264 0.0802925
89.7704 16.8245 0.080646
89.7206 16.7507 0.080745
89.7272 16.8201 0.0771113
89.6957 16.8443 0.0792858
89.8262 16.8725 0.0790012
89.8212 16.7319 0.0760642
89.7439 16.7819 0.0763572
89.778 16.7206 0.0784741
89.8473 16.7749 0.0770705
89.8031 16.8574 0.0769633
89.8037 16.8586 0.0769162
89.7793 16.8274 0.0751301
89.8273 16.806 0.0784174
89.7879 16.7696 0.0797002
89.8544 16.8294 0.0783914
89.7721 16.752 0.0802794
89.7351 16.7585 0.0786712
89.807 16.7786 0.0772282
89.7221 16.7619 0.0795507
89.8662 16.8134 0.0773848
89.8574 16.8131 0.0773928
89.8117 16.6616 0.0807875
89.8114 16.8477 0.0749671
89.7991 16.801 0.0789999
89.7735 16.8307 0.0791519
89.6808 16.7822 0.0797877
89.8098 16.8306 0.0812387
89.7655 16.6734 0.0753475
89.7797 16.8178 0.0781479
89.7759 16.8854 0.0762183
89.7854 16.7477 0.0748192
89.8175 16.7845 0.0798951
89.8246 16.854 0.0803016
89.8305 16.8556 0.0802729
89.7852 16.74 0.0789827
89.7806 16.7832 0.0802951
89.8576 16.8291 0.0798637
89.8181 16.7927 0.0774793
89.8744 16.8116 0.0799113
89.8734 16.8331 0.0744216
89.7745 16.7796 0.0780707
89.7719 16.7672 0.0777751
89.8712 16.6866 0.0779876
89.9955 16.7896 0.0794956
89.8795 16.8131 0.077449
89.7577 16.7536 0.0748636
89.7723 16.6916 0.0771329
89.6588 16.7143 0.0798457
89.8175 16.765 0.0759344
89.778 16.835 0.0768981
89.729 16.7845 0.0778906
89.7152 16.7814 0.0764939
89.7723 16.7863 0.0797463
89.7579 16.7978 0.080027
89.757 16.7922 0.079931
89.7997 16.8009 0.079087
89.7979 16.8086 0.0788493
89.8757 16.7694 0.0788375
89.8037 16.7669 0.077571
89.8293 16.7322 0.0791369
89.8937 16.7258 0.0782496
89.777 16.8128 0.0806442
89.7376 16.8251 0.0764911
89.7941 16.8249 0.0776014
89.793 16.7847 0.0799669
89.8974 16.8129 0.0792548
89.9553 16.7705 0.0760538
89.7549 16.7793 0.0836035
89.7238 16.7677 0.0820929
89.721 16.7677 0.0820328
89.6628 16.7145 0.0763411
89.8041 16.8168 0.076177
89.7957 16.7983 0.0789597
89.758 16.7581 0.0823319
89.7204 16.7388 0.0778403
89.8515 16.8137 0.078826
89.8481 16.8098 0.0789834
89.8096 16.7498 0.0762284
89.7959 16.7771 0.076476
89.7734 16.8998 0.0749012
89.8429 16.7651 0.0776083
89.938 16.7293 0.0760017
89.8873 16.8026 0.078707
89.883 16.8011 0.0787801
89.8675 16.8057 0.078032
89.835 16.769 0.0793932
89.8055 16.7894 0.0793802
89.8564 16.7012 0.0793221
89.7176 16.808 0.0787983
89.7602 16.8327 0.0774685
89.8466 16.7424 0.0754755
89.6991 16.809 0.0762358
89.6941 16.7624 0.0759874
89.7647 16.7703 0.0779568
89.8247 16.6792 0.0801392
89.8133 16.7399 0.0763709
89.7758 16.7818 0.0749795
89.8327 16.7245 0.0828556
89.7384 16.8213 0.0815357
89.7898 16.7492 0.0756982
89.7902 16.7529 0.0757201
89.8149 16.8646 0.0789761
89.879 16.7608 0.0784868
89.7052 16.7285 0.080894
89.6974 16.8404 0.0791475
90.0098 16.754 0.0790307
89.6427 16.7807 0.0772909
89.8383 16.7229 0.0800242
89.6978 16.7699 0.0785749
89.834 16.7671 0.0768385
89.8161 16.7399 0.0777993
89.8034 16.8611 0.0770299
89.6636 16.8263 0.0781002
89.7505 16.6734 0.0752458
89.8251 16.8027 0.0782923
89.8284 16.7377 0.0775718
89.718 16.8018 0.0782938
89.8532 16.839 0.0781886
89.8576 16.8321 0.0785009
89.7837 16.7838 0.0771118
89.7991 16.661 0.0799981
89.772 16.6571 0.0754883
89.7999 16.777 0.0774547
89.8817 16.6893 0.0748566
89.8224 16.7341 0.074336
89.7758 16.7826 0.0791783
89.8127 16.6617 0.0808206
89.7765 16.7403 0.0782988
89.7963 16.8042 0.0788197
89.909 16.8509 0.0742191
89.7222 16.7652 0.0785582
89.813 16.8225 0.0811195
89.7332 16.8216 0.0791295
89.8962 16.7108 0.0769827
89.7739 16.8825 0.0761312
89.8111 16.782 0.0799824
89.8165 16.7824 0.0798476
89.7435 16.7705 0.0776586
89.8267 16.847 0.0803083
89.821 16.6782 0.0793654
89.7904 16.8 0.0767817
89.8573 16.8384 0.079923
89.8091 16.8317 0.0795316
89.8047 16.8386 0.0794689
89.7939 16.6998 0.074706
89.7562 16.6876 0.082131
89.7949 16.6487 0.0778328
89.7377 16.6978 0.0757082
89.8293 16.8616 0.0770988
89.8276 16.8595 0.0772543
89.7486 16.8923 0.075443
89.8696 16.8156 0.0774694
89.7689 16.7917 0.0808188
89.7709 16.7992 0.0805499
89.657 16.7074 0.0799423
89.8471 16.735 0.0768523
89.8603 16.7298 0.0766865
89.7754 16.8357 0.0770251
89.7548 16.735 0.0797613
89.7263 16.7882 0.078092
89.7002 16.7545 0.0800418
89.7658 16.7076 0.0773713
89.6344 16.7356 0.0794341
89.6453 16.7416 0.0794443
89.8089 16.8437 0.0769572
89.7593 16.7974 0.0800259
89.86 16.7792 0.0741633
89.804 16.808 0.0791209
89.9023 16.7591 0.077865
89.8823 16.7689 0.0787923
89.8239 16.6935 0.079358
89.8288 16.7352 0.078896
89.8435 16.7976 0.0792221
89.8416 16.7922 0.0791197
89.8471 16.7965 0.0790522
89.7552 16.7647 0.0774624
89.7766 16.8083 0.0809061
89.7811 16.7498 0.0796624
89.7302 16.7853 0.0791289
89.735 16.7991 0.075397
89.8995 16.8166 0.0793565
89.8974 16.8186 0.0794234
89.7484 16.6888 0.0790558
89.8233 16.6778 0.0783357
89.7232 16.7742 0.0819044
89.7695 16.811 0.0761142
89.8264 16.7135 0.0796016
89.7902 16.7931 0.0789348
89.7207 16.7417 0.0779619
89.6924 16.7168 0.0761046
89.7388 16.8277 0.0768368
89.7683 16.7784 0.0796253
89.7581 16.7671 0.0773005
89.8454 16.7613 0.0776921
89.8057 16.7691 0.0802458
89.7312 16.7205 0.079236
89.8819 16.7975 0.0786
89.861 16.8021 0.0782263
89.7831 16.7565 0.0774699
89.7933 16.7813 0.0746234
89.794 16.7836 0.0745311
89.7929 16.7769 0.0745111
89.8574 16.7729 0.0736727
89.7665 16.8081 0.0793617
89.8564 16.6969 0.0793839
89.7068 16.7182 0.0797901
89.7889 16.6939 0.0769713
89.7289 16.82 0.0783054
89.7619 16.8386 0.077575
89.7331 16.7811 0.0754058
89.7354 16.7785 0.0755718
89.8081 16.6503 0.0786617
89.8202 16.6783 0.0802671
89.8596 16.8537 0.0776165
89.8545 16.8514 0.0776074
89.7848 16.7833 0.074901
89.8354 16.7217 0.0828536
89.741 16.8211 0.0814183
89.7901 16.8295 0.0797568
89.7919 16.8324 0.079628
89.8276 16.6674 0.0776108
89.8122 16.8587 0.0789797
89.8699 16.7611 0.0786266
89.8658 16.7588 0.0786407
89.7197 16.7571 0.080769
89.8247 16.8007 0.0746628
89.6933 16.8448 0.0792307
89.7754 16.6775 0.0824732
89.8286 16.8764 0.0789937
89.6976 16.6913 0.076526
89.8064 16.7527 0.0738576
89.7848 16.8259 0.0794293
89.7193 16.8461 0.0759367
89.7438 16.7889 0.0763017
89.709 16.7666 0.0808552
89.8309 16.7626 0.0767082
89.8264 16.77 0.0769452
89.8178 16.7375 0.0778748
89.8423 16.7703 0.0770915
89.8469 16.7687 0.0769246
89.8473 16.8181 0.0801299
89.8088 16.8568 0.076869
89.7779 16.8296 0.0752151
89.9083 16.8137 0.0802725
89.9165 16.8102 0.0802198
89.8269 16.8011 0.0783223
89.8207 16.7433 0.0777929
89.7797 16.7716 0.0796607
89.7243 16.8102 0.0783463
89.6711 16.7816 0.0770267
89.8513 16.8368 0.0782298
89.7785 16.7602 0.0813224
89.7646 16.7376 0.0783072
89.7527 16.8005 0.0791179
89.6991 16.7503 0.0761045
89.8194 16.8008 0.0792687
89.7083 16.7785 0.076753
89.8607 16.8164 0.0773654
89.7792 16.7632 0.0746062
89.8076 16.8376 0.0747797
89.8014 16.8021 0.0790312
89.7622 16.8318 0.0791237
89.7229 16.7682 0.0784198
89.8168 16.8244 0.0809639
89.7356 16.8169 0.0791335
89.8536 16.788 0.0799065
89.7718 16.8856 0.0760623
89.8152 16.777 0.0796858
89.8276 16.8553 0.0802364
89.7849 16.8247 0.0779139
89.8008 16.8021 0.0768017
89.858 16.8316 0.0798811
89.6827 16.8285 0.077734
89.8817 16.8125 0.0799642
89.8755 16.8149 0.0801909
89.8677 16.8322 0.0745297
89.768 16.7774 0.0780545
89.8285 16.861 0.0771388
89.7277 16.83 0.0780161
89.7567 16.8973 0.0753928
89.8692 16.8095 0.077438
89.7779 16.6956 0.0771442
89.7781 16.8365 0.0768781
89.7777 16.7543 0.078851
89.7267 16.7807 0.0764703
89.7811 16.8945 0.0746093
89.7141 16.7397 0.0805115
89.7592 16.7921 0.0798777
89.7552 16.754 0.0764048
89.8726 16.7942 0.0784462
89.7277 16.8004 0.079666
89.8291 16.7534 0.0778475
89.749 16.7146 0.0777424
89.8298 16.7323 0.0789481
89.836 16.7933 0.0791765
89.7181 16.7685 0.0804591
89.7778 16.8071 0.0808499
89.78 16.7486 0.0798702
89.7945 16.7245 0.0785193
89.7973 16.7259 0.0785992
89.7886 16.826 0.0778185
89.7901 16.7853 0.0801238
89.897 16.8115 0.0794543
89.8951 16.8144 0.0793757
89.7905 16.7059 0.0806574
89.7894 16.7071 0.0807023
89.6422 16.746 0.0823845
89.7232 16.7718 0.0724262
89.7458 16.8051 0.076185
89.6612 16.7146 0.0763576
89.6508 16.8043 0.0774247
89.7581 16.7571 0.0823745
89.8465 16.8135 0.0788176
89.8016 16.8061 0.0788904
89.8029 16.8081 0.0789559
89.765 16.7428 0.0833812
89.7638 16.7966 0.077705
89.7683 16.7756 0.0798479
89.7549 16.772 0.0773174
89.8076 16.7667 0.0803458
89.7362 16.7212 0.0790481
89.7382 16.7891 0.0775878
89.8785 16.7948 0.0787215
89.8625 16.8107 0.0780646
89.7477 16.7267 0.0801254
89.7881 16.7812 0.074614
89.7672 16.7323 0.075648
89.8114 16.7908 0.0794746
89.7877 16.7386 0.0812367
89.7205 16.8185 0.0789765
89.7203 16.8112 0.0787854
89.7343 16.8213 0.0782964
89.7743 16.7258 0.0736489
89.7448 16.7974 0.0772954
89.7652 16.8356 0.0790752
89.8545 16.8501 0.0773197
89.7369 16.8298 0.0787116
89.74 16.8253 0.0816448
89.7925 16.8362 0.0798648
89.7907 16.7469 0.0756563
89.7967 16.7254 0.080419
89.7934 16.7242 0.0802447
89.8072 16.8576 0.0788008
89.818 16.8576 0.0792207
89.7478 16.7716 0.0789191
89.8853 16.7386 0.0744982
89.8474 16.6054 0.082619
89.8306 16.8742 0.0791198
89.8316 16.8753 0.0790437
89.8086 16.7873 0.0775105
89.7847 16.8231 0.0792676
89.7 16.7766 0.0782276
89.8448 16.7747 0.0772078
89.8454 16.817 0.0800915
89.8518 16.82 0.0800035
89.8063 16.8583 0.0768285
89.7838 16.834 0.0752573
89.7808 16.689 0.079252
89.7559 16.7337 0.0789448
89.8095 16.7788 0.0762843
89.7935 16.7917 0.0772017
89.7656 16.7562 0.0811714
89.7078 16.7932 0.0799699
89.7209 16.7551 0.0796254
89.8294 16.8007 0.0792007
89.8639 16.8149 0.0774592
89.7752 16.766 0.0746338
89.6783 16.7253 0.0747861
89.7799 16.7396 0.0782662
89.7628 16.8292 0.0790553
89.7623 16.8401 0.0791019
89.7169 16.7628 0.078542
89.81 16.8225 0.0811426
89.7147 16.7686 0.079361
89.8601 16.7893 0.0798348
89.7787 16.8197 0.0779981
89.7715 16.7999 0.0793732
89.8109 16.7821 0.0798034
89.7073 16.7506 0.0774186
89.7084 16.7487 0.0773043
89.7731 16.7666 0.0758728
89.8386 16.7825 0.0782128
89.8278 16.8509 0.0800572
89.7794 16.8159 0.0780788
89.7814 16.7736 0.0766452
89.8623 16.8315 0.0800975
89.8123 16.832 0.0794222
89.7694 16.6906 0.0733415
89.874 16.8352 0.0743935
89.8272 16.8553 0.0771489
89.7328 16.8226 0.0781012
89.9947 16.7859 0.0793884
89.771 16.7975 0.0808847
89.8627 16.7321 0.0766363
89.7729 16.839 0.0769578
89.7223 16.7808 0.0763277
89.7877 16.8986 0.0747329
89.7146 16.7372 0.0803654
89.714 16.7615 0.0798177
89.808 16.8469 0.076823
89.8607 16.7815 0.0741485
89.8959 16.755 0.0779434
89.8648 16.7216 0.0747124
89.7228 16.8004 0.0798666
89.7751 16.6946 0.0765339
89.8456 16.7909 0.0792434
89.7184 16.769 0.0804149
89.7781 16.806 0.0806014
89.7755 16.8096 0.0806747
89.769 16.7224 0.0754683
89.7684 16.7226 0.0752387
89.8454 16.6752 0.0800593
89.7329 16.7881 0.0792292
89.7399 16.7997 0.0753371
89.9563 16.7673 0.0758841
89.6907 16.7269 0.0785973
89.8228 16.6819 0.0783202
89.8007 16.7664 0.0752419
89.8194 16.7194 0.0794382
89.7935 16.792 0.0789576
89.7726 16.8877 0.0761409
89.7998 16.8085 0.0788486
89.7723 16.75 0.0833491
89.8012 16.7319 0.0784705
89.7518 16.8538 0.077315
89.716 16.6757 0.0770125
89.7742 16.9029 0.0749598
89.753 16.814 0.076241
89.9312 16.7383 0.0761744
89.7778 16.7896 0.0789924
89.6662 16.7621 0.0762445
89.8641 16.7393 0.0760725
89.8648 16.8126 0.0780156
89.8638 16.8048 0.078138
89.7881 16.755 0.0772699
89.786 16.7582 0.0756245
89.8041 16.7938 0.0793175
89.6967 16.7016 0.0807063
89.7305 16.8209 0.0783232
89.742 16.7136 0.0785684
89.7601 16.8399 0.0790058
89.8621 16.8547 0.0776034
89.8545 16.853 0.0775771
89.7401 16.7488 0.0769514
89.8776 16.6628 0.0794712
89.7396 16.8166 0.0814998
89.8231 16.6745 0.0777517
89.7716 16.8204 0.080536
89.7203 16.749 0.0808134
89.815 16.7923 0.0745856
89.7791 16.5841 0.0800618
89.829 16.8806 0.0790837
89.7661 16.8279 0.0741941
89.7422 16.7823 0.0765112
89.8224 16.7358 0.0777355
89.8443 16.8141 0.0800071
89.8096 16.8624 0.0769425
89.804 16.7467 0.0779079
89.7838 16.8334 0.0751641
89.9129 16.8151 0.0802407
89.7451 16.7327 0.0788929
89.7786 16.7722 0.0796933
88.7004 15.541 0.0417421
89.8162 16.9 0.078571
89.7333 16.7806 0.0811335
89.8157 16.9302 0.0795764
89.8171 16.932 0.079513
89.7157 16.7061 0.0790713
89.7157 16.6977 0.0818672
89.7171 16.6991 0.0819754
89.8274 16.8769 0.0806743
89.7698 16.6384 0.0813551
89.8405 16.8494 0.0785826
89.8357 16.8478 0.0784078
89.9128 16.8551 0.0777721
89.9026 16.8493 0.0777816
89.7682 16.7837 0.0755894
89.832 16.8034 0.0759252
89.92 16.8077 0.0783058
89.7526 16.7655 0.0770539
89.8585 16.8263 0.0794077
89.7589 16.8367 0.0813344
89.7712 16.8391 0.0813546
89.7764 16.8449 0.080605
89.7964 16.7173 0.0818921
89.8925 16.9027 0.0782177
89.8296 16.6769 0.0782008
89.6593 16.7973 0.083857
89.8412 16.8368 0.082232
89.8666 16.8108 0.0789537
89.761 16.8343 0.0805829
89.7199 16.9547 0.078004
89.7335 16.68 0.0845691
89.8311 16.8683 0.078535
89.8291 16.8671 0.0787116
89.7225 16.7905 0.0798313
89.8367 16.7949 0.0809761
89.7965 16.7303 0.0789822
89.664 16.7195 0.0764708
89.8151 16.7263 0.0754649
89.7473 16.8025 0.0819869
89.9291 16.8157 0.0805871
89.9292 16.8551 0.0787766
89.8484 16.7215 0.0766422
89.8219 16.7811 0.0805238
89.8645 16.8793 0.0795432
89.7993 16.9261 0.0820279
89.7967 16.9325 0.0821318
89.8553 16.622 0.079871
89.8963 16.788 0.0779576
89.8627 16.8333 0.0812119
89.7921 16.9443 0.0798611
89.7916 16.9384 0.0797123
89.7916 16.9478 0.0797257
89.7717 16.8514 0.0781381
89.8472 16.7788 0.078911
89.8262 16.8586 0.0740531
89.7972 16.6847 0.0792954
89.8131 16.7537 0.0791016
89.7614 16.8827 0.0812112
89.7573 16.8884 0.0811884
89.8329 16.8517 0.080066
89.8389 16.6951 0.0750174
89.7219 16.664 0.0802163
89.7972 16.8251 0.0798612
89.9097 16.8205 0.0747872
89.7585 16.861 0.0811114
89.8417 16.8363 0.074437
89.9098 16.9256 0.0800945
89.759 16.6831 0.0790587
89.7336 16.7974 0.083277
89.7862 16.8943 0.0820044
89.7888 16.7368 0.080097
89.7892 16.7375 0.0802222
89.7982 16.7266 0.0790766
89.7027 16.7886 0.0761696
89.761 16.8118 0.0809888
89.8809 16.7323 0.0768755
89.8363 16.8701 0.0782839
89.8275 16.8763 0.0780513
89.7915 16.839 0.0820232
89.9246 16.7299 0.0791352
89.7986 16.7207 0.0823249
89.7686 16.7054 0.0792013
89.8668 16.8169 0.0812599
89.7939 16.8588 0.0807825
89.7716 16.8752 0.0827609
89.8052 16.7399 0.0792107
89.767 16.7501 0.0816904
89.7397 16.6898 0.0804946
89.7201 16.8916 0.0822888
89.8781 16.8136 0.0789653
89.8474 16.7135 0.0770122
89.7178 16.7868 0.0754637
89.7014 16.7826 0.0803474
89.7855 16.7031 0.0770506
89.828 16.7735 0.078539
89.8071 16.7366 0.0785052
89.7331 16.7502 0.0838906
89.7869 16.8249 0.0818568
89.8344 16.8425 0.0789235
89.709 16.7923 0.0781052
89.7152 16.7986 0.0781455
89.7645 16.7619 0.0789541
89.8172 16.8949 0.0783875
89.825 16.6903 0.0789345
89.8144 16.9303 0.0794146
89.815 16.9317 0.0797101
89.7898 16.8516 0.0758465
89.8515 16.7718 0.0799493
89.7521 16.6371 0.0803415
89.8394 16.8486 0.0783183
89.9032 16.8483 0.0777702
89.7232 16.7647 0.079606
89.8335 16.8029 0.075918
89.7644 16.7301 0.0799398
89.9177 16.804 0.0781473
89.8308 16.6946 0.0776802
89.8638 16.8212 0.0793335
89.7646 16.8338 0.0812734
89.7748 16.8483 0.0805244
89.9221 16.7311 0.0837388
89.8921 16.9068 0.0780754
89.7487 16.791 0.0810425
89.8392 16.8311 0.082156
89.8154 16.8005 0.0780991
89.8978 16.7962 0.0795535
89.7431 16.7581 0.075631
89.7426 16.7581 0.0755571
89.7724 16.8063 0.0807426
89.7652 16.8072 0.0806063
89.7914 16.7806 0.0768612
89.8117 16.8966 0.0779729
89.7299 16.6769 0.0844662
89.686 16.6854 0.0789227
89.7911 16.8607 0.0818029
89.834 16.7932 0.0809491
89.8017 16.8883 0.0794574
89.762 16.7503 0.0779298
89.7214 16.7072 0.0804901
89.7926 16.801 0.0827054
89.7927 16.7892 0.0824237
89.9352 16.8096 0.0804606
89.9288 16.8545 0.078571
89.7578 16.747 0.0781307
89.8227 16.7819 0.080536
89.7971 16.9256 0.0821767
89.735 16.8209 0.0789611
89.7512 16.7808 0.0829146
89.8974 16.7854 0.0779645
89.7025 16.8579 0.0830928
89.6961 16.8601 0.0832199
89.8519 16.8247 0.0773181
89.7937 16.9439 0.079733
89.8453 16.7265 0.0788644
89.6912 16.7793 0.0751456
89.8141 16.8184 0.0826249
89.7434 16.679 0.0805896
89.7798 16.6691 0.0793655
89.7576 16.8595 0.0809595
89.8605 16.7323 0.0792618
89.7392 16.7088 0.0759814
89.8035 16.8516 0.0854281
89.8025 16.8529 0.0855811
89.7934 16.754 0.0744893
89.9174 16.8265 0.0803593
89.9099 16.8277 0.0802976
89.8309 16.7064 0.0762928
89.7625 16.8579 0.0811128
89.7486 16.6321 0.0782917
89.7444 16.8132 0.0794271
89.9121 16.9248 0.0800912
89.9136 16.9208 0.0801875
89.9149 16.9279 0.0801587
89.7584 16.7587 0.0815121
89.7779 16.9032 0.0820542
89.7693 16.835 0.0751489
89.7227 16.8197 0.0813202
89.8576 16.7871 0.0754841
89.7725 16.7132 0.0769849
89.7103 16.705 0.0832144
89.7942 16.8333 0.0823024
89.7979 16.8347 0.0821207
89.8705 16.902 0.0790037
89.8717 16.9029 0.0790659
89.7653 16.6936 0.0745432
89.7702 16.7109 0.0792394
89.6383 16.6805 0.0822136
89.8271 16.6318 0.0757924
89.7691 16.6565 0.0792189
89.8249 16.7993 0.0729373
89.9089 16.8074 0.0781668
89.8587 16.7399 0.0818309
89.7203 16.8941 0.0823028
89.9126 16.8281 0.0756884
89.6721 16.7609 0.0753867
89.8006 16.8648 0.0802674
89.6715 16.7614 0.0773174
89.7345 16.7476 0.0839527
89.8222 16.8473 0.0808188
89.8974 16.8743 0.0774256
89.8736 16.7431 0.0795939
89.891 16.8248 0.0786363
89.8056 16.7283 0.074501
89.9524 16.6594 0.0759514
89.8205 16.9338 0.0795758
89.8498 16.7473 0.0790065
89.7309 16.7176 0.0787268
89.788 16.8443 0.0758736
89.8319 16.8724 0.0808176
89.8368 16.6484 0.0807523
89.7482 16.7081 0.0749676
89.7511 16.8605 0.0840239
89.7517 16.8572 0.0841931
89.8402 16.8469 0.0785536
89.8337 16.846 0.078691
89.9103 16.8535 0.0779544
89.77 16.7852 0.0754629
89.7755 16.8123 0.0791601
89.8328 16.7964 0.075765
89.9133 16.8038 0.0780415
89.7961 16.7927 0.0790435
89.8128 16.7848 0.0750221
89.8411 16.8716 0.0798961
89.8367 16.8706 0.0799482
89.7781 16.8477 0.0805512
89.7388 16.672 0.0776278
89.8906 16.9008 0.0781991
89.8359 16.7482 0.0781765
89.6681 16.8502 0.0740796
89.7405 16.76 0.0756752
89.7612 16.8336 0.0805177
89.7924 16.7761 0.0766795
89.7945 16.7832 0.0768556
89.7847 16.8536 0.0778505
89.85 16.7314 0.0810115
89.8157 16.9155 0.0795474
89.8171 16.9114 0.079572
89.7894 16.8598 0.0817499
89.8191 16.7551 0.074944
89.8028 16.8858 0.0794589
89.7431 16.6874 0.0754517
89.7957 16.793 0.0766561
89.8134 16.7343 0.0753433
89.7438 16.8008 0.0819408
89.7464 16.827 0.082004
89.9279 16.8197 0.0803647
89.7077 16.7028 0.0727156
89.8311 16.7827 0.080164
89.7377 16.6725 0.0830456
89.8591 16.8788 0.0795099
89.7994 16.9206 0.082008
89.7621 16.7348 0.0805596
89.8628 16.8405 0.0813099
89.703 16.8574 0.0831336
89.6979 16.8543 0.0830343
89.7964 16.9447 0.0797189
89.8386 16.6013 0.077977
89.7764 16.7571 0.0799595
89.7503 16.6362 0.0788681
89.7571 16.8852 0.0812412
89.8322 16.8523 0.0800759
89.74 16.7096 0.0758616
89.7877 16.822 0.0767397
89.8485 16.7024 0.0832227
89.9198 16.8258 0.0805797
89.7337 16.7464 0.0724716
89.7584 16.8628 0.0808958
89.7474 16.6356 0.0780963
89.7749 16.7155 0.076466
89.9134 16.9248 0.0800034
89.735 16.7981 0.0831908
89.7047 16.7093 0.0795717
89.7837 16.7333 0.0800142
89.8059 16.7327 0.0792959
89.8039 16.724 0.0791014
89.7823 16.756 0.0793073
89.7798 16.7514 0.0790314
89.8829 16.7294 0.0769547
89.8311 16.8702 0.0783474
89.8112 16.7082 0.0778713
89.8323 16.7474 0.0804715
89.9245 16.7325 0.0791543
89.9258 16.7224 0.0790391
89.8487 16.7538 0.0759367
89.8512 16.7645 0.0759889
89.8037 16.7236 0.0823871
89.7402 16.7446 0.0777698
89.7474 16.6655 0.0790525
89.9041 16.8052 0.0781228
89.762 16.8032 0.0802957
89.739 16.6838 0.0803513
89.9121 16.8237 0.0757313
89.7028 16.7793 0.0802195
89.7603 16.8112 0.0836799
89.6765 16.6086 0.0763474
89.8005 16.797 0.0790207
89.7775 16.8206 0.0818598
89.8251 16.8471 0.0809601
89.8954 16.8704 0.0776142
89.8653 16.7386 0.0797604
89.8298 16.6716 0.0774539
89.7723 16.83 0.0807615
89.8944 16.8212 0.0786436
89.8123 16.8947 0.0785318
89.7288 16.777 0.081155
89.8193 16.6831 0.0787823
89.8124 16.9355 0.0792593
89.9007 16.5702 0.0787513
89.7738 16.7933 0.0801365
89.8496 16.77 0.0798193
89.8654 16.783 0.0797317
89.7565 16.6449 0.0801478
89.8426 16.8415 0.0783881
89.7662 16.7868 0.0754986
89.8313 16.7983 0.0759074
89.771 16.7376 0.0760416
89.9065 16.6861 0.0782013
89.9153 16.8018 0.078328
89.8458 16.7775 0.0787079
89.8569 16.8205 0.0791531
89.8608 16.8244 0.0792843
89.7745 16.8538 0.0805647
89.7851 16.8495 0.080461
89.7632 16.7467 0.079233
89.899 16.8992 0.0781181
89.8934 16.9056 0.0780719
89.8908 16.905 0.0780259
89.8393 16.6767 0.0782887
89.7166 16.7499 0.081617
89.6564 16.8009 0.0838669
89.8453 16.8305 0.0821814
89.8944 16.7925 0.0796444
89.761 16.7854 0.0784649
89.7962 16.7821 0.0768305
89.7777 16.85 0.0776871
89.8103 16.8893 0.0777507
89.7946 16.7342 0.082503
89.8098 16.9082 0.0793688
89.8321 16.8736 0.0782947
89.7944 16.8619 0.081852
89.7316 16.7864 0.0799486
89.8364 16.7983 0.0808584
89.7933 16.7335 0.078832
89.7213 16.7055 0.0796425
89.725 16.7014 0.079641
89.7486 16.8219 0.0820733
89.8461 16.7259 0.0764152
89.8156 16.7003 0.0797742
89.6868 16.7861 0.0757627
89.8695 16.8805 0.0797584
89.7976 16.9265 0.0818591
89.7153 16.649 0.0777029
89.7584 16.7326 0.0802863
89.8659 16.736 0.0801745
89.9225 16.7198 0.0813639
89.8528 16.833 0.0772539
89.7875 16.9399 0.0799957
89.7728 16.8516 0.0782776
89.8007 16.7188 0.0787771
89.7359 16.6332 0.0826643
89.7001 16.717 0.078557
89.7604 16.8495 0.0811517
89.8295 16.85 0.0799381
89.8048 16.8512 0.0856117
89.7994 16.7617 0.0744995
89.7582 16.7392 0.0827332
89.7207 16.741 0.0762812
89.8336 16.7067 0.0764396
89.7586 16.8614 0.0810708
89.799 16.8008 0.0810147
89.9124 16.9227 0.0801932
89.8392 16.682 0.0780612
89.7368 16.7903 0.0831144
89.7627 16.677 0.080968
89.8013 16.7276 0.0791887
89.7205 16.8148 0.0812662
89.8263 16.7487 0.0751493
89.702 16.7164 0.0781009
89.7887 16.8356 0.0820477
89.8284 16.7431 0.0801372
89.8699 16.9011 0.0789963
89.8967 16.7261 0.0744572
89.7854 16.8589 0.0808605
89.7638 16.6753 0.07657
89.9069 16.8049 0.0781494
89.7946 16.6391 0.079612
89.8067 16.7399 0.0792602
89.7643 16.8032 0.0801308
89.8772 16.8127 0.0789718
89.717 16.7885 0.0753538
89.802 16.8644 0.0803206
89.8335 16.7807 0.0786129
89.731 16.7662 0.0761602
89.7167 16.7035 0.0775091
89.7602 16.7855 0.0765683
89.791 16.8198 0.0817023
89.7807 16.6961 0.0777804
89.8267 16.8503 0.0806253
89.8353 16.8354 0.0788569
89.8919 16.8754 0.0774259
89.8947 16.8724 0.0774709
89.7627 16.8258 0.0811125
89.8162 16.8974 0.078538
89.9244 16.7148 0.0773267
89.8158 16.8254 0.0826588
89.7218 16.721 0.0795835
89.8904 16.7239 0.0790758
89.8604 16.7829 0.0795996
89.8446 16.8516 0.0785852
89.7192 16.7619 0.0796062
89.7772 16.7743 0.0823345
89.9228 16.7984 0.0780141
89.6779 16.691 0.0792548
89.836 16.8665 0.0797761
89.8373 16.8661 0.0799906
89.7613 16.7458 0.079307
89.8917 16.9006 0.0780351
89.7243 16.748 0.0816167
89.8425 16.832 0.082285
89.8622 16.7987 0.0772806
89.7619 16.8368 0.0805898
89.7737 16.8085 0.0807325
89.762 16.7858 0.0783715
89.7913 16.7773 0.0766623
89.8152 16.8922 0.0778181
89.9441 16.7325 0.0789289
89.7886 16.8643 0.0818141
89.7419 16.7937 0.0803468
89.8333 16.8029 0.0810493
89.8072 16.8865 0.0794434
89.7775 16.748 0.0796543
89.7983 16.7887 0.076836
89.7473 16.8187 0.0820762
89.9297 16.8585 0.0786048
89.8474 16.7154 0.0729352
89.8633 16.8827 0.0791999
89.8003 16.9307 0.0821574
89.8506 16.6571 0.0757101
89.8037 16.8081 0.0785845
89.9003 16.7858 0.0780516
89.8616 16.8352 0.0814968
89.8441 16.8311 0.077348
89.7926 16.9455 0.0797583
89.7932 16.9404 0.0797397
89.8457 16.7291 0.0789288
89.6963 16.7778 0.0750274
89.8171 16.752 0.0789698
89.8137 16.7547 0.0789686
89.7645 16.8843 0.0811622
89.8352 16.8525 0.0801075
89.808 16.8532 0.0856031
89.8106 16.8504 0.0855625
89.8075 16.8472 0.0854603
89.8038 16.8509 0.0858517
89.8486 16.7048 0.0833069
89.9132 16.8255 0.0806054
89.9062 16.7987 0.0766891
89.7597 16.8592 0.081084
89.8083 16.7092 0.0785519
89.877 16.8166 0.0765204
89.7579 16.7606 0.0813536
89.786 16.8958 0.0819826
89.7809 16.896 0.0820242
89.7039 16.7108 0.0798205
89.74 16.9239 0.0804541
89.7626 16.8072 0.0808875
89.8534 16.7891 0.0753888
89.6989 16.7129 0.0783011
89.8333 16.8723 0.0781904
89.8433 16.6933 0.0814813
89.7633 16.6495 0.0793451
89.872 16.9023 0.0789862
89.7386 16.739 0.0778204
89.7897 16.8594 0.0807872
89.6855 16.6219 0.07596
89.7666 16.8808 0.0827752
89.7652 16.7546 0.08163
89.8742 16.8101 0.0790322
89.9177 16.8191 0.0757328
89.8049 16.8626 0.0805154
89.8038 16.8624 0.0803553
89.7607 16.8151 0.083847
89.869 16.6914 0.0795149
89.8364 16.6362 0.0778076
89.7573 16.7878 0.0767215
89.7941 16.8002 0.0788716
89.8687 16.6775 0.0736283
89.8626 16.6368 0.0790391
89.8952 16.8782 0.0776406
89.7736 16.83 0.0811336
89.8159 16.9003 0.0783594
89.8232 16.8225 0.0827349
89.8163 16.9355 0.0796583
89.7102 16.7099 0.0789086
89.8348 16.8751 0.080853
89.8335 16.878 0.0807519
89.7725 16.6364 0.0812304
89.6629 16.7056 0.0821166
89.7536 16.8633 0.0842699
89.9107 16.8518 0.0777247
89.8533 16.7795 0.0803524
89.2906 16.7732 0.0783957
