1.01042 3.9704 0.295978
1.03573 4.03892 0.295291
1.0169 3.891 0.292554
0.978851 3.89776 0.292486
0.821498 3.89463 0.297075
0.965652 3.96186 0.29351
0.900376 3.91854 0.296568
0.990762 4.05119 0.290024
0.855763 4.08402 0.293805
0.837919 4.01018 0.293626
1.05303 3.99494 0.295387
0.986368 3.94893 0.296445
0.971005 3.90758 0.294332
0.959206 3.94754 0.293197
0.889253 3.89545 0.292376
0.986976 3.95489 0.292951
1.03997 4.00697 0.292817
0.914463 3.90788 0.295132
0.900984 3.91821 0.295181
0.87773 3.90956 0.294828
0.828457 3.8776 0.295995
0.890633 3.88939 0.294635
1.04168 3.88512 0.290579
0.917679 3.96561 0.296283
0.920128 3.9684 0.294519
0.941209 3.97026 0.295003
0.994761 3.96837 0.29395
0.965452 4.02809 0.295848
1.01809 4.00298 0.29384
0.898152 4.02036 0.297296
1.0119 3.99976 0.295518
0.956048 4.03313 0.29602
0.932596 3.93134 0.293853
0.886915 4.01115 0.294258
0.831109 3.93696 0.295792
0.909677 3.91362 0.291572
0.937865 4.00791 0.29435
1.02255 4.10135 0.291674
0.890255 4.05299 0.29481
0.933278 3.82818 0.292638
0.902711 3.91109 0.294196
0.896934 3.93437 0.293151
1.00304 3.96989 0.294548
0.914588 4.03806 0.295688
0.909547 4.06979 0.291775
0.970494 3.94277 0.297554
0.965033 3.94666 0.294748
0.968399 3.98435 0.295073
0.912551 3.95473 0.291111
1.03731 3.96276 0.29169
1.05651 3.98 0.295664
0.97852 3.95173 0.291553
0.795488 3.98419 0.293118
0.935485 3.90735 0.293643
0.927036 4.01479 0.29579
0.906974 3.8949 0.29427
1.01051 3.92357 0.292174
0.909577 3.93397 0.295341
0.99186 3.92287 0.293002
0.961261 3.97927 0.294507
0.988559 3.9774 0.295787
0.986958 3.93201 0.297801
0.91788 3.83793 0.295213
0.922085 4.03258 0.292662
0.969741 4.04572 0.294825
0.948649 4.00023 0.297636
0.885319 4.02058 0.296278
0.961172 3.97223 0.294644
0.968022 3.95242 0.293767
0.960474 3.94171 0.296246
0.945763 4.02288 0.294621
1.07493 3.93266 0.291807
1.01351 4.03873 0.294716
0.933043 3.99804 0.295889
0.981959 3.92131 0.295571
1.04574 3.91165 0.29406
0.854325 3.92724 0.294238
0.811049 3.96609 0.294492
0.958076 3.95598 0.297318
0.953313 4.05469 0.294319
0.964315 4.02359 0.293595
0.964817 3.92119 0.295718
0.942061 3.89193 0.29464
0.943033 4.11207 0.294499
0.960792 4.00544 0.294695
0.942138 3.96621 0.29098
1.02797 3.85953 0.295242
0.955977 4.02513 0.295135
1.0443 3.97345 0.289228
1.00512 3.99178 0.294621
0.955606 4.01444 0.296197
0.821266 3.93742 0.297961
0.939627 3.9204 0.294022
1.00715 3.93678 0.296861
0.982634 3.92752 0.294845
0.916303 4.02822 0.29237
0.958491 3.95592 0.294124
0.950437 3.90247 0.292726
0.887428 3.9589 0.293585
0.902302 3.96047 0.294963
0.906651 3.95387 0.295557
0.95704 4.00447 0.297549
0.933833 3.97502 0.293316
0.942191 3.97715 0.298702
0.879663 3.99416 0.297834
0.941518 4.0384 0.294552
1.08323 4.05007 0.294774
0.832943 3.96569 0.294819
0.816496 3.95603 0.295873
1.0298 3.99755 0.2956
0.972425 3.97962 0.293368
0.914576 4.03772 0.295116
0.924078 4.01017 0.294385
1.02774 3.89921 0.296257
0.92837 4.05399 0.292472
0.937263 4.02058 0.293053
0.946943 3.95131 0.293435
0.90623 4.03703 0.294438
0.945911 3.90513 0.296859
0.944769 3.93074 0.2975
0.861076 4.04572 0.294625
0.980072 3.99732 0.295567
1.05225 3.95732 0.293443
1.03767 3.95387 0.294825
1.10893 3.94744 0.297053
0.99966 4.01892 0.294778
0.866527 4.02393 0.291605
0.953478 3.98415 0.29286
0.976758 3.88459 0.29432
0.965484 3.95493 0.296359
0.983277 3.9578 0.295708
0.948519 3.92616 0.296583
0.914316 3.98759 0.291787
1.03654 3.95398 0.293684
0.864206 3.94617 0.294187
0.896498 3.92961 0.29361
0.979802 3.86732 0.292136
0.918222 4.10232 0.292117
0.918972 3.92695 0.293211
0.945166 3.93496 0.295698
0.878214 4.02984 0.295236
0.894097 4.00659 0.294934
0.961742 4.04388 0.293061
0.949406 4.02064 0.293779
0.898706 4.04787 0.293647
0.829867 3.82856 0.295564
0.960496 3.973 0.294998
0.916396 3.96322 0.291007
0.996636 3.89171 0.290572
0.969313 4.00565 0.293032
1.00995 4.01894 0.29394
0.947989 3.93731 0.295493
0.915291 3.99675 0.297299
0.801196 4.04506 0.297849
1.04407 3.93338 0.29558
0.878906 4.00159 0.296439
0.865461 4.038 0.29639
0.939057 3.99039 0.298367
0.991416 3.93683 0.294745
0.914605 3.9788 0.295235
0.840414 3.90667 0.293376
0.913474 3.90136 0.296745
0.956003 3.85449 0.296174
0.999799 3.95534 0.290958
0.921056 3.98934 0.296468
0.928099 3.98293 0.294308
1.02451 3.96935 0.292963
0.951909 4.03332 0.293915
0.893648 3.93741 0.29628
1.00023 3.8343 0.294161
0.918478 3.98123 0.294266
1.04216 3.98265 0.291864
0.968151 3.99938 0.292495
1.00938 3.93849 0.291619
0.957918 4.03816 0.292077
0.926551 4.01876 0.293126
0.940196 3.97358 0.292749
0.936569 3.81019 0.297079
1.01009 3.89538 0.29256
1.02811 3.98977 0.295867
0.901757 3.83945 0.295214
0.919522 3.92698 0.294832
0.865997 3.9125 0.293097
1.08832 4.03988 0.293789
0.909976 4.04855 0.297612
0.868013 3.80764 0.296583
0.992498 4.00228 0.29112
0.950509 3.90138 0.297154
0.962169 3.95776 0.296127
0.843325 3.87462 0.294806
0.898891 3.99279 0.298414
1.01894 3.92188 0.293604
0.919789 4.00318 0.296515
0.925724 3.99843 0.296949
0.861304 3.95778 0.296288
0.894561 3.97944 0.297804
1.01921 4.05998 0.294651
0.927707 3.89279 0.293806
0.895989 3.92786 0.296606
0.911722 3.96512 0.295262
0.978169 4.02204 0.291953
0.954597 3.97306 0.297988
1.01069 3.98233 0.293318
1.02723 3.95686 0.292409
0.955533 3.88473 0.290953
0.855441 4.04934 0.293964
0.916535 3.89622 0.294882
0.967252 3.93741 0.291778
0.918886 3.94201 0.295232
0.966362 3.96071 0.294194
0.970414 3.92607 0.294177
0.889805 4.0343 0.296396
1.02771 4.009 0.295559
0.985923 3.96627 0.295472
0.977551 3.98469 0.290924
0.950943 3.99154 0.297802
1.02272 4.0039 0.290529
1.02901 3.96824 0.290348
0.906117 3.88465 0.292982
0.914 3.92922 0.29499
0.961381 4.11525 0.294878
0.994337 4.06637 0.290173
0.976855 3.90154 0.291563
1.01593 3.90329 0.292381
0.874795 3.94692 0.295673
0.871088 3.97645 0.294605
1.04871 3.94371 0.295556
0.99244 3.9281 0.297993
0.926533 3.83614 0.294298
0.909889 3.96067 0.297303
0.900172 4.0167 0.293126
1.00745 3.88737 0.29357
0.97361 3.94335 0.295177
0.950499 3.99103 0.295831
0.980604 3.98041 0.294115
1.00761 3.97311 0.296752
0.917318 4.04209 0.28993
0.945451 4.03206 0.294663
0.928385 3.94694 0.294895
1.01195 3.9495 0.295734
0.914399 3.95195 0.293984
0.896522 4.07737 0.295234
0.840007 3.95451 0.297427
0.942516 4.07491 0.297652
0.946069 3.93903 0.292135
1.08717 3.92269 0.294945
1.05204 3.88453 0.289427
0.879209 4.05838 0.295201
0.991394 3.97493 0.29435
0.972723 3.92536 0.292282
1.02781 3.92616 0.291284
0.898075 3.94582 0.296544
1.00349 3.87967 0.292485
1.00878 3.94049 0.293515
0.895835 3.97421 0.296761
0.949485 4.00903 0.292939
0.879355 4.05295 0.296822
0.937869 4.00699 0.295913
0.836061 3.97708 0.298421
0.873514 3.97616 0.29368
1.02701 4.02192 0.295855
1.11486 4.0132 0.291474
0.948712 4.04745 0.296088
0.789969 3.97347 0.295668
0.833649 3.99435 0.292401
0.929958 4.00513 0.294253
1.11635 3.93955 0.294287
1.10559 3.90816 0.296067
0.809276 3.99673 0.292253
0.913598 3.88631 0.291349
0.929844 3.97144 0.294764
0.959579 3.99999 0.293656
0.949135 3.91842 0.295584
0.815295 3.98008 0.295757
1.04469 4.01129 0.296303
1.0002 3.98678 0.294769
0.841722 4.03377 0.291318
1.01519 3.92846 0.298275
0.96375 3.92733 0.296338
0.9549 3.88767 0.294683
0.980278 3.86306 0.29441
1.02555 3.98213 0.294584
0.914594 3.96399 0.293594
0.94123 3.95827 0.297417
0.990577 3.98826 0.298149
1.00453 3.88469 0.295754
0.894374 4.01009 0.292016
0.938548 3.96136 0.295187
0.910383 3.89032 0.294651
0.981303 3.98997 0.293149
0.925304 4.0234 0.289709
1.02666 3.9633 0.28962
0.938686 3.95903 0.29334
0.954005 3.96305 0.293409
0.927206 3.99285 0.290595
0.950507 3.99492 0.294601
1.0177 4.00983 0.297202
0.797135 3.83205 0.295501
0.885918 3.86549 0.294909
0.956026 3.98614 0.292596
0.942637 3.9721 0.296494
0.989576 4.0053 0.29284
0.912434 3.99153 0.29293
1.03375 4.02364 0.294903
0.86603 3.95624 0.29484
0.961579 3.98066 0.29326
0.925688 3.96815 0.296869
0.90751 3.96544 0.29697
1.0046 3.95901 0.294113
0.984464 3.93518 0.295373
0.947516 4.03348 0.295766
0.871838 4.0064 0.295274
0.845974 3.98713 0.297476
1.04454 3.94739 0.296083
1.03385 3.99282 0.293253
0.967232 4.09284 0.298539
0.865163 3.92761 0.294185
0.899547 3.94819 0.296114
1.00958 3.8517 0.292526
0.931362 4.05222 0.296052
0.996667 3.96016 0.292709
1.01238 3.92979 0.29428
0.983129 4.06098 0.292763
0.938447 3.95361 0.29431
0.96074 3.98687 0.294891
0.976987 4.00281 0.294809
0.920167 4.05714 0.292797
0.890942 3.97483 0.295644
0.946786 3.95739 0.296452
0.982646 3.95375 0.291826
0.920679 3.94694 0.290983
1.03309 3.81628 0.295041
1.01651 3.96169 0.292978
1.04851 3.91437 0.293755
0.96583 3.90893 0.295045
0.958019 3.96797 0.2976
0.937765 3.97548 0.295435
1.04464 3.98889 0.293264
0.889136 3.90753 0.297247
0.917792 3.88817 0.296324
0.917037 3.94647 0.296862
0.996417 3.83597 0.289985
0.917043 3.93675 0.295506
0.947839 3.93578 0.294193
0.893466 3.98483 0.293945
1.03368 3.86914 0.292068
0.903663 3.99391 0.295943
0.886659 3.88601 0.296178
0.942124 3.92777 0.296478
0.85647 3.96011 0.295449
1.03812 4.00173 0.293209
0.841268 4.02794 0.293571
0.953864 3.95571 0.295959
0.984013 4.00813 0.293001
1.00159 4.01833 0.293786
0.996779 3.99836 0.292629
1.03887 4.02814 0.294113
0.963325 3.93341 0.290458
0.899632 3.9147 0.292891
0.958672 3.87733 0.290741
0.987654 3.96333 0.294441
0.893521 3.99279 0.297595
0.915601 3.94415 0.292512
0.820503 4.00527 0.294795
0.972403 3.97837 0.295874
0.96659 4.02887 0.292129
0.973288 3.93763 0.294136
0.921211 3.89145 0.294561
0.979429 3.94447 0.295491
0.949232 3.91234 0.296085
0.957534 3.95261 0.292525
0.959637 3.91162 0.29196
0.887063 3.96398 0.29449
0.873081 3.953 0.296231
0.90025 4.06432 0.296456
0.963479 3.93986 0.294832
1.14052 3.86167 0.291495
0.976479 3.89606 0.296619
0.89414 4.04126 0.296147
0.979907 4.05276 0.289865
0.871254 4.01269 0.292241
0.96961 3.90666 0.294887
1.02861 3.96552 0.295012
0.979203 3.88285 0.296684
0.896672 3.97253 0.295725
0.992555 4.09468 0.295309
0.965233 4.02492 0.290019
0.950604 4.06795 0.293633
0.942273 4.0167 0.295888
0.970643 3.89543 0.29463
0.967037 3.984 0.294281
0.894953 4.00182 0.293537
0.989115 4.09963 0.292763
0.953497 3.98938 0.294501
0.853612 3.89079 0.296068
0.967018 3.92635 0.294614
0.991179 3.92031 0.293274
0.908955 3.91544 0.294162
0.953452 4.02488 0.295012
0.940169 3.95925 0.290812
0.952003 3.92923 0.292837
0.94837 3.9334 0.292797
0.979321 3.91794 0.293134
1.05655 3.86217 0.292655
0.985609 4.01544 0.292017
0.933376 3.99436 0.29408
0.959496 4.02042 0.294429
0.775762 3.92493 0.296697
0.845546 3.92778 0.296187
1.02309 4.04392 0.295369
0.943385 3.88792 0.2964
0.981887 3.92046 0.291277
0.899802 3.93396 0.297043
0.934632 3.96718 0.294612
0.898338 4.04996 0.295314
0.987277 3.90401 0.293248
0.979606 3.90417 0.291394
0.958974 3.89569 0.29211
0.90854 3.91335 0.295138
0.91258 3.97068 0.295497
0.93034 3.92262 0.294447
0.947917 3.91102 0.293787
0.976595 4.01505 0.295424
0.80582 4.08545 0.295408
1.07099 3.96315 0.292526
0.852452 3.96806 0.294999
0.866406 3.97072 0.297311
0.932476 3.96033 0.294904
0.769426 4.00061 0.292294
0.828781 4.01894 0.297354
0.933283 4.00027 0.294761
1.02294 3.92388 0.29338
0.986679 4.08123 0.290655
0.872429 3.98472 0.29348
0.940248 4.03221 0.288958
1.01704 3.86003 0.295434
0.991251 3.99418 0.294246
0.901761 3.98886 0.295125
0.920544 3.99696 0.292683
1.05512 3.92311 0.297375
0.845078 3.92825 0.291246
1.0091 3.84235 0.294019
0.940095 3.97905 0.294071
0.92755 3.91649 0.29189
1.0406 3.95773 0.292331
1.02278 3.98757 0.297512
0.974101 3.89303 0.294657
1.0275 3.91436 0.295594
0.921663 3.98152 0.292265
0.978453 3.86294 0.292695
0.991916 3.98634 0.293039
0.981308 3.87483 0.29181
0.96751 4.04567 0.290954
0.923559 3.96028 0.295682
0.927002 3.97809 0.294684
0.925469 3.97114 0.293615
0.885223 3.96724 0.294918
0.973032 4.06056 0.294853
0.935766 3.94933 0.294203
0.993466 3.95741 0.292156
0.817399 3.82464 0.296687
0.930964 3.89983 0.296449
1.01764 3.88154 0.293889
0.99607 3.88061 0.292854
0.938982 3.92869 0.296566
0.870338 4.03129 0.298093
0.958628 3.9516 0.296365
1.01292 3.97986 0.297814
0.956113 3.96879 0.29299
1.0013 3.95491 0.291732
0.828939 3.94075 0.295367
0.851564 3.93523 0.295965
0.890958 3.94198 0.297505
0.916143 3.88493 0.296011
0.954083 3.99176 0.294981
0.871519 3.92632 0.296095
0.925982 4.02933 0.294862
0.870304 4.02534 0.296114
1.03555 3.90517 0.291893
1.02751 3.95953 0.293065
0.966196 4.06024 0.295653
0.847217 3.94625 0.294864
0.957257 3.92781 0.294326
1.08712 3.97614 0.294761
0.964348 4.03136 0.293076
0.932743 3.93684 0.292683
1.01273 3.8942 0.293352
0.993457 3.83253 0.292281
0.829379 3.8766 0.295156
1.03859 3.95204 0.293108
0.975124 3.90515 0.293626
1.04184 4.0738 0.292841
1.00255 4.0529 0.293578
0.951427 4.0356 0.294531
0.944085 3.98712 0.295467
0.913696 4.00149 0.293806
0.899467 4.04636 0.292673
0.93184 4.01128 0.293054
1.00268 3.90123 0.294392
-0.082453 6.64373 0.285356
