-22.0735 -7.51809 0.732215
-22.0736 -7.51628 0.732351
-22.0019 -7.63806 0.7339
-21.9977 -7.63887 0.73402
-21.956 -7.51815 0.733165
-22.0773 -7.50473 0.73004
-21.9963 -7.46283 0.733151
-22.0462 -7.5931 0.7317
-22.1274 -7.46172 0.734517
-22.0556 -7.575 0.731469
-22.1129 -7.5255 0.733221
-22.1176 -7.51599 0.733492
-22.1227 -7.53183 0.730254
-22.0227 -7.43965 0.733398
-22.1267 -7.55841 0.733496
-22.1078 -7.54401 0.730618
-21.987 -7.53084 0.733413
-22.0371 -7.59203 0.731664
-22.0347 -7.5917 0.731804
-22.0657 -7.52517 0.730536
-22.0542 -7.59742 0.732398
-22.0848 -7.56303 0.729161
-21.9708 -7.5767 0.727245
-22.0547 -7.56613 0.73168
-22.173 -7.50116 0.732825
-22.1274 -7.59823 0.732541
-22.0503 -7.62034 0.736651
-22.0085 -7.52594 0.732459
-22.0142 -7.5614 0.73308
-22.0925 -7.45735 0.732412
-22.0305 -7.52369 0.73195
-22.0246 -7.49072 0.732293
-21.9935 -7.58072 0.732983
-22.0403 -7.39873 0.732234
-22.0634 -7.60502 0.732898
-22.066 -7.53055 0.73202
-22.0041 -7.46213 0.731077
-22.0467 -7.61209 0.731304
-22.121 -7.55687 0.7284
-22.075 -7.4926 0.734103
-22.0974 -7.44109 0.730575
-22.0968 -7.60252 0.7332
-22.1439 -7.54765 0.730589
-21.9558 -7.47013 0.730541
-21.9822 -7.49791 0.732229
-22.1089 -7.47662 0.732162
-21.9959 -7.55193 0.733086
-22.1035 -7.45048 0.729014
-22.0792 -7.52464 0.730072
-22.1437 -7.54875 0.735335
-22.1285 -7.58601 0.734661
-22.0212 -7.60332 0.731847
-22.0228 -7.60629 0.731871
-22.0112 -7.47447 0.732302
-22.05 -7.53454 0.730779
-22.0004 -7.52168 0.733188
-22.0943 -7.5715 0.729597
-22.0512 -7.54003 0.732403
-22.0303 -7.5965 0.73372
-22.0359 -7.59545 0.733785
-22.081 -7.48311 0.732567
-21.9931 -7.50602 0.731135
-22.0006 -7.67265 0.736644
-22.0036 -7.66833 0.736652
-22.045 -7.53422 0.732383
-21.9804 -7.45347 0.73297
-22.0891 -7.45973 0.730946
-22.0988 -7.56651 0.732255
-22.0969 -7.57159 0.732074
-21.9871 -7.49845 0.731697
-21.9919 -7.50052 0.731728
-22.0609 -7.52341 0.730693
-22.0812 -7.51176 0.732248
-22.0336 -7.49673 0.733632
-22.1795 -7.47742 0.733533
-22.0041 -7.45485 0.731282
-22.0106 -7.45618 0.73145
-22.0069 -7.64136 0.733925
-22.0958 -7.52828 0.73347
-22.0077 -7.54118 0.734202
-22.0108 -7.60552 0.733366
-22.0451 -7.61062 0.729109
-21.977 -7.53365 0.730855
-21.9775 -7.53521 0.730869
-22.0444 -7.52273 0.731512
-21.9827 -7.50293 0.733082
-22.0637 -7.47815 0.729647
-22.0499 -7.43594 0.734031
-21.9492 -7.59834 0.732947
-21.9962 -7.63491 0.730793
-22.0622 -7.51937 0.729462
-21.9852 -7.60223 0.732087
-22.0872 -7.51274 0.730479
-21.9848 -7.57423 0.734009
-22.1117 -7.51436 0.73058
-22.0193 -7.60451 0.732049
-21.9556 -7.46942 0.732321
-22.04 -7.59093 0.731786
-22.0591 -7.62006 0.734206
-22.0618 -7.61769 0.734151
-22.1237 -7.41328 0.732503
-22.134 -7.55898 0.732427
-22.1011 -7.42492 0.733959
-22.0213 -7.55112 0.732639
-22.0497 -7.49887 0.732429
-21.9833 -7.51077 0.729255
-21.9871 -7.50464 0.729321
-21.9924 -7.4765 0.733076
-22.0457 -7.59723 0.735512
-21.9694 -7.56951 0.733004
-21.9777 -7.56026 0.733085
-22.1793 -7.46542 0.729613
-22.1591 -7.5658 0.734038
-22.1553 -7.56008 0.733867
-22.0628 -7.4655 0.734332
-21.9675 -7.45137 0.727762
-22.1244 -7.66223 0.733381
-22.0351 -7.6596 0.731905
-22.0462 -7.57914 0.731044
-21.9798 -7.5428 0.733747
-22.09 -7.51558 0.731463
-21.9699 -7.47093 0.729894
-22.1125 -7.62397 0.733402
-22.1075 -7.52277 0.734574
-21.933 -7.45907 0.733206
-22.1458 -7.45813 0.731331
-21.9693 -7.55208 0.729855
-22.0926 -7.51928 0.733368
-22.0465 -7.46628 0.731085
-22.0751 -7.48699 0.730372
-22.1145 -7.51067 0.729157
-22.0885 -7.52152 0.734583
-22.0517 -7.58741 0.732392
-22.1158 -7.58847 0.727584
-22.0787 -7.46256 0.734511
-22.135 -7.61784 0.734907
-22.0577 -7.52144 0.732411
-22.0361 -7.52728 0.734486
-22.0278 -7.53596 0.734406
-22.0969 -7.61767 0.733393
-22.1199 -7.61355 0.733721
-22.0261 -7.62535 0.733421
-22.0904 -7.58145 0.733891
-22.0805 -7.50027 0.730884
-22.1379 -7.46549 0.731098
-22.0712 -7.59776 0.730046
-21.9961 -7.57963 0.733687
-22.0256 -7.51023 0.732462
-21.9052 -7.47048 0.731525
-22.0072 -7.63263 0.734108
-22.1243 -7.51412 0.733194
-21.9924 -7.46749 0.733254
-22.0012 -7.46458 0.732975
-22.1745 -7.62282 0.729325
-22.1977 -7.52725 0.73029
-22.0267 -7.52444 0.730615
-22.0563 -7.57297 0.731431
-22.1176 -7.52198 0.733169
-22.1097 -7.61702 0.730607
-22.1253 -7.55555 0.733598
-22.1089 -7.55086 0.730723
-22.1044 -7.6501 0.732956
-22.0977 -7.58699 0.733359
-22.0346 -7.59534 0.731475
-22.0199 -7.53179 0.73029
-22.1219 -7.56319 0.730861
-22.046 -7.5444 0.728173
-22.0555 -7.59626 0.732144
-22.0817 -7.51057 0.72772
-22.0412 -7.51378 0.733425
-22.0535 -7.56811 0.731642
-22.1507 -7.56145 0.731707
-22.0535 -7.61911 0.736474
-22.0553 -7.62145 0.736419
-22.0953 -7.66775 0.731262
-22.1149 -7.46631 0.730403
-22.097 -7.45953 0.73229
-22.0463 -7.55744 0.731521
-22.0195 -7.48769 0.731987
-22.0952 -7.58892 0.731851
-22.0951 -7.6033 0.732322
-22.0906 -7.60127 0.732243
-21.9915 -7.58011 0.732938
-22.0787 -7.47458 0.735311
-22.0691 -7.603 0.732734
-22.0529 -7.55434 0.728407
-22.0637 -7.45273 0.734338
-21.9952 -7.43044 0.732253
-22.1002 -7.57156 0.730247
-22.0441 -7.56041 0.731644
-22.0474 -7.62075 0.73124
-22.0367 -7.46708 0.733735
-22.1026 -7.44017 0.730794
-22.0968 -7.43935 0.73073
-22.0934 -7.59913 0.731724
-22.0999 -7.50633 0.73035
-21.9611 -7.47108 0.730348
-21.9674 -7.47246 0.730549
-22.1264 -7.57783 0.732099
-21.9778 -7.49449 0.732249
-22.008 -7.52332 0.732708
-21.9942 -7.55423 0.733028
-21.998 -7.52262 0.732948
-21.9867 -7.45197 0.72844
-21.99 -7.47451 0.733929
-22.053 -7.46556 0.731027
-22.0463 -7.53484 0.73088
-22.1007 -7.52898 0.731339
-22.0145 -7.5107 0.732912
-22.0326 -7.5985 0.733826
-22.1384 -7.54778 0.733023
-21.9965 -7.50906 0.731161
-22.0794 -7.60947 0.732893
-21.9985 -7.66437 0.736441
-22.0835 -7.52028 0.732746
-22.0233 -7.46417 0.72857
-22.0656 -7.42664 0.726264
-22.0948 -7.57129 0.731978
-22.0843 -7.42684 0.734695
-22.1493 -7.45604 0.732229
-22.0939 -7.56527 0.730122
-22.0555 -7.52198 0.730732
-22.0617 -7.51613 0.730811
-22.077 -7.50904 0.732405
-22.0348 -7.49514 0.733663
-22.1779 -7.48476 0.733377
-22.087 -7.56149 0.731234
-21.9455 -7.41471 0.732385
-22.0062 -7.64112 0.733838
-22.007 -7.64121 0.734053
-22.1183 -7.53084 0.731904
-22.2013 -7.56751 0.732801
-22.0025 -7.60703 0.733443
-22.01 -7.60849 0.733379
-22.1231 -7.5139 0.733098
-22.1275 -7.51547 0.735417
-22.0823 -7.49334 0.732514
-21.9822 -7.49743 0.732926
-22.0625 -7.66499 0.731468
-21.9421 -7.59148 0.733128
-21.9467 -7.59071 0.732926
-21.9922 -7.63827 0.731033
-22.0621 -7.52266 0.729287
-21.9798 -7.60887 0.731854
-22.0363 -7.59112 0.733033
-22.0455 -7.58844 0.732879
-22.04 -7.58547 0.732759
-22.0882 -7.51138 0.730221
-22.0445 -7.57897 0.731711
-21.979 -7.57665 0.733908
-22.0682 -7.57273 0.731612
-22.0679 -7.57292 0.731476
-22.0481 -7.48905 0.729374
-22.0162 -7.60553 0.731839
-22.0127 -7.46329 0.733395
-22.1242 -7.56995 0.731827
-21.9521 -7.46331 0.732612
-22.0446 -7.59072 0.731812
-22.0457 -7.58544 0.731762
-22.0424 -7.59181 0.731747
-22.174 -7.58047 0.735351
-22.1402 -7.59476 0.731492
-22.0204 -7.54531 0.732696
-22.0183 -7.55069 0.732647
-22.0245 -7.56988 0.730184
-22.0284 -7.57163 0.730085
-22.0928 -7.52763 0.733188
-22.0538 -7.51448 0.731854
-21.9382 -7.48173 0.731016
-21.9382 -7.48295 0.731173
-22.0712 -7.42456 0.731096
-22.0673 -7.64273 0.734062
-21.9718 -7.56545 0.732922
-21.9712 -7.57001 0.732977
-22.0445 -7.42426 0.735877
-22.146 -7.57171 0.729873
-22.0675 -7.45773 0.734395
-22.0296 -7.49835 0.729787
-22.0901 -7.39029 0.734386
-22.1272 -7.66287 0.733362
-22.0343 -7.66628 0.731793
-22.1017 -7.55402 0.732652
-22.1038 -7.55131 0.732679
-22.1107 -7.58677 0.73295
-21.9834 -7.54837 0.73372
-21.9804 -7.54496 0.733581
-21.9767 -7.54747 0.733736
-21.9799 -7.55006 0.733756
-22.0301 -7.30981 0.729144
-22.0765 -7.57616 0.732176
-22.0311 -7.46099 0.730051
-21.9682 -7.47809 0.729922
-22.1121 -7.6233 0.733258
-22.1081 -7.52078 0.73466
-22.0549 -7.51429 0.732414
-22.0569 -7.51897 0.732131
-22.0069 -7.55882 0.731701
-22.0104 -7.56332 0.731813
-21.9791 -7.49886 0.730692
-22.0339 -7.48307 0.733016
-22.0578 -7.51329 0.731851
-22.0494 -7.5872 0.732358
-22.004 -7.57918 0.732804
-22.0091 -7.57704 0.732863
-22.0997 -7.38514 0.727809
-22.0512 -7.51959 0.730604
-22.1159 -7.62098 0.734565
-22.1305 -7.57035 0.733488
-22.1018 -7.60958 0.733382
-22.0154 -7.62598 0.73334
-22.0006 -7.46448 0.731968
-22.1331 -7.62527 0.732589
-21.988 -7.39166 0.735252
-22.0269 -7.49204 0.729296
-22.0637 -7.48992 0.733743
-21.9853 -7.57834 0.733615
-21.9841 -7.58123 0.733716
-21.9864 -7.58062 0.733876
-22.0154 -7.55693 0.730387
-22.0282 -7.51078 0.732454
-22.0256 -7.50597 0.732215
-22.1626 -7.57469 0.733679
-22.0026 -7.6397 0.733951
-22.0721 -7.50263 0.729851
-22.0756 -7.51291 0.729906
-21.9994 -7.4692 0.733123
-22.0502 -7.58834 0.731694
-22.0979 -7.56591 0.736169
-22.1431 -7.50029 0.73186
-22.0518 -7.44108 0.734442
-22.0264 -7.52289 0.730606
-22.0687 -7.44722 0.730806
-22.0594 -7.57564 0.731476
-22.0891 -7.5237 0.730791
-22.1085 -7.56107 0.730007
-22.1102 -7.61619 0.730561
-22.1129 -7.62083 0.73077
-22.0697 -7.50357 0.733636
-22.1493 -7.53477 0.727873
-22.0821 -7.50462 0.730892
-21.9875 -7.52983 0.733574
-22.0334 -7.5942 0.731632
-22.0721 -7.52754 0.730505
-22.055 -7.59494 0.732183
-22.0561 -7.59481 0.732341
-22.0839 -7.56458 0.729377
-22.0915 -7.56663 0.729323
-21.9714 -7.56787 0.727277
-22.0379 -7.51573 0.733128
-21.9868 -7.59684 0.730297
-21.9748 -7.59983 0.730233
-22.126 -7.60365 0.732523
-22.0565 -7.47412 0.732751
-22.0592 -7.47656 0.732714
-22.0555 -7.61964 0.736485
-22.1057 -7.66239 0.731266
-22.0677 -7.44322 0.734762
-22.1087 -7.49908 0.732094
-22.046 -7.56063 0.731464
-22.1058 -7.48838 0.730768
-22.063 -7.4494 0.729704
-22.1309 -7.49903 0.732339
-22.1266 -7.50377 0.732347
-22.1304 -7.5052 0.732252
-21.9921 -7.58032 0.732844
-22.0812 -7.47343 0.735474
-22.0649 -7.59716 0.732778
-22.1019 -7.57571 0.731297
-22.0507 -7.55668 0.72825
-22.0603 -7.45561 0.734252
-22.0001 -7.46714 0.731086
-22.0091 -7.46461 0.731108
-22.1112 -7.54803 0.730938
-22.049 -7.61096 0.73142
-22.106 -7.57246 0.727883
-22.1025 -7.57014 0.727892
-22.0713 -7.48776 0.734274
-22.0406 -7.47119 0.733951
-22.0963 -7.59437 0.731728
-22.0996 -7.60842 0.73331
-21.9651 -7.47574 0.730547
-21.9802 -7.49268 0.732356
-21.9932 -7.55584 0.7331
-21.9899 -7.55614 0.733262
-21.9987 -7.52206 0.732943
-22.0821 -7.52843 0.730012
-22.1215 -7.58045 0.734439
-22.021 -7.60446 0.731887
-22.055 -7.46947 0.731038
-22.0564 -7.53882 0.730645
-22.0073 -7.52707 0.733357
-22.0057 -7.53128 0.733017
-22.061 -7.51331 0.735368
-22.079 -7.4271 0.728817
-22.0322 -7.59513 0.733835
-21.9972 -7.50224 0.73108
-21.9974 -7.5102 0.731068
-22.0723 -7.6049 0.73263
-21.9978 -7.66526 0.736652
-22.037 -7.64099 0.735019
-22.0572 -7.62742 0.731603
-22.1301 -7.55212 0.732937
-22.0674 -7.60221 0.734018
-22.065 -7.43822 0.732952
-22.1539 -7.47474 0.732532
-22.128 -7.50847 0.73009
-22.076 -7.49305 0.730916
-22.108 -7.47904 0.728451
-22.0851 -7.56275 0.731197
-22.0848 -7.56819 0.731235
-22.0081 -7.45459 0.731247
-22.0045 -7.45764 0.731253
-22.1668 -7.53623 0.733671
-22.1257 -7.44673 0.730342
-22.0076 -7.6481 0.73391
-22.0891 -7.53072 0.733528
-21.996 -7.40682 0.732098
-22.0455 -7.55865 0.731119
-22.1214 -7.51701 0.732892
-22.0884 -7.48579 0.733381
-22.0455 -7.5251 0.731565
-21.9809 -7.50297 0.733119
-21.981 -7.50512 0.73312
-22.0648 -7.67064 0.731479
-22.0664 -7.47694 0.734995
-21.9484 -7.58989 0.732763
-21.9481 -7.59234 0.733033
-21.9912 -7.63355 0.730879
-22.056 -7.51785 0.72947
-22.079 -7.56666 0.732525
-21.9882 -7.6068 0.731991
-22.0328 -7.59438 0.732958
-22.0453 -7.58462 0.731675
-21.9896 -7.57991 0.733932
-22.1134 -7.57089 0.732519
-22.01 -7.60031 0.731972
-22.0405 -7.43838 0.73452
-22.056 -7.57264 0.729073
-22.1618 -7.43519 0.733256
-22.046 -7.47048 0.731649
-22.0478 -7.5769 0.733345
-22.0535 -7.61896 0.734382
-22.0637 -7.61936 0.734385
-22.1348 -7.55453 0.732441
-22.0998 -7.51267 0.731693
-22.0983 -7.51253 0.731865
-22.015 -7.5503 0.732644
-22.0898 -7.52519 0.733256
-22.0493 -7.50803 0.732327
-22.0543 -7.51433 0.73175
-21.9873 -7.51 0.729387
-21.9845 -7.5076 0.729241
-21.9904 -7.47514 0.733208
-22.0499 -7.5974 0.73556
-22.1034 -7.4558 0.730099
-22.029 -7.63267 0.732449
-22.0332 -7.63283 0.732439
-22.0038 -7.48088 0.730919
-21.9678 -7.44751 0.727964
-22.0842 -7.4661 0.72977
-22.1317 -7.51081 0.731535
-22.1062 -7.55229 0.732817
-22.1112 -7.58503 0.733083
-22.044 -7.57974 0.730987
-21.9817 -7.5443 0.733623
-22.068 -7.57592 0.732468
-22.0147 -7.46088 0.73016
-22.0011 -7.48686 0.731392
-22.1131 -7.52253 0.734544
-22.0506 -7.51436 0.732412
-22.0125 -7.56152 0.731725
-22.1325 -7.51418 0.731948
-21.9819 -7.55216 0.730005
-21.9765 -7.49204 0.730664
-22.0303 -7.47837 0.732896
-22.1336 -7.43452 0.733536
-22.1273 -7.56662 0.730982
-22.0481 -7.59143 0.732453
-22.1017 -7.3878 0.727995
-22.0486 -7.52345 0.730584
-22.0699 -7.6624 0.732485
-22.0499 -7.5189 0.732737
-22.038 -7.61793 0.735867
-22.0343 -7.53293 0.734542
-22.0253 -7.45253 0.732733
-22.124 -7.61106 0.733576
-22.0272 -7.62874 0.733508
-22.0026 -7.46918 0.732
-22.0013 -7.47762 0.732272
-22.1422 -7.62149 0.732652
-22.08 -7.50669 0.730869
-22.0326 -7.52666 0.730025
-22.0696 -7.59667 0.730188
-22.0267 -7.59629 0.73174
-22.0129 -7.55509 0.730117
-22.0223 -7.50887 0.732207
-22.0821 -7.6085 0.733424
-22.1543 -7.57776 0.730106
-21.9049 -7.47565 0.731599
-22.711 -5.12249 0.722725
