146.66 21.2786 0.0695153
146.569 21.2978 0.0753598
146.572 21.2899 0.0756574
146.524 21.2975 0.0711776
146.632 21.2974 0.0691861
146.581 21.187 0.070228
146.705 21.2405 0.0716686
146.57 21.3426 0.0720178
146.528 21.2126 0.0711712
146.65 21.2923 0.0686217
146.504 21.3535 0.0726405
146.644 21.2466 0.0714108
146.57 21.2338 0.0728561
146.651 21.2401 0.0715427
146.494 21.2296 0.0741235
146.584 21.2427 0.06924
146.587 21.2981 0.0727307
146.517 21.2889 0.0710109
146.685 21.2904 0.0723804
146.684 21.2916 0.0724546
146.664 21.3078 0.0722022
146.663 21.3084 0.0722436
146.63 21.2464 0.0740186
146.558 21.2499 0.0708987
146.536 21.3167 0.070428
146.617 21.2624 0.0705226
146.596 21.2452 0.0735577
146.587 21.2837 0.0720454
146.637 21.2216 0.0697571
146.621 21.338 0.0741534
146.54 21.2645 0.0705742
146.578 21.1875 0.0702506
146.712 21.2457 0.0717469
146.705 21.2408 0.0717316
146.521 21.2776 0.0708067
146.58 21.3489 0.0701034
146.602 21.2622 0.0698656
146.654 21.2963 0.0687287
146.629 21.3045 0.0717283
146.568 21.3614 0.0714911
146.599 21.2927 0.0714134
146.648 21.2466 0.0717872
146.493 21.3968 0.0731074
146.617 21.3026 0.071953
146.461 21.2345 0.070901
146.632 21.3315 0.0707404
146.576 21.2936 0.0707958
146.533 21.3655 0.0709215
146.52 21.2391 0.0686346
146.69 21.2842 0.0722037
146.486 21.3464 0.0725153
146.689 21.2733 0.0697599
146.543 21.323 0.070733
146.577 21.2435 0.0727111
146.554 21.3381 0.0680477
146.603 21.2807 0.0707023
146.608 21.3866 0.0697967
146.639 21.2246 0.069728
146.548 21.3024 0.0672659
146.517 21.3375 0.0692006
146.573 21.3833 0.0727148
146.575 21.289 0.0682162
146.531 21.2827 0.0721559
146.603 21.263 0.0699853
146.61 21.3133 0.0711172
146.573 21.3128 0.0717883
146.534 21.2808 0.0697868
146.706 21.3194 0.0691056
146.64 21.2372 0.07183
146.545 21.4242 0.0707716
146.61 21.3205 0.0703697
146.609 21.3213 0.0702034
146.541 21.322 0.0686148
146.582 21.2913 0.0709554
146.6 21.4126 0.0716738
146.605 21.3233 0.0732569
146.686 21.2891 0.0723434
146.598 21.2127 0.0723618
146.668 21.3154 0.0754201
146.687 21.2736 0.0697018
146.629 21.3775 0.0732675
146.598 21.2432 0.0735358
146.637 21.2252 0.0697548
146.542 21.2879 0.0692212
146.577 21.3318 0.0717523
146.578 21.3388 0.0693847
146.535 21.3429 0.0692234
146.707 21.2372 0.071656
146.571 21.3451 0.0720787
146.531 21.3968 0.0716321
146.454 21.2416 0.0746884
146.506 21.2721 0.0705251
146.596 21.3916 0.0728841
146.541 21.2138 0.0704773
146.708 21.3156 0.0692473
146.648 21.2367 0.0717977
146.646 21.2393 0.071589
146.477 21.2873 0.0730847
146.511 21.2376 0.0698861
146.607 21.3214 0.0703247
146.519 21.3039 0.0707989
146.585 21.3001 0.072937
146.585 21.2922 0.0727064
146.572 21.33 0.0724434
146.585 21.3573 0.0686393
146.583 21.2944 0.0710354
146.499 21.3292 0.0668575
146.522 21.3963 0.0713032
146.553 21.246 0.0708609
146.582 21.3171 0.0724063
146.521 21.3499 0.0734141
146.62 21.2601 0.070383
146.659 21.2793 0.0694674
146.632 21.2207 0.0698046
146.517 21.294 0.0708798
146.544 21.2847 0.0691159
146.546 21.2913 0.0691893
146.521 21.2981 0.0709763
146.497 21.2487 0.0702464
146.63 21.3032 0.0693358
146.53 21.3278 0.0680636
146.479 21.2113 0.0720324
146.577 21.2926 0.0681995
146.602 21.265 0.0699201
146.65 21.2938 0.0688121
146.626 21.2997 0.0716663
146.644 21.2509 0.0714773
146.641 21.2424 0.0716329
146.601 21.2623 0.0755671
146.704 21.3125 0.0692396
146.704 21.3154 0.0692028
146.545 21.3591 0.0717586
146.616 21.3058 0.0719222
146.54 21.3291 0.0687528
146.626 21.3341 0.0705415
146.463 21.2724 0.0716749
146.515 21.2388 0.068411
146.562 21.3276 0.0749328
146.595 21.218 0.0723196
146.609 21.3498 0.0733213
146.691 21.2727 0.0694868
146.63 21.381 0.0733738
146.617 21.2628 0.0705498
146.655 21.3394 0.0731914
146.661 21.2797 0.069434
146.583 21.2876 0.0720414
146.639 21.2221 0.0697336
146.515 21.3561 0.0699401
146.619 21.3369 0.0741762
146.545 21.2658 0.0704066
146.601 21.3824 0.0717381
146.707 21.24 0.0716832
146.61 21.3412 0.0741077
146.599 21.2634 0.0699306
146.535 21.3833 0.0704897
146.574 21.3615 0.0717165
146.573 21.2334 0.0726082
146.495 21.3378 0.071185
146.562 21.2143 0.0711666
146.502 21.3035 0.0696854
146.584 21.3419 0.0740701
146.58 21.2438 0.0690868
146.547 21.3128 0.0722331
146.578 21.2893 0.0707885
146.627 21.3125 0.0703881
146.56 21.286 0.0697514
146.689 21.2835 0.0721841
146.517 21.2707 0.0746279
146.686 21.274 0.0698142
146.583 21.2555 0.0726774
146.617 21.2592 0.0706074
146.603 21.3872 0.0696153
146.588 21.2804 0.0720996
146.544 21.2856 0.0692608
146.646 21.2516 0.0706334
146.568 21.3374 0.0722832
146.601 21.385 0.0717337
146.705 21.2459 0.0717481
146.577 21.3466 0.0701724
146.603 21.2613 0.0701819
146.649 21.2918 0.0687661
146.639 21.2462 0.0716431
146.447 21.1203 0.0733601
146.704 21.3164 0.069457
146.598 21.2921 0.0715746
146.554 21.2087 0.0708881
146.523 21.3097 0.0706023
146.58 21.251 0.069352
146.485 21.2245 0.0711219
146.629 21.3348 0.0705586
146.575 21.2874 0.0709038
146.517 21.2865 0.0710069
146.512 21.2365 0.0687797
146.599 21.33 0.0733992
146.48 21.3209 0.0720576
146.665 21.3124 0.0756615
146.532 21.249 0.070091
146.554 21.3464 0.0678149
146.618 21.2643 0.0705571
146.663 21.3466 0.0731711
146.605 21.3891 0.0695177
146.639 21.2237 0.0698201
146.498 21.2943 0.0692486
146.516 21.245 0.069551
146.575 21.1862 0.0705504
146.71 21.25 0.0717038
146.518 21.2868 0.0721647
146.609 21.3214 0.0711507
146.606 21.3215 0.0711081
146.501 21.3544 0.0734676
146.51 21.263 0.0740271
146.705 21.3155 0.0692113
146.559 21.3174 0.0706006
146.598 21.3482 0.072779
146.521 21.3075 0.070886
146.501 21.2528 0.0694137
146.575 21.2909 0.0707336
146.448 21.2946 0.0722689
146.511 21.2738 0.0747375
146.685 21.2772 0.0698842
146.504 21.3639 0.0747788
146.599 21.3465 0.0733848
146.595 21.2426 0.0735532
146.655 21.2791 0.0693871
146.655 21.2774 0.069514
146.66 21.2825 0.0695467
146.661 21.279 0.0695641
146.572 21.3295 0.0716717
146.646 21.2526 0.0707652
146.65 21.2521 0.0705282
146.542 21.2646 0.0704846
146.577 21.1832 0.0703004
146.497 21.3314 0.0719215
146.579 21.2923 0.0683828
146.606 21.2622 0.0699329
146.56 21.3833 0.0674749
146.64 21.2435 0.0715845
146.544 21.3322 0.0712713
146.705 21.3173 0.0692904
146.599 21.2944 0.0717497
146.559 21.3211 0.0706735
146.611 21.32 0.0704975
146.585 21.3514 0.0724188
146.58 21.3663 0.0686025
146.543 21.3608 0.0707447
146.531 21.277 0.0714412
146.509 21.3532 0.0705352
146.592 21.2196 0.0722936
146.488 21.3469 0.0727694
146.691 21.2783 0.0698058
146.578 21.2483 0.0727783
146.591 21.2467 0.0735534
146.658 21.2777 0.0696872
146.655 21.2744 0.0693619
146.656 21.2772 0.0694994
146.637 21.2278 0.0697315
146.544 21.3595 0.0710089
146.519 21.2936 0.0709302
146.577 21.3378 0.0692173
146.578 21.1779 0.0705505
146.709 21.2459 0.0716954
146.556 21.2773 0.0725455
146.602 21.2625 0.0699661
146.641 21.2478 0.0715345
146.57 21.3143 0.071797
146.704 21.3199 0.0691476
146.708 21.3135 0.0691582
146.644 21.2478 0.071827
146.548 21.3314 0.072409
146.615 21.3092 0.0721637
146.577 21.2397 0.0691654
146.504 21.2509 0.0695311
146.576 21.2892 0.0709149
146.627 21.3111 0.0702643
146.686 21.289 0.0724282
146.666 21.3066 0.0721198
146.668 21.3094 0.0720241
146.631 21.2441 0.0740531
146.522 21.3494 0.0703311
146.695 21.2738 0.0698605
146.532 21.2472 0.0701672
146.529 21.2504 0.0699545
146.617 21.2639 0.0705453
146.597 21.2419 0.0735804
146.551 21.237 0.0744649
146.525 21.3039 0.0750217
146.583 21.286 0.0722552
146.577 21.3892 0.0723675
146.623 21.3348 0.074117
146.545 21.258 0.0705473
146.539 21.2945 0.0707575
146.706 21.2431 0.071748
146.559 21.2842 0.0725629
146.474 21.2064 0.0758859
146.651 21.2969 0.0688638
146.648 21.2485 0.0716293
146.58 21.2286 0.0725624
146.6 21.2923 0.0715943
146.555 21.2128 0.0711045
146.56 21.3212 0.0706665
146.55 21.3638 0.0718435
146.53 21.3841 0.0735438
146.552 21.3171 0.0723102
146.579 21.2872 0.0709247
146.559 21.2842 0.0697285
146.527 21.2805 0.0712051
146.688 21.2851 0.0723583
146.55 21.3347 0.0695788
146.45 21.2676 0.0715357
146.457 21.2409 0.0727132
146.579 21.3155 0.0725585
146.562 21.3027 0.0708282
146.616 21.2614 0.0705671
146.653 21.2822 0.0694857
146.581 21.2814 0.0720187
146.518 21.2942 0.0708414
146.548 21.3023 0.0673939
146.495 21.295 0.0693308
146.627 21.3012 0.0691369
146.581 21.1826 0.0702034
146.709 21.2442 0.0717582
146.584 21.2896 0.0682067
146.518 21.2737 0.0706774
146.568 21.344 0.071959
146.649 21.2946 0.0688482
146.558 21.382 0.0672969
146.639 21.2427 0.0713824
146.547 21.2125 0.0704578
146.583 21.2323 0.0726904
146.594 21.2859 0.0715986
146.556 21.2085 0.071202
146.616 21.3086 0.0718828
146.607 21.3182 0.0704227
146.616 21.3332 0.0750764
146.626 21.3273 0.0705173
146.584 21.2994 0.0728951
146.574 21.3284 0.0722858
146.609 21.3995 0.0731031
146.607 21.3257 0.0734629
146.554 21.1908 0.0730333
146.689 21.2748 0.0696507
146.531 21.3638 0.068236
146.619 21.2628 0.0703892
146.656 21.2807 0.0696692
146.641 21.2181 0.0697587
146.637 21.2255 0.0698882
146.501 21.2508 0.0702561
146.581 21.3377 0.0693372
146.507 21.2393 0.0692969
146.527 21.2026 0.0721237
146.593 21.3756 0.0729597
146.448 21.2977 0.0756759
146.522 21.26 0.0719186
146.565 21.3634 0.0711978
146.527 21.2092 0.0711576
146.657 21.2922 0.0688295
146.562 21.3655 0.0714472
146.571 21.2257 0.0727083
146.491 21.3363 0.0710565
146.626 21.3389 0.0740355
146.524 21.3103 0.0708805
146.584 21.3554 0.0686668
146.626 21.3097 0.0700302
146.516 21.2399 0.068482
146.428 21.3211 0.0758858
146.515 21.4215 0.0752297
146.664 21.3103 0.0721566
146.59 21.2126 0.0725059
146.589 21.3414 0.0719097
146.69 21.2761 0.0699336
146.574 21.3007 0.0706797
146.617 21.2577 0.0704687
146.615 21.2657 0.0705192
146.595 21.2388 0.0735325
146.658 21.2722 0.0694446
146.644 21.2246 0.0696855
146.618 21.337 0.0740294
146.577 21.3362 0.0695124
146.632 21.2989 0.0692348
146.627 21.297 0.0690547
146.499 21.2696 0.073185
146.711 21.2424 0.0717756
146.549 21.307 0.0757136
146.653 21.2893 0.0688899
146.56 21.368 0.0714769
146.555 21.3798 0.0746655
146.567 21.3163 0.0716457
146.578 21.223 0.0724796
146.702 21.3188 0.0692886
146.596 21.2879 0.0717725
146.603 21.2882 0.0717368
146.558 21.3181 0.0705637
146.534 21.3184 0.0723309
146.523 21.2769 0.0707534
146.612 21.3024 0.0720528
146.537 21.3249 0.0686765
146.581 21.2913 0.0708376
146.517 21.2355 0.0685888
146.662 21.3094 0.0721812
146.517 21.3235 0.0741716
146.683 21.2771 0.0696277
146.529 21.2454 0.07003
146.579 21.3244 0.072462
146.523 21.3035 0.0727049
146.519 21.2986 0.0750825
146.528 21.3563 0.07313
146.592 21.2468 0.0735633
146.586 21.2839 0.0721555
146.568 21.3322 0.0716667
146.646 21.2533 0.070482
146.521 21.2397 0.0693752
146.541 21.2558 0.070515
146.598 21.3109 0.0726764
146.711 21.2509 0.0719852
146.713 21.242 0.0716678
146.579 21.2905 0.0684106
146.568 21.3468 0.0721495
146.65 21.293 0.0687412
146.635 21.2488 0.0715368
146.707 21.3179 0.0693805
146.707 21.3191 0.0692257
146.485 21.2751 0.0731406
146.505 21.2364 0.0700224
146.488 21.3863 0.0689688
146.585 21.241 0.0692525
146.583 21.2985 0.0728469
146.631 21.3085 0.0700335
146.669 21.3122 0.0721428
146.586 21.3361 0.0719198
146.526 21.2513 0.0700223
146.531 21.3354 0.0720112
146.581 21.3199 0.0725493
146.612 21.2855 0.0705382
146.656 21.2785 0.0694829
146.637 21.2188 0.0697357
146.634 21.221 0.0697474
146.493 21.2941 0.0690608
146.514 21.2409 0.0691819
146.597 21.3147 0.072672
146.515 21.2621 0.0717392
146.586 21.3746 0.0714913
146.581 21.3736 0.0713774
146.576 21.3466 0.0701669
146.527 21.2121 0.0712455
146.604 21.2552 0.0700343
146.641 21.2499 0.071495
146.638 21.2476 0.0717032
146.577 21.2375 0.0728159
146.597 21.2892 0.0714634
146.648 21.2408 0.0718242
146.465 21.3098 0.0706812
146.558 21.322 0.0707485
146.582 21.242 0.0692884
146.585 21.3012 0.0728644
146.587 21.3704 0.0686916
146.536 21.2824 0.0711229
146.664 21.3071 0.0720421
146.63 21.2523 0.074209
146.523 21.3067 0.0763132
146.693 21.2763 0.0696618
146.568 21.3085 0.0707861
146.576 21.3862 0.0746278
146.551 21.3344 0.0677872
146.6 21.2445 0.0734692
146.652 21.2779 0.0695988
146.637 21.2236 0.0696109
146.646 21.2523 0.0703147
146.645 21.2525 0.0705991
146.593 21.3208 0.0721958
146.545 21.2558 0.0704548
146.53 21.2046 0.0720535
146.702 21.2419 0.0717255
146.577 21.341 0.0729159
146.65 21.2958 0.0687109
146.64 21.2459 0.0716403
146.563 21.3615 0.0714659
146.558 21.3896 0.0746396
146.518 21.3669 0.0707056
146.533 21.2792 0.0696175
146.579 21.2315 0.0726074
146.708 21.319 0.0690795
146.641 21.2382 0.0717185
146.509 21.348 0.0706223
146.606 21.3152 0.0703235
146.578 21.2451 0.0693348
146.625 21.3264 0.0703677
146.511 21.2693 0.0733483
146.514 21.2592 0.072627
146.585 21.395 0.0702539
146.543 21.2947 0.0721931
146.662 21.3161 0.0756495
146.476 21.3218 0.0698551
146.555 21.2466 0.0707989
146.527 21.2428 0.0701277
146.586 21.2499 0.0726577
146.607 21.2876 0.0704082
146.659 21.2742 0.0696618
146.639 21.2248 0.0696273
146.642 21.2275 0.0696554
144.007 24.4531 0.0948663
