214.328 26.6211 0.0732795
214.321 26.5838 0.0743864
214.388 26.6197 0.0748052
214.448 26.4613 0.0722995
214.402 26.6379 0.072218
214.434 26.6723 0.0777915
214.401 26.5382 0.0764374
214.27 26.5343 0.0730775
214.321 26.6332 0.0748424
214.39 26.6812 0.0752765
214.371 26.5779 0.073285
214.357 26.5483 0.0717887
214.391 26.6092 0.0728379
214.4 26.6366 0.0738118
214.42 26.6252 0.0728813
214.42 26.6286 0.072696
214.333 26.5605 0.0754266
214.333 26.5547 0.0755906
214.366 26.5634 0.0721932
214.364 26.6151 0.0698118
214.396 26.5699 0.0752997
214.345 26.621 0.0729727
214.419 26.542 0.0725636
214.423 26.5393 0.0726408
214.487 26.6645 0.073089
214.408 26.6253 0.0719751
214.324 26.5467 0.0722358
214.504 26.5592 0.0718902
214.429 26.5887 0.0742363
214.447 26.685 0.0756714
214.366 26.6322 0.0742374
214.393 26.592 0.072331
214.326 26.7728 0.0759447
214.429 26.6523 0.0735657
214.396 26.6115 0.076135
214.325 26.5331 0.0762689
214.418 26.6546 0.0723052
214.355 26.6214 0.0727668
214.358 26.6206 0.0728825
214.248 26.6464 0.0728058
214.427 26.7245 0.0727854
214.438 26.5975 0.0712938
214.378 26.5848 0.075519
214.335 26.6594 0.0730139
214.333 26.5688 0.0718132
214.341 26.567 0.0717466
214.338 26.5694 0.0717638
214.452 26.5496 0.0717249
214.421 26.6275 0.0734777
214.288 26.5807 0.0734159
214.34 26.5243 0.0727097
214.352 26.6686 0.0727937
214.353 26.6691 0.0729391
214.368 26.5804 0.0734148
214.384 26.4862 0.0739124
214.387 26.6017 0.0713712
214.398 26.602 0.0705181
214.363 26.753 0.0726674
214.394 26.6203 0.0731051
214.388 26.5643 0.0719361
214.356 26.603 0.0759358
214.317 26.6366 0.0737772
214.317 26.6347 0.0738303
214.389 26.6579 0.0723498
214.393 26.6616 0.0723478
214.391 26.4956 0.0717289
214.422 26.6467 0.0747124
214.351 26.543 0.0756743
214.485 26.5967 0.0704804
214.492 26.6811 0.0724183
214.333 26.4765 0.0726785
214.443 26.5895 0.0744444
214.343 26.6734 0.074315
214.301 26.6388 0.074126
214.4 26.6346 0.0762869
214.428 26.6173 0.0720616
214.295 26.7173 0.0740181
214.381 26.5886 0.0721827
214.311 26.6195 0.0745559
214.286 26.5962 0.0722553
214.283 26.5902 0.0721526
214.288 26.59 0.0721882
214.291 26.592 0.0722997
214.349 26.5251 0.0726773
214.285 26.6619 0.0720808
214.348 26.6343 0.0741243
214.385 26.5977 0.0744866
214.341 26.7137 0.0729521
214.341 26.6292 0.0717279
214.343 26.6337 0.0715902
214.366 26.6906 0.0735683
214.431 26.635 0.0723678
214.345 26.6744 0.0705029
214.28 26.619 0.0724221
214.371 26.6116 0.0744844
214.377 26.6084 0.0743555
214.374 26.6072 0.0744139
214.425 26.4994 0.0740139
214.347 26.5952 0.0724314
214.357 26.6164 0.0707288
214.282 26.5804 0.0727273
214.285 26.5856 0.0727374
214.355 26.5944 0.0732294
214.352 26.5945 0.0731305
214.327 26.6926 0.0741502
214.379 26.5766 0.0739143
214.472 26.6603 0.0715484
214.374 26.5886 0.0738473
214.34 26.6479 0.07107
214.386 26.6818 0.0724999
214.297 26.5626 0.0740057
214.296 26.5664 0.0741528
214.341 26.5216 0.0712242
214.384 26.6434 0.0707505
214.374 26.7386 0.0726544
214.407 26.5594 0.0741802
214.584 26.6032 0.0723333
214.461 26.6835 0.0742936
214.441 26.568 0.073048
214.384 26.6286 0.0746056
214.38 26.5615 0.0741932
214.402 26.6069 0.0714895
214.376 26.6357 0.0709223
214.396 26.5989 0.0718572
214.32 26.6212 0.0721739
214.391 26.6522 0.0745093
214.371 26.6326 0.0741587
214.361 26.602 0.0745696
214.341 26.5109 0.0754976
214.47 26.6747 0.0703874
214.407 26.697 0.0732349
214.4 26.6418 0.0725097
214.455 26.6475 0.0750188
214.274 26.5891 0.0732127
214.383 26.6657 0.0717349
214.424 26.6524 0.0739723
214.404 26.6488 0.068548
214.426 26.7098 0.0725895
214.321 26.528 0.0757706
214.295 26.5519 0.0731835
214.296 26.6407 0.0730373
214.381 26.5805 0.0742652
214.372 26.5855 0.0744178
214.323 26.5846 0.0744512
214.352 26.6343 0.0748407
214.353 26.6353 0.0747868
214.381 26.5251 0.0722208
214.351 26.5766 0.0726358
214.42 26.614 0.0736368
214.445 26.4616 0.0731729
214.365 26.6203 0.0707463
214.338 26.7442 0.0727499
214.33 26.6347 0.0748755
214.323 26.6389 0.0747725
214.357 26.5769 0.0753337
214.367 26.6555 0.0704469
214.464 26.6651 0.0752175
214.429 26.6418 0.0740011
214.36 26.7633 0.0725965
214.419 26.6352 0.0727857
214.363 26.5591 0.0721087
214.453 26.5328 0.07529
214.398 26.6581 0.0758825
214.339 26.629 0.0727091
214.419 26.5369 0.0726857
214.366 26.5776 0.072257
214.315 26.5452 0.0722314
214.504 26.5544 0.0717896
214.394 26.6088 0.0764613
214.337 26.6357 0.076123
214.258 26.5389 0.0750191
214.407 26.559 0.0711421
214.341 26.636 0.0743019
214.36 26.6378 0.0764126
214.391 26.6105 0.0747319
214.419 26.6516 0.072471
214.351 26.6216 0.0728508
214.4 26.684 0.0756042
214.348 26.6971 0.0748746
214.342 26.5683 0.0745259
214.445 26.727 0.0753593
214.448 26.7274 0.075395
214.399 26.5493 0.07268
214.455 26.5501 0.0713866
214.39 26.5904 0.072844
214.333 26.523 0.07263
214.352 26.6684 0.0728701
214.344 26.6502 0.0756889
214.337 26.6477 0.0758294
214.386 26.4883 0.0739019
214.344 26.5707 0.0754739
214.331 26.5426 0.0751003
214.338 26.5417 0.0750939
214.294 26.5953 0.0749406
214.293 26.5954 0.0749326
214.369 26.759 0.072697
214.486 26.6127 0.0709502
214.466 26.6427 0.0751663
214.381 26.5673 0.071824
214.319 26.6966 0.0755116
214.321 26.6919 0.075676
214.381 26.4941 0.0719266
214.418 26.6538 0.0746759
214.377 26.5908 0.0708929
214.395 26.6481 0.0753379
214.382 26.6047 0.0707089
214.486 26.6822 0.072414
214.403 26.5986 0.0729574
214.337 26.4679 0.0727005
214.38 26.5976 0.074311
214.303 26.6391 0.0740722
214.362 26.653 0.0766252
214.408 26.6567 0.0728674
214.445 26.7096 0.0743191
214.361 26.5768 0.0740299
214.309 26.6196 0.074477
214.447 26.7068 0.0736219
214.476 26.561 0.0734364
214.477 26.5602 0.0733538
214.398 26.6421 0.0742469
214.346 26.5364 0.0726484
214.282 26.6572 0.072066
214.513 26.6178 0.071592
214.374 26.6432 0.0718782
214.374 26.648 0.0720911
214.34 26.627 0.0715431
214.402 26.6209 0.0719215
214.286 26.6181 0.0726896
214.379 26.6102 0.0744789
214.519 26.6128 0.0709218
214.341 26.595 0.0725283
214.3 26.5215 0.0750726
214.282 26.5878 0.0726976
214.42 26.635 0.0757078
214.321 26.6934 0.0740322
214.432 26.6211 0.0737985
214.378 26.6401 0.0711562
214.318 26.62 0.0748374
214.335 26.6422 0.0711844
214.302 26.5684 0.074125
214.411 26.5181 0.0708277
214.404 26.5596 0.0741322
214.396 26.59 0.075722
214.375 26.5897 0.0717789
214.439 26.5665 0.073266
214.439 26.5652 0.0730767
214.317 26.546 0.071616
214.385 26.6213 0.0744697
214.419 26.5581 0.0734072
214.415 26.7059 0.0739842
214.378 26.6288 0.0743074
214.4 26.6039 0.0717789
214.394 26.599 0.0718668
214.321 26.6238 0.0723422
214.321 26.628 0.0725073
214.304 26.5433 0.0761877
214.466 26.5797 0.0722717
214.299 26.5264 0.0722761
214.469 26.6117 0.0722158
214.439 26.6109 0.0711964
214.272 26.5974 0.0733823
214.269 26.5936 0.0732673
214.386 26.6651 0.0715075
214.368 26.4264 0.0750854
214.404 26.6259 0.0758753
214.402 26.6458 0.06839
214.427 26.6999 0.0724362
214.459 26.5445 0.0713072
214.413 26.5535 0.0749117
214.334 26.6193 0.0733137
214.322 26.5794 0.0745102
214.355 26.6379 0.0749685
214.354 26.5789 0.0728267
214.36 26.6626 0.0739008
214.413 26.509 0.0749335
214.39 26.6511 0.0742775
214.368 26.6154 0.0707302
214.429 26.5629 0.0720461
214.271 26.5261 0.0730325
214.276 26.5283 0.073025
214.345 26.6054 0.0715051
214.343 26.6067 0.0716329
214.39 26.6695 0.0753079
214.374 26.5832 0.0732642
214.358 26.5529 0.0719897
214.471 26.6098 0.0703984
214.359 26.6148 0.073572
214.366 26.5787 0.0726294
214.453 26.5322 0.0754256
214.467 26.5093 0.0714914
214.407 26.5694 0.0752596
214.423 26.5837 0.0752062
214.346 26.6249 0.0726084
214.36 26.5743 0.0712749
214.362 26.5832 0.0723852
214.324 26.6459 0.0713795
214.354 26.6213 0.0756885
214.316 26.5509 0.072393
214.348 26.6534 0.0781024
214.359 26.6309 0.0741966
214.483 26.5072 0.0691956
214.323 26.7703 0.0759508
214.406 26.5652 0.0713029
214.366 26.6329 0.0751272
214.364 26.6382 0.0762013
214.396 26.6535 0.0733412
214.35 26.6215 0.0729123
214.367 26.4716 0.0732087
214.482 26.6501 0.0736025
214.437 26.5729 0.0747843
214.341 26.572 0.0742467
214.443 26.7302 0.075399
214.399 26.6585 0.0702241
214.304 26.557 0.076487
214.337 26.5683 0.0718318
214.419 26.6334 0.0735231
214.394 26.5934 0.072833
214.414 26.6463 0.0698059
214.335 26.5254 0.0724534
214.367 26.5623 0.0722508
214.347 26.6685 0.0729316
214.348 26.6608 0.0728154
214.349 26.66 0.0729939
214.401 26.6467 0.0789067
214.411 26.6354 0.0789316
214.339 26.5723 0.07537
214.346 26.5769 0.0754867
214.402 26.6037 0.0705574
214.298 26.5975 0.0747295
214.295 26.596 0.0748815
214.395 26.6193 0.0729057
214.406 26.5876 0.0761903
214.385 26.5623 0.071851
214.383 26.5734 0.0717418
214.324 26.6301 0.0737524
214.314 26.6904 0.0754111
214.323 26.6929 0.0754225
214.391 26.6628 0.0724168
214.389 26.6265 0.071753
214.428 26.6414 0.0751108
214.339 26.7017 0.0711109
214.363 26.6316 0.0699097
214.37 26.5905 0.0706051
214.396 26.6512 0.0751449
214.339 26.6678 0.0720352
214.375 26.5927 0.0742742
214.302 26.6383 0.0740967
214.452 26.5347 0.0707806
214.422 26.6107 0.0721493
214.32 26.6935 0.0725615
214.3 26.7275 0.0737439
214.276 26.5098 0.0748039
214.372 26.5883 0.0744865
214.318 26.577 0.076191
214.32 26.5782 0.0764494
214.356 26.5731 0.0774168
214.296 26.5983 0.0721394
214.392 26.6413 0.0741712
214.283 26.6576 0.0720867
214.284 26.653 0.072007
214.347 26.6292 0.0743164
214.377 26.6243 0.077032
214.342 26.717 0.0730148
214.337 26.6313 0.0717225
214.364 26.6769 0.0710201
214.356 26.671 0.0710886
214.363 26.6891 0.0735359
214.281 26.6136 0.0723214
214.454 26.5719 0.0733245
214.343 26.6648 0.0738144
214.488 26.6899 0.0743532
214.387 26.578 0.0723825
214.465 26.5241 0.0735514
214.354 26.6216 0.0708777
214.354 26.6261 0.0708787
214.285 26.5836 0.0727576
214.284 26.5856 0.0730122
214.321 26.6931 0.0740654
214.376 26.5676 0.0738031
214.322 26.5357 0.0792699
214.404 26.5887 0.0715119
214.403 26.5901 0.0717129
214.383 26.5896 0.0739948
214.387 26.6896 0.0722071
214.298 26.564 0.0740932
214.346 26.5148 0.0713727
214.386 26.6457 0.070924
214.373 26.7278 0.0725358
214.447 26.597 0.0738646
214.45 26.6036 0.0741208
214.461 26.6446 0.0740291
214.385 26.6185 0.074366
214.389 26.6147 0.0745302
214.315 26.641 0.0742454
214.391 26.6063 0.0721568
214.407 26.7045 0.0738788
214.469 26.6347 0.07257
214.427 26.6174 0.070966
214.333 26.639 0.075742
214.324 26.628 0.0721289
214.395 26.652 0.0746139
214.373 26.6337 0.0744772
214.363 26.602 0.074577
214.437 26.632 0.0739405
214.335 26.6459 0.071846
214.339 26.6451 0.0718822
214.451 26.519 0.0739109
214.275 26.5943 0.0732161
214.399 26.5994 0.0748454
214.382 26.6133 0.0741047
214.323 26.5305 0.0757651
214.408 26.5499 0.0748929
214.298 26.6398 0.0731473
214.289 26.6375 0.0729933
214.326 26.5761 0.0742826
214.358 26.6318 0.0748006
214.352 26.6313 0.0745418
214.322 26.6182 0.074531
214.325 26.5143 0.0751327
214.326 26.519 0.0751542
214.402 26.6306 0.0722381
214.363 26.5654 0.0733022
214.336 26.6001 0.0768606
214.27 26.5305 0.0732488
214.353 26.6069 0.0717188
214.362 26.578 0.0752447
214.363 26.594 0.0727213
214.366 26.5968 0.0725839
214.425 26.6416 0.0738514
214.465 26.611 0.0701013
214.354 26.6172 0.0736187
214.37 26.5772 0.072658
214.328 26.6545 0.0776808
214.41 26.6486 0.0728751
214.368 26.5384 0.0740807
214.488 26.5903 0.0728741
214.423 26.7282 0.0755256
214.35 26.6202 0.0757193
214.413 26.6192 0.0738136
214.363 26.6304 0.0742318
214.489 26.5098 0.0693319
214.34 26.6423 0.0761867
214.359 26.5893 0.0764421
214.261 26.5353 0.0748714
214.254 26.5385 0.0750153
214.387 26.7151 0.0737567
214.351 26.6324 0.0752032
214.392 26.6106 0.0750416
214.389 26.609 0.0750139
214.414 26.6572 0.0722937
214.352 26.6161 0.0727759
214.246 26.6512 0.0729342
214.48 26.6586 0.0737511
214.381 26.5906 0.0752932
214.335 26.6611 0.0729113
214.324 26.6619 0.073037
214.338 26.5702 0.0718573
214.418 26.6256 0.0735683
214.288 26.5859 0.07359
214.331 26.5255 0.0724242
214.335 26.525 0.0724495
214.353 26.6616 0.0728436
214.412 26.6357 0.0789006
214.383 26.4891 0.0738413
214.389 26.6033 0.0714664
214.396 26.5996 0.0704118
214.419 26.6223 0.0739126
214.38 26.5684 0.0721883
214.348 26.6022 0.0759446
214.511 26.6242 0.0727078
214.389 26.6676 0.0723652
214.386 26.6602 0.0724176
214.398 26.5295 0.0755857
214.394 26.5762 0.0753427
214.353 26.5443 0.075478
214.376 26.5942 0.0707466
214.334 26.6584 0.072022
214.406 26.6047 0.0731431
214.339 26.6689 0.0742988
214.386 26.5007 0.0705339
214.307 26.6391 0.0741026
214.361 26.6467 0.0768159
214.384 26.6395 0.0734241
214.384 26.64 0.0734272
214.319 26.6927 0.0727382
214.292 26.7213 0.0738627
214.366 26.579 0.0741229
214.372 26.5823 0.0739738
214.375 26.5886 0.0745221
214.405 26.6881 0.0721167
214.291 26.5973 0.0721635
214.287 26.6637 0.0719304
214.491 26.5098 0.0731449
214.375 26.6483 0.0719874
214.338 26.7183 0.07297
214.342 26.6278 0.0715406
214.406 26.6279 0.0717583
214.282 26.6186 0.072539
214.289 26.6181 0.0725827
212.715 25.4064 0.0471285
