-17.3752 -91.6488 2.71647
-17.4097 -91.4651 2.72038
-17.4528 -91.4923 2.71904
-17.4303 -91.6066 2.716
-17.4844 -91.5284 2.71553
-17.5222 -91.4949 2.71819
-17.3648 -91.5594 2.71913
-17.4384 -91.5762 2.71963
-17.3585 -91.5186 2.71745
-17.3393 -91.6806 2.7159
-17.4824 -91.6479 2.71669
-17.4951 -91.6093 2.72102
-17.445 -91.5231 2.71834
-17.5217 -91.443 2.71622
-17.3941 -91.5338 2.71902
-17.387 -91.5193 2.7209
-17.4814 -91.569 2.72013
-17.4762 -91.5743 2.72003
-17.4723 -91.6401 2.71713
-17.4685 -91.5731 2.7143
-17.4888 -91.5485 2.71632
-17.4192 -91.5289 2.71799
-17.5204 -91.4797 2.72039
-17.3965 -91.6843 2.71575
-17.4165 -91.679 2.71963
-17.4956 -91.552 2.72082
-17.3634 -91.5539 2.71801
-17.4636 -91.5851 2.7185
-17.4422 -91.5273 2.7208
-17.4879 -91.5188 2.7175
-17.4886 -91.5273 2.71742
-17.3709 -91.6169 2.71825
-17.5056 -91.4826 2.71424
-17.5016 -91.4839 2.71409
-17.5236 -91.3992 2.71589
-17.5313 -91.6062 2.71673
-17.4508 -91.5547 2.71744
-17.4049 -91.6346 2.71492
-17.4558 -91.5331 2.71753
-17.4691 -91.4759 2.72077
-17.6065 -91.614 2.71893
-17.495 -91.493 2.71586
-17.5414 -91.6076 2.71452
-17.5085 -91.5275 2.7148
-17.4517 -91.4404 2.71923
-17.5101 -91.6071 2.71924
-17.4791 -91.5066 2.71681
-17.5189 -91.6532 2.7173
-17.4578 -91.6983 2.71744
-17.506 -91.4964 2.71935
-17.4317 -91.5941 2.71491
-17.4314 -91.5967 2.71488
-17.3297 -91.5587 2.71678
-17.3568 -91.5236 2.71679
-17.4587 -91.5901 2.71694
-17.457 -91.4432 2.71845
-17.3794 -91.4535 2.72029
-17.4697 -91.5258 2.72112
-17.4792 -91.4357 2.71882
-17.4122 -91.5327 2.71844
-17.4677 -91.5953 2.71808
-17.5147 -91.5174 2.71759
-17.3894 -91.6166 2.71971
-17.4476 -91.6937 2.71798
-17.3832 -91.6581 2.72027
-17.3916 -91.6074 2.71741
-17.4808 -91.4506 2.71636
-17.3442 -91.535 2.71695
-17.549 -91.6381 2.7195
-17.4113 -91.509 2.71728
-17.3989 -91.5432 2.71374
-17.4985 -91.5798 2.7196
-17.4746 -91.4538 2.72106
-17.5257 -91.5497 2.71731
-17.4549 -91.6214 2.71673
-17.3516 -91.5019 2.71605
-17.3879 -91.572 2.71727
-17.546 -91.5738 2.71658
-17.3466 -91.699 2.72135
-17.3795 -91.5616 2.71717
-17.3949 -91.598 2.71776
-17.5012 -91.5061 2.71902
-17.5016 -91.5085 2.71886
-17.3596 -91.507 2.71867
-17.4907 -91.551 2.71886
-17.4102 -91.5913 2.71983
-17.4134 -91.5985 2.71992
-17.4396 -91.4487 2.71994
-17.3461 -91.6222 2.7158
-17.5192 -91.6321 2.71729
-17.4926 -91.5072 2.71565
-17.4939 -91.5751 2.71704
-17.3747 -91.5845 2.71644
-17.2949 -91.6211 2.71822
-17.4995 -91.5466 2.71468
-17.485 -91.5251 2.7157
-17.4333 -91.6064 2.71746
-17.4189 -91.5073 2.71461
-17.4906 -91.4616 2.71464
-17.5174 -91.6032 2.71712
-17.3109 -91.6228 2.72013
-17.4621 -91.4339 2.71861
-17.4685 -91.4425 2.71853
-17.5476 -91.531 2.71704
-17.5559 -91.5355 2.71564
-17.4648 -91.4834 2.71728
-17.3741 -91.5594 2.71703
-17.5093 -91.5234 2.71697
-17.427 -91.6191 2.7194
-17.4701 -91.5306 2.72133
-17.3194 -91.5842 2.71932
-17.4189 -91.5068 2.71795
-17.4288 -91.4822 2.72055
-17.369 -91.5203 2.71651
-17.367 -91.5202 2.71642
-17.365 -91.5485 2.71704
-17.4527 -91.4671 2.71905
-17.4655 -91.5781 2.71547
-17.4219 -91.6543 2.71559
-17.366 -91.5762 2.7156
-17.388 -91.5162 2.71916
-17.3903 -91.59 2.71938
-17.4856 -91.555 2.71939
-17.3953 -91.5178 2.72118
-17.4564 -91.593 2.71464
-17.4437 -91.549 2.71773
-17.4485 -91.5488 2.71762
-17.5333 -91.5065 2.71792
-17.4954 -91.4645 2.71902
-17.5 -91.4652 2.71885
-17.3162 -91.592 2.71708
-17.4908 -91.4216 2.71818
-17.3105 -91.5624 2.71695
-17.4214 -91.5943 2.71674
-17.3569 -91.4367 2.71967
-17.357 -91.4356 2.71963
-17.3922 -91.4815 2.71974
-17.393 -91.578 2.71688
-17.4584 -91.648 2.71647
-17.4089 -91.4672 2.72039
-17.5394 -91.5153 2.71804
-17.5041 -91.5075 2.71574
-17.5072 -91.5142 2.71561
-17.5253 -91.4926 2.71825
-17.3184 -91.5923 2.71727
-17.3679 -91.5692 2.71894
-17.4676 -91.4999 2.71951
-17.4087 -91.5967 2.71903
-17.3386 -91.6851 2.71607
-17.4688 -91.5 2.71837
-17.4744 -91.4964 2.71843
-17.4409 -91.5285 2.71845
-17.5322 -91.4425 2.71622
-17.3824 -91.5142 2.72077
-17.4442 -91.5364 2.71434
-17.3803 -91.5902 2.71698
-17.3034 -91.624 2.71995
-17.426 -91.5247 2.71814
-17.4079 -91.5643 2.72072
-17.4468 -91.6489 2.7153
-17.3934 -91.6765 2.71577
-17.5144 -91.6505 2.71791
-17.5982 -91.5435 2.71862
-17.4621 -91.6059 2.71964
-17.47 -91.5346 2.71641
-17.4651 -91.5419 2.71735
-17.3646 -91.5511 2.71801
-17.3654 -91.6402 2.71954
-17.4916 -91.4285 2.71616
-17.4955 -91.4305 2.71612
-17.495 -91.4358 2.71619
-17.4705 -91.5559 2.71479
-17.4154 -91.5335 2.7186
-17.4021 -91.6664 2.71796
-17.3814 -91.5668 2.71656
-17.3608 -91.6415 2.71979
-17.514 -91.4639 2.71761
-17.4898 -91.7011 2.71838
-17.4722 -91.5744 2.71618
-17.4101 -91.6404 2.71587
-17.4409 -91.63 2.71718
-17.4966 -91.5692 2.71627
-17.504 -91.5258 2.71611
-17.4924 -91.4928 2.71605
-17.5192 -91.5277 2.71484
-17.4534 -91.4377 2.71899
-17.5099 -91.4898 2.71558
-17.4313 -91.5576 2.71655
-17.4612 -91.7062 2.71744
-17.5208 -91.5441 2.7148
-17.5073 -91.4956 2.71924
-17.3308 -91.5537 2.71666
-17.3607 -91.5298 2.71687
-17.4605 -91.4418 2.71867
-17.4663 -91.5304 2.72127
-17.4236 -91.506 2.72067
-17.4113 -91.5241 2.71847
-17.4223 -91.4838 2.71867
-17.4675 -91.5864 2.71833
-17.47 -91.568 2.72239
-17.5075 -91.5176 2.71763
-17.5208 -91.5213 2.71769
-17.4354 -91.569 2.71769
-17.3861 -91.6548 2.72036
-17.3656 -91.5659 2.71427
-17.4817 -91.4556 2.71638
-17.3372 -91.5398 2.717
-17.4791 -91.5277 2.71866
-17.4693 -91.4022 2.71738
-17.5197 -91.6198 2.7155
-17.5019 -91.5783 2.71971
-17.48 -91.5882 2.71632
-17.373 -91.6223 2.71992
-17.3811 -91.5725 2.71711
-17.5415 -91.5884 2.71865
-17.4473 -91.6226 2.7189
-17.3979 -91.6011 2.71795
-17.3426 -91.6199 2.71741
-17.4299 -91.5503 2.72059
-17.3919 -91.6648 2.71973
-17.4094 -91.632 2.71822
-17.2975 -91.6167 2.71593
-17.4176 -91.6468 2.71923
-17.4458 -91.5582 2.71777
-17.4399 -91.4507 2.72
-17.4317 -91.5327 2.71854
-17.49 -91.5604 2.71912
-17.4926 -91.5581 2.71903
-17.3775 -91.5838 2.71633
-17.4555 -91.4747 2.7207
-17.4569 -91.4708 2.72093
-17.423 -91.5788 2.71617
-17.4996 -91.5447 2.7147
-17.3884 -91.583 2.71768
-17.5537 -91.5843 2.71558
-17.4015 -91.496 2.71744
-17.5695 -91.5281 2.71685
-17.5049 -91.6543 2.71795
-17.5136 -91.6005 2.71668
-17.4618 -91.4405 2.7183
-17.4353 -91.6767 2.71845
-17.3917 -91.6013 2.71591
-17.5463 -91.5277 2.71541
-17.394 -91.6502 2.71714
-17.3725 -91.5547 2.71703
-17.5687 -91.5601 2.71625
-17.5037 -91.5167 2.71713
-17.5696 -91.6578 2.7166
-17.4282 -91.526 2.71571
-17.4443 -91.5417 2.72114
-17.4868 -91.5571 2.71779
-17.4305 -91.4823 2.7204
-17.4347 -91.4836 2.72032
-17.3717 -91.525 2.71647
-17.3675 -91.5934 2.71969
-17.3993 -91.6648 2.71808
-17.453 -91.472 2.71894
-17.4756 -91.4886 2.7171
-17.4751 -91.4914 2.71714
-17.483 -91.6223 2.71761
-17.4 -91.5621 2.71863
-17.3981 -91.5723 2.71461
-17.3767 -91.5608 2.71798
-17.3882 -91.5149 2.71905
-17.3861 -91.5939 2.71958
-17.3778 -91.5494 2.71858
-17.3816 -91.5427 2.71869
-17.4133 -91.4874 2.71709
-17.4135 -91.487 2.7173
-17.4399 -91.5467 2.71756
-17.5278 -91.5078 2.71783
-17.4956 -91.4634 2.71922
-17.493 -91.4703 2.71915
-17.3177 -91.5932 2.71713
-17.3371 -91.6468 2.71767
-17.423 -91.5534 2.71711
-17.359 -91.4377 2.71942
-17.3914 -91.4759 2.71979
-17.5205 -91.613 2.7177
-17.4822 -91.5159 2.71908
-17.2819 -91.5753 2.7194
-17.5026 -91.4329 2.71656
-17.5086 -91.4296 2.71672
-17.428 -91.607 2.71598
-17.479 -91.5262 2.72004
-17.4787 -91.5289 2.71542
-17.4837 -91.5304 2.71549
-17.5196 -91.4975 2.71808
-17.3627 -91.5583 2.71923
-17.4398 -91.5667 2.7194
-17.4115 -91.5979 2.71919
-17.4276 -91.556 2.71681
-17.2877 -91.6357 2.71759
-17.5215 -91.4426 2.71611
-17.3935 -91.5407 2.71894
-17.3858 -91.5216 2.72089
-17.3973 -91.6806 2.71733
-17.4831 -91.5678 2.71999
-17.5479 -91.5272 2.71973
-17.5515 -91.5269 2.71966
-17.3022 -91.6243 2.72022
-17.4067 -91.5647 2.72077
-17.5206 -91.4773 2.72032
-17.4819 -91.47 2.71547
-17.3665 -91.6213 2.71562
-17.4666 -91.4924 2.72043
-17.461 -91.5409 2.71709
-17.3677 -91.5543 2.71788
-17.5005 -91.4406 2.71617
-17.4658 -91.5828 2.71862
-17.4232 -91.6646 2.71696
-17.4219 -91.5343 2.71843
-17.4931 -91.5113 2.71764
-17.3794 -91.5586 2.7167
-17.3756 -91.6166 2.71809
-17.4484 -91.6036 2.71929
-17.3573 -91.5663 2.71593
-17.5326 -91.6103 2.71699
-17.4479 -91.56 2.71727
-17.5076 -91.5182 2.71784
-17.4057 -91.6545 2.71949
-17.4446 -91.5803 2.71665
-17.6131 -91.6128 2.71892
-17.3911 -91.6225 2.71335
-17.4949 -91.4957 2.71602
-17.437 -91.451 2.71936
-17.4416 -91.4457 2.71943
-17.4483 -91.4451 2.71898
-17.5075 -91.4848 2.71547
-17.5066 -91.483 2.71558
-17.4948 -91.5297 2.71989
-17.431 -91.5538 2.71666
-17.5535 -91.5448 2.71555
-17.3754 -91.552 2.71375
-17.5192 -91.6365 2.71659
-17.4412 -91.5442 2.71916
-17.4008 -91.6439 2.71519
-17.4864 -91.4799 2.71603
-17.4126 -91.6055 2.71962
-17.4664 -91.4444 2.71867
-17.3703 -91.4579 2.7202
-17.4691 -91.4976 2.71962
-17.4682 -91.4973 2.71967
-17.4664 -91.53 2.72123
-17.5392 -91.5134 2.71721
-17.4097 -91.5275 2.71872
-17.4263 -91.4799 2.71879
-17.4746 -91.5621 2.71836
-17.4675 -91.5919 2.71838
-17.4404 -91.5744 2.71544
-17.3969 -91.5718 2.7168
-17.4306 -91.6587 2.7175
-17.4664 -91.5506 2.71986
-17.3979 -91.6458 2.71901
-17.4317 -91.5741 2.71767
-17.3813 -91.6554 2.72027
-17.3904 -91.6088 2.71744
-17.4837 -91.451 2.7162
-17.5254 -91.4698 2.715
-17.3389 -91.5281 2.71712
-17.4685 -91.4051 2.71722
-17.3872 -91.5392 2.71394
-17.3648 -91.5529 2.71713
-17.5309 -91.5431 2.71734
-17.5586 -91.5417 2.71726
-17.4416 -91.4662 2.71491
-17.4436 -91.4639 2.71494
-17.3717 -91.6244 2.71971
-17.4336 -91.6305 2.71678
-17.3848 -91.5634 2.71727
-17.3873 -91.6026 2.71773
-17.5227 -91.5302 2.71771
-17.5101 -91.5068 2.71884
-17.5328 -91.667 2.71627
-17.3514 -91.5081 2.71866
-17.4242 -91.5963 2.71657
-17.5447 -91.547 2.71818
-17.5122 -91.6493 2.7144
-17.4535 -91.5383 2.71625
-17.4167 -91.4393 2.71906
-17.4478 -91.4983 2.72034
-17.4936 -91.5554 2.71916
-17.3767 -91.5917 2.71627
-17.378 -91.5871 2.71613
-17.46 -91.4724 2.72063
-17.4647 -91.6282 2.71775
-17.5026 -91.6143 2.71658
-17.5136 -91.5647 2.71894
-17.4417 -91.608 2.71753
-17.4374 -91.5615 2.71995
-17.4013 -91.492 2.7174
-17.4044 -91.4966 2.71744
-17.5187 -91.6047 2.71695
-17.4447 -91.5845 2.71835
-17.5138 -91.6009 2.71645
-17.4342 -91.5874 2.71863
-17.4694 -91.5591 2.71738
-17.463 -91.4861 2.71762
-17.4622 -91.4836 2.71747
-17.535 -91.5507 2.71534
-17.5701 -91.562 2.71635
-17.4319 -91.4492 2.71794
-17.4315 -91.6188 2.7195
-17.427 -91.5258 2.71561
-17.3796 -91.5881 2.71553
-17.4223 -91.5166 2.71805
-17.4356 -91.4844 2.72047
-17.5378 -91.6268 2.71576
-17.4032 -91.5509 2.71486
-17.431 -91.6858 2.71789
-17.3617 -91.5529 2.71684
-17.4498 -91.466 2.71914
-17.5208 -91.5562 2.71886
-17.4726 -91.4878 2.71721
-17.4675 -91.4876 2.71717
-17.3994 -91.694 2.72095
-17.3986 -91.5577 2.71836
-17.4015 -91.5591 2.71852
-17.3768 -91.5606 2.71798
-17.3457 -91.6505 2.71909
-17.3786 -91.549 2.71865
-17.3969 -91.5242 2.72128
-17.4095 -91.4875 2.71701
-17.4121 -91.489 2.71706
-17.5146 -91.5546 2.71634
-17.4385 -91.5831 2.71721
-17.5102 -91.4384 2.71947
-17.4647 -91.5049 2.71861
-17.4274 -91.6188 2.71647
-17.4925 -91.4143 2.71848
-17.3993 -91.5155 2.71823
-17.4012 -91.5185 2.71841
-17.3879 -91.4755 2.71977
-17.4012 -91.5954 2.71625
-17.4598 -91.6374 2.71622
-17.4108 -91.4634 2.72034
-17.5087 -91.4385 2.71656
-17.4562 -91.4889 2.71899
-17.4851 -91.5283 2.71549
-17.5184 -91.4918 2.71819
-17.3145 -91.5853 2.71741
-17.3701 -91.5639 2.71877
-17.4048 -91.7197 2.71914
-17.4691 -91.4992 2.7197
-17.3559 -91.5151 2.71744
-17.3718 -91.7211 2.71877
-17.4311 -91.5624 2.71656
-17.4249 -91.5555 2.71662
-17.5383 -91.4714 2.71981
-17.5215 -91.4462 2.71623
-17.3913 -91.5186 2.72066
-17.4179 -91.463 2.71619
-17.407 -91.5725 2.71427
-17.481 -91.5674 2.72015
-17.4654 -91.5725 2.71432
-17.4706 -91.6296 2.71606
-17.477 -91.4804 2.71532
-17.3656 -91.6243 2.71558
-17.4641 -91.4769 2.72025
-17.4603 -91.4733 2.72039
-17.4158 -91.6778 2.71956
-17.5057 -91.5701 2.71588
-17.4655 -91.5483 2.71719
-17.5027 -91.6304 2.71904
-17.497 -91.4309 2.71633
-17.525 -91.5542 2.7189
-17.4319 -91.6173 2.71699
-17.4422 -91.5201 2.72094
-17.4038 -91.663 2.71806
-17.3733 -91.6212 2.71821
-17.524 -91.403 2.7157
-17.479 -91.5329 2.71889
-17.4825 -91.6144 2.71402
-17.5837 -91.6528 2.71608
-17.4079 -91.5988 2.71903
-17.4914 -91.5684 2.71627
-17.4976 -91.485 2.71608
-17.3885 -91.7105 2.71662
-17.3755 -91.6587 2.71959
-17.5065 -91.4906 2.71554
-17.2797 -91.7152 2.72234
-17.5123 -91.6077 2.71916
-17.367 -91.652 2.71837
-17.4803 -91.4976 2.71676
-17.5108 -91.4885 2.71925
-17.4924 -91.4833 2.71617
-17.4881 -91.4843 2.71615
-17.4094 -91.6077 2.71938
-17.3629 -91.525 2.71682
-17.4832 -91.5528 2.71967
-17.4649 -91.444 2.71865
-17.4715 -91.4939 2.7197
-17.4842 -91.4386 2.71877
-17.4736 -91.4405 2.71903
-17.4203 -91.4837 2.71879
-17.4708 -91.5877 2.71836
-17.4418 -91.5792 2.71534
-17.4693 -91.5717 2.72238
-17.4006 -91.6468 2.71889
-15.6322 -92.4581 2.73341
