121.213 20.0674 0.0603958
121.213 20.0619 0.0604707
121.222 20.0577 0.0603888
121.336 20.0716 0.059315
121.28 20.2224 0.06099
121.198 20.035 0.0574084
121.198 20.0401 0.0574174
121.322 20.0606 0.0580427
121.335 20.1016 0.0581085
121.359 20.065 0.0584046
121.338 20.0706 0.0556413
121.277 19.9652 0.0583052
121.232 19.9566 0.0593437
121.346 20.0219 0.0560685
121.269 20.0731 0.0580799
121.256 20.0134 0.0612007
121.273 20.0253 0.0600895
121.297 20.0874 0.0609222
121.28 19.9631 0.0605644
121.277 19.9596 0.0607282
121.28 19.9718 0.0607661
121.255 20.1496 0.0607742
121.317 20.0108 0.0618462
121.363 19.9319 0.0563443
121.214 20.0486 0.0565859
121.348 20.1119 0.0560719
121.349 19.9927 0.0574104
121.379 19.9833 0.0562909
121.348 20.0697 0.0608076
121.392 19.9898 0.0594773
121.331 19.9601 0.0597398
121.224 20.0209 0.062374
121.225 20.0216 0.0622437
121.43 19.9004 0.0588878
121.249 19.9658 0.0568782
121.327 20.0783 0.0609774
121.253 20.0686 0.0607262
121.335 20.0704 0.0646096
121.291 20.0503 0.0573152
121.266 20.0158 0.0549874
121.324 20.0345 0.0612458
121.401 20.019 0.0595386
121.335 20.0872 0.060298
121.207 20.0149 0.062603
121.308 19.9784 0.0605463
121.334 19.9947 0.0585397
121.279 20.062 0.0597194
121.297 19.9929 0.0571892
121.296 20.0538 0.0607355
121.3 20.0804 0.0606239
121.301 20.079 0.0608647
121.345 20.0428 0.0568681
121.379 20.0164 0.0578503
121.223 19.9819 0.0596918
121.307 20.0471 0.0575531
121.311 20.069 0.0600047
121.303 20.0647 0.0578198
121.263 20.0635 0.0560996
121.257 19.9362 0.0559307
121.33 19.9233 0.059055
121.266 19.9715 0.0607031
121.216 19.9886 0.0594957
121.37 20.0013 0.0565619
121.36 20.0269 0.0573867
121.182 20.0703 0.0609446
121.292 20.0121 0.057051
121.308 19.9357 0.0596765
121.339 20.0801 0.0564084
121.314 20.0138 0.0549536
121.272 20.0361 0.0587984
121.267 20.033 0.0588802
121.23 20.0834 0.0609989
121.297 20.0257 0.0588119
121.289 20.0085 0.0583914
121.294 19.9745 0.059469
121.337 20.0092 0.0587708
121.335 20.1119 0.0557238
121.384 20.124 0.0588208
121.33 20.1252 0.0584258
121.277 20.1315 0.0631929
121.343 20.0296 0.057065
121.351 19.9776 0.0581973
121.386 20.0282 0.0618983
121.382 20.1056 0.0570078
121.22 20.019 0.0588043
121.354 20.1125 0.0607554
121.232 19.9986 0.062964
121.331 20.038 0.0598234
121.265 20.0833 0.060203
121.271 20.0259 0.0582163
121.249 20.0394 0.0595276
121.356 20.0222 0.0589221
121.262 20.0242 0.0603212
121.45 20.0077 0.0586703
121.269 20.0298 0.0566916
121.316 20.0342 0.0569659
121.36 20.1023 0.0589813
121.346 20.122 0.0557539
121.266 20.101 0.0615761
121.324 19.9624 0.0595948
121.33 19.9563 0.0596317
121.338 20.0313 0.0598094
121.283 19.9858 0.0617913
121.286 19.9884 0.0617012
121.323 19.9906 0.0569539
121.267 19.9778 0.0574619
121.345 19.9554 0.0595688
121.354 19.9532 0.059445
121.217 20.0135 0.0605966
121.315 20.0194 0.0593871
121.227 20.0719 0.0611555
121.291 20.0734 0.0573559
121.316 20.0145 0.0563712
121.355 20.0237 0.0589067
121.185 20.1072 0.0628482
121.331 19.9309 0.0527296
121.287 19.9947 0.0559046
121.336 20.0839 0.0605001
121.405 20.0604 0.0540867
121.326 20.0769 0.0592555
121.404 19.9408 0.0555155
121.359 20.0852 0.0624198
121.279 20.0261 0.0620611
121.3 20.1156 0.0589587
121.273 19.9416 0.0596818
121.248 20.1595 0.0569735
121.257 20.1016 0.0616429
121.399 19.9626 0.056541
121.367 20.0043 0.0581623
121.435 20.0208 0.059682
121.172 20.0134 0.0599586
121.32 20.0573 0.058044
121.33 20.0038 0.0614912
121.332 20.0076 0.0615505
121.354 20.0694 0.0584822
121.345 20.0657 0.0556702
121.303 20.0185 0.0591073
121.297 20.0587 0.0602499
121.228 19.9568 0.0591052
121.349 20.0258 0.0561112
121.252 20.0123 0.061248
121.283 19.9673 0.0608596
121.285 19.9687 0.0607622
121.317 20.0143 0.0617438
121.44 19.9436 0.0562092
121.365 19.9399 0.0565418
121.326 20.0597 0.0568172
121.349 19.9238 0.0564118
121.312 20.0834 0.0600193
121.347 20.0632 0.0606968
121.361 20.1049 0.0613638
121.249 19.9644 0.0569072
121.13 20.0624 0.0588166
121.246 20.0653 0.0592943
121.327 20.0836 0.0608647
121.391 20.0737 0.0616282
121.276 19.9454 0.054511
121.278 20.0077 0.0597267
121.278 20.0129 0.0595893
121.322 20.0346 0.0612855
121.311 20.1145 0.0591821
121.396 20.0257 0.0594919
121.335 20.0933 0.0603622
121.257 19.9838 0.0594697
121.257 19.9862 0.0596028
121.338 19.9938 0.058421
121.28 20.0633 0.0597089
121.286 20.0247 0.0562985
121.289 19.997 0.0569942
121.296 19.9887 0.0571607
121.368 20.0118 0.0582877
121.349 20.0478 0.0570644
121.435 19.9941 0.0592437
121.227 19.9811 0.059745
121.295 19.9639 0.0570858
121.231 19.9736 0.0627358
121.302 20.0636 0.0578308
121.249 19.9944 0.0571644
121.255 19.9286 0.0557758
121.378 20.0738 0.0595091
121.266 19.9747 0.0609707
121.334 20.1419 0.0589894
121.241 19.9404 0.0590537
121.242 19.9503 0.0588881
121.363 20.0338 0.0574512
121.251 19.9958 0.0599404
121.294 20.0129 0.0571508
121.32 20.0194 0.0601836
121.309 20.015 0.055109
121.277 19.9062 0.0598905
121.312 20.013 0.0604869
121.291 20.0066 0.0585778
121.296 20.0099 0.0583041
121.346 19.9887 0.0593434
121.351 19.9862 0.0590984
121.32 20.1262 0.0592207
121.236 20.1289 0.0579766
121.264 20.0188 0.061842
121.363 20.0749 0.059299
121.339 20.0369 0.0572362
121.296 20.0914 0.060273
121.281 19.9632 0.0594857
121.351 19.9799 0.0582664
121.261 20.0455 0.0635258
121.262 20.046 0.0635128
121.407 19.9718 0.056237
121.326 20.0384 0.0575759
121.317 19.9847 0.0557305
121.236 19.9976 0.0630293
121.329 19.9715 0.0570202
121.329 20.0374 0.059953
121.299 20.0946 0.0593462
121.249 20.0383 0.0596275
121.356 20.0218 0.0589089
121.253 20.0474 0.0569436
121.325 20.0244 0.0599067
121.319 20.0216 0.0569335
121.212 19.9708 0.0579521
121.397 19.9258 0.0572113
121.211 20.0566 0.0588462
121.413 19.8811 0.0572083
121.126 20.097 0.0597804
121.322 19.9902 0.0569434
121.257 19.9857 0.0614754
121.258 19.9816 0.0612921
121.353 19.959 0.059421
121.403 20.0566 0.0578767
121.317 20.0426 0.05797
121.28 19.9845 0.0574
121.264 20.0004 0.0601124
121.321 20.012 0.0560696
121.187 20.0997 0.0617584
121.354 20.0171 0.0592195
121.182 20.1069 0.0627888
121.379 19.9629 0.057694
121.282 19.9925 0.0556827
121.188 20.1897 0.0601359
121.205 19.9908 0.0611595
121.401 19.9413 0.0554402
121.401 19.9388 0.0556298
121.361 20.0865 0.0626078
121.301 20.1158 0.0591789
121.269 19.943 0.0597724
121.21 20.0212 0.0583137
121.294 20.0217 0.0594748
121.337 20.0716 0.0593066
121.236 19.9721 0.0596992
121.316 20.0455 0.0603839
121.312 20.0449 0.061127
121.314 20.046 0.0614757
121.318 20.064 0.0578542
121.264 20.0116 0.0598766
121.342 20.0649 0.0555648
121.311 19.9882 0.0588924
121.277 19.9677 0.0582002
121.196 20.1334 0.0560146
121.231 19.9606 0.0592221
121.157 20.0819 0.0601441
121.253 20.0136 0.0610767
121.274 20.031 0.0600198
121.274 20.0308 0.0601122
121.283 19.9655 0.0607479
121.287 19.9476 0.056934
121.314 20.0107 0.061508
121.308 20.0127 0.0616678
121.331 20.0516 0.0571063
121.352 19.9247 0.0564362
121.306 20.0573 0.0540378
121.254 20.1474 0.0568047
121.31 20.0815 0.059719
121.344 19.9894 0.0573821
121.384 19.9876 0.0562092
121.345 20.0678 0.0606299
121.33 19.9609 0.0596661
121.223 20.0195 0.0623697
121.226 20.0202 0.0622441
121.274 19.9906 0.0607681
121.279 19.9909 0.0608236
121.423 19.8922 0.0586071
121.251 19.9702 0.0569779
121.162 20.1317 0.0605296
121.251 20.0752 0.0607553
121.284 20.0447 0.057139
121.279 20.0065 0.0596939
121.34 20.1385 0.0583404
121.397 20.0245 0.0597664
121.335 20.0962 0.0602837
121.293 20.1059 0.0541899
121.297 20.1035 0.054307
121.304 19.9713 0.0606011
121.332 19.9934 0.0583791
121.314 20.0981 0.0576067
121.282 20.0573 0.0599202
121.366 19.9656 0.0590831
121.364 20.0125 0.0583513
121.349 20.0459 0.0569929
121.364 20.0429 0.058434
121.381 20.0145 0.0581201
121.341 20.1289 0.0583471
121.234 19.9812 0.062959
121.205 20.1473 0.0633453
121.378 20.0511 0.0572623
121.261 20.0279 0.0600392
121.336 19.9172 0.0591924
121.263 19.9762 0.0610344
121.262 19.9754 0.06096
121.366 20.0794 0.058638
121.172 20.121 0.0629377
121.284 20.0946 0.0609854
121.364 19.9979 0.0568305
121.25 19.9969 0.0602274
121.341 19.9618 0.0574644
121.205 20.0506 0.0554645
121.318 20.0187 0.0600699
121.304 20.0966 0.0600455
121.276 19.9119 0.0599133
121.313 20.0106 0.0605461
121.295 20.0179 0.0608394
121.296 20.0125 0.0588155
121.291 19.9776 0.0593571
121.344 19.9917 0.0592573
121.333 20.0108 0.0587775
121.249 20.0197 0.0588203
121.236 20.1293 0.0581032
121.319 20.1257 0.0585634
121.267 20.0175 0.0617743
121.19 20.0475 0.0644044
121.34 20.0317 0.0572553
121.349 19.9775 0.058241
121.262 20.0439 0.0635146
121.324 20.1011 0.058216
121.316 19.9882 0.0558159
121.26 19.9876 0.0566002
121.314 20.0561 0.059341
121.191 20.0326 0.0543193
121.327 19.974 0.056946
121.268 20.0771 0.0600727
121.288 20.0416 0.0623099
121.355 20.0232 0.0587935
121.264 20.026 0.0605097
121.328 20.025 0.0600497
121.258 20.0348 0.0594359
121.211 19.9661 0.0580315
121.213 19.9678 0.0580195
121.212 19.9666 0.0578811
121.394 19.9237 0.0568871
121.267 20.0998 0.0616647
121.39 20.0753 0.0569376
121.338 20.0302 0.0597236
121.422 19.8871 0.0569234
121.324 19.9869 0.0570938
121.257 19.9858 0.0613273
121.351 19.9586 0.0596229
121.317 20.0392 0.0579967
121.263 20.0625 0.0563589
121.2 19.9593 0.0596618
121.312 19.954 0.0551
121.298 20.063 0.0601379
121.179 20.0981 0.06302
121.387 19.9628 0.0576487
121.223 20.0926 0.0599592
121.357 20.0616 0.0583112
121.26 19.9821 0.0567464
121.403 19.9389 0.0554947
121.305 19.9122 0.0574504
121.199 20.1297 0.0589374
121.31 19.9328 0.0573094
121.269 19.9423 0.0597859
121.309 19.9927 0.0543999
121.228 20.0943 0.0583882
121.368 20.0075 0.0580797
121.358 20.0497 0.0582792
121.313 20.0308 0.0569819
121.327 20.0075 0.0614857
121.314 19.9943 0.0587144
121.317 19.9892 0.0590758
121.186 20.0729 0.0596477
121.409 20.0461 0.0581524
121.228 19.9601 0.0591216
121.285 20.068 0.0599149
121.259 20.0079 0.0613518
121.278 20.0331 0.0602398
121.286 19.971 0.06065
121.349 20.1218 0.0613309
121.407 20.1654 0.0586038
121.44 19.9395 0.0562332
121.348 19.9232 0.0564049
121.321 20.1075 0.0594246
121.295 20.0734 0.0613182
121.384 19.99 0.0560925
121.339 19.9921 0.0561261
121.396 19.988 0.0596256
121.274 19.99 0.0606808
121.428 19.8912 0.0587539
121.423 19.8931 0.0586356
121.244 20.0665 0.0592352
121.329 20.0815 0.0608898
121.249 20.0719 0.060744
121.344 19.9762 0.0548032
121.377 20.0559 0.0554553
121.26 20.0744 0.056812
121.391 20.0186 0.0595347
121.233 20.0927 0.0604561
121.309 20.1213 0.0586576
121.324 20.1294 0.0537496
121.312 20.0074 0.0604562
121.367 19.9558 0.0589999
121.361 19.965 0.05896
121.302 20.0826 0.0609376
121.449 20.0965 0.0571367
121.291 20.0577 0.0594965
121.404 20.0484 0.0586714
121.301 20.0504 0.0575992
121.403 20.0892 0.0573687
121.356 20.2121 0.0585843
121.309 20.0609 0.0577392
121.247 19.9928 0.0570453
121.246 19.9889 0.0571532
121.26 20.031 0.060176
121.266 20.0614 0.0560272
121.21 20.0245 0.0625471
121.334 19.9245 0.0591068
121.329 19.919 0.059235
121.377 20.0675 0.0594509
121.216 19.9817 0.0592708
121.219 19.9848 0.0596685
121.213 19.9884 0.0595177
121.362 20.0387 0.057575
121.249 19.9942 0.0599921
121.348 19.963 0.0574902
121.342 19.9621 0.0574587
121.334 20.0067 0.0607516
121.32 20.0183 0.0599624
121.31 20.0117 0.0549322
121.355 20.0606 0.0581373
121.274 19.9116 0.0599908
121.335 19.9916 0.0564122
121.296 20.0151 0.0583993
121.291 20.0069 0.0585217
121.288 20.0136 0.0584943
121.356 20.0839 0.0561179
121.334 20.011 0.058933
121.326 20.1122 0.0558601
121.275 19.9724 0.0567159
121.279 19.9753 0.0565894
121.367 20.0802 0.0591404
121.298 19.9666 0.0579271
121.34 20.0268 0.0571506
121.466 20.0654 0.0591144
121.394 20.0289 0.0619631
121.313 20.0562 0.0604815
121.261 20.0876 0.0608235
121.321 20.0422 0.057517
121.326 20.0988 0.0634769
121.385 20.0784 0.0585953
121.19 20.0356 0.0541466
121.247 19.9902 0.0573649
121.273 20.024 0.0582348
121.289 20.0413 0.0622086
121.261 20.0267 0.0603573
121.205 20.0671 0.0609631
121.29 20.1463 0.0604238
121.256 20.0321 0.0593606
121.389 19.9885 0.0577269
121.388 19.919 0.056999
121.326 19.9675 0.059489
121.252 20.0571 0.0589858
121.254 20.0538 0.059001
121.414 19.8843 0.0570421
121.324 19.9939 0.056954
121.276 19.9684 0.0603087
121.288 19.9684 0.0605472
121.281 19.9668 0.0603069
121.318 20.046 0.0579441
121.348 19.9579 0.0594668
121.351 19.9541 0.0596397
121.219 20.009 0.0604782
121.286 19.9894 0.0576749
121.268 19.9941 0.0600769
121.438 19.9801 0.0616651
121.28 20.0976 0.0597907
121.274 20.0548 0.0602604
121.289 20.0032 0.0620889
121.28 20.0076 0.0618974
121.377 19.9658 0.0577784
121.312 20.0293 0.0536734
121.204 19.9837 0.0611671
121.355 20.0854 0.0625486
121.275 20.0197 0.0620098
121.163 20.0038 0.0607299
121.271 19.9438 0.0596133
121.378 20.1245 0.0596267
121.407 20.0525 0.0581822
121.206 20.0345 0.0559217
121.228 20.0897 0.0586384
121.371 20.0077 0.0579934
121.233 19.9767 0.0597343
121.31 20.0485 0.0613815
121.32 20.0313 0.0569726
120.162 21.1405 0.0374003
