138.767 -17.3664 3.36656
138.724 -17.4534 3.36756
138.753 -17.4035 3.36975
138.64 -17.382 3.36452
138.605 -17.4092 3.36447
138.714 -17.3748 3.3664
138.743 -17.3041 3.36736
138.82 -17.364 3.36825
138.702 -17.4036 3.36813
138.634 -17.3475 3.369
138.663 -17.406 3.36904
138.759 -17.3397 3.36956
138.647 -17.4302 3.36704
138.713 -17.4331 3.36851
138.628 -17.3063 3.3695
138.663 -17.3623 3.37075
138.736 -17.4994 3.36524
138.796 -17.4592 3.36794
138.72 -17.414 3.36548
138.601 -17.3511 3.36527
138.691 -17.5378 3.37089
138.727 -17.4113 3.3671
138.652 -17.5622 3.36209
138.567 -17.5305 3.36586
138.557 -17.4382 3.36705
138.484 -17.4084 3.36488
138.744 -17.3921 3.36831
138.768 -17.4952 3.3674
138.73 -17.3381 3.36741
138.707 -17.4812 3.37032
138.599 -17.4565 3.36529
138.8 -17.4174 3.36479
138.731 -17.4481 3.36864
138.619 -17.3569 3.36744
138.729 -17.3868 3.36808
138.649 -17.474 3.36914
138.766 -17.2986 3.36854
138.812 -17.5755 3.3703
138.684 -17.4782 3.37106
138.734 -17.4071 3.37229
138.662 -17.3966 3.36831
138.678 -17.3492 3.36761
138.679 -17.373 3.3691
138.722 -17.5189 3.36956
138.721 -17.508 3.36882
138.659 -17.411 3.36808
138.67 -17.4007 3.36915
138.639 -17.3248 3.36775
138.709 -17.3958 3.36884
138.669 -17.2996 3.36651
138.675 -17.3519 3.3658
138.624 -17.4946 3.36756
138.717 -17.4404 3.36982
138.752 -17.4308 3.36695
138.73 -17.4112 3.36857
138.693 -17.4553 3.36847
138.776 -17.4621 3.36539
138.698 -17.4613 3.36621
138.561 -17.4033 3.36792
138.647 -17.2765 3.37023
138.765 -17.2992 3.37068
138.684 -17.4019 3.36778
138.668 -17.4148 3.36975
138.682 -17.4359 3.36763
138.703 -17.4517 3.36488
138.653 -17.4051 3.36408
138.655 -17.3479 3.36792
138.894 -17.4557 3.37055
138.74 -17.3497 3.36983
138.761 -17.3501 3.37244
138.671 -17.3237 3.36655
138.798 -17.3568 3.36638
138.65 -17.3971 3.36738
138.723 -17.4296 3.3655
138.68 -17.3206 3.36784
138.631 -17.3777 3.36781
138.599 -17.3492 3.36802
138.566 -17.3992 3.37037
138.749 -17.3545 3.36313
138.686 -17.4535 3.36785
138.69 -17.3123 3.36906
138.72 -17.4246 3.36498
138.825 -17.3145 3.36732
138.591 -17.4115 3.3674
138.636 -17.4642 3.36543
138.785 -17.4342 3.36972
138.784 -17.3981 3.36823
138.743 -17.4469 3.36919
138.749 -17.4149 3.36772
138.672 -17.3592 3.37078
138.655 -17.3888 3.3632
138.68 -17.4695 3.37169
138.645 -17.4484 3.3616
138.758 -17.4555 3.36544
138.65 -17.4647 3.36509
138.545 -17.35 3.36408
138.729 -17.4167 3.36869
138.642 -17.489 3.36838
138.771 -17.4584 3.36758
138.724 -17.5245 3.36759
138.685 -17.5456 3.36905
138.627 -17.4023 3.36678
138.618 -17.4107 3.36761
138.687 -17.3946 3.36415
138.707 -17.4218 3.36742
138.483 -17.4615 3.36465
138.764 -17.3562 3.36806
138.782 -17.3892 3.37007
138.751 -17.4271 3.36988
138.773 -17.5003 3.36387
138.751 -17.3724 3.36631
138.824 -17.4733 3.36797
138.631 -17.4411 3.36679
138.73 -17.4791 3.36777
138.733 -17.4324 3.36474
138.714 -17.4299 3.36817
138.657 -17.3011 3.3664
138.765 -17.396 3.36664
138.655 -17.3986 3.36469
138.711 -17.4305 3.36668
138.739 -17.456 3.36822
138.679 -17.3315 3.36798
138.671 -17.4066 3.36739
138.712 -17.3821 3.36851
138.673 -17.3633 3.36785
138.698 -17.535 3.36839
138.643 -17.4931 3.36874
138.62 -17.4623 3.36335
138.752 -17.3406 3.36835
138.697 -17.2735 3.36756
138.641 -17.4486 3.36639
138.662 -17.4239 3.36712
138.622 -17.4445 3.36351
138.611 -17.423 3.37068
138.632 -17.4709 3.36991
138.585 -17.4967 3.37068
138.653 -17.4005 3.37034
138.594 -17.3733 3.36963
138.612 -17.3285 3.36786
138.668 -17.5379 3.36682
138.683 -17.3309 3.36574
138.672 -17.436 3.36835
138.713 -17.319 3.3702
138.648 -17.3577 3.36522
138.704 -17.4248 3.36724
138.714 -17.4698 3.36887
138.615 -17.4107 3.36758
138.706 -17.267 3.3698
138.723 -17.2949 3.36998
138.716 -17.3826 3.37159
138.738 -17.5893 3.36809
138.756 -17.358 3.37103
138.611 -17.425 3.36376
138.526 -17.3745 3.36572
138.591 -17.4244 3.36343
138.673 -17.3519 3.36665
138.665 -17.3422 3.36721
138.708 -17.4126 3.37109
138.705 -17.4551 3.37357
138.719 -17.4526 3.36675
138.701 -17.3485 3.36828
138.679 -17.3362 3.36762
138.605 -17.4273 3.36883
138.662 -17.4938 3.36986
138.694 -17.3912 3.37038
138.561 -17.3423 3.36721
138.567 -17.5589 3.36708
138.691 -17.4277 3.3662
138.71 -17.4351 3.372
138.654 -17.4194 3.36843
138.66 -17.607 3.37063
138.634 -17.2153 3.36579
138.699 -17.3827 3.36862
138.646 -17.3005 3.36883
138.806 -17.4649 3.3679
138.64 -17.3737 3.36925
138.696 -17.3755 3.37018
138.566 -17.3962 3.36703
138.53 -17.3814 3.36742
138.668 -17.3114 3.36887
138.653 -17.3807 3.36622
138.762 -17.3021 3.36577
138.807 -17.3865 3.36791
138.705 -17.2644 3.36784
138.782 -17.4137 3.3729
138.811 -17.4589 3.37289
138.801 -17.4627 3.37197
138.62 -17.3876 3.37164
138.694 -17.42 3.36896
138.732 -17.4362 3.36821
138.707 -17.3765 3.3656
138.617 -17.3606 3.3685
138.676 -17.4386 3.36543
138.734 -17.4928 3.36361
138.602 -17.3687 3.37106
138.705 -17.3745 3.3687
138.71 -17.5549 3.37106
138.789 -17.3319 3.36726
138.683 -17.4847 3.36705
138.663 -17.3495 3.36819
138.693 -17.4067 3.36694
138.672 -17.3714 3.36543
138.709 -17.3423 3.36509
138.618 -17.4128 3.36794
138.733 -17.4511 3.37033
138.72 -17.4521 3.366
138.559 -17.4026 3.37073
138.663 -17.4613 3.36513
138.735 -17.5474 3.36608
138.681 -17.4835 3.36596
138.691 -17.4537 3.36979
138.674 -17.4543 3.36585
138.676 -17.377 3.36875
138.785 -17.3837 3.36613
138.766 -17.4147 3.37067
138.675 -17.3479 3.36693
138.653 -17.4072 3.3671
138.659 -17.4643 3.36849
138.779 -17.4349 3.36962
138.757 -17.4021 3.36518
138.719 -17.327 3.36981
138.641 -17.3352 3.36658
138.693 -17.4906 3.36763
138.646 -17.4943 3.3692
138.839 -17.4302 3.36819
138.55 -17.3235 3.36601
138.71 -17.46 3.36881
138.673 -17.4782 3.36844
138.626 -17.2997 3.36568
138.798 -17.2852 3.36881
138.717 -17.3877 3.37045
138.732 -17.344 3.36649
138.799 -17.353 3.36809
138.736 -17.4858 3.36965
138.673 -17.4068 3.36823
138.62 -17.3119 3.36819
138.736 -17.3316 3.36945
138.694 -17.4475 3.36677
138.609 -17.3411 3.3664
138.659 -17.4439 3.36992
138.682 -17.3233 3.36627
138.605 -17.2968 3.36312
138.662 -17.4195 3.36495
138.638 -17.4089 3.36311
138.652 -17.4045 3.36757
138.65 -17.3752 3.37016
138.875 -17.3664 3.36628
138.726 -17.3572 3.36768
138.702 -17.322 3.36741
138.654 -17.343 3.36991
138.712 -17.3373 3.3721
138.684 -17.3857 3.36603
138.688 -17.3584 3.3668
138.792 -17.2714 3.36896
138.659 -17.351 3.36746
138.627 -17.4828 3.36977
138.667 -17.4311 3.36738
138.638 -17.4268 3.36797
138.611 -17.487 3.36883
138.64 -17.3089 3.36943
138.591 -17.2432 3.36921
138.655 -17.3423 3.36703
138.661 -17.4789 3.3644
138.693 -17.4636 3.36587
138.747 -17.4478 3.36864
138.777 -17.4597 3.36728
138.787 -17.3917 3.3648
138.604 -17.391 3.36406
138.687 -17.3877 3.36945
138.556 -17.4501 3.36722
138.51 -17.4251 3.36277
138.648 -17.4266 3.36666
138.803 -17.4197 3.36751
138.598 -17.445 3.36585
138.74 -17.3869 3.36814
138.715 -17.4664 3.3656
138.679 -17.4355 3.36761
138.846 -17.5195 3.36846
138.772 -17.3423 3.3655
138.807 -17.3321 3.37007
138.629 -17.3544 3.36736
138.659 -17.3589 3.37046
138.713 -17.5209 3.37111
138.795 -17.4412 3.37167
138.582 -17.4345 3.36575
138.639 -17.4398 3.36673
138.746 -17.4036 3.36715
138.738 -17.2634 3.37131
138.715 -17.4593 3.3699
138.663 -17.5462 3.37294
138.625 -17.4204 3.36726
138.678 -17.3182 3.3679
138.61 -17.3119 3.36795
138.746 -17.3244 3.36727
138.624 -17.5153 3.36986
138.742 -17.4247 3.37044
138.71 -17.3956 3.36681
138.618 -17.4565 3.36608
138.739 -17.4526 3.36697
138.671 -17.4066 3.36825
138.566 -17.3987 3.36809
138.693 -17.4336 3.36621
138.621 -17.3067 3.3664
138.594 -17.3307 3.36704
138.72 -17.397 3.36511
138.713 -17.3715 3.36354
138.576 -17.2728 3.37135
138.734 -17.4931 3.36746
138.634 -17.2861 3.36575
138.804 -17.2716 3.36844
138.657 -17.2865 3.36577
138.728 -17.4497 3.36989
138.757 -17.3555 3.36868
138.649 -17.4091 3.36589
138.745 -17.3509 3.36816
138.658 -17.3275 3.36661
138.822 -17.2957 3.37274
138.739 -17.348 3.36509
138.658 -17.2961 3.36719
138.677 -17.4983 3.3677
138.728 -17.3926 3.36173
138.655 -17.4191 3.36914
138.669 -17.363 3.36933
138.557 -17.239 3.36771
138.624 -17.3362 3.37047
138.597 -17.3519 3.36852
138.629 -17.5312 3.36911
138.582 -17.3544 3.37127
138.596 -17.4199 3.368
138.842 -17.3251 3.36823
138.761 -17.4081 3.36607
138.801 -17.3321 3.3668
138.684 -17.5293 3.36853
138.652 -17.5519 3.36864
138.636 -17.5327 3.36929
138.722 -17.3588 3.36682
138.642 -17.4476 3.36738
138.784 -17.4364 3.36975
138.724 -17.4059 3.36684
138.749 -17.3782 3.36614
138.748 -17.3702 3.36964
138.805 -17.3903 3.36728
138.552 -17.3824 3.35967
138.617 -17.3561 3.36388
138.715 -17.5139 3.37097
138.863 -17.318 3.36567
138.635 -17.3872 3.36508
138.622 -17.2167 3.36698
138.763 -17.4415 3.36564
138.695 -17.4524 3.36451
138.654 -17.5196 3.36966
138.784 -17.4095 3.36877
138.663 -17.4971 3.36821
138.748 -17.4053 3.36659
138.669 -17.3843 3.37023
138.655 -17.4414 3.36531
138.81 -17.4981 3.36921
138.645 -17.3962 3.36861
138.584 -17.4887 3.36516
138.801 -17.3977 3.36945
138.75 -17.458 3.37413
138.707 -17.3866 3.36604
138.887 -17.4714 3.36906
138.708 -17.5318 3.36902
138.693 -17.485 3.36432
138.657 -17.3901 3.36701
138.66 -17.3006 3.36625
138.73 -17.3823 3.36501
138.74 -17.3879 3.36768
138.849 -17.3285 3.37109
138.722 -17.3982 3.36889
138.756 -17.3487 3.36988
138.756 -17.4582 3.3669
138.703 -17.2779 3.36564
138.69 -17.3732 3.37011
138.663 -17.4643 3.3663
138.702 -17.3653 3.36627
138.762 -17.3615 3.36756
138.663 -17.4105 3.36961
138.639 -17.4242 3.36545
138.661 -17.4028 3.37061
138.662 -17.4847 3.36433
138.794 -17.3692 3.36833
138.814 -17.4081 3.36707
138.534 -17.3971 3.36446
138.603 -17.3958 3.36541
138.633 -17.4555 3.36951
138.795 -17.4009 3.37163
138.636 -17.356 3.36829
138.678 -17.3726 3.36544
138.721 -17.4281 3.36927
138.716 -17.4522 3.3708
138.724 -17.4095 3.36902
138.623 -17.4384 3.36894
138.626 -17.4663 3.36768
138.894 -17.4775 3.36814
138.702 -17.3843 3.36803
138.846 -17.3743 3.37241
138.603 -17.4565 3.36627
138.601 -17.4209 3.36595
138.631 -17.4326 3.36194
138.651 -17.3821 3.36695
138.769 -17.4017 3.36763
138.756 -17.4044 3.36968
138.625 -17.3697 3.36866
138.733 -17.4319 3.36795
138.626 -17.4389 3.36999
138.792 -17.3873 3.36497
138.799 -17.4643 3.36631
138.7 -17.3869 3.36954
138.642 -17.446 3.36628
138.612 -17.4782 3.36589
138.632 -17.5277 3.3709
138.83 -17.4511 3.36858
138.796 -17.3206 3.3679
138.631 -17.309 3.36434
138.7 -17.4249 3.37011
138.756 -17.4116 3.36767
138.587 -17.3247 3.36602
138.691 -17.4475 3.36554
138.717 -17.404 3.36955
138.623 -17.3054 3.3696
138.715 -17.4279 3.3692
138.63 -17.4046 3.36497
138.81 -17.4234 3.36953
138.754 -17.3388 3.37197
138.673 -17.3149 3.36923
138.69 -17.4271 3.36712
138.669 -17.3334 3.37237
138.682 -17.2961 3.37094
138.646 -17.4171 3.3692
138.731 -17.3834 3.36864
138.662 -17.3443 3.36532
138.809 -17.471 3.36375
138.765 -17.4493 3.36527
138.789 -17.3637 3.36911
138.609 -17.4011 3.37217
138.684 -17.4429 3.36831
138.702 -17.4428 3.36825
138.56 -17.4096 3.36765
138.832 -17.4324 3.36801
138.76 -17.4921 3.36918
138.692 -17.3704 3.36679
138.77 -17.5167 3.37009
138.688 -17.3354 3.36849
138.679 -17.3791 3.36628
138.678 -17.4699 3.36514
138.685 -17.401 3.36514
138.727 -17.5092 3.36849
138.797 -17.3723 3.37107
138.569 -17.4032 3.36647
138.733 -17.5536 3.36337
138.714 -17.3214 3.36465
138.906 -17.4952 3.37006
138.669 -17.4182 3.36738
138.65 -17.4682 3.3644
138.694 -17.4806 3.3672
138.744 -17.3807 3.36641
138.727 -17.3732 3.36812
138.801 -17.4674 3.37354
138.781 -17.4093 3.36839
138.742 -17.4091 3.3714
138.714 -17.3379 3.36934
138.675 -17.3102 3.36708
138.639 -17.4786 3.37056
138.729 -17.5406 3.37056
138.716 -17.4633 3.36761
138.629 -17.2643 3.36486
138.797 -17.389 3.36823
138.548 -17.4085 3.36405
138.763 -17.3583 3.36706
138.7 -17.411 3.36682
138.666 -17.3792 3.36566
138.666 -17.3843 3.37355
138.826 -17.4654 3.36989
138.752 -17.4779 3.3709
138.722 -17.3931 3.36616
138.712 -17.296 3.36574
138.717 -17.4126 3.36933
138.755 -17.3436 3.36666
138.752 -17.4579 3.37109
138.687 -17.4095 3.36949
138.725 -17.4735 3.36819
138.692 -17.3439 3.36573
138.711 -17.3552 3.36532
138.753 -17.3118 3.37082
138.851 -17.3195 3.36524
138.665 -17.4477 3.37139
138.599 -17.3263 3.36641
138.65 -17.3856 3.36715
138.697 -17.4739 3.36868
138.626 -17.4386 3.36597
138.66 -17.356 3.36525
138.706 -17.3328 3.36303
138.66 -17.3897 3.36995
138.797 -17.3507 3.3663
138.638 -17.3158 3.36359
138.749 -17.347 3.36735
138.784 -17.346 3.36794
140.519 -16.962 3.36018
