164.887 22.3255 0.0803514
164.792 22.3945 0.0776176
164.918 22.3485 0.07839
164.902 22.3319 0.0796306
164.928 22.3598 0.0827744
164.996 22.4893 0.0772105
164.923 22.3673 0.0776965
164.933 22.3507 0.0816231
164.923 22.3416 0.079863
164.916 22.3182 0.0785039
164.88 22.3879 0.080995
164.963 22.3721 0.0797395
164.963 22.3721 0.0797395
164.909 22.3337 0.0794952
164.881 22.359 0.0787319
164.85 22.3359 0.0798614
164.926 22.31 0.0790028
164.926 22.31 0.0790028
165.014 22.4655 0.0774955
164.826 22.2586 0.0816731
164.939 22.3597 0.0812888
164.931 22.3906 0.0774385
164.856 22.3905 0.0801506
164.909 22.3356 0.0813486
164.899 22.4007 0.0798699
164.924 22.3642 0.0796859
164.835 22.3701 0.0811586
164.892 22.3834 0.0801094
164.965 22.4413 0.0799479
164.844 22.4184 0.0778056
165.01 22.3945 0.0824595
164.855 22.3327 0.080984
164.854 22.361 0.0769389
164.903 22.4102 0.0793405
164.845 22.4325 0.0786068
164.829 22.2877 0.082516
164.847 22.3522 0.0806903
164.875 22.3846 0.0802788
164.866 22.2468 0.0808543
164.919 22.4007 0.0787702
164.855 22.4308 0.0788443
164.908 22.4072 0.0802891
164.895 22.3173 0.0801829
164.859 22.3772 0.08246
165.025 22.3995 0.0759559
164.868 22.4149 0.078933
164.884 22.3263 0.0808902
164.778 22.3004 0.0830852
164.986 22.4471 0.0786203
164.914 22.3829 0.0791445
164.859 22.3535 0.0786076
164.925 22.3689 0.0800408
164.929 22.3931 0.0808458
164.964 22.4026 0.0764021
164.927 22.3611 0.0822433
164.913 22.4539 0.0786629
164.758 22.429 0.0845668
164.896 22.4504 0.0835393
164.863 22.3693 0.0788859
164.854 22.41 0.0805426
164.968 22.3772 0.0785584
164.974 22.36 0.0818882
164.852 22.3886 0.0800411
164.839 22.2954 0.0788449
164.937 22.3958 0.0816533
164.877 22.4235 0.0799459
164.937 22.3289 0.0799873
164.821 22.3918 0.0770286
164.845 22.3307 0.0786324
164.881 22.3289 0.0806184
164.836 22.4271 0.0808044
164.97 22.3771 0.0797675
164.942 22.3794 0.0813656
164.886 22.3244 0.0807349
164.911 22.3109 0.0800304
164.845 22.3442 0.0807477
164.981 22.4053 0.0787281
164.976 22.3264 0.0786537
164.833 22.4359 0.0801092
164.858 22.3586 0.0780606
164.858 22.3586 0.0780606
164.886 22.309 0.0798583
164.887 22.4319 0.0799485
164.841 22.3973 0.0804728
164.875 22.3602 0.0793029
165.01 22.3931 0.0774695
164.965 22.4187 0.0770264
164.903 22.3187 0.0832341
164.964 22.3714 0.0778959
164.893 22.3101 0.0775076
164.905 22.2365 0.0789945
164.918 22.3485 0.07839
164.969 22.3973 0.0804216
164.898 22.4504 0.0808969
164.923 22.3673 0.0776965
164.933 22.3507 0.0816231
164.866 22.3164 0.0814065
164.947 22.3761 0.0791254
164.935 22.3513 0.0806683
164.896 22.4209 0.0808933
164.891 22.4231 0.0793586
164.856 22.3119 0.0781501
164.926 22.31 0.0790028
164.926 22.31 0.0790028
164.807 22.3794 0.0807737
164.846 22.3705 0.0798162
164.846 22.3705 0.0798162
164.92 22.3714 0.0790007
164.931 22.3906 0.0774385
164.974 22.3654 0.0833961
164.899 22.4007 0.0798699
164.881 22.4063 0.0791967
164.892 22.3834 0.0801094
164.85 22.4507 0.0784397
164.939 22.3608 0.0804804
164.977 22.3734 0.0795647
164.977 22.3734 0.0795647
164.928 22.4013 0.0778283
164.885 22.3889 0.0799975
164.903 22.4102 0.0793405
164.955 22.3898 0.0796108
164.966 22.3791 0.0777976
164.946 22.3656 0.0811628
164.946 22.3656 0.0811628
164.97 22.4016 0.0782549
164.888 22.4282 0.0811778
164.866 22.3525 0.0825173
164.898 22.361 0.0786665
164.91 22.3753 0.0782125
164.963 22.3613 0.0803814
164.909 22.3261 0.076053
164.996 22.4045 0.079576
164.969 22.4362 0.079761
164.917 22.4313 0.0808722
164.848 22.409 0.0794204
164.927 22.3582 0.080183
164.927 22.3582 0.080183
164.859 22.3535 0.0786076
164.907 22.417 0.0774203
164.969 22.355 0.0768899
164.914 22.3726 0.0767784
164.927 22.3611 0.0822433
164.888 22.3553 0.0765608
164.894 22.4285 0.0776113
164.834 22.3589 0.0799836
164.852 22.3886 0.0800411
164.973 22.3988 0.0784668
164.839 22.2954 0.0788449
164.801 22.4412 0.0815356
164.937 22.3289 0.0799873
164.854 22.3909 0.0799694
164.913 22.3316 0.077731
164.911 22.2427 0.0822701
164.905 22.4357 0.077026
164.92 22.3968 0.0794312
164.942 22.3794 0.0813656
164.85 22.3057 0.0808009
164.886 22.3244 0.0807349
164.889 22.4268 0.0812022
164.821 22.3915 0.0806713
164.937 22.3318 0.0777211
164.976 22.3264 0.0786537
165 22.4357 0.0789769
164.864 22.3316 0.0797461
164.864 22.3316 0.0797461
164.887 22.4319 0.0799485
164.875 22.3602 0.0793029
165.01 22.3931 0.0774695
164.841 22.3202 0.0787696
164.903 22.3187 0.0832341
164.924 22.3637 0.0781
164.887 22.3255 0.0803514
164.905 22.2365 0.0789945
164.902 22.4786 0.0795167
164.896 22.3485 0.0777931
164.984 22.3847 0.0792897
164.893 22.4058 0.0785368
164.898 22.4504 0.0808969
164.898 22.4504 0.0808969
164.988 22.4442 0.0801264
164.933 22.3507 0.0816231
164.866 22.3164 0.0814065
164.916 22.3182 0.0785039
164.916 22.3182 0.0785039
164.963 22.3721 0.0797395
164.941 22.4176 0.0807894
164.926 22.31 0.0790028
164.904 22.2445 0.0782431
164.826 22.2586 0.0816731
164.826 22.2586 0.0816731
164.778 22.3277 0.0795397
164.908 22.3996 0.0782317
164.974 22.3654 0.0833961
164.854 22.3687 0.0796622
164.892 22.3834 0.0801094
164.939 22.3608 0.0804804
164.977 22.3734 0.0795647
164.968 22.4288 0.0798088
164.882 22.3722 0.0810122
164.966 22.3791 0.0777976
164.901 22.372 0.0810078
164.946 22.3656 0.0811628
164.943 22.4884 0.0787527
164.796 22.2853 0.0805178
164.866 22.3525 0.0825173
164.898 22.361 0.0786665
164.895 22.3173 0.0801829
164.903 22.3764 0.0811267
164.801 22.495 0.0793747
164.81 22.3793 0.0790039
164.894 22.4593 0.077429
164.826 22.3599 0.0806846
164.953 22.4876 0.0791674
164.914 22.2703 0.0800263
164.969 22.355 0.0768899
164.848 22.2832 0.0789012
164.915 22.3245 0.0819285
164.903 22.3934 0.0771553
164.827 22.4085 0.0805742
164.932 22.4305 0.0791832
164.968 22.3772 0.0785584
164.908 22.3605 0.0773143
164.937 22.3289 0.0799873
164.913 22.3316 0.077731
164.881 22.3289 0.0806184
164.905 22.4357 0.077026
164.936 22.3705 0.0751139
164.894 22.4261 0.081179
164.886 22.3244 0.0807349
164.911 22.3109 0.0800304
164.981 22.4053 0.0787281
164.954 22.4054 0.0790617
164.976 22.3264 0.0786537
164.929 22.4106 0.0814507
164.844 22.4158 0.0788189
164.799 22.302 0.081307
164.864 22.3316 0.0797461
164.914 22.3781 0.0801789
164.875 22.3602 0.0793029
165.01 22.3931 0.0774695
164.876 22.3629 0.0804209
164.903 22.3187 0.0832341
164.901 22.4689 0.0797476
164.887 22.3255 0.0803514
164.887 22.3255 0.0803514
164.822 22.3929 0.0783547
164.918 22.3485 0.07839
164.918 22.3485 0.07839
164.918 22.3485 0.07839
164.902 22.3319 0.0796306
164.804 22.385 0.0799403
164.923 22.3673 0.0776965
164.844 22.371 0.0785943
164.923 22.3416 0.079863
164.916 22.3182 0.0785039
164.947 22.3761 0.0791254
164.935 22.3513 0.0806683
164.935 22.3513 0.0806683
164.909 22.3337 0.0794952
164.85 22.3359 0.0798614
164.856 22.3119 0.0781501
164.869 22.2981 0.079727
164.904 22.2445 0.0782431
164.904 22.2445 0.0782431
164.846 22.3705 0.0798162
164.85 22.3566 0.077598
164.836 22.3954 0.0790255
164.939 22.3597 0.0812888
164.856 22.3905 0.0801506
164.818 22.3864 0.0794846
164.864 22.398 0.0776892
164.854 22.3687 0.0796622
164.892 22.3834 0.0801094
164.91 22.322 0.0800948
164.939 22.3608 0.0804804
164.928 22.4013 0.0778283
164.882 22.4169 0.0790311
164.955 22.3898 0.0796108
164.966 22.3791 0.0777976
164.901 22.372 0.0810078
164.901 22.372 0.0810078
164.946 22.3656 0.0811628
164.874 22.4013 0.0765636
164.828 22.3564 0.0825217
164.866 22.3525 0.0825173
164.889 22.3374 0.0784762
164.962 22.4782 0.0792345
164.898 22.361 0.0786665
164.895 22.3173 0.0801829
164.963 22.3613 0.0803814
164.844 22.3901 0.079466
164.917 22.4313 0.0808722
164.986 22.4471 0.0786203
164.895 22.4573 0.0796413
164.907 22.417 0.0774203
164.969 22.355 0.0768899
164.964 22.4026 0.0764021
164.848 22.2832 0.0789012
164.848 22.2832 0.0789012
164.915 22.3245 0.0819285
164.88 22.4116 0.0794518
164.841 22.3667 0.0823925
164.918 22.4011 0.0778247
164.863 22.3693 0.0788859
164.974 22.36 0.0818882
164.947 22.4343 0.0775985
164.973 22.3988 0.0784668
164.973 22.3988 0.0784668
164.937 22.3958 0.0816533
164.839 22.3225 0.0767299
164.913 22.3316 0.077731
164.911 22.2427 0.0822701
164.97 22.3771 0.0797675
164.936 22.3705 0.0751139
164.848 22.4092 0.0790783
164.888 22.3197 0.0779742
164.784 22.3773 0.0803701
164.8 22.335 0.0796193
164.937 22.3318 0.0777211
164.976 22.3264 0.0786537
164.976 22.3264 0.0786537
164.976 22.3264 0.0786537
164.976 22.3264 0.0786537
165 22.4357 0.0789769
164.886 22.309 0.0798583
164.981 22.428 0.0790197
164.886 22.5167 0.0778809
164.889 22.3895 0.0782082
164.935 22.3806 0.0792758
164.965 22.4187 0.0770264
164.903 22.3187 0.0832341
164.924 22.3637 0.0781
164.848 22.4462 0.0797372
164.783 22.3929 0.0772693
164.887 22.3255 0.0803514
164.94 22.4845 0.0780705
164.918 22.3485 0.07839
164.969 22.3973 0.0804216
164.895 22.3719 0.0765798
164.888 22.3729 0.0792389
164.933 22.3507 0.0816231
164.866 22.3164 0.0814065
164.935 22.3513 0.0806683
164.963 22.3721 0.0797395
164.944 22.4197 0.0793659
164.869 22.2981 0.079727
164.899 22.4366 0.0773872
164.826 22.2586 0.0816731
164.92 22.3714 0.0790007
164.939 22.3597 0.0812888
164.856 22.3905 0.0801506
164.825 22.3333 0.0802836
164.939 22.3908 0.0775163
164.924 22.3642 0.0796859
164.881 22.4063 0.0791967
164.91 22.322 0.0800948
164.911 22.4078 0.0800877
164.903 22.423 0.078025
164.855 22.3327 0.080984
164.876 22.4758 0.0831997
164.845 22.4325 0.0786068
164.884 22.3624 0.0803893
164.884 22.3624 0.0803893
164.97 22.4016 0.0782549
164.866 22.2468 0.0808543
164.862 22.4112 0.0798657
164.919 22.4007 0.0787702
164.99 22.4176 0.0770664
164.908 22.4072 0.0802891
164.91 22.3753 0.0782125
164.963 22.3613 0.0803814
164.844 22.3901 0.079466
164.996 22.4045 0.079576
164.884 22.3263 0.0808902
164.865 22.3738 0.0799677
164.986 22.4471 0.0786203
164.914 22.3829 0.0791445
164.973 22.3817 0.0818239
164.925 22.3689 0.0800408
164.904 22.3991 0.0803726
164.89 22.5283 0.0826562
164.927 22.3611 0.0822433
164.915 22.3245 0.0819285
164.899 22.4321 0.0792672
164.949 22.3766 0.0779206
164.932 22.4305 0.0791832
164.968 22.3772 0.0785584
164.968 22.3772 0.0785584
164.973 22.3988 0.0784668
164.937 22.3958 0.0816533
164.913 22.3316 0.077731
164.881 22.3289 0.0806184
164.856 22.4494 0.0812641
164.833 22.4588 0.0807093
164.838 22.3139 0.0783585
164.911 22.2427 0.0822701
164.795 22.3774 0.0827901
164.977 22.4891 0.0812077
164.942 22.3794 0.0813656
164.886 22.3244 0.0807349
164.837 22.4501 0.0795905
164.888 22.3197 0.0779742
164.911 22.3109 0.0800304
164.981 22.4053 0.0787281
164.937 22.3318 0.0777211
164.849 22.3377 0.0795309
164.858 22.3586 0.0780606
164.85 22.2995 0.0765796
164.886 22.309 0.0798583
164.973 22.4851 0.0813239
164.875 22.3784 0.0809465
165.01 22.3931 0.0774695
164.965 22.4187 0.0770264
164.903 22.3187 0.0832341
164.894 22.4158 0.0812071
164.893 22.3101 0.0775076
164.905 22.2365 0.0789945
164.905 22.2365 0.0789945
164.918 22.3485 0.07839
164.984 22.3847 0.0792897
164.893 22.4058 0.0785368
164.857 22.422 0.0765583
164.857 22.422 0.0765583
164.873 22.3889 0.0789627
164.923 22.3416 0.079863
164.84 22.3546 0.0804303
164.947 22.3761 0.0791254
164.963 22.3721 0.0797395
164.881 22.359 0.0787319
164.869 22.2981 0.079727
164.926 22.31 0.0790028
164.899 22.4366 0.0773872
165.014 22.4655 0.0774955
164.846 22.3705 0.0798162
164.846 22.3705 0.0798162
164.92 22.3714 0.0790007
164.931 22.3906 0.0774385
164.908 22.3996 0.0782317
164.888 22.479 0.0827752
164.909 22.3356 0.0813486
164.854 22.3687 0.0796622
164.881 22.4063 0.0791967
164.91 22.322 0.0800948
165.01 22.3945 0.0824595
164.977 22.3734 0.0795647
164.855 22.3327 0.080984
164.854 22.361 0.0769389
164.843 22.4401 0.0777182
164.955 22.3898 0.0796108
164.829 22.2877 0.082516
164.875 22.3846 0.0802788
164.943 22.4884 0.0787527
164.796 22.2853 0.0805178
164.919 22.4007 0.0787702
164.99 22.4176 0.0770664
164.79 22.3586 0.0784281
164.895 22.3173 0.0801829
164.903 22.3764 0.0811267
164.909 22.3261 0.076053
164.884 22.3263 0.0808902
164.884 22.3263 0.0808902
164.95 22.4481 0.0772501
164.948 22.4584 0.0802731
164.986 22.4471 0.0786203
164.894 22.4593 0.077429
164.909 22.4797 0.0795438
164.927 22.3582 0.080183
164.848 22.3477 0.0783223
164.859 22.3535 0.0786076
164.859 22.3535 0.0786076
164.914 22.2703 0.0800263
164.903 22.4501 0.0784779
164.907 22.417 0.0774203
164.969 22.355 0.0768899
164.966 22.4148 0.0820906
164.927 22.3611 0.0822433
164.827 22.333 0.0793115
164.827 22.333 0.0793115
164.915 22.3245 0.0819285
164.949 22.3766 0.0779206
164.968 22.3772 0.0785584
164.947 22.4343 0.0775985
164.973 22.3988 0.0784668
164.937 22.3289 0.0799873
164.913 22.3316 0.077731
164.87 22.3739 0.0774782
164.911 22.2427 0.0822701
164.887 22.3702 0.0773069
164.942 22.3794 0.0813656
164.916 22.3317 0.077864
164.85 22.3057 0.0808009
164.886 22.3244 0.0807349
164.911 22.3109 0.0800304
164.981 22.4053 0.0787281
164.937 22.3318 0.0777211
164.976 22.3264 0.0786537
164.867 22.4157 0.079963
164.833 22.4359 0.0801092
164.85 22.2995 0.0765796
162.923 24.139 0.0904355
164.911 22.387 0.081656
164.862 22.3888 0.0819807
164.891 22.3609 0.0796021
164.918 22.3498 0.0804007
164.856 22.4384 0.0784832
164.852 22.3524 0.0779243
164.959 22.3421 0.0805491
164.911 22.3912 0.0758175
164.824 22.3379 0.0807543
164.939 22.3844 0.0784767
164.934 22.3616 0.0799999
164.913 22.2826 0.0776024
164.856 22.3613 0.0803258
164.868 22.4145 0.0813779
164.804 22.3886 0.0790237
164.886 22.3481 0.0803414
164.804 22.3641 0.0793518
164.881 22.3529 0.0799893
165.04 22.4012 0.0812978
164.96 22.3678 0.0774129
164.925 22.3842 0.0781379
164.899 22.3708 0.0808596
164.912 22.3986 0.0781197
164.896 22.3601 0.0782418
164.838 22.3752 0.0779449
164.799 22.3378 0.0833403
164.925 22.2496 0.0757018
164.932 22.4911 0.0816784
164.921 22.3414 0.0801598
164.894 22.4111 0.0812808
164.844 22.4382 0.0792742
164.806 22.4741 0.0808855
164.82 22.3319 0.0809956
164.964 22.3523 0.0800342
164.961 22.3476 0.0799483
164.837 22.349 0.0791891
164.955 22.4337 0.0775686
164.883 22.3296 0.0797891
164.882 22.3935 0.081336
164.963 22.3847 0.0784892
164.877 22.4764 0.0795566
164.846 22.4595 0.0833571
164.9 22.3894 0.0781526
164.897 22.3894 0.078032
164.84 22.4244 0.0803608
164.922 22.2607 0.0773749
164.921 22.4087 0.0812821
164.892 22.3621 0.0778072
165.005 22.4277 0.076871
164.891 22.3569 0.0812022
164.904 22.3529 0.0796656
164.95 22.3966 0.079655
164.869 22.3879 0.077036
164.828 22.4346 0.079798
164.904 22.3498 0.0823981
164.771 22.4167 0.078365
164.93 22.2674 0.0788205
164.869 22.4074 0.0810261
164.831 22.3878 0.0800693
164.843 22.4294 0.0823333
164.807 22.3192 0.0792419
164.88 22.3421 0.0790719
164.909 22.288 0.0791241
164.905 22.2829 0.0790988
164.895 22.4402 0.0798781
164.983 22.3196 0.0750199
164.988 22.3134 0.0751032
164.925 22.414 0.0823032
164.926 22.3202 0.078074
164.933 22.316 0.0780272
164.922 22.4261 0.0801635
164.915 22.3536 0.0804952
164.864 22.384 0.0801897
164.935 22.4695 0.0781046
164.92 22.3743 0.0832408
164.849 22.3888 0.0789331
164.892 22.3654 0.0808703
164.862 22.3182 0.0781311
164.914 22.28 0.0774641
164.884 22.4342 0.0793554
164.885 22.3496 0.0804685
164.909 22.3796 0.0762127
164.803 22.419 0.079603
164.882 22.3187 0.0836724
165.041 22.4095 0.0813094
164.813 22.3866 0.0780996
164.916 22.4144 0.0784075
164.837 22.3355 0.0769752
164.864 22.3663 0.079267
164.959 22.4143 0.0784101
164.876 22.4688 0.078786
164.936 22.3815 0.0806427
164.94 22.3776 0.0790412
164.9 22.4093 0.081068
164.895 22.383 0.0826331
164.884 22.3758 0.0783486
164.95 22.4323 0.0776932
164.935 22.3514 0.0771169
164.935 22.3566 0.0769288
164.882 22.4106 0.0802868
164.849 22.3993 0.0787111
164.955 22.3805 0.0785615
164.888 22.3604 0.0769196
164.928 22.4255 0.0774846
164.928 22.4262 0.0775298
164.915 22.4675 0.0788168
164.828 22.3078 0.0804506
164.919 22.2625 0.0775885
164.886 22.368 0.077782
164.877 22.2773 0.078162
164.798 22.4373 0.0802714
164.925 22.3591 0.0780209
164.897 22.4755 0.0786131
164.904 22.4126 0.0776077
164.909 22.3485 0.0824152
164.933 22.2627 0.0788993
164.931 22.3548 0.0805127
164.933 22.3516 0.0806709
164.938 22.37 0.0779108
164.939 22.3704 0.0777014
164.857 22.4137 0.0782606
164.906 22.2835 0.0791176
164.944 22.384 0.0767716
164.887 22.388 0.0793919
164.877 22.3026 0.0795397
164.988 22.3212 0.074874
164.975 22.3637 0.0757878
164.906 22.359 0.0804718
164.862 22.3693 0.0812817
164.884 22.3611 0.0793623
164.919 22.3535 0.080543
164.903 22.4159 0.076561
164.922 22.461 0.0818242
164.915 22.3865 0.0759568
164.864 22.3831 0.0768844
164.824 22.3374 0.0807145
164.937 22.3853 0.0783578
164.916 22.2817 0.0774875
164.887 22.4111 0.0764218
164.955 22.3879 0.0779221
164.814 22.3295 0.0779609
164.957 22.4097 0.0800975
164.818 22.3135 0.0808109
164.962 22.3678 0.0775718
164.954 22.3413 0.0805712
164.9 22.3718 0.0808789
164.886 22.4806 0.0798094
164.921 22.3765 0.0802695
164.92 22.4395 0.0838829
164.899 22.352 0.0801645
164.915 22.4126 0.0788768
164.825 22.4019 0.0793223
164.935 22.4753 0.0832562
164.871 22.3552 0.0774461
164.938 22.3755 0.0791183
164.854 22.365 0.0813842
164.803 22.4751 0.0808593
164.965 22.3479 0.0798881
164.967 22.3481 0.0799974
164.937 22.3497 0.0769955
164.911 22.4584 0.0770689
164.919 22.4134 0.079999
164.881 22.3906 0.0813144
164.852 22.3167 0.0818762
164.847 22.3482 0.0775073
164.957 22.3836 0.0786146
164.817 22.3594 0.0814118
164.854 22.2948 0.080919
164.842 22.4253 0.0800909
164.855 22.3721 0.0824113
164.877 22.2772 0.0780256
164.941 22.3933 0.0827397
164.95 22.3967 0.0795966
164.891 22.4801 0.0788306
164.82 22.3721 0.0783589
164.861 22.3629 0.0787453
164.907 22.3478 0.0823541
164.927 22.2695 0.0788374
164.811 22.4433 0.0813646
164.946 22.3677 0.0779237
164.91 22.3144 0.07782
164.814 22.3223 0.0789215
164.912 22.3913 0.0753884
164.906 22.3921 0.0752203
164.894 22.424 0.0797494
164.939 22.3756 0.0767549
164.876 22.4738 0.081209
164.844 22.3426 0.0789479
164.878 22.3036 0.0795839
164.921 22.4069 0.0820817
164.834 22.3194 0.0799591
164.931 22.3184 0.0780444
164.915 22.3539 0.0807787
164.914 22.3508 0.080496
164.903 22.416 0.076997
164.849 22.3479 0.0804951
164.884 22.3449 0.0796284
164.919 22.4341 0.0771224
164.929 22.3611 0.0799195
164.909 22.4297 0.0758849
164.888 22.4328 0.0791605
164.95 22.3848 0.0776838
164.88 22.3776 0.0800793
165.009 22.4264 0.0780067
164.916 22.3789 0.0802978
164.852 22.4058 0.0780483
165.046 22.4044 0.0811658
164.958 22.3707 0.0775199
164.899 22.358 0.0806721
164.917 22.4151 0.0782828
164.924 22.3768 0.0801588
164.902 22.3435 0.0800579
164.941 22.36 0.0790171
164.926 22.2512 0.0757106
164.854 22.3226 0.0807401
164.832 22.3782 0.0790991
164.925 22.3442 0.0801458
164.905 22.4256 0.0806435
164.841 22.3641 0.0806017
164.999 22.3444 0.0767572
165.004 22.3452 0.0769306
164.835 22.3735 0.0772288
164.891 22.3776 0.0782488
164.931 22.3448 0.080951
164.961 22.3453 0.0800262
164.964 22.3511 0.0799791
164.88 22.3279 0.0798844
164.914 22.457 0.0768665
164.85 22.3201 0.0820037
164.842 22.4005 0.0801418
164.879 22.4141 0.0790535
164.898 22.3888 0.0782491
164.918 22.256 0.0775195
164.878 22.2796 0.0780424
164.856 22.386 0.0791804
164.855 22.4621 0.078803
164.878 22.3642 0.0799052
164.846 22.4297 0.0744956
164.876 22.3755 0.0810005
164.929 22.2635 0.078742
164.931 22.3598 0.080726
164.909 22.3152 0.0780499
164.908 22.3111 0.0778796
164.808 22.3151 0.0790289
164.908 22.4045 0.0771962
164.857 22.4128 0.0783905
164.908 22.2819 0.0793206
164.901 22.4758 0.0778102
164.881 22.3073 0.0794285
164.883 22.3074 0.0793721
164.922 22.4169 0.0820719
164.904 22.3551 0.0807294
164.932 22.3293 0.0779098
164.931 22.3163 0.0780497
164.883 22.3569 0.0792979
164.853 22.4411 0.0783437
164.874 22.4043 0.0791148
164.871 22.4054 0.0792699
164.846 22.4329 0.0796998
164.88 22.3476 0.079787
164.824 22.3328 0.0807604
164.91 22.282 0.077515
164.912 22.2794 0.077596
164.895 22.3928 0.0824468
164.987 22.4618 0.0784905
164.953 22.3903 0.0778358
164.797 22.3693 0.0795187
164.978 22.5148 0.0781811
164.96 22.4115 0.0801998
165.039 22.4011 0.0811688
164.98 22.3903 0.082
164.982 22.3889 0.0818539
164.954 22.3359 0.080498
164.813 22.3853 0.0780016
164.907 22.4046 0.0782316
164.929 22.3744 0.0800341
164.905 22.3534 0.0801572
164.823 22.3989 0.0809538
164.802 22.3387 0.0834352
164.932 22.37 0.0791078
164.855 22.3171 0.0807125
164.911 22.4158 0.0792425
164.921 22.3434 0.0802906
164.922 22.3404 0.0801269
164.94 22.3675 0.079126
164.853 22.3649 0.0812467
164.893 22.4163 0.081296
164.82 22.424 0.0804151
164.834 22.376 0.0812345
164.932 22.3497 0.0811132
164.857 22.3893 0.0805007
164.874 22.3795 0.0782185
165.032 22.3822 0.0824962
164.891 22.3854 0.0791108
164.96 22.4336 0.07762
164.895 22.4953 0.080797
164.874 22.441 0.077375
164.863 22.4232 0.0828602
164.931 22.4264 0.0776783
164.962 22.5116 0.0780903
164.899 22.3823 0.0780084
164.926 22.3441 0.0846488
164.874 22.2787 0.0779784
164.891 22.3566 0.0812304
164.901 22.3516 0.0797104
164.898 22.354 0.0796973
164.796 22.4271 0.0816461
164.777 22.3416 0.0769724
164.894 22.3727 0.0789996
164.908 22.3368 0.0785814
164.928 22.2682 0.0786101
164.927 22.2665 0.0789215
164.937 22.3513 0.0805828
164.939 22.3689 0.0777337
164.909 22.3106 0.0778509
164.904 22.4008 0.0770268
164.906 22.284 0.079044
164.89 22.3932 0.0794712
164.87 22.4047 0.0807616
164.89 22.404 0.0811203
164.896 22.3576 0.0807745
164.93 22.3204 0.0779973
164.862 22.3753 0.0811711
164.883 22.3592 0.0792773
164.917 22.3562 0.0807506
164.874 22.4041 0.0792799
164.93 22.3687 0.0828522
164.877 22.3466 0.0796461
164.892 22.3755 0.0810353
164.866 22.313 0.0780321
164.896 22.3918 0.0823317
164.984 22.4547 0.0782882
164.923 22.4409 0.0779296
164.841 22.4273 0.0779695
164.902 22.5032 0.0777295
164.879 22.3546 0.0799355
164.763 22.4107 0.079685
164.915 22.4587 0.0837076
164.954 22.3335 0.0806758
164.91 22.5127 0.0784588
164.851 22.4609 0.0803198
164.91 22.401 0.0783233
164.841 22.3362 0.0770808
164.889 22.3634 0.0783163
164.845 22.3775 0.0833611
164.939 22.3534 0.0770391
164.955 22.4168 0.0782317
164.909 22.4121 0.0787282
164.907 22.4099 0.0788805
164.936 22.4285 0.0784466
164.875 22.3514 0.0773627
164.898 22.3381 0.0772365
164.901 22.3444 0.0773255
164.906 22.3458 0.0773095
164.835 22.3789 0.0770423
164.931 22.346 0.0808738
164.835 22.3458 0.078989
164.852 22.3955 0.0784551
164.915 22.3819 0.0799153
164.883 22.4014 0.081238
164.868 22.4194 0.075825
164.819 22.4127 0.0816706
164.873 22.4677 0.0797903
164.843 22.2996 0.0808435
164.853 22.3738 0.0824312
164.932 22.3464 0.0844691
164.876 22.271 0.0782654
164.877 22.2759 0.0780639
164.893 22.3664 0.081342
164.849 22.3609 0.0750837
164.903 22.3518 0.0796756
164.923 22.3579 0.0779452
164.951 22.3921 0.0798493
164.896 22.3842 0.0781614
164.873 22.3715 0.0813569
164.929 22.2651 0.0788459
164.923 22.2616 0.0787322
164.931 22.2698 0.0787841
164.913 22.3107 0.0778543
164.859 22.4616 0.0825058
164.91 22.2833 0.0789592
164.829 22.3582 0.0800873
164.982 22.3191 0.0751652
164.916 22.3913 0.0818253
164.873 22.4502 0.0776022
164.861 22.3957 0.0819904
164.911 22.3905 0.0763773
164.885 22.3625 0.0793832
164.918 22.35 0.0803911
164.826 22.4626 0.0787123
164.855 22.4276 0.0795692
164.849 22.4257 0.0789491
164.796 22.4374 0.0809147
164.862 22.3855 0.0768815
164.931 22.3843 0.078385
164.864 22.404 0.0784199
164.884 22.3506 0.0802923
164.915 22.3767 0.0761912
164.832 22.3985 0.0765102
165.006 22.4191 0.0778125
164.915 22.38 0.080405
165.042 22.3992 0.0813385
164.957 22.5064 0.0781362
164.958 22.3701 0.0773483
164.961 22.4363 0.0777556
164.922 22.3703 0.0802044
164.924 22.3779 0.0800885
164.933 22.3442 0.0770166
164.839 22.3714 0.0779907
164.808 22.3404 0.0835994
164.963 22.4183 0.0785245
164.92 22.2446 0.07585
164.927 22.2481 0.0757693
164.893 22.4092 0.0785349
164.912 22.4142 0.0791787
164.945 22.3668 0.0789932
164.86 22.361 0.0812846
165.003 22.3495 0.0771069
164.947 22.3866 0.0769433
164.853 22.3898 0.0786535
164.96 22.3468 0.0799489
164.933 22.3536 0.0769873
164.856 22.404 0.0786411
164.884 22.3922 0.0813345
164.902 22.3986 0.0791786
164.798 22.3488 0.0815168
164.901 22.3872 0.0780313
164.84 22.4214 0.0769043
164.845 22.2976 0.0809017
164.922 22.2678 0.0774452
164.921 22.2617 0.0773824
164.957 22.2815 0.0732648
164.878 22.2777 0.0782453
164.923 22.3975 0.0800503
164.896 22.3564 0.0796229
164.902 22.3558 0.0795726
164.856 22.4668 0.0788632
164.82 22.3815 0.0764752
164.906 22.4192 0.077635
164.903 22.3517 0.0824171
164.898 22.3367 0.0787435
164.93 22.3485 0.0804056
164.909 22.3135 0.077884
164.908 22.3164 0.0778686
164.876 22.3403 0.079083
164.91 22.2821 0.0789435
164.88 22.3065 0.0794057
164.985 22.3195 0.0750606
164.895 22.4024 0.0810009
164.915 22.4259 0.0802343
164.908 22.3591 0.0807412
164.809 22.4009 0.079255
164.952 22.4282 0.0801988
164.946 22.4445 0.0774282
164.956 22.3435 0.0804442
164.897 22.3739 0.0787334
164.926 22.3644 0.0799246
164.936 22.3623 0.0798483
164.861 22.3185 0.0780747
164.897 22.393 0.0822502
164.881 22.3444 0.0816555
164.883 22.3508 0.0802672
164.887 22.3487 0.0803306
164.924 22.4427 0.0779789
164.881 22.3549 0.0798299
164.817 22.3163 0.0807183
164.971 22.3901 0.0817326
164.961 22.3641 0.0773988
164.903 22.3569 0.0807231
164.89 22.4816 0.0797012
164.838 22.3348 0.0770567
164.92 22.436 0.0839805
164.838 22.4978 0.0780464
164.935 22.346 0.0770527
164.926 22.2521 0.075663
164.888 22.4171 0.0785295
164.87 22.3519 0.0775622
164.937 22.3711 0.0791311
165.003 22.3457 0.0768653
164.837 22.3783 0.0769852
164.81 22.4505 0.0794439
164.797 22.4094 0.0848709
164.856 22.436 0.0776438
164.929 22.3468 0.0810999
165.037 22.3809 0.082417
164.881 22.3314 0.0800464
164.912 22.3826 0.0798452
164.912 22.4083 0.0793204
164.847 22.3504 0.0774971
164.959 22.3817 0.0785047
164.954 22.3784 0.0784683
164.847 22.4039 0.0800159
164.861 22.3511 0.0821383
164.902 22.3923 0.0781251
164.9 22.4215 0.0796145
164.922 22.2586 0.077573
164.864 22.4105 0.0786446
164.879 22.4669 0.0765322
164.855 22.3827 0.0791648
165.182 24.0729 0.0831773
164.913 22.2918 0.0788645
164.941 22.2743 0.0769466
164.927 22.3939 0.0780363
164.831 22.3984 0.080042
164.89 22.3432 0.0872677
164.852 22.3413 0.0804249
164.879 22.3331 0.0783721
165.006 22.4172 0.0768525
164.919 22.3996 0.0801045
164.945 22.3459 0.0796065
164.851 22.3044 0.0805218
164.853 22.3839 0.0812211
164.817 22.4448 0.0771515
164.994 22.3746 0.0774275
164.99 22.3784 0.077428
164.935 22.353 0.0795273
164.904 22.352 0.0813057
164.833 22.3416 0.0779003
164.98 22.2701 0.0764842
164.958 22.3921 0.0811056
164.944 22.337 0.0794299
164.946 22.3444 0.0795085
164.795 22.3859 0.0790013
164.946 22.3608 0.0857363
164.908 22.3882 0.0811377
164.935 22.3738 0.080403
164.808 22.2855 0.0790444
164.832 22.1977 0.080069
164.868 22.3624 0.0795519
164.979 22.3696 0.0804275
164.97 22.3507 0.0787574
164.976 22.3796 0.0781426
164.937 22.3891 0.0770113
164.88 22.3723 0.0807268
164.884 22.353 0.0786645
164.924 22.3081 0.0788083
164.933 22.3978 0.076793
165.001 22.4048 0.0768199
164.902 22.3369 0.0772009
164.901 22.3368 0.0770953
164.922 22.4215 0.0784395
164.918 22.4313 0.0799692
164.899 22.3642 0.0796457
164.909 22.4651 0.0788692
164.981 22.357 0.0780192
164.923 22.3857 0.0776173
164.963 22.4006 0.081652
164.987 22.3392 0.0794769
164.991 22.3597 0.0788995
164.999 22.3957 0.0806869
164.976 22.3388 0.0816592
164.884 22.4088 0.0793141
164.934 22.4061 0.0812169
164.906 22.4039 0.0784873
164.877 22.3727 0.0796374
164.886 22.269 0.0794827
164.937 22.2543 0.0803461
164.937 22.2524 0.0802682
164.862 22.4084 0.0796571
164.873 22.3681 0.0791999
164.973 22.3435 0.0768803
164.897 22.434 0.0780973
164.938 22.316 0.0760818
164.889 22.3443 0.0805731
164.964 22.4177 0.0808857
164.941 22.2709 0.077007
164.951 22.3706 0.0807648
164.955 22.3674 0.080906
164.954 22.363 0.0809112
164.938 22.3872 0.0811254
164.915 22.3347 0.0773845
164.913 22.3297 0.0774602
164.938 22.3595 0.0793203
164.896 22.2963 0.0782689
164.923 22.398 0.0801747
164.942 22.3462 0.0796901
165.029 22.3704 0.0782092
165.029 22.3706 0.0780073
164.867 22.3979 0.0772993
164.97 22.3693 0.0758562
164.935 22.3546 0.0795141
164.871 22.4403 0.079359
164.926 22.3203 0.0771358
164.98 22.2691 0.0765523
164.972 22.2653 0.0766003
164.864 22.3919 0.0793624
164.949 22.3782 0.0799064
164.946 22.3397 0.079067
164.918 22.4275 0.0783717
164.936 22.3183 0.0805173
164.909 22.3905 0.0812548
164.904 22.4221 0.0796245
164.788 22.2857 0.0796792
164.866 22.3789 0.0787955
164.809 22.2874 0.0791193
164.83 22.2003 0.0799612
164.864 22.3896 0.0815125
164.902 22.3986 0.0790957
164.969 22.3488 0.0788065
164.921 22.3996 0.0811105
164.88 22.3956 0.0801174
165.014 22.3379 0.0815134
164.914 22.4111 0.0806669
164.922 22.309 0.0789184
164.902 22.2821 0.0783985
164.907 22.2765 0.07844
164.9 22.4418 0.0808413
164.94 22.316 0.0814449
164.757 22.4139 0.0809939
164.885 22.4293 0.081303
164.922 22.3723 0.0798107
164.899 22.3654 0.0797117
164.919 22.3277 0.0773482
164.918 22.3289 0.07748
164.989 22.3933 0.0737669
165.004 22.3607 0.0784617
164.996 22.3342 0.0791898
164.976 22.3373 0.0818965
164.896 22.2729 0.0750678
164.843 22.3985 0.0811067
164.873 22.4633 0.0803129
164.916 22.4292 0.0788977
164.931 22.2522 0.0803791
164.898 22.3408 0.0824212
164.911 22.3709 0.0792117
164.97 22.3365 0.0769416
164.95 22.4372 0.0798012
164.942 22.3726 0.0744403
164.884 22.3886 0.0805722
164.883 22.3369 0.0805994
164.914 22.2926 0.0788899
164.937 22.4289 0.0778906
164.939 22.2706 0.077177
164.953 22.3713 0.0807974
164.957 22.3682 0.0808469
164.896 22.3197 0.0787847
164.935 22.3871 0.0812707
164.852 22.3385 0.0804653
164.958 22.4064 0.0826936
165.009 22.4125 0.0768802
164.898 22.2919 0.0783861
164.942 22.3434 0.0795279
165.029 22.3672 0.0781036
164.948 22.4013 0.0779497
164.813 22.3854 0.0807983
164.885 22.3589 0.0789244
164.911 22.3676 0.0804635
164.93 22.3256 0.0770361
164.961 22.3882 0.0811813
164.946 22.3439 0.0792886
164.94 22.3151 0.0806824
164.936 22.368 0.079745
164.906 22.3893 0.0812409
164.823 22.3716 0.0791947
164.908 22.3608 0.0854088
164.809 22.2863 0.07903
164.936 22.3891 0.0796038
164.814 22.3174 0.0783328
164.866 22.3825 0.0814492
164.906 22.318 0.0762367
164.814 22.3526 0.0769661
164.969 22.3539 0.0789599
164.967 22.3508 0.0786523
164.87 22.3488 0.0795666
164.875 22.398 0.0795098
165.011 22.3475 0.081664
164.851 22.4056 0.0814164
164.902 22.369 0.0801383
164.866 22.4243 0.0832983
164.97 22.3983 0.076499
164.904 22.4281 0.0812221
164.891 22.4435 0.0808676
164.865 22.2574 0.0778999
164.837 22.3847 0.0806771
164.853 22.4205 0.0788386
164.933 22.3304 0.0754777
164.982 22.3559 0.0779407
165.009 22.3643 0.0783328
164.987 22.3366 0.0792396
164.988 22.3372 0.0793986
164.973 22.3375 0.0815096
164.895 22.2705 0.0752292
164.932 22.3233 0.0785174
164.962 22.3805 0.0785983
164.941 22.426 0.0787847
164.882 22.266 0.0792355
164.883 22.269 0.0794801
164.938 22.2514 0.080372
164.86 22.4146 0.0797755
164.909 22.3442 0.0780381
164.871 22.3746 0.0790678
164.905 22.3577 0.0780206
164.804 22.3603 0.0788429
164.935 22.3207 0.0762928
164.811 22.4137 0.07751
164.88 22.397 0.0795977
164.908 22.353 0.0789309
164.939 22.4372 0.0799449
164.914 22.4132 0.0788663
164.914 22.4277 0.0775682
165.009 22.3493 0.0772216
164.827 22.2952 0.0782014
164.762 22.4294 0.0798323
164.958 22.4082 0.0825
164.954 22.4072 0.0813964
164.884 22.3364 0.0781702
164.941 22.3632 0.0791525
164.891 22.2909 0.0781669
164.891 22.2987 0.0782117
164.901 22.3247 0.0822292
164.921 22.3284 0.0754463
165.03 22.3715 0.0779616
165.032 22.3684 0.0780645
164.902 22.4046 0.0799276
164.983 22.3748 0.0758685
164.896 22.3401 0.0769667
164.988 22.384 0.0774294
164.932 22.3534 0.0795249
164.882 22.4072 0.0803424
164.906 22.4172 0.0819849
164.904 22.4171 0.0822266
164.958 22.3886 0.0788528
164.957 22.39 0.0788471
164.953 22.3882 0.0787795
164.959 22.3862 0.078837
164.786 22.4072 0.0799029
164.976 22.2687 0.0764909
164.861 22.3956 0.0792749
164.941 22.3728 0.0798235
164.945 22.3398 0.0791339
164.942 22.3203 0.0803023
164.965 22.4444 0.078243
164.931 22.3726 0.0806681
164.994 22.406 0.0779524
164.87 22.3304 0.0792777
164.808 22.2837 0.0791135
164.807 22.2855 0.0790491
164.826 22.196 0.0800677
164.824 22.2011 0.0800416
164.795 22.3993 0.0801603
164.927 22.469 0.0797824
164.828 22.4307 0.0801738
164.829 22.5193 0.0792694
164.97 22.3816 0.078296
164.876 22.4079 0.0788381
165.015 22.3342 0.0816413
164.88 22.3691 0.0807023
164.914 22.4059 0.0805458
164.917 22.3029 0.0789338
164.899 22.4236 0.0811442
164.903 22.337 0.0807087
164.91 22.2863 0.078442
164.905 22.2789 0.0784351
164.867 22.2623 0.0778908
164.789 22.3239 0.0775072
164.901 22.3889 0.0784331
164.903 22.3532 0.0770601
165.001 22.3646 0.0783223
164.799 22.3601 0.0779539
164.99 22.3368 0.0792368
164.974 22.3404 0.0818457
164.976 22.338 0.0817172
164.978 22.3377 0.0816132
164.931 22.4064 0.0814077
164.864 22.3104 0.0794043
164.926 22.3587 0.0759098
164.867 22.4113 0.0794807
164.833 22.4049 0.0803229
164.894 22.4024 0.080384
164.954 22.3893 0.0808025
164.85 22.3692 0.0798455
164.83 22.4238 0.0797591
164.885 22.3816 0.0807293
164.877 22.3393 0.0804591
164.911 22.2911 0.0789523
164.94 22.2678 0.0768401
164.934 22.3933 0.0779925
164.895 22.3218 0.078741
164.936 22.3909 0.0810238
164.854 22.3367 0.0804981
164.892 22.3403 0.0784201
164.942 22.359 0.0791849
164.92 22.3966 0.080165
164.844 22.3219 0.0780717
164.921 22.3302 0.0751157
165.035 22.3716 0.0779408
164.866 22.3879 0.0784077
164.81 22.3841 0.0808844
164.921 22.4381 0.0836168
164.939 22.3578 0.0795671
164.87 22.4339 0.0793338
164.927 22.3199 0.0769268
164.978 22.2668 0.0766223
164.943 22.3743 0.0797572
164.938 22.4407 0.0802971
164.936 22.322 0.0803955
164.823 22.3665 0.0792664
164.869 22.3752 0.0788303
164.892 22.4262 0.079152
164.884 22.3345 0.0835776
164.879 22.3321 0.0835389
164.845 22.3402 0.0781509
164.905 22.326 0.0759465
164.811 22.3554 0.0772463
164.979 22.3693 0.0805642
164.866 22.349 0.0796615
164.979 22.46 0.0794326
164.969 22.3801 0.0783076
164.875 22.3929 0.0796049
164.901 22.3095 0.0801503
164.878 22.3713 0.0807154
164.869 22.417 0.0828813
164.921 22.3071 0.0788335
164.904 22.3398 0.0805647
164.907 22.2817 0.0786457
164.867 22.2576 0.0776682
164.923 22.4268 0.0788021
164.891 22.3602 0.0797753
164.93 22.4609 0.0796
164.929 22.4595 0.0797566
164.96 22.3895 0.0815166
164.907 22.4411 0.081935
165.001 22.3601 0.0789166
164.874 22.4362 0.080038
164.796 22.307 0.0821062
164.873 22.3454 0.0798883
164.857 22.3374 0.0799546
164.862 22.3077 0.0792274
164.959 22.3829 0.0784786
164.933 22.365 0.0759696
164.938 22.2505 0.0806109
164.976 22.4224 0.0763011
164.914 22.3666 0.0791204
164.914 22.3635 0.0791108
164.901 22.3604 0.0779845
164.894 22.4316 0.0780568
164.975 22.3968 0.0816881
164.945 22.4401 0.0799174
164.933 22.3192 0.076173
164.843 22.3952 0.0800765
164.886 22.3344 0.0804882
164.933 22.379 0.0766032
164.939 22.2677 0.0770311
165.008 22.3525 0.0772777
164.86 22.4344 0.0794519
164.878 22.3617 0.0774043
164.883 22.3597 0.0774106
164.948 22.4089 0.0813605
164.884 22.3391 0.0783602
164.984 22.3937 0.0783789
164.939 22.3578 0.07915
164.944 22.3455 0.0796028
164.944 22.3425 0.0797977
164.849 22.3216 0.0783809
165.032 22.3692 0.0781377
165.033 22.3702 0.0778663
164.875 22.3419 0.0814424
164.936 22.349 0.0795455
164.901 22.4689 0.0830731
164.871 22.378 0.0789434
164.939 22.3545 0.0760041
164.794 22.4001 0.0801503
164.976 22.2649 0.0764393
164.978 22.2657 0.0765372
164.929 22.397 0.0778797
164.897 22.4425 0.0813308
164.921 22.4313 0.078534
164.946 22.3125 0.080465
164.921 22.4294 0.078615
164.922 22.3745 0.0805976
164.811 22.2901 0.0789269
164.936 22.4034 0.0792579
164.896 22.4172 0.0805219
164.827 22.1975 0.0799246
164.834 22.2004 0.0800955
164.817 22.3218 0.0783406
164.908 22.3226 0.0761433
164.833 22.391 0.0767702
164.984 22.3654 0.0802241
164.969 22.3456 0.0787787
164.965 22.3515 0.0787554
164.973 22.3821 0.078399
164.899 22.3374 0.0745919
164.869 22.3916 0.0795069
164.907 22.3147 0.0801056
164.898 22.3692 0.0798844
164.918 22.3047 0.0789031
164.894 22.4338 0.0810941
164.899 22.3328 0.0771453
164.961 22.3857 0.0799625
164.899 22.4277 0.077936
164.959 22.449 0.0773817
164.927 22.33 0.0754775
164.916 22.3343 0.0774408
164.889 22.4552 0.0824714
164.899 22.4181 0.0812157
164.989 22.3362 0.0794112
165.003 22.3915 0.0805678
164.976 22.3385 0.0819683
164.906 22.404 0.0787747
164.939 22.3177 0.0784283
164.931 22.3638 0.0759077
164.937 22.2506 0.0803824
164.908 22.3442 0.078238
164.788 22.3404 0.0800253
164.907 22.3553 0.0781696
164.839 22.3724 0.076476
164.97 22.3992 0.0817648
164.949 22.4573 0.0778872
164.939 22.3175 0.0762668
164.879 22.3349 0.0806194
164.912 22.2902 0.0788316
164.854 22.4596 0.0829946
164.821 22.3174 0.0776378
164.936 22.3849 0.0812081
164.959 22.3835 0.0782143
164.915 22.3318 0.0775296
165.007 22.4104 0.0768666
164.973 22.4761 0.0786497
164.97 22.4423 0.0793149
164.936 22.4747 0.0796793
164.939 22.3491 0.0797552
164.895 22.3925 0.0755734
164.84 22.4242 0.0796193
165.029 22.3653 0.0780094
164.857 22.3023 0.0802267
164.977 22.3726 0.0756801
164.907 22.4603 0.0773423
164.936 22.3578 0.0794001
164.899 22.3454 0.0814716
164.959 22.3892 0.0788873
164.969 22.2741 0.0767071
164.945 22.3767 0.0798093
164.945 22.3469 0.0796811
164.935 22.3173 0.0803555
164.816 22.3681 0.0793828
164.865 22.3887 0.0773127
164.804 22.2827 0.0790575
164.891 22.3309 0.0836203
164.889 22.416 0.0799657
164.849 22.348 0.078097
164.862 22.3843 0.0770173
164.984 22.3744 0.0804864
164.969 22.3457 0.0787455
164.97 22.3824 0.0784367
164.881 22.3688 0.0834342
164.902 22.3125 0.0800784
164.88 22.3683 0.0808783
164.897 22.3807 0.0800406
164.883 22.3504 0.0786473
164.849 22.4365 0.0823003
165.001 22.4069 0.0770069
164.941 22.3143 0.0813678
164.84 22.3815 0.0807534
164.95 22.4339 0.076027
164.883 22.4275 0.0810692
164.92 22.3968 0.0836118
164.898 22.3882 0.0783073
164.907 22.3514 0.0770941
164.975 22.353 0.0780421
164.922 22.3859 0.0775344
165.012 22.3623 0.0780794
164.966 22.3921 0.0816423
164.88 22.3503 0.0782923
164.997 22.3589 0.0790011
164.995 22.3911 0.0804226
164.992 22.398 0.0805117
164.896 22.2738 0.075108
164.857 22.3385 0.0800347
164.935 22.3213 0.0783849
164.876 22.3836 0.0799343
164.963 22.3778 0.0785346
164.933 22.4283 0.07878
164.93 22.3651 0.0758754
164.936 22.2432 0.0805983
164.913 22.375 0.07904
164.914 22.3601 0.0780294
164.968 22.3374 0.0770355
164.939 22.3984 0.08332
164.957 22.3918 0.0808106
164.769 22.3975 0.082296
164.911 22.2907 0.0788172
164.818 22.3768 0.0816819
164.942 22.271 0.0767321
164.902 22.3209 0.0789673
164.953 22.3769 0.0782494
164.884 22.3387 0.0782425
164.882 22.3319 0.0783522
164.985 22.3913 0.0783788
164.923 22.3982 0.0801065
164.849 22.3249 0.0781142
165.031 22.3689 0.0781509
164.878 22.47 0.078965
164.977 22.3655 0.0758775
164.988 22.3808 0.0773339
164.958 22.3952 0.0760784
164.94 22.3486 0.0796488
164.904 22.3551 0.0811466
164.956 22.3874 0.078992
162.579 27.4309 0.0988798
164.934 22.3539 0.0781489
164.971 22.4352 0.0803711
164.895 22.3186 0.0807324
164.944 22.4049 0.0807582
164.988 22.3906 0.0814145
164.877 22.4011 0.0789227
164.903 22.3882 0.0802623
165.009 22.3908 0.0776253
165.009 22.3893 0.0776005
164.975 22.3713 0.0764923
164.915 22.3807 0.0790766
164.87 22.2592 0.077497
164.92 22.523 0.0799379
164.911 22.3866 0.0815203
164.911 22.289 0.0777462
164.898 22.4269 0.0788904
164.876 22.4555 0.0787167
164.935 22.4204 0.0797084
164.952 22.4163 0.0790071
165.013 22.4325 0.0763362
164.877 22.4424 0.0787979
164.955 22.3529 0.0792654
164.952 22.3606 0.0790756
164.932 22.4054 0.0788674
164.829 22.3237 0.0817631
164.858 22.3317 0.079368
164.858 22.3693 0.0790749
164.992 22.3836 0.0799663
164.985 22.3853 0.0797142
164.855 22.4117 0.0811557
164.863 22.3638 0.0800688
164.974 22.2913 0.0781085
164.864 22.3726 0.0776311
164.951 22.4119 0.0800411
164.899 22.5152 0.0810805
164.94 22.4312 0.0829555
164.947 22.3873 0.0788983
164.973 22.2795 0.078065
164.805 22.3429 0.0792075
164.809 22.331 0.0794367
164.862 22.4621 0.0789921
164.925 22.3481 0.0788625
164.964 22.3735 0.0788031
164.958 22.4168 0.0768224
164.831 22.3478 0.0808095
164.921 22.3352 0.0820052
165.017 22.2696 0.0781062
164.943 22.4127 0.0777118
164.895 22.3608 0.0777285
164.995 22.4094 0.0786661
164.879 22.3788 0.077904
164.967 22.3618 0.0775701
165.014 22.318 0.0775833
164.878 22.3955 0.0787101
164.819 22.3473 0.0807381
164.844 22.4653 0.078939
164.946 22.327 0.0773445
164.999 22.3657 0.0780688
164.868 22.376 0.0792874
165.006 22.3926 0.0775684
164.787 22.3276 0.0783791
164.884 22.3642 0.0787422
164.876 22.4231 0.0794137
164.859 22.2671 0.08021
164.855 22.2659 0.0802703
164.913 22.3472 0.0779909
164.917 22.4127 0.0793817
164.944 22.2975 0.0805688
164.932 22.4225 0.0797308
164.837 22.2716 0.0794802
164.921 22.3468 0.0788679
164.945 22.3139 0.0779158
164.883 22.2772 0.0796394
164.92 22.4525 0.0778606
164.918 22.344 0.078284
164.923 22.364 0.0791545
164.861 22.4094 0.0813122
164.872 22.4681 0.0796059
164.895 22.3762 0.0812339
164.973 22.3224 0.0808388
164.97 22.3137 0.0809319
164.849 22.458 0.0816785
164.869 22.4869 0.0774762
164.927 22.3855 0.0805487
164.987 22.3582 0.0804745
164.943 22.4343 0.0830202
164.894 22.3695 0.078425
164.88 22.3652 0.0774862
164.884 22.3683 0.0774927
164.885 22.3433 0.080398
164.882 22.472 0.0773626
164.925 22.2969 0.0791257
165.016 22.4802 0.0776279
164.992 22.3614 0.0780461
164.989 22.3594 0.0781732
164.885 22.3259 0.0810987
164.896 22.4164 0.0773306
164.849 22.3754 0.079112
164.91 22.4189 0.0804731
164.879 22.3197 0.0782958
165.021 22.2695 0.0780975
164.867 22.3576 0.0790612
164.943 22.4149 0.0778052
164.895 22.3602 0.077702
164.929 22.4332 0.079078
164.916 22.4347 0.0790038
164.971 22.4766 0.0804989
165.014 22.3208 0.0774976
164.828 22.2381 0.083712
164.935 22.5123 0.0789914
164.897 22.362 0.078976
164.835 22.3881 0.0761777
164.934 22.3744 0.078046
164.876 22.4083 0.0790067
164.893 22.4444 0.0810172
164.932 22.3616 0.0798013
164.981 22.5032 0.0777373
164.962 22.3949 0.076229
164.867 22.2556 0.0773986
164.87 22.2567 0.0773127
164.913 22.3504 0.0781353
164.946 22.3038 0.0804816
164.957 22.3948 0.0798478
164.982 22.3755 0.0773251
164.915 22.3436 0.0789108
164.917 22.345 0.07895
164.956 22.3555 0.0790802
164.884 22.2791 0.079652
164.851 22.3336 0.0792979
164.852 22.4041 0.0781992
164.853 22.4081 0.0782017
164.783 22.3684 0.079791
165.036 22.375 0.0810239
164.976 22.2909 0.0781037
164.955 22.4112 0.0799901
164.963 22.3546 0.0787016
164.848 22.3502 0.0782622
164.958 22.4319 0.0827153
164.989 22.3618 0.0804452
164.947 22.3664 0.0757426
164.862 22.3853 0.0792076
164.974 22.279 0.0783152
164.861 22.4504 0.0800251
164.908 22.3598 0.0818777
164.965 22.3764 0.0789151
164.966 22.4122 0.0802722
164.962 22.419 0.0765712
164.884 22.3243 0.0812067
164.912 22.3777 0.0798619
164.924 22.3435 0.0820594
165.014 22.269 0.0781542
164.971 22.4302 0.0802422
164.979 22.4233 0.0802776
164.92 22.3862 0.0806686
164.932 22.4326 0.0790906
164.966 22.3569 0.0777774
164.94 22.2971 0.0774506
165.015 22.3146 0.0776208
165.01 22.3181 0.0776287
165.014 22.3178 0.0775177
164.941 22.437 0.0812465
164.864 22.4377 0.0801665
164.983 22.4056 0.0812548
164.832 22.3861 0.0799108
164.833 22.3834 0.0802341
164.938 22.3723 0.0777803
164.82 22.4035 0.0784594
164.929 22.3674 0.0798038
164.899 22.4317 0.0802589
165.011 22.3858 0.0775553
164.995 22.3969 0.0790542
164.844 22.4878 0.079649
164.918 22.3815 0.0789242
164.915 22.3451 0.0778496
164.914 22.2836 0.077587
164.909 22.3258 0.0772038
164.932 22.4233 0.0798302
164.953 22.4166 0.0789045
164.977 22.3803 0.0772908
164.878 22.4447 0.0785539
164.956 22.3566 0.079101
164.936 22.467 0.0798583
164.906 22.4526 0.0800037
164.917 22.4395 0.0815343
164.92 22.3635 0.079161
165.034 22.3705 0.0808976
164.974 22.3155 0.0806948
164.906 22.4238 0.0768411
164.96 22.3533 0.0786213
164.89 22.3856 0.0794028
164.859 22.4088 0.078398
164.913 22.4015 0.0809368
164.883 22.3394 0.0802409
164.976 22.2801 0.0784905
164.884 22.3681 0.0775436
164.983 22.4735 0.0777676
164.906 22.355 0.0818177
164.924 22.2941 0.0791327
164.928 22.367 0.0791852
164.93 22.366 0.0792231
164.964 22.3732 0.0787661
164.889 22.3214 0.0809453
164.887 22.325 0.0810453
164.831 22.353 0.080402
164.897 22.2993 0.0824018
164.869 22.3899 0.0812421
165.017 22.2692 0.0783096
164.971 22.4228 0.0804345
164.893 22.3247 0.0822463
164.966 22.4416 0.0770372
164.917 22.4235 0.0796289
165.009 22.3196 0.0775349
164.935 22.4234 0.0781024
164.91 22.3785 0.0781921
164.885 22.4161 0.0802511
164.967 22.4256 0.0778283
164.979 22.4023 0.0810759
164.826 22.3823 0.0821235
164.93 22.3743 0.0778375
164.907 22.3879 0.0803107
164.874 22.3732 0.0792758
164.866 22.3738 0.0793672
164.961 22.3502 0.0803761
164.969 22.3846 0.0800167
164.984 22.4174 0.0794436
164.883 22.3612 0.0786526
164.954 22.4705 0.0789669
164.944 22.4087 0.0807236
164.869 22.257 0.0775875
164.867 22.2583 0.0776269
164.912 22.39 0.0813595
164.92 22.4141 0.0796164
164.933 22.4274 0.0797901
164.888 22.3864 0.0804422
164.882 22.3809 0.0805308
164.883 22.3873 0.0802514
164.957 22.354 0.0790757
164.957 22.3543 0.0790762
164.969 22.3713 0.075457
164.915 22.3415 0.079117
164.866 22.4036 0.0812221
164.92 22.3644 0.07907
164.988 22.3817 0.0798556
164.869 22.3565 0.0802025
164.902 22.4256 0.0768085
164.938 22.4318 0.0790206
164.961 22.3554 0.0786869
165.005 22.4146 0.0796879
165.013 22.3742 0.0807652
164.931 22.4523 0.0792875
164.93 22.4519 0.0793849
164.99 22.3581 0.0804787
164.977 22.4628 0.0789375
164.982 22.4616 0.0789952
164.974 22.2808 0.0781763
164.994 22.4293 0.0756237
164.904 22.3546 0.0818509
164.928 22.2905 0.079164
164.809 22.3851 0.0779028
165.012 22.4721 0.077773
164.851 22.4057 0.0810935
164.934 22.4732 0.0807046
164.915 22.3763 0.0797024
164.893 22.4112 0.0774686
164.858 22.5459 0.0800916
164.915 22.4051 0.0801114
164.926 22.3383 0.0820874
164.877 22.3071 0.0782049
165.011 22.2644 0.0782244
164.985 22.4414 0.0828544
164.895 22.3577 0.0776785
164.887 22.3913 0.0817454
164.859 22.3262 0.0814402
164.838 22.3129 0.0807957
165.032 22.3934 0.0787003
164.843 22.3363 0.0763508
164.839 22.4294 0.0787836
164.945 22.3242 0.0773773
164.933 22.3724 0.077979
164.86 22.4085 0.0769527
164.943 22.4505 0.0792492
164.932 22.3649 0.0797376
164.931 22.3644 0.0797998
165.012 22.389 0.077564
165.001 22.3918 0.0790975
164.942 22.3511 0.0779023
164.918 22.3826 0.0788713
164.911 22.3522 0.0779305
164.917 22.3981 0.0792815
164.969 22.4194 0.0779097
164.84 22.2645 0.0793502
164.975 22.3784 0.0770613
164.87 22.4449 0.0787135
164.905 22.3616 0.0785567
164.883 22.2766 0.079744
164.879 22.3069 0.0796223
164.867 22.4106 0.0814281
164.86 22.3761 0.0793371
164.89 22.428 0.0809912
164.97 22.3176 0.0808573
164.957 22.3518 0.0783993
164.892 22.4383 0.080148
164.844 22.5564 0.0798191
164.913 22.3928 0.0809023
164.907 22.3681 0.0833366
164.883 22.3444 0.0801083
164.896 22.3664 0.0782886
164.808 22.3342 0.0791413
164.927 22.2883 0.0794863
164.931 22.3647 0.079212
164.942 22.4773 0.0807934
164.85 22.3706 0.0792182
164.859 22.4707 0.0784873
164.88 22.3149 0.0782233
164.863 22.348 0.0790453
164.936 22.4388 0.0778857
164.927 22.4056 0.0763795
164.922 22.3851 0.0804658
164.806 22.3414 0.0771398
164.838 22.3467 0.0795352
164.967 22.3619 0.0775748
164.939 22.2955 0.0773571
165.015 22.3162 0.0775627
165.015 22.3151 0.077574
165.028 22.3867 0.0786213
165.003 22.4639 0.0790082
164.908 22.3791 0.0825457
164.835 22.3876 0.0799028
164.938 22.4213 0.0769614
165.003 22.3698 0.0780776
164.891 22.4908 0.0792615
165.009 22.3957 0.0775226
164.948 22.4547 0.0802701
164.944 22.3493 0.0774717
164.819 22.341 0.0799175
164.87 22.4243 0.0794057
164.911 22.3904 0.080466
164.827 22.3611 0.0801049
164.943 22.2974 0.0804195
164.975 22.4179 0.0779218
164.949 22.3929 0.0798501
164.959 22.417 0.0790499
164.917 22.346 0.0789252
164.946 22.3135 0.0778725
164.862 22.414 0.077567
164.883 22.3119 0.0794839
164.858 22.3684 0.0791976
165.032 22.368 0.0809844
164.972 22.3212 0.0808962
164.893 22.423 0.0768639
164.958 22.3503 0.0786084
164.927 22.4195 0.0731655
164.845 22.3472 0.0783591
164.89 22.3933 0.0793407
164.832 22.4208 0.0788819
164.983 22.4655 0.0789179
164.883 22.3631 0.0773174
164.892 22.3486 0.0804921
164.923 22.3478 0.0789538
164.93 22.3458 0.0789129
165.012 22.4737 0.0776101
164.964 22.4098 0.0802355
164.829 22.3533 0.0807171
164.926 22.3373 0.0819231
164.792 22.3761 0.0804383
165.019 22.2711 0.0782302
165.013 22.2698 0.0782675
165.019 22.2677 0.0782393
164.926 22.3874 0.0805701
164.894 22.3871 0.0815926
164.918 22.4287 0.0797353
164.843 22.3194 0.0807361
165.013 22.3207 0.0773591
164.879 22.4003 0.0788134
164.886 22.4211 0.0805522
164.896 22.3196 0.080474
165 22.4981 0.0791377
164.975 22.3871 0.081427
165.002 22.3707 0.0782294
164.931 22.3572 0.0780381
164.873 22.3727 0.0793877
164.967 22.3545 0.0800649
164.927 22.3438 0.0786232
164.972 22.3876 0.0798038
164.971 22.3887 0.079803
164.978 22.3732 0.076546
164.98 22.3668 0.0766791
164.881 22.3605 0.0763804
164.822 22.4552 0.0796009
164.917 22.3993 0.0789988
164.94 22.2988 0.0806138
164.832 22.2716 0.0793778
165 22.437 0.0763283
164.851 22.3847 0.0779602
164.945 22.3083 0.0779484
164.854 22.3327 0.0792946
164.872 22.3149 0.0793683
164.923 22.3678 0.0790878
164.97 22.4717 0.0781022
164.897 22.381 0.0811871
164.977 22.29 0.078053
164.973 22.2927 0.0781647
164.946 22.3616 0.0755142
164.943 22.3677 0.0755217
164.937 22.4342 0.0788172
164.879 22.483 0.0775746
164.931 22.4494 0.0795002
164.914 22.3968 0.0808921
164.86 22.3842 0.0790435
164.971 22.2804 0.0785098
164.84 22.3188 0.0778043
164.802 22.3352 0.0792362
164.928 22.3482 0.0789699
164.93 22.2914 0.0791497
164.927 22.295 0.079207
164.998 22.4187 0.0792031
164.987 22.3538 0.0782939
164.955 22.4185 0.0766625
164.897 22.3193 0.0811097
164.889 22.3166 0.0812598
164.858 22.4163 0.0785367
164.916 22.3739 0.0796719
164.947 22.3996 0.0808763
164.918 22.4056 0.0801172
165.032 22.4451 0.0784506
164.887 22.4019 0.0766399
164.896 22.3819 0.0817769
164.847 22.3995 0.0807223
164.94 22.2968 0.0774941
165.012 22.3174 0.0773818
164.832 22.2268 0.0838306
164.935 22.4294 0.0784503
164.843 22.3352 0.0761248
164.892 22.415 0.0802946
164.999 22.4634 0.079194
164.912 22.3731 0.0823555
164.848 22.3177 0.0832468
164.949 22.3288 0.0773284
164.942 22.4139 0.080759
164.936 22.3727 0.0780011
165.007 22.3744 0.0781373
165.002 22.3732 0.0783141
164.856 22.3798 0.0786888
164.929 22.3334 0.078854
164.895 22.4411 0.0803031
164.968 22.3862 0.0798978
164.994 22.3975 0.0793269
164.997 22.3955 0.0791752
164.878 22.4227 0.0793936
164.913 22.345 0.0777645
165.025 22.449 0.0818905
164.926 22.3907 0.0790981
164.976 22.4181 0.0779419
164.956 22.4184 0.0789826
164.894 22.3635 0.0793036
164.877 22.438 0.0786533
164.96 22.3538 0.0791475
164.841 22.3781 0.0779059
164.933 22.4677 0.079758
164.932 22.4705 0.0798051
164.887 22.2762 0.0796995
164.971 22.3651 0.0753349
164.857 22.3318 0.0796137
164.917 22.3635 0.0790404
164.987 22.3803 0.0798975
164.899 22.3799 0.081255
164.869 22.3562 0.0801627
164.97 22.3169 0.0809287
164.796 22.4798 0.0786546
164.964 22.3529 0.0785639
165.009 22.3732 0.0806326
164.993 22.3609 0.0803254
164.91 22.3935 0.080985
164.972 22.2769 0.0782603
164.909 22.3774 0.0778797
164.882 22.3466 0.0801939
164.964 22.3721 0.0787644
164.99 22.4287 0.0790783
164.968 22.411 0.0803215
164.985 22.3597 0.0780851
164.936 22.473 0.0807876
164.817 22.3504 0.0793422
164.894 22.3044 0.0821313
164.949 22.395 0.0809546
164.824 22.3832 0.0782084
164.93 22.4456 0.0826989
164.92 22.4513 0.0791989
165.017 22.2696 0.078164
164.945 22.4129 0.077836
164.947 22.4094 0.0777433
164.929 22.3983 0.0763036
164.894 22.3283 0.0822657
164.899 22.4909 0.0762623
164.775 22.3891 0.0784489
165.01 22.3162 0.0774583
164.876 22.3956 0.0787202
164.862 22.4289 0.0802577
164.878 22.4312 0.0834152
164.888 22.3183 0.0804556
164.174 18.09 0.0401819
164.895 22.3371 0.0781343
164.935 22.468 0.0792053
164.808 22.3807 0.0792601
164.782 22.4093 0.080612
164.867 22.3228 0.0790311
164.8 22.3968 0.0780987
164.937 22.3908 0.0778351
164.878 22.2529 0.0783012
164.889 22.2968 0.0788014
164.986 22.3873 0.0803646
164.909 22.2616 0.0787981
164.927 22.3561 0.07846
164.954 22.3924 0.0770332
164.908 22.2837 0.0812481
164.906 22.2867 0.0811738
164.967 22.3988 0.080552
164.83 22.3989 0.0814077
165.013 22.3621 0.0780951
165.011 22.3629 0.0777207
165.025 22.333 0.0766291
164.929 22.3461 0.0784924
164.897 22.4488 0.0779155
165.016 22.3348 0.0781234
164.871 22.362 0.0785127
164.865 22.358 0.078799
165 22.3875 0.0836163
164.932 22.266 0.0826037
164.88 22.3457 0.0777119
164.907 22.4188 0.0789118
164.878 22.4328 0.0795801
164.789 22.4345 0.0825262
164.958 22.4638 0.0758957
164.891 22.4035 0.0801863
164.879 22.3837 0.0806828
164.948 22.3375 0.0770782
164.907 22.3719 0.0803243
164.906 22.2729 0.0757157
164.863 22.311 0.080904
164.866 22.369 0.0785204
164.926 22.4194 0.0808277
164.94 22.2878 0.0799462
164.91 22.3963 0.0791399
164.876 22.4888 0.0809935
164.907 22.3085 0.0794678
164.907 22.3764 0.0811516
164.996 22.3286 0.0791062
164.869 22.4101 0.0785727
164.907 22.3585 0.0797922
164.774 22.3668 0.0798053
164.853 22.2475 0.0787961
164.871 22.345 0.0822367
164.951 22.4138 0.0778256
164.983 22.3812 0.0798289
164.996 22.3321 0.0790302
164.929 22.3732 0.0809957
164.854 22.3716 0.0768359
164.844 22.4138 0.0796156
164.914 22.3777 0.0761732
164.986 22.4624 0.0790709
164.91 22.3727 0.0787687
164.91 22.3601 0.0809107
164.835 22.4182 0.0784644
164.91 22.3288 0.0790037
164.917 22.3323 0.0790696
164.889 22.3906 0.078126
164.888 22.3891 0.0781625
164.816 22.395 0.0795922
164.979 22.2619 0.075251
164.882 22.4816 0.0773285
164.932 22.2618 0.0807944
164.933 22.3478 0.0797587
164.891 22.3361 0.0779896
164.921 22.3796 0.0795441
164.978 22.33 0.0817929
164.903 22.3675 0.0796149
164.956 22.378 0.0796378
164.952 22.4626 0.0792137
164.923 22.3969 0.0724288
165.012 22.3586 0.0798516
165.012 22.3539 0.0797915
164.927 22.3359 0.0785757
164.931 22.3951 0.0779102
164.909 22.3995 0.0800348
164.927 22.4473 0.0774998
164.887 22.3324 0.0786015
164.988 22.385 0.0802338
164.952 22.4191 0.0810284
164.852 22.4475 0.0783181
164.929 22.3863 0.0775533
164.998 22.3667 0.08137
164.998 22.3649 0.0812772
164.823 22.399 0.0815138
165.02 22.3324 0.07665
164.934 22.3481 0.0786594
164.929 22.3465 0.078682
164.831 22.3111 0.079165
164.827 22.3134 0.0791722
164.935 22.428 0.0802033
164.845 22.3705 0.0787816
164.825 22.3394 0.07938
164.828 22.3483 0.0794814
164.936 22.262 0.0826588
164.878 22.3433 0.0778831
164.915 22.3556 0.0809904
165.023 22.3768 0.0785909
165.025 22.3713 0.0786359
164.894 22.3711 0.0836139
164.896 22.3746 0.0835989
164.885 22.3923 0.0806727
164.94 22.3305 0.0763568
164.939 22.3571 0.075158
164.892 22.4156 0.0775686
164.9 22.3566 0.0784182
164.887 22.4746 0.078792
164.954 22.3923 0.07868
164.867 22.3122 0.0808903
164.807 22.4183 0.0806773
164.936 22.2945 0.0801584
164.787 22.3751 0.0776566
164.912 22.3547 0.0809517
164.864 22.3338 0.082628
164.905 22.3175 0.0795604
164.886 22.3856 0.0817762
164.998 22.3223 0.0789694
164.995 22.321 0.0790203
165 22.3184 0.0790039
164.913 22.3609 0.0798931
164.94 22.3724 0.0780962
164.859 22.2488 0.0787526
164.811 22.3585 0.080657
164.945 22.4305 0.077782
164.98 22.3818 0.0799962
164.945 22.4446 0.0780893
165 22.3316 0.0787531
164.882 22.3558 0.0823107
164.877 22.3558 0.0822916
164.869 22.3702 0.078476
164.918 22.3737 0.0759843
164.826 22.3441 0.0789499
164.908 22.3608 0.0810784
164.934 22.3363 0.0803105
164.873 22.283 0.0799383
164.919 22.3274 0.0789828
164.893 22.2851 0.0756624
164.979 22.2582 0.0752723
164.974 22.2619 0.0755885
164.888 22.4238 0.0810971
164.933 22.3459 0.0798036
164.965 22.3972 0.0774596
164.975 22.3275 0.0817222
164.851 22.3236 0.0781859
164.956 22.3741 0.0798203
164.953 22.3764 0.0794292
164.949 22.4658 0.0792731
164.809 22.334 0.0804247
165.013 22.355 0.079977
164.929 22.3297 0.0787623
164.885 22.4048 0.0788683
164.876 22.2572 0.0784396
164.888 22.3319 0.0785061
164.942 22.3774 0.0763602
164.988 22.3909 0.0804344
164.909 22.2633 0.0788195
164.906 22.3316 0.0773228
164.957 22.3942 0.0771099
164.941 22.3792 0.081132
164.913 22.2847 0.0813528
164.932 22.3994 0.081735
164.966 22.3088 0.0763951
165.018 22.3328 0.0767003
164.866 22.347 0.0765236
164.969 22.388 0.0762744
164.849 22.38 0.081596
165.015 22.3332 0.0782463
164.909 22.2926 0.084526
164.83 22.3447 0.0795605
164.934 22.2689 0.0825909
164.911 22.4232 0.0789884
164.873 22.4339 0.0793532
165.029 22.3771 0.0786269
164.965 22.4108 0.0810938
164.984 22.3813 0.0800063
164.988 22.3803 0.0800231
164.94 22.3655 0.0780098
164.938 22.3241 0.0763561
164.947 22.3375 0.0770083
164.885 22.4106 0.0774334
164.901 22.3702 0.0803805
164.957 22.3904 0.0789488
164.921 22.4221 0.0802925
164.879 22.3198 0.0787128
164.916 22.349 0.0807789
164.932 22.4061 0.0774898
165.001 22.4323 0.0769217
164.968 22.4409 0.0757242
164.948 22.4354 0.0772086
164.959 22.4178 0.080685
164.974 22.4014 0.0806796
164.907 22.3555 0.0799228
164.944 22.3753 0.0781195
164.878 22.3099 0.0764293
164.838 22.3655 0.0804324
164.858 22.4076 0.0804759
164.862 22.4078 0.0795109
164.89 22.4232 0.0806783
164.983 22.3867 0.0798919
164.891 22.3815 0.0779833
164.89 22.3844 0.0783087
165.003 22.3309 0.0789768
164.997 22.3324 0.0790043
164.877 22.4153 0.0810151
164.904 22.3353 0.0825715
164.917 22.3806 0.076478
164.862 22.4228 0.0778553
164.959 22.4954 0.0784073
164.9 22.378 0.0789767
164.965 22.3988 0.080443
164.915 22.3303 0.079022
164.917 22.3256 0.0789902
164.902 22.4306 0.0794968
164.888 22.2828 0.0754863
164.981 22.2618 0.0753383
164.928 22.2628 0.0809541
164.933 22.266 0.0810645
164.922 22.346 0.0799318
164.887 22.3314 0.0781545
164.969 22.4703 0.0788286
164.848 22.3249 0.0782382
164.752 22.4379 0.0793252
164.955 22.3781 0.0794684
165.008 22.354 0.079789
164.925 22.3344 0.0782556
164.933 22.3874 0.0780997
164.878 22.2639 0.0784023
164.89 22.2985 0.0786843
164.883 22.3354 0.0784119
164.919 22.3947 0.0795981
164.909 22.2665 0.0787448
164.905 22.262 0.0786979
164.925 22.3592 0.0784011
164.907 22.3272 0.0772634
164.944 22.3808 0.0810334
164.908 22.2849 0.0812476
164.995 22.3672 0.0814849
164.995 22.3685 0.0812511
164.962 22.3992 0.0805829
164.965 22.3007 0.0762554
164.968 22.3056 0.0765066
164.869 22.3955 0.0826203
164.972 22.3941 0.076422
164.936 22.4313 0.0801698
164.911 22.4521 0.0809311
165.002 22.3909 0.0838852
164.925 22.3394 0.0797845
164.925 22.3393 0.0798865
164.933 22.2639 0.08253
164.934 22.2653 0.0827666
164.825 22.3215 0.0779343
164.879 22.4349 0.0793381
165.026 22.3761 0.0786122
164.894 22.4039 0.0803847
164.942 22.3633 0.0779527
164.766 22.3229 0.079001
164.859 22.4044 0.0781004
164.953 22.3372 0.0769497
164.907 22.3453 0.0773605
164.95 22.392 0.0787265
164.805 22.4175 0.080482
164.894 22.3976 0.0792493
164.889 22.3991 0.0791084
164.908 22.3476 0.0807863
164.858 22.3319 0.0785893
165.056 22.4773 0.0802769
164.892 22.3925 0.0816417
164.906 22.3818 0.081312
164.97 22.3883 0.0783683
164.99 22.3162 0.0791886
164.889 22.3823 0.0811851
164.976 22.4012 0.0806443
164.977 22.4052 0.0806638
164.911 22.3559 0.0798665
164.889 22.3927 0.0816735
164.864 22.3486 0.0823904
164.868 22.3523 0.0790939
164.84 22.2931 0.0799664
164.977 22.3819 0.0797167
164.997 22.3278 0.0789382
164.995 22.3297 0.0789883
164.999 22.3342 0.0789092
164.946 22.4064 0.0789245
164.842 22.3356 0.0786753
164.911 22.3856 0.0786223
164.9 22.3764 0.0792809
165.02 22.3698 0.0771689
164.982 22.4606 0.0783224
164.805 22.4356 0.0813884
164.862 22.3428 0.0808205
164.916 22.4252 0.079418
164.927 22.3485 0.0796263
164.96 22.3961 0.077427
164.931 22.4112 0.0781055
164.891 22.4519 0.0812504
164.904 22.361 0.0798392
165.054 22.428 0.0810285
164.874 22.456 0.0812392
164.813 22.3378 0.0805347
164.874 22.4539 0.0786423
164.925 22.3348 0.0784812
164.948 22.3458 0.0795729
164.878 22.2605 0.0783344
164.936 22.3808 0.0796189
164.986 22.3786 0.0803508
164.992 22.3818 0.0804468
164.923 22.3936 0.0797843
164.906 22.2612 0.078777
164.907 22.265 0.0786072
164.924 22.3546 0.0784191
164.957 22.396 0.077046
164.905 22.2849 0.0811642
164.993 22.3682 0.0812553
164.959 22.4014 0.0803222
164.912 22.4359 0.0792421
165.021 22.3299 0.076859
164.929 22.3398 0.0787001
164.93 22.3464 0.0785628
164.864 22.3461 0.0766798
164.862 22.3686 0.0794813
165.014 22.3343 0.0780936
164.849 22.4136 0.082781
164.98 22.4514 0.0776953
164.935 22.2672 0.0827422
164.935 22.2635 0.0825892
164.919 22.3583 0.0807835
164.915 22.3648 0.0800699
164.89 22.3415 0.0794914
164.862 22.2823 0.0795036
164.862 22.2772 0.0791747
164.859 22.2851 0.0791996
164.882 22.4886 0.0808969
164.861 22.4144 0.0797788
164.948 22.3374 0.0770669
164.944 22.3781 0.0792487
164.884 22.4151 0.0772739
164.888 22.4186 0.0773816
164.901 22.3767 0.0802231
164.862 22.4265 0.0808421
164.954 22.4148 0.0807639
164.878 22.3171 0.0786802
164.937 22.2903 0.0800326
164.943 22.292 0.0801087
164.928 22.4119 0.077559
164.921 22.4395 0.0802308
164.967 22.3815 0.0783941
164.965 22.3823 0.0785392
164.887 22.3786 0.0811014
164.94 22.3698 0.0781148
164.871 22.3079 0.076363
164.823 22.3727 0.0772059
164.839 22.3706 0.0801701
164.954 22.4181 0.0778442
164.977 22.3791 0.0797205
164.894 22.4026 0.0787853
164.992 22.3337 0.0787857
164.876 22.4201 0.0809279
164.868 22.3699 0.0787797
164.892 22.3329 0.0792621
164.888 22.3347 0.0791905
164.882 22.3333 0.0791294
164.961 22.4227 0.0809482
164.833 22.3427 0.0790522
164.95 22.3639 0.08039
164.956 22.3622 0.0802814
164.907 22.375 0.079137
164.902 22.3784 0.0791135
164.876 22.4766 0.0764298
164.854 22.4541 0.0803715
164.921 22.3261 0.0789678
164.948 22.4651 0.0802351
164.978 22.2662 0.0754783
164.864 22.3482 0.0808818
164.93 22.2687 0.0809253
164.891 22.3335 0.0780342
164.94 22.4075 0.0779918
164.936 22.4622 0.0792732
164.903 22.3615 0.0797522
164.875 22.4329 0.0795713
164.882 22.3754 0.0816379
165.008 22.3581 0.0799232
164.86 22.324 0.0788564
164.864 22.3265 0.0790302
164.958 22.3451 0.0795764
164.953 22.3436 0.0796072
164.911 22.3996 0.0798376
164.936 22.3765 0.0795933
164.888 22.2991 0.0788261
164.883 22.295 0.0788861
164.943 22.3697 0.0764118
164.987 22.3872 0.0803564
164.914 22.393 0.0800577
164.897 22.271 0.0785325
164.921 22.3789 0.0775564
164.959 22.3954 0.0770327
164.928 22.3815 0.0776347
164.947 22.3809 0.0811853
164.908 22.284 0.0811279
164.765 22.2877 0.0836696
165.008 22.3617 0.0779269
165.01 22.3615 0.0779127
165.01 22.3645 0.0779568
165.022 22.3285 0.0766634
164.864 22.392 0.0825423
164.932 22.3485 0.0784854
164.9 22.3186 0.0753904
164.865 22.3692 0.0794708
164.846 22.3743 0.0787047
164.868 22.3624 0.0786714
164.948 22.3613 0.0822602
164.772 22.3112 0.0819858
164.931 22.2658 0.0826612
164.921 22.36 0.0809895
165.007 22.4625 0.0810066
164.886 22.3734 0.0813876
164.89 22.3406 0.079496
164.968 22.4066 0.0811727
164.942 22.3707 0.0780374
164.851 22.4519 0.0792606
164.945 22.384 0.0793769
164.941 22.3634 0.0752747
164.911 22.28 0.0757398
164.899 22.3561 0.0783294
164.905 22.3599 0.0785331
164.846 22.4629 0.0791456
164.892 22.4007 0.0792176
164.91 22.3548 0.0808676
164.914 22.3507 0.0809067
164.907 22.3456 0.0810385
165.008 22.4326 0.0767758
164.909 22.312 0.0794573
164.995 22.3225 0.0788838
164.962 22.4219 0.0808289
164.941 22.3762 0.0780804
164.872 22.3437 0.0823963
164.939 22.4201 0.0780686
164.903 22.3904 0.080441
164.845 22.2938 0.0802043
165.001 22.3326 0.0789708
164.951 22.4053 0.0790074
164.868 22.3686 0.0787654
164.884 22.3419 0.0789517
164.756 22.3784 0.0785825
164.914 22.3875 0.0839679
164.901 22.3817 0.0791785
164.946 22.4466 0.0778447
164.869 22.2833 0.07995
164.917 22.3262 0.0789309
164.868 22.3468 0.0772103
164.861 22.4003 0.0778628
164.843 22.3505 0.0785197
164.828 22.4571 0.0786473
164.93 22.4101 0.078303
164.796 22.306 0.0778926
164.975 22.4726 0.07641
164.955 22.3767 0.0795546
165.005 22.3554 0.0797598
164.87 22.3221 0.0790047
165.006 22.3998 0.0821031
164.928 22.3388 0.0785855
164.935 22.391 0.0777919
164.934 22.3749 0.0795201
164.981 22.3821 0.0803485
164.901 22.2575 0.0789056
164.921 22.3615 0.0784166
164.918 22.4911 0.0777394
164.907 22.3338 0.0773826
164.938 22.3763 0.0811242
165.001 22.3691 0.0814289
164.97 22.3064 0.0765095
164.912 22.4137 0.0759303
164.911 22.423 0.0758453
164.974 22.3902 0.0764674
164.881 22.3625 0.078204
164.903 22.4553 0.0781238
164.93 22.4324 0.0801878
165.018 22.3329 0.0781441
165.011 22.3323 0.0781904
164.928 22.4411 0.0787249
164.841 22.3605 0.0794688
164.927 22.3292 0.0798241
164.937 22.2635 0.0827046
164.917 22.426 0.0788068
164.913 22.3573 0.0808754
164.909 22.3588 0.0812704
165.028 22.3774 0.0784357
164.89 22.3423 0.0795127
164.983 22.3795 0.0800167
164.86 22.4502 0.0804107
164.946 22.3287 0.0771463
164.945 22.3827 0.0793068
164.85 22.4118 0.0822144
164.287 22.3699 0.0778021
