17.3117 -89.651 3.66481
17.2872 -89.537 3.66068
17.3052 -89.5577 3.66235
17.2983 -89.5537 3.66214
17.2996 -89.4826 3.66374
17.2761 -89.6397 3.66236
17.3481 -89.5349 3.66222
17.3496 -89.5271 3.66211
17.3474 -89.5646 3.66557
17.2677 -89.4775 3.66238
17.2529 -89.5404 3.66294
17.4365 -89.6213 3.6634
17.2348 -89.5768 3.66282
17.3013 -89.5961 3.66508
17.2303 -89.5321 3.65937
17.2308 -89.5216 3.66156
17.3129 -89.6426 3.66457
17.3114 -89.6048 3.66061
17.4112 -89.5759 3.65944
17.4491 -89.5927 3.65956
17.305 -89.5154 3.66542
17.2806 -89.5984 3.66273
17.3597 -89.6293 3.6628
17.2854 -89.5867 3.66357
17.3142 -89.546 3.65952
17.3723 -89.5392 3.66099
17.2519 -89.5675 3.66198
17.3076 -89.5748 3.66225
17.3142 -89.5771 3.66229
17.3675 -89.6757 3.66532
17.4679 -89.714 3.66353
17.2013 -89.4342 3.66133
17.2717 -89.6128 3.66371
17.2062 -89.544 3.6596
17.2955 -89.5814 3.66158
17.242 -89.5525 3.66337
17.3527 -89.5996 3.66528
17.2631 -89.5232 3.65954
17.3114 -89.4743 3.66036
17.2144 -89.5633 3.65867
17.3804 -89.6025 3.66364
17.3065 -89.5245 3.66102
17.3667 -89.5543 3.6609
17.3131 -89.5885 3.66057
17.2452 -89.5635 3.66288
17.3179 -89.5318 3.6636
17.2889 -89.5611 3.65821
17.3007 -89.5922 3.66328
17.4053 -89.659 3.66131
17.3263 -89.4949 3.65925
17.3271 -89.4961 3.65938
17.2559 -89.6509 3.66323
17.2653 -89.5334 3.66357
17.2519 -89.5156 3.66381
17.3534 -89.6541 3.66382
17.3075 -89.7132 3.66331
17.294 -89.6042 3.65967
17.2863 -89.5339 3.66059
17.1897 -89.5476 3.66123
17.3052 -89.4804 3.66398
17.3086 -89.5183 3.66379
17.2448 -89.6144 3.66051
17.2393 -89.6049 3.66184
17.3501 -89.5645 3.66548
17.4294 -89.6183 3.66315
17.2971 -89.5965 3.66146
17.245 -89.488 3.66025
17.24 -89.5305 3.6631
17.2851 -89.6362 3.66129
17.3137 -89.5591 3.66072
17.3799 -89.6389 3.66269
17.234 -89.6253 3.66395
17.3349 -89.5247 3.66621
17.2918 -89.5134 3.66084
17.4505 -89.5956 3.66003
17.2744 -89.5869 3.66119
17.2812 -89.546 3.66348
17.2539 -89.5413 3.6629
17.1517 -89.5575 3.66335
17.3153 -89.5511 3.65945
17.376 -89.5394 3.66104
17.2348 -89.4684 3.66255
17.2319 -89.4666 3.66247
17.3052 -89.653 3.66263
17.2387 -89.5794 3.6617
17.2284 -89.5183 3.66164
17.2873 -89.6577 3.66123
17.2171 -89.5416 3.66492
17.2807 -89.566 3.66095
17.2172 -89.5861 3.66145
17.2765 -89.635 3.66426
17.3371 -89.573 3.66282
17.2571 -89.5296 3.6594
17.2617 -89.6227 3.66044
17.3039 -89.5241 3.66075
17.3611 -89.5539 3.66104
17.2927 -89.5681 3.66114
17.2592 -89.6116 3.66007
17.3075 -89.6428 3.66325
17.2933 -89.5481 3.65991
17.2812 -89.5642 3.65836
17.3223 -89.5514 3.66389
17.3648 -89.5128 3.66463
17.2464 -89.5466 3.66315
17.3113 -89.6228 3.66116
17.2637 -89.5296 3.66355
17.276 -89.6657 3.66034
17.3214 -89.6987 3.66063
17.2209 -89.6511 3.66033
17.2891 -89.6146 3.66314
17.3135 -89.5993 3.66135
17.303 -89.4785 3.66392
17.3093 -89.4809 3.66399
17.3014 -89.485 3.66396
17.2072 -89.519 3.66364
17.2431 -89.6079 3.6617
17.2732 -89.591 3.65954
17.2535 -89.5711 3.66144
17.325 -89.6015 3.66251
17.3222 -89.6047 3.66257
17.2389 -89.4899 3.66043
17.2717 -89.5256 3.66199
17.3016 -89.5049 3.65794
17.2981 -89.5071 3.65813
17.2961 -89.5051 3.65819
17.5394 -89.6622 3.66281
17.2908 -89.6383 3.66121
17.303 -89.497 3.66147
17.3067 -89.4907 3.66151
17.2744 -89.5481 3.66002
17.1724 -89.5435 3.6625
17.2981 -89.5144 3.66098
17.2721 -89.5837 3.65972
17.2148 -89.6998 3.66406
17.2426 -89.6188 3.65992
17.2774 -89.5483 3.66348
17.1977 -89.5995 3.66038
17.2091 -89.5582 3.65732
17.3187 -89.544 3.65976
17.3741 -89.5413 3.66097
17.3951 -89.6518 3.66137
17.3076 -89.618 3.66533
17.3989 -89.6666 3.66556
17.2736 -89.6404 3.66367
17.2678 -89.6451 3.66307
17.332 -89.5713 3.66179
17.3342 -89.5618 3.66203
17.2854 -89.6073 3.66005
17.3207 -89.6356 3.66553
17.3322 -89.5692 3.66281
17.2588 -89.532 3.65948
17.301 -89.4766 3.66044
17.305 -89.538 3.66309
17.3076 -89.5244 3.66097
17.3638 -89.5538 3.66089
17.2847 -89.5225 3.66188
17.3467 -89.5851 3.66184
17.3104 -89.5324 3.66363
17.2545 -89.5343 3.66227
17.2806 -89.5613 3.65817
17.3192 -89.5532 3.6636
17.2137 -89.5952 3.656
17.3596 -89.5175 3.6644
17.4017 -89.6564 3.66108
17.2243 -89.5569 3.66252
17.2923 -89.5537 3.66476
17.2968 -89.5933 3.662
17.3003 -89.6773 3.6625
17.2663 -89.6796 3.66127
17.3204 -89.6286 3.6646
17.1916 -89.5442 3.66121
17.3026 -89.5596 3.6624
17.2676 -89.5047 3.66143
17.2645 -89.6767 3.66061
17.288 -89.5596 3.66306
17.3162 -89.6046 3.66254
17.2473 -89.4868 3.66032
17.2713 -89.5274 3.66179
17.3138 -89.6308 3.66385
17.2881 -89.6376 3.66116
17.312 -89.4968 3.66126
17.3062 -89.4941 3.66141
17.2306 -89.537 3.65959
17.2995 -89.6599 3.66187
17.3814 -89.6488 3.66254
17.2217 -89.6937 3.66124
17.2708 -89.5209 3.66371
17.313 -89.605 3.66082
17.3302 -89.587 3.66496
17.2822 -89.545 3.66355
17.2157 -89.555 3.65734
17.3083 -89.5495 3.65946
17.3763 -89.5407 3.66085
17.2355 -89.4676 3.66239
17.2932 -89.5915 3.66165
17.2939 -89.5928 3.66183
17.1976 -89.434 3.66138
17.2054 -89.4421 3.66151
17.2837 -89.5751 3.6625
17.2853 -89.6138 3.65998
17.2996 -89.5737 3.66137
17.3243 -89.6335 3.66544
17.3352 -89.5692 3.66283
17.284 -89.5738 3.66365
17.2602 -89.5241 3.65923
17.2819 -89.5758 3.65962
17.2628 -89.6216 3.66048
17.3055 -89.5295 3.66092
17.3068 -89.5316 3.66104
17.2542 -89.5239 3.65863
17.2842 -89.5268 3.66192
17.3531 -89.5846 3.66181
17.2486 -89.5516 3.66282
17.2175 -89.6255 3.66439
17.3156 -89.5275 3.66354
17.2574 -89.5362 3.66203
17.2851 -89.5629 3.6582
17.3154 -89.5487 3.66381
17.2566 -89.5534 3.66445
17.248 -89.578 3.66345
17.2469 -89.5763 3.66347
17.3124 -89.6192 3.66104
17.2958 -89.5516 3.66511
17.3145 -89.5928 3.66263
17.3083 -89.7087 3.66329
17.2724 -89.6143 3.66156
17.2929 -89.5341 3.66076
17.298 -89.4778 3.66385
17.271 -89.5053 3.66146
17.4325 -89.681 3.66456
17.2835 -89.5575 3.66316
17.277 -89.6083 3.6639
17.3223 -89.6458 3.66243
17.2869 -89.6367 3.66383
17.2399 -89.4839 3.6604
17.2927 -89.6787 3.66394
17.2963 -89.5047 3.65802
17.3053 -89.4991 3.66127
17.2753 -89.5476 3.66007
17.2732 -89.5462 3.66105
17.3017 -89.5125 3.66088
17.3046 -89.513 3.66542
17.323 -89.5555 3.66288
17.2527 -89.5455 3.66273
17.2861 -89.589 3.6633
17.249 -89.5664 3.66203
17.2347 -89.567 3.66197
17.3739 -89.5366 3.66085
17.3759 -89.5357 3.66111
17.2351 -89.4661 3.66259
17.2303 -89.465 3.66259
17.2458 -89.5652 3.66178
17.3622 -89.6707 3.66527
17.2431 -89.6639 3.65949
17.264 -89.6467 3.66294
17.3356 -89.5642 3.6619
17.2687 -89.5818 3.6607
17.2831 -89.6117 3.66018
17.2572 -89.5762 3.66043
17.2613 -89.5821 3.66031
17.2548 -89.5815 3.66021
17.2928 -89.5759 3.66134
17.3109 -89.5863 3.66422
17.2577 -89.543 3.65946
17.2458 -89.5361 3.65974
17.3011 -89.4699 3.66052
17.2945 -89.4726 3.6606
17.3035 -89.4752 3.66027
17.3267 -89.6758 3.65872
17.3649 -89.5579 3.66064
17.3011 -89.5674 3.66115
17.3513 -89.582 3.66185
17.3134 -89.5302 3.66341
17.3094 -89.531 3.66329
17.3201 -89.549 3.66403
17.3209 -89.6373 3.66188
17.3319 -89.4909 3.6594
17.2499 -89.5108 3.6635
17.3963 -89.6687 3.66325
17.285 -89.5354 3.66068
17.2938 -89.5319 3.66075
17.299 -89.6151 3.66334
17.3028 -89.4807 3.66397
17.2671 -89.5084 3.66131
17.2795 -89.5896 3.65933
17.3496 -89.5266 3.66204
17.3131 -89.6031 3.66486
17.2591 -89.4798 3.66263
17.2979 -89.5996 3.66166
17.3469 -89.711 3.66192
17.306 -89.4964 3.6613
17.3075 -89.4925 3.66138
17.3107 -89.4963 3.66124
17.233 -89.5208 3.66151
17.2704 -89.5429 3.66084
17.2704 -89.5405 3.66083
17.2964 -89.5173 3.66084
17.2708 -89.5791 3.66117
17.3524 -89.6479 3.65985
17.2417 -89.6143 3.6598
17.1981 -89.5983 3.66053
17.3348 -89.5326 3.66138
17.3363 -89.5842 3.65884
17.3742 -89.5422 3.66094
17.3081 -89.5756 3.66234
17.2493 -89.5382 3.66222
17.2246 -89.5191 3.66175
17.3364 -89.5646 3.66191
17.2839 -89.5698 3.66079
17.3902 -89.5872 3.66025
17.2487 -89.5385 3.65935
17.2858 -89.5737 3.66386
17.3077 -89.4733 3.66043
17.299 -89.467 3.66054
17.1956 -89.6144 3.66308
17.305 -89.5256 3.66095
17.2631 -89.5219 3.65859
17.3013 -89.5606 3.66108
17.2909 -89.5678 3.66162
17.3221 -89.6676 3.66155
17.303 -89.7009 3.66072
17.2967 -89.5965 3.66326
17.2729 -89.6417 3.66401
17.3277 -89.4933 3.65928
17.3315 -89.4859 3.65947
17.3306 -89.4858 3.65947
17.3184 -89.5881 3.66265
17.2269 -89.5492 3.6612
17.2799 -89.6698 3.66019
17.264 -89.6085 3.66183
17.2948 -89.613 3.66339
17.2941 -89.6147 3.66326
17.3007 -89.4811 3.6638
17.243 -89.6174 3.66052
17.3624 -89.5905 3.66268
17.2634 -89.48 3.66237
17.2593 -89.5904 3.66156
17.3563 -89.5845 3.66346
17.3142 -89.6584 3.66193
17.3217 -89.6521 3.66201
17.3335 -89.6344 3.66409
17.3222 -89.6313 3.66394
17.2765 -89.649 3.66126
17.3395 -89.5906 3.66434
17.3391 -89.5895 3.6642
17.3143 -89.5539 3.66053
17.2732 -89.5507 3.65997
17.2454 -89.6804 3.66294
17.2737 -89.5487 3.6609
17.303 -89.5094 3.66092
17.2527 -89.6031 3.6651
17.3216 -89.5541 3.66284
17.2455 -89.6202 3.65984
17.2415 -89.6181 3.65989
17.336 -89.5297 3.6612
17.3612 -89.6317 3.66288
17.3724 -89.5376 3.66096
17.2669 -89.5101 3.6605
17.348 -89.6287 3.66324
17.2923 -89.5923 3.6617
17.2022 -89.4307 3.66137
17.2571 -89.605 3.66277
17.2107 -89.5511 3.65956
17.2665 -89.5912 3.66075
17.2796 -89.6044 3.66258
17.3887 -89.5861 3.66014
17.1773 -89.7053 3.6621
17.2528 -89.5428 3.65943
17.2786 -89.5708 3.65966
17.3377 -89.6572 3.6659
17.3057 -89.5302 3.66092
17.2605 -89.5235 3.65867
17.3138 -89.5915 3.6605
17.2975 -89.5662 3.66157
17.3168 -89.5256 3.66358
17.283 -89.5625 3.65823
17.2881 -89.5297 3.66215
17.2619 -89.5545 3.66431
17.2407 -89.5729 3.66314
17.3305 -89.4919 3.65944
17.317 -89.5853 3.6626
17.3093 -89.5266 3.66402
17.3567 -89.6554 3.66375
17.2919 -89.6793 3.66246
17.2976 -89.5638 3.66058
17.3062 -89.5621 3.66066
17.305 -89.5523 3.66254
17.2982 -89.4829 3.66382
17.3729 -89.6727 3.66494
17.2823 -89.5615 3.663
17.2438 -89.5433 3.6629
17.2555 -89.5416 3.66304
17.322 -89.5981 3.66243
17.2389 -89.6443 3.66169
17.2605 -89.5934 3.66131
17.4272 -89.6224 3.66322
17.278 -89.645 3.66125
17.3029 -89.4994 3.65793
17.3111 -89.4941 3.66127
17.3799 -89.6513 3.66267
17.2537 -89.5557 3.66182
17.2954 -89.5463 3.6645
17.3321 -89.5225 3.66636
17.2788 -89.5788 3.65954
17.3223 -89.5482 3.66275
17.2493 -89.6632 3.66169
17.3125 -89.5716 3.65909
17.3359 -89.5295 3.66144
17.3389 -89.5274 3.66141
17.2018 -89.6319 3.65964
17.1431 -89.5901 3.66047
17.268 -89.5076 3.66059
17.2327 -89.4635 3.66241
17.3099 -89.5765 3.66242
17.3477 -89.6279 3.66333
17.2967 -89.6629 3.6651
17.1784 -89.656 3.66036
17.3014 -89.5939 3.66508
17.2861 -89.6016 3.66508
17.3328 -89.6063 3.66219
17.31 -89.6082 3.66486
17.1975 -89.5806 3.66251
17.3884 -89.5885 3.66016
17.2628 -89.5318 3.65927
17.2635 -89.6242 3.66038
17.2704 -89.6174 3.6624
17.3026 -89.5262 3.66112
17.3641 -89.5545 3.66085
17.2881 -89.5254 3.66182
17.3139 -89.5824 3.66047
17.2937 -89.5644 3.66163
17.2565 -89.6085 3.65996
17.3173 -89.5254 3.66361
17.2949 -89.5525 3.65988
17.2544 -89.5346 3.66204
17.2931 -89.597 3.66327
17.3651 -89.5165 3.66448
17.3661 -89.5158 3.66459
17.253 -89.5742 3.66363
17.2983 -89.5536 3.66475
17.2539 -89.5136 3.6638
17.2526 -89.6303 3.66105
17.2899 -89.5368 3.66075
17.298 -89.5664 3.66073
17.306 -89.4776 3.66383
17.3086 -89.522 3.66386
17.3137 -89.5221 3.66406
17.2531 -89.5583 3.66415
17.2867 -89.5606 3.66324
17.2666 -89.4807 3.66242
17.2664 -89.4854 3.66237
17.355 -89.5864 3.6637
17.299 -89.5985 3.66145
17.2724 -89.5251 3.66202
17.3139 -89.6313 3.66373
17.2925 -89.5001 3.65809
17.2924 -89.5081 3.65814
17.2321 -89.5401 3.65956
17.2752 -89.5471 3.6601
17.256 -89.616 3.66258
17.2518 -89.5492 3.6618
17.2707 -89.5446 3.66078
17.3163 -89.6059 3.66093
17.4459 -89.5882 3.65996
17.2562 -89.662 3.66184
17.2395 -89.6216 3.66032
17.2019 -89.6348 3.65951
17.3123 -89.5509 3.65957
17.3776 -89.5386 3.66083
17.3919 -89.648 3.66157
17.3107 -89.5741 3.66253
17.237 -89.5384 3.66244
17.2413 -89.5834 3.66172
17.2626 -89.5076 3.66309
17.3313 -89.567 3.66189
17.2513 -89.5811 3.66032
17.2934 -89.5719 3.66129
17.2798 -89.6422 3.66436
17.3385 -89.5724 3.66298
17.3041 -89.4737 3.6604
17.2202 -89.5663 3.65858
17.3674 -89.5568 3.66075
17.2864 -89.5234 3.66183
17.2976 -89.574 3.66494
17.2913 -89.5622 3.66188
17.296 -89.5445 3.65989
17.2805 -89.5611 3.65819
17.3202 -89.5532 3.66368
17.3212 -89.6389 3.66202
17.3248 -89.5729 3.66525
17.2446 -89.5759 3.66369
17.3283 -89.4884 3.65948
17.311 -89.5862 3.6627
17.2244 -89.6559 3.66009
17.2915 -89.5352 3.66056
17.307 -89.6001 3.66127
17.2992 -89.4791 3.66373
17.2835 -89.6708 3.65994
17.2737 -89.73 3.66652
18.0321 -92.3353 3.65892
