25.7103 -86.3345 3.7961
25.6939 -86.3114 3.79469
25.6998 -86.3168 3.79494
25.6676 -86.3161 3.79255
25.6168 -86.2751 3.7932
25.6635 -86.2999 3.79476
25.6435 -86.442 3.79177
25.6097 -86.2421 3.78963
25.7831 -86.2769 3.79355
25.7 -86.2098 3.79646
25.7003 -86.2066 3.79263
25.6393 -86.3769 3.79272
25.638 -86.2256 3.79171
25.5999 -86.2341 3.79002
25.7791 -86.2305 3.79309
25.5693 -86.3537 3.79228
25.6591 -86.3013 3.79525
25.5613 -86.318 3.79451
25.7588 -86.2889 3.79595
25.6737 -86.2979 3.79295
25.6333 -86.271 3.7957
25.637 -86.3198 3.79251
25.6323 -86.3148 3.79595
25.5956 -86.2746 3.79171
25.6544 -86.2141 3.79249
25.7004 -86.2823 3.79489
25.5794 -86.3175 3.79356
25.6237 -86.3656 3.79449
25.6341 -86.2629 3.79394
25.6457 -86.2285 3.79252
25.6958 -86.2849 3.79605
25.686 -86.3044 3.79567
25.7324 -86.2623 3.79522
25.6069 -86.2014 3.79229
25.6536 -86.1754 3.79106
25.6497 -86.2333 3.79345
25.6763 -86.1846 3.79241
25.6864 -86.3012 3.79371
25.6494 -86.2604 3.79368
25.69 -86.2404 3.7936
25.5538 -86.3501 3.79406
25.7108 -86.2686 3.79167
25.6267 -86.2244 3.79102
25.6236 -86.2242 3.79107
25.7853 -86.3152 3.79433
25.7703 -86.2159 3.79545
25.6656 -86.3424 3.79301
25.6615 -86.3401 3.79321
25.6574 -86.212 3.79301
25.7515 -86.2903 3.79451
25.7204 -86.2616 3.7962
25.6726 -86.404 3.78862
25.7128 -86.2603 3.79578
25.6069 -86.3374 3.79506
25.602 -86.3355 3.79515
25.7634 -86.3146 3.79479
25.807 -86.3376 3.7956
25.6331 -86.2929 3.79405
25.634 -86.2937 3.79409
25.6775 -86.3003 3.79347
25.705 -86.2648 3.79386
25.6727 -86.2499 3.79491
25.6201 -86.3165 3.79638
25.7189 -86.3064 3.79382
25.7213 -86.3697 3.79226
25.6805 -86.2268 3.79563
25.653 -86.2455 3.79267
25.6567 -86.2427 3.79254
25.6635 -86.1957 3.79154
25.6862 -86.2137 3.792
25.6336 -86.2706 3.79342
25.6061 -86.2758 3.79231
25.5932 -86.2924 3.79516
25.6442 -86.1986 3.79371
25.6666 -86.0965 3.7915
25.6471 -86.198 3.79396
25.6476 -86.2024 3.79396
25.653 -86.2484 3.79378
25.6393 -86.1868 3.79231
25.6222 -86.2138 3.79209
25.795 -86.2286 3.79416
25.6577 -86.2702 3.79067
25.6633 -86.271 3.79057
25.7133 -86.3251 3.79179
25.7226 -86.2956 3.79256
25.6758 -86.2978 3.79403
25.6755 -86.304 3.79397
25.6621 -86.2518 3.79308
25.6005 -86.2519 3.7942
25.5755 -86.342 3.79427
25.6649 -86.2241 3.78921
25.6498 -86.2194 3.79389
25.6128 -86.2403 3.79488
25.655 -86.1778 3.7917
25.6534 -86.1812 3.79148
25.6651 -86.3375 3.79115
25.6267 -86.2065 3.79046
25.716 -86.303 3.79436
25.561 -86.3312 3.7928
25.6564 -86.3524 3.79589
25.6602 -86.2575 3.79328
25.6552 -86.2594 3.7931
25.6111 -86.2164 3.79515
25.6283 -86.1731 3.79151
25.6421 -86.2511 3.79347
25.697 -86.2931 3.7959
25.7014 -86.2889 3.79583
25.6509 -86.3381 3.7914
25.6898 -86.1962 3.79427
25.7228 -86.2763 3.79486
25.7204 -86.2796 3.79476
25.6835 -86.2586 3.79682
25.6795 -86.3533 3.79444
25.6726 -86.2455 3.79476
25.6275 -86.3635 3.79374
25.7126 -86.2348 3.79386
25.7193 -86.2332 3.79404
25.7315 -86.2592 3.79594
25.6729 -86.1518 3.79383
25.6727 -86.1444 3.79389
25.6774 -86.185 3.79151
25.7095 -86.1936 3.7959
25.6282 -86.3094 3.79133
25.7578 -86.2916 3.79579
25.7634 -86.288 3.79593
25.6291 -86.3625 3.7898
25.6772 -86.2852 3.79394
25.7673 -86.2843 3.79539
25.6296 -86.2018 3.79186
25.6039 -86.3219 3.79271
25.5769 -86.3138 3.79221
25.7698 -86.3129 3.79695
25.6491 -86.2457 3.7955
25.7792 -86.238 3.79621
25.5713 -86.2438 3.79192
25.703 -86.3325 3.7928
25.708 -86.3315 3.79312
25.7214 -86.3132 3.79583
25.6502 -86.2714 3.79106
25.6599 -86.2512 3.79509
25.7086 -86.3562 3.79227
25.6988 -86.2972 3.79301
25.6136 -86.3769 3.79362
25.5858 -86.3063 3.79519
25.685 -86.3222 3.7936
25.685 -86.3201 3.79355
25.5967 -86.2882 3.79081
25.5691 -86.2019 3.79353
25.6013 -86.3215 3.78977
25.6286 -86.2566 3.79549
25.6597 -86.163 3.79256
25.6449 -86.2273 3.79383
25.6699 -86.2853 3.78918
25.5812 -86.2982 3.79157
25.5824 -86.2944 3.79175
25.635 -86.1866 3.7921
25.6329 -86.1894 3.79209
25.561 -86.2804 3.79143
25.6668 -86.3053 3.79421
25.6141 -86.2235 3.79259
25.6795 -86.3631 3.79462
25.6169 -86.3302 3.7935
25.6494 -86.1837 3.79276
25.655 -86.1901 3.79283
25.6668 -86.13 3.7929
25.7581 -86.306 3.79545
25.7304 -86.2734 3.7923
25.584 -86.3578 3.79223
25.6145 -86.2819 3.79418
25.6367 -86.2532 3.79047
25.7176 -86.2548 3.79047
25.6482 -86.2756 3.79417
25.6413 -86.2909 3.79304
25.6557 -86.243 3.79154
25.6114 -86.3042 3.79344
25.5889 -86.2649 3.79337
25.5867 -86.2674 3.79333
25.6425 -86.2063 3.79213
25.6969 -86.2444 3.79543
25.602 -86.3297 3.79224
25.6962 -86.2631 3.79762
25.6421 -86.2162 3.79392
25.6392 -86.2478 3.79132
25.6738 -86.3109 3.79211
25.7154 -86.1861 3.79555
25.6612 -86.2463 3.79564
25.7861 -86.2191 3.7933
25.8055 -86.2498 3.79522
25.5915 -86.4056 3.79468
25.6623 -86.1304 3.79147
25.7081 -86.2167 3.79371
25.704 -86.2217 3.79428
25.7027 -86.2111 3.79453
25.7236 -86.2052 3.79404
25.7337 -86.2189 3.79358
25.7274 -86.2157 3.79379
25.6506 -86.3161 3.79176
25.6804 -86.1683 3.79618
25.7252 -86.2792 3.7926
25.7171 -86.3079 3.79445
25.647 -86.2575 3.79273
25.5403 -86.2735 3.79282
25.6805 -86.2512 3.79085
25.7076 -86.2686 3.7904
25.6458 -86.2459 3.79173
25.6556 -86.1977 3.7947
25.7637 -86.2978 3.79436
25.6433 -86.2655 3.79619
25.6226 -86.251 3.79014
25.8132 -86.2719 3.79382
25.6589 -86.1633 3.79103
25.7372 -86.3336 3.79235
25.6849 -86.2711 3.79422
25.6826 -86.2732 3.79433
25.7641 -86.2734 3.79212
25.7582 -86.2706 3.79214
25.6548 -86.2969 3.79238
25.6659 -86.362 3.79324
25.6927 -86.3335 3.79244
25.6902 -86.38 3.79343
25.6873 -86.2178 3.7935
25.6498 -86.3184 3.79145
25.7289 -86.208 3.79417
25.7144 -86.2939 3.7947
25.7328 -86.1637 3.79251
25.6062 -86.2601 3.79507
25.6044 -86.2703 3.79506
25.6682 -86.259 3.79279
25.6235 -86.3133 3.79122
25.6197 -86.3166 3.79107
25.5478 -86.2155 3.7932
25.6342 -86.2536 3.79289
25.7577 -86.2489 3.7942
25.7548 -86.2501 3.79426
25.5519 -86.3204 3.79448
25.7093 -86.2481 3.79286
25.6576 -86.2699 3.7957
25.6146 -86.2618 3.7902
25.6408 -86.2173 3.79317
25.7024 -86.3183 3.79486
25.6865 -86.2547 3.79319
25.6205 -86.2771 3.79323
25.6655 -86.2952 3.7948
25.6913 -86.2277 3.7917
25.633 -86.3103 3.78916
25.6122 -86.2433 3.78966
25.7017 -86.2118 3.79457
25.7841 -86.2824 3.79358
25.7293 -86.3759 3.79188
25.7027 -86.2095 3.79279
25.6336 -86.3707 3.79239
25.6115 -86.2472 3.79381
25.6778 -86.2086 3.79382
25.69 -86.2506 3.79307
25.6494 -86.2779 3.79222
25.7078 -86.2737 3.79264
25.6311 -86.3141 3.79204
25.7617 -86.2834 3.79615
25.6729 -86.2898 3.7931
25.6406 -86.3203 3.7961
25.6841 -86.3124 3.79357
25.5375 -86.2493 3.79251
25.5373 -86.2518 3.79253
25.6812 -86.1913 3.79232
25.6626 -86.212 3.79268
25.5839 -86.3203 3.79338
25.6788 -86.349 3.79151
25.6695 -86.1626 3.79476
25.6703 -86.1587 3.79485
25.6477 -86.2327 3.79239
25.6451 -86.2895 3.7945
25.6485 -86.2896 3.79468
25.6454 -86.2887 3.79462
25.686 -86.3057 3.79564
25.7296 -86.2611 3.7953
25.6083 -86.2017 3.7923
25.6822 -86.1613 3.7904
25.6278 -86.3256 3.78942
25.6516 -86.2348 3.79315
25.6909 -86.3009 3.79372
25.6543 -86.2629 3.79365
25.7955 -86.3501 3.79408
25.6955 -86.2437 3.7936
25.5232 -86.2292 3.79103
25.5835 -86.3924 3.79222
25.5798 -86.3033 3.79354
25.7679 -86.2163 3.79546
25.6658 -86.3381 3.79297
25.6573 -86.2136 3.79308
25.7157 -86.2741 3.79353
25.7489 -86.2917 3.79454
25.7186 -86.3109 3.79577
25.6279 -86.2036 3.79063
25.6076 -86.3039 3.79242
25.7112 -86.2579 3.79592
25.6279 -86.2737 3.79346
25.6236 -86.2791 3.79257
25.6641 -86.3758 3.79182
25.8057 -86.343 3.79552
25.8082 -86.3375 3.7955
25.6309 -86.2787 3.79129
25.6764 -86.2967 3.7934
25.675 -86.2944 3.7934
25.703 -86.2596 3.79368
25.7048 -86.2561 3.79384
25.618 -86.3167 3.7962
25.6996 -86.2544 3.79114
25.6976 -86.2624 3.79114
25.6648 -86.2351 3.7932
25.589 -86.3003 3.79276
25.6721 -86.2591 3.79014
25.6083 -86.1577 3.79272
25.6297 -86.1935 3.79192
25.6575 -86.1964 3.79128
25.6328 -86.2725 3.79341
25.6175 -86.2761 3.7922
25.6141 -86.2741 3.79201
25.6226 -86.2856 3.79189
25.5929 -86.2866 3.7953
25.6429 -86.2034 3.79375
25.6451 -86.2001 3.79374
25.668 -86.2861 3.79453
25.6427 -86.2398 3.79609
25.6542 -86.2503 3.7937
25.6238 -86.2614 3.79255
25.6571 -86.2823 3.79133
25.7965 -86.2307 3.79425
25.6942 -86.2172 3.79416
25.6076 -86.1901 3.79386
25.6802 -86.2078 3.79423
25.676 -86.2947 3.79395
25.5983 -86.248 3.79423
25.7045 -86.2309 3.79393
25.6471 -86.3547 3.79123
25.6444 -86.2206 3.7939
25.6395 -86.3338 3.7942
25.6208 -86.2995 3.79175
25.6577 -86.1777 3.79173
25.6317 -86.2014 3.79035
25.6819 -86.2594 3.79427
25.6495 -86.3135 3.79352
25.6858 -86.277 3.79415
25.6587 -86.2627 3.79324
25.641 -86.2462 3.79321
25.6729 -86.1892 3.79257
25.7 -86.2907 3.7959
25.7016 -86.2921 3.79132
25.6445 -86.3379 3.79154
25.6539 -86.3025 3.78929
25.6404 -86.2722 3.7907
25.6442 -86.2938 3.78966
25.6702 -86.2266 3.79413
25.6814 -86.2584 3.79705
25.6168 -86.2994 3.79332
25.6772 -86.2548 3.79495
25.6475 -86.2717 3.79489
25.6467 -86.306 3.7943
25.5723 -86.2719 3.79037
25.7151 -86.2368 3.79391
25.743 -86.2585 3.796
25.6208 -86.2624 3.79263
25.6794 -86.1775 3.79163
25.7046 -86.1932 3.79577
25.6263 -86.2046 3.79116
25.7603 -86.2863 3.79606
25.6738 -86.2877 3.79409
25.6485 -86.2798 3.79359
25.6489 -86.2803 3.79341
25.5495 -86.2546 3.79245
25.6698 -86.3424 3.79373
25.6253 -86.2062 3.79153
25.6129 -86.3167 3.79275
25.5414 -86.3419 3.78919
25.6464 -86.247 3.79512
25.6481 -86.246 3.79515
25.772 -86.2397 3.79597
25.677 -86.2245 3.79115
25.7656 -86.3054 3.79606
25.7029 -86.3311 3.79294
25.654 -86.3252 3.79345
25.7199 -86.3134 3.79587
25.6657 -86.4141 3.79135
25.6524 -86.2501 3.79498
25.6209 -86.3066 3.79583
25.7005 -86.2904 3.79324
25.7005 -86.2922 3.79315
25.7578 -86.2303 3.79109
25.6842 -86.3213 3.79377
25.6841 -86.3183 3.79351
25.6397 -86.1568 3.79169
25.5871 -86.3023 3.79376
25.764 -86.2503 3.79408
25.7586 -86.2565 3.79424
25.7627 -86.2565 3.79413
25.6206 -86.2608 3.79547
25.6479 -86.1573 3.79256
25.6462 -86.2237 3.79323
25.6253 -86.2741 3.79422
25.634 -86.2886 3.79152
25.6337 -86.1876 3.79217
25.5602 -86.281 3.79135
25.663 -86.2998 3.79428
25.6097 -86.2223 3.79243
25.6517 -86.1885 3.79266
25.6602 -86.1296 3.79283
25.6341 -86.3264 3.79163
25.7511 -86.3089 3.79551
25.7321 -86.2788 3.79219
25.6643 -86.2982 3.79317
25.7307 -86.2761 3.79295
25.6088 -86.2839 3.79398
25.6352 -86.2518 3.79077
25.684 -86.2704 3.79026
25.6443 -86.2709 3.79411
25.6475 -86.2657 3.79411
25.6478 -86.2982 3.793
25.7247 -86.2337 3.79249
25.6839 -86.2505 3.79185
25.6058 -86.2959 3.7957
25.5888 -86.2674 3.79331
25.6079 -86.33 3.79249
25.6705 -86.2974 3.794
25.6027 -86.3573 3.79387
25.6067 -86.3274 3.79237
25.6255 -86.2426 3.79481
25.6966 -86.262 3.79765
25.6935 -86.2619 3.79756
25.6379 -86.2127 3.79381
25.6374 -86.2196 3.79386
25.6732 -86.2647 3.79715
25.6714 -86.2627 3.79719
25.6679 -86.312 3.79202
25.6726 -86.3154 3.79211
25.7154 -86.1878 3.79554
25.6157 -86.2605 3.79333
25.8012 -86.2499 3.79537
25.8013 -86.2528 3.79525
25.5693 -86.2223 3.79196
25.5789 -86.3068 3.79363
25.7365 -86.3252 3.79631
25.7348 -86.3202 3.79629
25.7099 -86.2193 3.79381
25.6469 -86.2379 3.79403
25.6452 -86.235 3.79423
25.7041 -86.218 3.79443
25.7255 -86.2107 3.79419
25.732 -86.2192 3.79348
25.6084 -86.3389 3.79397
25.6504 -86.118 3.79354
25.6517 -86.2186 3.79378
25.6484 -86.218 3.79377
25.7252 -86.2738 3.7926
25.7256 -86.3059 3.79445
25.6523 -86.2607 3.79265
25.6488 -86.2634 3.79256
25.5385 -86.2727 3.79282
25.6708 -86.3498 3.79326
25.6158 -86.3961 3.79433
25.6446 -86.2413 3.79183
25.638 -86.2676 3.79577
25.626 -86.2267 3.79009
25.7938 -86.2179 3.7947
25.6767 -86.2704 3.79441
25.609 -86.2679 3.79069
25.761 -86.2649 3.79222
25.6568 -86.3017 3.7925
25.6537 -86.3061 3.79252
25.6939 -86.3342 3.79266
25.6356 -86.3114 3.79256
25.6483 -86.2279 3.79071
25.7055 -86.359 3.7957
25.7085 -86.3503 3.79592
25.5624 -86.2086 3.79347
25.606 -86.2602 3.79528
25.6591 -86.3604 3.79537
25.7551 -86.254 3.79393
25.7561 -86.2512 3.79408
25.759 -86.2556 3.79398
25.6272 -86.2716 3.79006
25.6812 -86.1566 3.79267
25.661 -86.2556 3.7929
25.6621 -86.2757 3.79561
25.6332 -86.2551 3.79206
25.6476 -86.2752 3.79199
25.6409 -86.2136 3.79318
25.7138 -86.3418 3.79604
25.6646 -86.2518 3.7948
25.6809 -86.2615 3.79318
25.6149 -86.2761 3.79316
25.5892 -86.3214 3.79363
25.7528 -86.2075 3.79407
25.595 -86.2533 3.79185
25.7765 -86.2813 3.79367
25.7302 -86.3772 3.7921
25.701 -86.2092 3.79276
25.7016 -86.2066 3.79281
25.6286 -86.2584 3.79069
25.6352 -86.3736 3.79254
25.6061 -86.2416 3.79374
27.2969 -85.8661 3.79257
