36.9748 -74.9419 3.92664
36.9313 -75.0254 3.93267
36.9871 -75.0304 3.9314
36.9531 -74.9707 3.92767
36.9333 -75.0071 3.92998
36.993 -74.9917 3.93287
37.0013 -75.011 3.92926
36.9362 -75.0531 3.92924
36.972 -74.8892 3.92935
36.9572 -74.9927 3.92872
37.0282 -75.0026 3.92744
36.9772 -75.0169 3.92712
36.9662 -74.9331 3.92649
36.9674 -74.9068 3.92615
36.9699 -75.0372 3.92901
36.9575 -74.9635 3.92886
37.0799 -75.066 3.9308
37.0705 -74.9519 3.93272
36.9216 -74.9368 3.93203
36.9364 -74.9974 3.92523
37.0265 -74.9257 3.92578
37.0049 -75.0422 3.92818
37.0019 -75.033 3.92792
36.9414 -74.9605 3.92923
37.0246 -74.9833 3.9287
36.9934 -74.9584 3.92798
36.9488 -74.9768 3.92721
36.9679 -75.0005 3.92632
37.0059 -75.0106 3.92793
36.9922 -74.9647 3.92782
37.0009 -74.9946 3.92687
37.0017 -74.944 3.9314
36.911 -74.902 3.92694
36.9187 -74.8668 3.92736
37.0147 -75.028 3.92855
36.9789 -74.9565 3.92931
36.8724 -75.0109 3.92587
37.0353 -74.9807 3.92952
36.9341 -75.0025 3.92629
36.943 -74.9819 3.92762
36.8878 -74.9407 3.93114
36.9883 -75.0687 3.92771
36.9849 -75.0267 3.92873
36.9282 -75.0023 3.9236
37.0054 -75.0096 3.9284
36.8753 -75.0158 3.93019
36.9648 -74.9897 3.93026
37.0184 -75.0171 3.92609
36.9427 -74.9978 3.93041
36.9671 -74.9342 3.92809
36.9353 -74.9308 3.92861
37.0256 -74.95 3.93042
36.9322 -75.0071 3.92835
36.9461 -75.0339 3.93082
36.9727 -75.054 3.93046
37.0049 -75.0309 3.9248
36.9714 -74.9075 3.92507
36.951 -75.057 3.92911
36.9212 -74.9674 3.93094
36.936 -74.9432 3.92899
36.9094 -74.9265 3.92731
37.0674 -75.0512 3.93121
36.8878 -74.9169 3.92346
36.9726 -74.9538 3.93008
36.9672 -74.9829 3.92288
36.9826 -75.0369 3.92984
36.9933 -74.9472 3.92983
36.8946 -75.0441 3.92765
37.0181 -74.9016 3.92851
36.9926 -74.9358 3.9282
37.0387 -74.9834 3.92998
36.9996 -75.0477 3.92993
37.0662 -75.0276 3.92613
37.0826 -75.0733 3.92587
36.9534 -74.9962 3.92944
37.0174 -74.9797 3.93019
37.0942 -75.0966 3.92705
36.9086 -74.9028 3.92845
36.9552 -74.9836 3.92852
37.0078 -74.993 3.92633
36.9635 -75.0229 3.92724
37.0165 -74.9848 3.92919
36.9873 -74.9966 3.92545
36.9621 -75.0156 3.92748
36.9528 -75.0411 3.92844
36.955 -74.9615 3.92634
36.9363 -74.9648 3.92751
36.9466 -74.9681 3.93057
37.084 -74.9812 3.92808
36.9464 -74.9415 3.92772
36.924 -74.9828 3.92913
36.9345 -74.9855 3.92877
37.0002 -74.9102 3.93128
36.9758 -74.982 3.92872
36.9316 -74.9935 3.92769
37.0034 -74.9973 3.93109
36.9931 -74.9999 3.92909
36.9717 -74.9306 3.92641
37.0717 -75.046 3.9283
37.0805 -75.0683 3.92612
36.9507 -75.0694 3.93033
36.9369 -74.8974 3.92811
36.9319 -74.9255 3.92965
36.9274 -74.9614 3.92436
37.0136 -75.0018 3.92796
36.9286 -74.9622 3.92341
36.9809 -75.0718 3.93017
36.8969 -75.0161 3.93021
37.0422 -75.0609 3.9297
36.9436 -75.057 3.92839
36.962 -74.9333 3.93108
36.9763 -74.9308 3.92968
36.9618 -75.0412 3.92588
37.0402 -75.0427 3.92711
36.9766 -74.9734 3.92377
36.9882 -75.009 3.92977
36.9743 -74.9946 3.93222
37.0047 -75.0197 3.92666
37.0241 -75.0219 3.92427
36.9066 -74.9133 3.92782
37.0233 -74.9821 3.92928
36.9847 -74.9764 3.9287
36.9624 -74.9853 3.9268
37.0149 -74.9512 3.92733
36.9716 -75.0152 3.92773
36.9608 -75.0344 3.92797
36.9379 -74.8919 3.92956
36.9521 -74.9563 3.92558
36.9406 -74.9662 3.92541
36.9564 -74.9842 3.92612
36.9233 -74.9449 3.9276
36.9605 -74.8943 3.92321
36.9549 -74.9377 3.92713
36.9437 -75.0029 3.93225
36.9324 -74.9936 3.92769
36.9714 -74.9314 3.92853
36.9523 -74.9688 3.92859
36.9846 -74.969 3.92831
37.0241 -75.0681 3.93061
36.9816 -75.0376 3.93279
36.9735 -74.9565 3.93028
37.0263 -75.0028 3.93194
36.9856 -74.9824 3.92992
37.0012 -74.9427 3.9283
36.967 -74.9227 3.93103
36.9628 -74.967 3.93109
36.9188 -75.0366 3.9287
36.9822 -74.9545 3.92662
37.0302 -74.9474 3.92679
37.0548 -74.9384 3.92705
37.0431 -74.934 3.92683
36.9547 -74.8823 3.92982
36.9047 -74.9556 3.93003
37.0015 -75.0912 3.92688
36.9917 -74.9366 3.92645
37.0139 -74.9931 3.9255
37.0602 -75.091 3.92993
36.93 -74.9616 3.92854
36.9537 -74.8975 3.93239
36.9942 -75.0454 3.92863
37.0025 -74.8978 3.9285
36.9776 -74.9848 3.92644
36.8766 -74.9756 3.92749
36.9505 -75.0094 3.92788
37.0575 -74.8629 3.92884
36.9532 -74.9916 3.92723
36.9357 -74.9769 3.92762
36.9236 -74.9284 3.93058
36.891 -74.8661 3.93088
36.9456 -75.0791 3.92848
37.0457 -74.982 3.92896
37.0331 -74.9767 3.92647
37.1098 -74.9876 3.92942
36.9433 -74.8871 3.92859
36.9026 -74.9375 3.92964
36.938 -74.9453 3.9277
36.8839 -74.9338 3.92912
36.9484 -74.9252 3.92942
37.0006 -74.954 3.93238
37.0092 -74.989 3.92613
36.9572 -74.9293 3.92864
36.9113 -74.9983 3.92773
36.9802 -74.9812 3.93239
36.979 -74.9845 3.92588
36.977 -75.0867 3.92923
36.9953 -75.0356 3.9314
36.9363 -74.9459 3.92977
36.9382 -74.9493 3.9222
36.938 -74.9988 3.92889
36.9993 -75.0028 3.92756
36.9396 -75.0321 3.92951
37.017 -74.9598 3.9259
36.9086 -75.0123 3.92735
36.9451 -74.9533 3.92776
36.9216 -75.0413 3.92556
36.9449 -75.0393 3.92545
36.9593 -75.0516 3.92793
37.0028 -75.0162 3.92803
36.9545 -74.981 3.92497
36.9738 -74.9536 3.92756
36.9909 -75.0169 3.92857
36.9652 -74.8777 3.93287
36.9565 -75.0093 3.9306
36.9809 -75.0482 3.92823
36.9857 -74.9588 3.92882
36.964 -74.9762 3.92638
36.9988 -74.9958 3.92677
36.9942 -75.0468 3.92843
37.0469 -75.0303 3.92698
37.0162 -75.053 3.92974
36.9751 -75.0563 3.92564
36.9722 -74.9929 3.928
36.8598 -74.9395 3.92995
36.9 -74.8854 3.93016
36.925 -75.0268 3.92555
37.0053 -74.9963 3.9262
36.9439 -74.9787 3.92627
36.9953 -74.9455 3.9297
36.9123 -74.9462 3.92933
37.007 -75.0398 3.92538
36.9712 -74.9904 3.93225
36.9692 -74.9636 3.93188
36.9273 -74.9559 3.93043
36.883 -74.9943 3.93015
36.9594 -75.0771 3.93122
36.95 -74.9685 3.92698
36.9743 -74.9358 3.93216
37.0119 -75.0099 3.9251
36.8933 -74.9188 3.92755
37.0223 -75.0479 3.9297
36.9047 -74.9772 3.93233
36.9458 -75.0111 3.929
36.9366 -74.9301 3.92398
37.0123 -74.9854 3.92998
37.0091 -74.98 3.92342
36.944 -74.9946 3.93264
37.0376 -74.9706 3.92811
37.0431 -74.9362 3.92665
37.0336 -74.999 3.92911
36.9609 -75.0551 3.92596
37.0391 -74.9474 3.93035
36.941 -75.003 3.92817
36.9447 -74.9937 3.92604
36.996 -75.0318 3.9287
36.9903 -74.9972 3.92814
36.9673 -74.9491 3.9289
36.9636 -74.9296 3.92968
36.9535 -75.046 3.93206
37.0283 -74.9756 3.92863
37.0026 -75.0068 3.92652
36.8977 -74.9803 3.92601
37.0416 -74.9994 3.92764
36.9429 -74.9608 3.92446
36.9889 -75.0167 3.92637
36.9614 -74.9932 3.92983
36.9705 -75.0529 3.92747
36.8665 -74.9227 3.93025
36.8971 -74.9471 3.92974
36.9503 -75.098 3.92973
36.9934 -75.0203 3.93049
36.9147 -74.9741 3.9274
36.9927 -74.9458 3.9275
36.9713 -74.9273 3.92966
36.9343 -74.9731 3.92662
36.9356 -75.0223 3.92978
36.9363 -74.9382 3.92844
37.0041 -75.0141 3.92704
36.9381 -75.0185 3.93254
36.9504 -74.961 3.92964
36.8941 -74.9494 3.92934
36.9321 -75.0021 3.9294
36.9442 -75.0666 3.92813
36.9476 -74.9778 3.92826
36.9391 -75.0035 3.9306
36.9394 -74.9982 3.92847
37.0112 -75.0867 3.92707
36.9495 -74.9057 3.92534
37.0146 -75.0394 3.93089
37.0172 -75.0151 3.93037
36.9392 -74.9724 3.93008
36.922 -74.9363 3.92764
37.0594 -74.9632 3.93265
36.9806 -75.0198 3.93137
36.9343 -74.9161 3.9258
36.957 -75.0292 3.92728
37.0146 -75.0092 3.92926
36.9562 -75.0624 3.92489
36.9461 -74.9165 3.9284
36.9732 -74.9312 3.92989
36.9308 -74.9798 3.92898
37.0418 -75.0554 3.92669
36.9584 -74.9793 3.92584
36.9671 -74.9803 3.92875
37.0276 -74.9616 3.92784
37.0179 -74.9976 3.92629
36.9139 -74.8637 3.92749
36.9289 -75.1068 3.93138
36.9876 -74.8794 3.93099
36.9237 -74.9514 3.92765
36.9278 -75.0431 3.92835
37.0013 -75.0299 3.92671
37.0431 -74.9493 3.93037
36.9869 -75.0231 3.92621
36.9809 -74.936 3.93168
36.9845 -75.0392 3.92876
36.9589 -75.0036 3.9282
36.9357 -74.8649 3.92976
36.9223 -75.0468 3.92882
36.9539 -74.9773 3.92494
36.9804 -74.9593 3.92953
37.0247 -74.9233 3.92825
36.9781 -75.0089 3.92921
36.906 -74.9295 3.92863
36.8838 -74.92 3.92781
36.9981 -74.9066 3.92399
37.0115 -74.9326 3.92373
36.9483 -74.9184 3.92759
36.954 -74.9709 3.93279
37.0413 -75.0381 3.92676
36.9822 -74.974 3.92786
37.0023 -74.943 3.92861
36.9901 -74.9686 3.92911
36.9798 -75.0269 3.92608
36.9801 -75.0647 3.9309
36.9833 -75.1088 3.92922
36.8931 -74.9798 3.93268
36.9287 -74.9444 3.93184
37.0396 -75.0522 3.93247
37.0695 -74.9877 3.92921
36.963 -74.9646 3.92961
36.9645 -75.0623 3.93047
36.9576 -75.0079 3.9302
36.9226 -75.0066 3.92812
36.9709 -75.0295 3.9283
36.9553 -74.8696 3.9302
36.9025 -74.9041 3.93175
37.0327 -75.0172 3.92813
37.0395 -75.0448 3.9283
36.9812 -74.9234 3.92844
36.9306 -74.9672 3.92692
36.9393 -74.9223 3.92608
36.9802 -74.9838 3.92716
36.9919 -74.9819 3.92958
36.9708 -74.9555 3.93068
37.0196 -74.8724 3.92989
36.9721 -75.0111 3.92974
37.0756 -75.0309 3.9268
37.0067 -74.9521 3.92784
36.9933 -74.8876 3.92928
37.0084 -74.9995 3.92786
36.9468 -74.9374 3.93105
36.9116 -74.9562 3.93077
36.8782 -74.9176 3.93072
37.0035 -75.0346 3.93065
36.925 -75.0048 3.92657
36.9879 -74.947 3.92892
36.9221 -74.9423 3.92901
36.9224 -74.9142 3.92723
36.8954 -74.9914 3.92392
36.9417 -74.958 3.92711
37.0667 -74.923 3.93183
37.0239 -74.9843 3.92961
36.9574 -74.9721 3.92884
36.9528 -74.9871 3.93008
36.9932 -75.0278 3.9265
36.9829 -75.0174 3.92596
36.9678 -75.079 3.92991
37.0219 -75.0627 3.93109
36.9387 -74.9642 3.92927
37.0407 -75.0694 3.92906
37.0468 -75.0751 3.92805
36.9981 -74.9776 3.93075
36.9463 -74.9599 3.92905
36.9359 -74.93 3.92368
37.0345 -74.9364 3.92884
36.9722 -75.0102 3.92784
36.9279 -74.9742 3.92902
36.9578 -74.969 3.92654
37.0526 -75.0005 3.92664
36.9274 -75.0381 3.92602
37.0348 -75.0524 3.93267
37.04 -75.0936 3.92645
36.9872 -75.0348 3.93148
36.9665 -74.8839 3.93022
36.9339 -75.0207 3.92605
37.0251 -74.998 3.92644
36.987 -75.008 3.92821
37.006 -74.9988 3.92702
37.0474 -74.9953 3.92807
37.0442 -75.0236 3.92899
36.9916 -75.0719 3.93092
36.9887 -75.0492 3.92564
36.9371 -75.0632 3.92612
36.9879 -75.046 3.92994
36.984 -75.0839 3.92926
36.9941 -75.0684 3.9317
36.9716 -75.0021 3.92634
36.9642 -74.9788 3.92752
36.9679 -75.0285 3.93055
36.8578 -74.9828 3.92818
36.9314 -74.9336 3.93061
36.922 -74.9564 3.92523
36.911 -74.9394 3.9263
36.9497 -74.9599 3.92712
36.8851 -75.0074 3.9305
37.0098 -74.9142 3.93106
36.9615 -75.0038 3.92758
36.94 -75.0219 3.92978
36.9854 -74.9447 3.92728
37.0336 -75.0498 3.92691
36.9211 -74.9547 3.9256
36.9506 -75.0138 3.92866
36.9535 -74.9665 3.93136
36.9309 -74.9459 3.92795
36.932 -74.9361 3.92968
36.9645 -74.9157 3.92509
37.0376 -74.9635 3.9279
36.9441 -74.9642 3.9281
37.0595 -74.9931 3.92848
36.9352 -74.9526 3.92804
36.969 -75.073 3.92865
36.9473 -75.0277 3.92811
36.9387 -75.0599 3.92975
36.9619 -74.9578 3.9316
36.9146 -75.0091 3.92701
37.0139 -74.9801 3.92754
36.9633 -74.9933 3.92878
36.9984 -75.032 3.93069
36.9256 -74.9815 3.92678
36.9821 -74.9835 3.92659
37.0017 -74.9717 3.92759
36.9411 -74.8481 3.9332
36.9333 -74.9166 3.92778
36.9908 -74.8882 3.93196
36.9507 -75.0261 3.92727
36.9797 -75.0366 3.92862
37.0971 -74.9307 3.92879
37.0231 -75.0521 3.92632
37.0229 -75.0369 3.92994
36.9824 -74.926 3.92972
36.9621 -74.8862 3.93024
36.9986 -75.038 3.9251
36.8909 -74.9512 3.931
36.9542 -75.0158 3.92547
36.9836 -74.9673 3.92628
36.9962 -74.9838 3.92912
37.0759 -75.0152 3.92704
37.1005 -74.9891 3.92831
36.948 -74.9212 3.92675
36.9049 -74.9791 3.93293
36.9918 -75.0231 3.9264
37.0396 -75.001 3.93096
36.9913 -74.9776 3.92706
36.9618 -75.0097 3.92644
36.9512 -75.008 3.92927
36.9623 -74.9819 3.93049
36.9955 -74.969 3.92853
36.9274 -74.9687 3.92801
36.9324 -75.0306 3.92749
37.0169 -75.0514 3.92672
36.9811 -75.0727 3.92856
36.9304 -74.9771 3.92931
37.0454 -74.9714 3.93209
36.8808 -74.9188 3.92411
37.0273 -74.98 3.92858
37.0005 -74.9247 3.93002
36.9578 -74.9907 3.92298
37.0041 -75.0003 3.92734
37.0487 -74.8689 3.92746
36.9693 -74.9681 3.92958
36.9207 -74.9123 3.93086
36.9566 -75.0298 3.92859
36.9816 -75.0469 3.92506
36.9749 -75.0045 3.92771
36.9959 -74.9846 3.93272
36.9787 -75.0386 3.92643
37.0564 -75.0858 3.92557
37.0606 -74.957 3.92854
37.0401 -75.0531 3.92471
36.9403 -74.9714 3.92831
36.9454 -74.9899 3.92667
37.0299 -74.9829 3.92887
37.0859 -74.9711 3.92929
37.0088 -74.9766 3.93085
36.943 -74.98 3.9252
36.9309 -75.0424 3.93142
36.9723 -74.9901 3.92904
37.0041 -75.0129 3.93039
36.9576 -74.9744 3.92798
37.0346 -74.9225 3.92822
36.9563 -74.9548 3.93007
36.9187 -74.9788 3.92925
36.9979 -75.0017 3.93023
37.005 -75.0304 3.92906
36.9128 -74.9322 3.92849
37.0055 -75.0619 3.92725
36.936 -74.9488 3.92454
36.9506 -74.9641 3.9322
36.9637 -74.9344 3.92758
37.3724 -70.8408 3.93216
