13.016 4.00048 0.305189
13.0615 3.99233 0.304802
13.0613 4.05352 0.303774
12.9684 4.05997 0.303466
13.0191 4.05209 0.305391
13.0144 4.03845 0.306091
12.9832 4.00507 0.305917
12.9974 4.0988 0.303315
13.0461 4.05714 0.303607
13.0107 4.07926 0.303746
12.9653 4.13838 0.300905
12.9749 4.06056 0.303123
13.0421 4.03407 0.30155
12.9979 4.04234 0.305121
12.9921 4.02226 0.302958
13.0027 4.02105 0.303208
12.9531 4.08824 0.304892
12.9531 4.08824 0.304892
13.0294 4.05163 0.303347
13.0317 3.98749 0.304905
13.0882 4.03402 0.305077
13.041 4.02541 0.303698
12.9587 4.08736 0.303665
13.0179 4.09927 0.305446
13.0285 4.02569 0.303949
13.062 3.99061 0.306572
12.9881 4.04485 0.300191
13.0224 4.03052 0.305217
13.0013 4.03893 0.30424
13.0121 4.03945 0.304366
13.0229 4.03981 0.303455
12.9919 4.11339 0.304161
13.0016 3.98225 0.307561
12.988 4.09134 0.308862
13.0081 4.01771 0.307076
13.0451 4.02675 0.30496
12.9841 4.0707 0.30522
13.0298 4.06928 0.303133
13.0052 4.06191 0.303602
12.99 4.09142 0.303799
12.99 4.09142 0.303799
12.9723 4.03365 0.303518
13.0024 4.03796 0.304447
13.0024 4.03796 0.304447
12.9777 4.10189 0.307507
13.0105 4.01739 0.304833
13.0097 4.06604 0.305163
13.05 4.01301 0.301712
12.9993 3.9588 0.305302
12.9726 4.14386 0.304121
12.977 4.00997 0.304658
13.0114 4.10595 0.302884
12.9607 4.13872 0.308209
13.0347 3.98844 0.303094
13.075 4.06499 0.304018
13.0582 4.06319 0.303425
12.9707 4.08606 0.305286
12.9947 4.07455 0.306575
12.9947 4.07455 0.306575
13.037 3.91754 0.305436
13.0613 4.05352 0.303774
12.9717 4.02132 0.305884
13.0146 4.07672 0.306097
13.0243 4.01755 0.304419
12.9974 4.0988 0.303315
12.9815 4.06155 0.306501
13.0107 4.07926 0.303746
12.9653 4.13838 0.300905
12.9916 4.08861 0.306076
12.9198 4.05295 0.305718
13.0466 4.06269 0.303244
13.0466 4.06269 0.303244
12.9921 4.02226 0.302958
13.0027 4.02105 0.303208
12.9531 4.08824 0.304892
12.9531 4.08824 0.304892
13.0333 3.92675 0.303873
13.0103 4.10351 0.304043
13.0484 3.99747 0.303198
12.9858 3.99828 0.306898
13.0331 4.0443 0.305634
12.9587 4.08736 0.303665
12.9587 4.08736 0.303665
12.9973 4.11584 0.30548
12.9845 4.13534 0.307205
12.9678 4.07159 0.306228
12.9881 4.04485 0.300191
13.0727 4.02432 0.305664
13.0148 4.01296 0.305004
13.0207 4.10487 0.303377
13.0046 3.94881 0.303361
13.0727 4.04271 0.303348
13.0749 3.98224 0.307637
13.0486 4.07923 0.303418
12.9924 4.12722 0.305562
13.0751 4.03583 0.30387
13.0081 4.01771 0.307076
13.0576 4.08058 0.30423
12.9841 4.0707 0.30522
13.0386 4.00561 0.306316
13.0052 4.06191 0.303602
12.99 4.09142 0.303799
12.9807 4.07306 0.306729
13.0024 4.03796 0.304447
13.0506 4.01425 0.301227
12.9777 4.10189 0.307507
12.9922 4.0397 0.306003
12.9796 4.0522 0.304904
12.9726 4.14386 0.304121
12.981 4.09947 0.303961
13.0272 4.03538 0.304886
13.0423 4.01147 0.305441
12.9843 4.04905 0.309066
13.0188 4.01213 0.304195
13.0903 4.04523 0.301994
12.9879 4.08812 0.304012
12.9879 4.08812 0.304012
12.9707 4.08606 0.305286
12.9684 4.05997 0.303466
13.0146 4.07672 0.306097
13.0696 4.05476 0.304903
12.9974 4.0988 0.303315
13.0056 4.09534 0.304793
12.9653 4.13838 0.300905
13.1188 4.01393 0.301594
12.9749 4.06056 0.303123
13.0466 4.06269 0.303244
13.0046 3.94635 0.307476
13.0651 4.00795 0.301787
13.0027 4.02105 0.303208
12.9531 4.08824 0.304892
12.9886 4.08461 0.30438
12.9886 4.08461 0.30438
13.0882 4.03402 0.305077
13.0073 4.05878 0.306529
13.0484 4.04552 0.306142
13.0264 4.01626 0.30467
12.9587 4.08736 0.303665
12.9587 4.08736 0.303665
12.9602 4.07985 0.304907
12.9602 4.07985 0.304907
12.9973 4.11584 0.30548
12.9678 4.07159 0.306228
12.9678 4.07159 0.306228
13.0013 4.0849 0.30413
13.0236 3.93128 0.303177
13.0207 4.10487 0.303377
13.0121 4.03945 0.304366
13.0229 4.03981 0.303455
12.9919 4.11339 0.304161
13.0486 4.07923 0.303418
13.0486 4.07923 0.303418
13.0486 4.07923 0.303418
12.9863 4.07478 0.30429
12.9863 4.07478 0.30429
12.9912 4.05043 0.308884
13.0362 4.03228 0.304587
13.093 4.02161 0.303401
12.9841 4.0707 0.30522
12.9841 4.0707 0.30522
13.0298 4.06928 0.303133
13.0052 4.06191 0.303602
12.99 4.09142 0.303799
12.99 4.09142 0.303799
13.0432 4.05009 0.305648
13.0217 3.97471 0.306963
13.0103 4.01677 0.302981
13.0477 3.98319 0.302213
12.9779 4.07259 0.303157
12.9796 4.0522 0.304904
13.0175 4.08151 0.305667
13.05 4.01301 0.301712
12.981 4.09947 0.303961
13.007 4.08759 0.303994
13.007 4.08759 0.303994
13.0114 4.10595 0.302884
13.0347 3.98844 0.303094
12.9305 4.03711 0.305994
12.9879 4.08812 0.304012
12.9879 4.08812 0.304012
12.9787 4.00393 0.3072
12.9707 4.08606 0.305286
13.0613 4.05352 0.303774
13.0146 4.07672 0.306097
12.9699 4.02489 0.30761
12.9974 4.0988 0.303315
13.0056 4.09534 0.304793
12.9653 4.13838 0.300905
12.9916 4.08861 0.306076
12.9749 4.06056 0.303123
12.9749 4.06056 0.303123
13.0466 4.06269 0.303244
12.9979 4.04234 0.305121
12.9921 4.02226 0.302958
12.9826 4.13811 0.305529
13.0103 4.10351 0.304043
13.0103 4.10351 0.304043
13.0417 4.07724 0.303581
13.0484 4.04552 0.306142
13.0264 4.01626 0.30467
12.9587 4.08736 0.303665
12.9973 4.11584 0.30548
12.9973 4.11584 0.30548
12.9973 4.11584 0.30548
13.0516 4.01635 0.302691
12.9845 4.13534 0.307205
12.9678 4.07159 0.306228
12.9881 4.04485 0.300191
13.0207 4.10487 0.303377
13.0046 3.94881 0.303361
12.9856 4.11274 0.307482
12.9919 4.11339 0.304161
13.0486 4.07923 0.303418
13.0486 4.07923 0.303418
13.0492 4.07647 0.302708
12.9863 4.07478 0.30429
12.9877 3.92441 0.305903
13.0298 4.06928 0.303133
13.0043 4.02681 0.305217
13.0051 4.01619 0.301811
12.99 4.09142 0.303799
12.9723 4.03365 0.303518
13.0526 4.05756 0.305502
13.0579 4.01597 0.306898
13.0287 4.06055 0.307775
12.9796 4.0522 0.304904
12.9796 4.0522 0.304904
12.9854 4.00105 0.308257
12.9726 4.14386 0.304121
12.981 4.09947 0.303961
13.007 4.08759 0.303994
13.0114 4.10595 0.302884
13.0903 4.04523 0.301994
12.9641 4.06566 0.305607
13.0582 4.06319 0.303425
13.0095 4.0556 0.307453
12.9906 4.05572 0.309052
12.9717 4.02132 0.305884
12.9684 4.05997 0.303466
12.9684 4.05997 0.303466
13.0243 4.01755 0.304419
12.9974 4.0988 0.303315
13.0056 4.09534 0.304793
13.0107 4.07926 0.303746
13.0252 4.03658 0.307431
12.9749 4.06056 0.303123
12.9749 4.06056 0.303123
12.9198 4.05295 0.305718
12.9921 4.02226 0.302958
12.9826 4.13811 0.305529
13.0317 3.98749 0.304905
13.0103 4.10351 0.304043
13.0056 4.12076 0.305831
13.0265 3.945 0.308684
12.9587 4.08736 0.303665
12.9973 4.11584 0.30548
12.9678 4.07159 0.306228
12.9971 4.02616 0.305033
13.0236 3.93128 0.303177
13.0727 4.04271 0.303348
13.0121 4.03945 0.304366
13.0229 4.03981 0.303455
12.9924 4.12722 0.305562
12.9863 4.07478 0.30429
13.0022 4.05976 0.306955
13.0362 4.03228 0.304587
12.9888 3.95829 0.307182
13.0153 4.09992 0.305372
13.0043 4.02681 0.305217
13.0185 4.11223 0.30185
12.9807 4.07306 0.306729
13.0111 4.01025 0.307871
13.0024 4.03796 0.304447
13.006 4.02438 0.304937
13.0202 3.92091 0.304631
13.0528 4.02779 0.306572
12.965 4.07708 0.309955
13.0485 4.02492 0.306298
13.05 4.01301 0.301712
13.0008 4.04655 0.308883
12.977 4.00997 0.304658
13.0114 4.10595 0.302884
12.9453 4.03295 0.305574
13.0623 4.00588 0.306604
12.9641 4.06566 0.305607
12.9879 4.08812 0.304012
12.9707 4.08606 0.305286
13.0613 4.05352 0.303774
13.0312 3.96214 0.308446
13.0303 4.10109 0.303914
13.0696 4.05476 0.304903
13.0215 4.04878 0.304156
13.0107 4.07926 0.303746
12.9653 4.13838 0.300905
12.9749 4.06056 0.303123
13.0421 4.03407 0.30155
12.9943 4.05726 0.306744
12.9531 4.08824 0.304892
12.9531 4.08824 0.304892
12.9826 4.13811 0.305529
12.9886 4.08461 0.30438
13.0701 4.01609 0.305844
13.0331 4.0443 0.305634
12.9647 4.11554 0.306691
12.9587 4.08736 0.303665
12.9587 4.08736 0.303665
12.9587 4.08736 0.303665
12.9973 4.11584 0.30548
12.9973 4.11584 0.30548
12.9845 4.13534 0.307205
13.0013 4.0849 0.30413
13.0217 4.10271 0.30672
13.0148 4.01296 0.305004
13.0207 4.10487 0.303377
13.0727 4.04271 0.303348
13.0003 4.07841 0.307991
12.9919 4.11339 0.304161
12.9919 4.11339 0.304161
12.9924 4.12722 0.305562
12.9852 4.04164 0.306869
13.0081 4.01771 0.307076
13.0081 4.01771 0.307076
12.9863 4.07478 0.30429
13.0022 4.05976 0.306955
13.0576 4.08058 0.30423
13.0576 4.08058 0.30423
12.9895 4.02332 0.307666
13.0097 4.05709 0.307002
13.0052 4.06191 0.303602
13.0185 4.11223 0.30185
12.99 4.09142 0.303799
13.0359 3.92594 0.307788
13.0432 4.05009 0.305648
13.0024 4.03796 0.304447
13.0526 4.05756 0.305502
13.0458 4.00002 0.305475
13.0348 3.97626 0.302999
13.0105 4.01739 0.304833
13.0097 4.06604 0.305163
13.05 4.01301 0.301712
12.9726 4.14386 0.304121
12.9631 4.00063 0.305242
12.9631 4.00063 0.305242
13.0114 4.10595 0.302884
13.0114 4.10595 0.302884
13.0188 4.01213 0.304195
13.0903 4.04523 0.301994
12.9641 4.06566 0.305607
12.9879 4.08812 0.304012
13.0582 4.06319 0.303425
12.9947 4.07455 0.306575
12.9684 4.05997 0.303466
13.0303 4.10109 0.303914
12.9911 4.0668 0.306571
12.9974 4.0988 0.303315
13.0056 4.09534 0.304793
12.9653 4.13838 0.300905
12.9653 4.13838 0.300905
12.9916 4.08861 0.306076
13.0328 4.04563 0.305928
12.9979 4.04234 0.305121
13.0651 4.00795 0.301787
12.9826 4.13811 0.305529
13.0017 3.99152 0.306955
13.0701 4.01609 0.305844
13.0137 4.04752 0.307083
13.0056 4.12076 0.305831
12.9647 4.11554 0.306691
12.9587 4.08736 0.303665
12.9734 4.08736 0.306614
13.007 4.09147 0.306556
13.0285 4.02569 0.303949
13.0013 4.0849 0.30413
12.9881 4.04485 0.300191
13.0013 4.03893 0.30424
13.0013 4.03893 0.30424
13.0121 4.03945 0.304366
13.0121 4.03945 0.304366
12.9919 4.11339 0.304161
13.0373 4.00744 0.30606
12.9924 4.12722 0.305562
13.0751 4.03583 0.30387
12.9863 4.07478 0.30429
13.0182 4.02243 0.305629
13.0298 4.06928 0.303133
13.0153 4.09992 0.305372
13.0052 4.06191 0.303602
13.0185 4.11223 0.30185
13.0185 4.11223 0.30185
13.0134 4.10046 0.306379
13.0432 4.05009 0.305648
13.0024 4.03796 0.304447
13.0165 3.97871 0.306805
13.0219 3.96485 0.305855
12.9922 4.0397 0.306003
13.0175 4.08151 0.305667
12.9993 3.9588 0.305302
12.9726 4.14386 0.304121
12.9726 4.14386 0.304121
12.977 4.00997 0.304658
13.0114 4.10595 0.302884
12.9607 4.13872 0.308209
13.0188 4.01213 0.304195
12.9978 3.95726 0.307055
13.0582 4.06319 0.303425
13.0582 4.06319 0.303425
12.9947 4.07455 0.306575
12.9684 4.05997 0.303466
12.9684 4.05997 0.303466
12.9699 4.02489 0.30761
12.9974 4.0988 0.303315
13.0056 4.09534 0.304793
13.0056 4.09534 0.304793
13.0461 4.05714 0.303607
12.9653 4.13838 0.300905
12.9749 4.06056 0.303123
13.0421 4.03407 0.30155
13.0421 4.03407 0.30155
12.9198 4.05295 0.305718
13.0027 4.02105 0.303208
12.9826 4.13811 0.305529
13.0317 3.98749 0.304905
13.0417 4.07724 0.303581
13.0802 3.96449 0.308427
13.0484 3.99747 0.303198
13.0073 4.05878 0.306529
13.0265 4.09946 0.306934
12.9587 4.08736 0.303665
12.9587 4.08736 0.303665
12.9602 4.07985 0.304907
13.0516 4.01635 0.302691
13.0217 4.10271 0.30672
13.0013 4.03893 0.30424
12.9849 4.07679 0.308049
12.9919 4.11339 0.304161
12.9919 4.11339 0.304161
13.0492 4.07647 0.302708
12.9227 4.0982 0.310101
13.093 4.02161 0.303401
13.0298 4.06928 0.303133
12.9797 4.06083 0.309314
13.0185 4.11223 0.30185
13.0185 4.11223 0.30185
12.99 4.09142 0.303799
12.99 4.09142 0.303799
12.99 4.09142 0.303799
13.0134 4.10046 0.306379
12.9807 4.07306 0.306729
13.0024 4.03796 0.304447
12.9777 4.10189 0.307507
12.9779 4.07259 0.303157
12.9992 4.0863 0.306971
12.9726 4.14386 0.304121
12.981 4.09947 0.303961
12.977 4.00997 0.304658
13.007 4.08759 0.303994
13.0114 4.10595 0.302884
13.0188 4.01213 0.304195
13.0347 3.98844 0.303094
12.9978 3.95726 0.307055
12.9879 4.08812 0.304012
12.9879 4.08812 0.304012
12.9906 4.05572 0.309052
13.0613 4.05352 0.303774
12.9684 4.05997 0.303466
13.0303 4.10109 0.303914
13.0146 4.07672 0.306097
13.0243 4.01755 0.304419
12.9968 4.00503 0.306662
12.9974 4.0988 0.303315
13.0016 4.01567 0.304551
13.0107 4.07926 0.303746
13.0107 4.07926 0.303746
12.9653 4.13838 0.300905
12.9749 4.06056 0.303123
12.9749 4.06056 0.303123
13.0421 4.03407 0.30155
12.9198 4.05295 0.305718
12.9943 4.05726 0.306744
12.9921 4.02226 0.302958
12.9531 4.08824 0.304892
12.9531 4.08824 0.304892
12.9826 4.13811 0.305529
13.0294 4.05163 0.303347
12.9886 4.08461 0.30438
13.0417 4.07724 0.303581
13.0113 4.10491 0.307263
13.0056 4.12076 0.305831
13.0265 4.09946 0.306934
12.9734 4.08736 0.306614
12.9602 4.07985 0.304907
12.9973 4.11584 0.30548
13.0179 4.09927 0.305446
12.971 4.02891 0.307884
12.9971 4.02616 0.305033
13.0013 4.03893 0.30424
13.0447 4.00656 0.306301
12.9963 3.98518 0.303686
12.9919 4.11339 0.304161
12.3733 4.81579 0.308765
13.0015 4.09331 0.306461
13.0486 4.03281 0.303829
13.0448 4.0792 0.303885
13.0324 4.06113 0.306064
12.995 4.01437 0.306256
12.9645 4.01422 0.304976
12.9459 4.06642 0.305995
13.0375 4.09454 0.304824
12.9595 3.91519 0.305125
13.0221 4.03931 0.304205
13.0942 4.0412 0.307227
13 3.99637 0.307455
13.0109 4.00213 0.307354
12.9878 4.01529 0.305678
13.0016 4.0488 0.305069
13.0455 4.04834 0.306964
13.0391 4.05529 0.305493
12.9771 4.10109 0.304916
12.9934 3.9885 0.305556
13.0451 4.02208 0.304924
13.0071 4.10786 0.304674
12.9807 4.05812 0.305238
12.9774 4.04433 0.306871
12.9757 3.98147 0.303938
13.0599 4.04344 0.306117
13.0695 4.03942 0.302712
12.943 4.1027 0.306217
12.9571 4.07045 0.303527
13.0219 4.0605 0.304915
12.9362 4.17228 0.305591
12.9906 4.08536 0.304384
13.0675 4.06327 0.304344
13.0293 4.0883 0.303332
13.0055 4.05398 0.305199
13.0155 4.01871 0.306272
13.0637 4.05512 0.301697
13.0357 3.98605 0.307588
12.9808 4.04608 0.30472
13.0014 4.05801 0.301435
13.0361 4.04915 0.303386
12.9632 4.04877 0.308267
12.9738 4.07909 0.307081
12.999 4.12106 0.304992
13.0158 4.11106 0.304457
13.0299 3.99919 0.304891
13.1133 3.98885 0.304693
13.0772 4.01517 0.305558
13.0287 3.97158 0.304496
13.0332 4.01889 0.305366
12.98 4.09398 0.307348
12.954 4.10041 0.304074
13.0515 3.94908 0.305638
13.0246 4.07816 0.306905
12.9716 3.94176 0.306896
12.9634 4.02031 0.30527
13.0216 4.0601 0.306293
13.0098 4.03426 0.303105
13.0234 3.98825 0.305445
13.0027 4.06655 0.305811
13.0182 4.08386 0.307756
13.034 4.08081 0.30436
13.0206 4.05621 0.302179
13.0067 4.09714 0.303557
13.0043 4.09612 0.303696
13.0365 4.03277 0.303953
13.003 4.01451 0.305428
12.9848 4.08996 0.30322
13.0704 4.05796 0.303011
13.031 4.08824 0.305745
12.9824 4.05376 0.308176
12.9483 4.0633 0.307147
13.0017 4.04018 0.305462
13.046 4.08329 0.303603
13.0345 4.0923 0.306995
13.0518 4.07124 0.306023
12.9482 4.06734 0.30617
12.9459 4.06368 0.306113
13.0385 4.09735 0.304894
13.0542 4.08183 0.301191
12.9806 3.98095 0.307791
13.0238 4.10328 0.306075
12.9969 4.02752 0.305577
13.004 4.07037 0.305206
12.9993 4.02751 0.303016
13.03 4.09512 0.308196
13.0735 4.01599 0.30548
13.0097 4.09149 0.308597
12.9857 4.09758 0.305255
12.994 4.1054 0.305731
12.9929 4.09903 0.305597
12.9759 4.02266 0.304374
13.0126 4.11082 0.304788
12.9812 4.05139 0.305148
13.0288 3.968 0.305339
12.9662 3.97562 0.303926
13.0309 4.06913 0.304555
13.0133 4.01301 0.304901
12.9552 4.07392 0.30357
12.9895 4.05928 0.306133
13.0107 4.05503 0.303795
13.075 4.05609 0.304419
13.0779 3.97095 0.306791
13.0047 4.05134 0.305189
13.0099 4.05259 0.305037
12.9941 4.04263 0.304145
13.02 4.01875 0.306265
12.9721 4.0463 0.304616
13.0215 4.02236 0.305711
13.0784 4.05613 0.302215
13.0484 4.0502 0.304725
13.1041 3.9622 0.304069
13.0477 4.05946 0.30557
13.109 3.99303 0.305403
13.0127 4.10627 0.304431
12.9935 4.08911 0.302282
12.9936 3.99983 0.305813
13.0045 4.10032 0.305867
13.078 4.03818 0.304699
13.0049 4.08256 0.304398
13.0075 4.08211 0.30462
12.984 4.02599 0.307487
12.956 4.10561 0.304114
12.9544 4.09795 0.304009
13.0421 4.09596 0.308767
12.9815 4.03083 0.304319
12.9655 4.13572 0.305952
13.0476 4.07419 0.3055
12.9623 4.02693 0.306161
13.0452 4.02054 0.305601
13.0436 4.02136 0.305349
13.0204 4.06855 0.306267
13.0051 4.03366 0.304941
13.0344 3.98269 0.302857
13.0067 4.0667 0.305765
12.9875 3.97991 0.304736
13.039 4.07823 0.304561
13.0096 4.0921 0.303682
13.0436 4.03703 0.304085
12.979 4.09416 0.302961
13.0723 4.06171 0.303116
13.0247 4.0832 0.305915
13.0324 4.03117 0.307137
13.0386 4.09574 0.3073
12.9728 4.07765 0.305751
13.0019 4.02475 0.303263
12.9499 4.06151 0.306021
12.9423 4.06676 0.305921
13.0401 4.00303 0.302762
13.0356 4.06322 0.305857
13.0566 4.03909 0.306268
13.0075 4.05731 0.304851
12.9996 4.03031 0.303337
13.0026 4.04688 0.304834
12.9755 4.02417 0.305463
12.9797 4.01647 0.305297
13.0026 4.07942 0.308434
13.0607 4.0262 0.30431
13.0428 4.07695 0.306927
12.9461 4.10181 0.306423
13.0572 4.0004 0.303521
12.9794 4.01878 0.30452
13.0037 4.10903 0.304593
12.9738 4.05676 0.305399
12.9795 4.09708 0.305562
12.9716 4.09486 0.305596
13.0585 4.0209 0.30515
12.9817 4.06067 0.302494
13.0298 4.06818 0.304516
12.997 4.04662 0.304627
12.9554 4.06927 0.303371
12.9555 4.07259 0.303578
12.9349 4.17577 0.30573
13.0099 4.05062 0.304122
13.0691 4.05698 0.304514
13.0213 4.08193 0.306618
12.9921 4.04459 0.304253
13.0248 4.03052 0.303234
13.0725 4.00588 0.304423
13.0572 4.05338 0.301884
13.0089 4.11197 0.307865
12.9097 4.04506 0.305177
13.0573 4.04537 0.30465
13.0811 4.05291 0.302262
13.0364 4.04763 0.303345
13.1002 3.96392 0.304002
13.0471 4.07116 0.305705
13.0127 4.10944 0.304569
13.0328 4.05666 0.3046
13.0635 4.04512 0.302512
12.9603 4.02391 0.307686
13.0031 4.10196 0.305873
13.0518 4.04504 0.302603
13.022 4.00939 0.307628
13.0073 4.07981 0.304497
12.9871 4.09053 0.307343
12.9543 4.1026 0.304117
12.9612 3.98493 0.303843
12.9684 4.13625 0.305724
12.9737 3.93776 0.306809
13.0537 4.0519 0.304402
13.0544 4.07514 0.305346
12.9703 4.02379 0.305415
13.0031 4.1085 0.30675
13.0354 3.98867 0.30289
13.075 4.04239 0.30542
13.0017 4.06114 0.305801
13.0385 4.0791 0.304344
13.048 4.0127 0.304238
13.1275 4.00852 0.30618
13.0835 4.01803 0.305092
13.0018 4.08805 0.305309
12.999 4.00844 0.304316
12.981 4.08861 0.303115
13.0688 4.05435 0.303084
13.0291 4.07628 0.305948
12.9891 4.03191 0.305537
12.9849 4.01739 0.307473
13.0373 4.09528 0.307157
13.0512 4.05315 0.304313
13.0393 4.09441 0.304959
12.996 4.07899 0.306369
13.0573 4.07672 0.301284
13.0265 4.03758 0.304097
12.998 4.02732 0.305601
12.9951 4.02763 0.303357
12.9978 4.0203 0.306383
13.022 4.08874 0.308328
13.0094 4.06576 0.304651
12.9975 4.02284 0.307614
13.0736 4.02041 0.305332
12.9866 4.0999 0.305137
13.0005 3.98205 0.305506
13.0223 3.98871 0.307512
13.0305 3.9763 0.304345
12.9782 4.01882 0.304376
13.0083 4.10638 0.304472
12.9717 4.04543 0.306867
13.0046 4.05005 0.307256
12.9809 4.06137 0.302259
12.9855 4.11618 0.307815
13.0281 4.0585 0.304515
13.0314 4.00973 0.305359
13.0023 4.03796 0.304538
12.9565 4.07927 0.303593
12.9859 4.06204 0.30629
12.9926 4.08289 0.304425
13.0305 4.00943 0.307088
12.9724 4.02968 0.305503
13.0888 4.0374 0.305442
13.01 4.05228 0.305179
12.9804 4.03927 0.305691
13.0218 4.01857 0.306068
13.0254 4.01147 0.305066
12.9933 4.04945 0.301459
12.9097 4.04883 0.305432
13.0334 4.04693 0.303207
12.9758 4.08403 0.306962
13.0355 4.03482 0.305704
13.0061 4.12017 0.304922
13.0011 4.12497 0.304903
13.0025 4.12376 0.305024
13.0453 4.00849 0.302898
12.999 4.09895 0.302323
13.0498 4.05053 0.304195
13.0206 4.07644 0.306046
13.022 4.02211 0.304211
13.086 4.01479 0.306293
13.0068 4.08364 0.304356
13.0056 4.04631 0.307221
12.9616 3.97554 0.30376
13.0893 3.92088 0.302932
13.057 4.04957 0.304242
12.958 4.01765 0.306212
13.0051 4.10901 0.306881
12.9812 4.02589 0.307732
13.0688 4.03985 0.305478
12.992 3.98637 0.304241
13.0426 4.0201 0.304295
13.0156 4.0581 0.301972
13.0562 4.00781 0.305113
12.999 4.01073 0.304285
13.0178 4.01827 0.302823
12.9916 3.98389 0.305924
13.0482 4.08108 0.303865
13.0579 3.95659 0.30423
13.1136 3.99268 0.304246
13.0237 4.06414 0.306026
13.0461 4.04924 0.305528
12.9502 4.06238 0.305984
13.0184 4.06034 0.308754
13.0105 4.09809 0.305879
13.0552 4.07989 0.301172
13.0211 4.03717 0.304084
13.0054 4.05851 0.304745
13.0638 3.99811 0.304413
12.99 4.0293 0.305731
12.9871 4.01456 0.30554
12.997 4.05023 0.305004
13.0094 4.06716 0.304717
13.0684 4.02807 0.304006
12.949 4.1009 0.306294
13.0259 4.01525 0.304408
13.003 4.10403 0.305728
13.0015 4.11166 0.304826
12.9696 4.05221 0.305279
13.0377 3.99703 0.305681
13.0498 3.9685 0.303404
12.9846 4.11751 0.307986
13.0384 4.07818 0.306955
13.0685 4.03868 0.302551
12.9483 4.10455 0.306202
12.9552 4.09722 0.306196
12.9467 4.10229 0.306092
13.0091 3.96945 0.306603
12.9843 4.05553 0.306184
12.9334 4.17839 0.30572
13.0085 4.05434 0.303972
13.0248 4.03624 0.307425
13.0675 4.03988 0.303994
13.0254 4.08688 0.303116
13.0219 4.07877 0.306283
13.0089 4.0562 0.304997
12.9932 4.04691 0.304354
13.0259 4.02789 0.303179
13.0258 4.06521 0.304969
12.9946 4.05519 0.301386
12.9995 4.05708 0.301464
13.0353 4.04816 0.303366
12.9786 4.08485 0.307415
13.0177 4.11004 0.305924
13.0238 4.02025 0.305311
13.0095 4.12111 0.304948
12.9999 4.12557 0.305027
13.006 4.10382 0.304462
13.0101 4.11251 0.304352
12.998 4.09192 0.302099
12.9978 3.98852 0.305531
13.0799 4.04087 0.304674
13.0225 4.02083 0.304153
13.0105 4.08056 0.30432
12.9579 4.10025 0.304131
13.054 3.95011 0.305705
12.984 3.98604 0.305677
12.9635 4.13391 0.30566
13.044 4.07271 0.305395
13.0273 4.06381 0.306367
13.0518 4.01088 0.302577
12.9848 3.97945 0.304475
13.0067 4.08857 0.306863
13.0149 4.05303 0.302113
13.007 4.09332 0.303537
12.9801 4.00274 0.304872
12.998 4.01631 0.305379
12.9839 4.09469 0.303132
12.9763 4.09367 0.303229
13.0735 4.05364 0.302973
13.0216 4.02336 0.302913
12.9904 4.02894 0.305504
12.986 4.03479 0.305839
12.9892 4.03147 0.305605
12.9982 4.09482 0.306537
13.02 4.04772 0.307108
13.0474 4.07613 0.303758
12.9739 4.07946 0.30575
13.054 4.07159 0.306017
13.04 4.09174 0.305007
13.0317 4.09547 0.304957
13.0044 4.09443 0.305951
13.0431 4.06565 0.305945
13.057 4.08223 0.301256
13.052 4.04135 0.306099
13.0712 4.04139 0.307247
12.9962 4.01531 0.30618
13.0082 4.05894 0.30499
12.9863 4.0984 0.305508
13.0183 4.0125 0.304623
13.0437 4.01823 0.304845
12.9665 4.11277 0.306401
12.9715 4.10175 0.30567
13.028 4.05183 0.306041
12.9721 3.98301 0.303991
13.0545 3.96513 0.306559
13.0325 4.07842 0.306831
12.9476 4.09777 0.306147
12.9529 4.06628 0.303336
13.0157 4.05938 0.305076
12.9319 4.17211 0.305661
13.0626 4.06307 0.305659
13.0295 4.09101 0.302981
13.0228 4.07386 0.306632
13.0249 4.07813 0.306764
13.0238 4.0609 0.30646
13.0255 4.05682 0.30638
12.9893 4.04285 0.304114
12.9931 4.04591 0.304037
13.0677 3.97899 0.305037
13.032 4.00304 0.305772
12.9133 4.04883 0.305184
13.032 4.04713 0.303297
13.0119 3.95857 0.305902
13.0031 4.12664 0.305073
13.0017 4.12023 0.305053
13.0477 4.01092 0.302894
13.0273 4.06044 0.304489
12.9979 4.0937 0.30231
13.0647 4.04955 0.302533
13.026 4.0815 0.306152
13.0251 4.05646 0.305635
13.0003 4.08411 0.304249
13.0045 4.07793 0.304478
12.9573 4.10248 0.304111
12.9513 4.09444 0.304063
12.9725 4.13106 0.305823
13.0141 4.02908 0.306815
13.0344 3.96482 0.305521
12.996 4.11168 0.306691
13.0223 4.05707 0.306386
13.0115 4.00213 0.30405
13.0138 4.03965 0.30295
12.9814 4.11043 0.307747
13.036 4.07935 0.304525
13.0343 4.07676 0.304392
13.043 4.07653 0.304469
13.0174 4.05356 0.302037
13.0029 4.0889 0.303593
13.0436 4.03217 0.303971
12.996 4.01157 0.304452
12.9822 4.09233 0.303114
13.0164 4.02114 0.302774
13.0246 4.08654 0.305969
12.9903 4.03454 0.305434
13.04 4.08241 0.303766
13.0222 4 0.307056
13.0032 4.02495 0.303182
13.0119 4.02456 0.303293
12.9467 4.06729 0.306228
13.0386 4.09391 0.30478
13.0383 4.09614 0.304755
13.0168 4.03141 0.304407
13.0569 4.07824 0.301075
13.018 4.02628 0.305481
13.0093 4.05687 0.304681
13.0079 4.05803 0.305069
13.004 4.06916 0.305172
13.0146 4.03228 0.305088
13.0105 4.03456 0.305261
13.1279 3.98527 0.303068
12.9911 4.07367 0.30505
13.001 4.07544 0.30851
13.0669 4.01999 0.30417
12.9851 4.09545 0.305124
13.0806 4.01319 0.305046
12.999 4.11369 0.304857
12.9655 4.09673 0.305521
12.9764 4.04462 0.307005
13.0414 3.97924 0.303327
13.0599 4.04581 0.304997
12.987 4.11428 0.307545
12.9487 4.1008 0.306218
12.9553 4.06897 0.303659
12.9875 4.06008 0.306058
12.9923 4.07874 0.304315
12.9941 4.08206 0.304319
12.9944 4.07902 0.304596
12.9693 4.02842 0.305039
13.0676 4.05777 0.304405
13.0622 4.04736 0.30661
13.0209 3.96813 0.305457
13.0069 4.0508 0.305189
13.0179 4.04912 0.30641
12.9824 4.0428 0.304699
12.9981 4.05549 0.30147
13.0823 4.05207 0.302239
13.0494 4.04685 0.304822
12.9767 4.06772 0.305995
13.0659 4.0709 0.303495
13.0014 4.12445 0.30498
13.0008 3.96512 0.304705
13.0703 4.04489 0.302515
13.0698 4.04646 0.30249
13.0747 4.05108 0.30246
13.0226 3.95887 0.307173
12.9901 4.09988 0.30589
13.0857 4.04793 0.304701
13.0069 4.07575 0.304472
12.9808 4.09348 0.307158
12.9586 3.98883 0.303901
12.9705 4.13293 0.306027
13.0527 4.05517 0.304518
13.0072 4.11631 0.306637
13.0059 4.00004 0.304061
13.0464 4.01801 0.302623
13.0062 4.06631 0.305701
12.9849 3.98477 0.304541
12.9879 3.98333 0.304458
12.9771 4.11813 0.307744
13.0396 4.0817 0.304348
13.01 4.09636 0.303469
13.005 4.01179 0.304341
13.6397 4.53786 0.301203
12.9899 3.96598 0.303472
12.9865 4.1048 0.306891
12.9869 4.02526 0.304391
13.0741 4.06876 0.301908
13.0087 4.10142 0.305187
13.0338 4.04784 0.301864
13.0124 4.05252 0.30484
13.0479 4.0091 0.303964
13.0231 4.09046 0.303284
13.0156 4.05172 0.304576
13.0396 4.08097 0.30196
12.9508 4.13852 0.305004
12.9963 4.05762 0.30204
12.9725 4.06544 0.305977
12.9589 4.10612 0.307169
12.9917 4.03335 0.305039
13.0511 4.00897 0.305057
13.048 3.98618 0.302996
12.9918 4.04822 0.30247
12.9948 3.99303 0.306181
12.9884 4.04175 0.302847
12.9451 4.04452 0.308843
13.0855 3.99547 0.304939
13.0135 4.05466 0.305074
12.9948 3.98163 0.304943
13.0226 4.09193 0.302826
13.0527 4.0698 0.30493
13.0041 4.0052 0.303215
13.0725 4.01352 0.302688
13.0511 3.98204 0.304433
12.9958 4.12072 0.303413
13.0556 4.02269 0.305431
12.9934 4.09187 0.30427
13.0893 4.0551 0.30385
12.9891 4.04941 0.304303
13.0165 4.07303 0.307262
13.0098 4.03043 0.303821
12.9722 4.05765 0.305737
13.0505 4.06442 0.304716
13.0509 4.07137 0.304657
13.1483 3.9735 0.303872
13.0108 4.06592 0.306045
13.0388 4.01859 0.306285
13.0117 4.02524 0.305979
13.0573 4.06906 0.305913
13.0611 4.06737 0.30589
13.0291 3.97085 0.304756
12.9781 4.12598 0.307967
12.9688 4.07742 0.302628
12.9836 4.01117 0.303469
13.0101 4.09646 0.305806
12.9795 3.9942 0.304538
13.002 4.07639 0.302161
12.9685 4.07073 0.306135
13.0235 4.03504 0.304749
13.0588 4.03117 0.304951
13.0657 4.04065 0.303649
13.0021 4.11169 0.306014
13.0539 4.02186 0.306789
13.089 3.98345 0.304151
13.0408 4.0884 0.304185
12.9791 4.10791 0.304704
13.028 4.04438 0.30421
12.9694 4.0449 0.305492
12.9871 4.09326 0.306223
12.9898 4.05755 0.307789
13.0177 4.05117 0.304769
12.9839 4.03898 0.306069
13.005 4.07684 0.305496
13.0312 4.06825 0.303185
12.988 4.08002 0.304508
12.9658 4.11154 0.304743
12.9659 4.11208 0.3047
12.9976 4.00578 0.30393
13.0477 4.04023 0.306659
12.9554 4.11947 0.30625
13.048 4.01063 0.30411
13.0162 4.04343 0.305437
13.0167 4.05931 0.304561
12.9698 4.01926 0.306982
13.0553 4.05145 0.304222
12.9977 4.03658 0.302949
12.9888 3.92823 0.304137
13.0279 4.07446 0.307427
13.0176 4.03931 0.303643
13.0549 4.0451 0.300752
13.0703 4.026 0.30415
13.0175 4.00655 0.305596
13.0077 4.09219 0.307282
12.9891 4.03741 0.302712
12.9864 4.0389 0.302827
12.9827 4.04206 0.302992
13.0359 4.07488 0.303412
12.9931 3.97941 0.304963
13.0323 4.09683 0.302718
13.0781 3.98047 0.305492
13.007 4.0036 0.303341
12.9824 4.06229 0.307287
12.9751 4.04903 0.305137
13.0284 4.0898 0.306399
13.0278 4.0892 0.308178
12.9972 4.07105 0.303491
13.0063 3.99578 0.304501
13.0303 3.99688 0.301962
12.9816 4.07886 0.30373
13.0106 4.06783 0.307488
13.1138 4.02175 0.305974
12.9886 4.10518 0.30463
13.0566 3.98927 0.304934
12.9535 3.99991 0.305395
13.0127 4.08536 0.303974
13.0115 4.08084 0.304062
12.9816 3.97874 0.305783
13.0357 4.0156 0.303007
12.9305 4.08832 0.309316
13.0055 4.08971 0.307982
12.9781 4.12336 0.308032
13.0138 4.09668 0.305948
13.0219 4.01394 0.299756
13.0009 4.07691 0.302208
13.0377 4.0619 0.303518
13.0309 3.99392 0.305517
13.0244 4.0165 0.30759
13.0031 4.10899 0.305826
13.0547 4.01938 0.306725
12.9834 4.1085 0.304828
13.0122 4.0286 0.302314
12.9692 4.05133 0.305225
12.9684 4.04787 0.305239
12.9945 3.989 0.305853
13.0207 4.08104 0.305232
12.9551 3.97321 0.307626
12.9804 4.03923 0.305934
13.0166 4.07389 0.304386
12.999 4.07838 0.305478
13.0029 4.07356 0.30546
12.9923 4.13325 0.308553
13.033 4.05163 0.305557
13.0354 4.05174 0.30586
12.9871 4.11221 0.306841
12.9632 4.11311 0.304873
12.9771 4.11811 0.304593
12.9835 4.12388 0.30844
13.0135 4.09815 0.30528
13.0149 4.0033 0.305146
13.0382 4.06864 0.305259
13.0498 4.05586 0.308592
12.9557 4.12974 0.306308
13.0282 4.0865 0.3051
13.0215 4.09051 0.303289
13.021 4.09042 0.303327
13.0213 4.08913 0.303434
13.065 3.96882 0.307115
13.0428 4.09049 0.301958
13.0512 4.05483 0.30426
12.997 4.05945 0.301937
12.9998 4.06145 0.301995
13.0055 4.06881 0.305981
13.019 4.10344 0.304119
13.0231 4.11034 0.304071
13.0164 4.03672 0.303722
13.0266 4.06516 0.307316
13.0411 3.99349 0.304365
13.0433 3.97984 0.303046
13.0062 3.98974 0.303295
13.0338 4.09849 0.306276
13.0603 4.02553 0.303046
13.0005 4.0989 0.307184
12.9853 4.0427 0.302799
13.0454 4.01576 0.304601
12.9981 4.00683 0.308413
13.0186 4.05636 0.305115
13.1294 4.0034 0.304412
13.0194 3.96836 0.305853
13.0062 3.98636 0.308936
12.9863 4.05453 0.307214
13.0029 4.08745 0.306006
13.0072 4.0949 0.306156
12.9908 4.06667 0.303635
13.0025 4.11876 0.303314
13.0088 4.11811 0.305862
12.9919 4.09135 0.30432
12.9964 4.09571 0.304242
12.969 4.00504 0.305938
13.0151 4.02183 0.305252
13.0496 3.95044 0.305274
12.9902 4.10069 0.304611
12.989 4.10232 0.304723
13.0252 4.09096 0.303859
13.0142 4.08712 0.304245
13.0376 4.0188 0.306529
12.9857 4.05182 0.306737
13.033 4.01634 0.302932
12.9523 3.98658 0.306055
13.0064 4.08927 0.304465
12.9824 4.12075 0.308018
12.9693 4.07689 0.302668
12.972 4.06292 0.307272
13.0007 4.07546 0.302204
13.0309 4.06035 0.303508
12.9525 4.0626 0.30614
12.9516 4.06855 0.306053
13.0569 4.06059 0.304164
13.0289 4.09953 0.304959
13.0201 4.00076 0.30687
13.0255 4.05956 0.304692
13.0399 4.09007 0.304449
12.9823 4.10949 0.304825
12.9536 3.91758 0.30592
13.0109 4.01888 0.303942
13.0129 4.0722 0.305218
12.9599 3.97479 0.307646
13.0149 4.05488 0.304643
12.9565 4.06887 0.30585
13.0054 4.07111 0.305582
12.9875 4.07756 0.304321
12.9803 4.10563 0.30678
13.033 4.05734 0.306218
12.9696 4.11017 0.304534
12.9672 4.11129 0.304769
13.0493 4.02564 0.306063
13.009 4.09588 0.305058
13.0143 4.00771 0.305205
12.9456 3.99904 0.30795
13.0375 3.98402 0.304589
13.0243 4.08602 0.303344
13.0722 4.06778 0.306698
13.0345 4.02263 0.304165
12.9995 4.03907 0.302867
13.0102 4.06919 0.305868
13.0154 4.10317 0.303942
12.9739 3.97851 0.304901
13.0153 4.03658 0.303541
13.0161 4.09888 0.3059
13.0415 3.98321 0.303103
13.0507 4.03474 0.306271
12.9933 4.05067 0.302556
13.0151 4.00812 0.305738
13.0292 4.09816 0.305902
13.0579 4.02542 0.304346
13.0435 4.04285 0.30542
13.0345 4.09386 0.306336
13.0374 4.09426 0.306558
13.033 4.09299 0.302961
13.0027 4.0339 0.304055
12.9861 4.05623 0.307328
12.9752 4.04857 0.305381
12.9909 4.07844 0.303569
12.9997 3.99865 0.304529
12.9962 4.09672 0.304169
12.9797 4.07864 0.303815
13.0053 3.94974 0.302029
13.0613 4.00381 0.306316
13.0099 4.0751 0.307862
12.9914 4.1043 0.30468
13.0048 4.07211 0.306138
13.0358 4.02969 0.303719
13.0363 4.01992 0.303085
13.0104 4.08672 0.304667
13.0411 4.06384 0.303537
13.0333 4.06498 0.305477
12.9676 4.06799 0.30262
13.0112 4.08757 0.305775
12.9718 4.0724 0.307371
13.0029 4.07981 0.302195
12.9694 4.0728 0.306034
13.0425 4.04433 0.304095
13.0686 4.05193 0.307101
13.0669 4.03987 0.303705
13.001 4.10802 0.305979
13.0172 4.06727 0.306669
13.0253 4.06496 0.306707
13.0212 4.0549 0.304679
13.0254 4.05095 0.304751
12.9923 4.07692 0.305395
13.0666 4.06347 0.304829
13.0107 4.02667 0.302458
12.9946 4.04706 0.304006
12.9903 4.04028 0.304089
12.9908 4.09602 0.306398
12.9855 4.09324 0.306326
13.0173 4.07628 0.305145
12.9623 3.97475 0.30765
12.9755 4.04686 0.305839
12.9533 4.06763 0.305858
13.0515 4.05522 0.308212
13.0109 4.05881 0.306738
12.9903 4.0823 0.304169
12.982 4.0299 0.304254
12.9612 4.11707 0.304525
13.0431 4.04993 0.301913
13.041 4.05183 0.301945
13.0493 4.04094 0.306579
12.9551 4.12392 0.30623
12.9511 4.12467 0.306382
12.9737 3.9936 0.305842
12.9981 4.07683 0.30756
13.011 4.05112 0.30458
13.046 4.07354 0.301887
13.0388 4.02835 0.304116
12.9936 4.03902 0.303152
13.0546 3.99502 0.305665
13.005 4.07248 0.305922
12.9625 4.10834 0.306977
13.0184 4.03609 0.303661
13.0078 3.99909 0.306548
13.0669 4.0221 0.304319
13.008 3.98593 0.303399
12.9862 3.99394 0.302391
13.0036 4.09259 0.307257
13.0549 4.01271 0.304138
13.015 4.05456 0.304935
13.0076 4.03103 0.304218
13.0269 4.08818 0.304258
12.9761 4.04877 0.305214
12.9955 3.99542 0.307631
12.9865 4.08 0.303413
12.9908 4.07785 0.303762
12.9991 4.12247 0.30326
13.0047 4.12379 0.303303
12.9974 4.09088 0.304061
12.9966 4.0933 0.304215
13.0977 4.04979 0.303816
13.0134 4.00765 0.302939
13.0698 4.07048 0.304931
12.9752 4.05288 0.305932
13.0557 4.07875 0.305888
13.0393 4.08802 0.305579
13.0609 3.99459 0.304699
12.996 3.94611 0.308514
13.0384 4.0303 0.303545
13.0341 4.0224 0.303079
13.0086 4.03144 0.306032
13.0196 4.09918 0.302898
13.0018 4.10034 0.308009
12.9724 4.07314 0.302837
12.9878 4.02064 0.306789
12.9723 4.129 0.309975
13.0028 4.09068 0.310305
13.044 4.00042 0.305546
13.0267 4.02423 0.304752
13.0632 4.03827 0.303513
13.0666 4.03505 0.30362
12.9975 4.05126 0.305394
13.0394 4.02751 0.303213
13.0215 4.0108 0.305898
13.0258 4.04424 0.304706
13.0387 4.08567 0.30432
13.0144 4.03063 0.30253
13.0265 4.04727 0.304212
13.0315 4.0681 0.306382
12.9663 4.04571 0.305078
12.9832 4.08848 0.306311
12.9988 4.05459 0.307503
13.0262 4.0603 0.308038
12.9607 4.07044 0.305803
13.0109 4.06889 0.304199
13.0515 4.05022 0.308126
12.99 3.97592 0.303172
12.9937 4.07334 0.307033
12.9719 4.11564 0.304718
12.9968 3.99534 0.303725
13.0083 4.09766 0.305109
12.9541 3.99667 0.308099
12.9509 4.11944 0.306406
13.0201 4.09457 0.303283
13.0229 4.08674 0.303359
13.0181 4.04001 0.305677
13.0093 4.05473 0.304552
12.9679 4.02242 0.306912
12.947 4.13729 0.304746
12.95 4.14837 0.304932
12.9698 4.06337 0.305675
12.9761 4.05375 0.305435
12.9765 4.04613 0.305584
12.9541 3.99702 0.306272
13.018 4.0123 0.306558
13.0269 4.06472 0.307507
13.0558 4.04816 0.300901
13.0478 4.02293 0.303756
12.9889 4.04828 0.302488
12.9928 3.99613 0.302553
13.0645 4.03659 0.302459
12.9432 4.0458 0.308841
12.9954 3.97669 0.304934
13.1256 4.00911 0.304174
12.969 4.1315 0.307814
13.029 4.08438 0.304106
13.0714 4.01399 0.302695
13.0064 4.09076 0.305909
12.9966 4.07289 0.303548
13.0013 4.11886 0.303138
13.003 4.11837 0.303249
13.0343 4.00171 0.301804
13.0242 3.97076 0.306331
13.0892 4.04846 0.303714
13.0083 4.02819 0.303764
13.014 4.0326 0.303512
12.979 4.06109 0.305884
13.0747 4.04789 0.305615
13.0458 4.06435 0.304858
12.9552 4.00261 0.305311
13.0236 4.09224 0.303965
13.016 4.05675 0.305934
13.0374 4.02879 0.303902
13.0621 4.0281 0.30477
13.0389 4.02019 0.30296
13.0164 4.1019 0.302873
13.0305 4.06588 0.305311
12.9816 4.01277 0.303534
12.9703 4.06408 0.307415
13.0046 4.07352 0.302387
12.9714 4.06413 0.306226
13.1005 3.9907 0.301663
12.9964 4.0459 0.305267
12.9985 4.04962 0.305574
13.0079 4.1041 0.305878
13.0025 4.11079 0.30574
12.975 3.9547 0.308232
12.9915 4.07663 0.305468
13.0375 4.08564 0.304339
13.0157 4.02552 0.301605
13.0109 4.03226 0.301532
12.971 4.04501 0.305397
13.1084 4.02959 0.305645
12.9959 3.98007 0.30576
12.9854 4.03687 0.304909
13.0569 3.99955 0.302037
13.0266 4.03381 0.30555
12.9994 4.07735 0.305462
13.0314 4.06707 0.303574
13.0318 4.05637 0.306096
12.9751 4.10479 0.304773
12.972 4.11593 0.304589
12.9933 3.99495 0.303818
13.0355 4.06331 0.304905
13.0614 4.0076 0.301964
12.9534 4.12 0.306124
13.0517 4.00743 0.303786
13.0217 4.04271 0.305204
13.0646 4.05564 0.303078
13.0734 4.02078 0.304984
12.9482 4.14947 0.304796
12.9694 4.06497 0.305791
12.9766 4.04759 0.305397
12.9553 4.10604 0.307014
13.0182 3.98713 0.301769
13.0102 4.10052 0.305966
13.0489 4.03464 0.306494
13.0654 4.02368 0.304378
13.0607 4.06739 0.303755
12.9838 4.04417 0.302846
13.0754 3.98262 0.30582
13.0842 3.98666 0.304808
13.039 4.04926 0.305594
13.0135 4.0497 0.304991
13.0267 4.09091 0.302831
13.0291 4.09588 0.30274
13.0332 4.07753 0.308932
12.9699 4.1255 0.307635
12.9775 4.04694 0.305336
13.0111 4.09026 0.305982
12.9878 4.07533 0.303574
12.9972 4.12196 0.303124
12.9932 4.11862 0.30336
13.0088 4.11169 0.305718
12.9979 4.09489 0.304288
12.9795 4.0762 0.303513
13.017 3.99952 0.302961
13.0163 4.02374 0.303597
13.0079 4.10874 0.306513
12.9844 4.07547 0.308074
13.0569 3.99631 0.304662
13.0187 4.08266 0.303872
13.0312 4.03067 0.303884
12.9801 3.97947 0.305819
13.0161 3.99298 0.307546
13.0204 4.0965 0.302945
13.0285 4.06491 0.305355
12.9635 4.07208 0.302628
13.0146 4.09961 0.305927
13.0019 4.07585 0.302152
13.02 3.97719 0.304144
12.972 4.06595 0.306101
13.0373 4.0487 0.304143
13.0671 4.04406 0.303685
13.0037 4.10515 0.305723
13.0144 4.01012 0.305996
13.0373 4.09106 0.304509
13.0398 4.08466 0.304384
12.9843 4.10234 0.304939
13.027 4.05056 0.304231
13.0319 4.04637 0.30437
12.9653 4.04731 0.305259
13.1114 3.99401 0.30519
13.0033 4.04834 0.307888
12.9554 3.97666 0.307725
12.962 4.00898 0.307006
13.02 4.05319 0.304661
12.3688 4.6389 0.332704
12.9894 4.08577 0.299848
13.0003 4.09173 0.303084
13.0149 3.97201 0.307429
13.0395 4.03069 0.301698
13.0088 4.09948 0.304886
13.0031 4.03305 0.305467
12.9756 4.0462 0.306795
12.9758 4.05535 0.305483
13.0401 4.03857 0.307175
12.99 3.99725 0.305359
12.9845 4.11999 0.305817
12.9261 4.04889 0.307964
13.0466 4.0267 0.302777
13.0617 4.00573 0.308321
12.9571 4.05291 0.307388
13.0841 4.0059 0.303857
12.9949 4.07801 0.302363
12.9908 4.07682 0.302321
12.9508 4.01049 0.305279
12.9909 4.10216 0.304995
12.956 4.09093 0.30854
13.0221 4.03952 0.306652
13.0198 4.10156 0.303257
12.9824 4.01236 0.304622
12.9417 4.10458 0.306979
13.0022 4.04328 0.304042
13.0046 4.04973 0.304211
13.0054 4.11561 0.305191
13.0302 3.98893 0.303777
13.0335 4.01331 0.304885
12.9892 4.05039 0.305524
13.058 4.04669 0.306256
13.0585 4.02104 0.305142
13.0203 3.96671 0.307868
13.0845 4.00997 0.303281
13.0313 3.99164 0.303656
12.9871 4.0802 0.308113
13.0083 4.07992 0.306405
13.0446 4.09219 0.307003
13.0313 4.02875 0.302898
12.9475 4.00827 0.304462
13.0222 3.99449 0.30587
13.0223 3.99633 0.305738
13.0018 4.01777 0.304002
13.0003 4.01521 0.304001
13.0196 4.05583 0.30198
13.0247 4.04825 0.301952
12.9816 4.07138 0.303844
13.0306 4.01091 0.306992
13.0115 4.07501 0.309976
13.0336 4.05615 0.302836
12.9691 4.00189 0.307624
13.0101 4.05049 0.306823
13.0174 3.99995 0.309349
13.0404 4.08205 0.303915
12.9985 3.99001 0.305274
12.9394 4.05601 0.301763
12.9757 4.06713 0.305717
12.976 4.06475 0.305857
13.0053 4.0779 0.307394
13.0273 4.08791 0.306382
13.1228 4.01327 0.303724
12.9788 4.05447 0.305773
12.9916 3.99841 0.303885
13.0243 4.06687 0.30523
13.0436 4.03435 0.309081
13.068 4.03835 0.304883
12.9604 4.11862 0.308148
12.9573 4.12228 0.3081
12.9854 4.08809 0.29981
12.9961 4.09345 0.299739
13.0392 4.03556 0.307206
13.086 4.03142 0.303609
13.0396 4.05534 0.302544
13.0752 4.0381 0.302887
13.0558 4.02414 0.305962
13.0824 4.03249 0.305634
13.0609 4.0635 0.304659
13.046 3.98833 0.302125
13.0346 4.00191 0.303725
13.039 4.05822 0.307306
13.0351 3.97386 0.302671
12.9842 4.11287 0.305808
12.9722 3.93887 0.304055
12.9202 4.05689 0.308247
13.0225 4.0679 0.3056
13.0255 4.08047 0.30434
13.0419 4.02872 0.302596
12.9329 4.08768 0.310332
13.0198 4.00519 0.304577
13.0598 4.0365 0.30701
12.9721 4.05392 0.30602
12.9975 4.08064 0.302342
12.9953 4.07541 0.302079
12.9977 4.07512 0.302351
13.0388 4.02997 0.306536
13.0702 4.02458 0.306317
13.0696 4.0642 0.304367
12.9955 4.05491 0.306616
12.9938 4.03321 0.304329
12.9954 4.07921 0.307963
12.9821 4.00097 0.304691
13.0131 4.01597 0.305981
12.9849 4.07138 0.30799
12.9954 4.04785 0.305336
13.0301 4.01555 0.30495
13.0385 4.01899 0.305995
13.0612 4.02079 0.305077
12.9492 3.9922 0.304492
13.0217 4.04737 0.304861
13.0347 4.08672 0.304946
13.0215 4.05848 0.301088
13.0206 4.06004 0.300923
13.0062 4.10978 0.30883
13.0484 4.02542 0.304423
13.0302 4.02678 0.302981
13.0446 4.08021 0.302927
12.9896 4.01696 0.30634
12.9996 4.01584 0.303316
13.0349 4.05215 0.304934
13.027 4.0491 0.301989
13.0087 4.03029 0.305775
13.0378 4.06338 0.305176
13.0119 4.08148 0.307455
13.0113 4.02198 0.306736
13.0603 4.0613 0.304366
13.0331 4.05256 0.302813
12.9775 4.08914 0.306232
12.9801 4.09986 0.306322
13.057 4.06148 0.303529
13.0178 4.0568 0.306195
12.9518 4.06797 0.307397
13.0221 3.98014 0.303933
13.0289 4.07429 0.304428
13.0033 4.01004 0.304953
12.9879 4.12808 0.305061
12.9338 4.05788 0.308125
12.9863 4.07973 0.305871
13.0263 4.07479 0.299546
13.0211 4.09558 0.304626
13.0273 4.10222 0.305044
13.0378 4.07984 0.302597
13.0459 4.07467 0.302615
13.0291 4.06539 0.305417
13.0094 4.11065 0.304674
13.0139 4.1099 0.304722
13.0081 4.11239 0.304768
13.0129 4.11293 0.304703
13.005 4.05902 0.30314
12.9998 3.99968 0.30666
13.0036 4.09669 0.303216
13.0738 4.03909 0.302779
13.0118 4.08528 0.307459
13.0394 4.03153 0.301554
13.0786 4.03539 0.305713
12.994 3.992 0.303644
13.0459 4.03646 0.306148
12.9946 4.01305 0.306017
12.9902 4.00832 0.30608
12.9972 4.0087 0.30599
13.0239 4.05923 0.306045
12.9873 4.11325 0.305713
12.9297 4.0522 0.308213
12.9988 4.07814 0.308135
13.0428 4.05909 0.304454
13.0185 4.00803 0.304538
13.0168 4.00206 0.304547
13.0691 4.05877 0.304416
12.9842 4.10215 0.307537
13.0286 3.9835 0.305954
12.992 4.10046 0.304986
13.0146 4.0721 0.306808
13.0387 4.03902 0.306758
12.9712 4.11485 0.307057
12.9854 4.03326 0.304232
12.9894 4.02999 0.304257
12.9655 3.99898 0.305365
12.9477 4.1015 0.306867
13.0037 3.97836 0.30392
12.9969 4.04503 0.305002
13.0096 4.1154 0.305356
13.0188 3.99776 0.303717
12.9963 4.04658 0.305604
13.026 4.10799 0.307356
12.9492 3.99581 0.304417
12.9497 3.99492 0.304197
13.029 4.04332 0.305431
13.083 4.01157 0.303309
13.0335 4.08317 0.304908
13.0269 4.03037 0.304798
13.0461 4.07926 0.306938
13.0113 3.98875 0.309385
13.0717 3.99376 0.304583
12.9745 4.02401 0.307979
13.0047 3.99183 0.306475
13.0266 4.02552 0.302799
13.0256 4.03185 0.3029
13.0281 4.02971 0.302909
13.0458 4.07791 0.302989
12.9859 4.01996 0.306266
13.0086 4.10587 0.30565
13.0116 4.1008 0.305767
13.1034 4.01959 0.305275
13.0377 4.08283 0.304417
13.0236 4.05393 0.301959
12.9898 4.06777 0.303954
13.0474 4.07923 0.304392
13.0503 4.04492 0.30356
13.0332 4.09388 0.303756
13.0412 4.05141 0.302814
12.99 4.10232 0.307749
13.0608 4.06349 0.303523
13.0043 4.03202 0.307705
13.0048 4.07489 0.308093
12.9975 4.05927 0.30611
12.9867 4.1389 0.30487
12.989 4.13354 0.30512
12.9336 4.05662 0.308224
12.9317 4.05435 0.308248
12.9767 4.07072 0.30581
13.0288 4.06993 0.299366
13.0335 4.07861 0.299287
13.0528 4.03743 0.306256
13.0169 4.10698 0.305049
12.9944 4.00132 0.303937
12.9706 4.01425 0.305923
13.0311 4.02626 0.30695
13.0088 4.05264 0.303113
13.0159 4.07708 0.305826
12.9963 3.99887 0.306584
12.9942 4.08979 0.299912
12.9959 4.07558 0.306107
13.0841 4.02821 0.303643
13.0368 4.05068 0.302766
13.0738 4.03968 0.302859
12.9959 4.05328 0.302976
13.0608 4.03335 0.30613
13.0121 4.10165 0.304668
13.0084 4.03292 0.305446
12.9797 4.05053 0.306714
12.981 4.04562 0.306683
12.9902 4.00316 0.305795
13.0575 4.06188 0.306995
13.0231 4.07078 0.305487
13.02 4.08219 0.304192
13.0743 4.03952 0.304307
13.0787 4.00979 0.3037
13.0821 4.00934 0.303913
12.9637 4.03105 0.305202
13.0791 4.00736 0.304002
12.967 4.05319 0.305983
12.9457 4.00962 0.305015
12.9919 4.0968 0.304889
12.9572 4.09384 0.308537
13.0891 3.99045 0.304723
12.9997 3.99109 0.306408
12.9728 4.11565 0.307219
13.0177 4.10551 0.303137
13.0286 4.10278 0.303105
12.9656 4.00576 0.305421
12.9422 4.10414 0.306916
13.0052 3.97362 0.303974
13.01 4.11668 0.305418
13.0209 3.99124 0.303797
13.0022 4.07139 0.305922
12.9913 4.04547 0.305363
13.0294 4.0972 0.307576
13.0322 4.02668 0.305174
12.9775 3.95517 0.304714
12.9819 3.95239 0.304605
13.0227 4.03791 0.304772
13.0202 4.06109 0.300934
13.0191 4.09069 0.306125
13.0122 3.99136 0.306555
12.9715 4.03468 0.307611
13.0398 4.0606 0.306534
12.9411 4.00775 0.304541
13.0437 4.08253 0.302891
12.9901 4.0178 0.306353
13.0277 4.05062 0.304833
13.0218 4.05542 0.301904
12.983 4.06666 0.303978
13.0136 3.99703 0.304981
13.0415 4.06797 0.306053
13.0085 4.02127 0.306735
12.9887 4.01035 0.306093
12.9917 4.10521 0.307762
12.9716 4.00913 0.307538
13.0042 4.02636 0.307711
13.0223 3.98501 0.304108
13.0368 4.07925 0.304361
12.9994 4.01213 0.305033
12.9882 4.13161 0.305055
12.9334 4.05734 0.308513
12.9786 4.06634 0.305681
12.9753 4.06493 0.30571
13.0335 4.0899 0.306243
13.0236 4.07859 0.299578
12.9802 4.04906 0.305875
13.0235 4.10687 0.304758
12.9826 4.05561 0.307976
13.0301 4.0662 0.305541
13.026 4.03032 0.304759
13.0086 4.10722 0.304671
13.0041 4.05515 0.303124
13.0053 4.05479 0.30298
12.9893 4.08992 0.299915
13.0009 4.09128 0.303024
13.0449 4.05483 0.302671
13.0017 4.04317 0.302771
12.9788 4.07168 0.308898
13.0626 4.06644 0.304792
13.0099 4.09869 0.304942
13.011 4.03409 0.30538
13.0432 4.02811 0.30617
12.9899 4.11697 0.305879
12.9235 4.0578 0.308146
13.0245 4.07745 0.304231
12.983 3.93158 0.305755
13.0367 4.0585 0.304398
13.0219 4.07334 0.303974
13.0794 4.00842 0.303981
12.9527 3.99139 0.306356
12.961 4.04951 0.307361
13.0779 4.06181 0.30445
13.0365 3.98278 0.302361
12.987 4.09926 0.307354
12.9694 4.05172 0.305889
12.9999 4.08073 0.302366
13.0303 4.03573 0.30644
12.9909 4.09776 0.304836
13.0319 4.03911 0.308266
13.0001 4.017 0.30561
12.9932 4.0317 0.304333
13.0182 4.10305 0.303059
13.0162 4.09937 0.303168
12.9859 4.09006 0.305617
12.9777 3.99912 0.304738
12.9903 4.02912 0.307631
12.988 4.06597 0.307881
13.0083 4.0121 0.305174
13.009 4.11451 0.305337
13.0079 4.11593 0.305299
12.9865 3.97827 0.30384
13.0376 4.08895 0.306256
12.9945 4.12425 0.307893
13.0325 4.02766 0.305082
13.0287 4.03864 0.30538
13.0191 4.03697 0.304526
13.0122 4.08152 0.306232
13.0432 4.09289 0.306903
13.003 4.10688 0.3072
13.0078 3.9941 0.304548
12.9867 4.0211 0.306164
13.0002 4.01436 0.303346
13.0138 4.00637 0.305645
13.0141 4.02669 0.305833
12.9841 4.06684 0.303871
13.0463 4.04947 0.306768
13.0849 4.04651 0.305345
13.0269 4.01545 0.306002
13.0343 4.09469 0.303631
13.0338 4.09488 0.303731
13.0372 4.09848 0.303678
13.0377 4.05858 0.302922
13.0205 3.97971 0.305631
13.0214 4.00332 0.306957
13.0057 4.05086 0.306813
13.0242 3.98503 0.303915
13.0305 4.07854 0.304271
12.9936 4.13572 0.304997
13.0787 4.00571 0.303277
12.9912 4.07956 0.305879
13.0336 4.08746 0.306418
13.0134 3.97078 0.307805
13.0849 4.01812 0.304309
13.0188 4.10139 0.304686
13.0214 4.0976 0.304638
12.9793 4.05285 0.30567
13.0307 4.10079 0.304989
13.0369 4.08051 0.30276
13.042 4.07986 0.302628
13.0412 4.07988 0.302625
13.0204 4.03344 0.307459
12.9681 4.01047 0.305091
13.0727 4.03812 0.304745
13.0061 4.05878 0.303124
12.9962 4.08719 0.299699
13.0877 4.03156 0.303397
13.0197 4.10633 0.30671
13.0392 4.04819 0.302529
13.065 4.04209 0.302806
13.0363 4.03171 0.301628
13.0074 4.10158 0.304705
13.0033 4.03188 0.305386
12.9775 4.04524 0.306726
12.9884 4.0047 0.305989
13.0578 4.01905 0.302011
13.0424 4.04467 0.305747
13.0211 4.06296 0.305576
13.0184 4.01934 0.308438
13.0178 4.07724 0.303768
13.0162 4.00707 0.304411
12.9964 3.97877 0.305391
13.039 3.98274 0.302341
12.9665 4.05733 0.306014
12.9709 4.05223 0.305924
13.0172 3.95626 0.306982
12.9915 4.09943 0.304994
13.0119 4.07554 0.306727
13.086 3.98399 0.304886
13.0361 4.04382 0.307025
12.9978 4.05239 0.306378
12.9664 4.09668 0.307348
13.0014 4.01986 0.305522
12.9915 4.03153 0.304263
13.0213 4.09935 0.303087
13.0153 4.10435 0.303375
12.9829 4.00587 0.304568
12.9917 4.03228 0.307897
13.0119 4.01767 0.306047
13.0811 4.01533 0.304749
13.0006 4.04677 0.305071
13.0078 4.11247 0.305354
13.0206 4.09618 0.308828
13.0358 4.09297 0.306178
13.0591 4.02501 0.305271
13.0473 4.03467 0.306517
13.0226 4.04165 0.304597
13.0202 4.0412 0.304779
13.023 4.032 0.304754
13.0176 4.05908 0.30108
13.0203 4.05887 0.301007
13.021 4.0886 0.306238
13.0159 4.08632 0.306001
13.0411 4.05543 0.30651
12.9393 4.00472 0.304741
13.0143 4.10004 0.305555
13.0033 4.01197 0.303999
13.0042 4.01853 0.303136
13.0274 4.05483 0.301757
12.983 4.06277 0.303829
13.0353 4.06209 0.305168
12.9979 4.08376 0.307296
13.0164 4.0178 0.306733
13.0308 4.09427 0.303823
13.0342 4.09114 0.303603
13.0344 4.05787 0.302858
13.0383 4.05469 0.302796
12.9872 4.1023 0.307809
13.0607 4.02638 0.305921
13.07 4.06871 0.306466
13.0452 3.98324 0.305503
12.9925 4.13305 0.305121
12.9899 4.13316 0.305102
12.9358 4.05013 0.301636
13.0331 4.08613 0.306433
13.0289 4.06911 0.299494
13.067 4.07232 0.304098
12.9837 4.05829 0.305843
12.9818 4.05432 0.306114
13.0239 4.10154 0.30499
13.0337 4.10495 0.304925
12.9875 4.05095 0.307873
12.9725 4.01686 0.305
12.9665 3.95792 0.307381
13.0206 4.02728 0.304749
12.9609 4.11533 0.308059
13.0063 4.05589 0.303143
13.0144 4.03389 0.307145
13.0016 4.10259 0.303021
13.0039 4.09566 0.303105
13.0785 4.04296 0.302769
13.0952 4.03355 0.305347
12.999 4.04924 0.302918
13.0351 4.03019 0.301472
13.0332 4.0608 0.307412
13.0304 4.06852 0.307191
13.061 4.06821 0.304825
12.9968 3.98972 0.30371
13.0026 4.03279 0.305437
12.9773 4.04831 0.306928
13.0464 4.03237 0.306202
12.9876 4.10899 0.305688
13.0565 4.0585 0.307043
12.9264 4.05363 0.308089
13.0199 4.07177 0.305496
13.043 4.05468 0.304433
13.0731 4.0398 0.304298
13.0166 4.00828 0.304516
13.081 4.00196 0.303816
12.9552 4.05245 0.307275
12.9601 4.03445 0.305312
12.962 4.03556 0.305355
13.0765 3.96182 0.304853
12.9994 4.07525 0.302544
12.9966 4.07628 0.302224
13.0328 4.0348 0.306261
13.0411 3.98182 0.304703
12.6547 4.54499 0.290564
12.9837 4.07739 0.303873
12.9812 4.0711 0.304194
12.9923 4.04787 0.303542
12.9662 4.01248 0.307951
13.0154 4.08253 0.306548
12.9661 4.0155 0.304722
12.9696 4.013 0.304594
13.0683 4.01892 0.304102
13.0221 4.03783 0.307252
13.0292 4.05544 0.303611
13.038 4.05561 0.302231
13.0377 4.06342 0.302384
13.0315 4.06324 0.302386
13.0135 3.99692 0.305965
12.9819 3.98443 0.30736
13.0521 4.07226 0.303399
12.9972 4.00182 0.307226
13.0334 4.07494 0.30525
13.0396 4.00118 0.303188
13.0569 4.06067 0.305765
12.9425 4.05765 0.306479
12.948 3.99953 0.306203
13.0489 4.02207 0.301982
13.0277 4.0934 0.304188
13.0309 4.08034 0.305759
13.0357 4.08313 0.307606
13.0659 4.06675 0.302988
12.9954 4.10989 0.304647
12.9881 4.08838 0.306308
13.0261 4.06136 0.303421
12.9709 4.03848 0.303274
13.0176 3.97414 0.305809
13.0386 4.016 0.306943
13.0113 4.08214 0.306427
12.9652 4.14206 0.305766
12.9886 3.98425 0.306066
13.0067 4.02717 0.308226
12.9933 4.02409 0.308886
12.9746 4.08234 0.304515
13.0028 4.05774 0.303538
13.0116 4.05809 0.303644
13.0245 4.07434 0.302373
13.0406 3.99803 0.306136
12.9855 4.1204 0.305089
12.9892 4.12242 0.30508
13.0292 4.0631 0.305153
13.0154 4.08264 0.304467
13.0094 4.11139 0.304703
12.9771 4.13234 0.307884
12.9622 4.01522 0.307276
12.9751 4.1076 0.306145
13.0405 4.03322 0.306663
12.9666 4.03476 0.305939
13.0793 4.02536 0.307287
13.0228 4.0848 0.305163
12.9674 4.10321 0.306062
12.9858 3.97688 0.307593
12.9779 4.06848 0.30635
12.9975 4.08013 0.30265
12.9672 3.98943 0.30517
12.9949 4.03274 0.308181
13.0033 4.04615 0.303631
13.0186 3.98853 0.306294
13.0112 4.07487 0.306678
13.0612 4.03791 0.304772
13.0299 4.03794 0.307229
13.0411 4.00825 0.307166
13.0472 4.06686 0.303464
12.9873 4.12045 0.306111
13.0752 4.06164 0.307977
12.9885 4.04338 0.306842
13.0659 3.99473 0.306307
13.0445 3.99999 0.303191
13.0086 4.00438 0.306455
12.9898 4.05638 0.30559
12.9829 4.05313 0.305579
13.0121 4.04705 0.30626
13.0221 4.02317 0.306345
13.0975 4.01168 0.307102
12.9996 4.08878 0.306987
13.0697 4.05522 0.302941
12.9967 4.11169 0.30465
12.9516 4.01104 0.307454
13.0295 4.06389 0.303443
13.0043 4.0928 0.305379
13.0712 4.07217 0.306113
13.0571 4.05666 0.305454
13.0572 4.04997 0.305467
13.0468 4.07352 0.308845
12.9579 4.14169 0.305566
13.0106 4.10175 0.305997
12.9824 4.04152 0.306206
12.9625 4.08978 0.304456
12.9607 4.08803 0.304668
13.0131 3.99225 0.306057
13.0058 4.05919 0.303496
13.0264 4.0659 0.302206
12.9927 4.0101 0.307441
12.9783 4.11148 0.304542
12.9704 4.10627 0.304383
12.9787 4.1175 0.304469
13.0775 3.99198 0.304124
12.9876 4.11871 0.305133
12.9896 4.12433 0.305053
13.0837 4.02501 0.303151
13.0831 4.02627 0.303269
13.0181 4.08398 0.304538
13.0049 4.11552 0.304806
13.003 4.00605 0.305514
12.9684 3.95225 0.305528
13.004 4.00694 0.30632
13.057 3.93868 0.305878
12.984 4.09028 0.305809
13.0214 4.02915 0.303672
12.9711 4.10264 0.306154
12.9741 4.06694 0.30654
13.0183 4.04835 0.303433
12.972 3.98789 0.305079
13.0302 4.06661 0.304405
12.9927 4.04101 0.303407
12.9973 4.00551 0.303806
12.9703 4.01674 0.304815
13.017 4.06875 0.3069
13.0407 4.03165 0.30791
13.0245 4.03819 0.307116
13.0135 4.02489 0.303862
13.0347 4.05679 0.303479
13.0196 4.0248 0.305595
13.0515 4.06377 0.303519
12.9744 4.02767 0.305563
13.0613 4.00331 0.306341
12.9853 3.97884 0.30738
12.9965 4.00067 0.307111
13.0472 4.03736 0.304867
13.0544 4.06557 0.305876
13.0386 4.05687 0.30508
12.9436 4.0551 0.306338
12.9777 4.018 0.30562
13.0374 4.09211 0.303986
13.0422 4.08756 0.30576
12.9799 4.04346 0.305474
13.0606 4.00809 0.305176
12.9903 4.09221 0.306205
12.9735 4.03692 0.303377
12.9267 4.00057 0.304769
13.0617 4.00952 0.305983
12.9675 4.14418 0.3058
12.9791 4.0407 0.306144
12.9593 4.09013 0.304723
12.9585 4.08579 0.304652
12.9664 4.09201 0.304673
12.975 4.08117 0.304444
12.9751 4.09011 0.304496
13.0064 4.05677 0.303386
13.0229 4.06892 0.30227
12.9544 4.12258 0.305719
12.9766 4.10909 0.304622
12.9764 4.11527 0.304432
13.0746 3.99073 0.304229
12.9983 3.99809 0.304603
13.0188 4.02383 0.306409
13.0157 4.08235 0.304203
13.0153 4.11486 0.30487
12.9644 4.10536 0.305347
13.0445 4.02646 0.307884
13.0392 4.0321 0.306845
13.032 3.99953 0.305369
12.9549 3.97949 0.305832
12.9988 4.00919 0.306212
13.0248 4.00903 0.300665
12.9977 4.0585 0.304585
13.013 4.0681 0.30578
12.9688 4.10825 0.306106
13.0368 4.07347 0.302432
13.0403 4.06891 0.302653
13.0368 3.99675 0.302935
13.0343 3.997 0.302855
13.0124 4.06737 0.308068
12.9667 3.99332 0.304919
12.9817 4.07479 0.304023
12.991 4.04427 0.303672
13.1323 4.01404 0.305566
13.0147 4.08321 0.306693
13.0633 4.0396 0.304723
13.042 4.03111 0.307878
13.0178 4.09364 0.306754
13.0089 4.08076 0.307209
13.0497 4.06403 0.303825
12.9788 4.03089 0.305463
13.0091 4.00136 0.305717
13.0045 3.99814 0.309201
12.9884 4.12294 0.305987
13.0402 4.03739 0.304842
13.0507 4.07164 0.303247
13.0246 4.07434 0.305109
13.0465 4.00175 0.303178
13.054 4.05849 0.305768
13.0583 4.01087 0.306386
12.9825 4.01503 0.305698
13.0312 4.06691 0.306101
13.0784 4.05255 0.305474
12.9864 4.04776 0.305615
13.0126 4.01564 0.30733
13.023 4.09196 0.306126
12.9977 4.11096 0.304661
12.9891 4.08725 0.306242
13.0018 4.09019 0.305502
13.0345 3.97526 0.303868
13.0239 3.99988 0.307168
13.0627 4.05586 0.305531
13.0606 4.00974 0.306097
12.9696 4.02462 0.306307
13.0013 4.0856 0.306321
12.9652 4.14413 0.30565
13.0068 4.00265 0.302675
13.0114 4.1081 0.306038
12.9938 3.98183 0.306125
12.9832 4.037 0.306128
12.9635 4.08994 0.304584
12.9606 4.09049 0.304531
13.0218 3.99716 0.305594
12.9761 4.08995 0.304452
13.0085 4.05484 0.303592
13.0186 4.07244 0.302091
13.0461 4.06898 0.307112
12.9552 4.12308 0.30578
12.973 4.11656 0.304495
12.9963 3.99873 0.304531
13.0301 4.06877 0.305229
12.9459 4.04907 0.308276
13.016 4.08224 0.304482
13.0091 4.11418 0.304766
12.9821 4.13503 0.307782
12.9826 4.01755 0.307908
12.9735 4.10927 0.306199
13.0039 4.0143 0.306304
13.0504 4.00159 0.303948
12.9778 4.05917 0.306879
13.0212 4.0262 0.303336
13.0855 4.04493 0.304389
13.0222 4.08371 0.307365
12.9703 4.0744 0.306316
13.0266 4.04744 0.303408
12.994 3.99249 0.305259
12.9772 4.07396 0.304153
12.9954 4.01534 0.303602
12.9731 4.01693 0.3049
13.0646 4.04296 0.304658
13.0237 4.06982 0.306935
13.0252 4.09412 0.306787
13.0317 4.05177 0.3035
13.0345 4.06236 0.302156
12.987 4.11929 0.305981
13.0519 4.04374 0.305847
13.0516 4.07154 0.303334
13.035 4.01622 0.303978
13.0441 4.01388 0.303831
13.0114 4.06375 0.306132
13.0181 4.06489 0.302843
12.95 4.05919 0.306592
12.9853 4.05931 0.305494
13.0077 4.05049 0.306384
12.9936 3.99011 0.305679
13.0291 4.09561 0.303931
13.0017 4.00588 0.305683
13.0446 4.08189 0.305742
13.0223 4.09362 0.306328
12.9996 4.0704 0.307228
13.0287 4.05875 0.303473
12.9731 4.03481 0.303251
13.0224 3.99442 0.307081
13.0729 4.00304 0.306037
12.9587 4.14387 0.30556
13.0123 4.1033 0.306046
12.9578 4.0968 0.304637
13.0318 4.00461 0.307675
13.0241 3.99443 0.305669
12.9735 4.09081 0.304519
12.9783 4.08513 0.304476
12.9787 4.08679 0.30447
13.0075 4.05309 0.303545
13.0217 4.05877 0.30739
12.9757 4.11395 0.304388
12.9851 4.12127 0.304974
12.9953 4.03093 0.303209
13.0179 4.07947 0.304354
13.0117 4.11352 0.304851
12.9619 4.10119 0.305397
12.9626 4.10581 0.305516
12.9645 4.01415 0.307274
13.0445 4.00318 0.304061
12.9835 4.0943 0.305517
12.9985 4.05943 0.304456
13.0479 4.05737 0.309442
13.0305 4.03826 0.307009
13.0396 4.07076 0.30253
13.0379 4.07153 0.302541
13.0008 4.07455 0.302664
13.0271 4.05107 0.30351
13.0306 4.06407 0.304489
13.0335 4.06798 0.304535
12.9823 4.07404 0.304009
13.0914 4.03342 0.303228
13.0164 3.98383 0.306025
13.011 4.08258 0.306728
13.0144 4.00303 0.305187
13.0205 3.99528 0.302377
13.006 4.0852 0.307152
13.0488 4.06416 0.303716
12.9885 4.11418 0.306096
13.0462 4.00443 0.309501
13.0552 4.03804 0.305768
13.038 4.01459 0.303824
13.0116 4.06193 0.306266
12.9753 4.00893 0.30529
12.9512 4.06013 0.306475
12.9829 4.05481 0.305564
12.9863 4.05839 0.305561
12.9727 4.02006 0.302035
12.9698 4.02447 0.301923
12.994 3.98566 0.305349
13.0948 3.97593 0.306155
12.9906 4.0023 0.305762
13.0262 4.02611 0.308019
13.0687 4.06104 0.302765
12.9879 4.08854 0.30639
13.0032 4.09439 0.305264
12.9779 4.03527 0.303374
13.0411 3.97645 0.304088
13.0314 4.05135 0.308301
13.0329 4.01437 0.306965
13.0615 4.05653 0.30551
12.9668 4.02452 0.306438
12.9655 4.03264 0.30848
13.0474 4.05297 0.306263
13.0163 4.1014 0.306187
12.9587 4.09609 0.304598
13.0215 4.00004 0.305615
13.0038 4.07284 0.305698
13.0057 4.05519 0.3035
13.0192 4.05264 0.307578
13.0441 4.06591 0.307243
13.036 3.99551 0.306208
12.9858 4.12139 0.305127
12.9842 4.11846 0.305142
12.9461 4.04911 0.308268
13.0135 4.02843 0.304069
13.0109 4.00522 0.305507
13.0339 4.05974 0.308173
13.0173 4.09418 0.308377
13 4.01799 0.306204
13.0484 3.99927 0.303998
13.0214 4.01034 0.300917
13.004 4.06577 0.304382
13.0033 4.06934 0.305665
13.0213 4.08609 0.307478
12.9905 3.97257 0.307592
12.9985 4.07752 0.302704
13.0351 3.99165 0.302969
12.9648 3.98941 0.304955
13.0323 4.06674 0.304697
12.9801 4.07087 0.304186
12.9837 4.07374 0.304155
12.9987 3.95515 0.305499
12.9885 4.04245 0.303721
12.9766 4.07375 0.308053
13.0728 4.02204 0.304024
13.0288 3.93 0.306664
13.0169 4.02443 0.303749
13.1074 3.98768 0.300659
13.0483 4.06059 0.303749
13.0464 4.06182 0.303946
13.0384 4.02765 0.305044
13.0566 4.06929 0.303288
13.0251 4.07066 0.305278
13.0431 4.04022 0.304912
13.0174 4.06591 0.302965
13.0374 4.06038 0.305117
12.9478 4.06032 0.306577
12.9817 4.01734 0.305564
13.0459 3.94819 0.304571
13.0349 4.09359 0.304072
13.0352 4.09808 0.304113
13.0687 4.0576 0.305474
12.9878 4.0486 0.305463
12.9938 4.10848 0.304697
12.9921 4.08907 0.306371
13.032 4.05627 0.303407
13.0001 4.09033 0.305146
13.0005 4.09336 0.305419
13.0402 3.97508 0.30409
13.0702 4.07449 0.306255
13.0131 4.02624 0.308358
13.0059 3.99623 0.30271
12.9691 4.08934 0.304268
13.0703 3.98017 0.305276
12.977 4.08806 0.304296
13.0096 4.06065 0.303412
12.9477 4.12785 0.305752
13.0748 3.98879 0.304005
12.9896 4.12793 0.305262
12.9441 4.04726 0.308313
13.0833 4.03023 0.303107
13.0196 4.08688 0.304365
13.0091 4.01358 0.305553
13.0767 4.0379 0.304946
12.9631 4.09961 0.305394
12.9675 4.10792 0.306114
13.0031 3.9806 0.307284
12.9807 4.02089 0.306867
12.9794 4.10312 0.305655
12.9826 4.0552 0.306844
13.026 4.02483 0.303492
13.0857 4.05016 0.304598
13.0363 4.06848 0.302417
13.0071 3.97863 0.304727
13.0239 4.04623 0.303406
13.0317 4.0636 0.304505
12.9989 3.94438 0.305378
12.9983 4.04413 0.303792
12.9726 4.07197 0.308023
12.9779 4.07364 0.308191
13.0196 3.99393 0.304051
13.0615 4.04004 0.304533
13.0268 3.99888 0.302257
13.0339 4.05436 0.303376
12.9766 4.03045 0.305675
12.9799 4.02541 0.305787
13.0103 3.97932 0.305721
12.985 3.97526 0.307233
13.0064 4.05386 0.305499
13.006 4.04542 0.305688
12.9856 4.04488 0.306552
12.9881 4.05685 0.306656
13.0328 4.07953 0.305138
13.0498 4.03449 0.304807
13.0412 4.00191 0.303099
13.0119 4.06562 0.306112
12.9802 4.02371 0.308161
12.9542 4.05689 0.306401
12.9491 4.0662 0.306528
12.9833 4.01712 0.305834
12.993 3.99079 0.305374
13.0323 4.09251 0.303908
12.9758 4.11291 0.308752
12.984 4.04434 0.305797
12.9945 4.10978 0.304595
12.9999 4.11311 0.304691
12.9937 4.06644 0.306913
13.0362 4.01362 0.303539
12.9293 3.99524 0.304913
13.0687 4.07421 0.30638
13.003 4.02886 0.308225
13.0153 4.06462 0.305898
12.9585 4.08188 0.304529
13.0268 4.00228 0.307586
12.9747 4.08976 0.304588
13.0051 4.05385 0.303749
13.0193 4.06979 0.302308
12.9731 4.11563 0.304393
13.0988 4.01837 0.305609
12.987 4.1249 0.304883
13.0323 4.0741 0.305059
13.0025 4.03642 0.309329
13.0108 4.02454 0.304012
12.9814 4.0124 0.307831
12.9618 3.98115 0.30562
12.9714 4.10386 0.306191
12.9718 4.0265 0.306043
12.9891 4.08645 0.305712
13.0301 4.07984 0.305206
13.0476 3.97472 0.304074
12.9926 3.98748 0.307604
13.0064 3.97235 0.304731
13.0368 3.99377 0.302999
13.0187 4.04926 0.303313
13.0279 4.05819 0.307796
13.0821 4.02922 0.303172
13.0164 3.98295 0.306286
12.9739 4.01345 0.304757
13.0203 4.06462 0.306907
13.0157 4.02441 0.303733
13.0386 4.01018 0.306944
13.0451 4.06753 0.303893
12.9939 4.11668 0.306068
13.0338 3.99302 0.302901
12.9896 4.05189 0.306677
13.0294 4.07559 0.30518
12.9817 4.04733 0.309106
13.0523 4.06558 0.305694
13.0625 4.01181 0.306403
12.9478 4.06309 0.306502
12.9825 4.05025 0.305579
12.9775 4.01322 0.305797
12.9783 4.02104 0.301742
13.0385 4.09025 0.304018
13.0244 3.99998 0.307123
13.0178 4.01238 0.307537
12.9959 4.10918 0.304483
12.8869 4.36446 0.309048
