93.0656 -29.276 3.47748
93.0351 -29.2886 3.48068
93.0536 -29.3279 3.47846
93.068 -29.2548 3.47732
93.0732 -29.2109 3.47769
92.8627 -29.2681 3.47773
92.9763 -29.4331 3.47801
92.9153 -29.3096 3.47553
93.0851 -29.278 3.47856
93.0062 -29.4213 3.47961
92.9413 -29.2446 3.47646
92.9576 -29.2918 3.47446
92.9007 -29.3003 3.47675
93.0482 -29.35 3.47527
93.0096 -29.2934 3.47919
93.0206 -29.1832 3.48001
92.9625 -29.1757 3.47897
92.9857 -29.3003 3.47707
93.0287 -29.3147 3.47688
93.0201 -29.3302 3.47902
92.9763 -29.2908 3.47911
92.9489 -29.2586 3.47821
92.9623 -29.1955 3.48007
92.8966 -29.3121 3.48093
92.9599 -29.314 3.47963
93.0148 -29.3807 3.47985
93.0163 -29.278 3.47833
93.0323 -29.2902 3.47658
93.044 -29.2771 3.47721
92.9112 -29.2258 3.47379
92.8634 -29.2336 3.47452
93.044 -29.2367 3.48107
92.9836 -29.1589 3.48073
92.9996 -29.2599 3.47781
92.9213 -29.2442 3.47685
92.9561 -29.2179 3.47783
92.8243 -29.2479 3.47881
92.9879 -29.2457 3.48314
92.8552 -29.3101 3.47525
92.9899 -29.3105 3.47925
92.9528 -29.2828 3.4789
92.8511 -29.3821 3.47916
93.0406 -29.1679 3.47742
93.0573 -29.2147 3.47865
92.9968 -29.3009 3.47837
93.0144 -29.3052 3.47992
92.9957 -29.2299 3.47939
93.1183 -29.3731 3.47355
93.1244 -29.3106 3.48153
93.0868 -29.2315 3.48058
92.9048 -29.319 3.47671
92.9463 -29.2678 3.47577
93.0313 -29.3137 3.47483
93.0027 -29.2379 3.47565
93.0438 -29.2357 3.47748
92.9639 -29.3321 3.4773
92.9611 -29.2457 3.47476
93.0547 -29.1619 3.47522
92.9682 -29.313 3.47817
93.0477 -29.2103 3.477
92.9807 -29.2538 3.48015
93.0003 -29.3264 3.47895
93.0792 -29.2795 3.48142
92.9497 -29.1992 3.48023
92.9605 -29.2417 3.47865
93.0053 -29.3307 3.47795
93.0127 -29.2686 3.47682
93.0123 -29.2626 3.4782
92.9454 -29.2407 3.47624
92.9736 -29.3876 3.47751
92.9333 -29.1589 3.48031
93.0064 -29.3954 3.48049
93.0869 -29.3183 3.47678
92.9528 -29.3935 3.47675
92.9617 -29.3006 3.47689
93.0191 -29.3021 3.47982
92.9532 -29.2299 3.47658
93.0339 -29.2623 3.47621
92.9753 -29.252 3.4807
92.9881 -29.2307 3.4791
93.0485 -29.3339 3.47768
93.0358 -29.2508 3.47876
92.9972 -29.2528 3.48174
92.9167 -29.233 3.47873
93.0928 -29.2188 3.47922
92.9768 -29.349 3.47887
92.9723 -29.439 3.47854
92.9832 -29.2838 3.47902
92.9482 -29.2352 3.47753
92.9205 -29.3433 3.47968
93.0722 -29.2728 3.47814
93.0289 -29.3122 3.4747
92.9609 -29.2297 3.48015
92.9801 -29.2049 3.47679
92.9623 -29.2875 3.4772
92.9929 -29.2295 3.48015
92.8145 -29.4343 3.4772
92.9846 -29.2387 3.48217
93.0075 -29.1545 3.48087
92.9599 -29.2641 3.47725
93.0144 -29.2525 3.47489
93.0201 -29.3282 3.4755
93.0441 -29.3312 3.47571
93.0028 -29.3402 3.47742
93.0151 -29.2952 3.48022
92.9945 -29.2925 3.48067
92.9534 -29.3922 3.47901
92.9855 -29.3259 3.47644
92.9427 -29.3802 3.47761
92.9421 -29.3421 3.4781
92.9593 -29.3106 3.47642
92.9039 -29.3217 3.47566
93.0515 -29.3001 3.47619
93.0036 -29.3375 3.47879
93.024 -29.3188 3.4776
92.9317 -29.2699 3.47789
92.9613 -29.334 3.47904
93.0143 -29.2182 3.4781
93.0609 -29.24 3.47584
92.9067 -29.296 3.47859
92.9383 -29.307 3.47973
93.1496 -29.2022 3.47587
92.9797 -29.2288 3.4768
93.0139 -29.276 3.47933
92.9965 -29.345 3.48068
92.971 -29.3718 3.47995
93.0795 -29.2647 3.48128
93.0507 -29.2764 3.48064
93.0273 -29.3146 3.4761
93.0007 -29.3469 3.4801
93.0135 -29.4031 3.48144
92.986 -29.2516 3.48133
92.9894 -29.3095 3.47834
92.9548 -29.2539 3.4798
93.0725 -29.3367 3.47814
92.9657 -29.1413 3.47813
92.9886 -29.1766 3.47793
92.9599 -29.3623 3.47636
93.0484 -29.3897 3.4756
92.9751 -29.2706 3.47843
93.0287 -29.1712 3.47767
92.9493 -29.3431 3.48023
93.0271 -29.2678 3.47809
93.0276 -29.2966 3.47631
93.0204 -29.2287 3.47894
92.9892 -29.2868 3.47855
93.0331 -29.3812 3.47692
93.001 -29.2939 3.47859
93.0668 -29.207 3.47675
92.9732 -29.2056 3.47376
92.9393 -29.2333 3.47449
92.9769 -29.3471 3.47632
92.963 -29.2105 3.48069
92.967 -29.2347 3.4794
92.9159 -29.3541 3.47544
92.9165 -29.1879 3.47769
92.9345 -29.2252 3.47885
93.013 -29.3317 3.47759
92.9766 -29.3384 3.47672
93.011 -29.3215 3.47948
92.9971 -29.3177 3.47823
93.0959 -29.3222 3.4768
93.0467 -29.2776 3.47489
93.0478 -29.2384 3.47919
93.027 -29.292 3.47901
92.9218 -29.2855 3.48104
92.9325 -29.2974 3.48233
92.8568 -29.2416 3.47931
93.0118 -29.2788 3.47968
92.9818 -29.3027 3.47806
92.9767 -29.1571 3.47996
92.989 -29.3443 3.47934
92.9803 -29.2222 3.47715
92.9758 -29.2996 3.47912
93.0308 -29.2859 3.47884
93.0875 -29.2257 3.47689
92.9855 -29.2562 3.48041
93.0496 -29.2412 3.48113
92.9242 -29.3616 3.47865
92.9274 -29.3054 3.48068
93.145 -29.1643 3.47784
93.0932 -29.2056 3.47975
93.0236 -29.2717 3.48152
93.0715 -29.2602 3.47655
92.9967 -29.3477 3.48166
92.9228 -29.2949 3.47779
92.9532 -29.3246 3.47845
93.0194 -29.2618 3.47917
92.9848 -29.2809 3.47704
92.9902 -29.2441 3.47811
92.9163 -29.3407 3.48008
92.9022 -29.373 3.47954
92.9455 -29.2611 3.47777
92.969 -29.2195 3.47959
92.9453 -29.2754 3.47875
92.9758 -29.3063 3.47953
92.8985 -29.2933 3.47835
92.8823 -29.3427 3.47513
92.988 -29.1475 3.47709
93.006 -29.284 3.47609
92.9364 -29.2506 3.47706
93.0246 -29.1659 3.47819
92.9617 -29.2688 3.47735
92.9701 -29.2503 3.4791
93.0274 -29.2495 3.47458
93.0383 -29.3388 3.47915
92.9821 -29.2704 3.48012
92.8804 -29.3187 3.48017
92.8785 -29.3039 3.47844
93.0389 -29.2685 3.47526
92.9871 -29.2247 3.4804
92.9849 -29.3415 3.47933
93.0525 -29.3148 3.47817
93.0561 -29.2804 3.4812
93.0171 -29.2725 3.47759
93.0247 -29.2708 3.47888
92.9778 -29.2112 3.47795
92.9121 -29.2562 3.47497
92.8848 -29.2165 3.4782
93.0454 -29.3784 3.48252
93.0172 -29.3028 3.47669
93.0058 -29.2594 3.47582
93.0126 -29.2514 3.47803
92.9932 -29.3128 3.48058
92.9419 -29.1794 3.47874
92.8898 -29.2179 3.48067
92.9865 -29.3605 3.47882
93.0281 -29.3516 3.47926
92.9345 -29.1705 3.4793
92.9763 -29.1902 3.47875
92.9847 -29.2161 3.47858
93.092 -29.2903 3.47803
92.9569 -29.3426 3.47444
92.9813 -29.3363 3.47737
92.908 -29.2834 3.47665
93.0155 -29.3292 3.47805
93.0534 -29.2561 3.47726
92.8537 -29.3535 3.47901
93.0301 -29.1357 3.47866
93.0046 -29.3179 3.47622
93.0354 -29.3252 3.47623
93.0169 -29.3558 3.47885
92.9435 -29.3084 3.4789
93.0407 -29.2972 3.48047
92.9717 -29.258 3.47404
93.0022 -29.3178 3.47701
92.9745 -29.249 3.47882
93.0373 -29.2675 3.48106
92.9044 -29.1291 3.4792
92.9884 -29.3473 3.47955
92.9879 -29.349 3.4768
92.978 -29.3219 3.47724
93.0128 -29.2825 3.47783
92.9527 -29.2742 3.47632
92.8665 -29.3489 3.47406
92.9981 -29.2832 3.47873
92.9465 -29.293 3.47989
93.0084 -29.301 3.47503
92.9932 -29.294 3.47986
92.9626 -29.3086 3.4755
92.9878 -29.3014 3.4766
93.0121 -29.3115 3.47739
93.0229 -29.3185 3.47552
92.8792 -29.3492 3.47707
92.961 -29.287 3.47642
92.9591 -29.3303 3.47903
92.9572 -29.3635 3.47807
92.9484 -29.2831 3.47807
93.0358 -29.2099 3.47799
92.9766 -29.3104 3.47857
93.0823 -29.1421 3.47972
92.9954 -29.3912 3.48203
92.8858 -29.2902 3.4763
93.1007 -29.185 3.47649
92.9796 -29.2891 3.47726
92.9516 -29.1992 3.47915
92.9813 -29.2089 3.48173
93.026 -29.3144 3.47695
92.9883 -29.2412 3.47807
92.95 -29.2645 3.47727
92.9138 -29.1889 3.47914
93.0017 -29.2127 3.47705
93.1538 -29.2005 3.47831
93.0465 -29.3165 3.47557
92.9875 -29.3741 3.4779
92.9808 -29.3678 3.47926
93.0218 -29.4182 3.47702
92.9647 -29.2686 3.4795
93.004 -29.382 3.478
92.9182 -29.222 3.47989
93.1201 -29.2711 3.47812
93.0253 -29.3147 3.47997
92.9873 -29.2244 3.48141
93.0276 -29.2589 3.47827
93.0165 -29.313 3.47841
93.0539 -29.334 3.47772
92.9224 -29.3184 3.47932
92.9711 -29.2798 3.47991
92.9382 -29.2421 3.48024
93.0196 -29.1313 3.47539
93.094 -29.2444 3.47582
92.9212 -29.2882 3.4768
93.0257 -29.3528 3.47499
93.0619 -29.3917 3.47816
93.0925 -29.3497 3.47933
92.9746 -29.3062 3.47986
92.9382 -29.1792 3.48162
92.8865 -29.2641 3.47927
93.0239 -29.2831 3.47658
93.0016 -29.4344 3.47959
92.9462 -29.3605 3.47851
92.9325 -29.3884 3.47836
92.8677 -29.2119 3.47537
92.9847 -29.3961 3.47983
92.977 -29.3071 3.47844
92.9222 -29.3597 3.47978
93.0172 -29.3821 3.47872
93.0163 -29.3459 3.4756
92.9513 -29.306 3.47779
92.9976 -29.2466 3.48069
92.8781 -29.2591 3.47767
93.0615 -29.3166 3.47703
93.0454 -29.3607 3.47848
93.0619 -29.3358 3.47812
92.9466 -29.2087 3.47805
92.9588 -29.3046 3.47815
92.9108 -29.2849 3.47885
93.05 -29.3371 3.4788
93.0573 -29.2963 3.47875
93.0445 -29.2687 3.47944
92.8879 -29.4178 3.47828
93.0055 -29.2894 3.47808
92.9167 -29.2377 3.47457
92.9266 -29.3188 3.48002
92.9621 -29.3629 3.48214
92.96 -29.181 3.48048
92.8926 -29.301 3.47741
92.9134 -29.3301 3.47644
93.0531 -29.3163 3.47964
93.0234 -29.2377 3.47868
92.9303 -29.2424 3.47504
92.9057 -29.2653 3.47591
92.9783 -29.2759 3.47536
92.9936 -29.1752 3.4765
92.9584 -29.3308 3.47827
92.9938 -29.1754 3.48055
92.9132 -29.3365 3.47552
93.0684 -29.3739 3.47563
92.8575 -29.2778 3.47609
92.9059 -29.2942 3.47679
92.9431 -29.2999 3.47363
93.0672 -29.286 3.47536
92.995 -29.3131 3.47951
93.0263 -29.2992 3.47757
92.9036 -29.3304 3.47743
93 -29.2265 3.47775
92.8801 -29.3621 3.47709
93.0594 -29.1937 3.47653
92.8707 -29.1924 3.4814
92.9846 -29.3267 3.48007
92.9977 -29.3046 3.48038
93.0834 -29.4035 3.47836
93.0102 -29.2051 3.47975
92.9878 -29.3916 3.47799
92.9793 -29.239 3.48004
93.0212 -29.2904 3.47742
93.0892 -29.3181 3.4773
92.9471 -29.2611 3.47617
92.8918 -29.1564 3.48115
92.9758 -29.3674 3.4799
92.9445 -29.233 3.47862
93.0267 -29.3541 3.47714
92.904 -29.3152 3.47662
92.9456 -29.3473 3.47744
92.9863 -29.3051 3.47881
93.0642 -29.3291 3.47822
92.9556 -29.3319 3.48037
92.8309 -29.3294 3.47708
92.9817 -29.2329 3.47795
93.0643 -29.2453 3.47667
92.9754 -29.3408 3.47785
93.0268 -29.3409 3.47642
92.981 -29.2902 3.47728
93.0527 -29.2046 3.47977
93.0241 -29.2614 3.48011
92.9844 -29.245 3.48023
92.8803 -29.2908 3.48016
92.9381 -29.3184 3.47964
93.0125 -29.2067 3.47755
92.9939 -29.406 3.47961
93.0084 -29.386 3.47894
93.0018 -29.2273 3.48109
93.0326 -29.3176 3.47831
93.0218 -29.2952 3.47953
93.0178 -29.2514 3.47564
92.8935 -29.2649 3.47715
93.0243 -29.2442 3.47784
92.9509 -29.2523 3.48045
92.9649 -29.307 3.4801
92.9799 -29.242 3.47754
93.0325 -29.2735 3.47707
93.0186 -29.2629 3.47784
92.9205 -29.2912 3.47894
92.9499 -29.274 3.48094
92.9422 -29.1799 3.48142
92.9656 -29.3447 3.47902
93.0281 -29.2672 3.47562
93.0761 -29.2813 3.47552
92.9721 -29.2918 3.47623
92.9921 -29.3008 3.47595
92.9946 -29.2079 3.47767
93.0113 -29.2559 3.48003
92.9981 -29.1257 3.4801
92.9533 -29.4134 3.47873
93.0143 -29.3379 3.47814
92.9225 -29.3635 3.47507
92.9607 -29.3024 3.4749
92.941 -29.3747 3.48003
92.9488 -29.2894 3.48045
92.9699 -29.2781 3.47953
92.938 -29.2475 3.47756
93.0159 -29.2404 3.47859
93.0455 -29.2085 3.47738
92.8857 -29.2596 3.47768
92.9972 -29.2931 3.47792
92.9751 -29.2612 3.47964
93.1186 -29.2782 3.48061
92.9708 -29.2645 3.47771
92.964 -29.2867 3.47981
93.0714 -29.247 3.48296
92.9833 -29.338 3.47777
93.0478 -29.1482 3.47872
93.108 -29.24 3.479
92.958 -29.2945 3.47712
93.0232 -29.2815 3.47493
93.0479 -29.3795 3.47439
92.9602 -29.2625 3.48138
92.9649 -29.4451 3.47966
93.0426 -29.2426 3.48029
92.9595 -29.2753 3.47756
93.0014 -29.3568 3.4793
92.9832 -29.3047 3.47836
93.0787 -29.2684 3.47869
92.8655 -29.2846 3.47816
92.9486 -29.197 3.47678
92.9594 -29.2031 3.47813
92.9902 -29.3447 3.47711
93.003 -29.2739 3.47831
92.9495 -29.2932 3.47877
93.0983 -29.4139 3.47962
93.0915 -29.3099 3.47858
93.0029 -29.3351 3.4807
93.0013 -29.3107 3.47845
92.9912 -29.2616 3.47715
92.9206 -29.1237 3.47684
93.0068 -29.3951 3.47776
92.9047 -29.378 3.47728
93.0414 -29.2913 3.4765
92.9215 -29.3263 3.47818
92.9648 -29.1551 3.47842
92.9766 -29.1998 3.47976
92.9824 -29.3057 3.47549
93.0694 -29.3684 3.48115
93.0303 -29.3036 3.4724
93.0497 -29.2612 3.47672
93.0634 -29.2861 3.47806
92.9888 -29.3065 3.47836
92.971 -29.3491 3.47888
92.9762 -29.2674 3.47423
92.9867 -29.3316 3.47562
92.9771 -29.3268 3.47819
92.9054 -29.2221 3.48177
93.0101 -29.2987 3.48051
93.0281 -29.2997 3.47781
92.9994 -29.3206 3.47951
92.9645 -29.1553 3.47787
92.9417 -29.2975 3.48036
93.0454 -29.3795 3.47753
93.0109 -29.3261 3.4798
92.9283 -29.2442 3.47798
92.9803 -29.2678 3.48051
92.96 -29.2352 3.47779
92.9919 -29.2465 3.48021
93.0882 -29.3015 3.48241
93.033 -29.2365 3.48124
93.0898 -29.3004 3.47605
92.896 -29.2119 3.48232
92.9495 -29.321 3.48085
93.0984 -29.1773 3.4796
93.02 -29.269 3.47619
92.9529 -29.214 3.47916
93.0418 -29.2622 3.47608
92.9938 -29.293 3.47821
93.0321 -29.3387 3.47818
93.0378 -29.3099 3.47763
93.03 -29.2791 3.47904
93.0552 -29.2897 3.47913
93.0308 -29.3284 3.47606
92.9052 -29.3064 3.4786
93.8309 -32.2038 3.47392
