108.103 19.32 0.0612512
108.052 19.286 0.0627596
108.056 19.2799 0.0626194
108.151 19.2244 0.062793
108.159 19.2077 0.0623087
108.077 19.3306 0.0607438
108.078 19.3116 0.0642744
108.018 19.3028 0.0640778
108.116 19.305 0.062985
108.123 19.2903 0.0594832
108.079 19.2772 0.0615679
108.141 19.2646 0.0621733
108.079 19.3291 0.060302
108.092 19.2951 0.0598533
108.112 19.2595 0.0628153
108.079 19.322 0.0589811
108.007 19.3238 0.0647904
108.094 19.1987 0.0643525
108.113 19.2916 0.0636539
108.143 19.2788 0.0620769
108.083 19.3201 0.0636286
108.085 19.3118 0.063652
108.069 19.2619 0.0641882
108.063 19.2596 0.0641136
108.183 19.2607 0.0576636
108.091 19.303 0.0615965
108.139 19.2712 0.0580368
108.099 19.2614 0.0623021
108.095 19.265 0.0623984
108.121 19.2996 0.0607392
108.118 19.2878 0.0631208
108.12 19.2828 0.0633817
108.131 19.282 0.0602764
108.128 19.281 0.060125
108.125 19.26 0.0591518
107.93 19.4022 0.0628487
108.091 19.3014 0.0649681
108.14 19.1692 0.0643306
108.144 19.2782 0.058688
108.114 19.2973 0.059192
108.119 19.2955 0.0591766
108.062 19.2988 0.0605659
108.18 19.2686 0.0626486
108.172 19.2695 0.0624395
108.059 19.2696 0.0623637
108.101 19.311 0.0616196
108.081 19.2445 0.0623682
108.106 19.2921 0.0605445
108.091 19.2607 0.0621804
108.123 19.3027 0.0611552
108.047 19.343 0.062598
108.051 19.2912 0.0641535
108.166 19.2495 0.0611123
108.076 19.3123 0.0605631
108.147 19.2792 0.0636709
108.097 19.2993 0.0649829
108.197 19.2595 0.0619805
108.202 19.2538 0.0621614
108.143 19.2898 0.0628128
108.177 19.2593 0.0624209
108.111 19.2493 0.0610225
108.107 19.2637 0.0625743
108.052 19.2483 0.0638635
108.048 19.2457 0.0638832
108.099 19.3228 0.0612115
108.153 19.2311 0.0627899
108.155 19.2292 0.0628305
108.074 19.3321 0.0606833
108.091 19.3 0.0647588
108.097 19.3018 0.0648614
108.08 19.3089 0.0642924
108.08 19.299 0.0643224
108.081 19.3074 0.0642437
108.113 19.2863 0.060092
108.017 19.3038 0.0638863
108.085 19.3273 0.06102
108.145 19.269 0.0623796
108.131 19.2802 0.0637041
108.093 19.2975 0.0597718
108.047 19.3054 0.0625666
108.047 19.3131 0.0611594
108.101 19.1965 0.0642821
108.122 19.2962 0.0635801
108.138 19.2804 0.0619463
108.089 19.2192 0.06233
108.075 19.2643 0.0640877
108.068 19.2604 0.0641102
108.078 19.3212 0.062429
108.085 19.3029 0.0618159
108.063 19.3298 0.0652202
108.119 19.3007 0.0608355
108.117 19.2843 0.0632994
108.13 19.2794 0.0602127
108.083 19.2719 0.0597465
108.112 19.3035 0.0610962
108.05 19.2272 0.0633928
108.221 19.2455 0.0585128
108.163 19.1889 0.0610159
108.099 19.293 0.0610425
108.065 19.3031 0.0607326
108.177 19.2668 0.0627474
108.115 19.2283 0.0621754
108.051 19.2649 0.0622564
108.073 19.2422 0.0624451
108.14 19.2552 0.0648441
108.095 19.2955 0.061204
108.21 19.2306 0.0653553
108.047 19.3404 0.06269
108.048 19.2948 0.0641955
108.171 19.248 0.0611908
108.158 19.2867 0.0624171
108.147 19.2762 0.0637617
108.15 19.2756 0.0636497
108.074 19.3234 0.0604998
108.105 19.3041 0.0650815
108.148 19.2939 0.0629349
108.106 19.2543 0.0611843
108.051 19.25 0.0638435
108.053 19.2839 0.0627594
108.156 19.23 0.0627025
108.102 19.27 0.0607238
108.095 19.2963 0.064895
108.083 19.3086 0.0642316
108.077 19.3087 0.0641051
108.017 19.3056 0.0640019
108.126 19.2893 0.0595292
108.088 19.3268 0.0609127
108.074 19.2765 0.0615176
108.077 19.2772 0.0615959
108.145 19.2686 0.062303
108.079 19.3269 0.0604879
108.138 19.2828 0.0636358
108.167 19.2681 0.0621525
108.055 19.3018 0.062388
108.047 19.3027 0.0624969
108.085 19.3164 0.0590795
108.006 19.3271 0.0647875
108.117 19.2891 0.0576788
108.143 19.2863 0.0620867
108.079 19.3142 0.0639394
108.071 19.2629 0.0642036
108.081 19.3184 0.0621289
108.085 19.3172 0.0621131
108.188 19.2618 0.0574937
108.09 19.3027 0.0615557
108.063 19.3276 0.0651685
108.1 19.2647 0.0623371
108.128 19.307 0.0608677
108.119 19.301 0.0608203
108.123 19.3035 0.0608651
108.076 19.246 0.0607936
108.114 19.2404 0.0628369
108.111 19.3108 0.059475
108.081 19.273 0.0600463
108.117 19.303 0.0612348
108.113 19.2955 0.0611138
108.051 19.2257 0.0634652
108.092 19.3046 0.065063
108.141 19.274 0.0586345
108.148 19.2492 0.0620119
108.104 19.2854 0.0609771
108.116 19.3003 0.0588994
108.182 19.2748 0.0625935
108.181 19.2721 0.0626689
108.18 19.2706 0.0625591
108.12 19.227 0.0622966
108.06 19.3068 0.0619624
108.099 19.312 0.0615435
108.098 19.3143 0.0616568
108.136 19.2512 0.0652503
108.095 19.2577 0.0621773
108.099 19.293 0.0610083
108.144 19.2788 0.0627665
108.122 19.2942 0.0613086
108.051 19.3403 0.0626742
108.056 19.3396 0.0627129
108.056 19.2921 0.0641622
108.068 19.2766 0.0612704
108.067 19.2731 0.0614935
108.158 19.2868 0.0625479
108.152 19.2807 0.0626231
108.153 19.28 0.063763
108.138 19.292 0.0610344
108.145 19.2934 0.0609534
108.106 19.3047 0.0651858
108.15 19.2868 0.0628362
108.107 19.2701 0.0627087
108.154 19.276 0.0590894
108.109 19.2753 0.0607351
108.16 19.2085 0.0619969
108.092 19.3023 0.0648995
108.083 19.3095 0.0643498
108.056 19.2927 0.0645318
108.115 19.3108 0.0628366
108.088 19.3235 0.0609495
108.065 19.2755 0.0613454
108.145 19.268 0.0621782
108.142 19.2679 0.0623962
108.085 19.3167 0.058
108.168 19.2693 0.0619941
108.117 19.2519 0.0627855
108.196 19.2348 0.0619473
108.051 19.3089 0.0611914
108.005 19.319 0.0650331
108.1 19.2009 0.0642446
108.107 19.2917 0.0578187
108.142 19.2681 0.0593187
108.141 19.2804 0.062035
108.089 19.3118 0.0637645
108.137 19.2211 0.0649886
108.133 19.2239 0.0648876
108.068 19.255 0.0643234
108.087 19.3026 0.0616272
108.086 19.3057 0.0617736
108.147 19.271 0.0610288
108.145 19.2307 0.0605322
108.121 19.3052 0.0609566
108.115 19.2856 0.0632004
108.113 19.2865 0.063166
108.116 19.241 0.0628757
108.081 19.2769 0.059926
108.12 19.2633 0.0590007
108.113 19.2991 0.0610986
108.047 19.2255 0.0633984
108.095 19.2975 0.0651433
108.152 19.2491 0.0618041
108.113 19.2976 0.0590886
108.177 19.2663 0.0626242
108.065 19.3046 0.0620594
108.17 19.273 0.0650477
108.077 19.2424 0.0622814
108.075 19.2423 0.0625316
108.141 19.2504 0.0651831
108.096 19.2946 0.0612772
108.098 19.2993 0.0611436
108.143 19.2709 0.0627707
108.141 19.2782 0.062807
108.043 19.3441 0.0627453
108.055 19.2978 0.0642792
108.059 19.2703 0.0611517
108.16 19.2822 0.0627803
108.077 19.3137 0.0605985
108.081 19.3137 0.0602931
108.073 19.3087 0.0606295
108.149 19.2963 0.060949
108.105 19.298 0.0650901
108.124 19.2106 0.0603178
108.204 19.2566 0.0622125
108.109 19.254 0.0609892
108.113 19.278 0.062631
108.11 19.2639 0.0625187
108.155 19.2787 0.0591125
108.051 19.2838 0.0629565
108.054 19.2799 0.0628624
108.157 19.2072 0.0620191
108.091 19.295 0.0648931
108.082 19.3066 0.0641587
108.115 19.2841 0.059924
108.014 19.2968 0.0641458
108.121 19.2903 0.0594192
108.082 19.3213 0.0609075
108.08 19.3328 0.0605499
108.136 19.2838 0.0634837
108.195 19.234 0.0619113
108.048 19.3089 0.0624231
108.051 19.3052 0.0625258
108.082 19.3118 0.0590363
108.051 19.306 0.0613731
108.096 19.2008 0.0642473
108.12 19.3023 0.0636814
108.119 19.2915 0.063565
108.139 19.286 0.0619209
108.087 19.3152 0.0638036
108.07 19.2641 0.064173
108.064 19.2632 0.0641206
108.083 19.3223 0.0620536
108.181 19.2612 0.0575716
108.063 19.3273 0.0653045
108.121 19.3026 0.0608031
108.074 19.2463 0.0608468
108.118 19.2872 0.0632402
108.106 19.3167 0.0593615
107.929 19.4054 0.0629956
108.179 19.2447 0.0634833
108.115 19.2999 0.0611608
108.049 19.2261 0.0635409
108.088 19.3012 0.0648512
108.09 19.2964 0.0648982
108.097 19.3011 0.0650163
108.146 19.1688 0.0644589
108.155 19.2538 0.0619122
108.1 19.2858 0.0611891
108.097 19.2862 0.0609922
108.109 19.3001 0.0591155
108.067 19.3085 0.0618708
108.059 19.27 0.0620129
108.076 19.243 0.0622435
108.14 19.2517 0.0650974
108.097 19.265 0.0622076
108.099 19.2963 0.0613473
108.14 19.2789 0.0628678
108.115 19.2964 0.0612889
108.083 19.2082 0.0621911
108.167 19.2509 0.0611565
108.064 19.2742 0.0612245
108.073 19.3169 0.0604829
108.135 19.2905 0.0610297
108.072 19.3218 0.0603921
108.153 19.2869 0.0592339
108.146 19.2884 0.0627139
108.178 19.2534 0.0623092
108.109 19.2699 0.062532
108.098 19.3219 0.0614003
108.156 19.2808 0.0590275
108.158 19.277 0.0591856
108.055 19.2908 0.0626791
108.158 19.2266 0.062155
108.078 19.328 0.060596
108.094 19.3035 0.0649897
108.111 19.2819 0.0600001
108.016 19.3056 0.0639737
108.121 19.3007 0.0629094
108.074 19.2697 0.0614546
108.076 19.3292 0.060468
108.095 19.2941 0.0596846
108.162 19.2741 0.0617703
108.051 19.3047 0.0623461
108.054 19.3062 0.0625462
108.008 19.318 0.0649276
108.096 19.202 0.0643463
108.14 19.2671 0.0592682
108.088 19.3075 0.0636847
108.08 19.318 0.0637696
108.053 19.2644 0.0613163
108.131 19.2179 0.0648176
108.067 19.2625 0.0643164
108.084 19.3271 0.0620613
108.151 19.2708 0.0612862
108.105 19.2589 0.0622942
108.113 19.2805 0.0632085
108.118 19.2385 0.0629561
108.077 19.2745 0.0598971
108.116 19.2941 0.0610927
108.115 19.3047 0.0610579
108.047 19.2225 0.0636508
108.141 19.2765 0.0587129
108.144 19.2803 0.0589667
108.153 19.2474 0.06195
108.103 19.2888 0.0609374
108.177 19.2692 0.0626377
108.119 19.2304 0.0623234
108.161 19.2731 0.0650019
108.103 19.3134 0.0614858
108.133 19.2609 0.0650071
108.098 19.2911 0.0611555
108.144 19.2757 0.0627592
108.123 19.2969 0.0610716
108.054 19.3383 0.0626083
108.05 19.2942 0.064293
108.188 19.2677 0.0601348
108.16 19.288 0.0625249
108.075 19.3088 0.0603028
108.141 19.2749 0.0639834
108.111 19.3052 0.0650951
108.103 19.2989 0.0651069
108.147 19.288 0.0592459
108.145 19.2888 0.0593689
108.152 19.2886 0.0593402
108.111 19.2672 0.0626463
108.096 19.3206 0.0611172
108.104 19.3178 0.061403
108.055 19.2849 0.0627996
108.057 19.2795 0.0629035
108.05 19.2837 0.0629476
108.051 19.2837 0.0628402
108.1 19.272 0.0607323
108.162 19.2319 0.0622247
108.078 19.3299 0.0606218
108.092 19.2984 0.0647235
108.088 19.3108 0.0643322
108.063 19.3006 0.0644408
108.122 19.3046 0.0629537
108.085 19.3262 0.0609764
108.147 19.2709 0.0623179
108.08 19.3273 0.0605026
108.131 19.2846 0.0637836
108.165 19.275 0.062015
108.052 19.3007 0.062534
108.054 19.3046 0.0627057
108.053 19.3085 0.0623063
108.05 19.3075 0.0623626
108.051 19.3074 0.0613949
108.003 19.3187 0.0646925
108.003 19.3224 0.0648375
108.104 19.2917 0.057776
108.106 19.2935 0.0577524
108.121 19.3003 0.0638224
108.146 19.2866 0.0620883
108.086 19.3117 0.0637317
108.096 19.2185 0.0622952
108.083 19.3207 0.0622713
108.078 19.3193 0.0621746
108.092 19.3006 0.0616116
108.144 19.2674 0.0580128
108.104 19.2591 0.062497
108.119 19.3072 0.0609178
108.127 19.3041 0.0612614
108.124 19.2988 0.0608402
108.113 19.2469 0.0630387
108.107 19.3178 0.0593224
107.928 19.4009 0.0629963
108.119 19.2962 0.0608854
108.092 19.3034 0.0650586
108.089 19.3053 0.0649945
108.089 19.2968 0.0650476
108.099 19.2849 0.0612567
108.115 19.2999 0.0591152
108.179 19.2717 0.062569
108.06 19.3087 0.0618919
108.058 19.271 0.0622678
108.17 19.2728 0.0649155
108.078 19.238 0.0623574
108.116 19.2948 0.0604257
108.139 19.2533 0.0652699
108.139 19.2735 0.0629703
108.05 19.3398 0.0628057
108.054 19.2973 0.0641619
108.053 19.2949 0.0641863
108.046 19.29 0.0642361
108.066 19.2789 0.0611165
108.074 19.3153 0.0605944
108.139 19.2957 0.0609371
108.076 19.3272 0.0606843
108.122 19.2147 0.0601605
108.148 19.288 0.0592539
108.149 19.2915 0.0627269
108.182 19.2527 0.0622666
108.109 19.2562 0.0611813
108.107 19.2689 0.0626339
108.053 19.2404 0.0638155
108.054 19.2463 0.0639752
108.104 19.3232 0.0611743
108.05 19.282 0.0627981
108.155 19.2234 0.0619466
108.087 19.302 0.0648979
108.064 19.2998 0.0642657
108.022 19.3022 0.0638109
108.024 19.2984 0.0636681
108.017 19.3036 0.0640751
108.119 19.2979 0.0596542
108.088 19.3239 0.0608291
108.077 19.3297 0.0605671
108.073 19.3284 0.0603628
108.091 19.293 0.0599828
108.161 19.2671 0.0619101
108.162 19.2626 0.0620371
108.113 19.2547 0.0626469
108.117 19.2527 0.0627341
108.054 19.3046 0.0613007
108.007 19.3144 0.0650763
108.123 19.2931 0.0637199
108.08 19.3201 0.0635676
108.079 19.3152 0.0638118
108.056 19.2648 0.0611203
108.078 19.3218 0.0622822
108.079 19.3253 0.062245
108.087 19.2991 0.061608
108.065 19.3241 0.0653389
108.104 19.2621 0.0625437
108.098 19.2624 0.0623625
108.121 19.3091 0.0611278
108.075 19.2459 0.0607859
108.12 19.2848 0.0632699
108.117 19.2462 0.0629964
108.13 19.2647 0.0591126
108.115 19.2995 0.0612871
108.093 19.2998 0.065004
108.143 19.2734 0.0587232
108.1 19.2906 0.0609335
108.064 19.3035 0.0605593
108.064 19.3011 0.0617805
108.166 19.2696 0.0650604
108.101 19.322 0.0615622
108.102 19.3134 0.0615914
108.119 19.2989 0.0605814
108.135 19.2565 0.0651378
108.103 19.2924 0.0612072
108.139 19.2721 0.0629257
108.054 19.3395 0.0625644
108.055 19.3407 0.0625946
108.055 19.2914 0.0640146
108.188 19.2649 0.0601915
108.156 19.2859 0.0625808
108.072 19.3151 0.0606317
108.072 19.3245 0.0603473
108.118 19.2215 0.060197
108.122 19.2148 0.0603152
108.15 19.2893 0.059386
108.109 19.2557 0.0610039
106.855 20.7 0.0416597
