261.296 -17.2184 3.5429
261.502 -17.087 3.54475
261.359 -17.0608 3.54654
261.429 -17.1879 3.54422
261.362 -17.139 3.54218
261.327 -17.0474 3.54178
261.435 -17.1463 3.54538
261.492 -17.1849 3.5454
261.375 -17.1558 3.54612
261.292 -17.1336 3.54183
261.383 -17.1302 3.54505
261.412 -17.1198 3.54492
261.405 -17.0597 3.54539
261.493 -17.1995 3.5469
261.345 -17.252 3.54738
261.33 -17.1986 3.54072
261.375 -17.1811 3.542
261.379 -17.0596 3.54715
261.33 -17.1832 3.5424
261.355 -17.1663 3.54268
261.437 -17.1286 3.54639
261.431 -17.0981 3.5447
261.461 -17.1449 3.54501
261.341 -17.2068 3.54071
261.254 -17.1033 3.54048
261.384 -17.145 3.54042
261.391 -17.1051 3.54762
261.393 -17.1912 3.54291
261.392 -17.2155 3.5471
261.459 -17.0654 3.54376
261.377 -17.184 3.5432
261.395 -17.1833 3.5428
261.316 -17.1699 3.54312
261.395 -17.1498 3.54396
261.433 -17.0818 3.54599
261.367 -17.0534 3.53929
261.431 -17.0826 3.54463
261.229 -17.1483 3.54606
261.396 -17.1053 3.54586
261.248 -17.0607 3.53962
261.384 -17.3012 3.54411
261.462 -17.0777 3.54552
261.357 -17.1935 3.54212
261.326 -17.186 3.54103
261.373 -17.1313 3.54381
261.28 -17.0964 3.54024
261.271 -17.1259 3.54313
261.457 -17.2393 3.54549
261.525 -17.2755 3.54772
261.325 -17.1501 3.54328
261.361 -17.2134 3.54628
261.333 -17.1719 3.54162
261.278 -17.1555 3.54116
261.191 -17.1327 3.54212
261.246 -17.1359 3.54056
261.44 -17.1553 3.54312
261.402 -17.146 3.54558
261.35 -17.0776 3.54326
261.481 -17.1932 3.54432
261.362 -17.0879 3.5441
261.355 -17.1087 3.54216
261.304 -17.1244 3.53861
261.402 -17.1947 3.5428
261.312 -17.1537 3.54337
261.321 -17.0997 3.54526
261.451 -17.2001 3.54619
261.328 -17.108 3.54273
261.381 -17.1755 3.54371
261.341 -17.1634 3.54434
261.408 -17.165 3.54385
261.461 -17.1647 3.54593
261.4 -17.1232 3.54154
261.318 -17.2133 3.5414
261.428 -17.1447 3.54398
261.324 -17.1787 3.54215
261.289 -17.1384 3.54239
261.324 -17.1825 3.54311
261.344 -17.1496 3.54115
261.32 -17.2301 3.54068
261.359 -17.0707 3.54329
261.353 -17.1153 3.54553
261.254 -17.1522 3.54117
261.378 -17.1341 3.5422
261.344 -17.0914 3.54063
261.416 -17.1577 3.54346
261.377 -17.1966 3.54365
261.338 -17.1459 3.54256
261.442 -17.198 3.54128
261.299 -17.1461 3.54095
261.319 -17.1467 3.54356
261.465 -17.1227 3.54664
261.209 -17.0796 3.54166
261.478 -17.2142 3.5439
261.362 -17.136 3.54043
261.51 -17.1828 3.54671
261.408 -17.1709 3.54361
261.286 -17.2871 3.54331
261.345 -17.1641 3.54224
261.345 -17.2165 3.54277
261.399 -17.1988 3.54331
261.361 -17.1564 3.54289
261.479 -17.0538 3.54464
261.481 -17.0665 3.54391
261.459 -17.1143 3.54432
261.399 -17.1411 3.54651
261.467 -17.1304 3.54459
261.245 -17.0509 3.539
261.46 -17.1824 3.54289
261.484 -17.1182 3.54731
261.415 -17.0489 3.54565
261.224 -17.0934 3.5448
261.342 -17.2232 3.54318
261.353 -17.0278 3.54088
261.357 -17.1845 3.53906
261.321 -17.1733 3.54505
261.396 -17.1943 3.54306
261.378 -17.203 3.54508
261.407 -17.1797 3.54497
261.415 -17.1073 3.5418
261.468 -17.153 3.55034
261.36 -17.2807 3.54392
261.438 -17.1396 3.54699
261.327 -17.308 3.54171
261.35 -17.1584 3.54583
261.257 -17.1598 3.54079
261.45 -17.0232 3.54642
261.342 -17.2879 3.54269
261.302 -17.0743 3.54048
261.302 -17.0849 3.54044
261.52 -17.1293 3.54645
261.43 -17.1506 3.54397
261.374 -17.1861 3.54396
261.405 -17.1812 3.54536
261.416 -17.2299 3.54244
261.432 -17.2573 3.5484
261.452 -17.1577 3.54604
261.429 -17.0723 3.54715
261.465 -17.1136 3.54526
261.264 -17.1229 3.54248
261.443 -17.087 3.54488
261.42 -17.0967 3.54457
261.501 -17.1108 3.54624
261.402 -17.0353 3.5454
261.389 -17.1859 3.54127
261.325 -17.2695 3.54301
261.403 -17.2068 3.5441
261.466 -17.2242 3.54523
261.279 -17.1277 3.54143
261.346 -17.1159 3.53912
261.346 -17.1822 3.54598
261.441 -17.0911 3.54554
261.27 -17.1116 3.54225
261.425 -17.2014 3.54166
261.324 -17.096 3.53971
261.305 -17.1256 3.54242
261.442 -17.1228 3.54537
261.382 -17.2205 3.54103
261.498 -17.1513 3.54135
261.535 -17.1905 3.54618
261.489 -17.1577 3.546
261.387 -17.1434 3.54099
261.322 -17.1972 3.54023
261.326 -17.0864 3.54361
261.371 -17.2034 3.54308
261.462 -17.295 3.54615
261.445 -17.1327 3.54213
261.42 -17.1918 3.54242
261.311 -17.1636 3.54349
261.444 -17.0177 3.5475
261.468 -17.0766 3.5465
261.42 -17.0987 3.54799
261.384 -17.0882 3.54249
261.393 -17.2162 3.544
261.393 -17.1701 3.53979
261.456 -17.1016 3.54484
261.402 -17.0953 3.54484
261.342 -17.1657 3.54268
261.379 -17.1105 3.54287
261.347 -17.1295 3.54631
261.442 -17.1293 3.54362
261.46 -17.1548 3.54481
261.436 -17.0985 3.54346
261.284 -17.1885 3.54294
261.37 -17.0673 3.54304
261.406 -17.0496 3.54557
261.388 -17.1472 3.54306
261.429 -17.1055 3.54479
261.339 -17.2128 3.54025
261.376 -17.0709 3.54304
261.409 -17.1593 3.544
261.295 -17.1858 3.5411
261.456 -17.1504 3.54661
261.411 -17.1457 3.54835
261.429 -17.1816 3.54369
261.385 -17.1223 3.54276
261.39 -17.1858 3.54166
261.329 -17.0796 3.54087
261.361 -17.1152 3.54276
261.347 -17.1836 3.54029
261.317 -17.0915 3.54369
261.551 -17.1935 3.54908
261.305 -17.1495 3.54252
261.258 -17.0705 3.54222
261.316 -17.0532 3.54319
261.559 -17.2067 3.54883
261.284 -17.1534 3.54413
261.383 -17.1577 3.54482
261.373 -17.1073 3.54116
261.303 -17.0886 3.54068
261.234 -17.0936 3.54262
261.416 -17.1707 3.54347
261.271 -17.2505 3.54513
261.379 -17.0728 3.54245
261.385 -17.0629 3.54042
261.301 -17.0963 3.54109
261.352 -17.2176 3.54284
261.361 -17.1743 3.54319
261.437 -17.1331 3.54616
261.383 -17.1891 3.54561
261.378 -17.1101 3.54689
261.475 -17.2152 3.54622
261.391 -17.1652 3.5432
261.355 -17.2448 3.54113
261.447 -17.1604 3.54794
261.394 -17.21 3.54591
261.485 -17.1278 3.54494
261.294 -17.2267 3.5412
261.569 -17.2426 3.54736
261.38 -17.1513 3.54275
261.332 -17.1215 3.54385
261.322 -17.1655 3.54302
261.433 -17.2357 3.54318
261.509 -17.1082 3.54435
261.431 -17.11 3.53905
261.304 -17.1216 3.5412
261.344 -17.1762 3.54039
261.382 -17.1382 3.54506
261.407 -17.1449 3.54459
261.332 -17.2349 3.5473
261.474 -17.0821 3.54652
261.348 -17.1786 3.54132
261.545 -17.2173 3.54258
261.376 -17.2482 3.54261
261.281 -17.0977 3.54089
261.401 -17.1771 3.54204
261.357 -17.1957 3.54077
261.336 -17.1398 3.54395
261.36 -17.101 3.54712
261.377 -17.1446 3.54259
261.408 -17.0723 3.54444
261.332 -17.1145 3.53942
261.463 -17.0721 3.54396
261.5 -17.0235 3.54646
261.399 -17.1636 3.54008
261.31 -17.1252 3.54276
261.46 -17.1328 3.54683
261.231 -17.1133 3.54331
261.31 -17.2285 3.54198
261.496 -17.1191 3.54189
261.461 -17.0995 3.5462
261.364 -17.1038 3.53756
261.281 -17.1058 3.54261
261.41 -17.1838 3.54643
261.418 -17.1539 3.54671
261.433 -17.1104 3.5436
261.359 -17.1858 3.5438
261.338 -17.1287 3.54108
261.428 -17.1053 3.54588
261.452 -17.0668 3.54609
261.483 -17.2236 3.54503
261.324 -17.1424 3.54347
261.338 -17.2147 3.547
261.348 -17.1943 3.54624
261.333 -17.2661 3.54477
261.507 -17.1176 3.54532
261.327 -17.1939 3.5443
261.337 -17.1403 3.5407
261.455 -17.2146 3.54587
261.446 -17.1657 3.54868
261.449 -17.059 3.54481
261.29 -17.1617 3.5438
261.362 -17.0987 3.54313
261.476 -17.1102 3.54543
261.231 -17.0993 3.54215
261.468 -17.1029 3.54387
261.408 -17.2118 3.54298
261.339 -17.1797 3.53794
261.354 -17.0536 3.54011
261.486 -17.2285 3.54258
261.369 -17.2458 3.54558
261.404 -17.2008 3.54707
261.328 -17.1768 3.54472
261.452 -17.0602 3.54403
261.204 -17.1704 3.54358
261.423 -17.1492 3.54397
261.318 -17.207 3.54314
261.338 -17.0987 3.54242
261.302 -17.0425 3.54204
261.351 -17.2272 3.54191
261.326 -17.21 3.54304
261.325 -17.2122 3.53983
261.278 -17.1293 3.54048
261.351 -17.1821 3.54209
261.376 -17.1454 3.54272
261.371 -17.1506 3.54327
261.373 -17.0418 3.54692
261.458 -17.1844 3.54682
261.37 -17.1934 3.54269
261.415 -17.0733 3.54675
261.442 -17.2589 3.5471
261.46 -17.2173 3.54651
261.509 -17.1926 3.54448
261.358 -17.2158 3.54345
261.423 -17.1487 3.54176
261.281 -17.1119 3.5399
261.413 -17.1533 3.54351
261.368 -17.1106 3.54787
261.412 -17.0947 3.54725
261.449 -17.188 3.54579
261.462 -17.0215 3.54393
261.439 -17.1299 3.545
261.421 -17.1297 3.54509
261.443 -17.149 3.54392
261.356 -17.1793 3.54357
261.411 -17.1271 3.54605
261.49 -17.1169 3.54533
261.358 -17.0884 3.54411
261.374 -17.1157 3.5436
261.385 -17.1072 3.54677
261.317 -17.2067 3.54428
261.272 -17.1411 3.54468
261.421 -17.134 3.54332
261.357 -17.1755 3.54789
261.335 -17.1883 3.53946
261.245 -17.1137 3.54133
261.348 -17.2557 3.54361
261.399 -17.1332 3.54859
261.374 -17.2042 3.54398
261.416 -17.0568 3.5477
261.403 -17.1424 3.54335
261.334 -17.2155 3.54009
261.313 -17.2799 3.54029
261.207 -17.036 3.54229
261.311 -17.038 3.5456
261.488 -17.1985 3.54661
261.338 -17.1271 3.54293
261.325 -17.2022 3.54406
261.368 -17.1528 3.54302
261.294 -17.1842 3.54328
261.393 -17.1141 3.54445
261.406 -17.1323 3.54196
261.468 -17.1323 3.54452
261.501 -17.1946 3.54839
261.499 -17.1878 3.54429
261.277 -17.1622 3.54111
261.307 -17.0178 3.53871
261.354 -17.1758 3.54454
261.395 -17.1223 3.54535
261.417 -17.1281 3.54277
261.369 -17.2005 3.54285
261.306 -17.0818 3.54268
261.287 -17.0617 3.54165
261.432 -17.1755 3.54649
261.474 -17.0633 3.54686
261.515 -17.1678 3.54576
261.256 -17.1941 3.5439
261.372 -17.114 3.54371
261.349 -17.1111 3.5415
261.319 -17.149 3.54393
261.348 -17.2401 3.54269
261.288 -17.1949 3.54414
261.402 -17.1247 3.5435
261.295 -17.1461 3.53867
261.459 -17.0502 3.54291
261.363 -17.2188 3.54256
261.472 -17.1846 3.54413
261.414 -17.3096 3.54485
261.323 -17.1881 3.54221
261.469 -17.0841 3.54596
261.28 -17.1044 3.5435
261.31 -17.1586 3.54231
261.347 -17.1294 3.54338
261.373 -17.2499 3.54309
261.428 -17.1712 3.5461
261.517 -17.1998 3.54424
261.316 -17.1366 3.54183
261.469 -17.087 3.54562
261.356 -17.0652 3.5407
261.317 -17.0799 3.54255
261.398 -17.2191 3.54766
261.444 -17.1141 3.54205
261.371 -17.2267 3.54387
261.438 -17.0781 3.54526
261.375 -17.2001 3.54053
261.369 -17.0893 3.54971
261.318 -17.1925 3.54334
261.425 -17.0532 3.541
261.334 -17.2098 3.54469
261.389 -17.1532 3.54139
261.342 -17.0885 3.54369
261.436 -17.2564 3.54399
261.504 -17.1445 3.54732
261.499 -17.229 3.54655
261.416 -17.1147 3.54134
261.346 -17.2341 3.54484
261.406 -17.1123 3.54581
261.374 -17.2606 3.54609
261.389 -17.1282 3.5408
261.289 -17.1393 3.53971
261.471 -17.1715 3.54721
261.408 -17.1865 3.54246
261.244 -17.1299 3.54345
261.426 -17.2413 3.54302
261.272 -17.0496 3.54093
261.391 -17.152 3.54071
261.339 -17.2174 3.54267
261.404 -17.144 3.54411
261.379 -17.077 3.54542
261.445 -17.1987 3.54622
261.512 -17.2208 3.54596
261.32 -17.2503 3.54024
261.386 -17.1257 3.54591
261.483 -17.0718 3.5478
261.464 -17.0587 3.54691
261.442 -17.2433 3.54831
261.255 -17.1366 3.54303
261.5 -17.1582 3.54529
261.508 -17.157 3.54439
261.428 -17.0333 3.54412
261.373 -17.0241 3.5446
261.396 -17.1859 3.54364
261.414 -17.201 3.54254
261.425 -17.1733 3.54837
261.416 -17.1661 3.53921
261.415 -17.1869 3.54218
261.44 -17.0834 3.54448
261.228 -17.1069 3.54453
261.379 -17.2038 3.5437
261.336 -17.2482 3.54367
261.367 -17.0687 3.53973
261.272 -17.041 3.54342
261.315 -17.1863 3.54703
261.472 -17.155 3.54535
261.524 -17.2208 3.54682
261.363 -17.2722 3.5443
261.266 -17.076 3.54404
261.341 -17.2686 3.5446
261.378 -17.1539 3.5454
261.398 -17.0442 3.54716
261.402 -17.085 3.54762
261.451 -17.1636 3.5486
261.378 -17.036 3.53852
261.429 -17.1673 3.54546
261.395 -17.0407 3.5465
261.395 -17.1048 3.54329
261.451 -17.1837 3.54417
261.439 -17.2118 3.54325
261.428 -17.1924 3.54447
261.433 -17.1084 3.54423
261.258 -17.1158 3.53894
261.437 -17.1739 3.54666
261.4 -17.0988 3.55083
261.281 -17.0061 3.54366
261.437 -17.1374 3.54547
261.484 -17.1501 3.54599
261.491 -17.1459 3.54484
261.407 -17.1674 3.54359
261.442 -17.1819 3.54353
261.382 -17.0888 3.543
261.468 -17.1754 3.54182
261.397 -17.1384 3.54393
261.382 -17.0186 3.53991
261.43 -17.1476 3.54635
261.378 -17.1544 3.54391
261.281 -17.1669 3.54552
261.377 -17.1634 3.54365
261.368 -17.0459 3.53932
261.251 -17.1336 3.5394
261.465 -17.1513 3.54282
261.412 -17.1333 3.5427
261.399 -17.2675 3.54525
261.457 -17.0595 3.54516
261.314 -17.0597 3.54229
261.296 -17.2041 3.53984
261.301 -17.0401 3.54181
261.347 -17.1737 3.54173
261.461 -17.2029 3.54882
261.489 -17.2132 3.54758
261.314 -17.1094 3.54063
261.209 -17.0888 3.54243
261.378 -17.234 3.54346
261.312 -17.1431 3.54607
261.323 -17.2193 3.54223
261.392 -17.1662 3.54278
261.232 -17.2156 3.54139
261.416 -17.1321 3.54412
261.417 -17.1175 3.54759
261.421 -17.0355 3.54168
261.346 -17.1667 3.54485
261.265 -19.9386 3.53648
