209.293 -10.9605 3.03881
209.369 -10.9396 3.03789
209.328 -10.9354 3.03713
209.296 -10.9854 3.03959
209.335 -10.9329 3.04143
209.253 -11.0395 3.03973
209.276 -10.9339 3.03709
209.369 -11.0782 3.03968
209.402 -11.0849 3.03989
209.405 -10.9365 3.04037
209.316 -10.9709 3.04222
209.342 -10.9946 3.04078
209.367 -11.1006 3.04094
209.363 -10.9994 3.0398
209.235 -11.0152 3.03698
209.313 -11.0454 3.03833
209.395 -11.0583 3.04163
209.395 -11.1636 3.03879
209.156 -11.0056 3.03534
209.265 -11.0549 3.04058
209.307 -11.0269 3.03831
209.306 -11.0123 3.04044
209.373 -10.9919 3.03871
209.276 -10.9692 3.03984
209.314 -11.0361 3.04005
209.433 -11.0329 3.04258
209.357 -11.02 3.03884
209.4 -10.8673 3.04067
209.328 -10.9988 3.04191
209.297 -10.9452 3.0407
209.25 -11.0569 3.04142
209.26 -10.9312 3.03791
209.355 -10.8809 3.04173
209.217 -10.9998 3.04526
209.329 -11.0002 3.03918
209.323 -10.9157 3.04089
209.272 -11.0184 3.03651
209.34 -10.9409 3.03935
209.3 -11.0788 3.04247
209.231 -11.0832 3.03816
209.23 -11.1233 3.04053
209.304 -11.1366 3.03978
209.343 -10.9662 3.0393
209.348 -10.9558 3.041
209.287 -10.9251 3.04163
209.335 -10.9693 3.04039
209.295 -11.0519 3.03703
209.359 -10.9712 3.04063
209.4 -10.958 3.04425
209.226 -11.0874 3.035
209.162 -11.0503 3.03803
209.386 -11.007 3.03999
209.274 -10.9565 3.04208
209.366 -10.978 3.03865
209.416 -11.0295 3.03978
209.327 -11.0301 3.04008
209.388 -10.9454 3.04367
209.311 -11.0167 3.03896
209.317 -11.0815 3.04203
209.28 -11.0304 3.03906
209.212 -11.0904 3.03991
209.246 -10.9009 3.03947
209.283 -10.9359 3.03581
209.268 -10.9351 3.03681
209.436 -11.0781 3.03755
209.326 -10.9354 3.03992
209.377 -10.9241 3.03811
209.27 -11.0322 3.04115
209.42 -11.0438 3.0408
209.291 -11.0379 3.04196
209.38 -10.9505 3.04069
209.313 -11.0304 3.04275
209.318 -10.9747 3.04158
209.332 -10.9668 3.04113
209.34 -11.0104 3.0434
209.246 -10.9762 3.03953
209.365 -11.0364 3.03961
209.297 -10.9171 3.03834
209.456 -10.982 3.03606
209.248 -11.0092 3.04042
209.432 -10.9001 3.04191
209.33 -11.0684 3.03927
209.323 -10.9261 3.04224
209.232 -10.9581 3.04033
209.296 -11.0209 3.03802
209.387 -11.0904 3.03981
209.32 -11.0432 3.04024
209.382 -10.9394 3.04086
209.351 -10.954 3.03867
209.294 -11.0466 3.04013
209.223 -11.0927 3.0407
209.248 -11.0878 3.04022
209.25 -10.9301 3.03779
209.203 -10.9528 3.04287
209.284 -10.8264 3.0373
209.296 -10.992 3.04067
209.175 -11.0762 3.03577
209.289 -10.9287 3.04074
209.241 -11.0689 3.0408
209.446 -11.068 3.04036
209.35 -10.9932 3.04104
209.266 -10.9059 3.04063
209.318 -11.0544 3.03846
209.471 -11.0377 3.04025
209.3 -10.995 3.04147
209.212 -11.1038 3.03617
209.245 -10.9577 3.03737
209.4 -11.0904 3.03985
209.358 -10.9847 3.039
209.348 -10.9348 3.03574
209.323 -11.0268 3.04125
209.364 -11.0568 3.04124
209.413 -10.9298 3.04011
209.291 -10.962 3.04054
209.365 -11.1311 3.03913
209.32 -11.1061 3.03958
209.298 -11.0048 3.0379
209.336 -10.928 3.04165
209.224 -10.9533 3.04023
209.455 -11.0492 3.03733
209.245 -11.0414 3.03614
209.409 -11.0192 3.03928
209.286 -11.0783 3.04316
209.322 -11.1095 3.0377
209.341 -11.0044 3.04214
209.412 -10.9151 3.03578
209.38 -11.0983 3.04315
209.416 -10.9626 3.04333
209.307 -11.0033 3.03839
209.262 -11.0646 3.03727
209.4 -10.9904 3.03805
209.396 -11.1199 3.04069
209.32 -10.9987 3.04222
209.294 -11.0227 3.03943
209.349 -10.8755 3.04281
209.326 -10.9961 3.03848
209.392 -11.0437 3.03867
209.332 -11.0268 3.04184
209.222 -10.9568 3.04344
209.387 -11.0273 3.04145
209.46 -11.0303 3.03806
209.395 -11.1054 3.03808
209.298 -10.9634 3.03909
209.254 -11.0387 3.04096
209.319 -11.0239 3.03995
209.242 -10.9869 3.04157
209.294 -10.8875 3.03739
209.289 -10.9781 3.04218
209.311 -10.9548 3.04125
209.195 -11.0684 3.03701
209.161 -11.0562 3.03798
209.165 -11.02 3.03559
209.36 -11.0728 3.03748
209.236 -11.0623 3.04149
209.263 -11.0712 3.04004
209.289 -11.1282 3.03964
209.35 -11.1035 3.04049
209.29 -10.9729 3.04066
209.358 -10.9488 3.04031
209.351 -11.0049 3.03997
209.299 -11.0791 3.03519
209.46 -10.9796 3.04263
209.254 -11.0229 3.04291
209.366 -10.9542 3.04223
209.385 -11.0393 3.0398
209.431 -11.0247 3.03868
209.332 -10.8391 3.03915
209.269 -10.906 3.03871
209.324 -11.0333 3.04226
209.376 -10.9167 3.04278
209.286 -10.9357 3.03986
209.185 -11.0761 3.0365
209.332 -11.0928 3.0412
209.204 -10.9572 3.03686
209.231 -11.0212 3.03327
209.291 -10.9783 3.03757
209.347 -10.9268 3.04204
209.236 -10.969 3.03967
209.26 -10.9381 3.03838
209.308 -10.947 3.04016
209.349 -11.0684 3.0418
209.349 -10.9465 3.04085
209.324 -11.0739 3.04416
209.322 -10.9722 3.03725
209.362 -10.9709 3.04043
209.344 -11.0149 3.04059
209.306 -11.047 3.04008
209.289 -10.8804 3.03907
209.408 -11.0222 3.03595
209.325 -10.9696 3.04061
209.273 -11.034 3.03966
209.182 -11.0474 3.04061
209.334 -11.0125 3.03934
209.37 -11.0306 3.03616
209.341 -10.9976 3.04087
209.299 -10.9892 3.03413
209.357 -11.0117 3.03909
209.251 -10.9933 3.0363
209.311 -11.0315 3.0396
209.329 -10.93 3.04003
209.314 -11.0348 3.04003
209.304 -10.9815 3.04051
209.253 -10.852 3.04176
209.345 -11.0752 3.03732
209.224 -10.9666 3.04285
209.293 -10.8012 3.03992
209.338 -10.9942 3.04119
209.345 -10.9879 3.0395
209.333 -10.9591 3.04013
209.379 -11.0681 3.03475
209.216 -11.091 3.03654
209.301 -11.1585 3.0405
209.277 -11.0004 3.03676
209.272 -11.0747 3.04245
209.397 -11.133 3.04081
209.322 -10.9816 3.03861
209.338 -10.9165 3.04045
209.35 -11.0684 3.04001
209.276 -11.069 3.0396
209.397 -11.0259 3.03962
209.275 -10.9927 3.04056
209.411 -10.9838 3.04239
209.216 -11.1049 3.03718
209.31 -10.9974 3.03929
209.306 -10.9516 3.04153
209.319 -10.9211 3.03909
209.277 -11.0088 3.04376
209.293 -11.0589 3.04169
209.254 -11.0166 3.03944
209.357 -10.9156 3.04272
209.371 -10.9938 3.0384
209.342 -11.0506 3.03901
209.375 -10.9183 3.0385
209.365 -11.0621 3.03993
209.204 -11.0453 3.03832
209.378 -11.0792 3.0375
209.271 -10.9844 3.03926
209.342 -10.9756 3.04022
209.32 -11.0468 3.03965
209.369 -11.0479 3.03593
209.399 -11.0405 3.0388
209.279 -11.0109 3.04087
209.37 -11.0016 3.03859
209.292 -10.8721 3.04105
209.395 -11.037 3.04071
209.313 -10.9578 3.04172
209.2 -10.9396 3.03773
209.381 -10.9962 3.03835
209.403 -11.0511 3.04018
209.342 -11.07 3.04047
209.275 -10.8584 3.04203
209.379 -11.0279 3.04207
209.486 -10.9673 3.04096
209.339 -11.0203 3.04063
209.441 -10.9436 3.04215
209.332 -11.0294 3.038
209.299 -10.9508 3.04111
209.373 -11.0041 3.04182
209.297 -11.033 3.04101
209.236 -11.0239 3.03639
209.303 -11.0002 3.03685
209.261 -10.9776 3.04279
209.4 -11.0301 3.04104
209.288 -11.0447 3.03896
209.318 -11.0612 3.04176
209.348 -11.0223 3.03993
209.26 -11.0058 3.04031
209.293 -11.0794 3.03919
209.229 -10.9675 3.04314
209.293 -10.9599 3.03494
209.349 -11.1024 3.04123
209.276 -10.9937 3.04142
209.267 -10.979 3.03631
209.272 -11.0407 3.03775
209.289 -10.9954 3.04382
209.424 -10.8964 3.038
209.32 -11.0165 3.03763
209.254 -10.9057 3.0444
209.409 -11.0001 3.03807
209.372 -11.0995 3.03977
209.314 -11.0163 3.04046
209.276 -10.9468 3.0399
209.234 -10.8719 3.03932
209.216 -10.942 3.03837
209.397 -11.0488 3.04068
209.272 -10.916 3.03967
209.171 -11.04 3.03702
209.419 -11.0323 3.03729
209.338 -10.9349 3.03742
209.22 -11.0277 3.04273
209.355 -10.9058 3.04153
209.285 -10.9084 3.03877
209.333 -11.0976 3.0386
209.382 -11.0398 3.0383
209.368 -11.0511 3.04001
209.349 -10.9539 3.03987
209.34 -10.945 3.04014
209.172 -10.8879 3.03896
209.289 -11.048 3.03883
209.229 -10.9122 3.03873
209.318 -11.042 3.03833
209.341 -11.0039 3.03817
209.366 -11.0047 3.04022
209.292 -10.9677 3.04289
209.345 -11.0258 3.03981
209.331 -11.0671 3.04306
209.344 -11.0491 3.03937
209.314 -11.0452 3.04333
209.268 -10.9269 3.03629
209.314 -10.9563 3.04162
209.289 -11.0111 3.04042
209.311 -11.0876 3.03899
209.385 -11.0327 3.04063
209.369 -11.059 3.04218
209.348 -10.8798 3.03905
209.35 -10.9484 3.03878
209.217 -11.0931 3.03961
209.273 -11.0274 3.03994
209.365 -10.9894 3.03856
209.244 -11.0013 3.0366
209.35 -11.1655 3.03889
209.347 -11.0085 3.04105
209.211 -10.9507 3.04274
209.233 -10.9575 3.0405
209.426 -11.0512 3.04104
209.39 -10.9559 3.0396
209.197 -11.0258 3.03719
209.392 -10.9988 3.03613
209.312 -11.0818 3.03828
209.269 -11.0175 3.04283
209.38 -11.0294 3.03888
209.28 -10.9367 3.0374
209.235 -11.1198 3.03834
209.209 -11.0108 3.04249
209.224 -10.9428 3.04434
209.239 -10.8298 3.04118
209.251 -10.9636 3.03826
209.4 -11.0193 3.03708
209.36 -11.0196 3.03849
209.233 -11.0429 3.03828
209.308 -10.9966 3.04223
209.36 -10.8914 3.03877
209.315 -11.1159 3.03957
209.263 -10.9469 3.04103
209.283 -10.9075 3.04212
209.345 -10.9478 3.04121
209.284 -11.0653 3.03874
209.31 -11.0713 3.03877
209.367 -10.8973 3.04007
209.272 -10.8941 3.03988
209.302 -10.9781 3.04408
209.328 -11.0006 3.04252
209.363 -10.9764 3.04256
209.3 -11.0201 3.03749
209.336 -11.0821 3.03912
209.305 -10.9553 3.04225
209.271 -11.0531 3.03758
209.268 -11.0066 3.04378
209.264 -11.0413 3.04177
209.362 -11.0614 3.04015
209.338 -10.8715 3.03766
209.253 -11.0047 3.03949
209.294 -11.02 3.04084
209.297 -11.0467 3.03582
209.272 -10.9777 3.03771
209.335 -11.0442 3.03824
209.361 -11.0214 3.03838
209.356 -10.9324 3.03924
209.338 -11.0739 3.03918
209.273 -11.1277 3.03228
209.215 -10.9799 3.0402
209.299 -10.9329 3.03774
209.305 -10.8818 3.04037
209.378 -10.9896 3.03916
209.358 -10.9569 3.03933
209.248 -11 3.03857
209.354 -11.0684 3.03883
209.276 -10.9417 3.04133
209.234 -10.8865 3.03771
209.311 -10.9678 3.04223
209.271 -11.0193 3.03668
209.336 -11.0363 3.04099
209.296 -11.1168 3.03387
209.342 -11.0167 3.03823
209.375 -11.0681 3.04126
209.259 -10.8489 3.03875
209.334 -10.9258 3.03801
209.261 -11.053 3.03704
209.351 -11.0675 3.0405
209.301 -11.0202 3.03404
209.377 -11.0279 3.03909
209.388 -10.9598 3.03634
209.258 -10.93 3.04169
209.207 -11.0288 3.03655
209.175 -11.0609 3.03773
209.343 -11.0756 3.04049
209.246 -11.1471 3.03558
209.4 -11.0364 3.0394
209.389 -10.995 3.0394
209.284 -11.0026 3.0397
209.315 -10.9673 3.04133
209.244 -11.0499 3.03575
209.286 -11.1155 3.04073
209.27 -11.089 3.03811
209.22 -10.9829 3.04395
209.293 -10.8989 3.03448
209.23 -10.9753 3.03999
209.362 -10.9649 3.03789
209.418 -10.9867 3.04175
209.253 -11.0653 3.04058
209.255 -11.118 3.04207
209.374 -10.9515 3.03665
209.274 -10.9844 3.04014
209.342 -10.9784 3.04052
209.418 -11.1187 3.04134
209.339 -11.0035 3.0402
209.305 -11.107 3.03938
209.226 -11.0015 3.03809
209.36 -11.0311 3.04276
209.282 -10.93 3.03852
209.33 -11.0135 3.04105
209.487 -10.993 3.0441
209.285 -11.0075 3.04111
209.391 -10.948 3.04177
209.411 -11.0472 3.03876
209.361 -11.0552 3.04135
209.349 -11.1464 3.04073
209.328 -11.1338 3.04006
209.338 -11.1 3.03952
209.201 -11.0587 3.03876
209.391 -11.069 3.03811
209.271 -10.9985 3.04012
209.311 -10.9947 3.0388
209.317 -10.9833 3.03814
209.249 -10.966 3.03691
209.279 -11.0065 3.03935
209.331 -11.0197 3.04309
209.28 -10.9788 3.04026
209.342 -10.9308 3.04053
209.361 -11.0704 3.04456
209.335 -11.016 3.04381
209.306 -10.9769 3.04203
209.346 -11.0948 3.04147
209.393 -11.0478 3.03749
209.306 -11.0098 3.03888
209.299 -11.0115 3.04057
209.275 -11.0364 3.03951
209.352 -11.0919 3.03462
209.44 -11.043 3.03953
209.383 -11.1032 3.04177
209.366 -11.0273 3.04078
209.379 -10.9507 3.04143
209.242 -11.0566 3.04141
209.33 -10.9617 3.04425
209.387 -11.0153 3.0405
209.291 -10.9687 3.04119
209.337 -11.0076 3.04014
209.23 -10.9584 3.03831
209.211 -10.9878 3.04143
209.469 -10.9474 3.04118
209.331 -10.9651 3.04125
209.297 -10.9933 3.03885
209.29 -11.0442 3.03356
209.369 -10.9052 3.03837
209.248 -10.9552 3.04335
209.339 -11.0727 3.04108
209.322 -11.0107 3.03849
209.318 -10.9013 3.03674
209.405 -10.9105 3.03881
209.31 -11.1024 3.03929
209.314 -11.1031 3.03713
209.34 -11.0782 3.04316
209.287 -11.0039 3.04158
209.326 -11.0467 3.04141
209.326 -11.0929 3.03989
209.288 -11.0716 3.03889
209.203 -10.9365 3.04153
209.336 -11.1046 3.03967
209.393 -11.0084 3.04026
209.344 -10.9393 3.03992
209.323 -11.0039 3.04214
209.313 -10.988 3.04376
209.259 -11.066 3.03651
209.302 -10.9335 3.03641
209.37 -11.0364 3.03993
209.319 -11.0273 3.04021
209.397 -11.0221 3.04133
209.339 -11.0674 3.04071
209.342 -10.9609 3.04121
209.344 -10.9674 3.03833
209.237 -11.0597 3.03746
209.292 -11.0309 3.03691
209.377 -11.0989 3.0415
209.311 -10.9952 3.03964
209.369 -10.9604 3.03901
209.302 -10.957 3.03932
209.281 -11.0492 3.03916
209.255 -10.9321 3.03705
209.433 -11.0424 3.039
211.081 -11.5023 3.01991
