262.231 28.1101 6.1075
262.274 28.0767 6.10973
262.211 28.1189 6.1108
262.091 28.0363 6.1101
262.268 28.095 6.10885
262.252 27.9951 6.10868
262.162 28.12 6.11153
262.182 28.1537 6.10483
262.269 28.2545 6.10894
262.239 28.0717 6.1064
262.189 27.9805 6.10812
262.139 28.0286 6.10717
262.184 28.0069 6.10793
262.264 28.1171 6.11239
262.208 28.1076 6.11206
262.267 28.0698 6.11096
262.264 28.1824 6.1087
262.262 28.1338 6.10951
262.295 28.0974 6.10898
262.22 28.1219 6.11297
262.258 28.0717 6.10992
262.196 28.178 6.10761
262.203 28.1822 6.10769
262.292 28.1423 6.10521
262.3 28.124 6.11127
262.241 28.1818 6.11594
262.156 28.1898 6.10857
262.215 28.0002 6.11025
262.219 28.009 6.10941
262.255 28.0879 6.10841
262.344 28.0039 6.11679
262.178 28.0892 6.11007
262.184 28.0053 6.1148
262.202 27.9519 6.11268
262.349 28.1149 6.10799
262.237 27.9605 6.10697
262.257 27.998 6.11002
262.205 28.1732 6.1081
262.165 28.0598 6.11077
262.139 28.1334 6.11482
262.304 28.0902 6.1108
262.254 27.9797 6.10818
262.208 28.0636 6.10913
262.253 27.9688 6.11304
262.181 28.1242 6.11085
262.257 28.0747 6.10761
262.224 28.0525 6.10748
262.318 28.1048 6.10861
262.288 28.0394 6.10981
262.221 28.1403 6.11041
262.32 28.1449 6.10851
262.234 28.098 6.11124
262.288 28.1054 6.11009
262.2 28.1438 6.10874
262.202 28.004 6.11086
262.183 28.1282 6.11064
262.304 28.1366 6.10692
262.239 28.0943 6.10877
262.25 28.0737 6.10988
262.407 27.972 6.11009
262.286 27.9574 6.10986
262.183 28.0835 6.11495
262.305 28.0779 6.1067
262.166 28.0766 6.1049
262.222 28.0469 6.11005
262.22 28.0309 6.10821
262.126 28.0031 6.11215
262.182 28.0522 6.1121
262.22 28.0793 6.11192
262.204 28.0586 6.11509
262.165 28.0989 6.11041
262.33 28.0574 6.10817
262.19 28.1049 6.11061
262.238 27.9269 6.11002
262.243 28.0254 6.10641
262.186 28.114 6.11054
262.371 28.0522 6.10915
262.217 28.0449 6.10813
262.278 28.0266 6.10824
262.154 28.0242 6.10719
262.268 28.1457 6.10818
262.293 27.9593 6.11038
262.282 28.0636 6.10651
262.168 28.044 6.10747
262.118 28.0472 6.10776
262.283 28.1338 6.10551
262.19 28.0706 6.10933
262.219 27.9934 6.10767
262.164 27.9226 6.11324
262.153 27.917 6.11373
262.106 27.9396 6.11323
262.242 28.0944 6.10954
262.329 28.0925 6.10978
262.304 28.1563 6.11174
262.223 28.0491 6.10928
262.247 28.006 6.1083
262.14 28.0966 6.11081
262.231 28.1252 6.11
262.303 28.0953 6.10711
262.062 28.0866 6.11111
262.268 28.1975 6.1111
262.247 28.0895 6.10351
262.224 28.0834 6.10675
262.261 28.1736 6.10914
262.226 27.9837 6.11134
262.32 28.0274 6.10559
262.268 27.9593 6.11372
262.206 28.022 6.10354
262.113 28.1587 6.10996
262.13 28.1594 6.11109
262.293 28.1294 6.11089
262.215 28.0825 6.10897
262.256 28.1272 6.11074
262.239 28.1523 6.11283
262.235 28.0956 6.11154
262.283 28.0334 6.10861
262.276 28.148 6.10825
262.189 28.1797 6.11047
262.268 27.9654 6.10676
262.248 28.0732 6.11075
262.26 28.1172 6.11282
262.358 28.056 6.1064
262.351 28.048 6.1058
262.124 28.0288 6.10723
262.296 28.0402 6.10818
262.296 28.0657 6.10704
262.363 28.0386 6.10532
262.257 28.0742 6.10555
262.252 28.1027 6.11255
262.225 28.1945 6.10715
262.169 28.0851 6.10904
262.189 28.1714 6.10994
262.236 28.078 6.11113
262.204 28.0438 6.10994
262.064 28.2042 6.10908
262.234 28.0701 6.10555
262.272 28.0592 6.10712
262.26 28.0298 6.10677
262.17 28.0239 6.11215
262.135 28.1158 6.10865
262.175 28.1041 6.11093
262.181 28.1281 6.10906
262.213 28.1394 6.10858
262.237 27.9782 6.11138
262.239 28.0431 6.11526
262.197 28.1314 6.10862
262.136 27.9649 6.10987
262.142 28.0372 6.11063
262.186 27.9768 6.10866
262.227 28.0157 6.10861
262.164 28.0574 6.10977
262.234 28.0815 6.11134
262.3 28.0725 6.11044
262.217 28.1569 6.11417
262.265 28.1249 6.11046
262.134 28.116 6.11029
262.279 28.0958 6.11104
262.163 28.0668 6.10746
262.263 28.0649 6.11014
262.208 28.066 6.10794
262.19 28.102 6.10913
262.215 28.1267 6.10956
262.228 28.1066 6.11038
262.149 28.0947 6.10752
262.185 28.0432 6.10906
262.233 28.1113 6.10837
262.322 28.0659 6.11244
262.169 28.0338 6.11327
262.173 28.0348 6.11365
262.267 28.1658 6.10844
262.123 28.0144 6.11084
262.264 28.0863 6.11137
262.25 28.0522 6.10845
262.235 27.9382 6.11165
262.233 28.0482 6.10424
262.232 28.0334 6.11211
262.216 28.2004 6.10909
262.124 28.1032 6.11103
262.167 28.1218 6.11266
262.151 28.1407 6.11092
262.248 28.0162 6.11017
262.209 28.0414 6.11125
262.292 28.1413 6.10651
262.176 28.0403 6.10951
262.231 28.1736 6.10823
262.227 28.2043 6.109
262.277 28.0784 6.10949
262.261 28.0067 6.10955
262.318 28.0704 6.1094
262.287 28.0595 6.11122
262.246 28.0618 6.10889
262.229 28.062 6.10933
262.143 28.1095 6.10844
262.247 28.1023 6.10799
262.228 28.0621 6.10799
262.194 28.1295 6.10981
262.244 28.1273 6.10965
262.328 28.0726 6.10554
262.151 28.1446 6.11225
262.274 28.0306 6.10751
262.289 28.0847 6.10582
262.208 28.1837 6.1088
262.304 28.162 6.1082
262.259 28.1283 6.1089
262.198 28.0531 6.10869
262.209 28.0557 6.11131
262.279 28.085 6.11283
262.2 28.1046 6.11057
262.151 28.0396 6.10591
262.266 28.1108 6.10932
262.271 28.1154 6.10539
262.215 28.0368 6.10787
262.249 28.0924 6.10783
262.322 27.9685 6.10637
262.2 28.0058 6.10861
262.228 28.1132 6.10885
262.268 28.128 6.11006
262.32 27.9884 6.11173
262.208 28.1633 6.1095
262.161 28.1493 6.11005
262.254 28.059 6.10888
262.356 28.039 6.10696
262.282 28.0495 6.10908
262.227 28.0325 6.10941
262.275 28.0997 6.10974
262.156 28.024 6.10885
262.22 28.0594 6.11159
262.242 28.1374 6.10798
262.217 28.0506 6.1091
262.081 28.0121 6.10594
262.184 28.0831 6.10493
262.238 28.0302 6.10825
262.274 28.0233 6.1085
262.227 28.0189 6.10944
262.295 28.055 6.10978
262.193 28.1895 6.11033
262.264 28.0429 6.11101
262.215 28.1047 6.1063
262.168 28.1223 6.11005
262.283 28.0182 6.10881
262.378 28.0728 6.10615
262.285 28.1288 6.10899
262.289 28.0554 6.10928
262.21 28.0504 6.10677
262.207 28.1032 6.10605
262.341 28.0739 6.10551
262.117 27.9631 6.10843
262.098 28.0015 6.10883
262.066 27.9611 6.10721
262.206 28.0593 6.1087
262.242 28.0298 6.10807
262.189 28.0466 6.11059
262.16 28.045 6.1076
262.248 28.086 6.10881
262.31 28.1319 6.10621
262.173 28.0459 6.11075
262.284 28.2453 6.10791
262.261 28.0893 6.1087
262.154 28.129 6.11012
262.277 27.9688 6.1108
262.088 28.0247 6.11121
262.225 28.115 6.10992
262.234 28.0728 6.10854
262.147 28.1067 6.11166
262.241 28.0521 6.10987
262.244 28.027 6.10983
262.249 28.0635 6.10718
262.3 28.1769 6.11061
262.305 28.1829 6.10829
262.291 28.012 6.10785
262.322 28.0293 6.10812
262.265 28.09 6.10959
262.258 28.0652 6.10577
262.213 28.1178 6.11236
262.185 28.0743 6.1106
262.092 28.1009 6.10966
262.087 28.0643 6.11188
262.289 28.0759 6.109
262.105 28.1373 6.10986
262.125 28.0974 6.10946
262.213 28.097 6.10975
262.383 28.0251 6.10818
262.223 28.1593 6.11188
262.162 28.1498 6.10677
262.29 28.077 6.1092
262.323 28.0167 6.10823
262.135 28.0474 6.11157
262.126 28.043 6.10979
262.26 28.0534 6.10814
262.251 28.0409 6.10987
262.191 28.1249 6.11248
262.203 28.1503 6.10738
262.191 28.072 6.10791
262.236 27.9833 6.10697
262.198 27.9548 6.10769
262.133 28.0099 6.1073
262.133 27.9202 6.10694
262.241 27.9982 6.1091
262.25 28.0515 6.11068
262.24 28.0612 6.10947
262.268 28.0787 6.11255
262.281 28.1637 6.11153
262.265 28.168 6.1083
262.274 28.1389 6.10954
262.272 28.166 6.10653
262.248 28.1734 6.10626
262.298 28.0223 6.10832
262.3 28.1525 6.11299
262.232 28.1149 6.10651
262.205 28.1022 6.11237
262.281 28.0753 6.10962
262.3 28.0435 6.1073
262.211 28.1759 6.10891
262.295 28.008 6.10812
262.251 27.98 6.11026
262.196 27.9863 6.11029
262.28 28.1003 6.10889
262.279 28.0537 6.10905
262.166 27.9999 6.10642
262.217 27.9257 6.11344
262.194 28.0676 6.11413
262.056 28.1178 6.10774
262.262 27.985 6.10776
262.191 28.0914 6.11272
262.253 28.0951 6.11047
262.285 28.075 6.11043
262.268 28.0495 6.11138
262.223 28.2397 6.11266
262.161 28.2043 6.11285
262.208 28.1294 6.10724
262.211 28.0663 6.10944
262.219 28.0456 6.1078
262.201 28.011 6.11306
262.273 28.2394 6.10964
262.271 28.059 6.11003
262.253 28.0488 6.10746
262.251 28.0832 6.10795
262.29 28.0499 6.11086
262.269 28.1028 6.10914
262.142 28.1128 6.10856
262.3 28.0778 6.108
262.252 28.0536 6.11178
262.167 28.1189 6.11115
262.177 28.1162 6.1088
262.192 28.116 6.1101
262.239 28.1068 6.11145
262.188 28.0775 6.10893
262.294 28.1064 6.10726
262.253 27.9921 6.10625
262.352 28.0646 6.10828
262.245 28.0405 6.10922
262.142 28.1729 6.11067
262.378 28.018 6.10923
262.181 28.1454 6.10869
262.188 27.9741 6.11632
262.228 28.0986 6.11511
262.252 28.0355 6.10746
262.216 28.061 6.10845
262.275 28.0473 6.11338
262.168 28.1078 6.11413
262.196 28.1287 6.11427
262.218 28.1454 6.11393
262.182 28.1379 6.10945
262.28 28.0813 6.1113
262.264 28.0887 6.10964
262.227 28.1538 6.11339
262.284 27.9359 6.10848
262.261 28.104 6.10826
262.199 28.1387 6.10948
262.18 28.1211 6.10734
262.274 28.0378 6.10852
262.265 28.0271 6.10952
262.174 27.9926 6.10674
262.188 28.0797 6.11227
262.241 28.1512 6.10797
262.299 28.0627 6.10651
262.303 28.0628 6.10641
262.099 28.072 6.11285
262.089 28.0217 6.10849
262.29 28.1295 6.10608
262.295 28.0618 6.10949
262.202 28.1199 6.11077
262.225 28.0658 6.10805
262.215 27.9178 6.11335
262.193 28.0795 6.10768
262.249 28.1178 6.1084
262.323 28.1106 6.10811
262.291 28.1016 6.11088
262.26 28.1327 6.11006
262.172 28.0769 6.11061
262.281 28.0973 6.11015
262.258 28.0678 6.10885
262.044 28.1356 6.1104
261.994 28.0384 6.11045
262.061 28.1387 6.1116
262.282 28.1004 6.10965
262.176 28.1399 6.11368
262.264 28.0576 6.11048
262.299 28.0591 6.11058
262.024 27.9595 6.1078
262.302 27.9903 6.10439
262.248 27.9838 6.1116
262.262 28.0867 6.10856
262.276 28.0207 6.10853
262.276 28.0304 6.10818
262.314 28.0113 6.10733
262.102 28.1599 6.11131
262.167 28.1602 6.11346
262.316 28.1645 6.1122
262.24 28.0706 6.1101
262.227 28.1326 6.10949
262.14 28.1176 6.10786
262.183 28.0828 6.11006
262.241 28.0281 6.10791
262.21 28.0144 6.10855
262.247 28.1411 6.11126
262.284 28.0386 6.10842
262.15 28.0847 6.10713
262.156 28.1674 6.10903
262.333 28.0915 6.10651
262.313 28.0249 6.10783
262.235 28.0284 6.10808
262.226 28.078 6.1044
262.296 28.0408 6.11176
262.292 28.1452 6.10871
262.238 28.1231 6.10874
262.314 28.0907 6.10673
262.299 28.0578 6.11241
262.267 28.0643 6.11077
262.318 28.0873 6.11201
262.188 28.1532 6.10902
262.295 28.0862 6.10802
262.293 28.0211 6.10745
262.173 28.117 6.11066
262.233 28.1078 6.10921
262.217 28.1149 6.11041
262.169 28.0166 6.10895
262.242 28.0204 6.10654
262.126 28.0244 6.11264
262.152 28.0749 6.10907
262.202 28.1185 6.11179
262.305 28.0789 6.105
262.203 28.1213 6.11029
262.205 28.0505 6.1105
262.295 28.0286 6.10962
262.23 28.0222 6.11201
262.196 28.099 6.11187
262.166 27.9766 6.11094
262.236 28.1383 6.11052
262.284 28.1288 6.10331
262.199 28.1269 6.10883
262.278 28.019 6.1068
262.273 28.0927 6.11094
262.262 28.0993 6.11152
262.318 28.1027 6.10909
262.159 28.1083 6.10797
262.283 28.1452 6.1087
262.188 28.0946 6.10963
262.179 28.2076 6.1091
262.218 28.0843 6.10735
262.336 28.0603 6.10627
262.212 28.0478 6.11117
262.228 28.1445 6.10722
262.157 28.0871 6.11309
262.141 28.0281 6.11175
262.083 28.0222 6.11068
262.223 27.9514 6.11181
262.186 28.0223 6.11255
262.166 28.0315 6.10393
262.184 28.0819 6.10394
262.328 28.075 6.1092
262.32 27.9881 6.10933
262.229 28.1008 6.11028
262.177 28.0836 6.11204
262.153 28.1748 6.11025
262.167 28.0888 6.11132
262.131 28.1876 6.10996
262.24 28.1628 6.10836
262.162 28.1113 6.11016
262.291 28.093 6.10906
262.309 28.0872 6.10945
262.265 28.0236 6.1116
262.225 28.0363 6.10919
262.223 28.1597 6.10677
262.247 28.0829 6.10813
262.24 28.1663 6.1113
262.241 28.0588 6.1112
262.193 28.0528 6.11007
262.209 28.1293 6.11224
262.208 28.1226 6.11321
262.276 28.0143 6.10635
262.231 28.0313 6.10845
262.295 28.1138 6.1074
262.162 28.1546 6.10676
262.307 28.0457 6.11014
262.353 28.0793 6.1086
262.393 27.9918 6.10975
262.284 28.1284 6.11091
262.26 28.0339 6.10796
261.831 26.9897 6.08983
