150.149 -13.5154 3.3353
149.952 -13.4588 3.33153
150.075 -13.6284 3.33181
150.041 -13.5629 3.33447
150.057 -13.5526 3.33271
149.835 -13.5114 3.33321
149.866 -13.4897 3.33152
149.945 -13.4777 3.3309
149.938 -13.4448 3.33143
149.902 -13.5572 3.33091
150.057 -13.5728 3.33626
149.929 -13.5083 3.33414
150.026 -13.5234 3.33137
150.08 -13.5547 3.33072
150.058 -13.5939 3.33656
150.065 -13.5461 3.33152
150.033 -13.449 3.33141
149.993 -13.6446 3.33581
149.976 -13.5955 3.33596
149.828 -13.5645 3.33192
150.145 -13.5622 3.33242
150.039 -13.6327 3.33507
149.985 -13.6195 3.33016
149.925 -13.5977 3.33133
149.979 -13.4829 3.33365
150.076 -13.5537 3.33372
150 -13.4606 3.3356
150.113 -13.5748 3.33379
149.858 -13.6274 3.33192
149.945 -13.7073 3.33448
149.987 -13.5369 3.33397
150.047 -13.6026 3.3347
150.156 -13.5134 3.33226
150.049 -13.5833 3.33492
150.045 -13.5295 3.33382
150.04 -13.4876 3.3345
149.873 -13.5556 3.33049
149.852 -13.5384 3.33209
150.068 -13.452 3.33427
149.956 -13.4599 3.33087
149.947 -13.3499 3.33192
150.089 -13.5282 3.33329
149.998 -13.5349 3.33429
149.911 -13.5895 3.33154
149.928 -13.5135 3.33358
150.097 -13.538 3.33522
150.117 -13.559 3.33687
150.059 -13.5241 3.33166
149.98 -13.6317 3.33119
150.097 -13.5783 3.33245
149.951 -13.5123 3.33274
150.033 -13.4498 3.33255
150.003 -13.4699 3.33328
150.043 -13.622 3.33325
149.977 -13.5873 3.33192
149.968 -13.4616 3.33286
149.905 -13.5317 3.33245
149.966 -13.5448 3.33357
149.966 -13.5068 3.3329
150.011 -13.5194 3.33502
150.109 -13.6763 3.33138
149.976 -13.5097 3.33229
150.026 -13.5757 3.3301
150.004 -13.4429 3.33306
149.96 -13.4412 3.3326
149.897 -13.599 3.33602
149.914 -13.6341 3.33395
150.068 -13.5179 3.33353
150.087 -13.6127 3.33505
150.025 -13.4893 3.3337
150.027 -13.5597 3.33369
150.046 -13.4713 3.33236
150.073 -13.4443 3.33185
149.977 -13.5047 3.32925
150.006 -13.6194 3.33183
149.961 -13.5231 3.33115
149.974 -13.5432 3.33085
150.035 -13.4161 3.33185
149.952 -13.4931 3.32993
149.911 -13.4282 3.33069
149.954 -13.3858 3.33026
150.009 -13.6142 3.33249
150 -13.5935 3.3326
150.03 -13.5122 3.33417
149.926 -13.4337 3.3333
150.006 -13.5608 3.33663
149.973 -13.5189 3.33527
150.03 -13.6382 3.33462
150.053 -13.5904 3.33473
149.971 -13.5032 3.33351
149.993 -13.4851 3.33197
150.042 -13.4849 3.33328
150.097 -13.5073 3.33361
150.092 -13.6217 3.33334
149.906 -13.4944 3.33063
150.024 -13.4597 3.33258
150.045 -13.5497 3.33409
150.066 -13.5911 3.3349
150.076 -13.5645 3.33531
149.862 -13.5035 3.33101
150.05 -13.4941 3.33276
149.952 -13.5823 3.33168
149.935 -13.6083 3.33638
150.097 -13.6421 3.33594
150.074 -13.5006 3.3312
150.016 -13.6414 3.33313
149.92 -13.5313 3.33133
149.913 -13.4983 3.33225
150.038 -13.5289 3.33437
149.951 -13.5462 3.33322
149.932 -13.6207 3.3318
149.967 -13.4346 3.33255
149.969 -13.4003 3.33416
150.088 -13.5235 3.33278
149.942 -13.5656 3.33182
150.145 -13.6095 3.33116
150.001 -13.4567 3.3321
149.927 -13.4748 3.32979
149.997 -13.5266 3.33157
149.987 -13.5239 3.33199
149.963 -13.5465 3.33261
150.04 -13.6152 3.33292
149.954 -13.6319 3.33164
150.005 -13.5323 3.33233
150.002 -13.509 3.33079
149.932 -13.5843 3.33097
150.066 -13.6106 3.33408
149.998 -13.4871 3.33304
150.016 -13.5628 3.33657
149.987 -13.5684 3.33214
150.107 -13.5006 3.33472
149.907 -13.6599 3.33438
149.994 -13.6202 3.3311
150.045 -13.5921 3.33367
150.024 -13.5966 3.3304
150.007 -13.554 3.33016
149.981 -13.4483 3.33152
150.063 -13.4589 3.33396
150.065 -13.4778 3.33584
150.054 -13.5299 3.33189
150.071 -13.5829 3.33413
150.092 -13.522 3.3334
150.009 -13.6422 3.33498
149.956 -13.6369 3.33044
150.043 -13.5282 3.33161
150.131 -13.4716 3.33457
150.164 -13.556 3.33412
150.107 -13.4986 3.33361
149.905 -13.5868 3.33278
149.911 -13.5862 3.33352
149.904 -13.5416 3.33363
150.09 -13.5678 3.3363
150.019 -13.603 3.33068
150.019 -13.5802 3.32929
150.066 -13.5671 3.33327
150.061 -13.5901 3.33399
149.96 -13.616 3.33171
149.956 -13.5986 3.33199
149.992 -13.5877 3.33353
150.033 -13.4323 3.33225
149.996 -13.498 3.3334
150.056 -13.4635 3.33309
149.992 -13.5777 3.33153
150.025 -13.5435 3.33458
149.979 -13.5038 3.3305
149.957 -13.4777 3.331
149.964 -13.4752 3.33241
149.892 -13.5373 3.3331
150.024 -13.5263 3.33611
150.032 -13.5573 3.33525
150.061 -13.705 3.33272
150.181 -13.5359 3.33463
150.043 -13.4947 3.33138
150.07 -13.5728 3.33353
150.04 -13.4774 3.33243
149.874 -13.5552 3.33614
149.95 -13.5302 3.33294
149.948 -13.5603 3.33315
149.989 -13.6514 3.33125
149.965 -13.5089 3.33538
150.154 -13.4906 3.33174
150.007 -13.6428 3.33203
150.023 -13.5634 3.33627
150.009 -13.513 3.33308
149.982 -13.5573 3.33368
149.985 -13.5616 3.33171
149.965 -13.5102 3.33422
149.9 -13.4912 3.33421
149.89 -13.4913 3.33466
150.029 -13.6225 3.33288
149.996 -13.5892 3.33328
149.966 -13.537 3.33281
149.973 -13.5188 3.3329
149.846 -13.4468 3.33224
149.823 -13.5926 3.33325
150.169 -13.4488 3.33756
149.982 -13.6151 3.33309
150.018 -13.5396 3.33441
149.867 -13.5034 3.33314
149.946 -13.5585 3.33194
149.957 -13.5038 3.33195
149.985 -13.5802 3.33558
149.985 -13.7035 3.33248
149.995 -13.6007 3.3345
149.938 -13.648 3.33357
150.084 -13.6166 3.3341
149.976 -13.6552 3.33627
150.095 -13.491 3.33355
149.943 -13.533 3.33406
150.037 -13.5204 3.33653
149.893 -13.6306 3.33328
150.08 -13.5284 3.33422
150.019 -13.5408 3.33329
149.976 -13.5089 3.33285
150.064 -13.56 3.3345
149.958 -13.4432 3.33198
150.103 -13.4814 3.33317
149.937 -13.5755 3.33386
149.971 -13.5887 3.33463
150.068 -13.6535 3.33704
150.007 -13.6208 3.33723
149.909 -13.5494 3.33164
149.918 -13.4552 3.33162
150.027 -13.5019 3.3308
149.93 -13.4388 3.33098
149.922 -13.4945 3.33045
150.001 -13.5792 3.33336
149.99 -13.5921 3.33359
149.993 -13.6025 3.3374
149.994 -13.6686 3.33523
150.021 -13.6101 3.33572
150.014 -13.4719 3.33395
150.153 -13.5584 3.33567
149.938 -13.6626 3.33345
149.941 -13.5004 3.33187
150.009 -13.582 3.33467
150.055 -13.5628 3.33069
149.928 -13.5473 3.33477
150.108 -13.4683 3.33147
150.1 -13.5321 3.33262
150.051 -13.5182 3.33271
149.966 -13.5629 3.33448
150.027 -13.5881 3.33435
149.947 -13.6185 3.33104
150.049 -13.6108 3.33462
150.02 -13.6377 3.33394
150.111 -13.596 3.33339
150.059 -13.6151 3.33556
150.167 -13.6203 3.33459
149.984 -13.451 3.33156
150.044 -13.4595 3.33294
149.993 -13.533 3.33194
150.029 -13.5286 3.33353
150.099 -13.6028 3.33725
149.969 -13.5613 3.33374
149.966 -13.4918 3.33482
149.971 -13.5104 3.33407
150.034 -13.5718 3.33172
149.985 -13.4838 3.33258
149.991 -13.5637 3.33281
149.915 -13.513 3.33495
150.006 -13.6065 3.33668
150.132 -13.4922 3.3343
150.015 -13.534 3.33212
149.981 -13.5805 3.32924
149.956 -13.5818 3.33131
150.024 -13.5672 3.33539
149.956 -13.5322 3.33196
150.01 -13.4921 3.33213
149.94 -13.5802 3.33272
150.081 -13.5031 3.33165
150.07 -13.5004 3.33344
150.038 -13.6855 3.33215
150.022 -13.641 3.3328
150.141 -13.5395 3.33419
150.135 -13.4864 3.33605
150.014 -13.5249 3.3342
149.967 -13.6314 3.33881
150.023 -13.5375 3.33221
150.054 -13.4879 3.33416
150.086 -13.63 3.33824
149.972 -13.5223 3.33249
149.947 -13.5641 3.33306
149.948 -13.5099 3.3321
149.991 -13.5499 3.33044
150.171 -13.5506 3.33113
149.96 -13.5373 3.33406
149.932 -13.6052 3.33409
149.936 -13.599 3.33228
150.09 -13.5294 3.33043
150.089 -13.4706 3.33438
150.028 -13.5586 3.33669
150.114 -13.5457 3.33621
150.047 -13.5514 3.33493
150.063 -13.6388 3.33433
149.989 -13.5138 3.32988
149.893 -13.4425 3.3345
150.093 -13.6108 3.33171
149.984 -13.5251 3.3351
150.001 -13.4887 3.33387
150.004 -13.5531 3.33322
149.972 -13.5484 3.33206
149.964 -13.5231 3.33247
149.953 -13.5902 3.33887
149.973 -13.513 3.3323
150.014 -13.551 3.33194
150.089 -13.5445 3.3326
149.982 -13.5311 3.33486
149.963 -13.4647 3.3344
149.954 -13.495 3.33045
149.904 -13.5312 3.32975
150.08 -13.4985 3.3317
150.171 -13.5776 3.3347
150.147 -13.5874 3.33437
150.053 -13.6076 3.33453
149.957 -13.552 3.33146
150.15 -13.618 3.33354
150.012 -13.6521 3.33283
150.08 -13.5934 3.3318
150.05 -13.6067 3.33319
149.925 -13.5985 3.33136
149.984 -13.5222 3.33208
149.945 -13.545 3.32878
149.968 -13.558 3.33261
150.005 -13.5103 3.33287
150.021 -13.5573 3.33383
149.98 -13.5458 3.33613
150.132 -13.5989 3.33469
150.043 -13.6023 3.33663
149.895 -13.5691 3.33192
150.145 -13.5025 3.33647
150.103 -13.4244 3.3374
150.059 -13.4352 3.33483
149.958 -13.5348 3.33346
150.045 -13.57 3.33305
150.064 -13.5381 3.33725
150.153 -13.4737 3.33304
150.019 -13.5035 3.3324
150.03 -13.523 3.33332
150.052 -13.4794 3.33067
150.114 -13.496 3.33341
150.032 -13.527 3.33604
150.029 -13.4902 3.3379
150.05 -13.4941 3.33118
150.032 -13.4837 3.33169
150.006 -13.6312 3.3345
150.015 -13.5888 3.33518
149.988 -13.6387 3.33105
149.961 -13.4861 3.3348
149.944 -13.6563 3.33426
150.045 -13.5635 3.33624
150.019 -13.5588 3.33317
150.006 -13.5255 3.32941
149.915 -13.5999 3.33416
150.019 -13.5673 3.3368
150.052 -13.5711 3.33171
150.002 -13.4158 3.33278
149.988 -13.4541 3.33382
149.987 -13.5957 3.33068
150.006 -13.5112 3.33276
150.046 -13.5506 3.33387
149.929 -13.5239 3.33211
149.963 -13.5844 3.33658
149.936 -13.5122 3.333
149.956 -13.5633 3.33524
149.992 -13.6342 3.33589
150.062 -13.5769 3.33778
150.125 -13.4874 3.33189
149.956 -13.4752 3.33455
149.952 -13.4833 3.33381
149.99 -13.5985 3.33309
149.98 -13.592 3.33208
150.033 -13.5662 3.33151
149.978 -13.547 3.33349
149.983 -13.5309 3.33409
149.961 -13.4843 3.33129
150.086 -13.4444 3.33248
150.025 -13.5603 3.33191
149.925 -13.5403 3.33267
150.031 -13.5918 3.33424
149.987 -13.5949 3.33285
149.922 -13.5499 3.33028
150.052 -13.6422 3.33484
150.102 -13.4917 3.33091
150.141 -13.5516 3.33138
149.968 -13.5005 3.33302
150.084 -13.6259 3.33403
150.123 -13.5533 3.3338
149.894 -13.4449 3.33122
149.988 -13.4002 3.33185
149.988 -13.4116 3.33182
149.998 -13.4581 3.33167
149.98 -13.6673 3.33083
149.984 -13.5676 3.33253
149.996 -13.5875 3.33151
149.93 -13.4433 3.33387
149.995 -13.5211 3.3312
150.024 -13.4884 3.33134
150.03 -13.5308 3.33186
150.105 -13.5457 3.33317
149.94 -13.5424 3.33467
150.057 -13.5334 3.33182
150.058 -13.6284 3.33266
149.98 -13.6255 3.33212
150.016 -13.4431 3.33326
150.102 -13.6035 3.33562
149.97 -13.6208 3.33303
149.956 -13.669 3.33183
150.047 -13.4784 3.33702
149.88 -13.4821 3.33335
150.068 -13.5209 3.33351
149.953 -13.5783 3.33024
150.005 -13.5034 3.33221
150.031 -13.6274 3.33334
150.032 -13.4446 3.33322
150.051 -13.5468 3.33221
149.866 -13.5467 3.33191
150.018 -13.4939 3.33507
149.953 -13.6126 3.33074
150.045 -13.5065 3.33053
149.973 -13.5301 3.33244
150.068 -13.6943 3.33599
150.015 -13.5481 3.33331
150.02 -13.4888 3.33219
149.918 -13.5317 3.3354
149.961 -13.5168 3.33181
149.989 -13.5032 3.33583
149.961 -13.5377 3.33223
149.966 -13.5395 3.33182
150.008 -13.574 3.33353
149.972 -13.6486 3.33063
149.969 -13.6009 3.32968
149.971 -13.6488 3.33272
150.021 -13.557 3.33473
150.074 -13.541 3.33351
150.04 -13.5492 3.33615
149.926 -13.5431 3.3322
149.94 -13.5625 3.33289
150.031 -13.5306 3.33361
150.085 -13.4567 3.33351
149.937 -13.4639 3.33304
150.143 -13.5646 3.33299
150.053 -13.5629 3.32972
150.02 -13.5584 3.33131
150.06 -13.5618 3.33048
149.949 -13.5669 3.33485
150.011 -13.5232 3.33725
150.065 -13.5298 3.33402
150.051 -13.5379 3.33528
150.082 -13.6174 3.33673
149.915 -13.5482 3.33324
149.959 -13.6105 3.33494
150.05 -13.4278 3.33475
149.911 -13.6163 3.33152
149.972 -13.6564 3.33387
150.036 -13.4692 3.33311
150.163 -13.4966 3.33408
150.125 -13.5147 3.3333
150.112 -13.4898 3.33313
149.852 -13.6519 3.33323
149.963 -13.5228 3.33376
150.015 -13.5704 3.33399
149.97 -13.4723 3.33371
150 -13.5968 3.33155
150.026 -13.5984 3.33473
149.961 -13.5822 3.33152
149.971 -13.5614 3.33183
150.001 -13.5636 3.33297
149.988 -13.6151 3.3337
149.951 -13.4654 3.33316
149.951 -13.4377 3.334
150.018 -13.4573 3.33368
150.081 -13.4949 3.3341
150.015 -13.572 3.33255
150.04 -13.5642 3.33189
149.983 -13.5325 3.33188
149.995 -13.5373 3.33394
150.038 -13.5568 3.33259
149.97 -13.4078 3.33252
149.935 -13.5635 3.33298
150.112 -13.5435 3.33405
150.026 -13.5826 3.3355
150.028 -13.4851 3.33611
150.112 -13.5277 3.33338
149.857 -13.5627 3.33161
149.885 -13.5302 3.33204
150.141 -13.5904 3.33274
150.031 -13.4587 3.33219
150.078 -13.5913 3.33244
149.871 -13.4757 3.33339
149.971 -13.662 3.331
149.948 -13.4491 3.33261
149.978 -13.4643 3.3317
150.134 -13.5427 3.33294
149.986 -13.6072 3.33788
149.927 -13.4669 3.33319
149.965 -13.4818 3.33208
149.932 -13.5058 3.33454
150.029 -13.4963 3.333
150.907 -16.3952 3.33399
