225.812 -13.8194 2.92303
225.694 -13.8246 2.92278
225.754 -13.6724 2.92135
225.742 -13.721 2.92177
225.73 -13.6796 2.91779
225.853 -13.8501 2.92458
225.696 -13.8187 2.91915
225.78 -13.8278 2.92305
225.89 -13.8224 2.92402
225.706 -13.7917 2.92266
225.682 -13.7491 2.92119
225.696 -13.7457 2.92353
225.702 -13.7676 2.92465
225.733 -13.7393 2.91988
225.827 -13.7532 2.92081
225.815 -13.8182 2.92085
225.716 -13.8764 2.918
225.771 -13.9109 2.92377
225.764 -13.9116 2.92384
225.666 -13.6588 2.9226
225.864 -13.8196 2.92384
225.78 -13.7764 2.92062
225.77 -13.6204 2.9175
225.78 -13.814 2.92523
225.796 -13.7526 2.92219
225.789 -13.8213 2.92245
225.691 -13.8105 2.92272
225.692 -13.8739 2.91766
225.681 -13.79 2.92196
225.751 -13.7122 2.91961
225.684 -13.8133 2.92326
225.78 -13.7193 2.92121
225.651 -13.9118 2.92273
225.74 -13.7312 2.92133
225.651 -13.81 2.92041
225.667 -13.8673 2.91977
225.758 -13.766 2.92007
225.809 -13.7791 2.92095
225.829 -13.7596 2.92078
225.782 -13.8675 2.92704
225.75 -13.7393 2.91877
225.767 -13.7984 2.91815
225.695 -13.7542 2.92171
225.726 -13.7339 2.92477
225.761 -13.6494 2.92014
225.768 -13.7432 2.92042
225.792 -13.741 2.92038
225.834 -13.7791 2.92358
225.867 -13.8075 2.92156
225.663 -13.8745 2.91974
225.797 -13.7203 2.91844
225.831 -13.7933 2.91861
225.662 -13.737 2.92559
225.767 -13.8804 2.92488
225.743 -13.7573 2.92595
225.66 -13.8216 2.92256
225.651 -13.8336 2.92155
225.817 -13.7783 2.92188
225.768 -13.8746 2.92153
225.839 -13.7686 2.92069
225.805 -13.7714 2.9223
225.872 -13.7623 2.92198
225.678 -13.8391 2.92183
225.811 -13.8209 2.9201
225.819 -13.9453 2.92278
225.818 -13.7322 2.92648
225.876 -13.8052 2.92182
225.916 -13.8911 2.92479
225.746 -13.7612 2.92809
225.688 -13.7647 2.92347
225.712 -13.8371 2.91936
225.771 -13.7562 2.92033
225.798 -13.8133 2.92488
225.71 -13.8604 2.92138
225.583 -13.8642 2.91976
225.814 -13.8416 2.92582
225.626 -13.6541 2.92231
225.915 -13.7487 2.92186
225.782 -13.7664 2.92631
225.765 -13.7184 2.92288
225.791 -13.7531 2.91978
225.746 -13.8492 2.91959
225.82 -13.7281 2.92084
225.798 -13.789 2.92241
225.696 -13.755 2.92416
225.898 -13.8011 2.9256
225.907 -13.8213 2.92609
225.768 -13.7431 2.92208
225.757 -13.7734 2.92275
225.718 -13.7266 2.92237
225.759 -13.8001 2.9236
225.757 -13.7626 2.92057
225.752 -13.8062 2.92334
225.907 -13.7956 2.92111
225.738 -13.7312 2.92115
225.833 -13.862 2.92338
225.692 -13.8445 2.9235
225.831 -13.8021 2.92076
225.788 -13.6712 2.92296
225.725 -13.8044 2.92082
225.903 -13.7787 2.92501
225.779 -13.8544 2.92512
225.819 -13.7904 2.92509
225.83 -13.7581 2.92282
225.692 -13.7686 2.9239
225.671 -13.7809 2.92414
225.777 -13.7123 2.91887
225.797 -13.7586 2.91927
225.861 -13.8093 2.92188
225.728 -13.7743 2.92121
225.76 -13.7528 2.92019
225.719 -13.8102 2.92353
225.713 -13.7443 2.92421
225.813 -13.6579 2.92283
225.751 -13.9032 2.92172
225.698 -13.8226 2.91891
225.86 -13.6675 2.92133
225.857 -13.8141 2.91938
225.714 -13.8082 2.91942
225.718 -13.8771 2.92537
225.724 -13.7668 2.92161
225.784 -13.7497 2.92222
225.79 -13.7779 2.9214
225.701 -13.6605 2.92276
225.669 -13.8134 2.91964
225.787 -13.7852 2.9221
225.745 -13.7781 2.92014
225.779 -13.8015 2.91989
225.775 -13.8578 2.92466
225.603 -13.8192 2.91941
225.786 -13.8336 2.92234
225.748 -13.7905 2.92033
225.795 -13.821 2.91908
225.739 -13.692 2.92291
225.788 -13.9134 2.92353
225.779 -13.8788 2.9238
225.753 -13.7228 2.92396
225.865 -13.6257 2.92445
225.761 -13.7257 2.9202
225.765 -13.7145 2.92051
225.82 -13.7659 2.92451
225.85 -13.8223 2.92601
225.752 -13.9141 2.92037
225.786 -13.8879 2.9229
225.799 -13.5999 2.92287
225.689 -13.7377 2.9199
225.746 -13.8208 2.92277
225.737 -13.7837 2.91797
225.824 -13.7258 2.91816
225.703 -13.7972 2.92335
225.746 -13.7899 2.92305
225.731 -13.7535 2.92219
225.792 -13.7331 2.92075
225.804 -13.8359 2.9245
225.844 -13.7933 2.92593
225.789 -13.8051 2.92313
225.762 -13.7913 2.92392
225.716 -13.7626 2.92329
225.76 -13.7973 2.92246
225.791 -13.8684 2.9232
225.848 -13.8643 2.92148
225.697 -13.7181 2.92354
225.785 -13.7459 2.92046
225.796 -13.7204 2.9215
225.87 -13.7103 2.92248
225.619 -13.7777 2.92357
225.699 -13.8984 2.92438
225.856 -13.8009 2.92121
225.706 -13.8589 2.92422
225.629 -13.8074 2.92155
225.739 -13.7154 2.9202
225.827 -13.7643 2.92027
225.762 -13.6507 2.91902
225.773 -13.8017 2.91626
225.778 -13.7715 2.92533
225.798 -13.8473 2.92048
225.787 -13.8519 2.9208
225.773 -13.7389 2.92311
225.734 -13.8379 2.92212
225.771 -13.6373 2.92119
225.706 -13.7541 2.92451
225.904 -13.7706 2.92356
225.745 -13.735 2.92122
225.81 -13.6859 2.92463
225.687 -13.8485 2.91849
225.728 -13.8858 2.92467
225.722 -13.7312 2.92221
225.719 -13.7367 2.92188
225.845 -13.7545 2.92284
225.831 -13.7457 2.92223
225.64 -13.768 2.91821
225.841 -13.851 2.92371
225.894 -13.8452 2.92543
225.757 -13.8795 2.92083
225.649 -13.6694 2.91844
225.806 -13.7479 2.92163
225.696 -13.7923 2.92294
225.7 -13.7956 2.9208
225.733 -13.7533 2.91914
225.731 -13.8144 2.92164
225.625 -13.7722 2.91958
225.772 -13.8295 2.92125
225.66 -13.9686 2.92255
225.771 -13.7228 2.92437
225.703 -13.772 2.92531
225.834 -13.8308 2.92103
225.894 -13.7183 2.92204
225.808 -13.6624 2.9233
225.68 -13.8727 2.92203
225.722 -13.856 2.91739
225.726 -13.8986 2.91774
225.765 -13.8321 2.92194
225.867 -13.8215 2.92044
225.821 -13.8516 2.9219
225.735 -13.8181 2.91953
225.817 -13.8573 2.92512
225.734 -13.8018 2.9251
225.858 -13.7075 2.92269
225.816 -13.8002 2.918
225.726 -13.7738 2.92148
225.826 -13.741 2.92044
225.85 -13.6665 2.92198
225.77 -13.7495 2.92064
225.841 -13.7353 2.92541
225.784 -13.7408 2.91983
225.738 -13.8075 2.92455
225.668 -13.8217 2.9203
225.652 -13.8013 2.91933
225.755 -13.7043 2.92026
225.774 -13.6639 2.91792
225.795 -13.822 2.91967
225.754 -13.869 2.923
225.685 -13.7415 2.92282
225.84 -13.7688 2.92399
225.729 -13.8037 2.91955
225.734 -13.8461 2.92381
225.748 -13.8339 2.92505
225.705 -13.7552 2.92388
225.764 -13.8755 2.92226
225.796 -13.7111 2.92184
225.789 -13.7705 2.92141
225.792 -13.737 2.91972
225.633 -13.8213 2.9219
225.787 -13.6977 2.92047
225.829 -13.8761 2.92278
225.818 -13.8079 2.92681
225.849 -13.8299 2.92424
225.812 -13.6995 2.91999
225.793 -13.7852 2.92319
225.703 -13.7273 2.92269
225.668 -13.8366 2.92115
225.797 -13.7886 2.92052
225.708 -13.8119 2.92038
225.83 -13.6442 2.9212
225.612 -13.8141 2.91823
225.857 -13.7229 2.92178
225.814 -13.6938 2.92181
225.744 -13.7986 2.92196
225.721 -13.7576 2.92185
225.779 -13.8307 2.92188
225.864 -13.769 2.91844
225.742 -13.7427 2.92203
225.726 -13.8735 2.92618
225.77 -13.7886 2.92484
225.687 -13.7788 2.92106
225.682 -13.8314 2.92093
225.681 -13.7973 2.9227
225.634 -13.8477 2.92006
225.85 -13.682 2.91916
225.709 -13.7695 2.92237
225.72 -13.7397 2.92162
225.945 -13.8398 2.92363
225.689 -13.8063 2.92353
225.703 -13.791 2.92099
225.713 -13.8272 2.91963
225.725 -13.8294 2.92105
225.714 -13.8038 2.92008
225.819 -13.7072 2.9187
225.845 -13.8247 2.9242
225.723 -13.9268 2.91972
225.741 -13.8238 2.91961
225.868 -13.6962 2.9212
225.816 -13.753 2.91996
225.719 -13.7865 2.92226
225.664 -13.8087 2.92201
225.742 -13.8121 2.92413
225.65 -13.7472 2.92481
225.69 -13.8002 2.91893
225.836 -13.7607 2.92132
225.78 -13.7451 2.92389
225.727 -13.8242 2.91774
225.577 -13.7698 2.9215
225.593 -13.7355 2.92158
225.762 -13.7976 2.92045
225.859 -13.6016 2.91811
225.726 -13.6635 2.91903
225.79 -13.8712 2.92316
225.765 -13.7372 2.9216
225.773 -13.7591 2.91902
225.774 -13.8051 2.92285
225.608 -13.8401 2.9196
225.798 -13.8182 2.92166
225.816 -13.832 2.92116
225.778 -13.725 2.92289
225.799 -13.7952 2.92229
225.717 -13.6241 2.91968
225.773 -13.863 2.92347
225.736 -13.7445 2.91862
225.798 -13.7467 2.9217
225.757 -13.7926 2.92087
225.754 -13.7292 2.91922
225.892 -13.8403 2.92372
225.866 -13.7769 2.92158
225.775 -13.8406 2.92394
225.875 -13.7309 2.92455
225.784 -13.6797 2.92333
225.713 -13.7725 2.91978
225.717 -13.8655 2.92505
225.734 -13.7541 2.92179
225.845 -13.6351 2.92015
225.831 -13.7205 2.92351
225.745 -13.7139 2.92556
225.677 -13.7522 2.92408
225.803 -13.8003 2.92159
225.716 -13.8074 2.92227
225.713 -13.8257 2.91996
225.767 -13.8398 2.91905
225.75 -13.7654 2.92255
225.763 -13.7767 2.91988
225.866 -13.7799 2.91949
225.857 -13.741 2.92324
225.613 -13.8295 2.92131
225.705 -13.8631 2.92323
225.729 -13.7507 2.92202
225.836 -13.7261 2.91942
225.918 -13.7507 2.92317
225.682 -13.8285 2.92199
225.722 -13.7565 2.92277
225.693 -13.6861 2.91954
225.746 -13.7793 2.92419
225.774 -13.7726 2.92529
225.802 -13.8626 2.92178
225.713 -13.8309 2.92166
225.828 -13.684 2.921
225.779 -13.7329 2.92186
225.722 -13.616 2.92218
225.606 -13.755 2.92141
225.711 -13.8191 2.91942
225.704 -13.825 2.92597
225.671 -13.8572 2.91965
225.827 -13.7431 2.92356
225.803 -13.8276 2.9228
225.745 -13.8154 2.92292
225.835 -13.8435 2.92391
225.772 -13.8634 2.92169
225.782 -13.8269 2.92265
225.77 -13.9307 2.92254
225.747 -13.7199 2.9208
225.699 -13.7185 2.92141
225.723 -13.6389 2.92045
225.871 -13.748 2.9216
225.845 -13.7078 2.92646
225.803 -13.8434 2.91881
225.744 -13.6126 2.91996
225.948 -13.8026 2.92531
225.766 -13.6847 2.91905
225.761 -13.7512 2.92219
225.666 -13.7907 2.91962
225.657 -13.8078 2.92068
225.707 -13.8325 2.92108
225.722 -13.7882 2.92309
225.889 -13.8344 2.92339
225.757 -13.7794 2.92259
225.747 -13.8179 2.92167
225.813 -13.8279 2.92224
225.916 -13.8538 2.92214
225.744 -13.7271 2.92512
225.872 -13.6932 2.92119
225.812 -13.8343 2.92043
225.773 -13.8894 2.91868
225.748 -13.7345 2.92228
225.8 -13.7843 2.92184
225.747 -13.7112 2.92192
225.794 -13.6968 2.92077
225.797 -13.8109 2.91789
225.894 -13.7408 2.91845
225.815 -13.7773 2.92201
225.756 -13.8063 2.91588
225.665 -13.8302 2.92198
225.833 -13.7593 2.92381
225.753 -13.7008 2.92112
225.768 -13.7333 2.92066
225.67 -13.8307 2.92176
225.74 -13.8161 2.91985
225.669 -13.8054 2.92166
225.697 -13.8019 2.92166
225.737 -13.7927 2.9177
225.731 -13.7557 2.91877
225.78 -13.7919 2.92079
225.799 -13.8627 2.92427
225.705 -13.7976 2.92335
225.941 -13.7271 2.91938
225.802 -13.8169 2.92482
225.728 -13.8006 2.92172
225.854 -13.761 2.92321
225.798 -13.7937 2.92188
225.745 -13.648 2.92274
225.674 -13.8138 2.92302
225.66 -13.7851 2.92482
225.828 -13.8063 2.91951
225.834 -13.8596 2.92349
225.777 -13.7969 2.92335
225.822 -13.7702 2.92108
225.798 -13.7736 2.92697
225.873 -13.791 2.92442
225.579 -13.7447 2.91865
225.786 -13.7952 2.9223
225.643 -13.8643 2.91989
225.664 -13.8177 2.92065
225.727 -13.7642 2.91954
225.704 -13.7327 2.92015
225.842 -13.7789 2.92061
225.681 -13.7634 2.91794
225.792 -13.8872 2.92267
225.611 -13.8158 2.92177
225.592 -13.8957 2.92098
225.627 -13.8742 2.92057
225.715 -13.7151 2.91695
225.642 -13.718 2.91992
225.685 -13.7193 2.91985
225.82 -13.6398 2.9232
225.772 -13.7677 2.91879
225.721 -13.6949 2.92062
225.754 -13.7778 2.91927
225.847 -13.7228 2.92064
225.644 -13.7557 2.92396
225.794 -13.8633 2.92443
225.861 -13.7763 2.92197
225.859 -13.7799 2.92326
225.725 -13.8262 2.9253
225.735 -13.6848 2.92212
225.774 -13.7636 2.92314
225.711 -13.8303 2.92204
225.725 -13.8472 2.92194
225.818 -13.7012 2.91845
225.818 -13.7391 2.92338
225.743 -13.7588 2.92124
225.803 -13.7979 2.91928
225.805 -13.752 2.92369
225.705 -13.7517 2.92312
225.827 -13.8522 2.92278
225.688 -13.6605 2.9216
225.868 -13.7069 2.92421
225.731 -13.8341 2.92096
225.774 -13.8408 2.92494
225.727 -13.845 2.92353
225.616 -13.7479 2.92416
225.773 -13.7924 2.91923
225.755 -13.7527 2.92337
225.69 -13.7898 2.92369
225.648 -13.7986 2.92057
225.76 -13.7592 2.92049
225.763 -13.8087 2.92187
225.681 -13.7631 2.92349
225.718 -13.806 2.92481
225.78 -13.7675 2.92219
225.649 -13.8268 2.92058
225.689 -13.6859 2.9224
225.727 -13.8694 2.92673
225.562 -13.7563 2.91901
225.764 -13.8353 2.92015
225.808 -13.8342 2.92037
225.741 -13.7674 2.92184
225.856 -13.8223 2.92198
225.893 -13.7765 2.92238
225.87 -13.7607 2.92114
225.785 -13.656 2.9225
225.716 -13.8514 2.91921
225.788 -13.7108 2.92724
225.798 -13.7628 2.92161
225.79 -13.7997 2.9193
225.751 -13.7767 2.91906
225.758 -13.7826 2.92338
225.632 -13.8675 2.91923
225.759 -13.692 2.92177
225.694 -13.8706 2.92695
225.832 -13.7909 2.92001
225.863 -13.8138 2.92339
225.829 -13.865 2.92015
225.764 -13.8196 2.92262
225.757 -13.8831 2.92322
225.796 -13.6417 2.92123
225.891 -13.8484 2.92128
225.792 -13.7235 2.92221
225.713 -13.8357 2.92256
225.809 -13.8771 2.92246
225.776 -13.7513 2.9242
225.713 -13.7795 2.92119
225.716 -13.7693 2.92021
227.377 -14.8648 2.90046
