14.0177 -91.197 3.59061
14.0919 -91.0344 3.59342
14.1563 -91.1699 3.59339
14.183 -91.1252 3.59509
14.1376 -91.2195 3.58999
14.0548 -91.2479 3.59091
14.0669 -91.2869 3.59061
14.0639 -91.1986 3.58983
14.0594 -91.1758 3.58745
14.0915 -91.2298 3.58811
14.1482 -91.1566 3.5946
14.1582 -91.1605 3.59441
14.0787 -91.2365 3.59057
14.0829 -91.2661 3.5894
14.1026 -91.2843 3.59643
14.1986 -91.1828 3.59468
14.1591 -91.1632 3.59353
14.0773 -91.2149 3.59004
14.1352 -91.2706 3.59283
14.2156 -91.3798 3.59277
13.9597 -91.3096 3.59371
14.0954 -91.3822 3.59317
14.1316 -91.2755 3.59101
14.2122 -91.232 3.59446
14.1181 -91.2023 3.59064
14.0897 -91.2978 3.59109
14.0649 -91.1809 3.58982
14.0841 -91.3016 3.59266
14.1834 -91.232 3.59152
14.2387 -91.1685 3.5936
14.1637 -91.3572 3.59504
14.1912 -91.2372 3.59481
14.0763 -91.1668 3.58822
14.0895 -91.2329 3.59354
14.1362 -91.2696 3.59167
14.0695 -91.3166 3.58941
14.0759 -91.3046 3.59116
14.1816 -91.0453 3.59077
14.1246 -91.3183 3.59311
14.1957 -91.1984 3.59324
14.2446 -91.1656 3.59435
14.1538 -91.1976 3.59476
14.1737 -91.2281 3.59376
14.0507 -91.3004 3.59313
14.0237 -91.1642 3.59327
14.1395 -91.3019 3.59567
14.0657 -91.198 3.59288
14.0446 -91.192 3.59174
14.1567 -91.0998 3.59125
14.0506 -91.2018 3.58942
14.1247 -91.2161 3.59794
14.1704 -91.1797 3.5972
14.2217 -91.3194 3.59434
14.2257 -91.2276 3.59181
14.2153 -91.1395 3.59393
14.1558 -91.194 3.5956
14.2353 -91.1814 3.59467
14.0962 -91.2136 3.59144
14.0765 -91.2294 3.59132
14.1373 -91.2219 3.59458
14.1255 -91.2324 3.5947
14.1283 -91.1253 3.59399
14.0613 -91.2523 3.5913
14.1397 -91.2412 3.59302
14.1355 -91.1924 3.59285
14.0723 -91.1286 3.59394
14.0866 -91.3109 3.5903
14.2248 -91.3044 3.59929
14.2166 -91.2663 3.59636
14.0657 -91.3075 3.59035
14.0179 -91.2037 3.5921
14.0333 -91.4225 3.59299
14.2011 -91.2055 3.59439
14.1403 -91.3408 3.59008
14.0763 -91.2186 3.58816
14.1502 -91.328 3.58989
14.144 -91.3096 3.59105
14.0508 -91.1391 3.58765
14.0676 -91.1753 3.5922
14.2394 -91.181 3.59212
14.2167 -91.2032 3.59438
14.0124 -91.1905 3.59089
14.1092 -91.2244 3.59236
14.2019 -91.1824 3.59178
14.0465 -91.2876 3.58924
14.1267 -91.2117 3.59325
14.1453 -91.2554 3.59532
14.1115 -91.2085 3.59616
14.1053 -91.2362 3.58993
14.1199 -91.1809 3.59387
14.1576 -91.0891 3.59094
14.2412 -91.1421 3.59272
14.271 -91.22 3.59394
14.0181 -91.2347 3.59312
14.0913 -91.2714 3.5905
14.2038 -91.2478 3.595
14.1019 -91.2298 3.5977
14.0302 -91.2611 3.5924
14.03 -91.3263 3.59269
14.2197 -91.231 3.59328
14.1017 -91.2603 3.59126
14.1262 -91.1206 3.59211
14.2299 -91.3054 3.59762
14.0101 -91.2595 3.59528
14.0587 -91.3643 3.5953
14.1006 -91.2271 3.58943
14.1128 -91.2762 3.59228
14.1076 -91.1994 3.58741
14.1444 -91.2804 3.59551
14.0698 -91.2844 3.58918
14.09 -91.2403 3.58703
14.1652 -91.2552 3.59222
14.012 -91.1213 3.5943
14.1072 -91.0557 3.59642
14.1087 -91.2312 3.59179
14.0585 -91.1457 3.59182
14.1893 -91.1982 3.59002
14.2201 -91.2244 3.59082
13.9562 -91.2812 3.59115
14.2015 -91.2125 3.59744
14.0225 -91.3422 3.59088
14.2546 -91.2694 3.59729
14.2153 -91.2376 3.59466
14.0953 -91.2712 3.59664
13.9569 -91.3207 3.59409
14.1776 -91.1936 3.5921
14.1338 -91.1812 3.58832
14.1305 -91.1433 3.58896
14.0534 -91.2926 3.60038
14.1767 -91.245 3.5912
14.0347 -91.1051 3.58916
14.0034 -91.3019 3.5915
14.101 -91.2361 3.59182
14.2324 -91.1582 3.59429
14.1686 -91.1836 3.59234
14.1394 -91.2946 3.58865
14.1816 -91.2341 3.59566
14.1946 -91.1819 3.59414
14.1499 -91.2685 3.59294
14.08 -91.2272 3.5887
14.0109 -91.1421 3.59295
14.2193 -91.2327 3.59345
14.1078 -91.316 3.59089
14.0627 -91.1338 3.58858
14.2224 -91.0232 3.59097
14.2857 -91.1637 3.5949
14.0865 -91.2217 3.59518
14.1792 -91.1847 3.5922
14.2093 -91.209 3.59419
14.0433 -91.1215 3.59492
14.0997 -91.1578 3.59437
13.9825 -91.2834 3.59156
14.0978 -91.1905 3.59432
14.1664 -91.2704 3.59155
14.1402 -91.1273 3.5912
14.1556 -91.145 3.58944
14.1456 -91.1909 3.59277
14.0527 -91.3068 3.59374
14.1057 -91.2056 3.60108
14.1014 -91.2821 3.59357
14.151 -91.2981 3.59762
14.108 -91.1435 3.5925
14.1984 -91.2355 3.59166
14.0829 -91.1543 3.59384
14.0475 -91.3073 3.59349
14.0913 -91.274 3.58943
14.1449 -91.2338 3.58948
13.9988 -91.3819 3.59309
14.0926 -91.2516 3.59821
13.9893 -91.2584 3.59066
14.2082 -91.2926 3.59016
14.0675 -91.2072 3.58973
14.0688 -91.2512 3.59327
14.1589 -91.3402 3.58958
14.0473 -91.1959 3.59126
14.1929 -91.2258 3.59295
14.0909 -91.1943 3.58978
14.0301 -91.2142 3.5913
14.091 -91.1682 3.58973
14.1935 -91.2602 3.59198
14.0805 -91.1943 3.589
14.1324 -91.2111 3.59406
14.1952 -91.1883 3.59436
14.143 -91.2734 3.5942
14.1735 -91.3335 3.5962
14.0922 -91.2635 3.58905
14.1445 -91.1965 3.59364
14.1768 -91.1502 3.59722
14.2853 -91.2505 3.59424
14.045 -91.1825 3.59064
14.0346 -91.1323 3.59664
14.1545 -91.0969 3.58838
14.1545 -91.2969 3.59227
14.2815 -91.1664 3.59429
14.1915 -91.2565 3.59444
14.207 -91.1944 3.59484
14.1127 -91.2389 3.59639
14.1409 -91.153 3.59336
14.3011 -91.3007 3.59369
14.0367 -91.1774 3.59067
14.0799 -91.2493 3.59057
14.1049 -91.2588 3.59306
14.106 -91.1206 3.59266
14.0924 -91.3936 3.59581
14.1204 -91.1956 3.58919
14.1395 -91.3455 3.59114
14.078 -91.3112 3.59002
14.1204 -91.4262 3.59125
13.9328 -91.3662 3.59213
14.0245 -91.2832 3.58918
14.1822 -91.2385 3.59307
14.042 -91.2121 3.59085
14.2231 -91.2592 3.59228
14.0831 -91.2231 3.59329
14.0678 -91.2061 3.59337
14.0786 -91.2415 3.5976
14.1186 -91.2815 3.59294
14.0887 -91.2043 3.5945
14.1834 -91.1241 3.59398
14.1311 -91.1586 3.59301
14.0918 -91.297 3.59101
14.1137 -91.2471 3.59155
14.1445 -91.1035 3.58981
14.0163 -91.1653 3.58801
14.1659 -91.2057 3.59383
14.1262 -91.1336 3.59443
14.2501 -91.1919 3.59239
14.267 -91.218 3.59489
14.1396 -91.2498 3.59559
14.0791 -91.211 3.58804
14.0685 -91.3341 3.58985
14.204 -91.1639 3.5947
13.9519 -91.2401 3.59222
14.1743 -91.2698 3.59895
14.0149 -91.3177 3.58683
14.1014 -91.2006 3.59331
14.1493 -91.3222 3.59256
14.2499 -91.1704 3.59255
14.2567 -91.1606 3.59345
13.9866 -91.1845 3.59466
13.991 -91.1433 3.59245
14.0504 -91.2127 3.59028
14.0782 -91.2254 3.59571
14.1102 -91.2859 3.59204
14.1058 -91.3051 3.5884
14.2679 -91.2467 3.59223
14.0954 -91.1585 3.59083
14.1468 -91.223 3.59239
14.2171 -91.2749 3.59736
14.1546 -91.3182 3.59906
14.0817 -91.2122 3.59161
14.1967 -91.2459 3.59467
14.1521 -91.0667 3.59365
14.2058 -91.3542 3.59393
14.1284 -91.1891 3.59217
14.1801 -91.2429 3.59742
14.155 -91.1981 3.59311
14.1366 -91.1868 3.59187
14.2338 -91.1851 3.59309
14.0017 -91.2841 3.58723
14.0059 -91.2499 3.59015
14.0783 -91.2795 3.58944
14.0346 -91.1936 3.58816
14.0354 -91.3477 3.59138
14.0868 -91.296 3.5911
14.0951 -91.159 3.58995
14.2312 -91.244 3.59171
14.1048 -91.0957 3.59713
14.1165 -91.0737 3.59372
14.1364 -91.2324 3.59487
14.169 -91.1917 3.59376
14.0957 -91.2793 3.5904
14.1714 -91.304 3.59343
14.1165 -91.135 3.59293
14.1428 -91.1332 3.59548
14.0624 -91.3076 3.59604
14.1051 -91.1442 3.5966
14.0817 -91.2735 3.58925
14.1867 -91.2972 3.59062
14.0933 -91.3152 3.58762
14.1641 -91.2145 3.59452
14.1696 -91.2595 3.59313
14.0073 -91.2343 3.59161
14.113 -91.2119 3.59317
14.1306 -91.2056 3.59153
14.1689 -91.1518 3.59812
14.2326 -91.2346 3.59288
14.0923 -91.2772 3.59031
14.1213 -91.0673 3.59033
14.2621 -91.1578 3.59353
14.1758 -91.1949 3.59361
14.1634 -91.2073 3.59297
14.0798 -91.2946 3.59153
14.1488 -91.2557 3.59064
14.1058 -91.1483 3.59185
14.1543 -91.1963 3.5933
13.9851 -91.1932 3.59329
14.2457 -91.3417 3.59601
14.0814 -91.2252 3.59098
14.1622 -91.0429 3.59565
14.0352 -91.3227 3.59366
14.0663 -91.3238 3.59393
14.1609 -91.1617 3.59258
14.152 -91.3924 3.59224
14.1195 -91.2586 3.59797
14.1642 -91.433 3.59059
13.8589 -91.2883 3.58648
14.1844 -91.3072 3.59253
14.027 -91.2108 3.59542
14.1618 -91.2659 3.59431
14.0004 -91.2769 3.59066
14.0718 -91.1222 3.59105
14.0581 -91.3315 3.59348
14.0029 -91.2017 3.59262
14.1396 -91.2751 3.59519
13.992 -91.2262 3.59193
14.0446 -91.381 3.59266
14.1298 -91.2348 3.59597
14.2338 -91.2837 3.59337
14.1539 -91.2742 3.59368
14.0786 -91.2118 3.5922
14.2191 -91.4603 3.59164
14.1077 -91.1092 3.59026
14.23 -91.2915 3.59179
14.1854 -91.1554 3.59283
14.1309 -91.2641 3.59298
14.222 -91.2486 3.59499
14.1645 -91.1722 3.59253
14.0943 -91.2628 3.59494
14.093 -91.2189 3.59535
14.1726 -91.1833 3.59438
14.1552 -91.2812 3.58835
14.0508 -91.1381 3.59388
14.0753 -91.2507 3.59576
14.1931 -91.0695 3.59129
14.1583 -91.0325 3.58862
14.0889 -91.25 3.58702
14.2412 -91.1787 3.59467
14.217 -91.1692 3.59362
14.0639 -91.1552 3.59661
14.1068 -91.1416 3.59448
14.0966 -91.2569 3.59082
14.108 -91.1393 3.59457
14.0523 -91.1854 3.59087
14.0697 -91.1627 3.59399
14.0469 -91.2492 3.58962
14.1545 -91.1751 3.58993
14.1101 -91.2131 3.59224
14.127 -91.225 3.59164
14.1166 -91.3502 3.59052
14.1421 -91.2004 3.59227
14.0353 -91.3019 3.59025
14.0148 -91.2935 3.59022
14.2093 -91.1926 3.59322
14.0921 -91.2206 3.58991
14.0135 -91.3026 3.58656
14.1067 -91.3255 3.59105
14.1634 -91.1619 3.59258
14.081 -91.2406 3.58894
14.1993 -91.144 3.59577
13.9612 -91.2272 3.58758
14.1213 -91.1447 3.59529
14.0883 -91.1357 3.59373
14.2356 -91.1765 3.5894
14.1561 -91.2016 3.59421
14.049 -91.2144 3.59158
14.1156 -91.1587 3.59341
14.2309 -91.2556 3.59152
14.0343 -91.2445 3.59528
14.2958 -91.2832 3.5959
14.0913 -91.3661 3.59461
14.0965 -91.2015 3.59382
14.0985 -91.1155 3.58912
14.1542 -91.1824 3.59011
14.0624 -91.1055 3.58826
14.1074 -91.2133 3.5929
14.0998 -91.1883 3.594
14.2517 -91.2631 3.59276
14.315 -91.1784 3.59253
14.1737 -91.175 3.59629
14.1089 -91.1992 3.59408
14.1648 -91.2251 3.58877
14.1526 -91.2584 3.59256
14.2503 -91.1914 3.59371
14.0911 -91.201 3.59796
14.1756 -91.0944 3.5889
14.1501 -91.019 3.59007
14.1416 -91.2025 3.5886
14.2545 -91.1626 3.59568
14.1155 -91.2142 3.59298
14.0049 -91.242 3.58959
14.1635 -91.2204 3.59414
14.1904 -91.1616 3.59225
14.1101 -91.1969 3.59277
14.1196 -91.2219 3.5913
14.1388 -91.2015 3.59435
14.1218 -91.3048 3.59432
14.1522 -91.1831 3.59301
14.14 -91.2205 3.59068
14.0142 -91.2944 3.59228
14.1818 -91.1517 3.59218
14.0488 -91.2061 3.59413
14.0519 -91.2577 3.58898
14.1749 -91.361 3.5923
14.1808 -91.2158 3.59359
14.1532 -91.1866 3.59503
14.1886 -91.2858 3.59702
14.1163 -91.2371 3.59173
13.9577 -91.3369 3.5912
14.0021 -91.3274 3.58974
14.0889 -91.183 3.59637
14.0321 -91.2425 3.58952
14.2752 -91.2844 3.59765
14.1032 -91.2422 3.59305
14.1917 -91.2889 3.59263
14.0823 -91.0836 3.59664
14.0643 -91.0993 3.59382
14.169 -91.1947 3.59112
14.2641 -91.3896 3.5949
14.116 -91.2328 3.59067
14.0348 -91.1928 3.5874
14.2787 -91.3261 3.59266
14.0743 -91.2272 3.59124
14.0292 -91.234 3.59041
13.8715 -91.1894 3.58914
14.2673 -91.2944 3.59224
14.0484 -91.1979 3.59276
14.1084 -91.1749 3.59387
14.2594 -91.1892 3.59327
14.0851 -91.2091 3.59317
14.1066 -91.2613 3.59035
14.2122 -91.1713 3.59358
14.0874 -91.2159 3.58902
14.2869 -91.198 3.59308
14.0555 -91.2574 3.58906
14.0922 -91.2577 3.59504
14.1005 -91.1947 3.58915
14.1581 -91.1167 3.59491
14.1603 -91.0536 3.58981
14.2695 -91.1605 3.59349
14.2262 -91.1809 3.59608
14.114 -91.2173 3.59457
14.0752 -91.2927 3.5929
14.1145 -91.1821 3.5914
14.1793 -91.1647 3.59284
14.0998 -91.1383 3.59209
14.1139 -91.2753 3.59135
14.0917 -91.2681 3.59062
14.2161 -91.2337 3.59353
14.1476 -91.2426 3.59516
14.1575 -91.2115 3.59575
14.0912 -91.2133 3.59219
14.1153 -91.1167 3.59242
14.115 -91.1435 3.59333
14.0744 -91.1914 3.59011
14.2145 -91.1884 3.59431
14.0484 -91.1697 3.59037
14.0878 -91.1815 3.58927
14.0843 -91.2493 3.59061
14.1173 -91.1282 3.59306
14.1107 -91.2698 3.58744
14.1534 -91.3321 3.59463
14.2256 -91.3778 3.59161
14.1427 -91.1097 3.59439
14.2031 -91.2451 3.59127
14.002 -91.1442 3.59263
14.1732 -91.3926 3.59293
14.1438 -91.1232 3.59436
14.1312 -91.1776 3.59211
14.0255 -91.2791 3.5917
14.0669 -91.2117 3.59364
14.0915 -91.1475 3.58914
14.1117 -91.1413 3.5886
14.0601 -91.1711 3.59078
14.1279 -91.2041 3.59332
14.0863 -91.2954 3.59317
14.0967 -91.2852 3.58774
14.2838 -91.2566 3.59419
14.1454 -91.2393 3.59172
14.1109 -91.2122 3.58777
14.1249 -91.2429 3.58905
14.0532 -91.27 3.59279
14.0827 -91.3511 3.59217
14.0666 -91.2833 3.58894
14.089 -91.2654 3.60017
14.1602 -91.0252 3.58925
14.1455 -91.334 3.59256
14.251 -91.2346 3.59568
14.1477 -91.2217 3.59383
14.0477 -91.1807 3.59148
14.164 -91.2778 3.59441
14.106 -91.3152 3.59552
14.1123 -91.1844 3.58986
14.0906 -91.3377 3.597
14.1416 -91.1172 3.59076
14.1592 -91.2197 3.59219
14.0191 -91.1651 3.5967
14.1033 -91.0751 3.59387
14.0814 -91.2464 3.59231
14.8618 -93.9467 3.58803
