83.4332 -35.1369 3.62335
83.4985 -35.1071 3.62855
83.5036 -35.1391 3.62871
83.4979 -35.1588 3.62404
83.5233 -35.1437 3.62621
83.4267 -35.0559 3.62537
83.5255 -35.1299 3.62847
83.3557 -35.2726 3.62386
83.4391 -35.1484 3.62485
83.5019 -35.1568 3.62504
83.4932 -35.1484 3.62532
83.4606 -35.1394 3.62224
83.4463 -35.207 3.62401
83.51 -35.1482 3.6197
83.5887 -35.0667 3.62602
83.5659 -35.0092 3.62745
83.503 -35.2125 3.6248
83.423 -35.234 3.62425
83.4998 -35.1659 3.62161
83.5012 -35.1616 3.62748
83.5581 -35.2428 3.6287
83.4629 -35.0739 3.6315
83.4699 -35.117 3.62583
83.5203 -35.1904 3.62538
83.442 -34.9638 3.62654
83.3814 -35.01 3.62584
83.5527 -35.2018 3.62304
83.5375 -35.1726 3.62789
83.6499 -35.1433 3.62614
83.5303 -35.0807 3.62552
83.5153 -35.0709 3.6247
83.4765 -35.0644 3.62683
83.4952 -35.2356 3.62593
83.4747 -35.1859 3.62794
83.466 -35.0723 3.62421
83.5007 -35.077 3.62621
83.4679 -35.1718 3.62713
83.4737 -35.1544 3.62767
83.5196 -35.1875 3.62708
83.4681 -35.2058 3.62456
83.5251 -35.0681 3.62188
83.4799 -34.9958 3.62304
83.4798 -35.03 3.6235
83.3867 -35.0978 3.62418
83.528 -35.1587 3.62655
83.4417 -35.0823 3.6229
83.4515 -35.092 3.62364
83.5948 -35.0789 3.62419
83.6478 -35.1424 3.62312
83.535 -35.0269 3.62423
83.6203 -35.2996 3.6237
83.5534 -35.2235 3.62141
83.473 -35.2117 3.62432
83.539 -34.9955 3.62464
83.5187 -35.2005 3.62922
83.4642 -35.0982 3.62512
83.456 -35.0795 3.62628
83.4129 -35.0855 3.62583
83.3791 -35.1176 3.62559
83.5739 -35.1876 3.62069
83.4081 -35.2057 3.6255
83.3738 -35.2178 3.62728
83.5212 -35.1568 3.62735
83.5289 -35.1909 3.62373
83.4844 -35.1347 3.62449
83.5202 -35.1383 3.62044
83.5551 -35.2068 3.62573
83.4398 -35.0911 3.62709
83.444 -35.1146 3.62629
83.4595 -35.1356 3.6263
83.574 -35.0169 3.62528
83.4352 -35.1428 3.62279
83.5689 -35.1586 3.62521
83.4688 -35.1603 3.62755
83.5544 -35.0368 3.62734
83.5332 -35.0583 3.62907
83.4523 -35.1216 3.62364
83.4252 -35.204 3.62325
83.494 -35.1019 3.62549
83.5703 -35.1824 3.62486
83.4495 -35.204 3.62375
83.5848 -35.234 3.62247
83.5255 -35.2358 3.62501
83.5311 -35.1572 3.62464
83.4827 -35.1823 3.62702
83.5508 -35.0595 3.62513
83.5575 -35.1442 3.62438
83.4832 -35.161 3.62382
83.4093 -35.1207 3.62515
83.5021 -35.1022 3.6279
83.4605 -35.124 3.62535
83.4225 -35.13 3.62331
83.4931 -35.082 3.6265
83.4697 -35.0296 3.62671
83.4742 -35.1552 3.62664
83.5759 -34.966 3.626
83.4034 -35.0885 3.62624
83.5678 -35.1726 3.6289
83.5934 -35.1224 3.62266
83.545 -34.9934 3.62478
83.5525 -35.1314 3.62377
83.5004 -35.04 3.6232
83.5466 -35.0721 3.62484
83.5079 -35.0705 3.62686
83.4856 -35.1091 3.62507
83.48 -35.0404 3.62587
83.4624 -35.1079 3.62292
83.4562 -35.1962 3.62753
83.4942 -35.1986 3.62844
83.518 -35.1154 3.62677
83.5145 -35.1826 3.62442
83.4788 -35.1667 3.62403
83.4532 -35.1488 3.62346
83.5209 -35.0965 3.62747
83.5312 -35.0986 3.6273
83.396 -35.1342 3.6248
83.4979 -35.1672 3.62561
83.5764 -35.2041 3.62407
83.4867 -35.132 3.62579
83.529 -35.0871 3.62511
83.5038 -35.1235 3.62846
83.506 -35.1606 3.62815
83.5283 -35.1383 3.62716
83.62 -35.0819 3.6282
83.3806 -35.1041 3.62473
83.4812 -35.0964 3.62425
83.4629 -35.13 3.62113
83.4126 -35.1202 3.62392
83.4373 -35.1216 3.62365
83.5975 -35.1541 3.62773
83.4399 -35.2357 3.62659
83.4617 -35.0797 3.62755
83.5063 -35.0739 3.62611
83.4924 -35.1913 3.62133
83.4387 -35.1309 3.62687
83.5322 -35.2555 3.62321
83.4096 -35.1316 3.62345
83.5105 -35.2061 3.62541
83.5244 -35.1077 3.62222
83.5223 -35.2115 3.6254
83.4576 -35.0918 3.62444
83.3977 -35.1511 3.62349
83.5912 -35.1987 3.62487
83.4746 -35.1601 3.62568
83.5025 -35.0264 3.62552
83.4799 -35.0284 3.62321
83.4521 -35.0982 3.62435
83.5118 -35.0915 3.62653
83.4282 -35.1285 3.62522
83.4259 -35.1206 3.62723
83.3579 -35.1379 3.62597
83.4598 -35.1887 3.6245
83.5297 -35.0609 3.62702
83.5265 -35.1319 3.62412
83.5171 -35.0936 3.62397
83.422 -35.2682 3.62524
83.4477 -35.2054 3.62437
83.4826 -35.0178 3.6257
83.5246 -35.2169 3.62469
83.4115 -35.1949 3.62525
83.398 -35.1459 3.62664
83.5099 -35.156 3.62708
83.4846 -35.1597 3.62539
83.4152 -35.1012 3.6232
83.4492 -35.1591 3.62466
83.4377 -35.1994 3.62536
83.4842 -35.1498 3.62206
83.5033 -35.1813 3.62647
83.4398 -35.3079 3.62344
83.4819 -35.0452 3.62679
83.4865 -35.1338 3.62582
83.4474 -35.1527 3.62447
83.4422 -35.197 3.62655
83.5022 -35.1197 3.62483
83.3874 -35.1062 3.62423
83.3678 -35.0372 3.62577
83.454 -35.1233 3.6251
83.5023 -35.1098 3.62552
83.3207 -35.0967 3.62366
83.5656 -35.1042 3.62894
83.5398 -35.1317 3.62393
83.5104 -35.0924 3.62775
83.452 -35.1485 3.62219
83.5105 -35.1103 3.62454
83.6252 -35.1394 3.62532
83.4716 -35.1038 3.62474
83.4997 -35.1875 3.62441
83.4297 -35.024 3.62497
83.6052 -35.1795 3.62752
83.5367 -35.1413 3.6266
83.501 -35.1698 3.62977
83.5257 -35.0563 3.62707
83.4869 -35.1286 3.62467
83.5193 -35.1882 3.62377
83.517 -35.1625 3.62639
83.5242 -35.138 3.62471
83.5914 -35.1496 3.62266
83.4813 -35.126 3.62398
83.4828 -34.9702 3.62409
83.5999 -35.0281 3.6255
83.3932 -35.2469 3.62432
83.41 -35.244 3.62345
83.478 -35.2154 3.62667
83.458 -35.2135 3.62282
83.4902 -35.0908 3.62444
83.4858 -35.0507 3.62488
83.426 -35.0856 3.62742
83.4287 -35.222 3.62339
83.5344 -35.1469 3.62735
83.3955 -35.179 3.62383
83.4468 -35.1489 3.62589
83.4973 -35.1031 3.62683
83.4917 -35.1466 3.62537
83.4776 -35.1288 3.62209
83.4286 -35.1371 3.62474
83.5435 -35.1706 3.62525
83.4428 -35.1801 3.62733
83.5264 -35.0728 3.62464
83.5685 -35.0504 3.6254
83.5118 -35.1165 3.62544
83.5082 -35.1884 3.62313
83.4794 -35.0265 3.62468
83.4595 -35.1156 3.62623
83.4872 -35.1965 3.62302
83.5232 -35.1273 3.62692
83.529 -35.1925 3.6276
83.4967 -35.1256 3.62639
83.4589 -35.1729 3.62586
83.4675 -35.166 3.6242
83.4633 -34.9896 3.62607
83.6439 -35.106 3.62578
83.4138 -35.1275 3.62616
83.5559 -35.2071 3.62406
83.6302 -35.0965 3.62588
83.5254 -34.9927 3.62409
83.3395 -35.1646 3.62617
83.5152 -35.1579 3.62651
83.4667 -35.1352 3.62387
83.4729 -35.1698 3.62647
83.3593 -35.0977 3.62323
83.4374 -35.1128 3.6269
83.4684 -35.136 3.62894
83.4801 -35.1357 3.62607
83.4668 -35.127 3.62184
83.4499 -35.0784 3.6238
83.6146 -35.1353 3.62563
83.4841 -35.0538 3.62591
83.5694 -35.2144 3.62351
83.3796 -35.0781 3.62513
83.4634 -35.203 3.62346
83.3719 -35.2686 3.62538
83.484 -35.0397 3.62513
83.5759 -35.199 3.62087
83.5338 -35.1525 3.62622
83.5009 -35.1708 3.62603
83.5571 -35.1868 3.62487
83.4229 -35.1927 3.62498
83.453 -35.1911 3.62638
83.4443 -35.0706 3.62478
83.4562 -35.1364 3.62409
83.5032 -35.1275 3.62678
83.5182 -35.1684 3.62511
83.361 -35.1805 3.6253
83.5258 -35.127 3.62654
83.5196 -35.14 3.62391
83.5198 -35.1215 3.62247
83.5163 -35.1609 3.62583
83.4074 -35.1368 3.62558
83.4233 -35.1326 3.62641
83.5718 -35.0329 3.62734
83.4512 -35.1721 3.62645
83.5449 -35.2085 3.62292
83.5167 -35.13 3.62473
83.4977 -35.1202 3.62828
83.5411 -35.0492 3.62865
83.596 -35.1184 3.62409
83.5044 -35.1271 3.62552
83.4627 -34.988 3.62617
83.4733 -35.0953 3.62603
83.5321 -35.2318 3.62498
83.4775 -35.2373 3.62339
83.5375 -35.2201 3.62471
83.3072 -35.0801 3.62128
83.3848 -35.2409 3.62746
83.6217 -35.1162 3.6247
83.4706 -35.1441 3.6222
83.482 -35.0869 3.62487
83.5195 -35.2046 3.62935
83.4779 -34.9967 3.62803
83.5138 -35.0376 3.62453
83.3925 -35.1284 3.62775
83.3816 -35.0479 3.62701
83.5913 -35.0287 3.62531
83.4893 -35.0974 3.62845
83.4508 -35.1084 3.62725
83.4232 -35.1675 3.62552
83.4794 -35.0467 3.62467
83.4919 -35.074 3.6237
83.5774 -35.157 3.6257
83.4612 -35.0824 3.6242
83.5752 -35.0112 3.62654
83.4762 -35.2421 3.6247
83.616 -35.0007 3.62453
83.4996 -34.9989 3.62427
83.5332 -35.2356 3.62085
83.4894 -35.2363 3.62501
83.5698 -35.3047 3.6252
83.6481 -35.1972 3.62141
83.4864 -35.2126 3.62378
83.4777 -35.2101 3.62427
83.4961 -35.1724 3.621
83.4231 -35.1347 3.62158
83.5268 -35.074 3.62602
83.5038 -35.094 3.62576
83.5678 -35.0781 3.62725
83.3669 -35.13 3.62407
83.5159 -35.0768 3.62795
83.4973 -35.107 3.62594
83.5257 -35.1005 3.62307
83.5159 -35.1321 3.62314
83.5683 -35.1223 3.62202
83.504 -35.1172 3.62521
83.6307 -35.1582 3.62415
83.5614 -35.1099 3.6261
83.528 -35.0697 3.62596
83.4429 -35.1653 3.62304
83.4834 -35.1026 3.62381
83.5183 -35.1894 3.62478
83.4319 -35.1433 3.62347
83.5743 -35.0282 3.62439
83.5882 -35.0408 3.62734
83.4977 -35.1533 3.62476
83.5073 -35.143 3.62502
83.5473 -35.1839 3.62178
83.5299 -35.0246 3.62395
83.4659 -35.1384 3.62799
83.5095 -35.0625 3.62456
83.4116 -35.1725 3.62295
83.563 -35.1712 3.62293
83.507 -35.1171 3.62349
83.5419 -35.2355 3.62507
83.5139 -35.0776 3.62251
83.4449 -35.1406 3.62117
83.4755 -35.2274 3.62423
83.4981 -35.1549 3.62214
83.5413 -35.0646 3.62686
83.4647 -35.0947 3.62622
83.4329 -35.0312 3.62686
83.3941 -35.1852 3.62776
83.3742 -35.1455 3.62686
83.4517 -35.1385 3.62599
83.5486 -35.1024 3.62393
83.5143 -35.1417 3.62431
83.5935 -35.1292 3.62566
83.4935 -35.1842 3.62286
83.4439 -35.3418 3.62486
83.4482 -35.1501 3.6272
83.4906 -35.1372 3.62483
83.6042 -35.2194 3.6227
83.531 -35.1234 3.62423
83.5831 -35.1337 3.62391
83.4754 -35.1589 3.62692
83.4979 -35.166 3.6262
83.4792 -35.1625 3.62127
83.4973 -35.1649 3.62405
83.4748 -35.2124 3.62608
83.5438 -35.1352 3.62596
83.5285 -35.1733 3.62228
83.5092 -35.2153 3.62288
83.4294 -35.1674 3.62346
83.6036 -35.1649 3.62392
83.5834 -34.9757 3.62539
83.4613 -35.1642 3.62671
83.4383 -35.1495 3.62504
83.4312 -35.0142 3.62646
83.4444 -35.0995 3.62669
83.3472 -35.1833 3.62527
83.3816 -35.1571 3.62228
83.5434 -35.1253 3.62904
83.4945 -35.1702 3.62271
83.4891 -35.1426 3.62799
83.5091 -35.0745 3.62507
83.4544 -35.1911 3.62306
83.5352 -35.1051 3.62602
83.4238 -35.1563 3.62514
83.4939 -35.1251 3.62607
83.5158 -35.1954 3.62406
83.5253 -35.1568 3.62389
83.573 -35.1331 3.62621
83.5076 -35.2093 3.62277
83.418 -35.1752 3.62662
83.4914 -34.9875 3.62825
83.5907 -34.976 3.62646
83.4953 -35.1675 3.6226
83.5534 -35.289 3.62612
83.6007 -35.0713 3.6272
83.6197 -35.0505 3.62716
83.5779 -35.097 3.62734
83.5163 -35.1109 3.6244
83.5271 -35.119 3.62912
83.4844 -35.0716 3.62244
83.4823 -35.1106 3.62478
83.5037 -35.0589 3.62381
83.6268 -35.0521 3.62411
83.5063 -34.9923 3.62738
83.5613 -35.0369 3.62648
83.4656 -35.1507 3.62446
83.4271 -35.0506 3.62519
83.4908 -35.0631 3.62639
83.5365 -35.1186 3.62605
83.3858 -35.1861 3.62434
83.5411 -35.1407 3.62757
83.6038 -35.1628 3.62424
83.4839 -35.1739 3.62461
83.4874 -35.0799 3.62442
83.4216 -35.1054 3.61993
83.4873 -35.1 3.62245
83.4455 -35.1739 3.62634
83.4332 -35.0972 3.62436
83.426 -35.1485 3.62649
83.489 -35.137 3.62406
83.5313 -35.1376 3.62421
83.5409 -35.0993 3.62528
83.515 -35.0501 3.62641
83.5043 -35.1052 3.62614
83.5275 -35.1785 3.62436
83.5245 -35.1663 3.6265
83.5114 -34.9964 3.62628
83.4934 -35.0913 3.62638
83.4714 -35.0752 3.62572
83.4763 -35.1769 3.62256
83.4848 -35.1081 3.62554
83.5496 -35.1434 3.62802
83.4501 -35.1544 3.62805
83.4305 -35.2288 3.62493
83.4714 -35.1308 3.62291
83.4945 -35.1218 3.62336
83.3934 -35.0273 3.62489
83.3898 -35.0654 3.62605
83.4791 -35.1665 3.62732
83.4744 -35.0132 3.62615
83.4843 -35.1013 3.62412
83.437 -35.0896 3.6251
83.564 -35.1556 3.62445
83.4504 -35.0986 3.62467
83.447 -35.0659 3.62565
83.4117 -35.0639 3.62708
83.3688 -35.1155 3.62623
83.4216 -35.152 3.62637
83.4347 -35.1608 3.62604
83.4375 -35.1715 3.62483
83.422 -35.0684 3.62312
83.4111 -34.9759 3.62552
83.3487 -35.0932 3.62533
83.6192 -35.1702 3.62138
83.5641 -35.1594 3.62484
83.4529 -35.0831 3.62687
83.4627 -35.1913 3.6259
83.5186 -35.0695 3.62574
83.497 -35.0433 3.62508
83.3887 -35.0494 3.62806
83.3993 -35.2422 3.6234
83.5566 -34.972 3.62703
83.431 -35.0869 3.62336
83.4602 -35.0598 3.62619
83.4731 -35.1581 3.62446
83.4966 -35.0556 3.6257
83.4156 -35.1269 3.62401
83.605 -35.1659 3.62503
83.4149 -35.2831 3.62361
83.4374 -35.2671 3.62473
83.4747 -35.0695 3.62547
83.485 -35.127 3.62732
83.5067 -35.0394 3.62735
83.5199 -35.114 3.62423
83.4654 -35.1211 3.62667
83.3346 -35.2373 3.62307
83.56 -35.1457 3.62441
83.5158 -35.1327 3.62267
83.5656 -34.984 3.62677
83.4987 -35.1378 3.62585
83.4606 -35.1083 3.62483
83.6184 -35.1566 3.62314
83.5212 -35.1969 3.6234
83.516 -35.1798 3.62273
83.5778 -35.006 3.6299
83.4485 -35.0527 3.62235
83.4842 -34.9831 3.62413
83.5237 -34.9746 3.62301
83.4831 -35.1506 3.62572
83.3934 -35.2096 3.62624
83.4135 -35.2053 3.62469
83.3696 -35.1759 3.62412
83.4606 -35.2684 3.62435
83.362 -35.0538 3.6238
83.3512 -35.0948 3.62422
83.532 -35.0527 3.62489
83.4339 -35.2106 3.62748
83.6247 -35.0568 3.62596
85.2269 -34.545 3.62426
