-39.682 -39.5521 1.41454
-39.6676 -39.6023 1.41359
-39.5501 -39.5812 1.42169
-39.6422 -39.6405 1.41863
-39.6699 -39.4949 1.4168
-39.7445 -39.5379 1.41918
-39.6784 -39.6423 1.41589
-39.5875 -39.689 1.4186
-39.6462 -39.4836 1.41411
-39.6171 -39.5686 1.41726
-39.618 -39.574 1.41735
-39.6468 -39.6378 1.41563
-39.7193 -39.6156 1.41671
-39.6088 -39.4385 1.41278
-39.6634 -39.5813 1.41682
-39.5843 -39.6246 1.41279
-39.608 -39.4817 1.41464
-39.6347 -39.6554 1.41669
-39.7089 -39.526 1.41514
-39.7168 -39.5251 1.41509
-39.6253 -39.625 1.41629
-39.7378 -39.5649 1.41319
-39.7366 -39.5588 1.41319
-39.6593 -39.5382 1.41861
-39.663 -39.5427 1.41837
-39.7108 -39.5235 1.42119
-39.7279 -39.5389 1.41681
-39.6686 -39.6265 1.41733
-39.6637 -39.6228 1.41709
-39.7148 -39.6899 1.41816
-39.6534 -39.5445 1.41578
-39.6453 -39.6338 1.41526
-39.6597 -39.5282 1.4165
-39.7064 -39.5748 1.41608
-39.7759 -39.6413 1.41703
-39.61 -39.5912 1.41808
-39.623 -39.6552 1.4197
-39.6112 -39.4915 1.4163
-39.4656 -39.5571 1.4165
-39.685 -39.5606 1.41519
-39.6116 -39.6099 1.41699
-39.7357 -39.6172 1.41427
-39.669 -39.6248 1.41579
-39.5676 -39.5782 1.41313
-39.6777 -39.6394 1.41644
-39.6547 -39.5591 1.41703
-39.6622 -39.5543 1.41861
-39.6632 -39.5564 1.41867
-39.6552 -39.581 1.41516
-39.681 -39.6326 1.41767
-39.6514 -39.5274 1.41445
-39.7099 -39.5926 1.41491
-39.632 -39.5978 1.41786
-39.756 -39.6444 1.41124
-39.7127 -39.547 1.4165
-39.666 -39.7804 1.41859
-39.7056 -39.5192 1.41558
-39.6301 -39.5833 1.4181
-39.6087 -39.6627 1.41717
-39.6122 -39.6557 1.41731
-39.6146 -39.6813 1.41795
-39.6159 -39.5295 1.41514
-39.7257 -39.6415 1.41708
-39.7086 -39.5746 1.41406
-39.6888 -39.6029 1.41671
-39.6339 -39.6267 1.41723
-39.638 -39.6251 1.41686
-39.6348 -39.6259 1.4172
-39.6171 -39.4679 1.41284
-39.615 -39.5911 1.41486
-39.7069 -39.6797 1.40965
-39.7161 -39.6164 1.4162
-39.7256 -39.6058 1.41792
-39.6559 -39.6537 1.42114
-39.674 -39.5497 1.41844
-39.7454 -39.6808 1.41577
-39.6349 -39.6272 1.41588
-39.7301 -39.6171 1.41684
-39.6734 -39.6057 1.41794
-39.6689 -39.6084 1.41857
-39.5872 -39.6812 1.41859
-39.6495 -39.5554 1.41048
-39.769 -39.6563 1.41761
-39.705 -39.6152 1.41729
-39.7022 -39.6199 1.41743
-39.7334 -39.6016 1.41446
-39.7327 -39.6021 1.41446
-39.7216 -39.5559 1.4149
-39.6826 -39.5904 1.41416
-39.6732 -39.5441 1.41596
-39.6977 -39.4921 1.41873
-39.7242 -39.5845 1.41401
-39.7044 -39.6963 1.41673
-39.698 -39.699 1.41661
-39.7805 -39.6225 1.41859
-39.7053 -39.5854 1.4163
-39.7083 -39.5858 1.41634
-39.706 -39.5875 1.41632
-39.7054 -39.5847 1.41608
-39.6934 -39.6446 1.41306
-39.6901 -39.5552 1.41434
-39.6488 -39.5443 1.41712
-39.586 -39.6193 1.41562
-39.7201 -39.5364 1.41816
-39.6451 -39.6928 1.41515
-39.6658 -39.5755 1.41809
-39.6407 -39.6626 1.41899
-39.6428 -39.5486 1.4195
-39.596 -39.6233 1.41747
-39.6814 -39.581 1.41668
-39.6802 -39.585 1.41662
-39.6303 -39.5938 1.41501
-39.5637 -39.5649 1.41723
-39.5947 -39.6535 1.4168
-39.5416 -39.5611 1.41644
-39.7349 -39.5718 1.4142
-39.5832 -39.6386 1.41849
-39.6827 -39.623 1.41813
-39.7108 -39.5891 1.4148
-39.5478 -39.5852 1.41742
-39.6517 -39.5924 1.41755
-39.7033 -39.5691 1.41391
-39.6698 -39.6755 1.41716
-39.7906 -39.5306 1.41184
-39.6758 -39.564 1.41602
-39.6761 -39.6851 1.41538
-39.6724 -39.678 1.41524
-39.6505 -39.5001 1.41607
-39.637 -39.6042 1.41783
-39.6735 -39.5353 1.41584
-39.7051 -39.6078 1.4154
-39.66 -39.6125 1.41651
-39.656 -39.595 1.41689
-39.7334 -39.6277 1.41265
-39.6773 -39.7246 1.41912
-39.6816 -39.7157 1.41902
-39.7109 -39.5101 1.41315
-39.6763 -39.6015 1.41296
-39.6317 -39.5879 1.41899
-39.6663 -39.6575 1.41892
-39.5679 -39.6194 1.41944
-39.5635 -39.6206 1.41966
-39.5619 -39.6195 1.41933
-39.5622 -39.6882 1.41766
-39.5579 -39.6871 1.41757
-39.7769 -39.6816 1.417
-39.6772 -39.5731 1.41658
-39.6683 -39.5686 1.41688
-39.6488 -39.5292 1.41257
-39.6992 -39.5121 1.41063
-39.558 -39.6451 1.41851
-39.6233 -39.4885 1.41109
-39.7272 -39.6539 1.4138
-39.7121 -39.6019 1.41618
-39.7176 -39.6099 1.41725
-39.8171 -39.5979 1.41365
-39.5285 -39.4801 1.41361
-39.6923 -39.6389 1.4149
-39.7561 -39.7222 1.4175
-39.6174 -39.5711 1.41809
-39.6842 -39.5466 1.4171
-39.7197 -39.639 1.41517
-39.7249 -39.6254 1.41596
-39.725 -39.6225 1.41602
-39.7299 -39.5877 1.41881
-39.7333 -39.5929 1.41873
-39.7447 -39.4705 1.41182
-39.7263 -39.6077 1.41706
-39.552 -39.5873 1.4172
-39.6496 -39.6855 1.41744
-39.634 -39.5285 1.41406
-39.6578 -39.5894 1.41466
-39.6165 -39.541 1.41324
-39.726 -39.6018 1.41414
-39.7444 -39.6017 1.41289
-39.642 -39.665 1.41779
-39.6388 -39.6653 1.41781
-39.6414 -39.6296 1.41748
-39.6751 -39.5321 1.41425
-39.5822 -39.6107 1.41477
-39.685 -39.7031 1.41727
-39.6502 -39.5467 1.41682
-39.8467 -39.6242 1.41348
-39.77 -39.6367 1.41233
-39.6548 -39.603 1.41795
-39.5685 -39.5251 1.41676
-39.7113 -39.5944 1.41605
-39.7094 -39.5973 1.41605
-39.6613 -39.5134 1.4139
-39.6051 -39.6005 1.41916
-39.564 -39.589 1.41739
-39.7577 -39.6551 1.41441
-39.6406 -39.7025 1.41359
-39.6488 -39.7056 1.41764
-39.6125 -39.527 1.41648
-39.675 -39.6102 1.41426
-39.6019 -39.7125 1.41773
-39.5623 -39.5902 1.41658
-39.5871 -39.6206 1.41634
-39.7159 -39.4991 1.41405
-39.6005 -39.5765 1.41489
-39.7199 -39.602 1.41495
-39.5788 -39.5791 1.4154
-39.5842 -39.5759 1.41531
-39.6532 -39.6036 1.41798
-39.6536 -39.6081 1.41434
-39.6432 -39.6531 1.41905
-39.6404 -39.65 1.41886
-39.6888 -39.6249 1.41526
-39.6562 -39.6358 1.41683
-39.6574 -39.632 1.41685
-39.7016 -39.5306 1.41583
-39.6721 -39.5776 1.41597
-39.6332 -39.5016 1.41386
-39.6295 -39.5083 1.41381
-39.6713 -39.6497 1.41743
-39.6975 -39.5786 1.41661
-39.6565 -39.5776 1.41192
-39.7259 -39.5426 1.41689
-39.6456 -39.6222 1.41685
-39.7316 -39.6024 1.42113
-39.7253 -39.6006 1.42108
-39.7758 -39.6199 1.4133
-39.6096 -39.6253 1.41586
-39.6023 -39.5899 1.41972
-39.5996 -39.5854 1.41976
-39.5928 -39.6621 1.41841
-39.5986 -39.6627 1.41862
-39.6271 -39.6828 1.41746
-39.5977 -39.5294 1.414
-39.7192 -39.6383 1.41821
-39.661 -39.6065 1.41355
-39.6426 -39.5452 1.41406
-39.6696 -39.573 1.41836
-39.6411 -39.6443 1.41844
-39.7466 -39.5448 1.41955
-39.5875 -39.651 1.41681
-39.6498 -39.4833 1.41416
-39.6447 -39.6436 1.41593
-39.6168 -39.6371 1.41509
-39.6442 -39.6334 1.41578
-39.6221 -39.5292 1.41455
-39.7201 -39.6087 1.41686
-39.5955 -39.4168 1.41547
-39.6667 -39.5868 1.41704
-39.6045 -39.5768 1.41574
-39.6117 -39.4893 1.41476
-39.7569 -39.6353 1.41633
-39.7051 -39.5355 1.41383
-39.5768 -39.5094 1.41357
-39.6303 -39.6215 1.41652
-39.691 -39.6243 1.41615
-39.6591 -39.5421 1.41834
-39.719 -39.6602 1.41439
-39.6318 -39.572 1.41721
-39.7131 -39.6973 1.41832
-39.7181 -39.6939 1.41841
-39.6419 -39.638 1.4155
-39.7163 -39.6106 1.41693
-39.746 -39.565 1.4109
-39.659 -39.5257 1.41658
-39.7462 -39.6117 1.41815
-39.6261 -39.6585 1.41943
-39.6864 -39.7358 1.41672
-39.6879 -39.5613 1.41496
-39.6844 -39.5666 1.41439
-39.6062 -39.6179 1.41691
-39.6232 -39.6005 1.41628
-39.6701 -39.6238 1.41584
-39.6602 -39.5639 1.41709
-39.7611 -39.5971 1.41597
-39.5992 -39.5561 1.4127
-39.6568 -39.587 1.41557
-39.6159 -39.5135 1.41263
-39.6803 -39.6276 1.41752
-39.7271 -39.6014 1.41532
-39.7294 -39.6037 1.41531
-39.6332 -39.6019 1.41765
-39.5361 -39.6824 1.41673
-39.7135 -39.5051 1.41172
-39.6553 -39.7264 1.41546
-39.6683 -39.7893 1.4184
-39.6291 -39.6158 1.41667
-39.6363 -39.5804 1.41788
-39.678 -39.6089 1.41452
-39.7823 -39.5286 1.41469
-39.7466 -39.6376 1.41782
-39.612 -39.6781 1.41795
-39.5976 -39.6098 1.41807
-39.6734 -39.4933 1.4111
-39.6906 -39.6308 1.41318
-39.6925 -39.4791 1.41327
-39.6021 -39.6469 1.41496
-39.6161 -39.59 1.41465
-39.6107 -39.5873 1.41465
-39.6047 -39.5928 1.41476
-39.7165 -39.6151 1.41631
-39.7231 -39.6087 1.41809
-39.657 -39.6488 1.42098
-39.6183 -39.5589 1.41678
-39.6375 -39.6208 1.41575
-39.7322 -39.6146 1.41692
-39.679 -39.6138 1.41813
-39.6843 -39.6103 1.4181
-39.6724 -39.6101 1.41875
-39.5858 -39.6827 1.4185
-39.7433 -39.6342 1.41372
-39.7718 -39.6568 1.41775
-39.5671 -39.5777 1.4172
-39.6994 -39.6202 1.41751
-39.6215 -39.5741 1.41608
-39.7223 -39.5606 1.41485
-39.6536 -39.7061 1.41824
-39.6527 -39.7094 1.41823
-39.6593 -39.7089 1.41829
-39.7558 -39.5424 1.41292
-39.6484 -39.5621 1.41205
-39.8304 -39.5581 1.4179
-39.7036 -39.6943 1.41673
-39.6753 -39.5664 1.41638
-39.6907 -39.6415 1.41311
-39.6523 -39.549 1.41701
-39.5739 -39.6334 1.41817
-39.5738 -39.6398 1.41822
-39.6509 -39.5847 1.41667
-39.6448 -39.7018 1.41506
-39.6192 -39.5711 1.42124
-39.6695 -39.5721 1.41829
-39.6357 -39.6564 1.41871
-39.643 -39.6577 1.41893
-39.637 -39.5195 1.41563
-39.6385 -39.5481 1.41956
-39.678 -39.5798 1.41658
-39.5614 -39.5647 1.41731
-39.5631 -39.5662 1.41704
-39.574 -39.6251 1.41565
-39.6723 -39.6936 1.41669
-39.6787 -39.6937 1.41669
-39.5761 -39.5717 1.4167
-39.7695 -39.6141 1.41379
-39.5801 -39.6396 1.41852
-39.6882 -39.62 1.4179
-39.6794 -39.4003 1.41445
-39.7092 -39.5826 1.41476
-39.7506 -39.5612 1.41409
-39.7289 -39.5513 1.41282
-39.673 -39.6794 1.41716
-39.6724 -39.6848 1.41727
-39.6828 -39.5617 1.41581
-39.5993 -39.663 1.41591
-39.6724 -39.6897 1.41537
-39.6357 -39.6033 1.41753
-39.6436 -39.6111 1.41777
-39.6975 -39.5737 1.4166
-39.6974 -39.5691 1.41635
-39.6609 -39.618 1.41637
-39.6939 -39.5093 1.41248
-39.5799 -39.5771 1.41568
-39.5856 -39.582 1.41577
-39.6794 -39.7195 1.4191
-39.6397 -39.583 1.41556
-39.6771 -39.5967 1.41298
-39.7654 -39.552 1.41253
-39.6645 -39.6623 1.41907
-39.6689 -39.6586 1.41896
-39.7117 -39.5433 1.41533
-39.6601 -39.672 1.41753
-39.5646 -39.6219 1.41954
-39.5988 -39.5311 1.41738
-39.6075 -39.5311 1.41751
-39.7313 -39.4823 1.41458
-39.6553 -39.5194 1.41056
-39.6485 -39.5276 1.41274
-39.6741 -39.4855 1.41208
-39.8206 -39.5962 1.41593
-39.6638 -39.5504 1.41429
-39.7175 -39.605 1.41602
-39.6168 -39.5343 1.41333
-39.6904 -39.5533 1.41746
-39.5288 -39.5851 1.41342
-39.6879 -39.6312 1.41478
-39.6969 -39.6389 1.41494
-39.5026 -39.5422 1.41366
-39.6192 -39.5628 1.41823
-39.7191 -39.6385 1.4152
-39.7019 -39.5641 1.41809
-39.7299 -39.6099 1.41706
-39.7337 -39.6743 1.41378
-39.6473 -39.6866 1.41763
-39.6205 -39.5427 1.41332
-39.7287 -39.606 1.41434
-39.6207 -39.6157 1.41464
-39.6338 -39.6714 1.41794
-39.6366 -39.6686 1.41761
-39.6777 -39.531 1.414
-39.675 -39.6997 1.41732
-39.6794 -39.7014 1.41722
-39.6538 -39.4995 1.41967
-39.6817 -39.5611 1.41438
-39.8487 -39.6289 1.41358
-39.6458 -39.6098 1.41465
-39.6553 -39.6074 1.41806
-39.6603 -39.6058 1.41827
-39.7035 -39.5907 1.41593
-39.6956 -39.6204 1.41708
-39.6668 -39.5125 1.41404
-39.5542 -39.59 1.41759
-39.6357 -39.5061 1.41527
-39.6501 -39.701 1.41762
-39.6807 -39.6093 1.41437
-39.6873 -39.6293 1.41498
-39.6044 -39.7136 1.41788
-39.5951 -39.4962 1.41344
-39.6362 -39.699 1.41696
-39.6063 -39.5912 1.41539
-39.7152 -39.4988 1.41401
-39.5852 -39.6737 1.4162
-39.7126 -39.5564 1.41105
-39.7234 -39.5937 1.41496
-39.6522 -39.6063 1.41794
-39.6382 -39.5316 1.41424
-39.7008 -39.6755 1.41501
-39.6462 -39.6507 1.41898
-39.6917 -39.6174 1.41527
-39.6587 -39.6335 1.41707
-39.6557 -39.6317 1.41696
-39.6714 -39.6492 1.41839
-39.63 -39.5026 1.41389
-39.7 -39.5766 1.41663
-39.7038 -39.5389 1.41506
-39.7248 -39.5426 1.41693
-39.7253 -39.5964 1.42104
-39.6162 -39.6227 1.41578
-39.5908 -39.66 1.41848
-39.6292 -39.6861 1.41759
-39.5785 -39.526 1.41472
-39.6011 -39.5855 1.41627
-39.6025 -39.5924 1.41637
-39.724 -39.6371 1.41849
-39.6248 -39.6197 1.41307
-39.7501 -39.5566 1.41669
-39.5907 -39.5647 1.41773
-39.5953 -39.569 1.41782
-39.6418 -39.6427 1.41863
-39.646 -39.6402 1.41863
-39.5938 -39.644 1.41671
-39.7397 -39.4485 1.41299
-39.7281 -39.628 1.41645
-39.6177 -39.569 1.41733
-39.6186 -39.6439 1.41484
-39.6167 -39.6367 1.41479
-39.6132 -39.6384 1.41483
-39.6218 -39.5305 1.41461
-39.6695 -39.512 1.41545
-39.5916 -39.4196 1.41552
-39.6081 -39.5789 1.41577
-39.645 -39.5665 1.41275
-39.7605 -39.6383 1.41655
-39.7884 -39.6472 1.41627
-39.6209 -39.6199 1.4165
-39.6858 -39.6251 1.41631
-39.576 -39.5718 1.41752
-39.7254 -39.5419 1.41695
-39.6632 -39.6234 1.41718
-39.7132 -39.6936 1.41825
-39.7123 -39.6916 1.41823
-39.716 -39.6886 1.41833
-39.6514 -39.5502 1.416
-39.7438 -39.5637 1.41077
-39.6769 -39.5789 1.41831
-39.6813 -39.5842 1.41841
-39.6804 -39.5799 1.41826
-39.752 -39.6167 1.41815
-39.7705 -39.6415 1.41713
-39.6099 -39.5899 1.41792
-39.611 -39.4985 1.41656
-39.7495 -39.5148 1.41185
-39.6895 -39.5681 1.41466
-39.5271 -39.5545 1.41702
-39.6055 -39.6098 1.41682
-39.735 -39.615 1.41443
-39.6679 -39.6266 1.41594
-39.5734 -39.5799 1.41294
-39.68 -39.6395 1.41627
-39.7556 -39.6064 1.41601
-39.6649 -39.5609 1.41867
-39.6661 -39.5538 1.41839
-39.6737 -39.5741 1.41481
-39.5136 -39.5143 1.41604
-39.5075 -39.5238 1.41619
-39.7273 -39.652 1.41583
-39.7301 -39.6071 1.41542
-39.7067 -39.593 1.41492
-39.6282 -39.6006 1.41776
-39.5278 -39.6865 1.41679
-39.5312 -39.6872 1.41666
-39.7174 -39.5409 1.41648
-39.7158 -39.5473 1.41653
-39.6676 -39.7906 1.41849
-39.7923 -37.5314 1.4077
