278.911 2.59463 4.62541
278.87 2.64672 4.6254
278.875 2.74222 4.62343
278.889 2.56123 4.61969
278.898 2.57891 4.61967
278.981 2.6389 4.62126
278.919 2.59097 4.62417
278.784 2.65627 4.62025
278.938 2.66724 4.62618
278.858 2.49762 4.61752
278.93 2.70203 4.62211
278.867 2.60407 4.6227
278.912 2.72907 4.62325
278.776 2.61268 4.61951
278.835 2.68737 4.61474
278.863 2.62903 4.6218
278.808 2.74804 4.62281
278.865 2.69652 4.61972
278.861 2.60927 4.6191
278.906 2.61042 4.62578
278.943 2.61888 4.62597
278.789 2.58699 4.62171
278.868 2.61947 4.62402
278.963 2.59686 4.62257
278.953 2.72757 4.62195
278.841 2.59246 4.614
278.862 2.70335 4.62195
278.843 2.63661 4.62392
278.829 2.72498 4.62452
278.877 2.67527 4.62258
278.841 2.6871 4.62132
278.804 2.74261 4.62592
278.818 2.67337 4.61679
278.796 2.69956 4.61649
278.958 2.71259 4.62819
278.903 2.61882 4.62694
278.978 2.55959 4.62016
278.817 2.7362 4.6174
278.874 2.69654 4.62099
278.893 2.74154 4.62239
278.935 2.74512 4.62442
278.925 2.64292 4.6168
278.889 2.64311 4.62728
278.915 2.63813 4.62356
278.947 2.62098 4.62439
278.999 2.64029 4.62559
279.036 2.63442 4.6283
278.863 2.48805 4.61652
278.933 2.67038 4.62239
278.926 2.62756 4.62334
278.886 2.71046 4.6222
278.849 2.61165 4.6232
278.956 2.66759 4.62278
278.851 2.6842 4.62247
278.956 2.62018 4.62049
278.863 2.67617 4.62266
278.939 2.66116 4.62262
278.914 2.69843 4.61902
278.857 2.59622 4.61877
278.899 2.60483 4.62194
278.865 2.54721 4.61636
278.854 2.69894 4.62094
278.995 2.74025 4.62499
278.885 2.6886 4.62461
278.709 2.56706 4.62275
278.811 2.7473 4.62277
278.773 2.64933 4.61886
278.922 2.60979 4.61815
278.901 2.70574 4.61844
278.858 2.56638 4.62162
278.839 2.65608 4.62114
278.8 2.64405 4.62079
278.785 2.49405 4.62121
278.945 2.54828 4.61747
278.958 2.53313 4.6185
278.86 2.67602 4.62217
278.876 2.60235 4.62267
278.903 2.63642 4.61928
278.863 2.62931 4.61845
278.856 2.60085 4.62346
278.942 2.60642 4.62179
278.858 2.63479 4.61854
278.842 2.6358 4.61799
278.865 2.61974 4.6217
278.768 2.62908 4.62106
278.764 2.63181 4.6213
278.776 2.6746 4.62058
278.749 2.66216 4.61494
278.943 2.53917 4.62344
278.95 2.714 4.6275
278.944 2.57535 4.62581
278.851 2.57669 4.62724
278.825 2.6391 4.62321
278.947 2.742 4.62517
278.886 2.69691 4.61905
278.831 2.62129 4.62159
278.907 2.64066 4.61903
278.844 2.65978 4.621
278.953 2.63315 4.62587
279.017 2.57034 4.62553
278.935 2.61584 4.62486
278.852 2.62818 4.62021
278.882 2.62732 4.62272
278.869 2.59168 4.62544
278.961 2.6109 4.62471
278.921 2.70755 4.61988
278.969 2.60229 4.62808
278.901 2.65112 4.61879
278.884 2.62464 4.61581
278.914 2.56367 4.61893
278.913 2.67228 4.62368
278.908 2.65599 4.62229
278.886 2.61646 4.61558
278.845 2.57798 4.6174
278.94 2.61886 4.62009
278.853 2.61899 4.6212
278.759 2.75369 4.62005
278.828 2.69198 4.62221
278.83 2.70747 4.61616
278.872 2.67795 4.622
278.773 2.69224 4.62267
278.808 2.57183 4.62212
278.93 2.59048 4.62116
278.768 2.76394 4.61766
278.839 2.72712 4.62435
278.939 2.50292 4.62251
278.881 2.63109 4.62632
278.841 2.66314 4.62419
278.908 2.59565 4.62297
278.885 2.66831 4.6246
278.905 2.70294 4.62322
278.927 2.70844 4.62055
278.866 2.65295 4.61809
278.911 2.60851 4.62442
278.836 2.58267 4.62317
278.922 2.59647 4.62368
278.95 2.65972 4.62119
278.866 2.63956 4.6236
278.807 2.55143 4.61817
278.926 2.62652 4.62041
278.835 2.47717 4.62003
278.808 2.60897 4.61822
278.764 2.57912 4.61875
278.747 2.61999 4.61854
278.76 2.62121 4.61861
278.848 2.57902 4.62753
278.986 2.59738 4.62714
278.843 2.65405 4.62265
278.858 2.5809 4.62435
278.891 2.55687 4.62369
279.016 2.51729 4.62343
278.96 2.63276 4.61956
278.907 2.53507 4.62274
278.952 2.6194 4.61889
278.917 2.62573 4.61945
278.783 2.72485 4.62573
278.876 2.62512 4.62256
278.809 2.68249 4.62231
278.788 2.7043 4.62111
278.976 2.56204 4.62071
278.964 2.68261 4.62284
278.856 2.58242 4.62536
278.799 2.67084 4.62188
278.959 2.74301 4.62355
278.896 2.62915 4.62475
278.912 2.62715 4.62654
278.867 2.5917 4.62254
278.905 2.62207 4.61603
278.847 2.62051 4.61826
278.95 2.6331 4.62413
278.791 2.72434 4.6193
278.795 2.55982 4.62236
278.74 2.7271 4.61897
278.816 2.70292 4.61783
278.813 2.69182 4.61819
278.917 2.67337 4.62102
278.835 2.69098 4.62028
278.81 2.73184 4.61981
278.834 2.63229 4.62698
278.824 2.6747 4.62495
279.011 2.69971 4.62185
278.784 2.66011 4.62785
278.794 2.67626 4.62583
278.845 2.63878 4.62257
278.891 2.66123 4.62646
278.953 2.57508 4.62594
278.817 2.64748 4.62246
278.882 2.58822 4.62461
279.003 2.68519 4.6201
278.966 2.69377 4.62141
278.956 2.65359 4.62127
278.795 2.60546 4.62301
278.912 2.68908 4.62512
278.9 2.6764 4.62528
278.97 2.73802 4.62333
278.919 2.63433 4.62398
278.899 2.61922 4.62212
278.904 2.63651 4.62195
278.762 2.62124 4.61811
278.775 2.61415 4.61965
278.821 2.62942 4.62201
278.85 2.66741 4.62528
278.868 2.59342 4.6183
278.805 2.68367 4.62165
278.917 2.69982 4.62346
278.877 2.68227 4.62207
278.842 2.56788 4.61576
278.845 2.65732 4.6221
278.829 2.50038 4.61825
278.864 2.53609 4.62175
278.854 2.51741 4.62095
278.822 2.70851 4.62393
278.945 2.68204 4.62429
278.876 2.61414 4.62117
278.852 2.64189 4.62383
278.791 2.68573 4.62162
278.824 2.63652 4.61976
278.841 2.54449 4.62211
278.879 2.69982 4.61766
278.879 2.63194 4.62452
278.901 2.63799 4.62492
278.787 2.64992 4.62364
278.806 2.41976 4.6157
278.822 2.62199 4.62281
278.907 2.68204 4.62667
278.838 2.74239 4.6219
279.009 2.57381 4.62202
278.791 2.60691 4.62009
278.972 2.634 4.62297
278.891 2.69258 4.62267
278.781 2.55064 4.61704
278.834 2.5515 4.61496
278.803 2.5606 4.61689
278.916 2.63317 4.62484
278.842 2.65108 4.62422
278.803 2.5793 4.61526
278.871 2.57503 4.61931
278.88 2.64753 4.61941
278.854 2.61935 4.61881
278.882 2.61059 4.62091
278.886 2.69261 4.62519
278.849 2.68176 4.61571
278.975 2.66243 4.6244
278.849 2.69599 4.62344
278.801 2.7421 4.6247
279.046 2.71967 4.62605
278.81 2.73335 4.619
278.964 2.49313 4.61821
278.913 2.61636 4.62187
278.838 2.5913 4.62229
278.872 2.60328 4.62165
278.734 2.55188 4.62246
278.723 2.64797 4.62058
278.924 2.59523 4.62478
278.832 2.59781 4.62667
278.894 2.65141 4.6219
278.844 2.63503 4.61551
278.793 2.55899 4.61838
278.79 2.6346 4.62481
278.838 2.61998 4.62781
278.898 2.57292 4.62376
278.905 2.66967 4.62453
278.911 2.60639 4.62188
278.883 2.68047 4.62325
278.895 2.70883 4.62009
278.788 2.69229 4.62267
278.915 2.5982 4.62237
278.869 2.76241 4.62005
278.898 2.7598 4.62271
278.81 2.5708 4.61951
278.819 2.56255 4.61958
278.852 2.61968 4.62135
278.92 2.60722 4.62024
279.003 2.55611 4.61904
278.931 2.63235 4.62146
278.887 2.68252 4.61927
278.834 2.57851 4.61657
278.798 2.62021 4.61886
278.796 2.56147 4.61859
278.889 2.78484 4.61837
278.793 2.68775 4.61489
278.876 2.69513 4.62058
278.81 2.64585 4.619
278.841 2.62263 4.61902
278.92 2.59328 4.62484
278.848 2.517 4.6219
278.834 2.52372 4.6219
278.959 2.60346 4.62156
278.87 2.60494 4.62107
278.927 2.65936 4.62095
278.845 2.60759 4.62242
278.831 2.69742 4.62398
278.748 2.60224 4.62543
278.8 2.59471 4.62151
278.834 2.62946 4.62376
278.821 2.71509 4.62471
278.881 2.65296 4.6239
278.914 2.71351 4.62575
278.697 2.58129 4.61968
278.665 2.58595 4.61994
278.794 2.70771 4.61524
278.801 2.72039 4.61941
278.877 2.67763 4.6226
278.895 2.62654 4.62212
278.904 2.68016 4.62595
278.907 2.69283 4.62592
278.804 2.66362 4.61961
278.939 2.63225 4.62309
278.935 2.61942 4.62263
278.948 2.5471 4.62386
279.033 2.68579 4.62674
278.992 2.72479 4.6243
278.88 2.69255 4.62028
278.95 2.65069 4.62061
278.891 2.73378 4.6237
278.904 2.72273 4.62178
278.824 2.6719 4.61931
279.027 2.55474 4.62021
278.837 2.60372 4.62321
278.911 2.70024 4.62183
278.927 2.69481 4.62003
278.906 2.72889 4.62231
278.921 2.65995 4.62185
278.815 2.58693 4.61985
278.857 2.54709 4.61945
278.967 2.69037 4.62388
278.905 2.59644 4.62213
278.813 2.57542 4.62146
278.879 2.61647 4.62451
278.768 2.62589 4.61894
278.705 2.59404 4.62404
278.756 2.55434 4.62096
278.855 2.57693 4.62639
278.964 2.61534 4.6193
278.819 2.61699 4.62029
278.89 2.50152 4.62108
278.817 2.66243 4.62179
278.774 2.49969 4.62133
278.888 2.59383 4.62044
278.95 2.6442 4.62258
278.923 2.68305 4.62421
278.833 2.75556 4.62248
278.807 2.63921 4.62313
278.818 2.57803 4.61839
278.893 2.61904 4.61759
278.787 2.69658 4.62243
278.924 2.63531 4.62271
278.89 2.60059 4.62203
278.888 2.6952 4.61957
278.825 2.66451 4.62289
278.792 2.60823 4.62147
278.786 2.59277 4.61767
278.948 2.56279 4.62145
278.852 2.57716 4.61977
278.893 2.72384 4.62256
278.779 2.64762 4.62322
278.716 2.59898 4.62374
278.989 2.585 4.62757
278.811 2.6658 4.621
278.831 2.57988 4.62358
278.922 2.57206 4.62025
278.909 2.6095 4.62277
278.805 2.67498 4.62548
278.873 2.66833 4.62242
278.904 2.58503 4.61906
278.864 2.5956 4.6196
278.891 2.57635 4.62174
278.904 2.58792 4.62112
278.861 2.60579 4.6237
278.885 2.62822 4.62095
278.888 2.65654 4.62053
278.837 2.55878 4.62453
279 2.71501 4.62737
278.908 2.63952 4.61987
278.859 2.72818 4.62087
278.932 2.66524 4.62019
278.926 2.67985 4.62403
278.872 2.64927 4.62301
278.843 2.59968 4.61651
278.814 2.54494 4.61974
278.902 2.80513 4.62389
278.734 2.7414 4.62085
278.794 2.6831 4.62073
278.866 2.68222 4.62306
278.958 2.64292 4.62285
278.849 2.58394 4.62266
278.859 2.66013 4.6213
278.781 2.66916 4.62033
278.967 2.5782 4.61887
278.902 2.66888 4.62505
278.921 2.70242 4.6255
278.865 2.66278 4.62379
278.822 2.73974 4.62485
278.878 2.65162 4.62431
278.857 2.63673 4.62715
278.894 2.62926 4.62233
278.878 2.64586 4.62232
278.872 2.64608 4.62223
278.88 2.72285 4.61832
278.882 2.566 4.62417
278.859 2.5518 4.62228
278.914 2.59853 4.62643
278.897 2.75383 4.62337
278.899 2.6162 4.62036
278.935 2.60718 4.61925
278.921 2.64723 4.62148
278.787 2.60936 4.62034
278.92 2.62673 4.62656
278.835 2.74647 4.62225
278.847 2.62306 4.6177
278.827 2.70338 4.61528
278.825 2.72902 4.61784
278.882 2.69184 4.6184
278.814 2.72254 4.62087
278.904 2.60147 4.62268
278.905 2.66148 4.61847
278.929 2.58038 4.62268
278.792 2.69962 4.62132
278.939 2.58068 4.62203
278.785 2.58296 4.62187
279.036 2.56055 4.62517
279.001 2.50835 4.62693
278.909 2.63904 4.62506
278.92 2.69336 4.61828
278.935 2.61889 4.62313
278.933 2.61802 4.62257
278.735 2.68314 4.61861
278.857 2.60291 4.62026
278.811 2.54868 4.62276
278.828 2.69967 4.61541
278.871 2.63843 4.6218
278.891 2.69722 4.62146
278.969 2.53805 4.62605
278.869 2.69398 4.62123
278.806 2.71824 4.62084
278.862 2.64255 4.62429
278.873 2.76151 4.6214
278.934 2.80108 4.62435
278.95 2.6705 4.6235
278.871 2.72638 4.62084
278.921 2.56374 4.62591
278.883 2.55095 4.62583
278.877 2.55128 4.62441
278.811 2.6414 4.62285
278.794 2.5429 4.62055
278.865 2.58678 4.62386
278.927 2.5671 4.62404
278.835 2.50286 4.62359
278.921 2.65005 4.62228
278.811 2.64685 4.62395
278.83 2.61084 4.62244
278.877 2.66647 4.62179
278.719 2.6208 4.61539
278.775 2.6171 4.61625
278.926 2.57942 4.62532
278.848 2.67992 4.62282
278.903 2.667 4.62646
278.844 2.60648 4.62443
278.818 2.61565 4.62486
278.825 2.58322 4.62523
278.894 2.58198 4.62422
278.841 2.63958 4.6166
278.771 2.5575 4.62365
278.747 2.65496 4.62221
278.861 2.66574 4.62129
278.913 2.47758 4.62195
278.805 2.62866 4.61376
278.837 2.57625 4.61424
278.819 2.52691 4.61868
278.952 2.4634 4.61857
278.821 2.78833 4.62101
278.917 2.63026 4.62794
278.838 2.63674 4.62005
278.914 2.65274 4.62011
278.867 2.71599 4.62056
278.828 2.66707 4.61669
278.851 2.71354 4.62064
278.789 2.51305 4.62107
278.854 2.71408 4.62066
278.836 2.51505 4.61778
278.859 2.59638 4.61816
278.891 2.58587 4.6218
278.819 2.66534 4.62367
278.86 2.73504 4.61904
279.002 2.60946 4.62249
278.927 2.61686 4.62596
278.791 2.64755 4.62235
278.881 2.53095 4.62025
278.873 2.64141 4.62441
278.906 2.67935 4.62361
278.827 2.61792 4.61844
278.93 2.65126 4.61999
278.777 2.68975 4.6164
278.809 2.68821 4.61644
278.875 2.57165 4.62007
278.792 2.69798 4.62351
278.826 2.64218 4.62486
278.753 2.57718 4.62042
278.877 2.65454 4.61937
277.684 8.65533 4.62495
