82.7453 -33.7791 3.62934
82.6681 -33.7264 3.62851
82.6608 -33.7381 3.62825
82.6454 -33.677 3.62781
82.7234 -33.614 3.62706
82.759 -33.6101 3.62729
82.6777 -33.6955 3.62839
82.7123 -33.7608 3.62589
82.6851 -33.7973 3.62958
82.6621 -33.7725 3.62787
82.6633 -33.7473 3.6291
82.7694 -33.6551 3.62845
82.7511 -33.6189 3.62745
82.7378 -33.7246 3.62943
82.6957 -33.7521 3.62959
82.7369 -33.674 3.62872
82.7949 -33.6727 3.62831
82.6253 -33.7404 3.62751
82.6864 -33.7403 3.62698
82.7262 -33.7669 3.62842
82.7168 -33.7536 3.62892
82.6161 -33.8641 3.6288
82.7064 -33.7496 3.62845
82.7177 -33.6907 3.62822
82.6308 -33.7369 3.63165
82.6312 -33.7709 3.6275
82.802 -33.6457 3.6285
82.7122 -33.6621 3.62579
82.7057 -33.7445 3.62712
82.6849 -33.6971 3.6264
82.7024 -33.7786 3.62341
82.6311 -33.7941 3.62602
82.7614 -33.6667 3.62828
82.6758 -33.7279 3.62741
82.6242 -33.8126 3.62773
82.6658 -33.7568 3.62998
82.6211 -33.7383 3.62793
82.6248 -33.7436 3.6273
82.6753 -33.7234 3.62641
82.685 -33.7773 3.62808
82.6559 -33.7156 3.6276
82.7208 -33.6929 3.62616
82.6741 -33.7169 3.62687
82.6621 -33.7346 3.62472
82.6094 -33.778 3.62507
82.7998 -33.739 3.62919
82.6693 -33.756 3.62737
82.6907 -33.7341 3.62493
82.6847 -33.6696 3.62599
82.6572 -33.7484 3.62724
82.6458 -33.7214 3.62644
82.6166 -33.7732 3.62767
82.6154 -33.7984 3.62976
82.553 -33.7541 3.62747
82.6168 -33.707 3.62803
82.753 -33.7559 3.62621
82.6895 -33.6776 3.62918
82.6798 -33.6946 3.62906
82.539 -33.7674 3.62683
82.6471 -33.699 3.6272
82.6966 -33.785 3.62894
82.6953 -33.7522 3.63316
82.7937 -33.6974 3.6322
82.5169 -33.698 3.62922
82.6823 -33.7165 3.62488
82.6704 -33.781 3.6275
82.51 -33.8451 3.62867
82.8072 -33.75 3.62831
82.6807 -33.7659 3.62632
82.7173 -33.7224 3.62773
82.6807 -33.7716 3.62853
82.6644 -33.7673 3.6301
82.6837 -33.7629 3.62826
82.7285 -33.7595 3.63051
82.7032 -33.7812 3.6297
82.6301 -33.6634 3.62858
82.6814 -33.7535 3.62916
82.7105 -33.6739 3.62835
82.7454 -33.7999 3.6266
82.6829 -33.7157 3.62777
82.7268 -33.7119 3.6289
82.7415 -33.759 3.6261
82.5717 -33.8747 3.62618
82.6408 -33.7135 3.63168
82.6743 -33.7603 3.6274
82.5862 -33.655 3.62788
82.7589 -33.7457 3.62809
82.688 -33.7086 3.62494
82.7681 -33.7309 3.63189
82.7188 -33.672 3.62747
82.5885 -33.7788 3.62579
82.6293 -33.8432 3.62907
82.6693 -33.7242 3.6288
82.6447 -33.691 3.62957
82.7458 -33.7317 3.62522
82.5715 -33.7081 3.63074
82.6965 -33.7094 3.62776
82.7396 -33.7811 3.62899
82.6669 -33.7548 3.62474
82.7579 -33.691 3.62648
82.7879 -33.837 3.62739
82.7413 -33.762 3.62614
82.6506 -33.6631 3.62686
82.6827 -33.7387 3.62639
82.6948 -33.7685 3.62655
82.6864 -33.695 3.62662
82.732 -33.6564 3.62977
82.7105 -33.7104 3.62846
82.6685 -33.7105 3.62835
82.6885 -33.7312 3.62761
82.6797 -33.7226 3.62639
82.6082 -33.6801 3.62951
82.6792 -33.68 3.62647
82.5856 -33.794 3.62908
82.6697 -33.7943 3.62712
82.5949 -33.7965 3.62764
82.7164 -33.7385 3.62871
82.6799 -33.7439 3.62787
82.7497 -33.7251 3.62531
82.7535 -33.6688 3.63209
82.6263 -33.7446 3.62968
82.7061 -33.7855 3.62766
82.5961 -33.7839 3.62838
82.6512 -33.7604 3.62596
82.6335 -33.7749 3.62745
82.691 -33.7583 3.62851
82.6781 -33.73 3.62741
82.5954 -33.7207 3.62603
82.742 -33.7175 3.62461
82.7771 -33.7087 3.62422
82.686 -33.7873 3.62858
82.7417 -33.763 3.62583
82.7046 -33.8002 3.62741
82.8123 -33.7679 3.62997
82.6564 -33.7197 3.62899
82.6687 -33.7954 3.62848
82.6872 -33.7478 3.62671
82.644 -33.7013 3.62858
82.6659 -33.693 3.62689
82.6508 -33.7324 3.62421
82.6948 -33.719 3.62545
82.5782 -33.8091 3.62857
82.7668 -33.7208 3.62827
82.6122 -33.7193 3.62857
82.6663 -33.7836 3.63036
82.6602 -33.7574 3.62638
82.6439 -33.7655 3.62822
82.65 -33.785 3.63183
82.6622 -33.7032 3.62733
82.6776 -33.7267 3.62684
82.6747 -33.7934 3.63161
82.6953 -33.7511 3.62647
82.7295 -33.7622 3.62869
82.6894 -33.7385 3.6277
82.7227 -33.7328 3.62835
82.7355 -33.7227 3.62513
82.7743 -33.7485 3.6243
82.6263 -33.7101 3.62268
82.7482 -33.6294 3.62951
82.6608 -33.8022 3.62524
82.664 -33.7388 3.62817
82.6253 -33.8093 3.62612
82.665 -33.7366 3.62752
82.6787 -33.765 3.62805
82.6199 -33.8028 3.62803
82.6396 -33.6879 3.6289
82.7186 -33.7525 3.6305
82.7142 -33.7385 3.63147
82.7184 -33.8561 3.62493
82.657 -33.7209 3.63033
82.7149 -33.723 3.62877
82.6821 -33.7266 3.62994
82.7194 -33.7042 3.62909
82.6151 -33.7608 3.62973
82.6628 -33.714 3.63007
82.6371 -33.808 3.6269
82.6382 -33.7301 3.63096
82.6762 -33.7357 3.62641
82.6308 -33.7674 3.6281
82.7358 -33.7928 3.62651
82.6114 -33.8036 3.62843
82.7193 -33.6025 3.62755
82.7625 -33.6547 3.6287
82.6296 -33.7272 3.62505
82.677 -33.7332 3.63106
82.6326 -33.7579 3.62603
82.6878 -33.7478 3.63
82.6301 -33.7205 3.63027
82.6828 -33.7459 3.63053
82.6394 -33.7079 3.62936
82.6071 -33.8101 3.62873
82.6748 -33.8166 3.62827
82.6221 -33.7625 3.63027
82.6368 -33.7709 3.62726
82.6616 -33.8073 3.62738
82.6173 -33.6616 3.62636
82.6974 -33.7482 3.62964
82.7617 -33.7389 3.62823
82.6433 -33.7691 3.62867
82.6667 -33.781 3.62691
82.6498 -33.7747 3.6265
82.7041 -33.7205 3.62716
82.6127 -33.7746 3.62833
82.6479 -33.7813 3.62909
82.6778 -33.7391 3.62958
82.7678 -33.704 3.62933
82.7072 -33.7584 3.63164
82.7351 -33.6261 3.62726
82.6371 -33.7287 3.62693
82.6736 -33.7261 3.62661
82.6389 -33.7228 3.63125
82.6846 -33.6863 3.62877
82.7478 -33.7767 3.62615
82.7151 -33.7015 3.62725
82.6874 -33.8022 3.62833
82.5945 -33.7619 3.62289
82.7305 -33.7108 3.62811
82.673 -33.7022 3.62706
82.7313 -33.687 3.62849
82.6719 -33.7127 3.62625
82.7048 -33.7191 3.63021
82.6002 -33.6779 3.62414
82.6519 -33.7007 3.62531
82.5995 -33.7662 3.62318
82.6915 -33.7434 3.62622
82.5857 -33.7516 3.62824
82.7554 -33.6827 3.63036
82.7834 -33.7452 3.62645
82.6651 -33.7115 3.62441
82.6405 -33.8014 3.62702
82.5872 -33.7821 3.62953
82.7289 -33.7472 3.62731
82.6529 -33.7723 3.63087
82.5668 -33.7854 3.629
82.6308 -33.7242 3.6288
82.6222 -33.7978 3.63006
82.6918 -33.67 3.6306
82.6879 -33.7449 3.62471
82.6773 -33.7605 3.62832
82.6769 -33.6922 3.62651
82.6665 -33.7487 3.63001
82.6628 -33.7202 3.62821
82.6761 -33.7621 3.62719
82.6349 -33.7249 3.62564
82.684 -33.7151 3.6302
82.652 -33.6793 3.6276
82.6165 -33.7983 3.6267
82.6937 -33.6743 3.62792
82.6978 -33.6707 3.62889
82.7822 -33.7296 3.63167
82.6931 -33.7572 3.62596
82.7203 -33.7908 3.62679
82.6438 -33.7152 3.6278
82.7034 -33.6994 3.62879
82.7794 -33.6325 3.62864
82.7557 -33.698 3.62644
82.7247 -33.7119 3.62575
82.7091 -33.7303 3.62797
82.6823 -33.8061 3.62666
82.62 -33.835 3.62928
82.6292 -33.6867 3.62988
82.7193 -33.718 3.63023
82.6901 -33.7822 3.62888
82.6907 -33.7623 3.63064
82.6367 -33.6946 3.62774
82.6795 -33.7885 3.62716
82.6874 -33.7666 3.62736
82.6852 -33.829 3.6286
82.6515 -33.7372 3.62978
82.7215 -33.7752 3.62677
82.7267 -33.8125 3.62712
82.7002 -33.7552 3.62548
82.6386 -33.7741 3.62885
82.6541 -33.7912 3.62868
82.6448 -33.7848 3.63009
82.6527 -33.7846 3.62845
82.7859 -33.7782 3.63003
82.6157 -33.6818 3.6241
82.6809 -33.7548 3.6272
82.6903 -33.7102 3.62375
82.666 -33.8464 3.62978
82.6952 -33.7187 3.62464
82.6523 -33.7607 3.62791
82.67 -33.7464 3.62811
82.7542 -33.7166 3.6286
82.7245 -33.6646 3.62992
82.7268 -33.7507 3.62937
82.7286 -33.7151 3.62881
82.7078 -33.7607 3.62727
82.692 -33.7377 3.63117
82.7639 -33.7258 3.62683
82.8265 -33.6826 3.62952
82.6686 -33.788 3.62737
82.7662 -33.7092 3.62756
82.662 -33.7678 3.62654
82.6165 -33.7459 3.62781
82.5472 -33.7318 3.63163
82.7763 -33.757 3.62581
82.6053 -33.6921 3.62864
82.6224 -33.7894 3.62617
82.6398 -33.8125 3.62591
82.7013 -33.7034 3.62841
82.8714 -33.7405 3.62853
82.6505 -33.7571 3.62703
82.6949 -33.7149 3.62726
82.7087 -33.7273 3.62745
82.6873 -33.7541 3.62891
82.6644 -33.7665 3.63206
82.6812 -33.7368 3.62693
82.7695 -33.7059 3.62846
82.662 -33.7656 3.62681
82.7342 -33.634 3.62841
82.7085 -33.6569 3.62719
82.7151 -33.7026 3.6264
82.6961 -33.6727 3.62784
82.6676 -33.7338 3.6282
82.6515 -33.7385 3.62939
82.674 -33.7387 3.62985
82.6909 -33.7809 3.62673
82.7031 -33.7277 3.62436
82.6792 -33.6927 3.62808
82.6062 -33.7421 3.62728
82.6784 -33.7033 3.62885
82.6736 -33.6417 3.6264
82.6569 -33.781 3.62987
82.6979 -33.71 3.62739
82.7437 -33.8167 3.62636
82.6704 -33.749 3.62977
82.7302 -33.7245 3.62433
82.6428 -33.7352 3.62391
82.5952 -33.8457 3.6256
82.6493 -33.7285 3.62998
82.6832 -33.7342 3.62951
82.6209 -33.7861 3.62598
82.7202 -33.8038 3.62752
82.6773 -33.7426 3.6302
82.746 -33.7244 3.62925
82.7454 -33.6499 3.62772
82.7692 -33.712 3.6293
82.6255 -33.7664 3.62684
82.647 -33.7498 3.6283
82.6009 -33.7618 3.62898
82.5343 -33.7321 3.63047
82.6741 -33.7406 3.62698
82.6393 -33.7635 3.62828
82.7422 -33.736 3.62497
82.7033 -33.719 3.62908
82.6674 -33.7366 3.62879
82.7296 -33.769 3.62809
82.6876 -33.7304 3.62796
82.6916 -33.737 3.62582
82.6678 -33.8166 3.62652
82.753 -33.7644 3.62648
82.6397 -33.7145 3.62757
82.6564 -33.7269 3.62632
82.6992 -33.6134 3.63067
82.6628 -33.7506 3.62728
82.6738 -33.661 3.62826
82.6646 -33.7798 3.62278
82.6868 -33.7376 3.62518
82.6554 -33.6975 3.62642
82.653 -33.687 3.62775
82.6034 -33.7775 3.62888
82.7388 -33.702 3.62619
82.6491 -33.7286 3.62863
82.7493 -33.8514 3.62945
82.6518 -33.7529 3.62771
82.7114 -33.7619 3.62329
82.7844 -33.79 3.62594
82.6395 -33.8079 3.62885
82.6691 -33.7522 3.62785
82.5705 -33.7829 3.62715
82.6472 -33.7728 3.6299
82.7387 -33.7205 3.62954
82.614 -33.6196 3.62671
82.7313 -33.7554 3.62731
82.6861 -33.7466 3.6286
82.777 -33.6891 3.62946
82.5948 -33.7794 3.62557
82.7075 -33.6982 3.62982
82.6653 -33.6719 3.62603
82.6926 -33.7276 3.62608
82.6789 -33.7323 3.62859
82.7095 -33.7624 3.62563
82.7886 -33.6889 3.62852
82.6884 -33.7942 3.62983
82.6519 -33.7668 3.62867
82.6786 -33.7737 3.62794
82.6409 -33.7489 3.62649
82.6435 -33.8091 3.62709
82.7158 -33.7345 3.62836
82.7187 -33.7108 3.62659
82.7278 -33.7843 3.62698
82.7507 -33.6625 3.62821
82.712 -33.7531 3.6296
82.7021 -33.7282 3.6291
82.6981 -33.7614 3.62655
82.6237 -33.7261 3.62738
82.5542 -33.8105 3.62794
82.7767 -33.7696 3.62697
82.7314 -33.7494 3.6273
82.6757 -33.7666 3.62766
82.5835 -33.7805 3.62655
82.6902 -33.7581 3.6266
82.6019 -33.6664 3.6273
82.6063 -33.6986 3.62783
82.5925 -33.7167 3.62817
82.6441 -33.6931 3.63071
82.6893 -33.8008 3.63054
82.746 -33.7088 3.63105
82.6959 -33.7722 3.62244
82.6817 -33.7616 3.62443
82.6454 -33.7995 3.6238
82.6888 -33.69 3.63095
82.6425 -33.6741 3.63039
82.6355 -33.675 3.62822
82.7361 -33.6882 3.62585
82.6556 -33.6714 3.63106
82.6875 -33.7464 3.62585
82.6762 -33.7711 3.62457
82.6745 -33.7383 3.63138
82.6681 -33.7087 3.62893
82.7067 -33.7573 3.62757
82.8077 -33.7011 3.63042
82.6664 -33.7328 3.63076
82.6155 -33.6732 3.62713
82.5787 -33.7138 3.62545
82.6114 -33.7954 3.62642
82.7209 -33.7578 3.6266
82.6995 -33.702 3.63022
82.6369 -33.7465 3.62625
82.6503 -33.7613 3.62926
82.6783 -33.7257 3.63181
82.644 -33.8307 3.62737
82.6399 -33.7753 3.62918
82.6776 -33.7778 3.63109
82.6796 -33.771 3.63041
82.6396 -33.7008 3.6249
82.7724 -33.7031 3.62597
82.7003 -33.6889 3.62732
82.7422 -33.7428 3.62724
82.591 -33.7275 3.62923
82.5792 -33.8059 3.62642
82.6518 -33.758 3.62873
82.6616 -33.7435 3.62718
82.6983 -33.7636 3.63138
82.6895 -33.8021 3.62882
82.7472 -33.7323 3.62903
82.7857 -33.6903 3.62762
82.6376 -33.8623 3.62492
82.7524 -33.6867 3.63044
82.6684 -33.8267 3.62521
82.6726 -33.7468 3.62692
82.687 -33.7325 3.62817
82.6541 -33.7399 3.6294
82.7384 -33.7564 3.62806
82.6351 -33.7617 3.62773
82.6956 -33.8025 3.62652
82.7304 -33.7323 3.63095
82.6223 -33.7397 3.62752
82.6007 -33.7749 3.62762
82.7116 -33.6857 3.62533
82.6759 -33.7707 3.62615
82.7382 -33.744 3.63048
82.6366 -33.7619 3.62897
82.7081 -33.8029 3.62636
82.6797 -33.8056 3.62662
82.6593 -33.6811 3.63023
82.5964 -33.6446 3.62793
82.7711 -33.7006 3.62711
82.7436 -33.7102 3.62567
82.7264 -33.6938 3.62866
82.7904 -33.7237 3.62782
82.7745 -33.6933 3.62605
82.6448 -33.7665 3.62703
82.766 -33.7946 3.6267
82.7685 -33.6906 3.62854
82.6904 -33.7708 3.62489
82.6224 -33.7211 3.6286
82.6741 -33.7137 3.62918
82.6729 -33.7265 3.62964
82.6259 -33.8439 3.62949
82.6868 -33.693 3.62593
82.7008 -33.694 3.63233
82.6828 -33.6804 3.63202
82.5439 -33.8021 3.62668
82.6363 -33.7738 3.62739
82.6543 -33.7433 3.62752
82.6994 -33.7977 3.62895
82.6109 -33.7571 3.62602
82.6491 -33.7155 3.62776
82.66 -33.7136 3.6276
82.7224 -33.6114 3.62814
82.6525 -33.683 3.62658
82.7197 -33.742 3.62838
82.7799 -33.7004 3.62823
82.723 -33.7212 3.62467
82.749 -33.7513 3.62687
82.785 -33.7381 3.62721
83.4633 -36.6166 3.62394
