152.992 -14.4152 3.32722
152.879 -14.3907 3.32578
152.978 -14.3099 3.32653
152.911 -14.4059 3.32671
152.911 -14.4954 3.32846
153.042 -14.3884 3.32568
153.017 -14.4593 3.32808
152.877 -14.4629 3.32391
152.969 -14.3829 3.32851
152.891 -14.3737 3.32527
152.916 -14.3413 3.32597
153.075 -14.4759 3.32831
152.869 -14.4545 3.32346
152.869 -14.3394 3.32331
152.851 -14.4414 3.32261
152.908 -14.4382 3.32289
152.96 -14.4373 3.32328
152.935 -14.3839 3.3252
152.943 -14.4348 3.32355
152.81 -14.5579 3.32418
152.814 -14.5607 3.32427
152.838 -14.4521 3.32628
153.001 -14.3955 3.32798
152.866 -14.4269 3.32377
152.866 -14.4225 3.32383
152.873 -14.4937 3.32604
152.921 -14.4986 3.3255
152.919 -14.509 3.32555
152.987 -14.4184 3.32686
152.99 -14.4608 3.32639
152.947 -14.3468 3.32491
152.899 -14.5304 3.32652
152.899 -14.5345 3.32639
152.974 -14.4313 3.3262
152.916 -14.4169 3.32896
152.917 -14.4176 3.32883
152.984 -14.4645 3.33094
152.998 -14.4534 3.32844
153.004 -14.3537 3.32247
152.819 -14.2963 3.32257
153.001 -14.5346 3.3284
153.025 -14.38 3.32702
153.095 -14.5049 3.32857
152.885 -14.3997 3.32579
152.992 -14.3661 3.32794
152.945 -14.4013 3.32671
152.833 -14.5345 3.32354
152.848 -14.5195 3.32513
152.994 -14.336 3.32511
152.878 -14.4437 3.32698
152.869 -14.4082 3.32761
152.919 -14.4861 3.32564
152.837 -14.4468 3.32785
152.904 -14.5121 3.32341
152.897 -14.4757 3.32741
152.916 -14.4581 3.32374
152.944 -14.3828 3.32622
152.843 -14.4852 3.32612
152.917 -14.3797 3.32587
152.972 -14.5033 3.32881
152.98 -14.5025 3.32884
152.973 -14.5047 3.32874
152.904 -14.3279 3.32611
153.016 -14.5402 3.3268
153.041 -14.5318 3.3248
152.848 -14.4481 3.32598
152.952 -14.4964 3.32582
152.909 -14.4461 3.3248
152.912 -14.482 3.3258
152.955 -14.3751 3.32647
152.919 -14.4552 3.32574
152.866 -14.3891 3.32428
153.022 -14.4551 3.32794
152.881 -14.5146 3.32655
153.01 -14.4956 3.32815
153.018 -14.4201 3.32697
152.97 -14.4199 3.328
152.879 -14.4368 3.32756
152.883 -14.4368 3.32764
153.019 -14.4898 3.32554
152.975 -14.4116 3.32243
153.054 -14.3425 3.32618
152.984 -14.4924 3.32677
152.944 -14.486 3.325
152.92 -14.4353 3.32834
152.973 -14.4732 3.3287
152.982 -14.4004 3.32765
152.935 -14.417 3.32887
152.832 -14.3188 3.32351
152.855 -14.333 3.32139
152.846 -14.4514 3.32578
152.939 -14.3577 3.32883
152.871 -14.459 3.32817
152.975 -14.428 3.32814
152.848 -14.3716 3.32633
153.02 -14.4156 3.32816
152.929 -14.4079 3.3243
152.937 -14.3813 3.32656
153.064 -14.372 3.328
152.865 -14.4793 3.32832
153.018 -14.373 3.32538
152.804 -14.4131 3.32359
152.807 -14.42 3.32371
152.815 -14.4189 3.32347
152.909 -14.4332 3.32435
152.946 -14.4012 3.32338
152.981 -14.4773 3.32358
152.947 -14.4413 3.32591
152.917 -14.4455 3.32732
152.982 -14.4016 3.32541
152.912 -14.4484 3.32499
153.053 -14.3769 3.32581
152.894 -14.4461 3.32302
152.855 -14.4157 3.32533
152.923 -14.3572 3.32714
152.979 -14.3552 3.32323
152.882 -14.372 3.32423
152.905 -14.4602 3.32608
152.903 -14.4601 3.32592
152.957 -14.3496 3.32642
152.822 -14.3055 3.32572
152.889 -14.3298 3.32188
152.947 -14.4218 3.32322
152.92 -14.3156 3.32655
152.946 -14.3493 3.32537
152.845 -14.4061 3.32558
152.982 -14.3331 3.32832
153.001 -14.4285 3.33037
152.902 -14.4729 3.32657
152.899 -14.4764 3.32649
152.991 -14.4464 3.3271
152.923 -14.3803 3.32579
152.919 -14.4598 3.32944
152.922 -14.3551 3.32736
153.001 -14.4536 3.32682
152.955 -14.4134 3.3241
153.068 -14.4167 3.32527
152.896 -14.4527 3.32747
152.894 -14.4618 3.3273
152.887 -14.3307 3.32458
152.893 -14.3307 3.32463
152.885 -14.5275 3.32931
153.025 -14.4466 3.32378
152.868 -14.4565 3.32332
152.889 -14.3593 3.32371
152.895 -14.3539 3.32353
152.978 -14.3075 3.32601
152.945 -14.3016 3.32544
152.925 -14.3365 3.32609
152.961 -14.3874 3.3259
152.916 -14.3397 3.32546
152.895 -14.5084 3.32727
152.94 -14.4662 3.32619
152.897 -14.3486 3.32408
152.902 -14.4527 3.32794
152.964 -14.4177 3.3247
152.813 -14.306 3.32194
152.972 -14.4902 3.32792
152.907 -14.3976 3.32647
152.886 -14.4099 3.32563
152.881 -14.4063 3.32566
152.913 -14.4312 3.32687
152.902 -14.4309 3.32554
152.898 -14.426 3.3254
152.819 -14.5251 3.32364
152.925 -14.3982 3.32923
152.852 -14.5117 3.32259
152.863 -14.4144 3.32807
152.949 -14.4224 3.32522
152.844 -14.4118 3.32312
153.012 -14.5454 3.32937
152.979 -14.4096 3.32683
152.825 -14.4294 3.32789
152.989 -14.4427 3.32615
152.968 -14.4397 3.32386
152.995 -14.4133 3.32728
152.995 -14.4115 3.32734
152.894 -14.4564 3.32367
152.944 -14.3972 3.32832
152.859 -14.3853 3.32654
152.876 -14.3371 3.32404
152.968 -14.4477 3.32724
152.874 -14.4319 3.32555
152.974 -14.3683 3.3282
152.991 -14.3945 3.32906
152.925 -14.44 3.32453
153.116 -14.4314 3.32841
152.95 -14.4968 3.32665
152.867 -14.3338 3.32578
152.912 -14.4128 3.32664
152.914 -14.4719 3.32834
152.908 -14.4985 3.32839
152.939 -14.4525 3.32715
152.875 -14.4579 3.32397
152.968 -14.3828 3.32842
152.884 -14.3765 3.32526
152.86 -14.282 3.32721
152.872 -14.4541 3.32351
152.923 -14.3762 3.32613
152.916 -14.3818 3.32612
152.848 -14.4448 3.3227
152.909 -14.442 3.32293
152.97 -14.4857 3.3255
152.992 -14.4641 3.32982
153.074 -14.4548 3.32837
152.811 -14.559 3.32447
152.832 -14.3995 3.32573
152.994 -14.5543 3.32672
152.884 -14.3868 3.32858
152.998 -14.3926 3.32785
153.002 -14.3881 3.32785
152.899 -14.3438 3.3269
152.868 -14.4253 3.32413
152.924 -14.5016 3.3255
152.894 -14.5269 3.3276
153.021 -14.4209 3.32801
152.989 -14.4131 3.32652
152.988 -14.3767 3.32595
152.92 -14.4385 3.32717
152.981 -14.4286 3.32627
153.031 -14.3757 3.32675
153.034 -14.3705 3.3267
153.034 -14.3752 3.32673
152.933 -14.3308 3.32468
152.933 -14.3311 3.32454
152.891 -14.4366 3.32894
152.927 -14.4071 3.32853
153.001 -14.5372 3.32842
152.972 -14.3568 3.32653
153.007 -14.4071 3.32498
153.092 -14.5059 3.3287
153.061 -14.4087 3.3266
152.886 -14.3957 3.32584
153.048 -14.4348 3.32809
152.993 -14.3717 3.32798
152.979 -14.3998 3.32707
152.943 -14.4753 3.32414
152.948 -14.478 3.32441
152.838 -14.5351 3.32328
153.047 -14.5391 3.32709
153.05 -14.5341 3.32728
153.019 -14.3467 3.3288
152.873 -14.4378 3.32702
152.916 -14.4861 3.32579
152.855 -14.4115 3.32632
152.908 -14.504 3.32222
152.927 -14.3495 3.3242
152.907 -14.4784 3.32747
152.916 -14.4604 3.32385
152.999 -14.4132 3.32667
152.851 -14.4775 3.3262
152.847 -14.4858 3.32642
152.911 -14.3869 3.32569
152.975 -14.5041 3.32886
152.964 -14.4281 3.32757
152.844 -14.4523 3.32601
152.955 -14.5073 3.32478
152.995 -14.4079 3.32899
152.917 -14.4849 3.32578
152.808 -14.3624 3.32359
153.094 -14.4025 3.33046
152.926 -14.4241 3.32695
152.965 -14.3516 3.32863
152.838 -14.5157 3.32601
152.834 -14.5109 3.32619
152.881 -14.5114 3.32656
153.004 -14.4998 3.32812
152.884 -14.4358 3.32762
152.978 -14.4101 3.32255
152.851 -14.3231 3.32341
152.881 -14.3737 3.32858
152.949 -14.4841 3.32501
152.923 -14.4368 3.32863
152.982 -14.4707 3.32892
152.975 -14.4718 3.32876
152.978 -14.3987 3.32771
152.852 -14.3174 3.32581
152.818 -14.3454 3.32688
152.987 -14.5202 3.32659
152.894 -14.3133 3.32458
152.857 -14.3394 3.32161
152.858 -14.3403 3.32186
152.837 -14.4528 3.32571
152.872 -14.4559 3.32799
152.986 -14.4046 3.32379
152.896 -14.4434 3.32626
152.848 -14.375 3.3264
153.077 -14.4351 3.32891
153.079 -14.4365 3.32912
152.912 -14.3316 3.32808
152.941 -14.3778 3.32646
153.055 -14.4288 3.32681
153.073 -14.326 3.32824
152.904 -14.5586 3.32506
152.941 -14.3824 3.32737
152.86 -14.478 3.32834
152.868 -14.3194 3.32514
152.921 -14.344 3.32392
152.849 -14.4108 3.32219
152.905 -14.4386 3.32442
152.904 -14.4314 3.3243
152.997 -14.5242 3.32784
152.864 -14.3315 3.32339
152.844 -14.396 3.3281
152.941 -14.4389 3.32592
152.981 -14.4022 3.32539
152.928 -14.4849 3.32685
152.915 -14.4487 3.32505
152.898 -14.4474 3.32307
152.856 -14.415 3.32546
152.869 -14.3432 3.32439
152.826 -14.3302 3.32469
152.984 -14.4396 3.32907
152.941 -14.3085 3.32821
152.88 -14.3748 3.32452
152.936 -14.4366 3.32414
152.949 -14.4159 3.32324
152.892 -14.4369 3.32519
152.944 -14.3575 3.32538
152.848 -14.4032 3.32568
152.845 -14.4037 3.32581
152.849 -14.4062 3.32568
153.031 -14.3108 3.3256
152.994 -14.341 3.32555
152.893 -14.4759 3.32668
152.995 -14.4469 3.3271
152.928 -14.3765 3.32577
152.983 -14.3634 3.32569
153.045 -14.3805 3.32834
152.89 -14.3439 3.32535
152.846 -14.4507 3.32234
152.952 -14.4155 3.32408
152.96 -14.4093 3.32437
152.858 -14.4314 3.32623
152.883 -14.5951 3.32474
152.877 -14.5947 3.32461
152.897 -14.4529 3.32737
152.901 -14.4809 3.32551
152.885 -14.5253 3.32944
152.905 -14.4047 3.32914
152.913 -14.4945 3.32601
152.908 -14.414 3.32651
152.916 -14.4176 3.32641
152.922 -14.3443 3.32632
153.056 -14.3185 3.32773
152.914 -14.3364 3.32525
152.963 -14.4846 3.32982
152.945 -14.4656 3.32632
152.977 -14.345 3.32187
152.853 -14.3185 3.32605
152.884 -14.3182 3.32773
152.942 -14.3481 3.32597
152.889 -14.3463 3.32295
152.969 -14.4887 3.32788
152.942 -14.4759 3.32831
152.801 -14.4087 3.32511
152.888 -14.4036 3.32551
152.911 -14.4393 3.32687
152.914 -14.4377 3.32684
152.82 -14.516 3.32366
152.817 -14.527 3.32361
153.031 -14.5478 3.33016
152.872 -14.4249 3.32463
152.85 -14.5124 3.32253
152.862 -14.4133 3.32799
152.846 -14.4076 3.32294
152.845 -14.4101 3.32308
152.978 -14.4047 3.3271
152.929 -14.4271 3.32867
152.996 -14.4382 3.32591
153.011 -14.4462 3.32603
152.893 -14.4551 3.32389
152.903 -14.3741 3.32832
152.937 -14.514 3.32776
152.94 -14.5157 3.32776
152.939 -14.5105 3.32772
152.903 -14.3614 3.32503
152.965 -14.4487 3.32731
152.909 -14.3681 3.32346
152.878 -14.4293 3.32559
152.876 -14.4292 3.32543
152.933 -14.3805 3.32715
152.929 -14.3832 3.32722
152.887 -14.309 3.32492
152.845 -14.3076 3.32348
152.919 -14.4427 3.32448
152.98 -14.4 3.32728
152.986 -14.5098 3.32684
152.949 -14.4999 3.32628
152.948 -14.4974 3.32641
152.986 -14.4198 3.32703
152.928 -14.3641 3.32732
152.875 -14.3681 3.32467
152.883 -14.3838 3.32556
152.908 -14.4722 3.32835
152.906 -14.4932 3.32839
152.956 -14.3327 3.3263
153.005 -14.4638 3.32835
152.995 -14.5311 3.32791
152.998 -14.534 3.32804
152.915 -14.3445 3.3261
152.91 -14.4922 3.32469
152.917 -14.3754 3.32604
152.949 -14.3826 3.32874
152.853 -14.4466 3.32261
152.907 -14.442 3.32292
152.876 -14.4931 3.32665
152.936 -14.3906 3.32514
152.946 -14.4402 3.32359
152.828 -14.4062 3.32574
152.894 -14.3598 3.32645
152.999 -14.3994 3.32774
152.995 -14.3924 3.32788
152.869 -14.4257 3.32407
152.859 -14.4282 3.32387
152.918 -14.5036 3.3257
153.022 -14.418 3.32812
152.989 -14.4097 3.32646
152.938 -14.3512 3.32717
152.982 -14.4289 3.32612
152.983 -14.4295 3.32597
152.913 -14.4153 3.32876
152.927 -14.3337 3.3245
152.889 -14.4344 3.32877
152.922 -14.4104 3.32851
152.943 -14.3949 3.32768
153.064 -14.3846 3.32496
152.913 -14.4527 3.32653
152.881 -14.3958 3.3259
152.884 -14.3949 3.32579
152.944 -14.3985 3.32664
152.985 -14.4029 3.32715
152.942 -14.4797 3.32438
152.848 -14.5198 3.32511
152.848 -14.5212 3.32508
152.875 -14.4377 3.32699
152.848 -14.3674 3.32582
152.919 -14.4905 3.32592
152.909 -14.5094 3.32341
152.903 -14.4758 3.32733
152.993 -14.4127 3.32647
152.946 -14.3822 3.32605
152.854 -14.4805 3.32622
152.829 -14.2567 3.32475
152.916 -14.3834 3.3258
152.96 -14.4278 3.32751
153.044 -14.5356 3.32493
152.949 -14.4967 3.32581
152.954 -14.4971 3.32591
152.947 -14.4954 3.3257
152.951 -14.5085 3.32484
152.909 -14.4454 3.3248
152.919 -14.485 3.32586
152.803 -14.3595 3.32382
152.808 -14.3648 3.3239
152.919 -14.4564 3.32581
152.921 -14.4571 3.32568
152.95 -14.3381 3.32411
152.922 -14.4189 3.32701
153.019 -14.4602 3.3279
152.883 -14.5145 3.32652
152.93 -14.3208 3.32697
152.886 -14.4414 3.32767
152.888 -14.4385 3.32758
152.903 -14.2948 3.32582
152.983 -14.4926 3.32687
152.949 -14.4878 3.32514
152.97 -14.4764 3.32877
152.982 -14.4708 3.32873
152.864 -14.3085 3.32648
152.994 -14.518 3.32789
152.982 -14.5167 3.32672
152.983 -14.5179 3.32687
152.928 -14.359 3.32702
152.898 -14.315 3.32443
152.872 -14.4581 3.32808
152.967 -14.3877 3.32628
152.898 -14.4486 3.32636
152.898 -14.4479 3.32645
152.841 -14.3731 3.32638
153.076 -14.4346 3.32906
153.056 -14.4308 3.32666
152.903 -14.5646 3.32502
153.014 -14.5094 3.32715
152.869 -14.3289 3.32515
152.831 -14.332 3.32641
152.923 -14.4542 3.3271
152.812 -14.4159 3.32349
152.85 -14.4127 3.32224
152.852 -14.4171 3.32219
152.944 -14.4174 3.32483
152.943 -14.4004 3.32331
152.869 -14.4271 3.3289
152.942 -14.4429 3.3258
153.004 -14.375 3.32903
152.935 -14.4923 3.32683
152.952 -14.4488 3.32537
152.917 -14.446 3.32505
152.898 -14.4519 3.3231
154.776 -14.0239 3.316
