34.3982 -76.183 3.92065
34.4841 -76.2249 3.91877
34.522 -76.2485 3.92092
34.4868 -76.248 3.91948
34.5205 -76.2299 3.92153
34.5074 -76.1784 3.91922
34.5018 -76.1245 3.92122
34.439 -76.2421 3.92186
34.3807 -76.2087 3.91884
34.3859 -76.1773 3.91779
34.4498 -76.085 3.91908
34.4343 -76.1532 3.92004
34.3832 -76.2323 3.91821
34.367 -76.3197 3.91862
34.3741 -76.2822 3.91672
34.4054 -76.1395 3.91835
34.4294 -76.1281 3.92018
34.5071 -76.2475 3.91611
34.3223 -76.2928 3.92312
34.4845 -76.2135 3.91722
34.4513 -76.2385 3.91707
34.4073 -76.1936 3.91983
34.43 -76.1725 3.91779
34.4333 -76.1855 3.92014
34.5382 -76.207 3.91738
34.5538 -76.1909 3.91772
34.4707 -76.1598 3.91796
34.4488 -76.2168 3.91854
34.4102 -76.2744 3.91815
34.383 -76.186 3.91792
34.3832 -76.1886 3.91911
34.4019 -76.1777 3.91844
34.4962 -76.076 3.92119
34.4624 -76.0859 3.91749
34.4538 -76.0906 3.92063
34.5288 -76.1686 3.92016
34.5328 -76.1441 3.92044
34.434 -76.2318 3.919
34.3555 -76.1931 3.91818
34.3113 -76.1146 3.91851
34.462 -76.2491 3.92138
34.3566 -76.2413 3.91953
34.331 -76.2698 3.9196
34.4023 -76.1999 3.91954
34.4846 -76.2402 3.91965
34.4031 -76.212 3.91972
34.4476 -76.2346 3.91928
34.46 -76.1483 3.91761
34.5359 -76.2145 3.92223
34.4945 -76.1541 3.92127
34.474 -76.2122 3.91883
34.3848 -76.1892 3.91735
34.4037 -76.1999 3.92131
34.4296 -76.1929 3.92002
34.4212 -76.1138 3.91913
34.3523 -76.2172 3.91671
34.5581 -76.2652 3.92091
34.477 -76.2335 3.92091
34.4919 -76.2118 3.9176
34.4359 -76.1646 3.9216
34.3836 -76.1989 3.91766
34.3557 -76.2144 3.91622
34.4612 -76.2239 3.91908
34.4763 -76.1843 3.92108
34.4969 -76.1832 3.92137
34.4774 -76.172 3.91679
34.4604 -76.1798 3.91957
34.3844 -76.167 3.91887
34.4146 -76.189 3.92086
34.4152 -76.2179 3.91856
34.4758 -76.2313 3.91845
34.5213 -76.1791 3.92405
34.3617 -76.1216 3.91969
34.4087 -76.2304 3.92157
34.4255 -76.2103 3.91735
34.3851 -76.1297 3.91828
34.4071 -76.08 3.91712
34.4209 -76.2123 3.91955
34.4183 -76.1237 3.92286
34.3934 -76.1464 3.91766
34.5011 -76.0966 3.92017
34.5122 -76.2109 3.92034
34.3905 -76.1409 3.91735
34.3605 -76.1806 3.91967
34.4028 -76.2075 3.91853
34.5799 -76.2203 3.92183
34.3184 -76.0238 3.9162
34.3529 -76.1203 3.918
34.4216 -76.1229 3.91618
34.3543 -76.3286 3.92046
34.3445 -76.2151 3.9207
34.4643 -76.1545 3.91774
34.5093 -76.2069 3.92125
34.4921 -76.1234 3.92026
34.4114 -76.2248 3.91743
34.4712 -76.1033 3.91738
34.3883 -76.1529 3.9168
34.4722 -76.0691 3.9163
34.4117 -76.1906 3.91554
34.4848 -76.1737 3.919
34.4558 -76.1339 3.9155
34.4362 -76.2007 3.91774
34.551 -76.1553 3.92179
34.4909 -76.1672 3.92307
34.4765 -76.0974 3.92072
34.4479 -76.1195 3.92141
34.4776 -76.1097 3.91818
34.3934 -76.1357 3.91909
34.476 -76.1902 3.92049
34.5226 -76.2047 3.92183
34.381 -76.2399 3.91642
34.4162 -76.076 3.91882
34.5684 -76.286 3.92235
34.412 -76.2061 3.92033
34.4367 -76.2255 3.92078
34.3908 -76.1627 3.92084
34.4827 -76.1734 3.91856
34.5103 -76.2067 3.91896
34.4122 -76.2465 3.91543
34.5736 -76.2636 3.91941
34.4408 -76.2403 3.91876
34.5169 -76.3063 3.9208
34.3906 -76.1865 3.92083
34.4203 -76.1204 3.92145
34.4195 -76.1247 3.92169
34.4631 -76.2226 3.92201
34.4709 -76.2154 3.91719
34.342 -76.2106 3.91847
34.4145 -76.1393 3.91904
34.4093 -76.1638 3.91859
34.4604 -76.2099 3.91707
34.4587 -76.1397 3.91738
34.3898 -76.1661 3.91905
34.4441 -76.1235 3.91864
34.3834 -76.18 3.91884
34.4174 -76.2623 3.922
34.5003 -76.1372 3.91948
34.5058 -76.1542 3.91799
34.3994 -76.2271 3.91747
34.3958 -76.1665 3.91772
34.3733 -76.1471 3.91822
34.4372 -76.2248 3.92218
34.495 -76.1977 3.92084
34.3982 -76.1349 3.91909
34.4366 -76.1218 3.91636
34.378 -76.1758 3.91988
34.4714 -76.2398 3.91753
34.4979 -76.2108 3.92203
34.4792 -76.2575 3.92047
34.3475 -76.2229 3.92025
34.4195 -76.195 3.91751
34.5096 -76.1604 3.9201
34.3555 -76.2104 3.92022
34.4755 -76.2574 3.92214
34.4725 -76.133 3.91875
34.4981 -76.1678 3.91998
34.573 -76.1772 3.92081
34.4897 -76.1776 3.9202
34.3761 -76.1239 3.92042
34.4383 -76.2001 3.91927
34.4119 -76.2319 3.91912
34.4235 -76.1269 3.91924
34.3127 -76.2328 3.921
34.4074 -76.2273 3.91975
34.3923 -76.172 3.91946
34.3773 -76.2117 3.92183
34.4152 -76.2694 3.92106
34.4238 -76.2205 3.92311
34.4173 -76.1656 3.92354
34.5554 -76.2267 3.92017
34.4617 -76.1865 3.92122
34.5405 -76.2578 3.92419
34.544 -76.2626 3.91741
34.5451 -76.1358 3.92153
34.5529 -76.1555 3.91896
34.2686 -76.1805 3.92101
34.3384 -76.1835 3.91931
34.4585 -76.0778 3.92207
34.3318 -76.12 3.91622
34.3178 -76.1914 3.9182
34.4427 -76.098 3.92014
34.5676 -76.1885 3.92315
34.3592 -76.2163 3.91684
34.4567 -76.0326 3.91928
34.3901 -76.2346 3.91903
34.4431 -76.2325 3.91961
34.4182 -76.2217 3.92136
34.3783 -76.3248 3.91746
34.4283 -76.1179 3.92209
34.3363 -76.1707 3.91685
34.4745 -76.1522 3.92065
34.4571 -76.2197 3.91599
34.4741 -76.1088 3.91745
34.5048 -76.2974 3.92431
34.5753 -76.1906 3.92156
34.4846 -76.224 3.91782
34.5278 -76.2672 3.92231
34.5532 -76.2418 3.92211
34.4003 -76.1264 3.91701
34.4007 -76.1597 3.91812
34.4137 -76.1699 3.91911
34.3401 -76.1573 3.91813
34.4054 -76.2902 3.9171
34.612 -76.0622 3.9194
34.4662 -76.1795 3.92027
34.4828 -76.2041 3.92189
34.3483 -76.2236 3.92102
34.3568 -76.1788 3.91984
34.4802 -76.1216 3.92118
34.4498 -76.1515 3.91586
34.4413 -76.168 3.9168
34.5026 -76.1763 3.91965
34.3659 -76.1957 3.91981
34.4596 -76.1755 3.92356
34.3773 -76.2083 3.92173
34.3927 -76.1893 3.91789
34.4606 -76.1524 3.91895
34.3903 -76.118 3.91934
34.4709 -76.136 3.91954
34.3442 -76.3131 3.91807
34.4623 -76.1591 3.91794
34.3895 -76.2047 3.91654
34.4629 -76.2399 3.9195
34.4034 -76.1595 3.91736
34.6074 -76.2139 3.92137
34.4854 -76.0344 3.92088
34.3511 -76.1243 3.92055
34.397 -76.215 3.91736
34.5145 -76.2529 3.91956
34.3922 -76.1244 3.91796
34.418 -76.2538 3.91822
34.4075 -76.1978 3.91953
34.4869 -76.1511 3.91748
34.4812 -76.1858 3.91998
34.3504 -76.2087 3.9195
34.4505 -76.1663 3.91873
34.3393 -76.1291 3.91801
34.5622 -76.2573 3.92227
34.5443 -76.2556 3.92158
34.6127 -76.2462 3.92335
34.4127 -76.1142 3.91837
34.383 -76.135 3.91851
34.397 -76.132 3.91855
34.4472 -76.2416 3.92021
34.4434 -76.2498 3.92161
34.3785 -76.1446 3.92091
34.418 -76.1149 3.91835
34.4051 -76.1088 3.92098
34.4668 -76.1731 3.91862
34.3153 -76.1089 3.92095
34.5551 -76.2977 3.92029
34.4785 -76.2447 3.91983
34.385 -76.2857 3.91881
34.4216 -76.2529 3.91854
34.4348 -76.2468 3.92028
34.4148 -76.1715 3.91888
34.439 -76.1709 3.92039
34.4331 -76.1713 3.91947
34.4787 -76.1739 3.91602
34.4516 -76.1872 3.9193
34.4059 -76.1883 3.92003
34.4125 -76.1076 3.91714
34.3668 -76.3169 3.91578
34.5118 -76.0902 3.91747
34.2959 -76.1738 3.91884
34.4653 -76.1872 3.92301
34.3715 -76.2739 3.92129
34.4237 -76.1527 3.91955
34.4711 -76.201 3.91773
34.5601 -76.303 3.92302
34.2134 -76.1263 3.91574
34.531 -76.2602 3.92001
34.4057 -76.1149 3.91832
34.3945 -76.1992 3.91912
34.4322 -76.0914 3.91695
34.4683 -76.087 3.91928
34.3552 -76.1105 3.91749
34.455 -76.2901 3.92058
34.402 -76.2476 3.91812
34.4263 -76.1575 3.91781
34.4168 -76.1253 3.91626
34.3803 -76.1922 3.91984
34.3805 -76.1537 3.92064
34.4487 -76.1849 3.92017
34.4126 -76.1857 3.92035
34.5136 -76.1525 3.91736
34.5518 -76.2283 3.92237
34.3972 -76.1735 3.91586
34.3766 -76.1209 3.91857
34.5574 -76.225 3.92243
34.3658 -76.239 3.91954
34.5006 -76.0893 3.9225
34.4356 -76.1273 3.91651
34.4732 -76.2381 3.91684
34.4699 -76.2253 3.92068
34.3875 -76.1796 3.91944
34.3749 -76.1875 3.91834
34.4409 -76.1901 3.91882
34.4175 -76.1371 3.91811
34.3553 -76.2795 3.92126
34.4178 -76.2636 3.92032
34.3363 -76.2321 3.9214
34.5047 -76.2334 3.92016
34.4511 -76.2355 3.91913
34.5039 -76.1738 3.92005
34.4231 -76.2063 3.91866
34.4047 -76.1754 3.91874
34.4661 -76.2939 3.91787
34.4659 -76.179 3.91674
34.4423 -76.2544 3.9198
34.4384 -76.2323 3.91901
34.4134 -76.2703 3.91492
34.3966 -76.2039 3.91758
34.5655 -76.2026 3.91922
34.4912 -76.2008 3.91781
34.4087 -76.1994 3.91673
34.3969 -76.191 3.91728
34.369 -76.2068 3.91857
34.3589 -76.1815 3.91963
34.4082 -76.2317 3.91796
34.3856 -76.2511 3.91673
34.5218 -76.1581 3.92183
34.534 -76.1813 3.92244
34.3972 -76.1864 3.91988
34.4145 -76.1163 3.92121
34.5068 -76.2389 3.91632
34.447 -76.2186 3.91704
34.5331 -76.2027 3.92018
34.5304 -76.2135 3.92065
34.5157 -76.1653 3.91974
34.4359 -76.1552 3.91687
34.4 -76.2119 3.92132
34.4464 -76.1663 3.92311
34.5514 -76.1877 3.9193
34.4741 -76.2688 3.91959
34.4365 -76.1657 3.91773
34.4498 -76.2497 3.92231
34.5099 -76.2429 3.92171
34.4833 -76.1306 3.91931
34.4536 -76.1796 3.91476
34.4452 -76.2272 3.91679
34.3943 -76.1715 3.91894
34.4231 -76.1896 3.92039
34.452 -76.1807 3.91949
34.5343 -76.1995 3.91844
34.5105 -76.216 3.91893
34.5459 -76.1252 3.92252
34.4149 -76.1881 3.92132
34.3898 -76.1795 3.92001
34.4659 -76.3091 3.92103
34.4405 -76.2559 3.91949
34.4654 -76.1856 3.91827
34.4458 -76.2283 3.91863
34.397 -76.0835 3.91651
34.4349 -76.1505 3.91815
34.521 -76.2236 3.92343
34.4749 -76.2364 3.92119
34.4847 -76.229 3.92137
34.3367 -76.2358 3.9181
34.5616 -76.1306 3.92113
34.5434 -76.3141 3.91948
34.3222 -76.1994 3.91884
34.3952 -76.1067 3.91774
34.5598 -76.2666 3.92292
34.4085 -76.3155 3.92023
34.3868 -76.1684 3.91616
34.4303 -76.2051 3.91724
34.4597 -76.2579 3.92095
34.2901 -76.2328 3.91993
34.358 -76.2204 3.9185
34.4301 -76.1985 3.92143
34.4276 -76.1917 3.9163
34.4542 -76.2223 3.91882
34.4989 -76.2205 3.91989
34.4453 -76.1665 3.91983
34.4237 -76.2051 3.91875
34.5687 -76.1428 3.92043
34.4065 -76.1878 3.91742
34.4563 -76.1318 3.91625
34.4225 -76.1361 3.91638
34.3113 -76.3302 3.91669
34.442 -76.1523 3.91491
34.492 -76.2209 3.91826
34.449 -76.1807 3.91824
34.4939 -76.1237 3.92028
34.3571 -76.1947 3.92213
34.4246 -76.1143 3.92035
34.5471 -76.1445 3.92074
34.3471 -76.2093 3.91848
34.3695 -76.1768 3.91807
34.5985 -76.115 3.9215
34.3714 -76.2529 3.91958
34.4556 -76.2243 3.92181
34.2977 -76.2066 3.91957
34.454 -76.2366 3.92027
34.4026 -76.1982 3.91842
34.4646 -76.1748 3.91923
34.5132 -76.251 3.91998
34.5369 -76.2449 3.91892
34.4812 -76.243 3.92155
34.4626 -76.2669 3.92107
34.4045 -76.1438 3.92095
34.5051 -76.1518 3.92223
34.4183 -76.2433 3.9199
34.4831 -76.2899 3.91765
34.4031 -76.2966 3.92197
34.3745 -76.1987 3.91819
34.4162 -76.153 3.91665
34.4364 -76.1299 3.918
34.4194 -76.1071 3.92005
34.4838 -76.0981 3.92056
34.4252 -76.1608 3.91865
34.5176 -76.1933 3.92112
34.3541 -76.1253 3.91925
34.403 -76.1204 3.91781
34.3075 -76.2444 3.91945
34.4455 -76.2416 3.92118
34.3929 -76.2598 3.92222
34.527 -76.1352 3.9184
34.437 -76.2082 3.92028
34.4941 -76.1704 3.91718
34.4374 -76.266 3.9199
34.4421 -76.1812 3.92282
34.4042 -76.1533 3.92161
34.3275 -76.2427 3.91962
34.4137 -76.1373 3.91771
34.3353 -76.1436 3.91749
34.3953 -76.2274 3.91861
34.466 -76.2186 3.91933
34.5006 -76.1712 3.91934
34.4375 -76.2315 3.91888
34.4127 -76.2548 3.91912
34.4356 -76.1919 3.92057
34.3737 -76.1972 3.91928
34.4241 -76.1292 3.91925
34.4149 -76.1493 3.92548
34.4872 -76.1732 3.92036
34.507 -76.1619 3.92215
34.5284 -76.2229 3.9229
34.4463 -76.2485 3.92158
34.47 -76.1274 3.91801
34.5247 -76.0806 3.92006
34.4953 -76.231 3.9184
34.453 -76.3245 3.92438
34.4426 -76.315 3.91862
34.4096 -76.101 3.9182
34.4561 -76.1509 3.91919
34.4871 -76.1645 3.91965
34.4412 -76.1604 3.91984
34.478 -76.16 3.91748
34.4227 -76.1799 3.91694
34.4782 -76.1058 3.92064
34.4444 -76.2739 3.92165
34.3794 -76.1865 3.9199
34.4082 -76.1402 3.91967
34.3842 -76.2386 3.91855
34.4106 -76.2798 3.91737
34.4922 -76.2321 3.91876
34.5052 -76.2324 3.92089
34.3562 -76.0962 3.91864
34.4665 -76.1545 3.91472
34.4282 -76.2292 3.91979
34.3646 -76.197 3.91949
34.3245 -76.1579 3.91707
34.4177 -76.1188 3.91828
34.3148 -76.2533 3.9173
34.6328 -76.1863 3.92386
34.5844 -76.0847 3.92144
34.363 -76.1951 3.91766
34.3926 -76.2311 3.91847
34.4305 -76.2131 3.92121
34.4003 -76.2209 3.91831
34.4851 -76.1086 3.92246
34.4546 -76.0894 3.92414
34.3941 -76.2333 3.91535
34.5599 -76.1206 3.92218
34.5312 -76.2384 3.91613
34.4588 -76.1679 3.92038
34.4503 -76.1706 3.91635
34.464 -76.3271 3.91731
34.5165 -76.3086 3.92021
34.3361 -76.1522 3.91473
34.2915 -76.2431 3.91972
34.4617 -76.1571 3.91892
34.4074 -76.3045 3.91884
34.3696 -76.2663 3.91898
34.542 -76.1004 3.92008
34.4294 -76.1944 3.92205
34.5163 -76.2427 3.92004
34.461 -76.2498 3.9232
34.4922 -76.2193 3.92001
34.4158 -76.1943 3.91523
34.4366 -76.2235 3.91666
34.5444 -76.1383 3.92092
34.5296 -76.2435 3.92175
34.4482 -76.0763 3.9211
34.4385 -76.1005 3.92053
34.3548 -76.2021 3.91981
34.384 -76.2206 3.91681
35.0456 -79.1347 3.91723
