138.423 20.8256 0.0704178
138.448 20.8382 0.0713543
138.437 20.823 0.0722695
138.392 20.8674 0.0735685
138.392 20.8694 0.0735425
138.395 20.8736 0.07341
138.434 20.7114 0.0694915
138.462 20.8247 0.0727142
138.424 20.7867 0.0704717
138.474 20.718 0.0721046
138.459 20.8015 0.0695902
138.491 20.7216 0.0734654
138.432 20.8576 0.0698978
138.419 20.8372 0.0698788
138.453 20.8581 0.0687983
138.466 20.7523 0.0727116
138.44 20.8185 0.072102
138.441 20.8308 0.0698138
138.391 20.8666 0.0735895
138.46 20.815 0.0726701
138.459 20.8252 0.0725411
138.455 20.7994 0.0691906
138.486 20.7214 0.0735876
138.442 20.8273 0.0729594
138.487 20.6433 0.0708823
138.419 20.8239 0.0704917
138.427 20.8311 0.0704083
138.451 20.858 0.06882
138.46 20.7486 0.0728753
138.438 20.8205 0.0720936
138.391 20.8723 0.0735487
138.459 20.8222 0.0728325
138.461 20.8209 0.0726383
138.418 20.7826 0.0704972
138.492 20.7203 0.0723071
138.462 20.8072 0.0710102
138.434 20.8504 0.0697592
138.441 20.8284 0.0727991
138.485 20.6465 0.0707816
138.4 20.8147 0.0701713
138.48 20.6978 0.0683037
138.465 20.7881 0.0695651
138.411 20.7169 0.0710548
138.446 20.8339 0.0700154
138.375 20.8382 0.0712667
138.368 20.8351 0.0712987
138.475 20.7425 0.0730312
138.486 20.7208 0.0720708
138.449 20.763 0.0680131
138.432 20.8603 0.0700276
138.44 20.8318 0.072819
138.506 20.6777 0.0699937
138.423 20.8262 0.0703373
138.46 20.7903 0.0725306
138.445 20.835 0.07144
138.438 20.7803 0.0719164
138.417 20.7195 0.0711964
138.395 20.8691 0.0735747
138.397 20.8678 0.0735062
138.396 20.8686 0.0734364
138.376 20.8395 0.0712316
138.372 20.8336 0.0711592
138.452 20.8226 0.0725204
138.476 20.7127 0.0722081
138.46 20.8009 0.0709788
138.488 20.6993 0.0694763
138.441 20.8257 0.0728975
138.407 20.8097 0.0700799
138.465 20.7887 0.0726346
138.45 20.8609 0.0687988
138.433 20.7779 0.0722276
138.464 20.7454 0.0728622
138.442 20.8259 0.0699719
138.395 20.8659 0.0736902
138.376 20.8384 0.0713673
138.46 20.8202 0.0726997
138.456 20.8215 0.0728869
138.404 20.8587 0.0716693
138.401 20.86 0.071654
138.431 20.7779 0.071061
138.432 20.8524 0.0698434
138.468 20.7111 0.0699161
138.423 20.8378 0.069786
138.422 20.8242 0.0703735
138.446 20.8359 0.0715602
138.418 20.7145 0.0712444
138.442 20.8255 0.0699452
138.376 20.8411 0.0714075
138.492 20.7238 0.0720764
138.402 20.8591 0.0716114
138.484 20.7158 0.0726026
138.445 20.83 0.0728792
138.441 20.8266 0.072757
138.418 20.8351 0.0698431
138.405 20.8118 0.0699239
138.451 20.866 0.068697
138.445 20.8364 0.0713719
138.448 20.8374 0.0715237
138.472 20.7394 0.0729922
138.439 20.8195 0.0720253
138.391 20.8714 0.0735571
138.402 20.711 0.0731962
138.457 20.8214 0.0727545
138.48 20.7408 0.0728489
138.399 20.8626 0.0716398
138.465 20.8034 0.0710061
138.49 20.7107 0.0727585
138.44 20.8334 0.0728924
138.405 20.8146 0.0700232
138.443 20.8365 0.0714429
138.474 20.6723 0.0736812
138.487 20.7201 0.073669
138.432 20.8212 0.0720598
138.445 20.8327 0.0698315
138.369 20.8425 0.0711979
138.454 20.822 0.0726211
138.494 20.7272 0.0722185
138.46 20.8016 0.0695567
138.399 20.8583 0.07141
138.49 20.7021 0.069392
138.434 20.8585 0.0700488
138.442 20.8314 0.0728437
138.421 20.8347 0.0699136
138.428 20.8213 0.0703973
138.465 20.7895 0.0724954
138.442 20.8334 0.0714672
138.486 20.7103 0.0722718
138.434 20.8209 0.0720653
138.438 20.8261 0.069912
138.441 20.824 0.0696947
138.391 20.8686 0.073597
138.396 20.7124 0.0733329
138.369 20.8395 0.0712485
138.426 20.7798 0.0705078
138.459 20.7973 0.0694615
138.398 20.8616 0.0715347
138.462 20.805 0.0711811
138.432 20.8541 0.0698029
138.435 20.7318 0.0718264
138.458 20.7862 0.0723926
138.461 20.7876 0.0726936
138.437 20.8361 0.0713943
138.437 20.7722 0.0721974
138.47 20.6786 0.0735849
138.467 20.7803 0.069596
138.492 20.7206 0.0737394
138.438 20.8196 0.072117
138.392 20.8727 0.0735446
138.376 20.8378 0.0711608
138.376 20.8444 0.0712564
138.37 20.8367 0.0711191
138.474 20.7158 0.0721648
138.396 20.8598 0.0715956
138.43 20.774 0.0710676
138.472 20.7146 0.070016
138.438 20.7366 0.0717915
138.405 20.8116 0.0701072
138.445 20.862 0.0688125
138.444 20.8365 0.0714891
138.443 20.8355 0.0713058
138.458 20.7149 0.0713994
138.393 20.869 0.0735906
138.456 20.8263 0.0726713
138.453 20.8246 0.0727042
138.398 20.8598 0.0715843
138.465 20.8022 0.0710737
138.438 20.8562 0.0698591
138.436 20.8566 0.0698488
138.435 20.8302 0.073042
138.409 20.8128 0.0701305
138.465 20.7869 0.0724993
138.45 20.8644 0.0688983
138.444 20.8342 0.0713107
138.42 20.7378 0.0689859
138.438 20.8161 0.0723377
138.394 20.866 0.0736397
138.393 20.8676 0.0734538
138.371 20.8375 0.0711019
138.419 20.7803 0.0703252
138.478 20.7126 0.0719929
138.458 20.8026 0.0709543
138.435 20.8626 0.0698474
138.442 20.8296 0.0729027
138.405 20.8088 0.0700477
138.449 20.8584 0.0689033
138.441 20.7736 0.0721579
138.42 20.7359 0.0691464
138.439 20.8353 0.0697241
138.393 20.8687 0.0736025
138.462 20.8231 0.0727621
138.491 20.7218 0.0721179
138.401 20.8626 0.0716095
138.397 20.8609 0.0717367
138.428 20.7744 0.0709529
138.445 20.8296 0.072912
138.439 20.8326 0.07292
138.422 20.8249 0.0701919
138.429 20.826 0.0703247
138.459 20.7889 0.0726762
138.435 20.7728 0.071973
138.436 20.8179 0.0721581
138.448 20.8277 0.0700265
138.372 20.8379 0.0712785
138.473 20.7455 0.0730224
138.461 20.7991 0.0695402
138.45 20.7678 0.0682199
138.463 20.7255 0.0677027
138.437 20.8551 0.069751
138.436 20.7367 0.0720336
138.428 20.8411 0.0698892
138.422 20.8333 0.0699098
138.464 20.7886 0.0725472
138.447 20.859 0.0688575
138.45 20.8338 0.0713107
138.468 20.7887 0.0696085
138.441 20.8294 0.0700906
138.398 20.7152 0.0731899
138.456 20.8225 0.0725665
138.408 20.8611 0.0717003
138.407 20.861 0.0715171
138.431 20.7818 0.0708523
138.432 20.8546 0.0700047
138.429 20.8514 0.0699872
138.418 20.8327 0.0700083
138.406 20.8116 0.0700843
138.425 20.831 0.0703264
138.449 20.8634 0.0689749
138.443 20.838 0.0716064
138.47 20.7856 0.0696528
138.439 20.8286 0.0721059
138.468 20.7195 0.0691202
138.394 20.8667 0.073488
138.459 20.8233 0.0725595
138.477 20.7483 0.0730013
138.462 20.7954 0.0693088
138.486 20.6997 0.0695767
138.486 20.7066 0.0724563
138.448 20.8324 0.0728201
138.499 20.6747 0.0699306
138.421 20.8235 0.0704123
138.451 20.8653 0.06888
138.443 20.8357 0.0716083
138.447 20.8391 0.0715193
138.456 20.7206 0.0715564
138.442 20.8285 0.0700219
138.373 20.8373 0.0712474
138.372 20.8418 0.071235
138.459 20.8232 0.0724516
138.399 20.8577 0.0717685
138.43 20.7779 0.0709653
138.448 20.8287 0.0729594
138.42 20.8267 0.0704092
138.458 20.7941 0.0726527
138.448 20.8576 0.0687295
138.447 20.8349 0.0712668
138.492 20.719 0.0738525
138.396 20.8641 0.0735039
138.458 20.8271 0.0729326
138.398 20.8643 0.071653
138.457 20.8013 0.0711498
138.461 20.8025 0.0709781
138.428 20.8506 0.0698712
138.42 20.828 0.0698206
138.405 20.8159 0.0700003
138.459 20.7841 0.0726089
138.484 20.682 0.0705852
138.443 20.8177 0.0721817
138.439 20.8325 0.0699376
138.389 20.8734 0.0734793
138.392 20.8755 0.0736534
138.397 20.7173 0.07314
138.374 20.8418 0.0712071
138.458 20.8188 0.0726213
138.466 20.795 0.069496
138.438 20.7798 0.070874
138.44 20.8314 0.0729597
138.423 20.8328 0.0699306
138.421 20.8298 0.0703534
138.445 20.8343 0.0714566
138.449 20.8373 0.0714819
138.444 20.7795 0.0721668
138.435 20.8247 0.0722808
138.394 20.8663 0.0734848
138.395 20.873 0.0735441
138.389 20.87 0.0735876
138.435 20.7101 0.0694591
138.424 20.7829 0.0703435
138.399 20.862 0.0717035
138.405 20.8601 0.0714936
138.455 20.7652 0.068366
138.45 20.7684 0.0680682
138.436 20.8558 0.0698646
138.43 20.8369 0.0698641
138.417 20.8354 0.0698223
138.447 20.8607 0.0688437
138.447 20.8362 0.0716228
138.47 20.7843 0.0698036
138.433 20.8135 0.0721234
138.402 20.8683 0.0736744
138.477 20.7478 0.0727641
138.461 20.8008 0.0710165
138.433 20.7795 0.0708533
138.434 20.8578 0.0698425
138.441 20.8278 0.0728334
138.427 20.8306 0.0698328
138.422 20.8204 0.0703742
138.425 20.8208 0.0702012
138.459 20.7897 0.0725366
138.443 20.8362 0.0715376
138.488 20.6876 0.070478
138.441 20.8207 0.0721735
138.439 20.8274 0.0698259
138.371 20.8425 0.0713169
138.416 20.7777 0.0704245
138.422 20.7787 0.0701732
138.405 20.8636 0.0716045
138.46 20.8013 0.0709435
138.429 20.78 0.0708824
138.439 20.8302 0.0728162
138.425 20.8223 0.0704251
138.45 20.8625 0.0689137
138.448 20.8621 0.0687274
138.443 20.8582 0.0689607
138.446 20.8351 0.07137
138.436 20.8219 0.0721614
138.44 20.8285 0.0721025
138.472 20.7254 0.0691036
138.403 20.7082 0.0731866
138.46 20.8182 0.0726826
138.477 20.7498 0.0729902
138.46 20.7984 0.0694725
138.463 20.8057 0.0709185
138.465 20.6957 0.0734198
138.403 20.8116 0.070248
138.46 20.7944 0.0725402
138.441 20.8438 0.0714782
138.46 20.7215 0.0714542
138.44 20.8221 0.0722036
138.392 20.8713 0.0735137
138.4 20.7093 0.0731252
138.453 20.8183 0.0728221
138.486 20.7223 0.0722683
138.397 20.8599 0.071525
138.437 20.8517 0.0699257
138.44 20.7369 0.0718204
138.437 20.731 0.0718201
138.424 20.8272 0.0705291
138.446 20.8358 0.0713484
138.421 20.7406 0.0689134
138.448 20.8258 0.0697701
138.39 20.8671 0.0734326
138.511 20.6538 0.0712263
138.462 20.8013 0.0694298
138.398 20.8602 0.0715939
138.461 20.8081 0.0710542
138.482 20.7182 0.0726063
138.437 20.8538 0.0697366
138.441 20.8312 0.0729234
138.435 20.7335 0.0719558
138.402 20.8124 0.0702649
138.453 20.8639 0.0687299
138.442 20.8364 0.0715268
138.416 20.7246 0.0713187
138.459 20.7191 0.0713939
138.459 20.7138 0.0713788
138.39 20.8692 0.0736494
138.375 20.8391 0.0715572
138.419 20.7791 0.0702989
138.402 20.8611 0.0716414
138.399 20.8652 0.0715528
138.488 20.7111 0.0729516
138.435 20.8514 0.0700472
138.44 20.7314 0.0719453
138.439 20.7314 0.0718659
138.409 20.8085 0.0701669
138.421 20.8245 0.0702662
138.44 20.8395 0.0714562
138.486 20.7175 0.0739229
138.417 20.7392 0.069087
138.389 20.8725 0.073383
138.396 20.8689 0.0735469
138.394 20.8694 0.0735701
138.452 20.8259 0.0726761
138.424 20.7751 0.0703961
138.457 20.8079 0.0709815
138.467 20.7015 0.0731586
138.447 20.8303 0.072796
138.424 20.8243 0.0703412
138.442 20.8375 0.0717096
138.493 20.7197 0.0738832
138.468 20.7212 0.0690795
138.399 20.7191 0.0731012
138.369 20.8382 0.0710502
138.415 20.7763 0.0705084
138.402 20.8615 0.0716553
138.431 20.8591 0.0697815
138.438 20.8563 0.0701071
138.442 20.7329 0.0718305
138.425 20.818 0.0703076
138.426 20.8222 0.0702655
138.45 20.8668 0.0687379
138.446 20.8383 0.0713468
138.486 20.6867 0.0705396
138.44 20.8232 0.0721665
138.442 20.8185 0.0721456
138.393 20.8708 0.0735448
138.394 20.8718 0.0733297
138.37 20.8346 0.0714145
138.42 20.7809 0.0704164
138.474 20.7078 0.0719914
138.4 20.8612 0.0717204
138.406 20.8596 0.0714033
138.46 20.8036 0.0709331
138.456 20.7686 0.0680438
138.479 20.7205 0.0735443
138.431 20.7736 0.0710173
138.435 20.7736 0.070926
138.441 20.8269 0.0726905
138.426 20.8362 0.069762
138.424 20.824 0.0703517
138.429 20.8212 0.0702926
138.452 20.8635 0.0688831
138.473 20.7829 0.0695793
138.426 20.7412 0.0690879
138.436 20.8229 0.0720438
138.441 20.8278 0.0699209
138.374 20.8412 0.0710821
138.423 20.7808 0.070473
138.402 20.862 0.0715503
138.465 20.8036 0.0711928
138.463 20.8074 0.070892
138.439 20.854 0.0696027
138.435 20.8553 0.0698346
138.444 20.8308 0.0728728
138.443 20.8238 0.0727871
138.424 20.8237 0.0705433
138.459 20.7913 0.0725268
138.451 20.8612 0.068778
138.437 20.7746 0.0720541
138.435 20.8179 0.0720634
138.394 20.8684 0.0737053
138.392 20.8752 0.0735505
138.37 20.8443 0.0711337
138.458 20.8282 0.0728725
138.463 20.8224 0.072807
138.401 20.8644 0.0715735
138.46 20.8043 0.0708985
138.437 20.8246 0.0727723
138.411 20.8061 0.0701675
138.46 20.7893 0.0724368
138.448 20.8631 0.0689015
138.466 20.7851 0.0698323
138.438 20.8241 0.0722832
138.4 20.8712 0.0737016
138.374 20.8393 0.0712072
138.483 20.7143 0.0721582
138.464 20.7971 0.070956
138.429 20.7749 0.0709238
138.441 20.8323 0.0728902
138.444 20.8234 0.0729344
138.439 20.7343 0.0719379
138.467 20.7903 0.072663
138.453 20.8354 0.0714122
138.449 20.8333 0.0715669
138.412 20.714 0.0715207
138.44 20.8252 0.0722422
138.392 20.8717 0.0735608
138.459 20.8207 0.0727064
138.419 20.7802 0.0704004
138.42 20.7843 0.070535
138.475 20.7115 0.0721286
138.479 20.7133 0.0720122
138.462 20.8051 0.0708778
138.428 20.8502 0.0699395
138.433 20.8488 0.0699815
138.427 20.8324 0.0697657
138.421 20.8273 0.0704424
138.45 20.8624 0.0686978
138.467 20.7456 0.0731091
138.444 20.8299 0.0698233
138.373 20.8382 0.0713289
138.453 20.8181 0.0726937
138.46 20.8256 0.0725854
138.398 20.8587 0.0715585
138.4 20.8572 0.0715906
138.434 20.8509 0.0699173
138.442 20.8282 0.0727067
138.411 20.8047 0.0701057
138.446 20.8647 0.0688815
138.448 20.8376 0.0713892
138.444 20.8386 0.0714203
138.491 20.7224 0.0738182
138.434 20.8295 0.0721428
138.394 20.8714 0.0735116
138.371 20.8374 0.0711356
138.477 20.7427 0.0730481
138.399 20.8562 0.0716588
138.484 20.7094 0.0726642
138.428 20.856 0.0697878
135.871 23.5675 0.0918646
