262.011 -16.9163 3.57278
262.125 -16.774 3.57542
262.12 -16.7723 3.57557
262.14 -16.8604 3.57533
262.041 -16.8012 3.57175
262.037 -16.7887 3.5725
262.146 -16.8386 3.57527
262.165 -16.8406 3.57672
262.082 -16.9086 3.57557
261.983 -16.7956 3.57372
262.071 -16.8136 3.57253
262.094 -16.8241 3.57528
262.077 -16.7301 3.57728
262.135 -16.9085 3.57581
262.116 -16.9499 3.57808
262.017 -16.8793 3.57206
262.07 -16.8844 3.57231
262.123 -16.7385 3.57717
262.032 -16.856 3.57358
262.068 -16.8559 3.57152
262.121 -16.8019 3.57511
262.121 -16.803 3.57524
262.116 -16.8026 3.57514
262.096 -16.8931 3.57392
261.976 -16.8183 3.5714
262.101 -16.8462 3.57153
262.085 -16.7967 3.57726
262.081 -16.8846 3.5734
262.118 -16.903 3.57609
262.159 -16.7744 3.57367
262.111 -16.8397 3.57554
262.125 -16.8384 3.57358
262.043 -16.8609 3.57257
262.048 -16.8604 3.57248
262.112 -16.8028 3.57479
262.069 -16.7586 3.57111
262.112 -16.8087 3.57556
261.955 -16.8849 3.57383
262.084 -16.8238 3.57577
261.949 -16.7993 3.57047
262.064 -16.9445 3.57408
262.15 -16.7543 3.57677
262.014 -16.912 3.57351
262.051 -16.8826 3.57246
262.042 -16.8415 3.57222
261.967 -16.8038 3.57174
261.972 -16.8097 3.57182
262.172 -16.921 3.57502
262.231 -16.9291 3.57734
262.032 -16.805 3.57354
262.041 -16.8408 3.5751
262.034 -16.8413 3.57026
261.985 -16.8057 3.57157
261.945 -16.8273 3.5719
261.947 -16.8214 3.57178
262.106 -16.8474 3.57433
262.09 -16.8271 3.57516
262.077 -16.7586 3.57286
262.148 -16.877 3.57497
262.091 -16.8084 3.57391
262.082 -16.8044 3.5738
261.956 -16.8534 3.56973
262.084 -16.9415 3.57282
262.07 -16.8182 3.57314
262.051 -16.8016 3.57581
262.139 -16.8656 3.57662
262.025 -16.7561 3.57057
262.094 -16.9026 3.57416
262.09 -16.8635 3.57523
262.084 -16.859 3.57499
262.174 -16.8213 3.57521
262.078 -16.8025 3.5733
262.018 -16.8577 3.57154
262.084 -16.8504 3.57597
262.058 -16.8898 3.57215
261.958 -16.8405 3.57235
262.069 -16.8391 3.57255
262.055 -16.8497 3.57131
262.052 -16.9295 3.57216
262.023 -16.7674 3.57414
262.021 -16.7679 3.57411
261.95 -16.829 3.56919
262.073 -16.8222 3.5716
262.029 -16.8251 3.57073
262.087 -16.8567 3.57516
262.123 -16.8819 3.57557
262.058 -16.8247 3.57203
262.054 -16.8451 3.57124
262.041 -16.8568 3.57056
262.01 -16.8765 3.57317
262.135 -16.7944 3.57596
261.953 -16.7843 3.57173
262.182 -16.9205 3.57318
262 -16.8191 3.57108
262.119 -16.8853 3.57645
262.106 -16.8563 3.5733
262 -16.9756 3.5745
262.067 -16.8697 3.57183
262.06 -16.8743 3.57255
262.054 -16.8933 3.5734
262.049 -16.8584 3.57209
262.128 -16.8078 3.57331
262.127 -16.8074 3.57319
262.122 -16.8035 3.57334
262.159 -16.8153 3.5757
262.166 -16.7824 3.57539
261.992 -16.7337 3.56879
262.15 -16.8576 3.57514
262.132 -16.7945 3.5758
262.126 -16.7922 3.5759
261.934 -16.8051 3.57415
262.019 -16.8659 3.57387
262.069 -16.7796 3.57112
262.05 -16.846 3.57027
262.006 -16.9057 3.57409
262.139 -16.9079 3.5743
262.12 -16.9397 3.57556
262.121 -16.8779 3.57448
262.079 -16.7929 3.57054
262.168 -16.8159 3.58054
262.079 -16.936 3.57406
262.162 -16.8458 3.57882
262.028 -16.9701 3.57298
262.069 -16.8871 3.57654
261.955 -16.8501 3.56898
262.127 -16.7641 3.57596
262.041 -16.9171 3.57292
261.985 -16.7782 3.57112
261.986 -16.7751 3.57119
262.195 -16.8317 3.57613
262.093 -16.8404 3.57461
262.089 -16.8362 3.57483
262.117 -16.838 3.57611
262.115 -16.8789 3.57248
262.138 -16.9539 3.57681
262.097 -16.834 3.57542
262.132 -16.7867 3.57594
262.142 -16.7794 3.57666
261.954 -16.8175 3.57225
262.126 -16.7684 3.57528
262.129 -16.7667 3.57522
262.155 -16.8255 3.57479
262.083 -16.7317 3.57484
262.076 -16.8953 3.57286
262.046 -16.8961 3.5744
262.047 -16.9345 3.57379
262.142 -16.876 3.57496
262.019 -16.8301 3.5692
262.033 -16.8741 3.57067
262.023 -16.9045 3.57511
262.123 -16.7751 3.57527
261.921 -16.8001 3.57357
262.095 -16.9111 3.57268
262.047 -16.807 3.57172
262.023 -16.7829 3.57239
262.143 -16.8368 3.57518
262.145 -16.8712 3.57251
262.15 -16.8702 3.57232
262.214 -16.8515 3.57555
262.159 -16.8385 3.57654
262.1 -16.8758 3.57222
262.024 -16.8547 3.57164
261.977 -16.7948 3.57385
262.032 -16.9098 3.5743
262.125 -16.9145 3.57624
262.121 -16.8971 3.57296
262.081 -16.915 3.5729
262.023 -16.885 3.57228
262.118 -16.7445 3.57718
262.119 -16.7421 3.57736
262.119 -16.7464 3.57727
262.092 -16.7913 3.57155
262.112 -16.8856 3.57576
262.065 -16.8534 3.57162
262.124 -16.7988 3.57525
262.12 -16.8017 3.57529
262.088 -16.9021 3.57306
262.08 -16.8485 3.57288
262.083 -16.8016 3.57721
262.141 -16.8468 3.57358
262.136 -16.8303 3.57512
262.127 -16.8343 3.57359
262.026 -16.9144 3.57418
262.115 -16.8013 3.57467
262.108 -16.807 3.5745
262.05 -16.8191 3.57406
262.116 -16.8079 3.5756
262.045 -16.8684 3.57101
262.033 -16.8133 3.57254
262.09 -16.824 3.5729
261.99 -16.8424 3.57166
262.113 -16.8369 3.577
262.088 -16.8133 3.57913
262.057 -16.8711 3.57367
262.073 -16.8046 3.57213
262.095 -16.8589 3.57284
261.995 -16.7818 3.57119
262.053 -16.8334 3.57234
262.048 -16.8373 3.57218
262.048 -16.8363 3.57245
262.181 -16.8826 3.57852
261.968 -16.8131 3.57175
261.933 -16.7548 3.57297
262.027 -16.7526 3.57384
262.224 -16.9209 3.57749
262.034 -16.8161 3.57354
262.037 -16.8351 3.57521
262.09 -16.8035 3.57211
261.951 -16.8231 3.57181
261.948 -16.8184 3.57184
262.104 -16.8465 3.57441
261.959 -16.9355 3.57341
262.072 -16.7577 3.57277
262.029 -16.7893 3.57039
261.968 -16.824 3.5702
262.024 -16.9229 3.57341
262.091 -16.8633 3.57473
262.141 -16.8508 3.57475
262.08 -16.8603 3.57476
262.057 -16.8096 3.57581
262.144 -16.8662 3.57664
262.089 -16.8631 3.57372
262.076 -16.8902 3.57336
262.126 -16.8289 3.57917
262.082 -16.8607 3.57521
262.173 -16.819 3.57516
262.016 -16.8588 3.57138
262.251 -16.9622 3.57716
262.019 -16.8331 3.57229
262.067 -16.8229 3.57537
262.068 -16.8491 3.57235
262.113 -16.9261 3.57341
262.176 -16.8245 3.57403
262.089 -16.8308 3.57119
262.02 -16.8256 3.57065
262.022 -16.8253 3.5706
262.079 -16.856 3.57533
262.118 -16.8802 3.57546
262.038 -16.8921 3.57592
262.137 -16.7995 3.57597
262.045 -16.8649 3.57264
262.181 -16.9191 3.57317
262.015 -16.9887 3.5728
261.985 -16.8043 3.57117
262.07 -16.8694 3.57167
262.071 -16.8739 3.57184
262.054 -16.8691 3.57261
262.069 -16.8097 3.57631
262.047 -16.8529 3.57232
262.156 -16.8123 3.57568
262.035 -16.7948 3.56998
262.172 -16.7758 3.57509
262.174 -16.7766 3.57537
262.105 -16.8467 3.57119
261.995 -16.8684 3.57334
262.155 -16.88 3.57715
261.936 -16.8062 3.57405
261.995 -16.9494 3.57339
262.124 -16.818 3.57276
262.087 -16.8099 3.5756
262.026 -16.7942 3.56808
262.007 -16.8214 3.57187
262.145 -16.8627 3.57714
262.124 -16.8215 3.57575
262.121 -16.8227 3.57571
262.082 -16.8352 3.57524
262.039 -16.8241 3.57251
262.128 -16.7688 3.57596
262.126 -16.7612 3.57622
262.146 -16.8771 3.57667
262.006 -16.8422 3.57303
262.091 -16.8802 3.57574
262.086 -16.8807 3.57559
262.045 -16.9401 3.575
262.196 -16.8291 3.57631
261.995 -16.9102 3.5736
262.029 -16.808 3.57077
262.141 -16.8795 3.57537
262.127 -16.8402 3.57594
262.099 -16.775 3.5759
261.998 -16.8859 3.57515
262.07 -16.7978 3.57483
262.126 -16.7856 3.57593
261.956 -16.8124 3.57204
262.156 -16.8285 3.57452
262.147 -16.8682 3.57371
262.017 -16.9229 3.56966
262.01 -16.7729 3.5709
262.149 -16.9235 3.57289
262.046 -16.898 3.57466
262.08 -16.895 3.57719
262.039 -16.9009 3.5735
262.123 -16.7725 3.57521
261.921 -16.7978 3.57356
262.145 -16.8807 3.57449
262.044 -16.9052 3.57319
262.039 -16.7861 3.57229
262.012 -16.7849 3.57229
262.063 -16.8986 3.57294
262.037 -16.8867 3.57316
262.045 -16.9151 3.57054
262.015 -16.8468 3.57172
262.034 -16.8392 3.57208
262.075 -16.8177 3.57235
262.095 -16.8317 3.57508
262.08 -16.7287 3.57729
262.139 -16.9079 3.57593
262.083 -16.9161 3.57297
262.12 -16.7429 3.5774
262.099 -16.9316 3.57419
262.146 -16.8791 3.57639
262.173 -16.8831 3.57474
262.079 -16.9053 3.57299
262.097 -16.8884 3.57383
261.981 -16.8171 3.57124
262.08 -16.844 3.57281
262.084 -16.7997 3.57723
262.087 -16.7979 3.57732
262.122 -16.904 3.57609
262.161 -16.7752 3.57365
262.13 -16.826 3.57528
262.132 -16.8313 3.57509
262.131 -16.8443 3.57336
262.045 -16.8638 3.5724
262.115 -16.8081 3.57479
262.111 -16.8042 3.57464
262.035 -16.8026 3.5746
262.038 -16.8046 3.5745
262.111 -16.8146 3.57553
262.031 -16.8751 3.57433
261.955 -16.8829 3.57381
262.089 -16.8256 3.57267
262.082 -16.8231 3.57597
261.999 -16.8377 3.57161
261.992 -16.8382 3.57173
262.102 -16.9819 3.57427
262.093 -16.8134 3.57926
262.055 -16.8711 3.57386
262.148 -16.756 3.57688
262.093 -16.8531 3.57289
262.015 -16.9473 3.5709
262.009 -16.9511 3.57093
261.924 -16.7463 3.5728
262.02 -16.7487 3.57379
262.225 -16.9257 3.57743
262.03 -16.8136 3.57341
262.041 -16.8466 3.57528
262.078 -16.8076 3.57217
262.005 -16.8535 3.57331
262.086 -16.7957 3.57438
262.1 -16.8458 3.57435
262.119 -16.7948 3.57352
262.136 -16.843 3.57836
262.149 -16.8789 3.57493
261.961 -16.8433 3.56973
262.035 -16.7536 3.57068
262.091 -16.8693 3.5745
262.071 -16.8215 3.57327
262.112 -16.8074 3.57381
262.088 -16.8598 3.57362
262.008 -16.7904 3.57139
262.013 -16.7792 3.57136
262.13 -16.8757 3.57721
262.167 -16.8083 3.57823
262.163 -16.8586 3.57586
262.016 -16.8628 3.57151
262.045 -16.8554 3.57335
262.047 -16.764 3.5714
262.073 -16.8978 3.57341
262.048 -16.9262 3.57207
261.987 -16.8678 3.57401
262.022 -16.7636 3.57391
261.947 -16.8226 3.56908
262.15 -16.751 3.57123
262.049 -16.8972 3.57234
262.12 -16.878 3.57551
262.085 -17.0159 3.57408
262.015 -16.8679 3.57344
262.136 -16.7926 3.5759
262.021 -16.8161 3.57278
262 -16.8418 3.57151
262.06 -16.8756 3.57194
262.052 -16.8713 3.57249
262.136 -16.859 3.57515
262.176 -16.9237 3.57501
262.045 -16.86 3.5721
262.161 -16.8132 3.57585
262.036 -16.795 3.5699
261.982 -16.8192 3.57098
262.112 -16.8998 3.57751
262.143 -16.8687 3.57384
262.077 -16.8739 3.57461
262.131 -16.792 3.57596
262.079 -16.911 3.57199
262.071 -16.7553 3.57768
262.018 -16.8688 3.57408
262.074 -16.7802 3.57122
262.011 -16.9058 3.57421
262.079 -16.8359 3.57152
262.097 -16.7766 3.57582
262.116 -16.9707 3.57602
262.195 -16.8907 3.57623
262.188 -16.8895 3.57599
262.076 -16.7981 3.57063
262.066 -16.8918 3.57463
262.126 -16.8191 3.57565
262.081 -16.9189 3.57644
262.028 -16.817 3.57252
262.011 -16.8432 3.57116
262.147 -16.8834 3.57681
262.116 -16.8576 3.5735
261.961 -16.809 3.57351
262.109 -16.9235 3.57398
261.986 -16.7744 3.57137
262.022 -16.8153 3.57083
262.022 -16.9007 3.57327
262.076 -16.8566 3.57221
262.105 -16.7769 3.57575
262.127 -16.875 3.57698
262.202 -16.8969 3.57607
262.003 -16.914 3.57107
262.096 -16.8325 3.57547
262.149 -16.7768 3.57659
262.149 -16.783 3.57665
262.142 -16.9066 3.57772
261.952 -16.8107 3.57215
262.156 -16.8221 3.57486
262.154 -16.8218 3.57496
262.088 -16.7302 3.57482
262.091 -16.7317 3.57484
262.087 -16.859 3.57273
262.15 -16.9186 3.57266
262.081 -16.8956 3.57692
262.027 -16.8717 3.57061
262.1 -16.8386 3.57165
262.121 -16.7788 3.5756
261.924 -16.8054 3.57362
262.067 -16.9015 3.57249
262.048 -16.9037 3.5733
262.043 -16.784 3.57244
262.012 -16.7821 3.57209
262.063 -16.8955 3.57731
262.147 -16.8601 3.5759
262.147 -16.8666 3.57601
262.083 -16.9027 3.57554
261.986 -16.7941 3.5739
262.036 -16.9083 3.57418
262.101 -16.833 3.57527
262.076 -16.7312 3.57736
262.083 -16.7342 3.57735
262.169 -16.8138 3.57804
262.076 -16.7413 3.56769
262.165 -16.8214 3.5756
262.121 -16.7434 3.57708
262.093 -16.7872 3.57182
262.155 -16.9056 3.57462
262.111 -16.8789 3.5756
262.118 -16.8831 3.57573
262.123 -16.7992 3.57535
261.978 -16.8201 3.57133
262.15 -16.9017 3.57677
262.095 -16.8599 3.58042
261.994 -16.7214 3.57178
262.136 -16.8277 3.57521
262.159 -16.8733 3.57575
262.157 -16.8721 3.57578
262.124 -16.8443 3.57366
262.128 -16.8456 3.57352
262.128 -16.8419 3.57352
262.127 -16.8906 3.57194
262.049 -16.823 3.57385
262.069 -16.7566 3.57102
262.117 -16.814 3.57562
262.031 -16.8701 3.57438
261.963 -16.9014 3.57489
262.09 -16.8232 3.57282
262.018 -16.753 3.571
261.96 -16.8044 3.57052
262.152 -16.8971 3.574
262.061 -16.8541 3.5733
262.088 -17.0018 3.57543
262.145 -16.7524 3.57683
262.073 -16.7965 3.57211
261.995 -16.877 3.57117
261.993 -16.7783 3.57115
262.052 -16.8828 3.57268
262.18 -16.8834 3.57851
262.183 -16.8855 3.57842
261.97 -16.8098 3.5719
261.927 -16.7414 3.57328
262.097 -16.914 3.57348
262.036 -16.8466 3.57511
262.032 -16.9339 3.57229
262.087 -16.806 3.5722
261.946 -16.8205 3.57174
262.098 -16.8487 3.5743
262.137 -16.8386 3.57836
262.074 -16.7524 3.57283
262.086 -16.8045 3.57405
261.971 -19.6739 3.56534
