244.534 28.3889 0.0778975
244.48 28.345 0.0787389
244.579 28.4233 0.0785071
244.506 28.4071 0.0791366
244.615 28.2996 0.0799564
244.472 28.3576 0.0812399
244.462 28.3451 0.0803869
244.496 28.2915 0.0771307
244.515 28.3475 0.0802851
244.552 28.3647 0.0790184
244.558 28.4552 0.0791961
244.535 28.44 0.0780056
244.426 28.3577 0.0818479
244.548 28.3589 0.0800829
244.478 28.4029 0.0778004
244.562 28.4003 0.077058
244.55 28.4064 0.0805902
244.479 28.3687 0.0772945
244.491 28.3858 0.0815282
244.482 28.2932 0.0801465
244.476 28.3939 0.0787204
244.571 28.441 0.0811878
244.546 28.3572 0.0789028
244.498 28.4047 0.082301
244.604 28.3212 0.0769744
244.568 28.3516 0.0774099
244.447 28.325 0.0785056
244.475 28.3682 0.0784446
244.482 28.4323 0.0796748
244.56 28.3205 0.0799225
244.566 28.4552 0.081807
244.584 28.3685 0.0792769
244.544 28.3684 0.0838019
244.476 28.3492 0.0796015
244.504 28.3519 0.0794763
244.478 28.3722 0.0804134
244.576 28.3973 0.0772177
244.588 28.3503 0.0781044
244.589 28.3454 0.0811635
244.473 28.374 0.0797331
244.521 28.32 0.0792511
244.533 28.3816 0.0772086
244.536 28.3873 0.0770971
244.503 28.3114 0.0783974
244.504 28.3973 0.0817825
244.504 28.3871 0.0816401
244.521 28.4029 0.0763091
244.535 28.3398 0.0794971
244.651 28.3316 0.0774315
244.534 28.4249 0.0789205
244.481 28.3312 0.0802878
244.484 28.3321 0.0803433
244.488 28.3798 0.0775303
244.598 28.3969 0.0794094
244.504 28.45 0.0789467
244.467 28.3341 0.0799067
244.461 28.3365 0.0797699
244.557 28.3914 0.0780549
244.551 28.4283 0.0801857
244.543 28.3951 0.0774101
244.526 28.366 0.0824934
244.538 28.3438 0.0778737
244.49 28.3887 0.079414
244.525 28.3673 0.07643
244.518 28.3616 0.0763874
244.523 28.4493 0.0773226
244.548 28.3652 0.0776552
244.508 28.4517 0.0798621
244.536 28.4047 0.0770626
244.457 28.4735 0.0798668
244.54 28.4302 0.0778707
244.462 28.3524 0.0807139
244.518 28.3429 0.0802631
244.521 28.3448 0.0801797
244.587 28.3912 0.0779263
244.53 28.3633 0.0773761
244.523 28.3854 0.0781068
244.591 28.4431 0.077948
244.519 28.4283 0.0814745
244.549 28.3106 0.0770659
244.48 28.405 0.0780364
244.601 28.3044 0.0758608
244.535 28.3729 0.0813413
244.521 28.3857 0.0801426
244.561 28.3588 0.0768992
244.58 28.5029 0.0812203
244.481 28.416 0.0789614
244.522 28.4024 0.0795811
244.479 28.3745 0.0815891
244.569 28.3752 0.0781939
244.496 28.3991 0.0822852
244.533 28.3966 0.0780607
244.555 28.3776 0.079733
244.58 28.3926 0.0807548
244.525 28.4659 0.0783338
244.539 28.3661 0.0838474
244.478 28.3451 0.0797024
244.498 28.3999 0.0803268
244.473 28.3646 0.0806074
244.549 28.5137 0.0778171
244.501 28.3525 0.0788538
244.583 28.3458 0.0811417
244.638 28.3703 0.0775406
244.535 28.4624 0.0798416
244.546 28.4367 0.0772887
244.541 28.4281 0.0795953
244.502 28.3878 0.0818278
244.539 28.4082 0.0774478
244.614 28.3301 0.0825568
244.521 28.4394 0.0779959
244.533 28.4559 0.0798975
244.519 28.4234 0.076932
244.517 28.4086 0.0797353
244.485 28.3618 0.0790258
244.49 28.3728 0.0776606
244.602 28.398 0.0794665
244.563 28.3231 0.0769964
244.455 28.3341 0.0797567
244.509 28.3985 0.0815636
244.601 28.3407 0.0803016
244.502 28.349 0.0773122
244.532 28.403 0.0798648
244.492 28.3932 0.0794866
244.499 28.4028 0.0801316
244.588 28.3098 0.0781133
244.43 28.3939 0.0790903
244.546 28.3653 0.0776479
244.508 28.452 0.0797925
244.541 28.4705 0.0802257
244.531 28.4025 0.0771094
244.462 28.344 0.0805947
244.562 28.3807 0.0773077
244.543 28.3573 0.0786809
244.414 28.3646 0.0817756
244.546 28.3477 0.0809735
244.43 28.356 0.08168
244.538 28.3117 0.0788385
244.497 28.2972 0.0816928
244.508 28.4203 0.0809574
244.434 28.3286 0.0764774
244.484 28.3673 0.0802656
244.523 28.3882 0.0801445
244.465 28.3646 0.0807381
244.539 28.5514 0.0791153
244.64 28.4316 0.0816993
244.485 28.4206 0.0783625
244.57 28.4199 0.0802556
244.526 28.4018 0.0806416
244.549 28.4625 0.0781321
244.428 28.4128 0.0824859
244.481 28.4265 0.0814982
244.551 28.3305 0.0783072
244.474 28.3645 0.0785178
244.559 28.3232 0.0802201
244.539 28.3892 0.0787417
244.541 28.3884 0.0790284
244.481 28.4369 0.0799909
244.47 28.3156 0.08113
244.478 28.3492 0.0795906
244.55 28.4276 0.0781774
244.479 28.3619 0.0805933
244.611 28.3319 0.0777234
244.487 28.4059 0.0792817
244.468 28.4049 0.079759
244.482 28.3686 0.079776
244.518 28.3133 0.0793703
244.535 28.3866 0.0769406
244.565 28.3886 0.0793504
244.539 28.3139 0.0791103
244.612 28.3276 0.0829319
244.616 28.3296 0.0827228
244.503 28.3628 0.0788185
244.62 28.4553 0.080576
244.536 28.3586 0.0775823
244.515 28.4052 0.0796439
244.513 28.41 0.0776235
244.598 28.3808 0.0766178
244.449 28.4189 0.0810357
244.458 28.4668 0.0789188
244.476 28.2927 0.077555
244.337 28.3796 0.076816
244.509 28.4176 0.0770174
244.565 28.3843 0.0784946
244.494 28.3531 0.0771616
244.535 28.3388 0.0782782
244.513 28.4706 0.0765305
244.524 28.4021 0.0799196
244.574 28.3909 0.0782901
244.504 28.4209 0.0783901
244.574 28.4299 0.0776727
244.573 28.4257 0.0778511
244.42 28.3876 0.0790951
244.554 28.2924 0.0792284
244.534 28.3904 0.0751367
244.473 28.2884 0.079129
244.472 28.3615 0.0811527
244.511 28.4625 0.0776848
244.474 28.4446 0.0814394
244.511 28.3132 0.0781909
244.509 28.317 0.078329
244.443 28.3787 0.081867
244.624 28.3338 0.0801721
244.621 28.3337 0.0801277
244.572 28.2717 0.0769547
244.629 28.3187 0.0808108
244.54 28.3238 0.0788506
244.537 28.3175 0.0788291
244.49 28.4517 0.0798266
244.492 28.3036 0.0818937
244.496 28.2985 0.0818785
244.564 28.4168 0.0820056
244.53 28.3695 0.0814695
244.415 28.2821 0.0778925
244.479 28.4097 0.0789167
244.517 28.4024 0.078234
244.625 28.328 0.0781654
244.527 28.4013 0.0796678
244.482 28.3784 0.0816333
244.554 28.4542 0.0760818
244.531 28.3985 0.0778933
244.594 28.3177 0.0770924
244.559 28.3468 0.07732
244.549 28.3272 0.0783127
244.566 28.3169 0.0800052
244.578 28.3734 0.0794302
244.558 28.3934 0.0777591
244.58 28.3765 0.0757729
244.472 28.3775 0.078531
244.483 28.3472 0.0796561
244.456 28.3739 0.0789479
244.478 28.3607 0.080359
244.485 28.4073 0.0791985
244.64 28.3753 0.0775812
244.562 28.3666 0.0786546
244.612 28.3892 0.0783943
244.517 28.3236 0.0792939
244.504 28.3171 0.0783486
244.502 28.3886 0.08185
244.581 28.3727 0.0798308
244.555 28.4049 0.0789576
244.512 28.4085 0.0797681
244.492 28.3276 0.0802462
244.514 28.4107 0.0776956
244.45 28.4206 0.0812176
244.504 28.4392 0.0768728
244.463 28.3411 0.0801019
244.487 28.3843 0.0816117
244.535 28.4644 0.0781728
244.551 28.4285 0.0801126
244.538 28.3767 0.0789962
244.536 28.3436 0.0783501
244.506 28.3997 0.0807908
244.529 28.341 0.0779798
244.531 28.343 0.0778999
244.527 28.3587 0.0766103
244.559 28.4477 0.0792877
244.547 28.3914 0.0787956
244.489 28.3692 0.0779229
244.507 28.4467 0.0798718
244.481 28.4071 0.0785558
244.594 28.3978 0.0775752
244.547 28.4093 0.0782003
244.496 28.3873 0.0782329
244.442 28.3738 0.082105
244.47 28.3706 0.0780553
244.513 28.3411 0.0806289
244.589 28.3883 0.0779746
244.41 28.3657 0.0820134
244.605 28.4293 0.076253
244.629 28.3203 0.0806592
244.628 28.3234 0.0808557
244.56 28.3046 0.0768449
244.495 28.2987 0.0817305
244.507 28.42 0.0809624
244.537 28.3797 0.0772842
244.524 28.371 0.0813762
244.535 28.4682 0.0763141
244.575 28.4443 0.0791145
244.602 28.3006 0.0778552
244.458 28.4186 0.0774489
244.486 28.3913 0.078705
244.479 28.3755 0.0815547
244.542 28.3603 0.0789463
244.499 28.4045 0.0822336
244.495 28.4003 0.0822171
244.489 28.3865 0.0795497
244.551 28.417 0.0775626
244.595 28.4444 0.0782116
244.474 28.3061 0.0793641
244.479 28.4354 0.0797917
244.476 28.3237 0.0809684
244.501 28.3977 0.0805387
244.576 28.3975 0.0772359
244.451 28.3965 0.080452
244.626 28.452 0.0792546
244.541 28.3449 0.0772084
244.508 28.3527 0.0787667
244.469 28.4064 0.0796521
244.483 28.3685 0.0797852
244.514 28.3946 0.0785809
244.48 28.3296 0.0784004
244.588 28.3328 0.0786173
244.508 28.3935 0.0817261
244.535 28.3156 0.0793391
244.581 28.3602 0.0767466
244.615 28.4564 0.0804633
244.498 28.3339 0.0774906
244.541 28.4158 0.0788825
244.54 28.3153 0.0770507
244.571 28.2899 0.0817539
244.566 28.3823 0.0802028
244.551 28.385 0.0792782
244.46 28.3407 0.0800918
244.606 28.3375 0.0801994
244.535 28.407 0.0779084
244.549 28.4017 0.077067
244.53 28.4517 0.0800751
244.54 28.4048 0.0809106
244.5 28.4041 0.0801806
244.576 28.4206 0.077945
244.515 28.4155 0.077239
244.454 28.3809 0.0804648
244.547 28.3926 0.0789017
244.491 28.4607 0.0771054
244.51 28.4627 0.0789426
244.511 28.4072 0.0783285
244.475 28.2901 0.0790494
244.477 28.3595 0.0811246
244.503 28.2851 0.0770128
244.531 28.2984 0.0771462
244.588 28.3858 0.0776817
244.521 28.3723 0.0773658
244.498 28.339 0.0770005
244.455 28.387 0.0799686
244.629 28.3244 0.0808657
244.431 28.36 0.0819019
244.504 28.4389 0.0756179
244.539 28.3162 0.0789624
244.478 28.5342 0.0786014
244.508 28.4184 0.0808941
244.533 28.3698 0.081262
244.463 28.367 0.0809522
244.408 28.2887 0.0780095
244.482 28.4092 0.0790381
244.544 28.3345 0.0785142
244.489 28.3842 0.0814585
244.597 28.3022 0.0775846
244.48 28.2882 0.0801015
244.525 28.4037 0.0793638
244.529 28.44 0.0789615
244.432 28.4058 0.0824541
244.58 28.4753 0.0785808
244.549 28.3312 0.0782943
244.555 28.4533 0.0803208
244.577 28.3883 0.080801
244.576 28.5304 0.0787189
244.598 28.3974 0.0770325
244.55 28.4849 0.0800372
244.511 28.3471 0.0793661
244.588 28.3627 0.0795076
244.553 28.3153 0.0763789
244.566 28.4218 0.0793378
244.566 28.3685 0.0785291
244.482 28.3744 0.0798077
244.618 28.3971 0.0782316
244.53 28.4628 0.0800316
244.496 28.4049 0.0800652
244.5 28.3143 0.0784381
244.585 28.3301 0.0785652
244.572 28.3894 0.079368
244.503 28.3926 0.0815839
244.537 28.3156 0.0791867
244.613 28.3274 0.0829178
244.507 28.3663 0.0788479
244.537 28.3648 0.0774573
244.485 28.333 0.080126
244.479 28.3658 0.0791606
244.592 28.3798 0.076493
244.544 28.4449 0.0755585
244.57 28.2813 0.0814409
244.505 28.3699 0.0771428
244.515 28.4049 0.0799864
244.548 28.3813 0.0792639
244.57 28.3874 0.0783839
244.464 28.3378 0.0798173
244.462 28.3395 0.0799126
244.473 28.2986 0.0776441
244.507 28.3889 0.0813865
244.539 28.4108 0.0777434
244.52 28.3662 0.0826436
244.525 28.3602 0.0825208
244.529 28.3408 0.0779603
244.533 28.3382 0.0779542
244.536 28.4786 0.0806249
244.5 28.4195 0.078283
244.46 28.3822 0.0805409
244.477 28.3431 0.0786987
244.489 28.3685 0.0778125
244.572 28.4636 0.0790968
244.506 28.4121 0.0782289
244.613 28.299 0.0797963
244.53 28.4023 0.0770184
244.508 28.3155 0.0782473
244.684 28.3333 0.0774014
244.625 28.3367 0.0800713
244.525 28.3704 0.0775495
244.506 28.3975 0.0766966
244.586 28.4427 0.0780808
244.429 28.3503 0.0818577
244.433 28.3513 0.0818648
244.499 28.4517 0.0818108
244.488 28.4434 0.079813
244.501 28.2953 0.0816706
244.499 28.297 0.0817563
244.554 28.441 0.0803218
244.507 28.4156 0.08104
244.491 28.3646 0.0801844
244.459 28.3608 0.0806399
244.411 28.2857 0.0780896
244.576 28.3573 0.0771675
244.521 28.4576 0.0795641
244.49 28.4198 0.0782144
244.482 28.2926 0.0800639
244.569 28.4442 0.0813071
244.523 28.3988 0.080853
244.443 28.4018 0.0808904
244.497 28.3916 0.0798198
244.554 28.3802 0.0797804
244.555 28.4072 0.0775751
244.444 28.3326 0.0785189
244.563 28.3212 0.0800022
244.485 28.4354 0.0800233
244.474 28.3203 0.0809934
244.479 28.3813 0.0786447
244.5 28.4001 0.0803421
244.446 28.3995 0.0806393
244.555 28.3126 0.0764582
244.581 28.3154 0.0761189
244.615 28.3982 0.0784057
244.508 28.3989 0.0785179
244.584 28.332 0.0787365
244.544 28.317 0.0793553
244.515 28.3892 0.0766491
244.635 28.3529 0.0781368
244.543 28.4094 0.0790623
244.512 28.4228 0.0767836
244.542 28.4598 0.0777332
244.533 28.4633 0.076255
244.538 28.3099 0.0767783
244.563 28.3795 0.080237
244.55 28.3814 0.0793367
244.455 28.409 0.0783143
244.606 28.3837 0.0772468
244.54 28.3713 0.0790725
244.535 28.3379 0.0783155
244.625 28.375 0.0789724
244.579 28.4202 0.0779833
244.552 28.3692 0.0770465
244.58 28.3048 0.0780121
244.556 28.3981 0.0762811
244.486 28.3794 0.0793398
244.573 28.4635 0.0790339
244.492 28.4098 0.079014
244.482 28.3586 0.0812357
244.461 28.3461 0.080351
244.473 28.3744 0.0777398
244.513 28.4254 0.0782875
244.625 28.3358 0.0801186
244.523 28.3732 0.0775308
244.416 28.3642 0.0819518
244.587 28.4443 0.07805
244.434 28.356 0.0818678
244.495 28.2961 0.0818223
244.54 28.3754 0.0772205
244.464 28.3661 0.0808829
244.493 28.3858 0.0816485
244.514 28.3994 0.0781626
244.493 28.426 0.0780729
244.57 28.4409 0.0811685
244.563 28.3747 0.0780938
244.608 28.4305 0.0794602
244.567 28.4824 0.0783098
244.552 28.4146 0.0775989
244.58 28.3944 0.0805984
244.487 28.4305 0.0795704
244.578 28.3738 0.079293
244.476 28.3164 0.0809719
244.472 28.3771 0.0786426
244.503 28.4057 0.0805246
244.476 28.3663 0.080632
244.56 28.4224 0.0793837
244.561 28.3672 0.0785712
244.525 28.3171 0.0794803
244.527 28.4354 0.0762171
244.484 28.329 0.0785362
244.567 28.3925 0.079315
244.541 28.4137 0.0772871
244.532 28.451 0.0796822
244.599 28.431 0.0775547
241.55 33.0793 0.0883684
