277.516 12.7814 5.01501
277.437 12.815 5.01537
277.4 12.75 5.01892
277.524 12.7384 5.01492
277.491 12.7082 5.0176
277.625 12.873 5.01232
277.615 12.7358 5.01608
277.628 12.7178 5.01595
277.463 12.7211 5.01744
277.511 12.8203 5.01685
277.483 12.7632 5.01626
277.611 12.8591 5.01651
277.604 12.8064 5.0177
277.57 12.8067 5.01834
277.523 12.6458 5.0138
277.55 12.7511 5.01511
277.57 12.7597 5.01454
277.569 12.7116 5.01686
277.599 12.6618 5.01811
277.534 12.622 5.01647
277.595 12.6675 5.01618
277.485 12.7638 5.01843
277.578 12.7621 5.01828
277.596 12.7096 5.0154
277.684 12.735 5.01272
277.384 12.6768 5.0167
277.425 12.7045 5.01635
277.477 12.7278 5.01584
277.46 12.7278 5.01684
277.494 12.7687 5.01613
277.585 12.7422 5.01713
277.523 12.7155 5.02041
277.448 12.699 5.01578
277.469 12.7188 5.01747
277.599 12.7407 5.01796
277.545 12.8352 5.01754
277.565 12.763 5.02031
277.613 12.7708 5.01388
277.478 12.7366 5.01259
277.537 12.7448 5.01255
277.673 12.6903 5.0133
277.524 12.7115 5.01824
277.649 12.8084 5.0171
277.61 12.8257 5.01855
277.576 12.8393 5.0204
277.584 12.7957 5.01487
277.604 12.8383 5.01734
277.464 12.7501 5.01495
277.655 12.7806 5.01847
277.489 12.7146 5.01806
277.577 12.7529 5.01779
277.512 12.7211 5.01562
277.396 12.7269 5.01588
277.545 12.733 5.0179
277.509 12.7198 5.0169
277.564 12.6962 5.01556
277.517 12.7174 5.01316
277.627 12.6862 5.01645
277.529 12.7846 5.01575
277.597 12.7247 5.016
277.603 12.6605 5.01387
277.503 12.7048 5.01593
277.546 12.633 5.01672
277.651 12.7818 5.01751
277.541 12.8216 5.01387
277.531 12.7702 5.01516
277.645 12.7463 5.01916
277.678 12.7627 5.01453
277.585 12.7098 5.01884
277.592 12.6375 5.01663
277.507 12.7111 5.01615
277.511 12.7598 5.01585
277.562 12.7349 5.01536
277.527 12.7404 5.01509
277.529 12.8084 5.01785
277.588 12.7069 5.01186
277.598 12.6754 5.01426
277.614 12.7151 5.01339
277.49 12.7275 5.01491
277.529 12.6901 5.01291
277.62 12.797 5.01528
277.478 12.7411 5.01637
277.535 12.7109 5.01283
277.525 12.7031 5.01565
277.61 12.7962 5.01661
277.491 12.6756 5.01569
277.46 12.6634 5.01558
277.528 12.5563 5.01425
277.495 12.743 5.01539
277.494 12.8049 5.01376
277.572 12.8097 5.01415
277.552 12.7838 5.01507
277.556 12.7608 5.01588
277.518 12.7867 5.01732
277.586 12.7475 5.01483
277.617 12.6696 5.01507
277.628 12.6637 5.01634
277.451 12.7599 5.01703
277.459 12.7342 5.01761
277.657 12.7888 5.01828
277.569 12.7886 5.01511
277.532 12.7542 5.01503
277.63 12.7756 5.01814
277.555 12.7371 5.01734
277.508 12.6792 5.01608
277.707 12.7022 5.01491
277.596 12.7013 5.01322
277.455 12.7429 5.0159
277.544 12.729 5.01568
277.533 12.7094 5.01445
277.579 12.9098 5.02316
277.544 12.6502 5.01649
277.475 12.6194 5.01544
277.518 12.7041 5.01489
277.513 12.6801 5.01804
277.622 12.7741 5.01385
277.581 12.7609 5.01491
277.476 12.9276 5.02138
277.635 12.731 5.01771
277.571 12.7274 5.01713
277.611 12.7346 5.01933
277.575 12.6822 5.01511
277.496 12.7045 5.01768
277.578 12.7324 5.01628
277.516 12.7588 5.01224
277.585 12.6276 5.01372
277.533 12.7221 5.01616
277.579 12.8614 5.01703
277.47 12.6485 5.01734
277.6 12.7354 5.01673
277.508 12.7842 5.013
277.518 12.7329 5.01615
277.563 12.7433 5.01819
277.548 12.826 5.01487
277.479 12.7917 5.01785
277.586 12.7996 5.01502
277.615 12.7435 5.01336
277.618 12.7824 5.01379
277.518 12.6824 5.01543
277.567 12.7548 5.01261
277.621 12.7937 5.01367
277.646 12.7709 5.01423
277.694 12.8453 5.01954
277.599 12.7745 5.01383
277.603 12.8325 5.01757
277.508 12.779 5.01567
277.504 12.7082 5.01874
277.509 12.6656 5.01919
277.529 12.7618 5.01616
277.637 12.6376 5.0127
277.533 12.8406 5.01348
277.516 12.8425 5.02205
277.508 12.6428 5.01635
277.513 12.6058 5.01648
277.508 12.7022 5.01457
277.559 12.7974 5.01775
277.393 12.7879 5.01871
277.524 12.7265 5.01785
277.524 12.743 5.01474
277.503 12.6763 5.01706
277.568 12.7074 5.0164
277.529 12.7328 5.0185
277.422 12.7727 5.01164
277.494 12.7631 5.01653
277.546 12.8099 5.01748
277.518 12.8484 5.0174
277.55 12.6841 5.0143
277.691 12.6988 5.01818
277.476 12.655 5.0166
277.558 12.7848 5.01604
277.619 12.583 5.01588
277.645 12.715 5.01958
277.427 12.7636 5.01493
277.53 12.7616 5.01552
277.589 12.7804 5.01625
277.541 12.75 5.01804
277.541 12.7111 5.0135
277.539 12.7148 5.01902
277.531 12.7462 5.0144
277.567 12.7148 5.01776
277.542 12.6683 5.01353
277.573 12.7503 5.01474
277.704 12.7389 5.01957
277.673 12.644 5.01625
277.635 12.7866 5.01713
277.57 12.8037 5.01449
277.501 12.6972 5.01761
277.468 12.7427 5.01897
277.445 12.7614 5.01751
277.543 12.7024 5.01754
277.568 12.6212 5.01559
277.513 12.6667 5.01526
277.59 12.8271 5.01634
277.582 12.6088 5.01399
277.538 12.7939 5.01571
277.517 12.7802 5.01582
277.514 12.7469 5.01306
277.576 12.7299 5.0147
277.514 12.7821 5.01538
277.612 12.6321 5.01353
277.575 12.8083 5.02364
277.529 12.5701 5.01663
277.547 12.6294 5.01674
277.613 12.8093 5.02061
277.565 12.8983 5.01836
277.457 12.7143 5.01352
277.564 12.7281 5.01529
277.612 12.6859 5.01926
277.529 12.705 5.01576
277.506 12.7405 5.01951
277.59 12.6734 5.01548
277.465 12.7324 5.01662
277.526 12.82 5.01354
277.623 12.7345 5.01478
277.549 12.6877 5.01484
277.465 12.7549 5.01553
277.447 12.7788 5.01893
277.539 12.7103 5.01586
277.608 12.7033 5.01494
277.498 12.7186 5.01487
277.458 12.7476 5.01613
277.596 12.7796 5.02003
277.573 12.775 5.01636
277.5 12.807 5.01457
277.544 12.7728 5.01153
277.602 12.7133 5.01593
277.544 12.8305 5.01343
277.624 12.6746 5.01723
277.611 12.7371 5.01482
277.583 12.7875 5.01525
277.567 12.6546 5.01667
277.553 12.6804 5.01319
277.517 12.6795 5.01492
277.529 12.6365 5.01854
277.505 12.8008 5.01841
277.587 12.7502 5.01869
277.626 12.6998 5.01615
277.485 12.6666 5.015
277.401 12.7279 5.01764
277.5 12.738 5.01713
277.492 12.6771 5.0149
277.574 12.688 5.01721
277.594 12.6684 5.01788
277.667 12.8387 5.01831
277.516 12.7846 5.01448
277.489 12.7926 5.01913
277.595 12.7676 5.01647
277.596 12.6537 5.01506
277.537 12.7195 5.01356
277.548 12.7914 5.01584
277.555 12.5913 5.01838
277.504 12.7611 5.01522
277.628 12.8438 5.01747
277.492 12.7607 5.0128
277.491 12.7914 5.01802
277.528 12.7102 5.01753
277.492 12.7114 5.01568
277.479 12.7883 5.01722
277.569 12.6999 5.01599
277.562 12.6908 5.01432
277.507 12.716 5.01542
277.613 12.7299 5.01554
277.66 12.6798 5.01677
277.619 12.6423 5.01783
277.597 12.6593 5.0122
277.593 12.6882 5.01393
277.551 12.8143 5.01916
277.553 12.7509 5.0147
277.589 12.6407 5.01402
277.623 12.7525 5.01746
277.505 12.7095 5.0145
277.51 12.7549 5.01493
277.601 12.814 5.0155
277.62 12.7526 5.019
277.554 12.6832 5.01754
277.464 12.7407 5.01391
277.521 12.7762 5.01705
277.578 12.7856 5.01549
277.54 12.7523 5.01411
277.554 12.7395 5.0174
277.567 12.7116 5.0152
277.608 12.7232 5.01339
277.667 12.7398 5.01729
277.497 12.7555 5.01239
277.51 12.707 5.01487
277.662 12.7885 5.01608
277.662 12.7316 5.01658
277.568 12.8347 5.0153
277.424 12.619 5.01559
277.586 12.6401 5.01551
277.525 12.7718 5.01461
277.577 12.8001 5.01403
277.614 12.7328 5.01723
277.518 12.7449 5.01674
277.565 12.626 5.01611
277.553 12.7346 5.01687
277.46 12.7577 5.01759
277.531 12.8159 5.01956
277.562 12.8074 5.01632
277.604 12.7522 5.01643
277.593 12.7581 5.01529
277.506 12.705 5.0183
277.549 12.7975 5.01285
277.614 12.8513 5.01204
277.616 12.7384 5.01331
277.577 12.7352 5.01388
277.511 12.7459 5.01544
277.497 12.749 5.01607
277.61 12.7735 5.01977
277.453 12.6949 5.01566
277.561 12.8224 5.02196
277.653 12.7898 5.01608
277.593 12.7021 5.01449
277.52 12.7986 5.01412
277.583 12.7045 5.01545
277.506 12.6995 5.01638
277.463 12.8128 5.01894
277.528 12.7564 5.01691
277.732 12.6611 5.01908
277.532 12.7736 5.01589
277.539 12.7091 5.0191
277.592 12.7379 5.01521
277.558 12.7757 5.01696
277.614 12.77 5.01922
277.589 12.708 5.01855
277.492 12.7169 5.01906
277.511 12.751 5.01357
277.577 12.685 5.01783
277.567 12.6895 5.01735
277.501 12.6923 5.01533
277.567 12.7441 5.01554
277.495 12.8129 5.01431
277.667 12.702 5.01728
277.552 12.7906 5.01702
277.514 12.7655 5.01574
277.542 12.8202 5.01614
277.557 12.7927 5.01754
277.54 12.8017 5.01552
277.544 12.7136 5.01469
277.653 12.8237 5.01677
277.562 12.7224 5.01638
277.617 12.7787 5.01605
277.483 12.8129 5.01668
277.521 12.7899 5.01897
277.57 12.78 5.02079
277.568 12.8571 5.01706
277.53 12.6826 5.0132
277.532 12.6859 5.01563
277.559 12.6541 5.01416
277.556 12.7208 5.01398
277.451 12.6788 5.0148
277.454 12.8242 5.01409
277.457 12.8387 5.01428
277.486 12.7144 5.01861
277.553 12.7717 5.01688
277.645 12.8004 5.01764
277.615 12.7191 5.01568
277.484 12.6508 5.0166
277.608 12.7148 5.01153
277.562 12.6747 5.01353
277.522 12.8504 5.01612
277.528 12.7129 5.01528
277.564 12.643 5.01675
277.582 12.6938 5.01549
277.597 12.6421 5.01984
277.605 12.6356 5.01369
277.413 12.8492 5.01825
277.647 12.7485 5.01507
277.445 12.6064 5.01631
277.533 12.7617 5.01718
277.519 12.7539 5.01733
277.59 12.7925 5.01205
277.502 12.6771 5.01859
277.453 12.7391 5.01637
277.572 12.7886 5.01598
277.594 12.6922 5.01928
277.575 12.7533 5.01733
277.49 12.8278 5.01628
277.442 12.7892 5.0167
277.452 12.8058 5.01565
277.549 12.6952 5.01357
277.617 12.8065 5.0196
277.464 12.7487 5.01416
277.599 12.8004 5.01385
277.592 12.7716 5.01593
277.462 12.6509 5.01315
277.531 12.737 5.01325
277.632 12.7813 5.01812
277.671 12.7753 5.01798
277.575 12.7117 5.01453
277.494 12.7801 5.01196
277.507 12.7213 5.01426
277.484 12.7594 5.01811
277.524 12.7706 5.01827
277.57 12.761 5.01851
277.565 12.8152 5.01959
277.58 12.7325 5.01237
277.501 12.8609 5.01845
277.573 12.7079 5.01889
277.56 12.7417 5.01553
277.59 12.6769 5.01363
277.548 12.747 5.01744
277.603 12.8212 5.01478
277.69 12.7952 5.02197
277.366 12.6482 5.01544
277.551 12.7434 5.01555
277.559 12.7899 5.01728
277.528 12.7592 5.01698
277.595 12.7187 5.01332
277.559 12.6766 5.01551
277.571 12.6584 5.01629
277.544 12.8411 5.01369
277.644 12.7075 5.01241
277.49 12.7324 5.01498
277.465 12.7093 5.01527
277.681 12.7394 5.0193
277.477 12.7898 5.01698
277.622 12.7661 5.01097
277.584 12.7756 5.02225
277.596 12.7625 5.0173
277.574 12.7408 5.01558
277.588 12.7379 5.01665
277.465 12.6313 5.01792
277.676 12.8384 5.0205
277.544 12.7089 5.01382
277.507 12.7546 5.01465
277.663 12.6002 5.01347
277.448 12.7233 5.01845
277.487 12.7473 5.01865
277.438 12.7906 5.01809
277.479 12.7821 5.01747
277.615 12.7199 5.01504
277.594 12.7017 5.01417
277.591 12.6765 5.01464
277.552 12.7216 5.01528
277.54 12.7273 5.0146
277.617 12.6472 5.01582
277.437 12.8271 5.01728
277.557 12.7715 5.01658
277.642 12.7879 5.01704
277.471 12.7339 5.01594
277.64 12.7432 5.01204
277.529 12.8134 5.01608
277.475 12.7942 5.01533
277.417 12.7704 5.01526
277.653 12.8292 5.01371
277.525 12.6983 5.01259
277.703 12.8372 5.01574
277.579 12.6487 5.01781
277.551 12.6433 5.01622
277.52 12.6596 5.0185
277.534 12.741 5.01935
277.576 12.7872 5.01895
277.637 12.7119 5.01265
277.442 12.7208 5.01731
277.617 12.9333 5.01673
277.451 12.7517 5.0161
277.462 12.6903 5.01647
277.442 12.7461 5.01612
277.494 12.8352 5.01517
277.483 12.7571 5.01903
277.684 12.9336 5.01845
277.534 12.7856 5.01527
277.476 12.6831 5.01528
277.475 12.8075 5.01737
277.524 12.6184 5.01326
277.636 12.7583 5.01449
277.538 12.7221 5.01666
277.616 12.7586 5.01717
277.609 12.8053 5.01315
277.549 12.7536 5.01228
277.527 12.7965 5.00935
277.554 12.6402 5.01883
277.592 12.8465 5.01747
277.57 12.8497 5.01599
277.43 12.796 5.01542
277.554 12.7281 5.01553
277.503 12.7396 5.01922
277.53 12.7286 5.01564
277.575 12.7477 5.01431
277.433 12.7777 5.01759
277.544 12.7069 5.01573
277.542 12.721 5.01553
277.505 12.9075 5.0173
277.546 12.7047 5.01711
277.518 12.6977 5.01721
277.552 12.6538 5.01336
277.444 12.7746 5.01172
277.554 12.6603 5.01802
277.56 12.7757 5.01561
277.625 12.7155 5.015
277.499 12.8347 5.02015
277.473 12.7467 5.01522
277.546 12.6076 5.01575
277.551 12.6558 5.01423
277.608 12.793 5.01712
277.505 12.8179 5.01423
277.55 12.7574 5.01613
277.622 12.7521 5.01943
276.288 10.5304 5.00633
