274.682 19.4924 5.38433
274.659 19.5234 5.38885
274.778 19.6228 5.38519
274.711 19.5739 5.3887
274.653 19.5213 5.38471
274.763 19.5845 5.38399
274.707 19.4811 5.38866
274.707 19.4814 5.38865
274.749 19.5907 5.38537
274.704 19.5076 5.38454
274.649 19.477 5.38691
274.764 19.6108 5.38379
274.639 19.4695 5.38858
274.796 19.5479 5.38259
274.686 19.5399 5.38419
274.767 19.6165 5.38659
274.704 19.5827 5.38398
274.685 19.5507 5.38522
274.762 19.5984 5.38213
274.626 19.5169 5.38708
274.678 19.5128 5.38397
274.666 19.5286 5.38607
274.668 19.531 5.38597
274.751 19.5313 5.38868
274.678 19.4569 5.38858
274.666 19.6203 5.38588
274.706 19.5734 5.38867
274.606 19.4906 5.38779
274.678 19.4477 5.38809
274.683 19.5994 5.38731
274.624 19.6288 5.38559
274.661 19.58 5.38316
274.706 19.5791 5.38763
274.729 19.6027 5.38282
274.701 19.5139 5.38431
274.726 19.5105 5.38237
274.785 19.542 5.38394
274.634 19.4692 5.38836
274.707 19.5373 5.38474
274.615 19.53 5.38844
274.69 19.5692 5.3829
274.673 19.6143 5.38266
274.679 19.5989 5.38477
274.735 19.5531 5.38279
274.676 19.503 5.38385
274.61 19.537 5.38758
274.677 19.4582 5.38847
274.678 19.5327 5.38617
274.655 19.554 5.38795
274.598 19.6172 5.38658
274.673 19.4944 5.38436
274.667 19.5256 5.3861
274.76 19.5369 5.38104
274.731 19.5188 5.38432
274.656 19.5201 5.38472
274.609 19.6054 5.38558
274.752 19.5431 5.38526
274.72 19.6233 5.38497
274.717 19.5738 5.38732
274.702 19.5068 5.38424
274.646 19.4738 5.38682
274.662 19.5202 5.38743
274.815 19.4757 5.38594
274.614 19.6239 5.38368
274.769 19.5452 5.38167
274.779 19.5182 5.38605
274.693 19.554 5.38529
274.619 19.5137 5.38696
274.619 19.5145 5.38689
274.656 19.5697 5.38593
274.701 19.6277 5.38276
274.738 19.5357 5.3866
274.839 19.5415 5.38277
274.658 19.5548 5.38811
274.675 19.4455 5.38799
274.744 19.5734 5.38497
274.649 19.5713 5.38372
274.811 19.5759 5.38667
274.714 19.5687 5.3879
274.752 19.5313 5.38382
274.72 19.5786 5.38628
274.612 19.6003 5.38561
274.769 19.5052 5.3866
274.708 19.4836 5.38854
274.689 19.5414 5.38438
274.716 19.5665 5.38731
274.723 19.5075 5.38215
274.65 19.4809 5.38691
274.654 19.4769 5.38674
274.747 19.5496 5.38235
274.634 19.4629 5.38836
274.791 19.5462 5.38266
274.704 19.5748 5.3822
274.699 19.5871 5.3863
274.703 19.6175 5.38629
274.675 19.5086 5.38388
274.609 19.5356 5.38761
274.701 19.5669 5.38479
274.732 19.6211 5.38857
274.707 19.5701 5.38631
274.604 19.485 5.3879
274.675 19.4414 5.38816
274.65 19.5735 5.38373
274.73 19.5203 5.38519
274.715 19.5623 5.38775
274.724 19.5613 5.38782
274.649 19.6243 5.3866
274.653 19.5204 5.38462
274.652 19.5209 5.38487
274.636 19.5193 5.38756
274.771 19.5613 5.38737
274.584 19.574 5.38544
274.75 19.5654 5.38434
274.687 19.5393 5.38436
274.703 19.5041 5.38438
274.642 19.5117 5.38188
274.638 19.5115 5.38208
274.67 19.5195 5.38748
274.708 19.535 5.38439
274.681 19.533 5.38416
274.778 19.5137 5.38598
274.632 19.5558 5.38783
274.695 19.6595 5.38203
274.691 19.5521 5.38513
274.69 19.6344 5.38834
274.667 19.5291 5.38611
274.606 19.5314 5.38766
274.816 19.4859 5.38461
274.677 19.4609 5.38859
274.704 19.571 5.38645
274.602 19.4867 5.38787
274.67 19.4409 5.38792
274.748 19.5517 5.38801
274.718 19.5669 5.38765
274.731 19.6533 5.38511
274.602 19.6008 5.38555
274.708 19.483 5.38872
274.727 19.5913 5.38184
274.653 19.4714 5.38673
274.645 19.5152 5.3817
274.672 19.5178 5.38731
274.71 19.545 5.38461
274.748 19.513 5.38372
274.634 19.573 5.38702
274.774 19.5587 5.38387
274.703 19.5885 5.38422
274.754 19.5879 5.38102
274.685 19.5568 5.37867
274.665 19.5297 5.3861
274.666 19.5294 5.38612
274.71 19.6088 5.38296
274.814 19.4861 5.38478
274.673 19.5344 5.38609
274.843 19.5404 5.38276
274.598 19.4852 5.38777
274.674 19.4448 5.38818
274.683 19.4958 5.38451
274.747 19.546 5.38798
274.686 19.5925 5.38752
274.719 19.5651 5.38792
274.655 19.5782 5.38336
274.655 19.5203 5.38466
274.648 19.5235 5.38468
274.654 19.5222 5.38471
274.634 19.5266 5.38745
274.749 19.5464 5.38532
274.776 19.5113 5.38637
274.745 19.5681 5.38409
274.848 19.6201 5.38694
274.704 19.5051 5.38447
274.642 19.5148 5.38172
274.758 19.5579 5.38369
274.794 19.493 5.38783
274.75 19.5151 5.38399
274.688 19.5347 5.38435
274.697 19.5847 5.38643
274.735 19.5569 5.38277
274.618 19.5122 5.38697
274.651 19.5751 5.38335
274.698 19.5672 5.38429
274.821 19.4843 5.38454
274.646 19.5505 5.38089
274.649 19.6717 5.38922
274.745 19.5824 5.38512
274.664 19.5521 5.38805
274.672 19.4404 5.38804
274.671 19.4961 5.3844
274.724 19.5304 5.38511
274.775 19.618 5.38448
274.706 19.573 5.3886
274.651 19.5217 5.38482
274.598 19.633 5.38435
274.704 19.4795 5.38855
274.572 19.5747 5.3854
274.698 19.6317 5.38295
274.723 19.509 5.3823
274.651 19.481 5.38668
274.64 19.5129 5.38196
274.637 19.5143 5.38193
274.661 19.52 5.3875
274.816 19.4744 5.38609
274.699 19.5894 5.38165
274.61 19.5294 5.38836
274.618 19.5542 5.38536
274.768 19.5219 5.38712
274.75 19.5829 5.38095
274.666 19.5275 5.38601
274.69 19.6526 5.38028
274.668 19.6169 5.38578
274.742 19.5836 5.38512
274.742 19.6612 5.38628
274.661 19.5533 5.38819
274.651 19.6266 5.38449
274.675 19.4364 5.38815
274.749 19.5474 5.38797
274.657 19.5198 5.38853
274.697 19.6713 5.38618
274.712 19.5759 5.38847
274.751 19.5258 5.38374
274.772 19.5038 5.38644
274.771 19.5923 5.38346
274.719 19.5684 5.38739
274.656 19.4762 5.38683
274.733 19.6091 5.38093
274.796 19.4988 5.38802
274.683 19.5682 5.38287
274.674 19.6014 5.38486
274.753 19.6016 5.38396
274.7 19.6511 5.38289
274.665 19.6272 5.38334
274.679 19.5133 5.38388
274.64 19.646 5.38516
274.609 19.5288 5.38756
274.678 19.451 5.38851
274.679 19.461 5.38868
274.649 19.5551 5.38068
274.737 19.5518 5.38541
274.677 19.5332 5.38611
274.678 19.5293 5.38603
274.676 19.5286 5.38637
274.664 19.5455 5.38797
274.674 19.4375 5.3881
274.673 19.443 5.38817
274.673 19.4952 5.38442
274.668 19.5269 5.38615
274.664 19.5278 5.38617
274.697 19.5913 5.38135
274.696 19.6037 5.3849
274.651 19.5184 5.3847
274.699 19.6483 5.38807
274.705 19.5791 5.38467
274.709 19.4794 5.38866
274.682 19.5406 5.38437
274.719 19.5686 5.38731
274.716 19.5679 5.38746
274.718 19.511 5.38215
274.78 19.5428 5.38378
274.819 19.4745 5.38594
274.668 19.6397 5.38791
274.616 19.5389 5.38852
274.613 19.5295 5.3884
274.683 19.5714 5.38297
274.685 19.5438 5.38637
274.626 19.6284 5.38686
274.614 19.5081 5.38703
274.651 19.5705 5.38585
274.7 19.565 5.38468
274.68 19.4539 5.38852
274.672 19.6815 5.38663
274.72 19.5997 5.38379
274.804 19.5051 5.38678
274.66 19.6288 5.38461
274.673 19.4462 5.38822
274.672 19.4978 5.3842
274.662 19.5239 5.389
274.662 19.533 5.38628
274.694 19.5898 5.38115
274.749 19.5933 5.38444
274.652 19.5208 5.3849
274.658 19.5212 5.38474
274.648 19.5749 5.38117
274.706 19.4792 5.38861
274.781 19.5135 5.38618
274.708 19.5097 5.38428
274.644 19.5722 5.38343
274.722 19.6062 5.38476
274.744 19.5545 5.38225
274.634 19.4685 5.38852
274.81 19.4695 5.38609
274.74 19.5947 5.3832
274.678 19.6112 5.38234
274.62 19.5532 5.38524
274.781 19.5114 5.38613
274.773 19.5271 5.38718
274.74 19.6221 5.38626
274.685 19.5544 5.37896
274.68 19.5118 5.38362
274.638 19.5774 5.38552
274.664 19.523 5.38605
274.606 19.5306 5.38781
274.679 19.4563 5.38881
274.743 19.5543 5.38543
274.655 19.5967 5.3843
274.706 19.5674 5.38659
274.659 19.5542 5.38831
274.645 19.5935 5.38597
274.674 19.4443 5.388
274.677 19.4998 5.38432
274.774 19.683 5.38342
274.666 19.5319 5.38628
274.753 19.5198 5.38369
274.658 19.5755 5.38313
274.651 19.5221 5.38478
274.636 19.5241 5.38747
274.769 19.5535 5.38227
274.687 19.5385 5.3844
274.653 19.4764 5.38669
274.655 19.4839 5.38664
274.767 19.5568 5.3835
274.737 19.698 5.38414
274.669 19.5246 5.38743
274.713 19.5316 5.38475
274.624 19.5774 5.38538
274.682 19.5454 5.38651
274.752 19.6189 5.38729
274.625 19.5798 5.38642
274.631 19.5531 5.38798
274.669 19.5975 5.38324
274.666 19.5296 5.38615
274.808 19.4807 5.38454
274.678 19.458 5.38864
274.673 19.5287 5.38607
274.676 19.5283 5.38619
274.761 19.6388 5.38469
274.597 19.4878 5.38778
274.826 19.5659 5.38318
274.63 19.591 5.38598
274.661 19.5257 5.38858
274.717 19.5646 5.38772
274.748 19.5937 5.38423
274.713 19.5171 5.38347
274.73 19.5184 5.38428
274.639 19.5274 5.38741
274.667 19.6706 5.3882
274.65 19.48 5.38686
274.646 19.4815 5.38675
274.712 19.7192 5.38592
274.626 19.4663 5.38846
274.749 19.515 5.38368
274.683 19.5336 5.38409
274.743 19.5768 5.38056
274.736 19.5604 5.38266
274.747 19.5919 5.38211
274.624 19.5136 5.38701
274.75 19.5447 5.3865
274.754 19.5407 5.38632
274.758 19.586 5.3811
274.64 19.6475 5.3852
274.679 19.458 5.38852
274.745 19.5566 5.38525
274.668 19.5889 5.38533
274.596 19.4885 5.38799
274.672 19.4415 5.3882
274.677 19.4994 5.38419
274.743 19.5502 5.38817
274.666 19.5152 5.38894
274.692 19.6077 5.38485
274.697 19.664 5.38604
274.729 19.5204 5.38419
274.718 19.5856 5.38656
274.771 19.5589 5.38739
274.728 19.5889 5.38179
274.652 19.4782 5.38691
274.636 19.5141 5.38194
274.629 19.4709 5.38823
274.629 19.4705 5.38828
274.751 19.5131 5.38366
274.69 19.533 5.38413
274.616 19.5557 5.38546
274.811 19.5171 5.37943
274.622 19.5163 5.38702
274.65 19.5728 5.38575
274.702 19.5682 5.38484
274.685 19.6481 5.38493
274.695 19.5574 5.38426
274.702 19.5671 5.3867
274.658 19.5492 5.38817
274.604 19.4905 5.38784
274.669 19.4455 5.38813
274.744 19.5486 5.38806
274.665 19.5319 5.38618
274.759 19.6802 5.38588
274.75 19.5281 5.38397
274.814 19.6438 5.38701
274.705 19.4838 5.38869
274.788 19.514 5.38626
274.705 19.5076 5.38448
274.653 19.478 5.38665
274.634 19.4673 5.38832
274.793 19.4932 5.38796
274.792 19.4967 5.38775
274.773 19.5406 5.38504
274.69 19.5652 5.3832
274.782 19.517 5.38615
274.739 19.5563 5.38274
274.713 19.6206 5.38618
274.625 19.5196 5.38691
274.68 19.6191 5.38669
274.674 19.5108 5.38393
274.67 19.5369 5.38603
274.61 19.5301 5.38765
274.715 19.6661 5.38699
274.678 19.5317 5.38619
274.736 19.5381 5.38668
274.598 19.4876 5.38769
274.673 19.4433 5.38807
274.654 19.5775 5.38345
274.663 19.5321 5.38615
274.688 19.598 5.38479
274.618 19.6235 5.38586
274.719 19.6374 5.38554
274.695 19.6646 5.38578
274.658 19.5241 5.38474
274.777 19.5068 5.38637
274.686 19.5375 5.38446
274.704 19.5052 5.38427
274.648 19.4794 5.38671
274.678 19.5548 5.38705
274.632 19.4641 5.38831
274.714 19.5356 5.38464
274.626 19.5785 5.38515
274.68 19.5412 5.38655
274.808 19.5297 5.38583
274.769 19.5292 5.3872
274.751 19.5344 5.38357
274.678 19.5069 5.38376
274.657 19.5762 5.38332
274.607 19.5307 5.38772
274.721 19.6377 5.38501
274.661 19.6225 5.38566
274.71 19.5765 5.38864
274.655 19.5572 5.388
274.672 19.4402 5.38817
274.672 19.445 5.38794
274.675 19.5036 5.3843
274.659 19.5836 5.38634
274.779 19.6611 5.39071
274.652 19.5272 5.385
274.652 19.525 5.38478
274.706 19.619 5.38411
274.685 19.5968 5.38455
274.785 19.5157 5.38634
274.705 19.5066 5.38436
274.705 19.5081 5.38439
274.739 19.6111 5.38227
274.63 19.471 5.38835
274.78 19.6417 5.38387
274.686 19.5358 5.38421
274.704 19.5818 5.38414
274.632 19.5572 5.38769
274.736 19.5549 5.38287
274.756 19.5437 5.38653
274.668 19.5988 5.38307
274.64 19.5756 5.38555
274.607 19.5259 5.38765
274.66 19.5743 5.38236
274.678 19.4545 5.38877
274.737 19.5396 5.38677
274.699 19.5601 5.38341
274.657 19.5567 5.38791
274.826 19.5664 5.38336
274.669 19.446 5.38804
274.674 19.4428 5.38807
274.68 19.4943 5.38427
274.675 19.4953 5.38435
274.664 19.5249 5.3862
274.662 19.5806 5.38625
274.747 19.5247 5.38374
274.652 19.5224 5.38475
274.667 19.6177 5.38417
274.573 19.5742 5.38532
274.65 19.5696 5.38311
274.785 19.5391 5.38393
274.712 19.6652 5.38528
274.672 19.5167 5.3874
274.786 19.4974 5.38797
274.685 19.5691 5.38293
274.83 19.5524 5.38797
274.774 19.5284 5.38707
274.686 19.5544 5.38519
274.758 19.5387 5.38357
274.625 19.5151 5.38702
274.66 19.5714 5.38587
274.668 19.5326 5.38607
274.739 19.5977 5.38516
274.689 19.608 5.38642
274.682 19.4533 5.38859
274.679 19.5363 5.386
274.671 19.5346 5.38609
272.739 25.1052 5.3925
