-39.2279 -68.0639 1.86152
-39.3253 -68.1004 1.8611
-39.3084 -68.0979 1.85737
-39.3445 -68.1041 1.85903
-39.453 -68.0093 1.8599
-39.3737 -68.0336 1.85465
-39.3613 -67.901 1.85985
-39.4174 -67.9933 1.85654
-39.4195 -67.8839 1.85931
-39.4158 -68.0391 1.8574
-39.3764 -67.9496 1.8549
-39.3556 -67.9474 1.86017
-39.4839 -67.9534 1.86015
-39.436 -68.0395 1.85959
-39.3533 -68.1365 1.8619
-39.3533 -67.9153 1.85498
-39.4082 -67.8979 1.8583
-39.3477 -68.0711 1.85685
-39.4038 -67.9828 1.85783
-39.3239 -68.013 1.85787
-39.3781 -67.9929 1.86111
-39.4545 -68.0203 1.8591
-39.4831 -67.9275 1.85811
-39.3567 -68.0942 1.8589
-39.4179 -68.0063 1.8553
-39.293 -67.85 1.85839
-39.3566 -67.9065 1.85764
-39.402 -68.0957 1.86059
-39.4391 -68.0242 1.85967
-39.3974 -67.9409 1.85754
-39.3769 -67.9191 1.85869
-39.3612 -67.9141 1.85864
-39.3551 -68.0251 1.85722
-39.3816 -68.0251 1.85918
-39.3843 -67.9788 1.8582
-39.3167 -67.9143 1.85745
-39.3655 -67.9393 1.85613
-39.4434 -67.978 1.85796
-39.3399 -67.9993 1.85961
-39.3488 -67.9783 1.85512
-39.4499 -67.9663 1.85881
-39.3875 -68.0805 1.85587
-39.394 -67.9757 1.86048
-39.4061 -67.96 1.85796
-39.3588 -67.9876 1.86018
-39.5203 -68.0039 1.85772
-39.4608 -67.9749 1.85794
-39.4014 -67.9113 1.8591
-39.4581 -67.9151 1.85804
-39.3474 -68.0088 1.8567
-39.4096 -67.9822 1.86146
-39.3445 -68.0955 1.85867
-39.4398 -67.937 1.86047
-39.3827 -68.0059 1.86035
-39.4818 -68.0277 1.85577
-39.3509 -67.9274 1.85969
-39.3912 -68.098 1.86045
-39.3667 -67.9726 1.85733
-39.404 -67.8797 1.85931
-39.36 -67.9004 1.85743
-39.4626 -68.1796 1.85931
-39.4051 -68.117 1.8558
-39.3387 -67.9909 1.8602
-39.4811 -67.9719 1.85549
-39.2664 -68.1514 1.86081
-39.3793 -67.9383 1.85656
-39.3231 -68.0492 1.85887
-39.4677 -68.0574 1.8581
-39.3534 -67.944 1.86072
-39.4092 -67.9722 1.85413
-39.4304 -67.9876 1.85857
-39.3923 -68.0406 1.85798
-39.4873 -67.9657 1.85774
-39.3841 -67.9981 1.85925
-39.4267 -67.9963 1.86101
-39.3403 -68.0821 1.85767
-39.3721 -68.002 1.857
-39.3897 -67.9769 1.85901
-39.4109 -68.0012 1.85811
-39.358 -67.8636 1.8569
-39.3762 -68.0869 1.86059
-39.3485 -67.9534 1.85792
-39.3646 -67.9199 1.85942
-39.3719 -67.8868 1.85899
-39.4093 -67.9033 1.86026
-39.4482 -68.0398 1.86106
-39.3946 -68.0265 1.85735
-39.3487 -67.9675 1.86047
-39.4033 -68.0272 1.86
-39.3798 -67.9577 1.85862
-39.4169 -68.0338 1.85998
-39.3467 -68.0331 1.85623
-39.3889 -67.934 1.85937
-39.3434 -68.0269 1.85944
-39.3713 -68.0284 1.85851
-39.2908 -68.0093 1.85836
-39.3231 -67.9986 1.85884
-39.3572 -68.0979 1.85834
-39.3694 -68.0442 1.85873
-39.3509 -68.0983 1.85883
-39.3782 -68.1107 1.85775
-39.3558 -68.0798 1.85532
-39.4629 -67.9749 1.85499
-39.4104 -67.8642 1.85862
-39.3841 -67.9061 1.85486
-39.3914 -67.8938 1.85878
-39.3284 -67.9876 1.86086
-39.4579 -68.1007 1.85827
-39.4016 -68.0441 1.86005
-39.4109 -67.8979 1.85406
-39.3866 -67.9312 1.85717
-39.3949 -68.0924 1.85946
-39.3913 -68.013 1.85696
-39.2918 -67.965 1.86054
-39.3804 -67.8989 1.86161
-39.4311 -67.9831 1.85702
-39.4108 -68.0319 1.85854
-39.475 -68.0436 1.85864
-39.462 -67.9955 1.85909
-39.3842 -68.1859 1.8589
-39.3828 -68.2266 1.85947
-39.3151 -68.1099 1.85647
-39.3331 -68.0323 1.85905
-39.4154 -68.0473 1.85963
-39.4182 -68.0231 1.86195
-39.3519 -68.0978 1.85804
-39.5099 -67.9289 1.85929
-39.3645 -67.9628 1.85669
-39.3872 -67.8768 1.85979
-39.4537 -68.0587 1.85931
-39.3655 -67.9481 1.86047
-39.3182 -67.955 1.85562
-39.3955 -67.9626 1.86055
-39.3328 -68.0678 1.85817
-39.3647 -68.0181 1.86082
-39.3123 -68.0972 1.85607
-39.3647 -68.1524 1.85915
-39.4074 -68.1206 1.8592
-39.4129 -67.9681 1.8597
-39.4117 -68.0765 1.8576
-39.4147 -67.966 1.85686
-39.3575 -68.0112 1.85564
-39.4361 -67.9442 1.85881
-39.2744 -68.0628 1.85823
-39.3892 -68.1393 1.86371
-39.4028 -68.0928 1.85848
-39.3843 -68.0406 1.86006
-39.413 -68.1169 1.85718
-39.4091 -67.9083 1.85972
-39.4391 -68.0156 1.85729
-39.438 -67.9578 1.85732
-39.3879 -67.9301 1.85513
-39.3113 -67.8919 1.86068
-39.5036 -67.9159 1.85327
-39.3758 -68.0544 1.86077
-39.3065 -67.9468 1.85964
-39.4056 -67.9774 1.85877
-39.4442 -67.9053 1.85267
-39.4308 -68.0354 1.85868
-39.3409 -68.1092 1.85818
-39.4382 -68.0695 1.8571
-39.3986 -68.0117 1.85843
-39.3985 -68.005 1.85661
-39.3798 -68.0267 1.85463
-39.3475 -68.0423 1.85637
-39.264 -68.0158 1.85983
-39.4174 -68.0122 1.86078
-39.3502 -67.9552 1.85413
-39.4641 -67.9253 1.85829
-39.439 -68.0175 1.8579
-39.5482 -67.9499 1.85748
-39.4494 -68.023 1.85798
-39.3796 -67.8899 1.86
-39.3803 -67.9142 1.85951
-39.4785 -68.1439 1.86162
-39.4345 -67.9393 1.85835
-39.4885 -67.9364 1.85161
-39.3092 -67.8935 1.85676
-39.3547 -67.9645 1.86086
-39.3726 -68.0577 1.85801
-39.421 -67.9531 1.85858
-39.2669 -68.0479 1.85842
-39.3971 -68.0324 1.85624
-39.3354 -68.0265 1.85743
-39.4224 -67.9588 1.85945
-39.4242 -68.0442 1.85608
-39.3784 -68.024 1.8571
-39.286 -68.0362 1.85972
-39.3079 -68.0735 1.85904
-39.4406 -67.9225 1.85815
-39.3105 -67.9999 1.85949
-39.4721 -68.1255 1.8615
-39.4484 -67.9818 1.86061
-39.4189 -67.9807 1.85907
-39.4276 -68.127 1.85832
-39.3864 -68.1198 1.85886
-39.3643 -68.0982 1.85661
-39.3177 -67.8891 1.8577
-39.4294 -67.9233 1.85883
-39.4345 -67.9799 1.85858
-39.3632 -68.0081 1.85633
-39.3976 -68 1.85676
-39.4051 -67.8445 1.86038
-39.5067 -68.1196 1.85808
-39.3777 -67.8596 1.85642
-39.4724 -68.0303 1.86121
-39.4322 -67.9368 1.85828
-39.4716 -67.9549 1.85634
-39.3919 -68.0631 1.8578
-39.3722 -68.061 1.85756
-39.3837 -68.0914 1.85978
-39.3038 -67.9919 1.85931
-39.3272 -67.9809 1.8597
-39.4799 -67.9748 1.85677
-39.4252 -67.9819 1.85835
-39.3396 -67.9671 1.85568
-39.4416 -67.9351 1.85729
-39.2517 -68.0139 1.86087
-39.4023 -67.9993 1.86143
-39.4036 -68.0549 1.85817
-39.4783 -67.9648 1.85892
-39.414 -67.8493 1.85823
-39.3871 -68.1065 1.86003
-39.3893 -67.9447 1.8575
-39.4434 -67.8909 1.85896
-39.4614 -68.0513 1.8554
-39.328 -68.143 1.85627
-39.3398 -67.9273 1.8621
-39.4177 -68.011 1.85844
-39.3053 -67.9885 1.85889
-39.3618 -68.0132 1.85868
-39.3762 -68.0428 1.85817
-39.514 -67.923 1.85616
-39.4835 -67.9715 1.85613
-39.3838 -68.0525 1.85944
-39.2556 -68.0329 1.85708
-39.4057 -67.8842 1.85751
-39.3771 -68.0914 1.86152
-39.4021 -68.011 1.86297
-39.4108 -68.0947 1.85795
-39.4225 -67.9418 1.85834
-39.3901 -68.0773 1.85486
-39.376 -67.9215 1.8588
-39.4524 -67.9365 1.85752
-39.3776 -67.9711 1.8595
-39.3962 -67.8956 1.85794
-39.3585 -68.0234 1.85747
-39.2958 -67.9578 1.8575
-39.424 -68.0348 1.85751
-39.5011 -67.9742 1.85842
-39.4388 -67.9735 1.85973
-39.424 -68.0653 1.85992
-39.4481 -67.9647 1.85891
-39.4083 -68.0816 1.85802
-39.3329 -68.035 1.85837
-39.4161 -68.0907 1.85713
-39.4127 -67.9562 1.85693
-39.4394 -67.9804 1.85765
-39.4205 -67.9953 1.86153
-39.3759 -67.9613 1.86222
-39.3861 -67.9 1.8596
-39.4498 -67.8722 1.85804
-39.4778 -67.932 1.85637
-39.3424 -68.1258 1.86094
-39.2573 -68.0238 1.85619
-39.3617 -68.0705 1.85677
-39.3741 -67.9708 1.85849
-39.342 -67.9239 1.85725
-39.3223 -68.0809 1.85649
-39.3771 -67.8774 1.85592
-39.3066 -67.947 1.85517
-39.4169 -68.2404 1.85888
-39.4323 -67.9693 1.86019
-39.3303 -68.0316 1.85824
-39.3463 -68.0178 1.85772
-39.3732 -68.0752 1.8572
-39.3886 -67.9782 1.86068
-39.2218 -68.1335 1.8582
-39.4048 -68.0295 1.85741
-39.4362 -67.9533 1.85642
-39.4231 -68.027 1.85811
-39.4477 -68.0277 1.85653
-39.3657 -67.9913 1.85797
-39.3862 -67.8398 1.85807
-39.3751 -67.8881 1.85988
-39.4073 -68.0147 1.85521
-39.3986 -68.0041 1.85778
-39.4208 -67.9079 1.859
-39.3727 -68.0085 1.8593
-39.3266 -68.0461 1.85528
-39.3494 -67.97 1.85777
-39.4608 -68.0162 1.85767
-39.4269 -67.9812 1.8573
-39.3807 -67.9758 1.85573
-39.4748 -67.9515 1.8567
-39.2792 -67.8979 1.85558
-39.3487 -68.0664 1.85699
-39.429 -68.0291 1.85949
-39.1818 -68.086 1.85861
-39.3991 -67.979 1.8583
-39.3637 -67.9745 1.86104
-39.4334 -68.014 1.85906
-39.4079 -68.0595 1.85772
-39.4499 -67.9146 1.86006
-39.4354 -67.9585 1.85484
-39.3614 -67.8848 1.85748
-39.2925 -67.9826 1.8569
-39.3519 -67.9914 1.85615
-39.3586 -67.9497 1.8581
-39.3894 -67.9107 1.85534
-39.4076 -67.8979 1.85624
-39.3341 -67.9391 1.85797
-39.4155 -68.084 1.8531
-39.4731 -67.9821 1.85581
-39.4556 -67.9258 1.85738
-39.3706 -68.0276 1.86066
-39.4765 -68.0056 1.85951
-39.5412 -68.0453 1.85729
-39.3714 -68.0074 1.8578
-39.5748 -68.1166 1.86094
-39.4363 -67.9358 1.86021
-39.4094 -68.0464 1.85554
-39.3195 -68.0064 1.85868
-39.4394 -68.056 1.85873
-39.2489 -68.0931 1.85941
-39.404 -67.8967 1.85879
-39.3275 -67.9401 1.85928
-39.4241 -68.0033 1.8631
-39.5194 -67.9775 1.85612
-39.5324 -67.9492 1.85837
-39.3519 -67.9923 1.85787
-39.3924 -67.8943 1.85574
-39.4078 -67.9234 1.85917
-39.459 -67.9866 1.85753
-39.4084 -68.0072 1.85486
-39.4028 -67.8922 1.85729
-39.3641 -67.997 1.85917
-39.4259 -68.0266 1.86071
-39.3423 -67.9494 1.85765
-39.3761 -67.8924 1.8586
-39.3482 -67.9169 1.85675
-39.3758 -67.9266 1.85729
-39.4798 -68.1334 1.85851
-39.4258 -68.0339 1.85819
-39.3409 -67.9456 1.85494
-39.4094 -68.1272 1.85688
-39.3886 -67.943 1.85945
-39.4106 -68.0933 1.85801
-39.3045 -68.0827 1.85979
-39.5028 -68.0103 1.85583
-39.3685 -68.0498 1.85996
-39.3621 -67.9004 1.85879
-39.3227 -67.9781 1.85347
-39.3611 -68.0029 1.85469
-39.328 -68.0756 1.85915
-39.3355 -67.9088 1.8556
-39.3859 -67.9387 1.85368
-39.3781 -67.9747 1.85868
-39.4114 -67.8923 1.85816
-39.3966 -68.0755 1.85654
-39.4358 -68.057 1.85616
-39.3404 -67.9533 1.86106
-39.4509 -67.9651 1.85626
-39.3686 -68.1576 1.86074
-39.4263 -68.078 1.85422
-39.2954 -67.9689 1.85443
-39.3685 -67.928 1.86139
-39.4422 -68.0638 1.85876
-39.4838 -68.0333 1.8597
-39.3034 -68.0063 1.85698
-39.3528 -68.0111 1.85645
-39.4687 -67.9913 1.85767
-39.4482 -68.0256 1.85703
-39.3559 -67.9449 1.85648
-39.4687 -67.9735 1.85691
-39.274 -67.9592 1.8587
-39.4257 -68.0114 1.85524
-39.3937 -67.8977 1.85924
-39.422 -67.893 1.85549
-39.3705 -67.9423 1.86151
-39.4581 -68.0126 1.86001
-39.3203 -67.9813 1.85766
-39.3971 -67.9911 1.85761
-39.2984 -67.9287 1.85537
-39.3953 -67.9447 1.86008
-39.4342 -68.0534 1.85956
-39.3989 -68.1589 1.85661
-39.4782 -67.9947 1.85805
-39.3211 -68.0577 1.8578
-39.4592 -68.0388 1.86146
-39.3722 -68.0088 1.85294
-39.4732 -67.8671 1.86104
-39.3587 -68.0233 1.8578
-39.3315 -67.911 1.85878
-39.4894 -67.9595 1.85819
-39.2479 -68.1321 1.85871
-39.307 -68.0434 1.85539
-39.4257 -67.9621 1.85568
-39.3833 -67.9332 1.86083
-39.3428 -67.9623 1.85637
-39.3485 -67.9687 1.85842
-39.3801 -67.9809 1.8585
-39.3719 -68.0937 1.85755
-39.3139 -68.0082 1.85744
-39.3354 -68.1353 1.85663
-39.2823 -67.9328 1.857
-39.3692 -68.107 1.85847
-39.4156 -68.0522 1.85687
-39.3805 -68.0334 1.86029
-39.5448 -68.0042 1.85759
-39.3851 -68.0188 1.85908
-39.352 -68.048 1.85628
-39.5331 -68.0162 1.85844
-39.3447 -67.8632 1.85961
-39.4385 -68.0331 1.86164
-39.3932 -67.9814 1.8574
-39.3849 -67.9684 1.85683
-39.4892 -68.0008 1.85883
-39.4666 -67.9754 1.85942
-39.4275 -67.97 1.85791
-39.3494 -67.8921 1.85779
-39.2911 -67.9468 1.85479
-39.4184 -67.9943 1.85848
-39.3544 -68.0244 1.86077
-39.314 -68.0723 1.85867
-39.4365 -67.9624 1.86089
-39.2907 -68.0378 1.86005
-39.3631 -68.0196 1.8565
-39.2608 -67.9919 1.85795
-39.334 -68.0374 1.85628
-39.2514 -68.0994 1.85732
-39.4603 -67.9743 1.85832
-39.4309 -67.8877 1.85744
-39.3923 -67.9233 1.85576
-39.4908 -68.0463 1.85332
-39.3597 -67.9733 1.85798
-39.3917 -67.9903 1.85723
-39.4142 -67.9545 1.85735
-39.3896 -67.8971 1.85854
-39.411 -67.9099 1.86104
-39.3441 -68.1027 1.85751
-39.3731 -67.9466 1.86034
-39.424 -68.0763 1.8558
-39.3557 -67.9515 1.85794
-39.2786 -68.0096 1.85751
-39.3852 -67.9555 1.86151
-39.3779 -68.0465 1.85983
-39.3545 -67.9927 1.85915
-39.3433 -67.9697 1.85831
-39.3495 -67.9373 1.85671
-39.3333 -68.0798 1.85691
-39.4936 -67.9246 1.85771
-39.4373 -67.969 1.85668
-39.4418 -68.0505 1.85783
-39.3226 -67.9043 1.85951
-39.5127 -68.0898 1.86205
-39.4103 -67.9334 1.85805
-39.3881 -67.9507 1.85936
-39.3823 -68.1514 1.85574
-39.3302 -67.905 1.85241
-39.4439 -67.9573 1.85642
-39.3959 -67.9446 1.85825
-39.3459 -67.9774 1.85972
-39.4389 -67.9297 1.85839
-39.3497 -67.9931 1.85666
-39.475 -68.088 1.85793
-39.4401 -68.0706 1.86022
-39.4917 -68.0003 1.85888
-39.3784 -67.9338 1.85804
-39.3328 -68.0164 1.85603
-39.288 -68.0358 1.8537
-39.4495 -67.9847 1.8625
-39.4125 -67.9397 1.86219
-39.4087 -68.048 1.85623
-39.3936 -68.0251 1.85854
-39.3783 -67.9933 1.85705
-39.4007 -67.9316 1.85769
-39.3381 -67.9305 1.8592
-39.3812 -68.0282 1.85927
-39.3768 -67.895 1.85968
-39.385 -67.9168 1.85958
-39.3758 -67.9582 1.85854
-39.383 -67.958 1.85405
-39.3707 -67.9997 1.85944
-39.3601 -68.0249 1.85663
-39.3903 -68.0333 1.85584
-39.3137 -68.0292 1.85724
-39.3224 -67.9741 1.85903
-39.3612 -68.0874 1.8587
-39.3849 -67.9952 1.85684
-39.3271 -68.0215 1.85688
-39.3406 -68.1242 1.85605
-39.3054 -68.0207 1.85993
-39.407 -67.9333 1.8593
-39.4034 -68.0025 1.86137
-39.4893 -67.9515 1.85892
-39.4601 -67.9229 1.85897
-39.3279 -68.114 1.8589
-39.289 -68.0073 1.85786
-38.3292 -72.4238 1.84549
