97.8895 18.1669 0.0766072
97.809 18.1458 0.0800193
97.7972 18.0282 0.0778002
97.785 18.1994 0.0810519
97.8761 18.0675 0.0804951
97.8168 18.2249 0.0759713
97.8198 18.1312 0.0801516
98.0442 18.1851 0.0813654
97.9195 18.1692 0.0795603
97.8323 18.0844 0.081895
97.8262 18.0496 0.0794479
97.8259 18.0494 0.0792939
97.8704 18.1785 0.0828405
97.8759 18.1728 0.0829208
97.9052 18.2098 0.0820377
97.8979 18.2139 0.0821599
97.8981 18.2092 0.0821554
97.8972 18.1466 0.0788802
97.8808 18.204 0.0812759
97.9437 18.1833 0.0823877
97.7449 18.2288 0.0816696
97.811 18.2883 0.0825244
97.727 18.1564 0.0780332
97.8425 18.1044 0.0804024
97.8411 18.1111 0.0806146
97.7503 18.0125 0.0827082
97.8923 18.1359 0.0738723
97.8808 18.1278 0.0815419
97.9147 18.2347 0.078506
97.8491 18.1522 0.0782267
97.866 18.1645 0.0795194
97.8505 18.0736 0.0820248
97.8509 18.1312 0.0838803
97.8773 18.1271 0.0775914
97.8664 18.0993 0.0755514
97.9123 18.0372 0.0759705
97.9086 18.1963 0.081931
97.9076 18.1971 0.0820139
97.8708 18.1547 0.0774261
97.8254 18.0407 0.0729953
97.8342 18.0684 0.0795497
97.8322 18.1302 0.0814048
97.8762 18.1662 0.0815854
97.8633 18.1471 0.0806393
97.8862 18.0664 0.0827424
97.9525 18.0843 0.0775606
97.967 18.1792 0.0801033
97.7793 18.0516 0.0801486
97.8585 17.9813 0.0789302
97.9535 18.1666 0.0802694
97.9326 18.1407 0.0798125
97.8147 18.1226 0.0763706
97.8832 18.1235 0.0859711
97.8301 18.1312 0.0855077
97.9649 18.0676 0.0819613
97.8359 18.0511 0.0797202
97.7958 18.1308 0.0813348
97.8638 18.1612 0.0822017
97.7159 18.149 0.0844032
97.8788 18.062 0.0760568
97.9029 18.017 0.0816803
97.9438 18.1206 0.0782798
97.8925 18.2977 0.0808116
97.8762 18.1285 0.0801069
97.8767 18.128 0.0800091
97.8045 18.2857 0.0812348
97.8526 18.2904 0.0786614
97.7673 18.1144 0.0802435
97.8378 18.0991 0.0825941
97.7857 18.1416 0.081315
97.7972 18.0095 0.0759319
97.9261 18.1782 0.0812805
97.8104 18.1288 0.0810778
97.9457 18.0992 0.0811224
97.7733 18.058 0.0823901
97.957 18.0279 0.0793785
97.865 18.121 0.0787769
97.8231 18.0441 0.083099
97.9034 18.0563 0.0819728
97.794 18.1014 0.0823652
97.8049 18.1261 0.0795285
97.7858 18.1952 0.0754936
97.8479 18.0436 0.0863235
97.9198 18.0932 0.0773023
97.9203 18.0867 0.0773324
97.943 18.0397 0.0780154
98 18.0787 0.0798405
97.8439 18.1454 0.07554
97.8533 18.2148 0.0792836
97.837 18.1606 0.0792794
97.888 18.1973 0.0815224
97.8795 18.0749 0.0829
97.9539 18.1925 0.0788991
97.8396 18.203 0.0813514
97.8093 18.0793 0.0827836
97.8799 18.0929 0.0821236
97.8625 18.1271 0.082745
98.1058 18.1711 0.0783758
97.9783 18.1879 0.0807455
97.8835 18.1197 0.082287
97.7423 18.0457 0.0796808
97.9596 18.163 0.0803178
97.8404 18.1351 0.0794607
97.8436 18.1322 0.0794749
97.8387 18.1823 0.0838469
97.8936 18.0879 0.0836913
97.8532 18.1058 0.0754226
97.8061 18.0747 0.0809734
97.8284 18.1753 0.0824281
97.8568 18.1438 0.081413
97.9588 18.2517 0.0821372
97.8604 18.0593 0.07732
97.9309 18.1815 0.0808884
97.948 18.163 0.0804343
97.9505 18.1652 0.0803494
97.9041 18.1457 0.0831673
97.91 18.1541 0.0829743
97.9499 18.0554 0.0781677
98.0066 18.1873 0.0785572
97.8692 18.0613 0.0762031
97.8678 18.0649 0.0760275
97.841 18.0028 0.0797667
97.9591 18.1285 0.0761858
97.9628 18.1303 0.0759321
97.8415 18.0881 0.0787363
97.8899 18.1428 0.0787354
97.8172 18.0589 0.0852605
97.8933 18.1107 0.0802159
97.8981 18.1151 0.0803017
97.8775 18.0742 0.081098
98.018 18.0996 0.0813604
97.8979 18.1226 0.0783335
97.9068 18.1236 0.0783817
97.7494 18.0921 0.0737117
97.9705 18.0944 0.0815114
97.9643 18.101 0.0814719
97.9656 18.0929 0.0814347
97.9706 18.0965 0.0815387
97.9708 18.0885 0.0745433
97.901 18.2594 0.0798361
97.7947 18.1347 0.0814999
97.837 18.0236 0.0807479
97.9091 18.1228 0.080965
97.91 18.128 0.080837
97.8139 18.1137 0.0814126
97.8482 18.1902 0.0812346
97.8482 18.1735 0.0808722
97.8807 18.0919 0.0804686
97.8872 18.0934 0.0806302
97.8732 18.0437 0.0822566
97.8947 18.2031 0.0770629
97.9855 18.033 0.0767516
97.8937 18.1657 0.0801271
97.8007 18.1211 0.0794945
97.8367 18.0586 0.0854021
97.8041 18.1312 0.0799869
97.9538 18.0012 0.075983
97.8879 18.1391 0.0806863
97.9067 18.3138 0.0803241
97.6819 18.1547 0.0862941
97.96 18.2401 0.0801529
97.961 18.234 0.0800811
97.9847 18.1598 0.0783443
97.8411 18.0177 0.078272
97.8063 18.2277 0.0795331
97.7858 18.1364 0.0801789
97.8784 18.0013 0.0820873
97.835 18.0943 0.0767703
97.847 18.1649 0.0807072
97.8917 18.1796 0.0797427
97.9368 18.1929 0.0778507
97.9371 18.1991 0.0780078
97.8427 18.0606 0.0775301
97.818 18.0188 0.0804992
97.8936 18.135 0.0810846
97.8101 18.1095 0.0812052
97.9498 18.0806 0.0815449
97.9245 18.2318 0.079664
97.9274 18.2279 0.0795443
97.827 18.1954 0.0786421
97.742 18.215 0.0817979
97.7877 18.0432 0.0792785
97.9995 18.1648 0.0800516
98.0084 18.1308 0.0784415
97.9071 18.1278 0.0783637
97.9076 18.1995 0.0804782
97.8475 18.1585 0.0814667
97.7317 18.1276 0.0842036
97.8352 18.171 0.0821335
97.8333 18.1921 0.0810603
97.973 18.1472 0.0778106
97.9724 18.1524 0.0778675
98.0296 18.1073 0.0747063
97.9382 18.0871 0.0802632
97.8898 18.2459 0.0839557
97.8822 18.1102 0.0772147
97.8114 18.1485 0.0800728
97.8593 17.9867 0.0754613
97.9526 18.1969 0.0800632
97.658 18.0596 0.0814523
97.8215 18.0448 0.0817184
98.0068 18.0939 0.0772164
98.0014 18.0883 0.078921
97.8349 18.0856 0.0818218
97.8794 18.1592 0.0796512
97.8333 18.0498 0.0793339
97.9232 18.017 0.0740462
97.8986 18.2131 0.0821889
97.8736 18.0375 0.0827093
97.8565 18.0933 0.0749244
97.9453 18.1837 0.0825951
98.0403 18.0609 0.082407
97.7352 18.2231 0.0817619
98.0103 18.1129 0.0767166
97.8159 18.0826 0.0789666
97.8664 18.0774 0.0811785
97.8726 18.0436 0.0810762
97.8015 18.0859 0.082482
97.9143 18.2372 0.0781446
97.8622 18.1599 0.0793599
97.7878 18.1226 0.0822071
97.8773 18.1302 0.0778846
97.8611 18.0947 0.0755758
97.9104 18.0291 0.0759984
97.7606 18.2259 0.0817678
97.8652 18.1473 0.0772913
97.8014 17.9227 0.0850657
97.875 17.9993 0.0800796
97.876 17.9959 0.0801426
97.7744 18.1841 0.0827829
97.8366 18.1285 0.0813882
97.8018 18.0548 0.0802738
97.8825 18.0709 0.0827086
97.9481 18.0883 0.0776324
97.7685 18.0474 0.0802995
97.9318 18.1467 0.0797073
97.8622 18.2246 0.0783117
97.8345 18.1338 0.0855308
97.7924 18.0957 0.0804428
97.9684 18.0644 0.0820676
97.8216 18.185 0.0810411
97.8081 18.2042 0.0848517
97.9043 18.0783 0.0793564
97.8707 18.0556 0.0759935
97.9454 18.1203 0.0780925
97.9485 18.1256 0.0782341
97.9448 18.1223 0.078148
97.8718 18.1419 0.0829676
97.9914 18.2167 0.0790779
97.9959 18.212 0.0788663
97.7647 18.1548 0.0776701
97.8721 18.1233 0.0803174
97.8058 18.2827 0.0812006
97.8658 18.1611 0.0783857
97.873 18.1625 0.0780032
97.832 18.1471 0.0763908
97.8602 18.0972 0.0765998
97.7997 18.1253 0.0778176
97.8262 18.1504 0.0813439
97.8791 18.1456 0.0827946
97.961 18.0214 0.079486
97.9118 18.1283 0.0784974
97.885 18.0893 0.07912
97.7712 18.119 0.0822211
97.9235 18.0907 0.0773419
97.9165 18.0874 0.0771816
97.862 18.152 0.079551
97.9429 18.0468 0.0780707
97.9994 18.0848 0.0796011
98.0026 18.0914 0.0796561
97.9528 18.1171 0.0804872
97.9442 18.1178 0.0804692
97.8384 18.1627 0.0790367
97.886 18.2008 0.0815145
97.9602 18.1906 0.0789407
97.9308 18.0605 0.0758391
97.9342 18.0645 0.0758488
97.7961 18.1784 0.0821563
97.7867 18.2715 0.0794968
97.7841 18.2703 0.0795249
98.0048 18.1312 0.0745308
97.9092 18.1117 0.0835823
97.9104 18.1445 0.0830255
97.7345 18.0819 0.0771229
97.833 18.0901 0.0810414
97.794 18.1023 0.0732618
97.7705 18.0567 0.0829261
97.8351 18.1823 0.083998
97.8545 18.1771 0.0819275
97.8895 18.0843 0.0839149
97.852 18.1493 0.0813679
97.9408 18.1766 0.0809373
97.886 18.1054 0.0757498
97.8478 18.2267 0.0808711
97.8507 18.1279 0.0840211
97.8699 18.1664 0.0781785
97.8899 18.1054 0.0817861
97.7718 18.1674 0.075551
97.8698 18.0618 0.0761926
97.8405 17.9973 0.0800249
97.9347 18.1057 0.0811659
97.8379 18.0813 0.0784868
97.9112 18.0856 0.0818297
97.832 18.2118 0.0820604
97.8195 18.0566 0.0850754
97.889 18.0742 0.0810834
97.8173 18.2321 0.0786251
98.0158 18.1076 0.081457
97.8926 18.1221 0.0784082
97.9109 18.2187 0.0831313
97.924 18.0883 0.0779378
97.9251 18.0862 0.0779664
97.9642 18.0925 0.0745544
97.8988 18.2711 0.0796161
97.8691 18.1368 0.0783607
97.8007 18.1341 0.0814818
97.8365 18.0264 0.080618
97.8373 18.0649 0.0768879
97.8422 18.1951 0.0815116
97.8614 18.1464 0.0844644
97.8938 18.0989 0.0816755
97.8953 18.2077 0.0772465
97.9906 18.0362 0.0769319
97.989 18.0374 0.0769589
97.907 18.1682 0.0803256
97.7931 18.0593 0.0788365
97.8664 18.079 0.078925
97.9512 18.0007 0.0758357
97.9151 18.1559 0.0838193
97.8136 17.9948 0.0792438
97.9856 18.1612 0.0783629
97.8461 18.019 0.078247
97.7857 18.1323 0.0813747
97.7819 18.1267 0.0812399
97.7848 18.1324 0.0815046
97.8774 17.9992 0.0821591
97.8402 18.0862 0.0769373
97.9381 17.9477 0.0765145
97.8497 18.1665 0.0804799
97.9377 18.121 0.0840128
97.8634 18.2124 0.0790496
97.8421 18.065 0.0774806
97.8381 18.0654 0.0776854
97.8397 18.1444 0.0759336
97.7909 18.0778 0.0790772
97.8198 18.0249 0.0804083
97.893 18.1468 0.0811844
97.8095 18.12 0.0811707
97.8858 18.1803 0.0828327
97.9502 18.079 0.0818524
97.8871 18.0469 0.0799092
97.9296 18.225 0.0796613
97.8335 18.1967 0.0788704
97.7812 18.2828 0.0778353
97.787 18.0337 0.0794363
98.0047 18.1609 0.0798578
97.7236 18.0535 0.0791607
97.7196 18.0493 0.0789139
97.9583 18.0892 0.0800724
98.0089 18.133 0.0784105
97.9122 18.1927 0.0802145
97.8813 18.2211 0.0804043
97.9502 18.0572 0.0761546
97.8065 18.2049 0.0806431
97.7949 18.2076 0.0805866
97.8703 18.1801 0.0799452
97.8319 18.1953 0.0812634
97.7111 18.1048 0.0832863
97.9757 18.1517 0.0778217
97.9746 18.1442 0.077731
97.8349 18.241 0.0781896
98.0359 18.1094 0.0746057
97.9408 18.0828 0.0803445
97.8892 18.1653 0.0766452
97.807 18.1452 0.080046
97.8609 17.9854 0.0757636
97.9003 17.9484 0.0806089
97.9554 18.1985 0.0800394
97.784 18.2016 0.0810875
97.8717 18.0365 0.0818384
97.8659 18.1281 0.080351
97.8703 18.1253 0.0803473
97.8744 18.1785 0.077936
98.0072 18.1003 0.0769803
98.0107 18.1002 0.0770831
98.0462 18.1792 0.0813865
97.917 18.1729 0.0797762
97.9187 18.1663 0.0797724
97.7971 18.2237 0.0811677
97.8347 18.0816 0.0818983
97.8742 18.1632 0.0794608
97.886 18.2729 0.0817195
97.8941 18.2439 0.0793016
97.8642 18.1728 0.0829827
97.8483 18.0934 0.0748614
98.0246 18.2422 0.0805132
97.8101 18.1203 0.0824571
97.8053 18.2278 0.080159
98.0075 18.113 0.0767129
97.8219 18.0812 0.0791957
97.8714 18.08 0.0813032
97.85 18.1022 0.0804665
97.7964 18.1906 0.081024
97.7931 18.1937 0.0811269
97.8045 18.086 0.0825152
97.8959 18.1308 0.0740667
97.9141 18.2321 0.0784546
97.8659 18.1625 0.0795761
97.8492 18.069 0.0821812
97.8222 18.1052 0.077703
97.8508 18.1283 0.0839157
97.8599 18.0922 0.0755268
97.8599 18.0898 0.0755998
97.9016 18.0632 0.0854718
97.7999 18.0342 0.0764175
97.7544 18.06 0.0760358
97.8762 17.9635 0.0784269
97.8084 18.0588 0.0803001
97.8835 18.0721 0.0827413
97.9482 18.0893 0.0776434
97.9515 18.078 0.0775673
97.972 18.1755 0.0800084
97.9472 18.1688 0.0801702
97.9294 18.1515 0.0796455
97.8702 18.2282 0.0782801
97.8572 18.064 0.081242
97.9722 18.0627 0.0821348
97.9652 18.062 0.081968
97.837 18.0594 0.0796635
97.7941 18.0139 0.0795909
97.8597 18.1578 0.0821984
97.8969 18.194 0.0823891
97.916 18.0195 0.0815616
97.912 18.0199 0.0816747
97.9412 18.1224 0.0782704
97.8776 18.1518 0.0829603
97.787 18.0434 0.0824321
97.7548 18.1516 0.077748
97.8504 18.2893 0.0785084
97.8503 18.2801 0.0786691
97.8241 18.2155 0.0801158
97.7803 18.1455 0.0814385
97.8561 18.0982 0.0768691
97.8928 18.0669 0.0856002
97.9482 18.1026 0.0811006
97.9599 18.0239 0.0796104
97.9165 18.1288 0.0786736
97.9111 18.0488 0.0818888
97.893 18.0896 0.0789825
97.7702 18.1258 0.0823092
97.8082 18.1192 0.07942
97.9212 18.0869 0.0774087
97.9211 18.0892 0.077405
97.8415 18.1292 0.0796109
97.9443 18.0423 0.077984
98.0001 18.0848 0.0797675
97.858 18.1305 0.0740733
97.8491 18.1364 0.0756224
97.857 18.1439 0.0756153
97.8594 18.2418 0.0832034
97.9449 18.1132 0.0802594
97.8854 18.2001 0.0815017
97.7926 18.0149 0.0790292
97.9302 18.0657 0.0755872
97.7548 18.1277 0.0804348
97.8785 18.0943 0.0820756
98.0072 18.1386 0.07461
97.9102 18.1131 0.0836405
97.9201 18.141 0.0828996
97.9115 18.1463 0.083009
97.8855 18.124 0.0823966
97.8331 18.0884 0.0810901
97.8333 18.0936 0.0810196
97.9577 18.1622 0.0804538
97.8422 18.1299 0.0794145
97.8566 18.1763 0.0818569
97.7158 18.0396 0.0795862
97.8125 18.1719 0.0807707
97.8845 18.1048 0.0757516
97.8431 18.2283 0.0812014
97.8045 18.0878 0.0799548
97.9047 18.147 0.0830751
97.9446 18.0617 0.0782121
97.9454 18.0538 0.0780367
97.8751 18.2154 0.0798635
97.8696 18.217 0.0798324
97.8665 18.0611 0.0759413
97.8654 18.0606 0.0760608
97.9262 18.1116 0.0813312
97.9611 18.1301 0.0762434
97.8434 18.0784 0.0787037
97.8864 18.1391 0.0790027
97.9766 18.1123 0.0791216
97.7108 18.1537 0.0848676
97.8992 18.1119 0.0800813
97.8314 18.0184 0.0796206
97.8861 18.0006 0.076423
97.9018 18.1198 0.0784392
97.913 18.2205 0.0834726
95.9664 19.7978 0.100986
