271.006 24.375 5.70601
270.988 24.3398 5.70505
270.949 24.3139 5.7062
270.855 24.3574 5.70454
270.87 24.3032 5.70853
270.972 24.3667 5.70996
271.058 24.2628 5.70778
270.827 24.2229 5.70822
270.865 24.3793 5.70487
270.87 24.3271 5.70951
270.952 24.231 5.70813
270.995 24.2646 5.70719
270.916 24.3766 5.70889
270.94 24.2639 5.70675
270.874 24.3142 5.71066
270.885 24.369 5.70854
270.933 24.3548 5.70793
270.976 24.338 5.70831
270.977 24.4425 5.70656
270.815 24.3137 5.7119
270.991 24.2804 5.70668
270.942 24.303 5.7073
271.051 24.4517 5.70804
270.859 24.5126 5.7118
270.917 24.3344 5.70797
271.084 24.3787 5.70917
270.897 24.255 5.71147
270.944 24.2904 5.70667
270.928 24.3488 5.71192
270.915 24.3255 5.70998
271.041 24.247 5.70603
270.941 24.3033 5.70868
270.924 24.3815 5.70693
270.878 24.3371 5.71247
270.888 24.355 5.71061
270.907 24.3138 5.71001
270.973 24.3062 5.70775
270.892 24.348 5.71014
270.878 24.3563 5.71126
270.978 24.3363 5.70952
270.962 24.2789 5.70735
270.912 24.3708 5.71221
270.932 24.4334 5.71236
270.878 24.3134 5.71051
270.933 24.3181 5.70852
270.884 24.3438 5.71186
270.956 24.35 5.70651
270.909 24.3369 5.70574
270.946 24.3598 5.71148
270.896 24.3654 5.71113
270.871 24.3284 5.70657
270.888 24.3422 5.70877
270.832 24.4353 5.71321
270.945 24.3498 5.71005
270.957 24.2716 5.70655
270.969 24.2136 5.70715
270.928 24.3493 5.70352
270.82 24.3 5.70774
271.021 24.3399 5.70862
271.013 24.3167 5.7088
271.013 24.304 5.71136
270.932 24.2787 5.71043
270.865 24.3479 5.70781
270.926 24.2979 5.70873
270.845 24.3279 5.70803
270.911 24.341 5.70595
270.976 24.3347 5.71196
270.941 24.4421 5.70899
271.056 24.3222 5.70753
270.863 24.2893 5.70763
270.909 24.2898 5.70827
270.879 24.3064 5.70705
270.894 24.2908 5.70612
270.871 24.319 5.70906
271.068 24.4442 5.7036
270.853 24.3753 5.7104
270.962 24.3746 5.71014
270.873 24.3163 5.70882
270.978 24.3487 5.71033
270.989 24.2918 5.7073
270.953 24.2725 5.70539
270.964 24.3612 5.70693
270.857 24.336 5.71191
270.942 24.3667 5.70773
270.918 24.3417 5.7081
270.901 24.2621 5.71212
270.895 24.4106 5.70708
270.873 24.3394 5.70716
270.874 24.458 5.71205
270.947 24.3993 5.70755
271.092 24.3547 5.70704
270.938 24.3917 5.71064
270.871 24.3176 5.70899
270.97 24.3698 5.71065
270.96 24.3175 5.71001
270.916 24.3005 5.70721
270.97 24.1999 5.71206
270.951 24.3911 5.7095
270.811 24.325 5.70784
270.987 24.2945 5.70611
271.05 24.382 5.70829
270.985 24.4052 5.70769
270.969 24.32 5.7084
270.937 24.291 5.70886
270.884 24.483 5.70866
270.936 24.3646 5.71472
270.923 24.3551 5.70753
270.88 24.298 5.70469
270.877 24.2794 5.70443
270.946 24.4135 5.71071
270.967 24.3375 5.71065
270.926 24.3925 5.70923
270.918 24.3602 5.70833
270.886 24.3961 5.70685
270.887 24.3065 5.70522
270.865 24.3253 5.71308
270.866 24.273 5.71278
270.958 24.2571 5.70945
270.978 24.2671 5.70857
270.853 24.2778 5.70727
270.943 24.2473 5.70794
270.917 24.3456 5.71123
270.845 24.3483 5.70797
271.001 24.346 5.71193
270.854 24.4139 5.70648
270.986 24.2787 5.70948
270.942 24.323 5.70939
270.916 24.3008 5.70799
270.841 24.3195 5.70888
270.82 24.3581 5.71126
270.962 24.4656 5.70814
270.847 24.4638 5.71229
270.9 24.2488 5.70903
270.825 24.3499 5.70836
270.831 24.3238 5.71153
270.881 24.3633 5.71178
270.863 24.3812 5.70939
270.988 24.3736 5.70875
270.904 24.293 5.70646
270.942 24.2777 5.70992
270.915 24.3335 5.71177
270.853 24.301 5.71201
270.87 24.4785 5.70518
270.874 24.306 5.70935
270.891 24.3908 5.71503
270.923 24.3721 5.71028
270.856 24.3676 5.70954
270.902 24.3579 5.70975
270.975 24.2921 5.71081
270.982 24.4619 5.7064
270.928 24.259 5.70691
270.888 24.3382 5.71047
270.863 24.4082 5.70952
271.017 24.2987 5.70732
270.993 24.3375 5.70871
270.869 24.3357 5.70725
270.973 24.2928 5.70738
270.992 24.3111 5.70855
270.831 24.335 5.7054
270.908 24.3118 5.71056
270.839 24.2852 5.71155
270.999 24.4645 5.70964
270.928 24.4085 5.70763
270.835 24.3505 5.7083
270.898 24.3163 5.70732
270.959 24.267 5.70887
270.961 24.3617 5.71173
271.017 24.2939 5.70618
270.946 24.2977 5.7067
270.878 24.2769 5.70906
270.915 24.3348 5.70644
270.901 24.3472 5.70914
270.868 24.3373 5.70985
270.892 24.2428 5.71047
270.984 24.4111 5.71572
271.012 24.3416 5.70593
270.87 24.3821 5.71214
270.903 24.3986 5.71263
271.05 24.2755 5.70508
270.867 24.3471 5.70825
270.881 24.2952 5.70763
270.869 24.3677 5.709
270.922 24.4003 5.7088
271.038 24.2994 5.70827
270.949 24.458 5.70854
271.008 24.3361 5.70515
270.909 24.2876 5.71157
270.883 24.4208 5.71079
270.825 24.3589 5.71198
270.91 24.3364 5.71305
270.996 24.3352 5.7127
270.913 24.2876 5.70941
270.927 24.2911 5.70929
270.898 24.4608 5.7101
270.926 24.3074 5.70828
270.896 24.4413 5.70894
270.896 24.3384 5.70542
271.039 24.3356 5.70634
270.973 24.3755 5.71166
270.923 24.4135 5.71231
270.957 24.3884 5.71385
270.859 24.4575 5.71285
270.904 24.279 5.7097
270.844 24.2741 5.70751
270.88 24.3435 5.70574
270.996 24.3656 5.70824
270.88 24.3579 5.70923
270.994 24.3842 5.70972
271.031 24.2015 5.70861
270.958 24.3275 5.70706
270.917 24.4207 5.70756
270.904 24.4602 5.70751
271.029 24.3751 5.70787
271.039 24.3034 5.71137
271.056 24.3052 5.7104
270.962 24.2837 5.70908
270.95 24.3616 5.7067
270.961 24.3913 5.70556
270.968 24.311 5.7121
270.906 24.3205 5.71006
270.88 24.3732 5.70914
270.888 24.3673 5.71061
270.896 24.315 5.71091
270.92 24.2752 5.70822
270.921 24.4083 5.71166
270.864 24.4158 5.70694
270.829 24.2833 5.70798
270.804 24.3687 5.70852
270.883 24.3084 5.70831
270.947 24.3292 5.70556
270.843 24.3389 5.70794
270.926 24.3574 5.70814
270.969 24.2643 5.70627
270.893 24.2696 5.71162
270.937 24.3147 5.71212
270.986 24.4121 5.70787
270.942 24.4435 5.70669
270.873 24.252 5.70664
271.076 24.2922 5.70485
271.004 24.3363 5.70689
270.968 24.2824 5.7084
271.04 24.3251 5.70777
270.929 24.3756 5.70595
270.895 24.382 5.71301
270.956 24.3683 5.70986
270.966 24.4577 5.70771
270.965 24.2555 5.71208
270.901 24.3319 5.70715
270.856 24.4232 5.71237
270.992 24.313 5.71117
270.999 24.2944 5.71151
271.071 24.327 5.70549
270.933 24.2796 5.70983
270.967 24.3707 5.70991
270.916 24.3171 5.70754
270.909 24.4338 5.71034
271.008 24.3426 5.70622
271.073 24.3175 5.70569
270.876 24.3717 5.70937
270.935 24.2696 5.70502
270.932 24.299 5.71252
270.83 24.3809 5.71155
270.988 24.3911 5.70883
270.932 24.2819 5.70608
270.941 24.3172 5.70711
270.924 24.3552 5.70706
270.948 24.3659 5.71168
270.893 24.3677 5.71206
270.873 24.3017 5.70768
270.943 24.2761 5.70993
270.914 24.339 5.70625
270.876 24.3242 5.70743
270.896 24.3945 5.70433
271.013 24.3883 5.71026
270.918 24.4108 5.70428
270.951 24.3474 5.70744
270.914 24.3633 5.70786
270.839 24.3363 5.71002
271.002 24.5014 5.71096
270.97 24.3789 5.71006
270.962 24.2928 5.70935
270.951 24.2839 5.70629
270.885 24.3373 5.70825
270.926 24.3132 5.71099
270.993 24.282 5.71055
270.922 24.3421 5.70967
270.902 24.3094 5.70862
270.823 24.3322 5.70903
270.941 24.2984 5.70642
271.011 24.3378 5.71152
270.969 24.3462 5.71027
270.945 24.3574 5.70647
270.912 24.3914 5.71006
270.813 24.3437 5.70788
271.034 24.3014 5.7065
270.866 24.2382 5.70729
270.939 24.2603 5.70555
270.914 24.3244 5.71184
270.9 24.3155 5.70873
270.965 24.2939 5.70979
270.895 24.3101 5.70779
270.9 24.3533 5.70836
270.996 24.2873 5.70829
270.897 24.3487 5.70891
270.953 24.3571 5.70748
270.883 24.28 5.70493
270.898 24.4649 5.71418
270.955 24.3013 5.70818
271.049 24.4185 5.70609
270.913 24.3374 5.70741
270.977 24.2805 5.70722
271.015 24.4368 5.70728
270.906 24.2374 5.71359
270.955 24.3549 5.71255
270.856 24.3188 5.70829
270.887 24.3222 5.70931
270.935 24.3916 5.70999
270.838 24.3355 5.7093
270.911 24.3682 5.70853
271.065 24.4364 5.71049
270.938 24.3045 5.70971
270.907 24.3699 5.70788
270.927 24.3109 5.70908
270.797 24.3867 5.7109
270.963 24.3919 5.70939
270.961 24.3987 5.71058
270.907 24.397 5.70952
270.875 24.3221 5.70581
270.852 24.3018 5.71021
270.971 24.3388 5.70811
271.001 24.4192 5.71019
270.837 24.3563 5.70928
270.938 24.4865 5.71038
271.02 24.2677 5.70431
270.893 24.4401 5.70968
270.878 24.2041 5.70981
271.019 24.3482 5.70425
270.984 24.3161 5.70853
270.942 24.3293 5.70728
270.959 24.2837 5.70634
270.854 24.2473 5.70292
270.836 24.354 5.70943
270.803 24.3708 5.70865
271.002 24.4017 5.70793
270.89 24.3886 5.70645
270.92 24.3414 5.70675
270.921 24.2785 5.70708
270.979 24.4238 5.71139
271.012 24.24 5.70786
270.94 24.2732 5.70705
270.822 24.3081 5.70689
270.918 24.3413 5.70955
270.84 24.3663 5.70835
270.916 24.4753 5.7133
270.875 24.3829 5.70757
270.958 24.4957 5.7085
270.917 24.2665 5.70725
270.862 24.3342 5.70757
270.851 24.3825 5.71098
270.925 24.2726 5.7082
270.777 24.2589 5.70954
270.941 24.4445 5.70709
270.87 24.2925 5.71098
270.792 24.4014 5.70946
270.785 24.3713 5.7118
271.015 24.3704 5.70754
270.877 24.3044 5.70693
270.997 24.2959 5.71096
270.898 24.379 5.71037
270.892 24.3292 5.70575
270.971 24.4781 5.70556
270.886 24.2755 5.70923
270.843 24.4367 5.71007
270.897 24.3264 5.70662
270.921 24.336 5.71097
270.96 24.4511 5.70684
270.957 24.3606 5.71222
270.927 24.3556 5.70965
270.816 24.4162 5.71097
270.965 24.2788 5.70642
270.924 24.3325 5.70732
270.903 24.3018 5.71062
270.945 24.3712 5.71203
270.868 24.3034 5.70732
270.996 24.438 5.70888
270.906 24.271 5.71206
270.893 24.4284 5.70599
270.892 24.4473 5.71057
270.947 24.3867 5.71058
270.87 24.342 5.70817
270.828 24.2995 5.70798
271.083 24.3114 5.70757
270.949 24.2725 5.70702
270.991 24.2332 5.7052
270.942 24.3413 5.70696
270.917 24.3262 5.70734
270.819 24.2854 5.70807
270.947 24.3991 5.70986
270.828 24.4789 5.71273
270.864 24.3987 5.70877
271.073 24.2502 5.70571
270.831 24.3242 5.70997
270.98 24.4256 5.7101
270.965 24.4187 5.71445
270.981 24.3519 5.70553
270.921 24.3398 5.70573
270.965 24.3399 5.71202
271.037 24.2875 5.70561
270.987 24.2477 5.70975
270.976 24.2487 5.71064
270.938 24.3132 5.70862
270.803 24.3522 5.71021
270.98 24.3074 5.70714
270.957 24.3252 5.70692
270.933 24.6063 5.70547
271.003 24.3313 5.71167
270.921 24.4296 5.70823
270.948 24.4003 5.71115
271.04 24.2577 5.70544
270.96 24.3293 5.70681
270.936 24.3556 5.70657
270.934 24.3111 5.70875
270.969 24.377 5.70762
270.994 24.3526 5.70873
270.955 24.3797 5.70952
270.895 24.3624 5.70802
270.876 24.3816 5.71193
270.869 24.4025 5.71192
270.91 24.4101 5.70674
270.916 24.352 5.70743
270.992 24.3669 5.71296
270.926 24.3156 5.70949
271.012 24.2986 5.70706
270.972 24.4296 5.70685
270.906 24.3375 5.70971
270.984 24.3373 5.70885
270.974 24.3986 5.70879
270.934 24.3632 5.70797
270.98 24.4341 5.71286
270.926 24.3481 5.70531
271.051 24.3706 5.71231
270.949 24.2975 5.70692
271.007 24.2589 5.70752
270.963 24.3354 5.70522
270.913 24.3579 5.71009
270.955 24.3956 5.70347
270.954 24.2155 5.70817
270.919 24.2855 5.70938
270.956 24.3555 5.70853
270.913 24.4623 5.70802
270.906 24.3716 5.70576
270.895 24.3795 5.70949
270.927 24.3323 5.71014
270.941 24.2763 5.70927
271.019 24.3302 5.70688
270.98 24.27 5.70938
271.031 24.4777 5.70947
270.871 24.2945 5.70813
271.009 24.3201 5.70725
270.932 24.2835 5.70943
271 24.3027 5.71148
270.9 24.2955 5.70699
270.888 24.3359 5.70555
270.926 24.2675 5.70984
271.013 24.3011 5.70905
270.917 24.2285 5.71074
270.838 24.3037 5.71021
270.943 24.2433 5.70927
270.91 24.3906 5.70785
270.881 24.381 5.70918
270.887 24.4121 5.70828
270.976 24.3086 5.70684
270.982 24.3021 5.70928
270.898 24.289 5.70977
270.904 24.2879 5.70993
270.938 24.3264 5.71104
270.981 24.2907 5.71043
271.035 24.3345 5.70685
270.9 24.3311 5.70608
270.975 24.3571 5.70567
270.983 24.3126 5.71051
270.895 24.2148 5.71092
271.014 24.3002 5.70726
270.988 24.2516 5.70612
271.041 24.2939 5.71075
270.95 24.3606 5.71145
271.011 24.4044 5.70385
270.889 24.3149 5.70842
270.893 24.3522 5.70771
270.859 24.433 5.71003
271.048 24.2382 5.70541
270.969 24.2787 5.7062
270.935 24.3057 5.71219
270.821 24.3804 5.71257
270.977 24.3004 5.70795
271.033 24.2947 5.70728
270.882 24.3823 5.70713
270.91 24.3715 5.7097
270.898 24.3757 5.71212
270.655 23.431 5.69583
