65.1338 -46.7101 3.86337
65.1423 -46.7487 3.85821
65.2506 -46.8018 3.8625
65.1772 -46.7165 3.86324
65.1691 -46.6844 3.86004
65.1729 -46.6782 3.86012
65.1352 -46.6511 3.86217
65.1341 -46.6637 3.8622
65.2004 -46.7554 3.86034
65.1075 -46.8026 3.8598
65.2098 -46.8084 3.85954
65.1514 -46.7595 3.86061
65.1012 -46.7632 3.85997
65.1171 -46.7387 3.86056
65.1108 -46.7972 3.85866
65.1586 -46.7079 3.86042
65.1356 -46.6832 3.85796
65.2492 -46.7508 3.86117
65.1502 -46.8091 3.85802
65.1832 -46.8193 3.85893
65.2158 -46.7144 3.85665
65.1225 -46.8494 3.85572
65.2289 -46.7164 3.86023
65.1588 -46.721 3.85734
65.1669 -46.8349 3.85921
65.2143 -46.7629 3.86077
65.1978 -46.7402 3.86088
65.1127 -46.831 3.86014
65.2772 -46.7301 3.85897
65.083 -46.6882 3.86148
65.1767 -46.7071 3.85833
65.1889 -46.815 3.86259
65.2012 -46.7484 3.86106
65.1237 -46.7783 3.85934
65.0893 -46.7088 3.86162
65.0889 -46.7056 3.86137
65.2111 -46.681 3.86043
65.1663 -46.819 3.85761
65.2137 -46.8326 3.86014
65.109 -46.8104 3.85872
65.1254 -46.7269 3.86155
65.2404 -46.7643 3.85979
65.2259 -46.7773 3.85917
65.1949 -46.696 3.85785
65.1922 -46.8147 3.86082
65.1781 -46.7575 3.85865
65.1598 -46.7592 3.86042
65.1856 -46.7332 3.86207
65.0753 -46.7088 3.85909
65.1816 -46.6696 3.86233
65.1918 -46.7535 3.85902
65.1277 -46.7001 3.85862
65.0675 -46.742 3.8598
65.2253 -46.8213 3.85969
65.104 -46.681 3.86016
65.2483 -46.7713 3.85892
65.1597 -46.7904 3.85938
65.2588 -46.7268 3.86166
65.1073 -46.8219 3.85784
65.1101 -46.8247 3.85786
65.2269 -46.7176 3.85935
65.1739 -46.7828 3.86217
65.2296 -46.6616 3.85929
65.0732 -46.7419 3.86071
65.1717 -46.7124 3.85834
65.145 -46.7514 3.8581
65.1772 -46.7111 3.86335
65.2156 -46.7981 3.8592
65.1352 -46.6593 3.86227
65.1331 -46.7781 3.85782
65.1456 -46.6781 3.86024
65.1956 -46.7213 3.85983
65.1555 -46.7458 3.86048
65.1994 -46.6511 3.8587
65.1718 -46.6958 3.85945
65.1925 -46.6799 3.86117
65.1607 -46.7012 3.86014
65.1775 -46.7433 3.85767
65.2532 -46.7518 3.86133
65.0969 -46.7976 3.8582
65.2672 -46.7839 3.85875
65.1427 -46.7329 3.86208
65.1673 -46.8391 3.85911
65.2702 -46.8306 3.85808
65.2058 -46.7643 3.86073
65.1695 -46.7831 3.85892
65.0797 -46.6932 3.86119
65.0795 -46.6924 3.86123
65.1866 -46.8085 3.86261
65.2933 -46.7811 3.8578
65.1708 -46.8031 3.86135
65.0991 -46.7851 3.85882
65.1645 -46.8255 3.85735
65.1735 -46.8228 3.85586
65.1126 -46.7076 3.85815
65.1313 -46.7316 3.86162
65.1897 -46.807 3.85479
65.2049 -46.7515 3.86094
65.1505 -46.7859 3.85852
65.1892 -46.6991 3.85786
65.157 -46.7744 3.85875
65.1486 -46.7677 3.85852
65.1827 -46.8418 3.85743
65.3218 -46.7429 3.86158
65.1174 -46.7631 3.85846
65.1852 -46.6723 3.86239
65.1783 -46.6713 3.86231
65.1325 -46.6957 3.85875
65.2596 -46.642 3.86205
65.1241 -46.7906 3.85892
65.1047 -46.675 3.86008
65.1885 -46.6887 3.86214
65.1205 -46.725 3.85589
65.2009 -46.7077 3.85801
65.2253 -46.7159 3.85923
65.2309 -46.7229 3.85987
65.1257 -46.715 3.85893
65.1259 -46.7092 3.85884
65.2221 -46.7395 3.85708
65.236 -46.7646 3.86337
65.1658 -46.8807 3.85903
65.2053 -46.7566 3.86069
65.1518 -46.7422 3.85841
65.1659 -46.6807 3.86012
65.1864 -46.7193 3.85951
65.1338 -46.6577 3.86225
65.2164 -46.8043 3.85854
65.1469 -46.6872 3.8585
65.1545 -46.6902 3.8585
65.1503 -46.6832 3.86028
65.1436 -46.6812 3.86014
65.1924 -46.721 3.85996
65.1962 -46.6522 3.85874
65.138 -46.8023 3.85715
65.1527 -46.7264 3.86059
65.2015 -46.7371 3.86058
65.1803 -46.7461 3.85747
65.1863 -46.7253 3.85903
65.1174 -46.6928 3.85947
65.1197 -46.8215 3.85682
65.1509 -46.8198 3.86136
65.1427 -46.8088 3.85826
65.1377 -46.7791 3.86174
65.2029 -46.8451 3.85898
65.1868 -46.7416 3.86082
65.1817 -46.747 3.86095
65.1916 -46.7473 3.86086
65.1016 -46.7486 3.85869
65.2325 -46.7879 3.8579
65.2754 -46.726 3.85911
65.1387 -46.7478 3.86001
65.2433 -46.8357 3.86037
65.2275 -46.724 3.8594
65.2068 -46.7468 3.86105
65.0931 -46.7968 3.86151
65.1092 -46.7239 3.85931
65.0864 -46.7058 3.86161
65.2138 -46.7285 3.85805
65.2162 -46.7263 3.85818
65.2219 -46.7786 3.85921
65.1062 -46.7132 3.85843
65.1479 -46.721 3.85861
65.1499 -46.7185 3.85919
65.179 -46.7463 3.86121
65.12 -46.7795 3.86158
65.1254 -46.7829 3.86144
65.2104 -46.7521 3.86023
65.1983 -46.7815 3.86003
65.2074 -46.7783 3.85982
65.2314 -46.6295 3.85866
65.176 -46.7265 3.8622
65.0953 -46.8566 3.85874
65.1752 -46.67 3.86223
65.1805 -46.6752 3.86249
65.1548 -46.7594 3.86077
65.1338 -46.695 3.85859
65.0723 -46.7354 3.85971
65.1301 -46.7338 3.86055
65.199 -46.7355 3.86091
65.0834 -46.7254 3.86035
65.1141 -46.8339 3.85639
65.1629 -46.7897 3.85931
65.1707 -46.8394 3.85803
65.1177 -46.7318 3.86076
65.2062 -46.7817 3.86091
65.1725 -46.7881 3.86211
65.1197 -46.7152 3.85883
65.131 -46.7149 3.86338
65.0854 -46.8907 3.85863
65.1375 -46.7482 3.85807
65.181 -46.6686 3.85851
65.2159 -46.7754 3.86112
65.2477 -46.8096 3.86222
65.1786 -46.7135 3.86325
65.2541 -46.7769 3.86031
65.1675 -46.8027 3.85805
65.1323 -46.6561 3.86211
65.1321 -46.655 3.86224
65.1045 -46.801 3.85984
65.152 -46.6908 3.85856
65.151 -46.6886 3.86022
65.1979 -46.7164 3.85995
65.1591 -46.7286 3.85737
65.1054 -46.7593 3.85987
65.1883 -46.679 3.86102
65.2071 -46.7362 3.86057
65.1729 -46.8283 3.8598
65.278 -46.7266 3.85958
65.2571 -46.7097 3.85961
65.0972 -46.8048 3.85796
65.1204 -46.6977 3.85925
65.2318 -46.7114 3.86037
65.2 -46.6639 3.85799
65.1858 -46.7927 3.85991
65.1809 -46.7485 3.86094
65.2527 -46.6656 3.85922
65.0804 -46.6934 3.86146
65.169 -46.7822 3.85984
65.2324 -46.8176 3.86149
65.2082 -46.7483 3.86109
65.1279 -46.7742 3.85931
65.0904 -46.7053 3.86142
65.1952 -46.7474 3.85948
65.2089 -46.6851 3.86053
65.1902 -46.8261 3.86138
65.1765 -46.8211 3.86145
65.1086 -46.7135 3.85857
65.1046 -46.6808 3.85479
65.2518 -46.7278 3.85938
65.2231 -46.7893 3.86226
65.1726 -46.8317 3.86076
65.1207 -46.7708 3.86171
65.1233 -46.7789 3.86159
65.2579 -46.6661 3.85635
65.2332 -46.6194 3.85889
65.1901 -46.8755 3.85798
65.1789 -46.7241 3.86216
65.2328 -46.7463 3.85675
65.177 -46.6732 3.86248
65.1327 -46.7049 3.85862
65.1294 -46.7307 3.86041
65.1026 -46.6822 3.86029
65.0803 -46.7298 3.86055
65.1938 -46.6855 3.86212
65.2222 -46.6897 3.85982
65.1701 -46.8361 3.858
65.1464 -46.7717 3.86088
65.109 -46.7224 3.86061
65.2227 -46.7226 3.8593
65.2219 -46.694 3.85835
65.2319 -46.6589 3.85915
65.1365 -46.7147 3.86337
65.1904 -46.728 3.85787
65.2113 -46.7725 3.85924
65.1431 -46.8258 3.85716
65.1485 -46.7375 3.85856
65.2204 -46.8053 3.85923
65.188 -46.7147 3.85966
65.1429 -46.7575 3.86028
65.1407 -46.6889 3.85844
65.2157 -46.8055 3.85971
65.1539 -46.7498 3.8607
65.1752 -46.6985 3.85966
65.1901 -46.6807 3.86116
65.1913 -46.6789 3.86112
65.2047 -46.7367 3.86053
65.1767 -46.8357 3.85988
65.1714 -46.783 3.85591
65.1828 -46.7195 3.8593
65.2748 -46.7639 3.85951
65.1221 -46.6969 3.85931
65.1158 -46.6997 3.85945
65.1321 -46.7937 3.85783
65.1352 -46.7312 3.8621
65.1389 -46.7356 3.86219
65.0798 -46.8134 3.86166
65.2033 -46.6541 3.85857
65.245 -46.692 3.85945
65.1708 -46.7017 3.85845
65.1733 -46.7929 3.86005
65.1812 -46.8001 3.85796
65.0934 -46.7947 3.86137
65.0862 -46.71 3.86146
65.2182 -46.7337 3.858
65.1958 -46.7458 3.85933
65.1322 -46.8298 3.85962
65.0903 -46.822 3.86123
65.0979 -46.8299 3.86141
65.1335 -46.8078 3.85574
65.2616 -46.7445 3.86002
65.1505 -46.7179 3.85921
65.2176 -46.7781 3.85923
65.1611 -46.8312 3.86082
65.2077 -46.8358 3.8575
65.162 -46.7688 3.85863
65.2003 -46.7817 3.85988
65.1645 -46.7685 3.86043
65.1184 -46.7962 3.857
65.1232 -46.798 3.85697
65.1765 -46.6721 3.86239
65.1562 -46.7639 3.8606
65.1596 -46.7681 3.86072
65.1297 -46.7018 3.85853
65.2595 -46.6436 3.86197
65.1326 -46.7272 3.8603
65.2281 -46.8288 3.85981
65.1001 -46.6825 3.86031
65.0816 -46.7289 3.86048
65.2462 -46.7693 3.85867
65.2226 -46.6913 3.86012
65.1499 -46.7934 3.85872
65.15 -46.7936 3.85857
65.2604 -46.7361 3.86154
65.0371 -46.81 3.86101
65.1926 -46.7672 3.85732
65.1888 -46.7694 3.85731
65.1691 -46.7899 3.8622
65.1251 -46.7906 3.85407
65.1747 -46.7104 3.85938
65.1261 -46.7659 3.85776
65.1741 -46.718 3.86344
65.1791 -46.6771 3.86021
65.183 -46.7164 3.85981
65.1383 -46.6561 3.86222
65.1288 -46.7798 3.85785
65.1892 -46.7618 3.8576
65.1773 -46.7923 3.85954
65.188 -46.851 3.85857
65.1711 -46.6921 3.8595
65.1918 -46.7771 3.86029
65.1529 -46.7256 3.86041
65.1685 -46.7042 3.86042
65.1305 -46.6799 3.85781
65.1857 -46.714 3.85905
65.1609 -46.7424 3.86161
65.1374 -46.7996 3.85801
65.2608 -46.6834 3.86034
65.2643 -46.7811 3.85875
65.1459 -46.8088 3.85833
65.1406 -46.777 3.86177
65.1845 -46.8811 3.86065
65.1994 -46.8458 3.85898
65.2029 -46.7631 3.86068
65.1674 -46.7792 3.85895
65.1389 -46.7482 3.86015
65.2296 -46.7431 3.85692
65.183 -46.729 3.86039
65.1409 -46.8093 3.85765
65.1844 -46.8019 3.86069
65.2127 -46.7271 3.85816
65.088 -46.7885 3.85873
65.1729 -46.8095 3.85831
65.1641 -46.7846 3.85984
65.112 -46.7155 3.8583
65.143 -46.7157 3.85917
65.2003 -46.8275 3.85884
65.253 -46.8376 3.86095
65.1559 -46.7887 3.85893
65.2045 -46.7847 3.86
65.1262 -46.7639 3.85798
65.1171 -46.7646 3.8586
65.1624 -46.7895 3.85459
65.2571 -46.639 3.86209
65.1283 -46.7347 3.86061
65.1256 -46.7062 3.85568
65.0977 -46.6842 3.86012
65.1911 -46.6845 3.86216
65.1285 -46.8788 3.85988
65.2173 -46.6917 3.86004
65.121 -46.7172 3.85589
65.1955 -46.7098 3.85804
65.2063 -46.7854 3.86103
65.1803 -46.7804 3.85676
65.1381 -46.7201 3.86335
65.176 -46.7204 3.85826
65.2299 -46.7707 3.86333
65.2218 -46.7706 3.861
65.2411 -46.8225 3.86459
65.1704 -46.8034 3.85824
65.1715 -46.6758 3.86024
65.1329 -46.6555 3.86226
65.1336 -46.663 3.86215
65.1318 -46.6598 3.86223
65.1469 -46.7572 3.86013
65.1514 -46.6924 3.85869
65.1471 -46.6816 3.86025
65.2738 -46.781 3.85871
65.1089 -46.7641 3.85994
65.1525 -46.7284 3.86064
65.1591 -46.706 3.86036
65.1831 -46.7406 3.85752
65.2512 -46.7504 3.86119
65.1632 -46.741 3.86157
65.1797 -46.8176 3.85896
65.2573 -46.6878 3.8604
65.1063 -46.8402 3.85818
65.1331 -46.7321 3.86206
65.2505 -46.726 3.85879
65.1789 -46.7155 3.85663
65.2077 -46.7686 3.86077
65.1048 -46.7405 3.85872
65.0834 -46.6908 3.86128
65.0762 -46.6902 3.86133
65.1226 -46.781 3.86088
65.1876 -46.8138 3.86269
65.185 -46.7328 3.8605
65.1992 -46.7531 3.86126
65.1904 -46.7975 3.85794
65.2302 -46.7564 3.8624
65.0898 -46.7063 3.86149
65.0891 -46.7085 3.86146
65.1983 -46.7486 3.85944
65.0992 -46.8195 3.8614
65.1131 -46.7183 3.85829
65.1252 -46.7269 3.86163
65.2597 -46.7431 3.8598
65.2432 -46.7621 3.85959
65.2192 -46.7783 3.85921
65.1871 -46.6892 3.8579
65.1669 -46.796 3.85878
65.1998 -46.7838 3.86
65.1856 -46.8784 3.85797
65.1803 -46.7294 3.86213
65.1146 -46.7643 3.85874
65.1185 -46.7648 3.85854
65.1103 -46.7637 3.85852
65.2299 -46.7855 3.8601
65.0747 -46.737 3.85987
65.1309 -46.733 3.86048
65.1962 -46.741 3.86091
65.1293 -46.7899 3.859
65.1034 -46.6804 3.86005
65.1858 -46.8015 3.85916
65.2518 -46.8539 3.85917
65.1087 -46.8848 3.85929
65.1801 -46.7947 3.85916
65.2204 -46.6867 3.85825
65.1807 -46.7865 3.85651
65.0697 -46.7421 3.86084
65.1359 -46.7189 3.86348
65.1295 -46.7125 3.86328
65.1881 -46.7305 3.85805
65.1238 -46.7679 3.85803
65.1825 -46.71 3.86326
65.2824 -46.7043 3.85869
65.1359 -46.7594 3.8603
65.1962 -46.7783 3.86037
65.1491 -46.6852 3.86035
65.1953 -46.7255 3.86
65.1515 -46.7516 3.86041
65.19 -46.789 3.85886
65.1206 -46.7384 3.86067
65.3049 -46.861 3.85962
65.1624 -46.708 3.8602
65.1386 -46.7626 3.86335
65.2563 -46.7078 3.8595
65.1143 -46.6955 3.85955
65.2271 -46.709 3.85508
65.2276 -46.7112 3.86038
65.1399 -46.7349 3.86201
65.1391 -46.7324 3.86213
65.1853 -46.7944 3.85971
65.1022 -46.7403 3.85881
65.1016 -46.7409 3.85876
65.099 -46.8276 3.8603
65.0825 -46.6952 3.86154
65.2293 -46.7231 3.85938
65.2062 -46.7447 3.86126
65.1023 -46.7223 3.85941
65.2049 -46.7977 3.8585
65.2048 -46.6809 3.86035
65.1755 -46.8073 3.85826
65.1269 -46.7279 3.8615
65.1474 -46.7175 3.85843
65.201 -46.8257 3.85851
65.1459 -46.8031 3.85941
65.1792 -46.7518 3.86116
65.2469 -46.7775 3.85945
65.1931 -46.8101 3.8567
65.1601 -46.7922 3.85876
65.1871 -46.6844 3.85743
65.1982 -46.7892 3.86158
65.2742 -46.7772 3.86136
65.3175 -46.7419 3.86157
65.1258 -46.7654 3.85777
65.1754 -46.6723 3.86223
65.2544 -46.747 3.85827
65.2174 -46.6488 3.8594
65.1964 -46.736 3.86097
65.098 -46.6838 3.85999
65.2365 -46.7786 3.8569
65.1796 -46.8123 3.86056
65.1204 -46.7257 3.86073
65.227 -46.7202 3.85995
65.1204 -46.7148 3.85874
65.0573 -46.8423 3.8579
65.1322 -46.7195 3.86359
65.0878 -46.9022 3.85837
65.2471 -46.8031 3.86251
65.2925 -42.9172 3.85791
