170.922 -11.2435 3.24482
170.809 -11.0732 3.24116
170.896 -11.2006 3.2404
170.772 -11.1787 3.23942
170.804 -11.0596 3.23941
170.991 -11.1808 3.24255
170.884 -11.1621 3.2397
170.858 -11.2633 3.24212
170.849 -11.0793 3.23992
170.874 -11.1293 3.24025
171.008 -11.0823 3.24135
170.917 -11.1221 3.24011
170.811 -11.1253 3.24133
170.892 -11.0916 3.23968
170.912 -11.0949 3.2406
170.879 -11.0956 3.24069
170.896 -11.1278 3.24059
170.978 -11.007 3.23918
170.783 -11.1019 3.24076
170.933 -11.2321 3.24207
170.927 -11.1337 3.23816
170.879 -11.0895 3.24083
170.896 -11.0977 3.23836
170.938 -11.1566 3.24115
170.914 -11.1151 3.24277
170.802 -11.1954 3.2428
170.878 -11.1582 3.2414
170.92 -11.2202 3.24116
170.859 -11.0986 3.23985
170.781 -11.1712 3.24201
170.937 -11.0819 3.24138
170.746 -11.1423 3.24067
171.023 -11.1149 3.23881
170.947 -11.2407 3.23844
170.946 -11.1329 3.23803
170.965 -11.1341 3.23858
170.971 -11.236 3.24147
170.819 -11.1285 3.23994
170.969 -11.2334 3.24112
170.859 -11.0687 3.24077
170.903 -11.1305 3.2397
170.936 -11.0786 3.24056
170.966 -11.1852 3.23892
171.005 -11.109 3.24019
170.952 -11.0328 3.24308
170.872 -11.0586 3.24047
170.894 -11.1667 3.23766
170.902 -11.0555 3.24324
170.875 -11.0164 3.24366
170.774 -11.1462 3.23938
170.91 -11.0819 3.23927
170.908 -11.1136 3.24132
170.917 -11.0981 3.24163
170.804 -11.2762 3.24298
170.886 -11.0936 3.24079
170.923 -11.1801 3.23864
170.869 -11.0902 3.2409
170.918 -11.1591 3.24106
170.878 -11.1375 3.24326
170.947 -11.135 3.24248
170.848 -11.1636 3.24242
170.848 -11.1297 3.2402
170.856 -11.1688 3.24333
170.996 -11.151 3.24265
170.973 -11.1097 3.23878
170.751 -11.171 3.2412
170.968 -11.1907 3.23774
170.912 -11.1922 3.2413
170.873 -11.1991 3.24091
170.823 -11.1617 3.23738
170.89 -11.1202 3.24065
170.8 -11.1062 3.2404
170.812 -11.1426 3.23961
170.89 -11.1959 3.2397
170.884 -11.2183 3.24256
170.919 -11.1462 3.24019
170.787 -11.0367 3.23755
170.961 -11.1087 3.24001
170.946 -11.0322 3.23974
170.951 -11.0361 3.24137
170.837 -11.1833 3.23788
170.903 -11.183 3.23663
170.961 -11.254 3.24359
170.997 -11.18 3.24533
170.974 -11.1101 3.24576
170.965 -11.1766 3.24433
170.883 -11.1561 3.24105
170.947 -11.1603 3.23931
170.954 -11.1484 3.24177
170.933 -11.1342 3.24321
170.879 -11.1524 3.24165
170.86 -11.1803 3.24055
170.794 -11.1339 3.24242
170.907 -11.146 3.23869
171.012 -11.0822 3.24432
170.951 -11.2192 3.23902
170.911 -11.0528 3.23515
170.882 -11.2297 3.24118
170.866 -11.0957 3.23737
170.96 -11.2384 3.24431
170.891 -11.0793 3.23785
170.939 -11.1216 3.23777
170.804 -11.1315 3.23805
170.897 -11.2762 3.2385
170.902 -11.2175 3.24095
170.813 -11.0763 3.24042
170.963 -11.1115 3.24185
170.965 -11.1778 3.24
170.859 -11.1161 3.23879
170.903 -11.1095 3.24059
170.916 -11.156 3.24127
170.919 -11.093 3.24115
170.861 -11.1918 3.24035
170.946 -11.1764 3.24236
170.959 -11.0727 3.23984
170.894 -11.1387 3.24335
170.875 -11.2218 3.23979
170.866 -11.121 3.24015
170.891 -11.2031 3.23961
170.926 -11.2312 3.23768
170.892 -11.1288 3.2382
170.937 -11.1265 3.23822
170.805 -11.1799 3.24049
170.945 -11.069 3.24293
170.945 -11.0281 3.23972
170.864 -11.2219 3.23937
171.026 -11.1302 3.24129
170.901 -11.0852 3.23985
170.861 -11.1417 3.23918
170.901 -11.2152 3.23729
170.873 -11.0971 3.24331
170.876 -11.0677 3.24123
170.936 -11.0892 3.24106
170.971 -11.1565 3.23887
170.9 -11.1705 3.24265
170.775 -11.2443 3.23765
170.885 -11.1811 3.24219
170.896 -11.1565 3.24079
170.913 -11.2016 3.24068
170.971 -11.1633 3.24016
170.901 -11.1527 3.23961
170.846 -11.1218 3.23811
170.87 -11.2064 3.24058
170.805 -11.1632 3.2418
170.853 -11.1728 3.24268
170.942 -11.1763 3.24009
170.864 -11.1676 3.24
170.886 -11.1259 3.23509
170.931 -11.1999 3.24428
170.902 -11.1667 3.24401
170.944 -11.2268 3.23567
170.868 -11.2113 3.24268
170.823 -11.1576 3.23924
170.881 -11.1084 3.24228
170.862 -11.11 3.24192
170.899 -11.161 3.24002
170.812 -11.1465 3.24193
170.953 -11.1163 3.24217
170.913 -11.2813 3.24355
170.853 -11.1335 3.24028
170.787 -11.0502 3.23581
170.763 -11.0342 3.23593
170.922 -11.1815 3.24001
170.912 -11.0812 3.23864
170.934 -11.0789 3.24341
170.979 -11.1443 3.24107
170.858 -11.0901 3.23952
170.855 -11.0664 3.23919
170.799 -11.1549 3.2398
170.806 -11.1598 3.24055
170.953 -11.1414 3.24045
170.934 -11.1482 3.24161
170.954 -11.0405 3.24094
170.836 -10.9966 3.24061
170.895 -10.9958 3.23935
170.899 -11.2043 3.23815
170.898 -11.1519 3.23752
170.867 -11.1342 3.23931
170.829 -11.0622 3.24041
170.951 -11.2432 3.24288
170.958 -11.2572 3.24361
170.956 -11.1165 3.23851
170.833 -11.1145 3.23926
170.886 -11.1394 3.24223
170.947 -11.197 3.24096
170.925 -11.2371 3.24014
170.757 -11.2072 3.23851
170.88 -11.2119 3.24298
170.912 -11.2294 3.23905
170.902 -11.1249 3.24006
170.824 -11.1159 3.24135
170.928 -11.1228 3.23806
170.925 -11.2142 3.24376
171.011 -11.1707 3.24534
170.798 -11.0859 3.23694
170.923 -11.1133 3.24039
170.797 -11.1834 3.2387
170.839 -11.0723 3.24008
170.944 -11.1525 3.24255
171.007 -11.1522 3.23785
170.765 -11.2026 3.2387
170.853 -11.1984 3.23912
170.913 -11.1337 3.2394
170.882 -11.1279 3.23784
170.895 -11.1245 3.24457
170.908 -11.1348 3.24126
170.937 -11.1837 3.24008
170.961 -11.1969 3.2407
170.798 -11.1455 3.24121
170.907 -11.1256 3.24107
170.899 -11.0829 3.23813
171.014 -11.143 3.24079
170.925 -11.1517 3.24086
170.922 -11.1558 3.23975
170.993 -11.237 3.24087
170.869 -11.1498 3.23955
170.859 -11.1911 3.24309
170.906 -11.059 3.24482
170.888 -11.1018 3.24174
170.839 -11.0879 3.23774
170.898 -11.2018 3.24109
170.853 -11.1254 3.24268
170.944 -11.0928 3.23896
170.933 -11.1177 3.23962
170.838 -11.0618 3.24094
170.891 -11.1459 3.24141
170.849 -11.0813 3.24425
170.902 -11.1021 3.24454
170.957 -11.172 3.24296
170.949 -11.1699 3.24241
170.943 -11.2181 3.23733
170.82 -11.1417 3.23888
170.891 -11.2234 3.23893
170.962 -11.1516 3.24131
170.884 -11.1413 3.24067
170.922 -11.2069 3.24031
170.959 -11.1476 3.23941
170.928 -11.1192 3.2417
170.901 -11.0695 3.24194
170.887 -11.1047 3.24208
170.973 -11.1513 3.23884
170.957 -11.1954 3.24246
170.886 -11.1971 3.23911
170.84 -11.1626 3.24108
170.865 -11.0702 3.23818
170.836 -11.1605 3.24271
170.838 -11.1222 3.23796
170.92 -11.1356 3.24291
170.868 -11.1777 3.24113
170.857 -11.1167 3.24134
170.868 -11.1349 3.24186
170.981 -11.1043 3.23854
170.989 -11.195 3.2398
170.873 -11.2667 3.24241
170.786 -11.1598 3.23968
170.873 -11.2135 3.24151
170.837 -11.1155 3.2381
170.919 -11.0674 3.24176
170.957 -11.1393 3.2404
170.889 -11.1412 3.23796
170.873 -11.1506 3.24001
170.854 -11.1495 3.24259
170.891 -11.0851 3.24281
170.958 -11.1299 3.23977
170.862 -11.1533 3.23821
170.93 -11.1361 3.24603
170.907 -11.201 3.24751
170.908 -11.1901 3.23834
170.855 -11.16 3.24082
170.858 -11.1453 3.24198
170.889 -11.1486 3.24284
170.888 -11.0426 3.2403
170.886 -11.1362 3.24123
171.044 -11.1599 3.24067
170.841 -11.0231 3.2363
170.711 -11.1706 3.24131
170.9 -11.0758 3.24098
170.861 -11.126 3.24033
170.942 -11.0488 3.24034
170.907 -11.1035 3.24162
170.897 -11.0686 3.24039
170.966 -11.1829 3.24027
170.856 -11.1255 3.23957
170.893 -11.1222 3.24048
170.834 -11.1569 3.24086
170.857 -11.1395 3.23965
170.858 -11.2092 3.24192
170.853 -11.1821 3.2431
170.821 -11.1523 3.23818
170.92 -11.2411 3.24127
170.892 -11.2544 3.24144
170.818 -11.1932 3.24344
170.974 -11.174 3.24178
170.889 -11.2709 3.24379
170.843 -11.135 3.23979
170.872 -11.2127 3.24374
170.9 -11.0969 3.2401
170.941 -11.2079 3.24046
170.887 -11.0406 3.2386
170.909 -11.1049 3.23925
170.945 -11.1593 3.23881
170.892 -11.1382 3.23851
170.875 -11.1699 3.24028
170.869 -11.1795 3.23936
170.948 -11.152 3.24062
170.924 -11.1588 3.24188
170.995 -11.0576 3.23948
170.941 -11.1237 3.23865
171.007 -11.1341 3.24115
170.925 -11.0494 3.24084
170.915 -11.2205 3.2382
170.88 -11.0603 3.24448
170.897 -11.2152 3.23906
170.919 -11.1805 3.23733
170.891 -11.0958 3.2452
170.997 -11.2641 3.2427
170.925 -11.1052 3.24158
170.903 -11.1262 3.24294
170.964 -11.1658 3.23801
170.876 -11.1556 3.24093
170.902 -11.1158 3.23907
170.838 -11.1416 3.24217
170.897 -11.115 3.24243
170.786 -11.1197 3.23958
170.791 -11.1069 3.2409
170.893 -11.0876 3.24005
170.939 -11.2143 3.24378
170.804 -11.1409 3.23747
170.975 -11.1737 3.24451
170.948 -11.09 3.23876
170.924 -11.0817 3.24101
170.836 -11.175 3.24069
170.802 -11.1221 3.23534
170.925 -11.2356 3.2392
170.829 -11.1971 3.23944
170.826 -11.171 3.23639
170.883 -11.1383 3.24012
170.864 -11.2098 3.23927
170.801 -11.1316 3.23854
170.913 -11.1029 3.23709
170.94 -11.1239 3.24297
170.937 -11.2302 3.24345
170.958 -11.1622 3.2412
170.816 -11.0339 3.23755
170.825 -11.0299 3.23875
170.881 -11.1684 3.23685
170.933 -10.9815 3.24055
170.773 -11.0587 3.23757
170.847 -11.1759 3.23721
170.87 -11.1712 3.24029
170.902 -11.1468 3.24103
170.865 -11.072 3.24076
171.015 -11.1826 3.24487
170.894 -11.1598 3.23967
170.93 -11.1174 3.24238
170.879 -11.1962 3.23999
170.921 -11.1567 3.24374
170.869 -11.1082 3.2378
170.852 -11.2236 3.23493
170.807 -11.2039 3.24012
170.875 -11.0859 3.24075
170.752 -11.081 3.2415
170.936 -11.0936 3.2445
170.927 -11.1924 3.23848
171.021 -11.203 3.23754
170.965 -11.0882 3.24097
171.027 -11.1275 3.24284
170.994 -11.2298 3.24097
170.758 -11.2299 3.23763
170.861 -11.0696 3.23738
170.878 -11.1352 3.24119
170.918 -11.1307 3.23818
170.765 -11.1407 3.23544
170.975 -11.0834 3.23902
170.848 -11.1138 3.24053
170.824 -11.1196 3.24079
170.893 -11.1064 3.24146
170.847 -11.0935 3.24054
170.919 -11.1489 3.23911
170.771 -11.0415 3.23993
170.911 -11.042 3.24101
170.962 -11.1399 3.23929
170.996 -11.1226 3.24249
170.864 -11.1679 3.23986
170.868 -11.1265 3.23938
170.851 -11.1561 3.24118
170.884 -11.128 3.23738
170.966 -11.0715 3.23978
170.807 -11.2011 3.23982
170.871 -11.1974 3.24065
170.862 -11.1754 3.23962
170.89 -11.2169 3.23958
170.774 -11.1569 3.2415
170.936 -11.1621 3.24146
170.831 -11.1017 3.23579
170.926 -11.143 3.23897
170.838 -11.2018 3.24074
170.956 -11.1026 3.24462
170.93 -11.1091 3.24329
170.979 -11.0337 3.23649
170.896 -11.2462 3.23951
170.812 -11.0952 3.23951
170.881 -11.0431 3.2388
170.876 -11.1303 3.23885
170.91 -11.1141 3.24083
170.857 -11.1421 3.24016
170.911 -11.1877 3.23964
170.903 -11.1502 3.23929
170.869 -11.1367 3.24351
170.951 -11.1073 3.23843
170.895 -11.0583 3.23973
170.93 -11.0721 3.24176
170.786 -11.1008 3.24348
170.918 -11.0598 3.24329
170.93 -11.0685 3.24091
170.868 -11.1709 3.24354
170.932 -11.1579 3.24303
170.906 -11.1517 3.24223
170.937 -11.0778 3.24069
170.935 -11.1831 3.24231
170.957 -11.1819 3.23661
170.858 -11.1686 3.23848
170.899 -11.1402 3.23932
170.973 -11.2206 3.24206
170.788 -11.227 3.23812
170.822 -11.1327 3.23571
170.88 -11.1579 3.24274
170.936 -11.2576 3.23988
170.939 -11.1171 3.23988
170.833 -11.2171 3.24182
170.911 -11.1761 3.2413
170.933 -11.2041 3.23944
170.882 -11.1024 3.23668
170.928 -11.1666 3.24463
170.788 -11.1724 3.23825
170.885 -11.1603 3.24043
170.935 -11.1889 3.23731
170.892 -11.1483 3.23862
170.837 -11.0956 3.24181
170.876 -11.1154 3.24269
170.857 -11.1523 3.23921
170.87 -11.224 3.23853
170.828 -11.0609 3.24189
170.901 -11.1975 3.23745
170.947 -11.1684 3.23976
170.937 -11.1764 3.24022
170.944 -11.1635 3.24105
170.809 -11.141 3.23934
170.902 -11.2282 3.24301
170.931 -11.1496 3.2418
170.94 -11.1661 3.24128
170.867 -11.1587 3.24345
170.867 -11.1495 3.23852
170.916 -11.1017 3.23792
170.95 -11.1459 3.24133
170.888 -11.067 3.23985
170.87 -10.9997 3.2385
170.895 -11.0311 3.2385
170.92 -11.177 3.24177
170.844 -11.0864 3.23965
170.777 -11.0818 3.24213
170.953 -11.0949 3.24213
170.815 -11.1787 3.23713
170.814 -11.2181 3.23974
170.798 -11.1444 3.23955
170.871 -11.2112 3.24204
170.963 -11.0674 3.2415
170.943 -11.0679 3.24219
170.882 -11.1514 3.23909
170.838 -11.174 3.24099
170.913 -11.1419 3.24215
170.881 -11.1459 3.24117
170.949 -11.0919 3.23615
170.921 -11.1643 3.2414
170.966 -11.1803 3.2404
170.89 -11.1664 3.24066
170.862 -11.09 3.24254
170.949 -11.1946 3.24387
170.841 -11.09 3.2423
170.877 -11.0945 3.23918
170.897 -10.9911 3.23464
170.934 -11.1923 3.24068
170.914 -11.1499 3.2404
170.926 -11.0986 3.2398
170.779 -11.0764 3.23895
170.794 -11.0774 3.23851
170.77 -11.1201 3.2378
170.827 -11.0754 3.24009
170.924 -11.1252 3.23884
170.797 -11.1619 3.23883
170.789 -11.1557 3.23674
170.963 -11.1875 3.23765
170.828 -11.1383 3.23707
170.878 -11.1876 3.23492
170.879 -11.0634 3.23776
170.888 -11.1242 3.24108
170.779 -11.1116 3.2394
170.932 -11.1382 3.24086
170.875 -11.0931 3.24118
170.857 -7.0544 3.24158
