252.345 29.2707 0.0412661
252.175 29.2642 0.0367718
252.235 29.2613 0.0383751
252.15 29.3186 0.0388078
252.153 29.2878 0.0388184
252.081 29.2654 0.0362234
252.27 29.2864 0.0358231
252.317 29.2956 0.0400786
252.24 29.2216 0.0379585
252.313 29.2634 0.039415
252.321 29.2652 0.0378278
252.251 29.176 0.0366941
252.33 29.3398 0.0358141
252.216 29.251 0.0376449
252.281 29.257 0.0402521
252.238 29.2959 0.041868
252.225 29.4369 0.0364984
252.25 29.3661 0.0401496
252.266 29.2136 0.0380269
252.226 29.2124 0.039689
252.292 29.2817 0.0356767
252.253 29.2864 0.0408313
252.13 29.2327 0.0378779
252.114 29.2813 0.0377942
252.243 29.4629 0.0378682
252.248 29.2717 0.0340999
252.227 29.2058 0.0392704
252.204 29.2658 0.037644
252.281 29.3714 0.0385057
252.154 29.3643 0.0388954
252.249 29.2743 0.0365514
252.189 29.1329 0.0367057
252.144 29.2519 0.0403382
252.213 29.2354 0.0405705
252.26 29.2839 0.037052
252.133 29.2813 0.038251
252.206 29.2227 0.0396416
252.241 29.4099 0.0349554
252.273 29.2134 0.0355012
252.274 29.1859 0.0344204
252.188 29.2775 0.0398092
252.23 29.2572 0.0383819
252.16 29.3291 0.0398305
252.201 29.2057 0.0392209
252.274 29.207 0.037909
252.215 29.2156 0.0419546
252.177 29.255 0.0374434
252.277 29.3018 0.0363661
252.218 29.3073 0.0380737
252.278 29.2939 0.0349418
252.373 29.3715 0.0399939
252.205 29.2851 0.0392295
252.311 29.2331 0.0354029
252.202 29.2244 0.0380341
252.281 29.2956 0.039244
252.298 29.3131 0.0379723
252.277 29.3539 0.0398881
252.224 29.2732 0.0401926
252.266 29.3481 0.0365185
252.26 29.3633 0.0358283
252.126 29.2883 0.0385891
252.151 29.2523 0.0398493
252.189 29.3478 0.0378879
252.193 29.4194 0.0376298
252.153 29.249 0.03762
252.231 29.3164 0.0366131
252.321 29.25 0.0388092
252.225 29.2093 0.0402322
252.235 29.2152 0.0392535
252.174 29.3617 0.0358934
252.205 29.2415 0.0379612
252.248 29.2715 0.0389164
252.238 29.2518 0.0376404
252.233 29.2391 0.0375189
252.17 29.2759 0.0380891
252.296 29.2917 0.0403321
252.276 29.265 0.0375565
252.171 29.353 0.0374439
252.293 29.2386 0.036756
252.326 29.2157 0.0388897
252.227 29.2637 0.0413344
252.31 29.2627 0.0380528
252.24 29.2644 0.0378492
252.318 29.3366 0.038716
252.218 29.2672 0.0376815
252.226 29.368 0.0364199
252.121 29.2922 0.0372427
252.307 29.2348 0.0355195
252.144 29.2653 0.0391004
252.158 29.2522 0.0391574
252.244 29.3458 0.038108
252.235 29.2449 0.0389934
252.332 29.3328 0.0384927
252.223 29.293 0.038313
252.179 29.2382 0.0356664
252.196 29.3191 0.0348925
252.296 29.3319 0.0375895
252.284 29.2515 0.0377685
252.238 29.2496 0.0385492
252.212 29.2963 0.0378576
252.176 29.263 0.0433364
252.178 29.2735 0.0396328
252.094 29.3114 0.0368293
252.233 29.3088 0.0396876
252.204 29.2752 0.0364581
252.316 29.2763 0.0358687
252.186 29.247 0.0415615
252.286 29.2814 0.0399008
252.29 29.4382 0.0365942
252.265 29.3057 0.0355223
252.174 29.2313 0.038872
252.157 29.1972 0.0381872
252.214 29.2906 0.0377956
252.266 29.2928 0.0402963
252.218 29.2337 0.040439
252.093 29.2212 0.0377034
252.221 29.2586 0.0359935
252.22 29.2407 0.035443
252.332 29.3 0.0358966
252.244 29.314 0.0402546
252.262 29.2962 0.038205
252.255 29.2683 0.0372067
252.251 29.2744 0.0350307
252.247 29.2154 0.0341687
252.137 29.3026 0.0403227
252.223 29.2634 0.0400031
252.174 29.221 0.0382862
252.216 29.3885 0.0393733
252.159 29.3274 0.0383192
252.29 29.2001 0.0395524
252.212 29.2037 0.0373528
252.273 29.3426 0.0398972
252.243 29.2631 0.0395503
252.201 29.1442 0.0370633
252.216 29.192 0.0377622
252.214 29.3004 0.0367555
252.147 29.3258 0.0345555
252.115 29.3088 0.0335742
252.261 29.2399 0.0359207
252.24 29.1797 0.0415902
252.092 29.3309 0.0376875
252.232 29.195 0.0370616
252.232 29.3533 0.0413883
252.194 29.2971 0.038166
252.263 29.3108 0.0359122
252.297 29.2345 0.0364048
252.121 29.2796 0.0381412
252.236 29.2901 0.0360533
252.262 29.247 0.037045
252.264 29.1969 0.0336147
252.246 29.2153 0.0348816
252.268 29.2058 0.0373047
252.244 29.2215 0.036299
252.185 29.1955 0.040169
252.256 29.2745 0.0368968
252.192 29.264 0.0371357
252.126 29.2587 0.0364302
252.329 29.3372 0.034922
252.315 29.2612 0.035327
252.219 29.2363 0.0362082
252.29 29.243 0.0391768
252.114 29.4181 0.0378138
252.148 29.2588 0.0372928
252.312 29.3373 0.0391563
252.232 29.2816 0.0401442
252.175 29.3024 0.0368499
252.199 29.2794 0.033526
252.174 29.276 0.0377529
252.145 29.2963 0.0353834
252.236 29.2592 0.0368508
252.358 29.293 0.0386078
252.22 29.2606 0.0413824
252.207 29.2619 0.0386714
252.144 29.2803 0.0400274
252.22 29.2551 0.0382264
252.348 29.2566 0.0410787
252.163 29.3328 0.0370578
252.142 29.2555 0.0381748
252.221 29.31 0.0369566
252.123 29.2489 0.0387825
252.314 29.2799 0.0350093
252.267 29.2861 0.0355307
252.298 29.3674 0.0355891
252.289 29.2986 0.0372115
252.24 29.2237 0.0380226
252.218 29.286 0.0373241
252.199 29.3273 0.0381451
252.235 29.3205 0.04079
252.213 29.351 0.039445
252.212 29.3464 0.0385869
252.175 29.2819 0.03924
252.259 29.3925 0.0365938
252.214 29.2497 0.0375023
252.291 29.2161 0.0386514
252.241 29.2651 0.0390385
252.241 29.2653 0.0384121
252.244 29.3845 0.038997
252.289 29.3202 0.0365191
252.262 29.2599 0.0424
252.257 29.2891 0.0344827
252.273 29.2881 0.0350494
252.223 29.2863 0.0404648
252.189 29.3437 0.0405579
252.256 29.3055 0.0382176
252.181 29.1712 0.0378111
252.167 29.1273 0.0370488
252.186 29.1658 0.0355129
252.258 29.3083 0.039118
252.142 29.2287 0.0411563
252.297 29.3322 0.0350686
252.132 29.2129 0.0409598
252.249 29.3671 0.0399371
252.248 29.2405 0.0347106
252.178 29.2045 0.0406688
252.228 29.2553 0.0418335
252.132 29.3187 0.0405191
252.157 29.1848 0.036285
252.243 29.2452 0.0385877
252.221 29.271 0.0361617
252.259 29.302 0.037455
252.246 29.2835 0.0396477
252.207 29.3294 0.0393706
252.298 29.3311 0.0368951
252.212 29.2696 0.0372543
252.168 29.309 0.0401255
252.252 29.3206 0.0376601
252.31 29.2789 0.0367017
252.258 29.3049 0.0368041
252.234 29.2691 0.0408103
252.229 29.223 0.0387006
252.168 29.1939 0.0389653
252.207 29.2479 0.039018
252.17 29.2627 0.0378496
252.274 29.2854 0.0364432
252.306 29.3399 0.0398954
252.259 29.3127 0.0379755
252.111 29.2813 0.0360411
252.17 29.2596 0.0385151
252.215 29.3669 0.0344797
252.183 29.3567 0.0393477
252.197 29.2721 0.0381072
252.22 29.2897 0.0347936
252.167 29.3394 0.036003
252.226 29.2435 0.0362761
252.29 29.26 0.0376284
252.209 29.2788 0.0382279
252.297 29.2246 0.0380957
252.16 29.271 0.0391792
252.273 29.1656 0.0384844
252.175 29.2735 0.0415331
252.118 29.3348 0.0386862
252.277 29.3206 0.0348775
252.319 29.3545 0.0394175
252.321 29.219 0.0378043
252.322 29.2864 0.0396002
252.248 29.2605 0.0387692
252.218 29.153 0.0421197
252.215 29.3472 0.0372307
252.283 29.2675 0.0352128
252.261 29.165 0.0354435
252.247 29.2345 0.0347445
252.359 29.3066 0.0392457
252.234 29.32 0.0400899
252.27 29.2971 0.0372574
252.209 29.2793 0.0358141
252.228 29.2387 0.036684
252.291 29.2753 0.0388296
252.226 29.1776 0.0368907
252.183 29.3778 0.0395742
252.146 29.2809 0.0380922
252.126 29.3776 0.0397403
252.179 29.3292 0.0379144
252.279 29.2703 0.0396106
252.264 29.2715 0.0370932
252.206 29.244 0.0403574
252.216 29.3553 0.0416908
252.131 29.2966 0.0371
252.219 29.2458 0.042508
252.294 29.4374 0.0345251
252.257 29.2835 0.0380663
252.309 29.3122 0.0393269
252.138 29.2759 0.0393842
252.285 29.3112 0.0392957
252.212 29.2749 0.0375568
252.158 29.282 0.036853
252.24 29.2489 0.0364414
252.229 29.2611 0.0390798
252.259 29.3457 0.0382893
252.267 29.2919 0.0379678
252.265 29.3299 0.0377803
252.27 29.2717 0.0352562
252.148 29.3307 0.0409709
252.254 29.26 0.0385248
252.236 29.3651 0.0363427
252.176 29.3196 0.0411521
252.205 29.3575 0.0379407
252.257 29.2917 0.0375788
252.185 29.247 0.0352704
252.216 29.2917 0.039445
252.178 29.3258 0.0361992
252.206 29.2816 0.036915
252.171 29.1736 0.0391676
252.113 29.3222 0.0403702
252.229 29.3178 0.0367117
252.18 29.2223 0.0395057
252.218 29.274 0.0384865
252.271 29.3013 0.0344204
252.242 29.2784 0.0349489
252.216 29.2571 0.0367522
252.154 29.2851 0.0373289
252.318 29.2063 0.037273
252.273 29.2495 0.0354933
252.18 29.3006 0.0352738
252.296 29.3479 0.0362209
252.149 29.2583 0.0392079
252.209 29.2559 0.0368106
252.225 29.2504 0.0359783
252.25 29.2389 0.036121
252.289 29.2044 0.0358307
252.27 29.2467 0.0388728
252.252 29.2966 0.0345878
252.221 29.3132 0.0372627
252.175 29.2331 0.037347
252.254 29.2917 0.0352357
252.333 29.292 0.0367085
252.316 29.2941 0.0428058
252.292 29.3267 0.0393712
252.193 29.375 0.0382482
252.19 29.2372 0.0395084
252.129 29.2495 0.0388405
252.289 29.234 0.0367712
252.191 29.3094 0.0357388
252.211 29.2621 0.0385794
252.19 29.2972 0.0401567
252.263 29.2453 0.0342552
252.214 29.2131 0.0343065
252.208 29.2762 0.0394185
252.209 29.2891 0.0373228
252.155 29.2897 0.0405035
252.069 29.2594 0.0388646
252.298 29.2426 0.0388123
252.292 29.2119 0.038062
252.254 29.2888 0.0349927
252.284 29.2892 0.037856
252.218 29.2702 0.0394564
252.211 29.3371 0.0391784
252.146 29.3291 0.0380819
252.111 29.2763 0.0400034
252.299 29.2445 0.0349088
252.274 29.2106 0.0362219
252.261 29.274 0.0384555
252.266 29.3816 0.0380399
252.318 29.2937 0.0384345
252.27 29.2558 0.0370207
252.188 29.2864 0.0407898
252.192 29.3319 0.0402027
252.173 29.2583 0.0368942
252.204 29.3555 0.0389376
252.256 29.2897 0.0372095
252.235 29.4166 0.0360963
252.234 29.3666 0.0364695
252.327 29.2997 0.035437
252.167 29.302 0.0392772
252.09 29.3139 0.0407068
252.293 29.3567 0.0389332
252.13 29.2283 0.0372143
252.141 29.2996 0.0364101
252.271 29.274 0.0364693
252.13 29.2394 0.0385647
252.33 29.254 0.0366766
252.292 29.253 0.0365863
252.271 29.2198 0.0372118
252.154 29.163 0.0365648
252.274 29.2948 0.0379879
252.292 29.3507 0.0374108
252.179 29.1978 0.0374632
252.203 29.2481 0.0392142
252.306 29.2534 0.0379546
252.336 29.2678 0.0375826
252.179 29.2548 0.0429109
252.286 29.3629 0.0342756
252.19 29.3383 0.0373293
252.31 29.2621 0.0389585
252.283 29.2416 0.0376721
252.292 29.1611 0.038351
252.186 29.2294 0.0379437
252.286 29.2039 0.0381119
252.16 29.259 0.0408115
252.282 29.3873 0.0414223
252.236 29.4134 0.0389785
252.264 29.3527 0.0370095
252.274 29.3053 0.0368008
252.232 29.2763 0.0376671
252.216 29.2701 0.0386547
252.227 29.2278 0.0380937
252.183 29.2686 0.0393696
252.164 29.2817 0.0391647
252.237 29.3283 0.0361309
252.162 29.2709 0.0358074
252.276 29.2715 0.039275
252.258 29.372 0.0375024
252.219 29.2828 0.0374835
252.252 29.3891 0.0366317
252.284 29.236 0.0360607
252.207 29.2805 0.0388624
252.314 29.2573 0.0427527
252.195 29.2514 0.0403901
252.233 29.2389 0.0390997
252.271 29.2651 0.0393354
252.264 29.1991 0.0397518
252.186 29.3605 0.0362256
252.218 29.2757 0.0383447
252.169 29.403 0.0385948
252.222 29.2674 0.0377062
252.191 29.3035 0.0373753
252.147 29.3671 0.0401762
252.263 29.2226 0.0381164
252.234 29.2787 0.0362756
252.222 29.2997 0.0387353
252.231 29.3133 0.0355119
252.225 29.2073 0.0342715
252.286 29.2255 0.034558
252.299 29.3501 0.0371622
252.272 29.2453 0.0370722
252.298 29.2493 0.0395359
252.294 29.2825 0.0364333
252.231 29.3281 0.0368761
252.332 29.2392 0.0350841
252.249 29.1878 0.0360803
252.166 29.2549 0.0391358
252.184 29.4013 0.0403214
252.282 29.3579 0.0338949
252.243 29.3262 0.038539
252.249 29.2969 0.0388448
252.218 29.2313 0.0390516
252.312 29.3005 0.03892
252.21 29.2649 0.0352071
252.253 29.2536 0.0386621
252.247 29.2845 0.0356947
252.233 29.2397 0.03758
252.226 29.31 0.0373006
252.11 29.3967 0.0376518
252.189 29.3184 0.0365144
252.267 29.2585 0.0377419
252.303 29.2977 0.0377993
252.229 29.273 0.0386491
252.135 29.3087 0.0355495
252.104 29.2578 0.0411362
252.253 29.3969 0.0395222
252.312 29.3684 0.0342792
252.193 29.2131 0.0428263
252.222 29.2953 0.0369981
252.262 29.2692 0.038633
252.227 29.3003 0.0389591
252.297 29.3327 0.0378815
252.247 29.2019 0.0393532
252.128 29.2699 0.0381374
252.237 29.2206 0.0363856
252.132 29.2479 0.0405636
252.264 29.2827 0.0370866
252.221 29.2502 0.0366871
252.286 29.2867 0.0369621
252.241 29.2459 0.0375076
252.228 29.3349 0.0372044
252.3 29.3626 0.0399445
252.27 29.2828 0.0378354
252.214 29.2214 0.0396948
252.203 29.2634 0.0384425
252.232 29.3078 0.0371099
252.231 29.3419 0.0372272
252.178 29.2861 0.0382
252.184 29.1566 0.0375217
252.164 29.3259 0.0373199
252.163 29.3049 0.0336525
252.172 29.3469 0.0369717
252.181 29.3167 0.0358959
252.274 29.301 0.0374454
252.165 29.2892 0.0394268
252.224 29.3008 0.0371057
252.21 29.3674 0.0409751
252.223 29.2837 0.0400255
252.101 29.2264 0.0414837
252.089 29.3217 0.0419163
252.269 29.2775 0.0372689
252.223 29.2833 0.0349028
252.197 29.3465 0.039781
252.228 29.2496 0.0368381
252.195 29.2619 0.038351
252.173 29.2083 0.0409798
252.137 29.2699 0.0388527
252.23 29.2028 0.0364975
252.213 29.3065 0.0391274
252.215 29.1833 0.0384706
252.264 29.1982 0.0381833
252.27 29.2316 0.0370528
252.27 29.1972 0.0372169
252.31 29.2992 0.0382151
252.232 29.3743 0.0387589
252.234 29.1841 0.035852
250.635 26.7435 0.0144783
