-2.61905 2.78113 0.32854
-2.6208 2.77963 0.32888
-2.62161 2.77645 0.328845
-2.59891 2.88601 0.33121
-2.72253 2.78747 0.334029
-2.62632 2.799 0.331781
-2.65566 2.87246 0.331026
-2.59175 2.73987 0.331277
-2.59319 2.74709 0.331258
-2.63376 2.99298 0.333102
-2.68595 2.74397 0.330529
-2.6314 2.78872 0.328238
-2.63386 2.79666 0.32844
-2.66767 2.748 0.330875
-2.64786 2.84681 0.330559
-2.66077 2.84537 0.330249
-2.66541 2.84555 0.330385
-2.63557 2.77537 0.331417
-2.64629 2.7714 0.331476
-2.6267 2.83116 0.332258
-2.69886 2.79812 0.328287
-2.68385 2.80363 0.330503
-2.49405 2.78999 0.325506
-2.71799 2.8211 0.328639
-2.61538 2.80244 0.331081
-2.61217 2.77458 0.329249
-2.71827 2.84255 0.332409
-2.62382 2.77284 0.329329
-2.49169 2.79523 0.325703
-2.5926 2.89777 0.331701
-2.62917 2.82845 0.328678
-2.63099 2.84561 0.328155
-2.62502 2.77782 0.328949
-2.6902 2.86214 0.332271
-2.53467 2.83748 0.325587
-2.57983 2.88353 0.332705
-2.65363 2.87054 0.331965
-2.6147 2.87995 0.329756
-2.64054 2.79898 0.331235
-2.6925 2.81293 0.332967
-2.6798 2.82937 0.33121
-2.55818 2.82781 0.325204
-2.66692 2.96013 0.332353
-2.7211 2.83244 0.328849
-2.54583 2.82514 0.324836
-2.6851 2.83297 0.332298
-2.72601 2.83073 0.330637
-2.68256 2.77403 0.332026
-2.61424 2.8082 0.331225
-2.66376 2.75608 0.330289
-2.62994 2.79725 0.330749
-2.6373 2.83076 0.328869
-2.60346 2.85799 0.328362
-2.6561 2.77873 0.331112
-2.72747 2.82032 0.33175
-2.6817 2.75482 0.330524
-2.68494 2.81315 0.329968
-2.6737 2.92394 0.330905
-2.63143 2.77981 0.330477
-2.63514 2.7862 0.330693
-2.6404 2.84317 0.330969
-2.64563 2.83647 0.330997
-2.72678 2.83313 0.33146
-2.60032 2.74612 0.33239
-2.60618 2.74309 0.33237
-2.6196 2.77123 0.330414
-2.69534 2.76447 0.330739
-2.66052 2.78867 0.332314
-2.65901 2.78215 0.332227
-2.61297 2.90454 0.33124
-2.61627 2.90829 0.331059
-2.69153 2.7818 0.328844
-2.53526 2.84648 0.325317
-2.69003 2.85268 0.33107
-2.66076 2.84531 0.331461
-2.67812 2.85057 0.329884
-2.59471 2.74966 0.331597
-2.67604 2.81499 0.330865
-2.663 2.79918 0.330191
-2.68409 2.90554 0.331251
-2.66777 2.82827 0.328977
-2.66255 2.80317 0.328452
-2.68506 2.78476 0.331611
-2.64859 2.8455 0.330984
-2.64313 2.77115 0.331397
-2.67439 2.85934 0.333994
-2.71139 2.86347 0.33288
-2.56486 2.84153 0.332168
-2.61607 2.79826 0.331142
-2.73304 2.7571 0.331707
-2.6262 2.77147 0.329722
-2.66337 2.8024 0.330451
-2.48465 2.79726 0.325527
-2.68877 2.80616 0.331088
-2.70044 2.8226 0.333063
-2.63521 2.81269 0.331981
-2.63777 2.81372 0.331959
-2.64515 2.73137 0.329984
-2.65592 2.77484 0.332258
-2.58645 2.88181 0.332591
-2.7219 2.79452 0.332381
-2.52638 2.8206 0.325937
-2.6593 2.79163 0.329073
-2.65961 2.80152 0.331153
-2.67266 2.77377 0.329706
-2.6443 2.91606 0.328611
-2.63361 2.82022 0.329756
-2.71154 2.87208 0.332431
-2.57848 2.85076 0.323954
-2.61481 2.80961 0.331247
-2.66249 2.75522 0.330414
-2.69036 2.79196 0.332786
-2.73826 2.77861 0.331288
-2.67906 2.85873 0.330729
-2.53072 2.8021 0.324651
-2.65477 2.78738 0.331184
-2.61827 2.84341 0.330714
-2.64621 2.93999 0.329854
-2.59789 2.84451 0.332118
-2.67768 2.81438 0.331321
-2.63878 2.78475 0.329547
-2.67093 2.87352 0.33146
-2.61417 2.74825 0.332431
-2.64906 2.81757 0.331156
-2.64998 2.81682 0.331149
-2.50893 2.78683 0.326874
-2.64008 2.83225 0.331452
-2.5927 2.92469 0.329324
-2.63222 2.81652 0.330188
-2.63808 2.80397 0.33195
-2.54539 2.82129 0.324888
-2.69475 2.79711 0.331316
-2.67475 2.81531 0.330616
-2.65615 2.79393 0.328681
-2.76019 2.74699 0.331797
-2.651 2.80296 0.328522
-2.67326 2.75126 0.330904
-2.66515 2.85157 0.3314
-2.66528 2.85074 0.331387
-2.64193 2.77341 0.331374
-2.67336 2.86848 0.333753
-2.58726 2.76442 0.330981
-2.5873 2.76586 0.331142
-2.57055 2.83987 0.332016
-2.61117 2.77258 0.329303
-2.60737 2.83907 0.332455
-2.66495 2.79597 0.330661
-2.67859 2.87755 0.331256
-2.70371 2.84343 0.329732
-2.69569 2.80463 0.329482
-2.72779 2.80275 0.329388
-2.62733 2.78628 0.328901
-2.68161 2.86486 0.33225
-2.63823 2.87385 0.328076
-2.67967 2.84086 0.332125
-2.58621 2.7983 0.328218
-2.71591 2.79393 0.332505
-2.66669 2.84096 0.32991
-2.6453 2.86694 0.328303
-2.65724 2.79196 0.329222
-2.64118 2.79616 0.331465
-2.64128 2.80257 0.331299
-2.66225 2.80124 0.331392
-2.53761 2.80598 0.325203
-2.52184 2.81374 0.325419
-2.69181 2.80378 0.332136
-2.69747 2.80291 0.332261
-2.72362 2.84793 0.331518
-2.64268 2.8803 0.330481
-2.54572 2.82973 0.324794
-2.73101 2.73392 0.331743
-2.66436 2.87539 0.331949
-2.66193 2.75574 0.330393
-2.74189 2.77955 0.33154
-2.63876 2.86704 0.329824
-2.64845 2.82791 0.329111
-2.67212 2.8091 0.329251
-2.68189 2.87764 0.332583
-2.66547 2.85408 0.331259
-2.72297 2.82923 0.331274
-2.67569 2.84851 0.331597
-2.63176 2.78359 0.330706
-2.64149 2.83948 0.330834
-2.67915 2.81853 0.330213
-2.65811 2.87283 0.333752
-2.60645 2.74072 0.332385
-2.61752 2.77033 0.330092
-2.64604 2.81517 0.330916
-2.73324 2.81323 0.334192
-2.69851 2.77245 0.3307
-2.66488 2.77865 0.33226
-2.66224 2.78556 0.332359
-2.64096 2.82899 0.331544
-2.59831 2.88691 0.33126
-2.54169 2.85316 0.325282
-2.70255 2.78235 0.330373
-2.69076 2.78736 0.328857
-2.66567 2.87471 0.330932
-2.58657 2.74616 0.331319
-2.58764 2.74824 0.331485
-2.6776 2.81707 0.330607
-2.69012 2.74287 0.330375
-2.68032 2.9114 0.331078
-2.66748 2.82433 0.332582
-2.65187 2.80912 0.328657
-2.6559 2.80818 0.328567
-2.66456 2.83978 0.330173
-2.70142 2.87332 0.329673
-2.6778 2.86642 0.333828
-2.6294 2.83186 0.332223
-2.58582 2.76421 0.331208
-2.68132 2.80204 0.330554
-2.49889 2.79483 0.325556
-2.61425 2.79116 0.330891
-2.56654 2.8046 0.324976
-2.56359 2.80417 0.32498
-2.64081 2.82679 0.332975
-2.66694 2.79895 0.33038
-2.69984 2.85315 0.333038
-2.48466 2.79212 0.325656
-2.71714 2.80711 0.330406
-2.66734 2.79511 0.331355
-2.67193 2.92321 0.332967
-2.70583 2.83281 0.333164
-2.62987 2.8462 0.328036
-2.62926 2.80659 0.332074
-2.66918 2.86197 0.329191
-2.56676 2.82096 0.325631
-2.58812 2.80205 0.328266
-2.64493 2.80156 0.329278
-2.71896 2.73967 0.330883
-2.71033 2.79275 0.331812
-2.6098 2.88098 0.329544
-2.6355 2.7961 0.330171
-2.68009 2.82165 0.331008
-2.68569 2.77516 0.331211
-2.68707 2.79722 0.332164
-2.69092 2.79962 0.33212
-2.64221 2.87355 0.330423
-2.53835 2.82741 0.324893
-2.66625 2.8697 0.330188
-2.68466 2.78228 0.331942
-2.72612 2.79155 0.333466
-2.74266 2.78475 0.331206
-2.67767 2.81301 0.32918
-2.68996 2.88107 0.33092
-2.63271 2.79679 0.330733
-2.63329 2.85636 0.331122
-2.53065 2.80239 0.324732
-2.65327 2.78753 0.331262
-2.62677 2.83695 0.330586
-2.70997 2.85294 0.330275
-2.68066 2.75303 0.330616
-2.66895 2.87914 0.329351
-2.67441 2.87901 0.329253
-2.63845 2.77968 0.330799
-2.62731 2.78539 0.330456
-2.64289 2.83479 0.330806
-2.68142 2.8161 0.329998
-2.67326 2.8608 0.331527
-2.72895 2.83473 0.331688
-2.65223 2.86984 0.334145
-2.65202 2.81474 0.331279
-2.69122 2.77204 0.330819
-2.63965 2.87788 0.32962
-2.62016 2.77877 0.328663
-2.60027 2.78898 0.329917
-2.60354 2.79159 0.329743
-2.63848 2.81343 0.330105
-2.63144 2.8017 0.331763
-2.66103 2.87175 0.331264
-2.68053 2.85351 0.329938
-2.65945 2.80028 0.330014
-2.55271 2.81774 0.324456
-2.68575 2.81732 0.330416
-2.64198 2.85731 0.329971
-2.70453 2.82974 0.332446
-2.68631 2.78875 0.331448
-2.64063 2.7789 0.331424
-2.62745 2.83088 0.332274
-2.6991 2.80223 0.328413
-2.71567 2.86211 0.332788
-2.66021 2.82952 0.329912
-2.58824 2.76689 0.331254
-2.56053 2.84335 0.332128
-2.49033 2.78856 0.325686
-2.62256 2.79454 0.331161
-2.61698 2.79552 0.331005
-2.73747 2.76105 0.331772
-2.6939 2.88594 0.331364
-2.63041 2.76988 0.32966
-2.491 2.79706 0.325699
-2.68419 2.80867 0.33081
-2.68589 2.81216 0.329399
-2.62655 2.84665 0.32809
-2.67934 2.88305 0.334051
-2.67129 2.79618 0.331396
-2.70016 2.84653 0.333406
-2.65586 2.77059 0.332216
-2.57896 2.80151 0.328283
-2.58447 2.7988 0.328519
-2.61591 2.88034 0.329543
-2.6327 2.79834 0.330476
-2.66199 2.78703 0.329045
-2.65863 2.79461 0.329146
-2.71631 2.73021 0.331271
-2.71812 2.73106 0.3312
-2.72249 2.83547 0.328793
-2.69113 2.8043 0.332134
-2.61746 2.82628 0.331771
-2.62095 2.82838 0.3318
-2.63841 2.82352 0.329635
-2.73308 2.83688 0.33056
-2.67626 2.77422 0.331969
-2.69701 2.79338 0.330085
-2.68025 2.81074 0.329047
-2.74929 2.80527 0.329336
-2.6817 2.86226 0.330754
-2.67521 2.86087 0.330862
-2.52468 2.80359 0.324903
-2.66568 2.80568 0.329376
-2.66168 2.85973 0.331164
-2.67778 2.84021 0.331712
-2.60373 2.85147 0.332192
-2.63636 2.78851 0.330562
-2.64407 2.83868 0.330933
-2.68751 2.93985 0.330266
-2.61972 2.77197 0.330274
-2.69356 2.7724 0.330867
-2.69954 2.77093 0.330761
-2.63278 2.88618 0.329576
-2.64421 2.83431 0.331689
-2.60452 2.78288 0.329948
-2.53207 2.8506 0.32509
-2.69296 2.7872 0.328881
-2.6352 2.79349 0.331743
-2.6957 2.79661 0.331308
-2.67688 2.8544 0.329805
-2.67042 2.82119 0.330626
-2.66043 2.79614 0.330086
-2.59567 2.85113 0.326314
-2.66652 2.88182 0.329619
-2.7121 2.8325 0.332353
-2.59053 2.79097 0.32668
-2.67128 2.74755 0.330749
-2.6562 2.84371 0.330409
-2.62162 2.89875 0.327425
-2.66456 2.83413 0.32981
-2.58804 2.76529 0.331194
-2.57087 2.84046 0.332358
-2.61445 2.77475 0.329216
-2.72008 2.84686 0.332497
-2.62286 2.77169 0.329496
-2.48705 2.79622 0.325644
-2.62879 2.83856 0.328905
-2.62781 2.84961 0.328101
-2.66995 2.80535 0.331564
-2.63202 2.80373 0.332111
-2.667 2.86236 0.329297
-2.65717 2.77421 0.332161
-2.65334 2.7754 0.332142
-2.53647 2.83434 0.325721
-2.73928 2.82106 0.333695
-2.71788 2.79726 0.33257
-2.63416 2.79724 0.330329
-2.68042 2.82997 0.330944
-2.559 2.81959 0.325251
-2.7276 2.84882 0.331349
-2.63956 2.81786 0.329766
-2.63995 2.82283 0.329732
-2.72553 2.80373 0.333569
-2.66596 2.87206 0.331767
-2.6843 2.79372 0.332819
-2.67869 2.85929 0.330754
-2.66817 2.80838 0.329854
-2.65427 2.77966 0.330984
-2.6189 2.84334 0.33058
-2.65955 2.85311 0.331023
-2.67257 2.76007 0.330708
-2.6787 2.84559 0.331781
-2.63455 2.78459 0.330602
-2.65636 2.74832 0.328372
-2.68416 2.81231 0.330088
-2.65628 2.86524 0.333929
-2.61036 2.74216 0.332166
-2.66572 2.80931 0.331379
-2.50832 2.78796 0.326974
-2.62714 2.77908 0.328846
-2.6058 2.79215 0.32984
-2.6038 2.79755 0.32983
-2.6359 2.81672 0.329979
-2.63008 2.79786 0.331876
-2.68612 2.85031 0.330924
-2.58537 2.74787 0.331404
-2.6784 2.82133 0.330615
-2.69119 2.74012 0.330207
-2.7624 2.74504 0.331785
-2.70677 2.8349 0.332365
-2.5934 2.78469 0.326564
-2.66271 2.82419 0.332637
-2.68701 2.78533 0.331546
-2.64612 2.84547 0.330776
-2.57566 2.80774 0.326171
-2.64455 2.77875 0.331286
-2.66921 2.91161 0.329694
-2.58282 2.76117 0.331185
-2.68349 2.80664 0.330834
-2.61893 2.79722 0.331133
-2.72244 2.8435 0.332401
-2.60826 2.83818 0.332466
-2.66589 2.79851 0.330464
-2.58875 2.89177 0.33182
-2.59266 2.89637 0.331862
-2.68913 2.80576 0.33108
-2.69546 2.82194 0.330442
-2.71697 2.86258 0.333004
-2.72112 2.79148 0.332673
-2.66805 2.86443 0.329032
-2.64688 2.72761 0.330153
-2.53154 2.83616 0.32568
-2.5827 2.79974 0.328294
-2.65412 2.80025 0.329391
-2.52233 2.81443 0.325873
-2.63209 2.79749 0.330311
-2.68898 2.84666 0.330795
-2.52977 2.80957 0.325086
-2.66522 2.96341 0.332217
-2.68719 2.79672 0.328289
-2.53967 2.83112 0.324792
-2.54455 2.82936 0.324701
-2.71637 2.75411 0.329388
-2.6753 2.84649 0.330616
-2.61849 2.81176 0.331148
-2.69538 2.78916 0.32996
-2.69165 2.79058 0.332661
-2.63621 2.79505 0.330877
-2.63314 2.80147 0.330949
-2.63871 2.85556 0.331152
-2.63528 2.87046 0.329742
-2.52845 2.80449 0.324661
-2.61949 2.84484 0.330717
-2.68048 2.84396 0.331684
-2.63579 2.78995 0.330703
-2.63557 2.78503 0.329371
-2.63998 2.83865 0.330724
-2.67136 2.86729 0.331706
-2.67747 2.90757 0.330966
-2.60891 2.74255 0.332325
-2.62199 2.77298 0.330271
-2.61841 2.77616 0.330255
-2.66114 2.80626 0.331603
-2.59034 2.97389 0.328948
-2.51088 2.7888 0.326803
-2.65577 2.7846 0.332146
-2.62128 2.77583 0.328757
-2.64467 2.82852 0.331553
-2.60286 2.78789 0.329683
-2.60175 2.79009 0.329591
-2.60171 2.87901 0.33114
-2.7248 2.77811 0.334259
-2.72215 2.78373 0.334079
-2.6603 2.87569 0.331096
-2.58721 2.7448 0.331365
-2.55581 2.82153 0.324692
-2.66611 2.7913 0.328525
-2.68245 2.81173 0.330217
-2.59098 2.78435 0.32658
-2.68327 2.79006 0.331473
-2.64343 2.77587 0.331207
-2.62743 2.83797 0.332167
-2.58067 2.77085 0.33131
-2.56855 2.84198 0.332292
-2.56612 2.83762 0.332108
-2.61488 2.77533 0.32933
-2.69566 2.88785 0.331521
-2.60488 2.83913 0.332356
-2.6886 2.76963 0.328526
-2.70152 2.85725 0.332967
-2.63362 2.83221 0.328507
-2.69567 2.8112 0.330563
-2.63221 2.8066 0.332026
-2.64644 2.72677 0.330268
-2.6607 2.77153 0.332229
-2.57969 2.80321 0.328295
-2.60787 2.88373 0.329898
-2.63195 2.79502 0.330252
-2.73528 2.72375 0.329836
-2.52074 2.8194 0.325349
-2.72117 2.83023 0.328768
-2.61811 2.82572 0.331642
-2.62778 2.82139 0.32965
-2.70676 2.87999 0.32915
-2.67519 2.77769 0.332081
-2.67359 2.77769 0.332089
-2.6153 2.81622 0.331285
-2.69133 2.78934 0.332731
-2.63579 2.86573 0.329891
-2.6584 2.77503 0.330933
-2.71706 2.87362 0.33277
-3.72534 5.44797 0.317815
