19.2001 -88.5558 3.70399
19.2023 -88.4458 3.7041
19.1975 -88.5803 3.70343
19.1872 -88.4157 3.70393
19.1894 -88.4285 3.70258
19.1666 -88.4384 3.70025
19.2201 -88.4732 3.70647
19.1364 -88.4784 3.70344
19.2413 -88.4949 3.70615
19.1319 -88.5454 3.70238
19.2752 -88.5428 3.70797
19.1214 -88.4811 3.70402
19.2612 -88.5332 3.7038
19.2336 -88.5999 3.7054
19.203 -88.4539 3.70388
19.1742 -88.5093 3.70133
19.1871 -88.4192 3.70414
19.2208 -88.493 3.70576
19.1631 -88.4419 3.70045
19.1643 -88.4918 3.70302
19.1523 -88.5057 3.70101
19.1391 -88.4825 3.70338
19.2085 -88.5252 3.70179
19.2315 -88.5077 3.69907
19.1906 -88.5527 3.70149
19.2601 -88.5003 3.70534
19.2231 -88.5811 3.70458
19.2023 -88.5403 3.70445
19.1916 -88.5409 3.70647
19.2145 -88.5746 3.70376
19.263 -88.5271 3.70514
19.1866 -88.413 3.70393
19.222 -88.4947 3.70564
19.1724 -88.487 3.70649
19.2108 -88.5537 3.70604
19.1556 -88.5076 3.70123
19.2436 -88.5068 3.70633
19.1954 -88.4672 3.7026
19.2736 -88.5711 3.7043
19.1321 -88.5133 3.70557
19.2059 -88.5343 3.70226
19.1163 -88.5177 3.70124
19.2878 -88.5046 3.70574
19.2013 -88.4413 3.70421
19.225 -88.5716 3.70266
19.2845 -88.5516 3.70572
19.1261 -88.4611 3.70374
19.1813 -88.4182 3.704
19.2212 -88.496 3.70562
19.2217 -88.6196 3.70154
19.19 -88.4231 3.70259
19.1944 -88.4795 3.70162
19.1705 -88.4727 3.70227
19.2078 -88.4913 3.70503
19.2427 -88.5071 3.70624
19.192 -88.4732 3.70458
19.1929 -88.47 3.70444
19.2434 -88.5463 3.70194
19.1041 -88.4921 3.70306
19.207 -88.5756 3.70204
19.1891 -88.5832 3.7055
19.1651 -88.5095 3.7006
19.2016 -88.4427 3.70393
19.1577 -88.473 3.70437
19.1915 -88.4187 3.70408
19.1845 -88.4967 3.70011
19.1668 -88.4329 3.70029
19.1668 -88.4678 3.70215
19.3123 -88.5065 3.70417
19.2938 -88.5758 3.70215
19.2256 -88.5266 3.70418
19.1926 -88.4732 3.70453
19.1241 -88.4759 3.70401
19.2872 -88.5076 3.70286
19.1587 -88.5067 3.7003
19.2255 -88.4799 3.7018
19.2265 -88.5494 3.70573
19.1473 -88.4689 3.70029
19.2354 -88.5334 3.703
19.1663 -88.4371 3.70043
19.2575 -88.533 3.70537
19.2118 -88.5907 3.70483
19.1975 -88.489 3.70503
19.1832 -88.5166 3.70165
19.1772 -88.4904 3.70465
19.2289 -88.5299 3.70421
19.193 -88.4738 3.70463
19.2532 -88.5004 3.70536
19.2093 -88.509 3.70678
19.2154 -88.5409 3.70262
19.2534 -88.63 3.70466
19.1615 -88.5075 3.70549
19.1654 -88.4694 3.70423
19.1876 -88.4204 3.70381
19.2163 -88.4921 3.7057
19.1692 -88.4384 3.70056
19.1814 -88.4761 3.70162
19.2813 -88.608 3.70326
19.2048 -88.524 3.70163
19.2185 -88.5673 3.70196
19.2441 -88.5074 3.70603
19.2436 -88.5049 3.70617
19.1719 -88.4967 3.70449
19.2338 -88.5287 3.7037
19.2327 -88.5269 3.70425
19.1914 -88.5593 3.70133
19.2493 -88.4825 3.70072
19.0921 -88.564 3.70071
19.1925 -88.5472 3.70365
19.2265 -88.5511 3.70563
19.1869 -88.4146 3.70401
19.1775 -88.5579 3.70581
19.1547 -88.5767 3.70329
19.1683 -88.6404 3.70503
19.1936 -88.4842 3.70591
19.1985 -88.4592 3.70252
19.1289 -88.547 3.70469
19.1089 -88.4899 3.70296
19.162 -88.4893 3.70407
19.1567 -88.5079 3.7004
19.2012 -88.4519 3.70404
19.1588 -88.4695 3.70428
19.2295 -88.5337 3.70295
19.1691 -88.432 3.70031
19.1607 -88.4363 3.70036
19.2226 -88.537 3.69993
19.1539 -88.5382 3.69884
19.2347 -88.5258 3.70425
19.2009 -88.5797 3.70344
19.1834 -88.5471 3.703
19.2485 -88.4789 3.70068
19.1149 -88.5138 3.70124
19.1657 -88.5006 3.70358
19.213 -88.4961 3.7044
19.1859 -88.4169 3.70405
19.1909 -88.4238 3.70253
19.2112 -88.5529 3.70613
19.312 -88.5091 3.7043
19.197 -88.4599 3.70253
19.2281 -88.5136 3.70362
19.1915 -88.469 3.70432
19.1631 -88.5224 3.70319
19.1858 -88.546 3.70286
19.2844 -88.5007 3.70559
19.2064 -88.4484 3.70419
19.1742 -88.5093 3.70118
19.1855 -88.4218 3.70393
19.1849 -88.4161 3.70392
19.193 -88.4224 3.70242
19.1928 -88.4254 3.7025
19.1689 -88.4366 3.70034
19.1784 -88.5485 3.70395
19.1891 -88.5614 3.70159
19.1416 -88.4835 3.70354
19.2323 -88.5332 3.70214
19.1889 -88.5028 3.69948
19.1803 -88.5857 3.70278
19.2347 -88.567 3.701
19.1466 -88.5544 3.69824
19.2868 -88.5066 3.70564
19.1191 -88.5524 3.70118
19.2687 -88.5552 3.7017
19.1681 -88.5291 3.70169
19.1843 -88.4172 3.70393
19.1698 -88.5923 3.70171
19.173 -88.4973 3.70552
19.1666 -88.4367 3.7004
19.2107 -88.4743 3.7065
19.1642 -88.6362 3.7047
19.2419 -88.5041 3.70614
19.2172 -88.5348 3.70327
19.2543 -88.5365 3.70377
19.2736 -88.5684 3.70334
19.2543 -88.5957 3.70541
19.2327 -88.4749 3.70186
19.1327 -88.4615 3.70358
19.1867 -88.4168 3.70388
19.1897 -88.4299 3.70247
19.1912 -88.4747 3.70156
19.1983 -88.4915 3.70496
19.2003 -88.4616 3.70259
19.1735 -88.5595 3.70259
19.263 -88.5039 3.70517
19.2051 -88.5118 3.70682
19.1982 -88.4455 3.70395
19.2001 -88.447 3.70401
19.227 -88.4804 3.70186
19.2274 -88.4813 3.70172
19.2241 -88.4863 3.70186
19.1608 -88.5171 3.7003
19.1317 -88.4533 3.70343
19.1969 -88.5473 3.69921
19.1918 -88.4239 3.70243
19.1902 -88.4824 3.70137
19.1712 -88.4657 3.70236
19.1301 -88.4911 3.69934
19.1763 -88.5129 3.70153
19.2375 -88.5049 3.70622
19.1996 -88.5589 3.70384
19.2243 -88.5533 3.7042
19.2415 -88.5754 3.70275
19.2086 -88.5709 3.70168
19.1963 -88.4922 3.70972
19.2078 -88.4477 3.70437
19.2963 -88.5453 3.70573
19.1559 -88.4707 3.70439
19.2459 -88.5396 3.70392
19.1636 -88.4368 3.7003
19.165 -88.5682 3.70655
19.1199 -88.5559 3.70201
19.1882 -88.4895 3.70599
19.2298 -88.531 3.70189
19.1994 -88.4708 3.70456
19.1272 -88.4819 3.70397
19.2089 -88.5081 3.70685
19.2066 -88.4525 3.70413
19.1566 -88.4733 3.70424
19.1254 -88.4629 3.70362
19.1307 -88.4652 3.70371
19.1877 -88.4118 3.70389
19.2318 -88.5309 3.70305
19.1913 -88.4207 3.70239
19.1654 -88.4394 3.70051
19.2162 -88.4733 3.70663
19.1673 -88.4674 3.70217
19.2381 -88.5465 3.70323
19.14 -88.4819 3.70332
19.216 -88.5674 3.70193
19.2448 -88.5535 3.70198
19.2596 -88.5337 3.70408
19.2846 -88.507 3.70572
19.1709 -88.5587 3.70402
19.2196 -88.57 3.70386
19.2014 -88.4476 3.70393
19.1123 -88.488 3.70611
19.1851 -88.4248 3.70425
19.1961 -88.4215 3.70241
19.1722 -88.4898 3.70628
19.2272 -88.5554 3.70294
19.137 -88.5515 3.70436
19.1765 -88.5166 3.70161
19.1975 -88.462 3.70267
19.1744 -88.4921 3.70444
19.1928 -88.4704 3.70449
19.1223 -88.48 3.70392
19.2042 -88.5428 3.70228
19.2778 -88.6112 3.70483
19.2062 -88.4419 3.70417
19.1629 -88.5051 3.70555
19.1089 -88.4876 3.70606
19.1818 -88.4982 3.70012
19.1684 -88.4375 3.70026
19.1643 -88.4374 3.70032
19.2305 -88.5669 3.705
19.3158 -88.5032 3.70417
19.1378 -88.476 3.70329
19.1068 -88.5243 3.7077
19.1756 -88.4974 3.70429
19.2282 -88.5286 3.70406
19.2332 -88.5659 3.70411
19.1854 -88.6014 3.70515
19.2104 -88.5737 3.70358
19.189 -88.5926 3.70191
19.1696 -88.5599 3.70135
19.2147 -88.6007 3.70598
19.1871 -88.5444 3.70658
19.1669 -88.5308 3.7061
19.1826 -88.4183 3.7039
19.3541 -88.6019 3.7052
19.189 -88.5426 3.69925
19.1669 -88.4354 3.70022
19.1933 -88.4724 3.70168
19.1684 -88.467 3.70222
19.2008 -88.4908 3.70525
19.152 -88.5407 3.69892
19.1712 -88.5424 3.7067
19.2134 -88.5327 3.70299
19.2609 -88.5874 3.70536
19.1912 -88.472 3.70451
19.2241 -88.5556 3.70428
19.2556 -88.5329 3.70396
19.2964 -88.511 3.70282
19.2719 -88.5505 3.70065
19.0561 -88.5068 3.70458
19.1847 -88.5429 3.70631
19.2041 -88.4491 3.7039
19.2124 -88.5043 3.70451
19.1317 -88.4614 3.70349
19.1868 -88.4156 3.70392
19.1922 -88.4257 3.70239
19.1632 -88.4344 3.70036
19.1291 -88.4906 3.69938
19.2471 -88.5049 3.7063
19.1695 -88.4895 3.70065
19.2726 -88.5399 3.70804
19.2618 -88.5356 3.70394
19.1805 -88.4903 3.69987
19.1599 -88.4954 3.70422
19.1541 -88.5172 3.70029
19.2577 -88.5284 3.70515
19.1805 -88.4159 3.704
19.1933 -88.4227 3.70229
19.199 -88.4248 3.70259
19.1882 -88.4719 3.7016
19.1519 -88.508 3.70122
19.1944 -88.4771 3.70574
19.2488 -88.6027 3.706
19.187 -88.5029 3.69923
19.1935 -88.4766 3.70453
19.1613 -88.5248 3.70325
19.1608 -88.5498 3.70659
19.1091 -88.5116 3.70118
19.1704 -88.4984 3.70355
19.2248 -88.5652 3.70258
19.1564 -88.4767 3.70427
19.1847 -88.4182 3.7038
19.1835 -88.4184 3.7038
19.2302 -88.5336 3.70298
19.1949 -88.4252 3.70231
19.1897 -88.4298 3.70255
19.1684 -88.4391 3.70044
19.1654 -88.6381 3.70498
19.1035 -88.6244 3.70362
19.1969 -88.4659 3.70267
19.1582 -88.5757 3.70338
19.1322 -88.514 3.70541
19.2582 -88.5391 3.70389
19.2806 -88.5448 3.7037
19.2444 -88.5803 3.7014
19.1772 -88.5217 3.70271
19.2001 -88.445 3.70416
19.1688 -88.5254 3.70624
19.19 -88.4122 3.70404
19.194 -88.4236 3.7025
19.1958 -88.425 3.70252
19.1903 -88.5598 3.702
19.1815 -88.474 3.70185
19.2537 -88.5344 3.70532
19.1924 -88.5058 3.70627
19.1978 -88.4647 3.70257
19.1755 -88.4955 3.70454
19.1268 -88.5397 3.70219
19.2955 -88.6043 3.70537
19.2745 -88.5401 3.70799
19.0857 -88.5071 3.70371
19.163 -88.5784 3.70417
19.2621 -88.5675 3.70435
19.2853 -88.5509 3.70555
19.1064 -88.4912 3.70633
19.227 -88.5403 3.70423
19.2208 -88.4935 3.70562
19.1673 -88.4395 3.70035
19.2096 -88.4717 3.70651
19.2164 -88.474 3.70653
19.3161 -88.507 3.70418
19.2381 -88.5045 3.69894
19.2051 -88.5768 3.70342
19.1439 -88.5471 3.70232
19.1379 -88.548 3.70262
19.1856 -88.4971 3.69965
19.1732 -88.4959 3.70368
19.1153 -88.539 3.70468
19.1455 -88.4697 3.70013
19.1838 -88.4104 3.70402
19.1853 -88.419 3.70395
19.1839 -88.4188 3.70407
19.2213 -88.4892 3.70588
19.1959 -88.4236 3.70221
19.1731 -88.4919 3.70652
19.222 -88.5598 3.70297
19.1425 -88.4807 3.70349
19.1402 -88.4767 3.7035
19.2435 -88.4977 3.70604
19.1675 -88.4846 3.70062
19.1656 -88.5141 3.70317
19.2624 -88.5049 3.70517
19.2105 -88.5678 3.70363
19.2875 -88.5046 3.70575
19.2796 -88.5356 3.70376
19.1255 -88.5353 3.70461
19.2017 -88.4471 3.70395
19.1426 -88.4695 3.70034
19.1558 -88.4726 3.70426
19.1316 -88.4616 3.70351
19.1826 -88.4162 3.70395
19.1995 -88.4229 3.70239
19.192 -88.4782 3.70153
19.1728 -88.4726 3.70227
19.1829 -88.5151 3.7018
19.2098 -88.5302 3.70171
19.2498 -88.5049 3.70619
19.1887 -88.5282 3.69953
19.1662 -88.4899 3.7007
19.2735 -88.541 3.70111
19.2417 -88.5971 3.70571
19.2807 -88.5427 3.70369
19.1525 -88.6184 3.70455
19.2164 -88.5673 3.7037
19.1667 -88.5069 3.70521
19.1858 -88.4129 3.7041
19.1908 -88.4275 3.7024
19.1957 -88.475 3.70167
19.1201 -88.5358 3.69984
19.2885 -88.5803 3.70195
19.2035 -88.5522 3.70392
19.2436 -88.545 3.70225
19.258 -88.6544 3.70285
19.2852 -88.4873 3.70179
19.1263 -88.48 3.70385
19.2596 -88.5039 3.70543
19.1939 -88.5396 3.70728
19.1589 -88.4944 3.70419
19.1535 -88.6226 3.70349
19.2258 -88.5687 3.70269
19.129 -88.4619 3.70358
19.1732 -88.4952 3.7058
19.1638 -88.4402 3.70035
19.1675 -88.4924 3.70309
19.2186 -88.4757 3.70673
19.1304 -88.4881 3.69927
19.1757 -88.5408 3.70424
19.1944 -88.4665 3.70444
19.1615 -88.5252 3.70299
19.1127 -88.4967 3.70304
19.3175 -88.5617 3.70385
19.222 -88.5799 3.70325
19.2316 -88.4815 3.70181
19.2146 -88.4998 3.70452
19.1532 -88.4695 3.70436
19.1278 -88.4648 3.70354
19.1877 -88.4197 3.70407
19.1913 -88.4255 3.70237
19.1902 -88.4801 3.70171
19.1923 -88.4917 3.70574
19.3088 -88.5312 3.70344
19.186 -88.4681 3.70451
19.1693 -88.487 3.70075
19.1036 -88.4946 3.7031
19.184 -88.5268 3.70248
19.2266 -88.4832 3.70158
19.1401 -88.5498 3.70279
19.2152 -88.6267 3.70437
19.2124 -88.4937 3.70432
19.1585 -88.531 3.70625
19.1853 -88.4142 3.70374
19.1926 -88.4282 3.70246
19.1638 -88.436 3.70021
19.224 -88.557 3.70291
19.2495 -88.6007 3.70098
19.1976 -88.4612 3.70256
19.1852 -88.4677 3.70453
19.2604 -88.5034 3.7053
19.2895 -88.4972 3.70574
19.1989 -88.4488 3.70397
19.2016 -88.4507 3.70417
19.1605 -88.5855 3.70593
19.1471 -88.4635 3.70031
19.1769 -88.4167 3.70411
19.1923 -88.4257 3.70241
19.1505 -88.5583 3.69882
19.2041 -88.4916 3.70524
19.2569 -88.5177 3.70634
19.1987 -88.461 3.70259
19.1679 -88.4932 3.70051
19.2704 -88.5349 3.70802
19.2509 -88.5409 3.70137
19.1612 -88.492 3.7043
19.2152 -88.5328 3.70264
19.168 -88.5265 3.70175
19.2123 -88.4997 3.70424
19.1495 -88.4686 3.7002
19.1566 -88.4741 3.70432
19.1295 -88.4542 3.70361
19.1891 -88.4195 3.70399
19.2146 -88.4899 3.70568
19.1681 -88.495 3.70297
19.1726 -88.47 3.7022
19.1946 -88.4874 3.7058
19.3154 -88.512 3.70442
19.1973 -88.4599 3.70269
19.1686 -88.5007 3.70454
19.2333 -88.5287 3.70365
19.1933 -88.4685 3.70427
19.1225 -88.4895 3.70409
19.121 -88.5484 3.70229
19.319 -88.5621 3.70398
19.2951 -88.4989 3.70575
19.1586 -88.5348 3.70434
19.1874 -88.549 3.70371
19.1983 -88.4502 3.70415
19.2377 -88.611 3.70812
19.248 -88.5446 3.70383
19.1899 -88.4241 3.70255
19.1734 -88.4943 3.70659
19.2144 -88.47 3.70668
19.1724 -88.4682 3.7023
19.2551 -88.5196 3.70611
19.1423 -88.4819 3.70328
19.2652 -88.5833 3.70412
19.9231 -91.2274 3.69932
