182.08 -9.70189 3.18857
182.164 -9.69368 3.19097
182.16 -9.69267 3.19127
182.165 -9.69687 3.19148
182.156 -9.69909 3.19122
182.141 -9.73047 3.19074
182.171 -9.74583 3.19131
182.105 -9.70687 3.18923
182.144 -9.74977 3.19066
182.089 -9.80189 3.19002
182.082 -9.76954 3.18978
182.075 -9.77196 3.18983
182.158 -9.79201 3.19129
182.175 -9.67659 3.1927
182.048 -9.68311 3.19162
182.107 -9.70212 3.18851
182.064 -9.76854 3.19091
182.078 -9.73382 3.19062
182.186 -9.68115 3.19184
182.168 -9.6624 3.19048
182.065 -9.66823 3.19261
182.162 -9.70397 3.19148
182.106 -9.72925 3.1902
182.105 -9.72888 3.19141
182.076 -9.67715 3.18899
182.052 -9.65068 3.18733
182.103 -9.71054 3.19116
182.068 -9.72798 3.18908
182.071 -9.76864 3.18873
182.122 -9.66307 3.193
182.089 -9.73588 3.18933
182.09 -9.73127 3.18956
182.026 -9.70902 3.18921
182.025 -9.77542 3.19179
182.148 -9.69244 3.19017
182.195 -9.713 3.19204
182.192 -9.70518 3.19212
182.207 -9.76499 3.19049
182.028 -9.81032 3.18882
182.143 -9.78879 3.18987
182.124 -9.69417 3.19212
182.115 -9.83536 3.18936
182.085 -9.72132 3.19003
182.081 -9.72573 3.19004
182.127 -9.77318 3.19054
182.142 -9.72534 3.18919
182.147 -9.72172 3.18893
182.021 -9.70413 3.19394
182.161 -9.74326 3.19326
182.047 -9.68591 3.19165
182.048 -9.68489 3.19142
182.085 -9.73263 3.19047
182.062 -9.68476 3.19018
182.143 -9.72266 3.19477
182.095 -9.74756 3.19181
182.074 -9.74215 3.19291
182.12 -9.75486 3.19193
182.031 -9.74166 3.18935
181.929 -9.70858 3.18927
182.099 -9.65604 3.19245
182.064 -9.78045 3.18991
182.023 -9.82037 3.19075
182.064 -9.74835 3.18944
182.148 -9.6679 3.19158
182.184 -9.74789 3.19342
182.169 -9.79646 3.18919
182.089 -9.72725 3.1927
182.072 -9.75309 3.19121
182.103 -9.73875 3.18794
182.143 -9.67969 3.19125
182.115 -9.69882 3.19094
182.162 -9.70734 3.18931
182.163 -9.71165 3.18899
182.21 -9.67811 3.19038
182.093 -9.69577 3.19024
182.145 -9.7091 3.18955
182.109 -9.79924 3.18908
182.114 -9.80089 3.1891
182.108 -9.80473 3.18912
182.061 -9.77771 3.18726
182.123 -9.68226 3.19106
182.052 -9.59196 3.19027
182.09 -9.53551 3.19021
182.189 -9.7207 3.1887
182.167 -9.76622 3.19141
182.045 -9.70331 3.19271
182.182 -9.83707 3.18946
182.07 -9.75263 3.19029
182.107 -9.74618 3.19032
182.106 -9.74233 3.1902
182.191 -9.73402 3.19066
182.111 -9.83107 3.18856
182.129 -9.69566 3.19073
182.128 -9.70407 3.19072
182.12 -9.69914 3.1907
182.064 -9.70762 3.19137
182.089 -9.74918 3.19059
182.168 -9.67801 3.19271
182.194 -9.77451 3.18995
182.039 -9.73687 3.19104
182.141 -9.7367 3.19092
182.032 -9.72699 3.18777
182.13 -9.70959 3.192
182.114 -9.75928 3.19128
182.115 -9.75565 3.19124
182.108 -9.6662 3.18935
182.066 -9.69132 3.19304
182.151 -9.60909 3.19322
182.227 -9.78101 3.18843
182.12 -9.6916 3.18918
182.131 -9.69243 3.18914
181.998 -9.74918 3.18764
182.004 -9.74767 3.18762
182.03 -9.70269 3.18786
182.03 -9.7025 3.18791
182.008 -9.70441 3.18896
182.179 -9.76979 3.19204
182.048 -9.68616 3.19103
182.049 -9.67786 3.19089
182.06 -9.69826 3.1904
181.987 -9.72203 3.19278
182.064 -9.59754 3.19236
182.096 -9.72241 3.1909
182.091 -9.62216 3.1905
182.191 -9.73588 3.1915
182.034 -9.80757 3.19017
182.037 -9.80782 3.19004
182.15 -9.74326 3.1877
182.15 -9.73856 3.1879
182.164 -9.74278 3.19269
182.131 -9.65783 3.18983
182.134 -9.71434 3.19005
182.214 -9.66909 3.19272
182.058 -9.69637 3.18901
182.193 -9.76045 3.19183
182.13 -9.84867 3.19112
182.037 -9.77354 3.18563
182.043 -9.76458 3.18569
182.075 -9.76165 3.1875
182.106 -9.74211 3.18819
182.108 -9.73558 3.1882
182.083 -9.74608 3.18988
182.089 -9.64996 3.18867
182.049 -9.67382 3.19148
182.139 -9.7034 3.18941
182.115 -9.71351 3.18912
182.092 -9.66844 3.18955
182.05 -9.66154 3.19129
182.122 -9.67575 3.19296
182.125 -9.70997 3.19004
182.059 -9.78895 3.19143
182.117 -9.80651 3.19348
182.047 -9.65087 3.19191
182.144 -9.74075 3.19105
182.145 -9.74051 3.19126
181.981 -9.76638 3.18906
182.108 -9.74401 3.19202
182.044 -9.75614 3.18938
182.111 -9.64021 3.19192
182.025 -9.70862 3.19333
182.102 -9.72578 3.19187
182.11 -9.72541 3.18918
182.033 -9.75239 3.18966
182.181 -9.69088 3.18877
182.108 -9.69477 3.19179
182.106 -9.69587 3.19172
182.16 -9.64162 3.19046
182.156 -9.64099 3.1902
182.151 -9.71138 3.19079
182.038 -9.68167 3.18675
182.197 -9.6808 3.18899
182.073 -9.59333 3.18921
182.155 -9.81943 3.19028
182.008 -9.5845 3.19203
182.147 -9.79144 3.19116
182.124 -9.70706 3.19449
182.158 -9.67913 3.19308
182.075 -9.67875 3.19224
182.087 -9.7908 3.18929
182.098 -9.7874 3.19338
182.089 -9.6598 3.19054
182.09 -9.66047 3.19047
182.132 -9.70723 3.19176
182.195 -9.69937 3.19108
182.101 -9.76601 3.19116
182.137 -9.73247 3.19153
182.168 -9.72787 3.19132
182.168 -9.75287 3.18896
182.163 -9.75678 3.18905
182.162 -9.76254 3.18891
182.098 -9.73442 3.18986
182.069 -9.65944 3.19134
182.156 -9.73751 3.19045
182.079 -9.76883 3.18882
182.13 -9.69484 3.19349
182.133 -9.81007 3.19039
182.114 -9.67752 3.19389
182.214 -9.80015 3.19051
182.123 -9.74234 3.19064
182.083 -9.67369 3.1917
182.108 -9.67686 3.19048
182.131 -9.70964 3.19248
182.038 -9.65782 3.19256
182.119 -9.6977 3.19238
182.162 -9.70077 3.19326
182.108 -9.71694 3.18984
182.179 -9.75381 3.19238
182.044 -9.76489 3.18994
182.09 -9.75446 3.19063
182.075 -9.6484 3.1934
182.195 -9.73675 3.18959
182.087 -9.70007 3.18866
182.159 -9.69407 3.19118
182.165 -9.70181 3.19108
182.101 -9.66793 3.19179
182.173 -9.74217 3.1914
182.109 -9.70566 3.18922
182.091 -9.71915 3.18976
182.145 -9.74859 3.19085
182.201 -9.78806 3.1916
182.199 -9.78597 3.19159
182.117 -9.66401 3.19097
182.022 -9.74674 3.18948
182.152 -9.79503 3.19115
182.171 -9.73066 3.19201
181.99 -9.66498 3.1875
182.103 -9.70108 3.18864
182.103 -9.70014 3.18854
182.109 -9.75544 3.19096
182.188 -9.68846 3.19182
182.136 -9.831 3.18966
182.031 -9.67856 3.18967
182.105 -9.73688 3.18989
182.106 -9.72782 3.19016
182.052 -9.72069 3.1911
182.023 -9.65382 3.19082
182.109 -9.70774 3.1913
182.071 -9.76624 3.18866
182.123 -9.66852 3.19138
182.074 -9.77551 3.19324
182.275 -9.63842 3.19224
182.052 -9.66326 3.19377
182.108 -9.72746 3.18858
182.14 -9.69222 3.19025
182.147 -9.6944 3.19019
182.114 -9.70413 3.19144
182.107 -9.69407 3.1883
182.105 -9.74258 3.18927
182.027 -9.61522 3.19086
182.046 -9.67201 3.18929
182.117 -9.69801 3.19222
182.076 -9.71968 3.19056
182.106 -9.74012 3.1919
182.128 -9.77326 3.19036
182.143 -9.72617 3.18911
182.018 -9.70531 3.19158
182.164 -9.74482 3.19353
182.097 -9.7146 3.19122
182.084 -9.73279 3.19051
182.075 -9.66759 3.18915
182.073 -9.66547 3.18901
182.073 -9.66892 3.18896
182.116 -9.80008 3.1938
182.063 -9.74539 3.19012
182.115 -9.75504 3.19187
182.167 -9.70914 3.18922
182.117 -9.88515 3.19073
181.966 -9.78354 3.18892
182.063 -9.74697 3.18937
182.068 -9.74754 3.18946
182.149 -9.66254 3.19151
182.162 -9.79063 3.18909
182.062 -9.75269 3.19101
182.097 -9.73784 3.18819
182.146 -9.67453 3.19097
182.141 -9.68574 3.19128
182.113 -9.69385 3.19096
182.22 -9.68175 3.19021
182.212 -9.68212 3.19027
182.094 -9.6665 3.19154
182.097 -9.66367 3.19187
182.151 -9.71773 3.18973
182.037 -9.90654 3.19187
182.065 -9.78202 3.18735
182.098 -9.88105 3.19285
182.122 -9.68876 3.19104
182.052 -9.59355 3.19036
182.101 -9.7822 3.19296
182.183 -9.72108 3.18892
182.172 -9.77676 3.19132
182.172 -9.77298 3.19125
182.154 -9.67262 3.19438
182.088 -9.62185 3.19314
182.091 -9.66224 3.19296
182.068 -9.75372 3.19012
182.135 -9.71959 3.19214
182.104 -9.74092 3.19021
182.109 -9.7474 3.19019
182.105 -9.74719 3.19031
182.113 -9.74096 3.19031
182.196 -9.73356 3.19094
182.105 -9.82998 3.1885
182.184 -9.75871 3.19112
182.124 -9.70313 3.19051
182.159 -9.75474 3.19103
182.064 -9.70596 3.19107
182.17 -9.67497 3.19266
182.086 -9.60355 3.19075
182.19 -9.77616 3.19
182.045 -9.74097 3.19106
182.142 -9.74466 3.19067
182.036 -9.72923 3.1877
182.111 -9.69859 3.19038
182.111 -9.76014 3.19126
182.065 -9.69731 3.19305
182.015 -9.79168 3.19124
182.231 -9.78105 3.18849
182.074 -9.7407 3.19209
182.126 -9.68948 3.18929
182.034 -9.70619 3.18789
181.995 -9.73721 3.18807
182.006 -9.70243 3.18913
182.146 -9.69072 3.18827
182.062 -9.69549 3.19042
182.109 -9.75483 3.19091
182.088 -9.786 3.18945
182.082 -9.79699 3.19042
182.1 -9.73635 3.19029
182.163 -9.78152 3.18984
182.152 -9.74186 3.18782
182.169 -9.75885 3.19058
182.174 -9.7197 3.19201
182.113 -9.63052 3.18936
182.132 -9.72024 3.19005
182.212 -9.66936 3.19246
182.138 -9.76254 3.19195
182.196 -9.75939 3.1917
182.199 -9.75733 3.1915
181.998 -9.69148 3.19176
182.074 -9.7629 3.18727
182.105 -9.74893 3.18836
182.089 -9.74125 3.18997
182.091 -9.69704 3.19315
182.017 -9.6459 3.18957
182.089 -9.65282 3.18865
182.137 -9.75341 3.19024
182.048 -9.66414 3.19189
181.978 -9.75753 3.19108
182.095 -9.66872 3.18965
182.094 -9.66706 3.18963
182.068 -9.69622 3.19163
182.065 -9.69414 3.19073
182.063 -9.68759 3.19048
182.124 -9.71415 3.19039
182.115 -9.69833 3.19535
182.067 -9.78777 3.19063
182.143 -9.74273 3.19127
181.993 -9.85301 3.18974
182.105 -9.74463 3.19185
182.113 -9.8119 3.19254
182.122 -9.63532 3.19205
182.12 -9.64031 3.19199
182.101 -9.72225 3.19207
182.05 -9.80426 3.1924
182.026 -9.75163 3.19007
182.026 -9.75864 3.18958
182.182 -9.69133 3.18859
182.05 -9.68932 3.18832
182.083 -9.69489 3.1909
182.152 -9.64419 3.19038
182.048 -9.7161 3.18951
182.193 -9.68056 3.18908
182.202 -9.67672 3.189
182.164 -9.82663 3.1903
182.07 -9.77337 3.19027
182.147 -9.79152 3.19118
182.145 -9.79338 3.19121
182.116 -9.73494 3.19113
182.135 -9.68635 3.19365
182.108 -9.78959 3.19315
182.089 -9.65906 3.19045
182.077 -9.62089 3.19152
182.115 -9.76534 3.19241
182.1 -9.76568 3.19099
182.105 -9.76371 3.19107
182.102 -9.76324 3.1911
182.137 -9.72443 3.19134
182.117 -9.66754 3.19021
182.195 -9.7758 3.19092
182.164 -9.76239 3.18875
182.072 -9.65793 3.19129
182.077 -9.66403 3.19136
182.066 -9.65863 3.19129
182.139 -9.69479 3.19112
182.076 -9.77291 3.18894
182.136 -9.69046 3.19341
182.198 -9.71291 3.19048
182.113 -9.63389 3.1921
182.069 -9.76952 3.19041
182.073 -9.76884 3.19017
182.08 -9.76428 3.189
182.082 -9.68094 3.19154
182.118 -9.67998 3.19013
182.093 -9.70724 3.18998
182.094 -9.70974 3.19013
182.133 -9.71878 3.19227
182.035 -9.65653 3.19254
182.116 -9.68111 3.1927
182.168 -9.75454 3.19243
182.096 -9.70172 3.18886
182.044 -9.76281 3.18989
182.149 -9.72253 3.18978
182.191 -9.73803 3.18979
182.086 -9.70889 3.18862
182.026 -9.70431 3.191
182.029 -9.70439 3.19112
182.161 -9.7012 3.19118
182.146 -9.72976 3.19076
182.171 -9.73944 3.19117
182.047 -9.77947 3.19089
182.086 -9.71984 3.18997
182.146 -9.74595 3.19105
182.139 -9.74887 3.1908
182.203 -9.78923 3.19163
182.074 -9.76911 3.1899
182.036 -9.63471 3.19126
182.063 -9.71269 3.19228
182.198 -9.72686 3.19331
181.991 -9.65779 3.18734
182.104 -9.7031 3.18832
182.1 -9.69468 3.18846
182.181 -9.70256 3.19312
182.11 -9.75618 3.19094
182.071 -9.73476 3.19066
182.188 -9.68493 3.19171
182.183 -9.67892 3.19174
182.138 -9.8315 3.18965
182.154 -9.70714 3.19151
182.103 -9.73219 3.19005
182.017 -9.64665 3.19091
182.051 -9.65518 3.18741
182.059 -9.73472 3.18905
182.123 -9.68075 3.19108
182.116 -9.67234 3.19125
182.164 -9.76195 3.19146
182.119 -9.74928 3.1934
182.118 -9.74059 3.19344
182.119 -9.71886 3.19167
182.121 -9.72166 3.19169
182.029 -9.70755 3.18941
182.112 -9.73958 3.18896
182.145 -9.68692 3.19015
182.108 -9.70736 3.19126
182.203 -9.7698 3.19039
182.103 -9.69028 3.18794
182.106 -9.74966 3.18933
182.107 -9.74448 3.18942
182.119 -9.78912 3.18986
182.047 -9.67848 3.18934
182.119 -9.69743 3.19217
182.102 -9.73594 3.19177
182.131 -9.77733 3.19027
182.147 -9.72197 3.18907
182.021 -9.70157 3.1917
182.169 -9.77453 3.18943
182.051 -9.68947 3.19172
182.098 -9.71219 3.19113
182.061 -9.68039 3.19021
182.11 -9.68147 3.18861
182.112 -9.67246 3.18875
182.055 -9.69302 3.19331
182.167 -9.72101 3.19024
182.17 -9.71866 3.19031
182.094 -9.7439 3.19164
182.11 -9.7576 3.18996
182.11 -9.75581 3.19193
182.169 -9.7057 3.18951
182.096 -9.65435 3.19237
182.153 -9.65966 3.19164
182.063 -9.74408 3.18932
182.17 -9.79326 3.18919
182.087 -9.71538 3.19362
182.1 -9.74964 3.18813
182.019 -9.77168 3.18994
182.118 -9.69843 3.19094
182.161 -9.71146 3.18884
182.163 -9.70835 3.18908
182.214 -9.68169 3.19023
182.038 -9.5952 3.18971
182.15 -9.71517 3.18963
182.059 -9.78449 3.18733
182.092 -9.8779 3.19279
182.118 -9.69061 3.19091
182.217 -9.68533 3.18819
182.115 -9.60402 3.19031
182.101 -9.78685 3.19299
182.108 -9.69698 3.18783
182.188 -9.71697 3.1889
182.202 -9.74595 3.1905
182.976 -12.6537 3.19153
