16.7671 -91.6072 3.63352
16.7594 -91.6032 3.6338
16.5896 -91.5052 3.62719
16.5852 -91.4711 3.63006
16.5905 -91.4647 3.63011
16.5499 -91.6457 3.62858
16.448 -91.5997 3.62654
16.5019 -91.5379 3.62874
16.436 -91.6276 3.62839
16.6817 -91.6276 3.62887
16.6257 -91.5604 3.6296
16.6271 -91.4902 3.62835
16.5306 -91.5831 3.63114
16.4272 -91.5214 3.62672
16.5769 -91.574 3.62968
16.5857 -91.5153 3.63108
16.6524 -91.4949 3.62865
16.6584 -91.5024 3.62877
16.6551 -91.4955 3.62869
16.6303 -91.6302 3.6288
16.634 -91.6231 3.62882
16.7196 -91.5597 3.62826
16.6574 -91.5251 3.62735
16.6606 -91.5122 3.6276
16.646 -91.549 3.62738
16.5106 -91.5675 3.62668
16.5636 -91.4626 3.62704
16.6903 -91.5375 3.63435
16.6817 -91.5513 3.63098
16.5514 -91.5117 3.62694
16.5536 -91.4969 3.62775
16.5629 -91.493 3.62779
16.6157 -91.5329 3.6313
16.5206 -91.6259 3.62515
16.6166 -91.5587 3.62876
16.6799 -91.6269 3.63321
16.4559 -91.5134 3.62724
16.6706 -91.5746 3.62966
16.6407 -91.5175 3.62564
16.5826 -91.5944 3.62843
16.7036 -91.4431 3.62856
16.6121 -91.5998 3.62911
16.5261 -91.4867 3.62634
16.6134 -91.6608 3.62605
16.6545 -91.5097 3.63143
16.6899 -91.5422 3.63002
16.5342 -91.4581 3.62524
16.7135 -91.6015 3.63248
16.7775 -91.5298 3.62903
16.451 -91.3852 3.6275
16.5326 -91.6704 3.62856
16.6403 -91.5678 3.62956
16.718 -91.5736 3.62917
16.7148 -91.576 3.62926
16.5235 -91.6002 3.6264
16.6352 -91.4909 3.63019
16.6391 -91.5329 3.62981
16.5141 -91.467 3.62644
16.6209 -91.6363 3.62859
16.7105 -91.6437 3.62969
16.4765 -91.5932 3.62801
16.664 -91.6123 3.6312
16.5677 -91.6144 3.62891
16.773 -91.5321 3.6329
16.4954 -91.5105 3.6296
16.6656 -91.5755 3.62834
16.6613 -91.5667 3.6285
16.6488 -91.4894 3.62925
16.648 -91.4919 3.62929
16.5981 -91.5126 3.63031
16.5838 -91.5184 3.63017
16.5829 -91.5127 3.63023
16.5645 -91.5226 3.62871
16.6168 -91.6031 3.62766
16.6545 -91.5501 3.62941
16.6442 -91.4931 3.62815
16.5968 -91.5504 3.62734
16.5851 -91.4632 3.62794
16.5332 -91.5294 3.62815
16.6309 -91.5714 3.62736
16.6917 -91.6469 3.6266
16.4991 -91.5831 3.62722
16.5008 -91.5799 3.6273
16.6061 -91.5354 3.62632
16.5992 -91.4753 3.62958
16.5982 -91.4757 3.62963
16.7259 -91.5559 3.63449
16.6852 -91.5561 3.63437
16.6851 -91.5597 3.63456
16.6838 -91.5643 3.6345
16.5577 -91.5014 3.62891
16.5819 -91.6326 3.62961
16.5883 -91.5442 3.62963
16.5183 -91.5166 3.62952
16.5485 -91.5467 3.62926
16.5428 -91.5429 3.62941
16.6274 -91.6073 3.62866
16.5829 -91.5706 3.62546
16.4901 -91.6527 3.62996
16.5209 -91.5659 3.62517
16.5142 -91.5683 3.62519
16.7074 -91.5547 3.63457
16.7051 -91.5515 3.63453
16.4061 -91.4987 3.62854
16.4295 -91.5011 3.62879
16.563 -91.5945 3.62883
16.4772 -91.5932 3.62886
16.5358 -91.6158 3.62346
16.5689 -91.5942 3.62898
16.673 -91.4604 3.6319
16.6804 -91.4523 3.63199
16.6725 -91.4557 3.63171
16.5398 -91.672 3.63117
16.5589 -91.513 3.62546
16.5501 -91.5576 3.6273
16.5576 -91.4766 3.62738
16.5595 -91.4797 3.62778
16.5309 -91.4783 3.62665
16.6973 -91.5612 3.62935
16.7134 -91.4893 3.62769
16.7163 -91.4949 3.62783
16.6556 -91.5873 3.6254
16.4698 -91.5956 3.6307
16.6005 -91.5309 3.62856
16.5411 -91.5142 3.62799
16.5358 -91.5081 3.62793
16.6 -91.5281 3.63254
16.5543 -91.5854 3.62963
16.7444 -91.6079 3.6318
16.6635 -91.5152 3.63051
16.5587 -91.7216 3.62721
16.5838 -91.608 3.62829
16.6264 -91.6398 3.62806
16.5991 -91.5242 3.63177
16.5813 -91.4897 3.63211
16.5801 -91.4824 3.63209
16.6217 -91.5792 3.63069
16.627 -91.5879 3.63066
16.6755 -91.66 3.62592
16.4656 -91.5757 3.6268
16.5484 -91.5573 3.62607
16.5916 -91.5862 3.62808
16.6657 -91.4646 3.63005
16.6625 -91.5437 3.62869
16.6622 -91.5144 3.62857
16.6084 -91.5989 3.62999
16.3974 -91.6094 3.6266
16.583 -91.6133 3.6302
16.6158 -91.6333 3.63
16.6481 -91.5906 3.62771
16.6626 -91.575 3.6304
16.4733 -91.5539 3.62815
16.5021 -91.5598 3.63104
16.5933 -91.5338 3.62986
16.4672 -91.4867 3.63201
16.4945 -91.5095 3.6287
16.5446 -91.4904 3.62995
16.7632 -91.4687 3.6328
16.7024 -91.542 3.63279
16.7047 -91.5442 3.63282
16.4955 -91.523 3.62759
16.5429 -91.6147 3.62265
16.6191 -91.5948 3.628
16.6792 -91.5711 3.62852
16.6122 -91.5622 3.62707
16.4279 -91.4949 3.62707
16.6194 -91.5603 3.62976
16.6165 -91.5627 3.62966
16.5502 -91.6044 3.63175
16.5027 -91.6356 3.6287
16.442 -91.5364 3.62393
16.6722 -91.62 3.62912
16.7989 -91.4945 3.6319
16.8036 -91.5004 3.63183
16.4806 -91.558 3.62697
16.595 -91.666 3.6275
16.6852 -91.6007 3.62979
16.5567 -91.691 3.62611
16.6648 -91.5595 3.62959
16.6139 -91.5635 3.62741
16.6954 -91.5736 3.63349
16.5929 -91.5731 3.6283
16.6916 -91.5616 3.62896
16.5242 -91.5187 3.62613
16.6051 -91.5354 3.63167
16.6024 -91.537 3.63171
16.5275 -91.6089 3.62865
16.566 -91.568 3.62778
16.5453 -91.4992 3.62689
16.5302 -91.5001 3.62689
16.6786 -91.5918 3.62951
16.5267 -91.6001 3.62734
16.5107 -91.5232 3.62972
16.6736 -91.5739 3.62625
16.5797 -91.5919 3.62359
16.6625 -91.509 3.63246
16.668 -91.5051 3.63237
16.6016 -91.529 3.62923
16.5581 -91.5256 3.63149
16.6076 -91.5606 3.62838
16.6082 -91.558 3.62849
16.5202 -91.6257 3.62965
16.6809 -91.5608 3.63003
16.5126 -91.5762 3.62844
16.6213 -91.5069 3.62729
16.6178 -91.5089 3.62732
16.5312 -91.5465 3.63155
16.6063 -91.6057 3.62749
16.6611 -91.5618 3.63119
16.6716 -91.5086 3.6298
16.6809 -91.4837 3.62884
16.6662 -91.6966 3.62814
16.5709 -91.738 3.62759
16.632 -91.5332 3.62857
16.5177 -91.4514 3.63038
16.3898 -91.5189 3.62823
16.6381 -91.4645 3.63344
16.638 -91.465 3.63363
16.675 -91.601 3.63488
16.5525 -91.5089 3.62843
16.6605 -91.5051 3.63195
16.6619 -91.5101 3.63191
16.5598 -91.6412 3.62868
16.6161 -91.6063 3.63092
16.6205 -91.6281 3.62738
16.7377 -91.4796 3.63209
16.6588 -91.5893 3.63171
16.5673 -91.5981 3.62918
16.6098 -91.5465 3.62844
16.5714 -91.5105 3.6281
16.5144 -91.5315 3.62954
16.6689 -91.5961 3.62882
16.6645 -91.5977 3.62865
16.5867 -91.5661 3.62753
16.6268 -91.5681 3.63056
16.5924 -91.4667 3.62576
16.5686 -91.5479 3.63239
16.5714 -91.5441 3.63254
16.6327 -91.5634 3.63339
16.5079 -91.5676 3.62939
16.5028 -91.5664 3.62944
16.6217 -91.6711 3.62877
16.5719 -91.4986 3.62821
16.6262 -91.5637 3.62935
16.6255 -91.5623 3.62944
16.6204 -91.4912 3.62824
16.5899 -91.5549 3.62689
16.6407 -91.7393 3.63137
16.6495 -91.7433 3.6314
16.5685 -91.7024 3.62687
16.6313 -91.5455 3.62662
16.5784 -91.6286 3.63065
16.5867 -91.5122 3.63106
16.6013 -91.5548 3.62957
16.5924 -91.5587 3.62953
16.7229 -91.7112 3.62883
16.6357 -91.5167 3.63101
16.667 -91.5119 3.62756
16.6583 -91.6919 3.63024
16.7132 -91.5516 3.63125
16.7115 -91.5417 3.63114
16.7955 -91.573 3.62873
16.6963 -91.5405 3.63419
16.6804 -91.5552 3.63112
16.6135 -91.5324 3.63133
16.5386 -91.5339 3.62493
16.4728 -91.5416 3.62329
16.6815 -91.625 3.6333
16.5585 -91.5628 3.62415
16.4569 -91.5936 3.62455
16.6698 -91.5669 3.6297
16.6888 -91.6057 3.6276
16.699 -91.4396 3.62853
16.7011 -91.4436 3.62862
16.6023 -91.5962 3.62915
16.5315 -91.491 3.62613
16.6819 -91.4512 3.62606
16.5892 -91.5482 3.63198
16.6541 -91.5012 3.63151
16.6948 -91.542 3.6302
16.6921 -91.5428 3.63002
16.695 -91.5419 3.63011
16.5467 -91.5449 3.63068
16.526 -91.5214 3.6265
16.6311 -91.5445 3.6246
16.4888 -91.5321 3.62814
16.49 -91.5257 3.62794
16.6628 -91.4862 3.62819
16.6706 -91.6912 3.63019
16.7208 -91.5759 3.62927
16.5581 -91.5896 3.63075
16.5844 -91.5469 3.63013
16.5872 -91.5441 3.62995
16.6475 -91.5281 3.62985
16.5842 -91.5253 3.62844
16.649 -91.5952 3.62663
16.6506 -91.6016 3.62668
16.579 -91.5899 3.62646
16.6634 -91.6225 3.63119
16.6885 -91.4725 3.62748
16.7678 -91.5249 3.63276
16.5697 -91.5994 3.62613
16.6647 -91.5762 3.62828
16.4969 -91.6122 3.62656
16.6544 -91.4951 3.62923
16.5849 -91.5151 3.63022
16.584 -91.5148 3.63015
16.5611 -91.5265 3.6286
16.5475 -91.5773 3.6257
16.5942 -91.5325 3.6266
16.5965 -91.549 3.6273
16.6396 -91.6019 3.62943
16.5903 -91.5856 3.62961
16.5966 -91.5973 3.62955
16.5885 -91.4588 3.62822
16.6491 -91.5261 3.62818
16.6128 -91.5414 3.63091
16.617 -91.5357 3.63108
16.4968 -91.5852 3.62732
16.5632 -91.6108 3.63164
16.6088 -91.5367 3.62597
16.6133 -91.5253 3.62693
16.6236 -91.6109 3.63108
16.7331 -91.5557 3.63458
16.673 -91.5356 3.63234
16.6067 -91.6689 3.62714
16.5906 -91.5501 3.62954
16.5462 -91.5399 3.62953
16.5447 -91.5457 3.62957
16.4669 -91.6105 3.62848
16.6255 -91.6075 3.62874
16.6196 -91.6072 3.62882
16.52 -91.5608 3.62586
16.5517 -91.5914 3.62956
16.745 -91.494 3.633
16.7027 -91.5537 3.63463
16.5846 -91.5286 3.6273
16.4329 -91.4919 3.62892
16.5216 -91.4872 3.62781
16.5682 -91.5881 3.62909
16.5522 -91.5581 3.63126
16.4761 -91.5959 3.62878
16.4678 -91.5938 3.62884
16.5729 -91.6096 3.62939
16.479 -91.531 3.62616
16.6658 -91.4586 3.63207
16.6608 -91.5908 3.63156
16.5489 -91.5542 3.62729
16.5313 -91.476 3.6267
16.6637 -91.5568 3.62983
16.697 -91.5589 3.62915
16.7089 -91.4902 3.6276
16.6883 -91.5869 3.63002
16.6577 -91.3727 3.63036
16.5974 -91.5327 3.62865
16.6015 -91.5285 3.6283
16.67 -91.5169 3.63172
16.6694 -91.5074 3.63173
16.5711 -91.5655 3.63367
16.6166 -91.5552 3.62973
16.6245 -91.5565 3.6297
16.6452 -91.4395 3.6306
16.669 -91.5126 3.63061
16.5469 -91.4763 3.62787
16.5747 -91.5295 3.62843
16.5791 -91.5323 3.62853
16.5411 -91.6099 3.62916
16.59 -91.6115 3.62841
16.5337 -91.5589 3.62863
16.6011 -91.5213 3.63205
16.5896 -91.5265 3.63013
16.5879 -91.5244 3.63019
16.584 -91.4948 3.63188
16.5831 -91.4932 3.63176
16.5901 -91.5681 3.63148
16.5868 -91.5208 3.62539
16.5866 -91.5197 3.62521
16.7419 -91.7051 3.6271
16.6029 -91.634 3.63053
16.6048 -91.5378 3.62828
16.6668 -91.457 3.63009
16.5471 -91.4701 3.62949
16.6937 -91.4912 3.62901
16.687 -91.5649 3.62899
16.6094 -91.6022 3.62998
16.6082 -91.6169 3.62633
16.6178 -91.6406 3.63003
16.6121 -91.5413 3.62882
16.4758 -91.5513 3.62845
16.4924 -91.5095 3.62873
16.5423 -91.4886 3.62971
16.7679 -91.4676 3.63289
16.5456 -91.6802 3.62881
16.6246 -91.597 3.62784
16.664 -91.724 3.63157
16.5067 -91.6522 3.62847
16.6122 -91.5636 3.62961
16.5507 -91.5956 3.63173
16.5003 -91.6328 3.62856
16.6718 -91.502 3.62921
16.599 -91.5326 3.63084
16.6704 -91.6185 3.62922
16.4221 -91.4162 3.62372
16.4803 -91.5606 3.62719
16.5938 -91.6596 3.62771
16.5965 -91.6637 3.62762
16.6349 -91.5531 3.62843
16.6349 -91.561 3.62865
16.5064 -91.5672 3.63013
16.5125 -91.5606 3.63023
16.5794 -91.7429 3.62879
16.6591 -91.4425 3.62914
16.6154 -91.5728 3.62735
16.6172 -91.5666 3.62737
16.5908 -91.5734 3.62819
16.6107 -91.5061 3.6267
16.5225 -91.5205 3.62628
16.5997 -91.54 3.63146
16.6292 -91.6419 3.62869
16.5613 -91.5725 3.62777
16.5321 -91.4993 3.6268
16.6481 -91.6274 3.63098
16.6387 -91.5162 3.62629
16.559 -91.5684 3.62534
16.5539 -91.5674 3.62591
16.5279 -91.6152 3.6271
16.765 -91.5806 3.63055
16.7633 -91.5781 3.63037
16.6109 -91.6111 3.62877
16.6674 -91.5055 3.63234
16.5391 -91.5088 3.62973
16.6216 -91.5109 3.6276
16.5142 -91.6293 3.6296
16.5156 -91.6327 3.62953
16.6297 -91.5799 3.63096
16.6117 -91.5077 3.62751
16.5249 -91.549 3.63144
16.4774 -91.6039 3.62768
16.6627 -91.5586 3.63102
16.6748 -91.5113 3.62996
16.6725 -91.5116 3.63006
16.6189 -91.4976 3.6299
16.6913 -91.4791 3.62864
16.4913 -91.6206 3.62836
16.658 -91.6562 3.62963
16.5029 -91.6 3.62632
16.6379 -91.5363 3.62861
16.5136 -91.4546 3.63057
16.465 -91.526 3.62527
16.722 -91.6054 3.62655
16.6821 -91.5962 3.63463
16.6757 -91.5987 3.63484
16.5504 -91.5104 3.62814
16.628 -91.5237 3.63037
16.6586 -91.5083 3.63197
16.6171 -91.6087 3.6309
16.6231 -91.6296 3.62753
16.4857 -91.4966 3.62526
16.6534 -91.5907 3.63167
16.5721 -91.603 3.629
16.5288 -91.552 3.62717
16.63 -91.5905 3.62845
16.672 -91.5524 3.62682
16.5755 -91.4328 3.63156
16.5477 -91.4965 3.62758
16.6685 -91.5984 3.62874
16.6298 -91.5644 3.63067
16.7587 -91.6113 3.63374
16.7594 -91.6014 3.63369
16.622 -91.6089 3.62703
16.5688 -91.547 3.63267
16.5664 -91.5419 3.63232
16.5936 -91.4737 3.62991
16.6327 -91.5643 3.63358
16.5005 -91.5372 3.6289
16.5742 -91.6332 3.62841
16.5828 -91.5425 3.63026
16.5838 -91.5455 3.62683
16.4094 -91.5168 3.62786
16.4232 -91.5233 3.62687
16.5753 -91.629 3.63051
16.5727 -91.5739 3.62978
16.6012 -91.5503 3.62945
16.7233 -91.7045 3.62899
16.7222 -91.5629 3.62814
16.6561 -91.5089 3.62743
16.6615 -91.6818 3.6302
16.7132 -91.5467 3.63116
16.7056 -91.5489 3.63132
16.5104 -91.5659 3.62672
16.5091 -91.5275 3.62788
16.5617 -91.4613 3.62714
16.6929 -91.5362 3.63426
16.6953 -91.5351 3.63428
16.5558 -91.5169 3.6269
16.5593 -91.4992 3.62779
16.555 -91.4949 3.6279
16.6142 -91.5321 3.63119
16.6169 -91.5606 3.62872
16.6896 -87.7341 3.62873
