225.426 -12.5479 2.91576
225.426 -12.549 2.91592
225.363 -12.6913 2.91345
225.431 -12.7038 2.91267
225.438 -12.699 2.91014
225.341 -12.6927 2.91153
225.496 -12.6242 2.91355
225.491 -12.6269 2.91306
225.304 -12.6395 2.91399
225.25 -12.654 2.90856
225.541 -12.6872 2.91335
225.424 -12.5887 2.91238
225.415 -12.582 2.9124
225.441 -12.828 2.9151
225.408 -12.6676 2.91213
225.417 -12.6719 2.91488
225.363 -12.6218 2.91439
225.43 -12.6935 2.91371
225.372 -12.7243 2.91272
225.387 -12.6265 2.91082
225.53 -12.6803 2.91491
225.397 -12.7028 2.91474
225.344 -12.7258 2.91076
225.554 -12.6922 2.91493
225.437 -12.6058 2.91287
225.442 -12.6021 2.91291
225.381 -12.6182 2.91111
225.425 -12.6636 2.91114
225.355 -12.628 2.91563
225.282 -12.6312 2.91208
225.281 -12.6556 2.91333
225.418 -12.7187 2.90959
225.35 -12.6903 2.91631
225.352 -12.639 2.91295
225.376 -12.5805 2.91217
225.38 -12.6841 2.91239
225.584 -12.6307 2.91451
225.377 -12.7125 2.91355
225.433 -12.7002 2.91023
225.364 -12.7891 2.91262
225.333 -12.6959 2.9112
225.336 -12.6716 2.91176
225.421 -12.543 2.91595
225.459 -12.6986 2.91687
225.439 -12.7086 2.91206
225.437 -12.7078 2.91195
225.433 -12.6755 2.91378
225.343 -12.6846 2.91221
225.487 -12.631 2.91333
225.53 -12.7182 2.91519
225.356 -12.6588 2.91111
225.345 -12.6267 2.91167
225.54 -12.6937 2.91338
225.422 -12.5868 2.91249
225.46 -12.7378 2.91461
225.432 -12.7061 2.91019
225.409 -12.6619 2.91213
225.43 -12.6689 2.91139
225.38 -12.6845 2.91256
225.468 -12.682 2.9124
225.443 -12.7213 2.91526
225.386 -12.5829 2.91184
225.388 -12.5831 2.91194
225.384 -12.6483 2.91448
225.389 -12.6872 2.91314
225.443 -12.715 2.91258
225.556 -12.6933 2.91487
225.435 -12.6038 2.91308
225.383 -12.6142 2.91105
225.359 -12.6222 2.91551
225.372 -12.651 2.91128
225.396 -12.7088 2.91323
225.367 -12.6394 2.91391
225.432 -12.6628 2.91344
225.427 -12.6694 2.91359
225.327 -12.697 2.91207
225.437 -12.5799 2.91359
225.375 -12.5795 2.91223
225.586 -12.6282 2.91457
225.412 -12.6538 2.91608
225.453 -12.6755 2.91663
225.404 -12.6182 2.91221
225.392 -12.6697 2.91206
225.483 -12.6767 2.91388
225.336 -12.7552 2.91474
225.38 -12.6318 2.91228
225.334 -12.685 2.91539
225.425 -12.5469 2.9161
225.416 -12.5462 2.91597
225.468 -12.7214 2.9103
225.444 -12.7068 2.91199
225.381 -12.6931 2.91455
225.504 -12.7015 2.9141
225.535 -12.6612 2.91624
225.536 -12.6594 2.91657
225.49 -12.6256 2.91313
225.356 -12.676 2.91394
225.424 -12.6713 2.9142
225.354 -12.6691 2.9143
225.416 -12.7125 2.91571
225.423 -12.5848 2.91255
225.263 -12.6222 2.91054
225.519 -12.6327 2.91582
225.519 -12.6262 2.91565
225.416 -12.6393 2.91146
225.383 -12.667 2.91281
225.461 -12.7081 2.9129
225.427 -12.6709 2.91152
225.37 -12.6187 2.91441
225.346 -12.7012 2.91365
225.503 -12.7474 2.9137
225.373 -12.6135 2.91076
225.464 -12.6927 2.91251
225.388 -12.5791 2.91176
225.379 -12.6175 2.91083
225.388 -12.6237 2.91084
225.417 -12.6769 2.91267
225.413 -12.7245 2.91385
225.45 -12.589 2.91276
225.385 -12.7215 2.91208
225.558 -12.6929 2.91499
225.43 -12.6557 2.91581
225.44 -12.6017 2.91293
225.425 -12.6647 2.91117
225.431 -12.6627 2.91109
225.39 -12.6513 2.9137
225.473 -12.6608 2.91187
225.457 -12.7069 2.91381
225.358 -12.698 2.9129
225.417 -12.6683 2.9159
225.335 -12.6775 2.90948
225.437 -12.6896 2.91431
225.28 -12.6867 2.91159
225.587 -12.6292 2.91468
225.422 -12.6671 2.91215
225.42 -12.6666 2.91239
225.412 -12.6423 2.9118
225.336 -12.6538 2.91614
225.419 -12.6631 2.91523
225.401 -12.615 2.91195
225.474 -12.6784 2.91336
225.391 -12.6274 2.91214
225.467 -12.6744 2.91373
225.343 -12.6698 2.91191
225.321 -12.7251 2.91205
225.421 -12.5498 2.916
225.461 -12.6914 2.91678
225.404 -12.7252 2.91175
225.444 -12.703 2.91596
225.4 -12.7339 2.91443
225.341 -12.69 2.91439
225.432 -12.6796 2.91396
225.501 -12.6953 2.91417
225.49 -12.6239 2.91326
225.357 -12.6546 2.91145
225.378 -12.6515 2.91257
225.358 -12.6701 2.91429
225.392 -12.6814 2.91412
225.302 -12.6867 2.91112
225.512 -12.7325 2.91284
225.503 -12.7283 2.91284
225.409 -12.6848 2.91586
225.41 -12.6636 2.91207
225.4 -12.7085 2.91343
225.448 -12.722 2.91534
225.499 -12.7453 2.91358
225.388 -12.6501 2.91443
225.383 -12.6199 2.91089
225.528 -12.6806 2.91469
225.433 -12.6646 2.91367
225.443 -12.5843 2.91284
225.359 -12.6659 2.91094
225.352 -12.6338 2.91281
225.443 -12.6065 2.91289
225.429 -12.6653 2.91096
225.456 -12.6944 2.91713
225.392 -12.6936 2.91291
225.465 -12.7447 2.91451
225.466 -12.6651 2.91181
225.462 -12.7184 2.91382
225.515 -12.6921 2.91262
225.387 -12.701 2.91539
225.45 -12.7519 2.91438
225.383 -12.7237 2.91366
225.435 -12.5825 2.9132
225.474 -12.7054 2.91265
225.587 -12.63 2.91474
225.369 -12.7109 2.91341
225.405 -12.6117 2.91187
225.341 -12.6969 2.91303
225.388 -12.6452 2.91257
225.35 -12.6486 2.91139
225.35 -12.6549 2.9115
225.427 -12.5461 2.91596
225.436 -12.7532 2.91699
225.316 -12.7168 2.91255
225.508 -12.7009 2.91402
225.375 -12.633 2.91266
225.535 -12.6557 2.91643
225.495 -12.6237 2.91329
225.361 -12.6605 2.91128
225.426 -12.6727 2.9144
225.377 -12.6494 2.9127
225.431 -12.6759 2.91374
225.417 -12.5901 2.91241
225.41 -12.635 2.91169
225.48 -12.68 2.91406
225.281 -12.7074 2.90785
225.427 -12.6741 2.91135
225.428 -12.7748 2.91221
225.398 -12.7118 2.91356
225.302 -12.7136 2.91293
225.423 -12.697 2.91281
225.44 -12.6676 2.91369
225.369 -12.7797 2.91359
225.451 -12.587 2.91298
225.427 -12.6545 2.91576
225.295 -12.7398 2.91398
225.361 -12.6298 2.91541
225.397 -12.6882 2.91297
225.397 -12.6521 2.91378
225.464 -12.7142 2.91362
225.46 -12.7098 2.91364
225.358 -12.6937 2.91281
225.464 -12.7931 2.91468
225.379 -12.6317 2.91089
225.433 -12.5866 2.91371
225.374 -12.5819 2.91241
225.398 -12.6792 2.91383
225.41 -12.6431 2.91177
225.406 -12.6602 2.91326
225.469 -12.6799 2.91352
225.391 -12.6424 2.91277
225.373 -12.6551 2.91311
225.338 -12.7287 2.91126
225.351 -12.7534 2.91473
225.441 -12.7012 2.9121
225.388 -12.6434 2.91186
225.532 -12.6605 2.91619
225.495 -12.7215 2.91447
225.375 -12.6359 2.91291
225.393 -12.6774 2.91425
225.423 -12.5869 2.9125
225.519 -12.6231 2.91562
225.41 -12.6398 2.91141
225.381 -12.6674 2.91276
225.425 -12.6707 2.91137
225.37 -12.7085 2.91342
225.427 -12.6965 2.91375
225.368 -12.6106 2.91083
225.461 -12.7372 2.91575
225.374 -12.7303 2.91261
225.552 -12.6907 2.91279
225.448 -12.7059 2.91265
225.29 -12.686 2.91308
225.555 -12.6976 2.9151
225.433 -12.6541 2.91594
225.44 -12.6066 2.91291
225.436 -12.6712 2.91514
225.286 -12.5621 2.91056
225.47 -12.7419 2.9144
225.472 -12.6653 2.91192
225.34 -12.6659 2.91799
225.505 -12.6935 2.91285
225.51 -12.6959 2.91276
225.391 -12.7006 2.91522
225.434 -12.6897 2.91454
225.398 -12.6875 2.91265
225.466 -12.7521 2.91661
225.584 -12.6262 2.91444
225.411 -12.654 2.91615
225.42 -12.6656 2.91583
225.472 -12.6791 2.91347
225.446 -12.6314 2.91601
225.38 -12.651 2.91331
225.437 -12.7116 2.91197
225.355 -12.7418 2.91373
225.463 -12.7599 2.91356
225.388 -12.6402 2.91197
225.533 -12.6603 2.91633
225.49 -12.6282 2.91325
225.505 -12.6763 2.912
225.491 -12.7217 2.91441
225.356 -12.6651 2.90868
225.369 -12.6379 2.91291
225.354 -12.6659 2.91448
225.403 -12.7195 2.91346
225.417 -12.5895 2.91245
225.419 -12.5927 2.91266
225.524 -12.6273 2.91565
225.376 -12.6635 2.91272
225.437 -12.7071 2.91004
225.296 -12.6351 2.9137
225.39 -12.6767 2.91245
225.447 -12.6662 2.91502
225.373 -12.6851 2.91589
225.465 -12.7306 2.91545
225.367 -12.6084 2.91088
225.44 -12.8239 2.91402
225.548 -12.6889 2.9127
225.557 -12.6846 2.9128
225.527 -12.6774 2.9148
225.368 -12.7034 2.91296
225.451 -12.5868 2.91284
225.425 -12.6515 2.91581
225.285 -12.6669 2.91452
225.428 -12.6627 2.91115
225.289 -12.5652 2.91048
225.391 -12.689 2.91289
225.404 -12.7325 2.91553
225.417 -12.6693 2.91589
225.421 -12.6759 2.91593
225.426 -12.67 2.91352
225.414 -12.7356 2.91361
225.487 -12.7563 2.91377
225.369 -12.5796 2.91202
225.586 -12.6305 2.91455
225.402 -12.6806 2.91516
225.417 -12.6721 2.91543
225.267 -12.6878 2.91354
225.38 -12.6328 2.91218
225.469 -12.6722 2.91395
225.294 -12.6854 2.91027
225.423 -12.5512 2.91593
225.364 -12.7084 2.91443
225.421 -12.7469 2.91463
225.417 -12.7429 2.91463
225.443 -12.7043 2.91206
225.386 -12.6397 2.91189
225.529 -12.6548 2.91635
225.491 -12.6236 2.91321
225.421 -12.6675 2.91433
225.251 -12.6608 2.90862
225.374 -12.6378 2.91296
225.545 -12.6898 2.91327
225.392 -12.6736 2.91422
225.514 -12.6242 2.91576
225.523 -12.6223 2.91573
225.416 -12.6651 2.91218
225.351 -12.7036 2.91387
225.391 -12.7187 2.91445
225.384 -12.5828 2.91196
225.511 -12.8391 2.91606
225.447 -12.6772 2.91488
225.433 -12.6596 2.91368
225.553 -12.6948 2.91508
225.431 -12.6511 2.91572
225.441 -12.6085 2.9129
225.439 -12.6103 2.91283
225.382 -12.6169 2.91117
225.299 -12.6839 2.91467
225.389 -12.7998 2.91485
225.459 -12.7253 2.91478
225.399 -12.6907 2.91492
225.354 -12.6877 2.91279
225.395 -12.7113 2.91308
225.417 -12.6692 2.91599
225.435 -12.69 2.91463
225.435 -12.5889 2.91344
225.471 -12.7505 2.91681
225.417 -12.7766 2.91635
225.58 -12.6299 2.91441
225.415 -12.6703 2.91227
225.414 -12.6559 2.91623
225.42 -12.6723 2.91565
225.402 -12.6573 2.91341
225.41 -12.7653 2.91475
225.388 -12.6756 2.91221
225.338 -12.6686 2.91498
225.326 -12.7021 2.91103
225.389 -12.6415 2.91268
225.521 -12.7848 2.91519
225.35 -12.6485 2.91127
225.485 -12.6913 2.9155
225.366 -12.7093 2.91449
225.425 -12.6994 2.91344
225.357 -12.7396 2.91173
225.503 -12.6999 2.91402
225.373 -12.6357 2.91255
225.493 -12.6315 2.91333
225.533 -12.718 2.91493
225.375 -12.6507 2.91261
225.43 -12.6744 2.91358
225.419 -12.5915 2.91235
225.462 -12.7363 2.91456
225.481 -12.6766 2.91421
225.406 -12.6657 2.91208
225.388 -12.6807 2.91238
225.385 -12.7224 2.9136
225.468 -12.7022 2.91388
225.421 -12.7673 2.91555
225.526 -12.6779 2.91482
225.362 -12.7005 2.91301
225.398 -12.6976 2.91473
225.449 -12.5911 2.91279
225.436 -12.6069 2.91288
225.319 -12.652 2.91243
225.283 -12.5668 2.91047
225.385 -12.6832 2.91313
225.285 -12.6302 2.91201
225.465 -12.6664 2.91194
225.423 -12.6552 2.91553
225.375 -12.6362 2.91092
225.397 -12.6854 2.91276
225.375 -12.5817 2.91217
225.371 -12.5804 2.91214
225.581 -12.6318 2.91456
225.586 -12.6305 2.91453
225.585 -12.6251 2.91456
225.411 -12.6437 2.91198
225.411 -12.6456 2.91206
225.398 -12.6193 2.912
225.394 -12.6691 2.91208
225.483 -12.6799 2.91391
225.447 -12.6287 2.91607
225.468 -12.6754 2.91371
225.428 -12.7189 2.91406
225.479 -12.6939 2.91583
225.356 -12.6449 2.91172
225.434 -12.7031 2.91593
225.366 -12.7379 2.90992
225.313 -12.7135 2.91244
225.43 -12.6752 2.9139
225.533 -12.6547 2.91625
225.487 -12.6229 2.91336
225.491 -12.6236 2.91346
225.399 -12.7246 2.91325
225.364 -12.6631 2.9127
225.347 -12.6235 2.91178
225.415 -12.717 2.91583
225.42 -12.5865 2.9125
225.401 -12.6778 2.9161
225.52 -12.6243 2.91573
225.36 -12.7685 2.91573
225.351 -12.6847 2.91182
225.442 -12.6651 2.91507
225.466 -12.6834 2.9125
225.355 -12.6734 2.91369
225.461 -12.691 2.91248
225.387 -12.5818 2.91178
225.552 -12.685 2.91271
225.388 -12.6885 2.91311
225.449 -12.6739 2.91481
225.332 -12.6593 2.91267
225.328 -12.7156 2.91145
225.438 -12.6036 2.91307
225.384 -12.611 2.91115
225.378 -12.6174 2.9112
225.456 -12.7578 2.91275
225.333 -12.7024 2.91201
225.4 -12.6491 2.91356
225.397 -12.6861 2.91498
225.402 -12.6731 2.91556
225.386 -12.6593 2.91279
225.376 -12.6321 2.91085
225.329 -12.694 2.91208
225.329 -12.6895 2.91222
225.439 -12.5805 2.91329
225.44 -12.5864 2.91334
225.463 -12.7474 2.91651
225.376 -12.5823 2.9121
225.377 -12.5758 2.91218
225.423 -12.7669 2.91379
225.584 -12.6221 2.91449
225.456 -12.682 2.91665
225.414 -12.6436 2.91191
225.383 -12.6313 2.91323
225.402 -12.6173 2.91195
225.406 -12.6547 2.91347
225.342 -12.6759 2.91521
225.443 -12.6367 2.91594
225.376 -12.6674 2.91299
225.407 -12.727 2.9116
225.462 -12.7303 2.913
225.417 -12.7375 2.91477
225.433 -12.7104 2.91212
225.43 -12.7782 2.91632
225.387 -12.6398 2.91191
225.332 -12.6525 2.91357
225.342 -12.6861 2.91204
225.364 -12.6663 2.91265
225.424 -12.6737 2.91437
225.54 -12.6927 2.91321
225.462 -12.6609 2.91422
225.416 -12.5871 2.91269
225.514 -12.6228 2.91573
225.404 -12.6847 2.91582
225.428 -12.6756 2.91141
225.356 -12.7602 2.91268
225.37 -12.6217 2.91444
225.303 -12.7082 2.91289
225.468 -12.6932 2.91248
225.387 -12.6192 2.91095
225.446 -12.672 2.91496
225.444 -12.5838 2.91293
225.557 -12.6957 2.91512
225.43 -12.6495 2.91606
225.437 -12.603 2.91295
225.425 -12.6634 2.91098
225.996 -15.9529 2.90617
