74.7819 -39.0517 3.75487
74.8049 -38.9995 3.75022
74.8593 -38.9845 3.75251
74.8528 -39.0112 3.749
74.8299 -39.0039 3.75585
74.855 -38.9708 3.75388
74.8651 -39.0313 3.75299
74.8775 -39.017 3.75291
74.8402 -39.0399 3.75449
74.9403 -38.9794 3.75271
74.9092 -39.0113 3.75264
74.8854 -38.9557 3.75506
74.8736 -38.9785 3.75351
74.7747 -38.99 3.75073
74.8306 -39.0086 3.75394
74.8956 -38.9364 3.75466
74.8457 -39.0581 3.75095
74.7886 -39.0479 3.74999
74.8784 -38.9382 3.75552
74.89 -39.0423 3.75427
74.8075 -38.9973 3.75402
74.8277 -38.8965 3.75556
74.785 -38.9699 3.75221
74.8814 -39.044 3.75595
74.8726 -39.0745 3.75743
74.8524 -38.9879 3.7549
74.7983 -38.9583 3.75663
74.8815 -38.9893 3.75612
74.8818 -39.0018 3.75224
74.8015 -39.0689 3.75158
74.8441 -39.0314 3.75413
74.8945 -38.9301 3.75326
74.9126 -38.9404 3.75524
74.9364 -38.8998 3.75182
74.842 -39.0477 3.75397
74.8009 -39.1193 3.75179
74.7951 -38.9973 3.75268
74.8751 -38.9971 3.75586
74.8898 -38.9301 3.75479
74.8767 -39.0006 3.751
74.8634 -39.0226 3.75104
74.8565 -39.056 3.75274
74.879 -39.0286 3.7529
74.8322 -39.0066 3.75345
74.8903 -39.0054 3.75149
74.802 -38.9965 3.75248
74.7982 -38.9566 3.74988
74.8401 -38.921 3.75182
74.9025 -39.0368 3.75059
74.8474 -39.0636 3.75071
74.8203 -39.0169 3.74818
74.9595 -38.9669 3.75253
74.9527 -38.9426 3.75222
74.9499 -38.9576 3.75237
74.8687 -38.9678 3.75411
74.8071 -38.9858 3.75466
74.8535 -38.9799 3.75477
74.8294 -38.9795 3.75542
74.9899 -39.0136 3.75692
74.8331 -38.9511 3.75251
74.8688 -38.9621 3.75546
74.8462 -39.0256 3.75029
74.853 -38.9746 3.75507
74.8304 -39.0986 3.75261
74.8534 -39.0613 3.75361
74.9008 -38.9448 3.75239
74.8123 -38.8435 3.75475
74.7835 -39.0635 3.75343
74.8344 -39.0565 3.75326
74.8918 -39.0048 3.75301
74.8326 -38.9453 3.75553
74.8668 -38.9771 3.75683
74.9029 -39.0279 3.75641
74.8962 -38.9936 3.75608
74.8478 -38.9895 3.75189
74.887 -39.0377 3.75883
74.8845 -38.9959 3.75312
74.9119 -38.9979 3.75653
74.8651 -38.9389 3.75124
74.8552 -39.0119 3.75676
74.9137 -39.0067 3.75381
74.8038 -39.0284 3.75203
74.9174 -38.9214 3.75386
74.789 -38.9744 3.75162
74.8028 -38.9855 3.75454
74.9597 -39.0069 3.75201
74.9085 -38.9978 3.75578
74.9161 -39.0594 3.75117
74.8525 -39.056 3.75143
74.8776 -39.0232 3.75163
74.8488 -38.9798 3.75362
74.8422 -38.9479 3.75317
74.8737 -39.073 3.7524
74.9168 -38.947 3.75067
74.8555 -39.0243 3.75034
74.8435 -39.0143 3.75455
74.8833 -39.0336 3.75341
74.8121 -38.9156 3.75468
74.988 -39.0465 3.75394
74.9124 -38.9572 3.75432
74.9681 -38.9631 3.75533
74.8161 -39.0422 3.75489
74.9198 -39.0458 3.75678
74.8568 -38.8686 3.75271
74.8256 -38.9675 3.75482
74.8856 -38.972 3.752
74.8544 -38.9693 3.75068
74.8626 -38.9822 3.75194
74.8819 -38.962 3.75206
74.8055 -38.9941 3.7512
74.8644 -38.9597 3.75255
74.912 -39.0053 3.75371
74.8308 -39.0979 3.7542
74.8436 -39.0613 3.75494
74.8815 -38.9334 3.75604
74.8045 -39.0408 3.75144
74.9576 -38.8999 3.75316
74.9455 -38.9182 3.75555
74.8271 -38.9844 3.75388
74.8475 -39.091 3.75287
74.8247 -38.978 3.75213
74.9089 -38.9769 3.75385
74.8242 -39.0887 3.75292
74.9128 -39.0257 3.75432
74.8927 -38.9472 3.75234
74.8116 -39.0756 3.75528
74.875 -38.9561 3.75574
74.9078 -38.9084 3.7545
74.8831 -38.9665 3.75332
74.9187 -39.0793 3.75501
74.795 -39.0342 3.75623
74.804 -38.9916 3.75191
74.8324 -38.9242 3.75524
74.8335 -38.9813 3.75606
74.8178 -39.0302 3.75326
74.8167 -38.9947 3.74996
74.8328 -38.96 3.75344
74.8929 -38.9381 3.75481
74.7527 -39.0375 3.75142
74.8883 -39.0141 3.75415
74.8304 -38.9745 3.75394
74.9672 -38.9418 3.75126
74.8665 -38.8853 3.75203
74.8808 -38.9196 3.75179
74.8924 -38.9473 3.75213
74.891 -38.9633 3.75713
74.9111 -39.0497 3.75543
74.8114 -39.0882 3.75305
74.8239 -38.9409 3.75404
74.9175 -38.8843 3.75313
74.8655 -39.0544 3.75308
74.8218 -39.0799 3.75506
74.8663 -38.9097 3.75213
74.8132 -38.9586 3.75574
74.9322 -39.0412 3.75369
74.9174 -38.9298 3.75298
74.9112 -39.0225 3.75047
74.8354 -38.9751 3.75761
74.8469 -38.9963 3.75345
74.8812 -38.8956 3.75124
74.8734 -38.9495 3.75255
74.8808 -38.9105 3.75178
74.7971 -39.059 3.7521
74.9418 -39.0856 3.75168
74.9629 -39.0184 3.75145
74.8373 -38.9968 3.75422
74.8922 -39.0442 3.75144
74.963 -39.0127 3.75273
74.894 -38.9876 3.75207
74.8502 -38.8818 3.75284
74.8165 -38.9736 3.75614
74.7936 -38.9864 3.75448
74.8473 -38.9874 3.75378
74.8035 -39.101 3.75578
74.8848 -39.0053 3.75332
74.884 -38.9747 3.75509
74.8743 -39.0093 3.75329
74.831 -38.9926 3.75809
74.922 -39.0769 3.75443
74.8842 -39.0243 3.75462
74.8367 -38.9844 3.75461
74.8555 -39.0495 3.75425
74.8798 -39.0673 3.75424
74.8341 -38.9633 3.75096
74.8436 -38.9916 3.75079
74.8183 -39.0706 3.75459
74.9084 -39.0739 3.75584
74.8408 -39.0435 3.75509
74.8717 -39.0389 3.75548
74.8975 -38.9807 3.75255
74.8297 -39.0606 3.75315
74.8576 -39.0372 3.75146
74.8688 -39.0318 3.75192
74.8272 -39.0074 3.75477
74.9143 -39.0364 3.75256
74.9234 -39.0122 3.75394
74.9331 -39.0142 3.75244
74.8812 -39.0009 3.75079
74.9006 -39.0312 3.75362
74.8412 -38.9419 3.75023
74.8623 -39.0461 3.75324
74.845 -38.9982 3.75408
74.8789 -38.959 3.7532
74.8721 -39.0588 3.75078
74.826 -38.9404 3.75446
74.9635 -39.0749 3.75314
74.8153 -38.9605 3.74997
74.7856 -38.9686 3.75207
74.8304 -39.0148 3.75061
74.8813 -39.0559 3.75322
74.8709 -39.0244 3.75195
74.7482 -39.0023 3.75259
74.9113 -39.0846 3.75561
74.8452 -38.9774 3.75352
74.8738 -38.9686 3.75419
74.8143 -38.8706 3.75328
74.8652 -38.9344 3.75459
74.819 -38.9924 3.74958
74.8036 -39.0466 3.75437
74.8411 -38.992 3.75192
74.8395 -38.9731 3.75069
74.8833 -38.9479 3.7534
74.8417 -38.9977 3.7499
74.8663 -38.932 3.75341
74.8709 -38.958 3.75023
74.8451 -39.0444 3.75185
74.8532 -39.0524 3.75004
74.8545 -38.9813 3.75159
74.8061 -38.9099 3.75775
74.8596 -38.9807 3.7578
74.7512 -39.0494 3.75183
74.8496 -39.0467 3.75254
74.8217 -39.0581 3.752
74.8727 -38.9452 3.74954
74.8871 -38.9328 3.7555
74.8998 -39.0059 3.75136
74.8935 -38.9987 3.75262
74.8771 -38.9783 3.75271
74.8338 -39.1062 3.75231
74.8653 -38.9426 3.75674
74.8868 -39.0317 3.75429
74.8952 -38.9925 3.75319
74.8521 -39.0252 3.75556
74.8561 -39.0558 3.7564
74.9444 -39.0125 3.7533
74.8841 -38.91 3.75566
74.8367 -39.031 3.75524
74.918 -38.9921 3.75268
74.8269 -39.0422 3.75372
74.8206 -38.9281 3.75513
74.8292 -38.9463 3.75237
74.8324 -39.1008 3.7534
74.8398 -38.9914 3.75366
74.8395 -38.9449 3.75114
74.8266 -39.002 3.75165
74.7973 -38.8792 3.75533
74.8125 -39.003 3.75531
74.758 -38.974 3.75503
74.9424 -38.9603 3.75114
74.8582 -39.0859 3.75333
74.8208 -38.9889 3.75623
74.8273 -38.9251 3.75646
74.8205 -39.0427 3.75325
74.7873 -38.9638 3.75958
74.832 -38.9135 3.75345
74.7601 -38.995 3.75074
74.9126 -39.0529 3.75465
74.835 -39.0791 3.75169
74.8437 -38.9559 3.75506
74.8376 -38.9048 3.75571
74.8048 -38.8933 3.75175
74.8544 -39.0517 3.75096
74.8148 -38.9833 3.75379
74.8442 -39.0257 3.75286
74.8065 -39.0451 3.75348
74.91 -38.9818 3.75322
74.9385 -38.9926 3.75361
74.9047 -38.9306 3.75305
74.8881 -38.9978 3.75443
74.8886 -39.0531 3.74929
74.8293 -39.0093 3.75317
74.8725 -39.0317 3.75176
74.8835 -39.0335 3.75055
74.9331 -38.9631 3.75217
74.8686 -39.0414 3.75392
74.8737 -38.9675 3.751
74.972 -38.9982 3.75524
74.7887 -38.9424 3.7545
74.8142 -38.9699 3.75689
74.8771 -39.0209 3.7542
74.8675 -39.033 3.75255
74.7641 -39.0394 3.75106
74.8736 -39.0396 3.75554
74.8766 -39.0915 3.75498
74.8341 -38.9859 3.7551
74.8149 -38.9686 3.75557
74.9191 -38.9875 3.75531
74.87 -38.952 3.75528
74.9064 -38.9588 3.75425
74.8002 -39.0289 3.75468
74.8806 -39.0242 3.75025
74.8639 -38.9517 3.75535
74.8254 -39.0342 3.75265
74.8835 -39.0438 3.75294
74.8915 -39.0295 3.75439
74.8148 -38.9098 3.75318
74.8656 -38.9748 3.75137
74.8366 -38.9759 3.75127
74.7754 -38.9842 3.75202
74.7857 -39.0149 3.75164
74.8359 -39.0362 3.75264
74.839 -38.9648 3.75305
74.8531 -38.9883 3.75335
74.8426 -39.0453 3.75296
74.8969 -39.0556 3.75472
74.8672 -39.0358 3.75663
74.9247 -38.9957 3.75571
74.8968 -38.9174 3.7561
74.8002 -38.926 3.75547
74.9341 -38.9839 3.75634
74.8739 -38.9928 3.75376
74.8132 -39.0363 3.75244
74.8646 -39.0794 3.75331
74.8302 -38.9826 3.75275
74.899 -39.0853 3.75341
74.8624 -38.9329 3.7556
74.9399 -39.007 3.7544
74.7743 -38.9411 3.75264
74.7841 -38.9949 3.75437
74.8476 -38.963 3.75159
74.8869 -39.0366 3.75319
74.7654 -38.9941 3.75257
74.8352 -38.9597 3.75305
74.8739 -39.0269 3.75183
74.7906 -39.0069 3.74941
74.8642 -39.0426 3.75184
74.7442 -38.9069 3.75144
74.9552 -38.9371 3.75483
75.0203 -39.0007 3.75464
74.9188 -38.9762 3.75342
74.932 -38.9163 3.75093
74.8277 -38.9821 3.75496
74.8131 -39.0545 3.75419
74.7551 -38.9577 3.75409
74.8937 -39.009 3.75274
74.8502 -39.0083 3.75235
74.86 -38.9321 3.75453
74.8228 -39.015 3.74906
74.832 -39.0264 3.74994
74.8856 -39.0705 3.75443
74.7889 -39.0194 3.75232
74.8154 -38.9851 3.75454
74.9353 -38.9023 3.75492
74.922 -38.8775 3.75489
74.7925 -39.021 3.7496
74.7897 -38.9823 3.75227
74.8804 -39.0473 3.75375
74.8402 -38.9807 3.75473
74.7918 -38.9574 3.75424
74.8725 -39.0738 3.75182
74.8447 -39.0232 3.75231
74.8364 -38.9255 3.75619
74.8471 -38.9244 3.75616
74.9607 -39.0749 3.75707
74.9987 -39.0561 3.75455
74.8965 -38.9495 3.75181
74.8313 -38.9448 3.75592
74.8136 -38.9619 3.75616
74.8494 -38.939 3.75345
74.9129 -38.9968 3.75205
74.8951 -38.9346 3.75322
74.8929 -38.9483 3.75345
74.8863 -38.9276 3.75579
74.8783 -38.8844 3.75645
74.868 -39.0414 3.75339
74.8511 -39.0033 3.75216
74.8139 -38.8833 3.75293
74.843 -38.975 3.75526
74.8434 -39.0347 3.75425
74.8999 -38.9194 3.75518
74.8495 -38.9773 3.74942
74.8213 -38.9999 3.75338
74.8193 -39.0003 3.75087
74.8784 -39.0334 3.7538
74.7612 -38.9887 3.75443
74.9728 -38.9117 3.75227
74.8129 -38.9528 3.75361
74.849 -38.9678 3.75271
74.8246 -39.0255 3.75476
74.8979 -38.9384 3.75376
74.8935 -38.9633 3.75626
74.863 -38.9198 3.75367
74.8376 -38.9684 3.75429
74.8142 -39.0965 3.75187
74.7921 -39.0713 3.74942
74.8488 -39.0286 3.7514
74.7949 -38.9416 3.75453
74.9113 -38.9922 3.75381
74.9263 -39.0201 3.75155
74.9131 -38.9342 3.75401
74.8957 -38.939 3.75381
74.7498 -38.8948 3.7504
74.8567 -38.9724 3.75351
74.829 -39.0427 3.75127
74.9312 -38.9157 3.75247
74.8994 -38.9721 3.75377
74.8267 -39.0186 3.75273
74.8792 -38.9855 3.75557
74.8761 -39.0464 3.75293
74.8032 -38.9541 3.74776
74.8883 -39.0237 3.75189
74.851 -39.0318 3.74958
74.9778 -38.9855 3.75278
74.8678 -39.0674 3.75405
74.8845 -38.9574 3.75223
74.9004 -38.9121 3.75215
74.8173 -38.9826 3.75432
74.9127 -39.0002 3.7567
74.8737 -38.9416 3.75634
74.9105 -39.0585 3.75331
74.7978 -39.0595 3.75279
74.9023 -39.0974 3.75241
74.8227 -39.0384 3.75632
74.8246 -38.9773 3.75124
74.8118 -38.9424 3.7541
74.8867 -38.9961 3.75317
74.9007 -38.9857 3.75409
74.9073 -38.927 3.75496
74.8028 -39.0315 3.75205
74.8644 -39.0611 3.75205
74.8808 -38.9893 3.75369
74.8607 -39.036 3.75282
74.929 -39.0293 3.75582
74.8965 -39.0072 3.75205
74.9199 -39.0172 3.75457
74.9108 -38.9259 3.75323
74.8785 -38.9743 3.75249
74.9428 -39.0278 3.75446
74.8965 -39.0155 3.75292
74.8984 -39.0069 3.75852
74.8872 -39.0591 3.75465
74.7944 -39.0285 3.75371
74.9448 -39.0157 3.75557
74.8303 -38.8372 3.75252
74.8093 -38.9006 3.75116
74.8877 -38.9818 3.75461
74.9067 -38.9859 3.75288
74.9022 -39.0279 3.75159
74.8415 -39.0107 3.75249
74.8402 -39.0415 3.75179
74.9128 -39.05 3.75321
74.8653 -39.03 3.75425
74.8688 -38.9397 3.7587
74.8125 -38.9906 3.75707
74.9119 -39.0087 3.75731
74.8443 -39.0266 3.75302
74.9358 -39.0171 3.75194
74.881 -39.0169 3.75317
74.8371 -39.0577 3.75041
74.7926 -39.0587 3.75433
74.8011 -38.9753 3.75279
74.871 -39.0794 3.75172
74.8274 -38.9561 3.75305
74.8673 -38.9341 3.75564
74.8447 -38.9817 3.75379
74.8413 -39.0175 3.75563
74.8016 -38.9008 3.75525
74.9015 -38.9502 3.75437
74.8158 -38.9615 3.75153
74.8154 -38.9955 3.75611
74.8055 -38.9716 3.75564
74.8583 -38.944 3.75571
74.9039 -39.0211 3.75252
74.8552 -38.9822 3.75172
74.7655 -39.0319 3.75178
74.8306 -38.9478 3.7552
74.8834 -38.9841 3.75371
74.7729 -38.9501 3.75663
74.8206 -38.9864 3.75605
74.9468 -38.8936 3.75366
74.7933 -39.0556 3.75203
74.872 -39.0985 3.75244
74.8927 -39.0233 3.7503
74.8437 -38.9753 3.75238
74.8152 -39.0218 3.75222
74.8231 -39.061 3.75409
74.82 -38.9131 3.75426
74.8108 -39.056 3.74973
74.895 -38.9714 3.75575
74.9105 -39.0052 3.75032
74.9035 -38.9739 3.75512
74.8707 -38.9626 3.75576
74.8527 -39.0186 3.75574
74.8274 -39.0461 3.75414
74.8575 -38.9997 3.75506
74.8449 -38.9754 3.75521
74.8433 -38.9689 3.75677
74.9064 -39.0327 3.75576
74.8418 -39.0025 3.75504
75.0885 -35.1197 3.75764
