232.577 -14.3975 2.89144
232.541 -14.3457 2.88972
232.52 -14.4111 2.89073
232.559 -14.4592 2.8893
232.418 -14.3912 2.89249
232.495 -14.4601 2.89181
232.578 -14.4718 2.89205
232.55 -14.412 2.89521
232.534 -14.5197 2.89416
232.481 -14.4779 2.89161
232.522 -14.4958 2.8918
232.516 -14.5021 2.89099
232.45 -14.4587 2.89216
232.563 -14.5132 2.89433
232.572 -14.4068 2.89469
232.566 -14.5066 2.89023
232.547 -14.3308 2.88761
232.501 -14.3643 2.89409
232.538 -14.5122 2.89092
232.478 -14.4979 2.88798
232.499 -14.4287 2.89429
232.586 -14.4832 2.89273
232.517 -14.4816 2.89457
232.452 -14.3659 2.89108
232.675 -14.3577 2.89228
232.419 -14.4479 2.89315
232.625 -14.5059 2.89595
232.543 -14.4789 2.89524
232.377 -14.4019 2.89024
232.525 -14.5721 2.89215
232.583 -14.5244 2.89311
232.479 -14.4794 2.89116
232.449 -14.3712 2.89415
232.504 -14.3646 2.88883
232.604 -14.4348 2.89295
232.467 -14.5251 2.8941
232.514 -14.6351 2.89315
232.488 -14.4466 2.88993
232.586 -14.4315 2.89275
232.568 -14.3575 2.89257
232.509 -14.4927 2.89531
232.6 -14.4327 2.89046
232.568 -14.478 2.89175
232.429 -14.4429 2.88717
232.449 -14.4092 2.88593
232.522 -14.3402 2.8921
232.539 -14.352 2.8934
232.558 -14.539 2.89331
232.61 -14.4893 2.88963
232.544 -14.4433 2.89754
232.608 -14.3433 2.89266
232.548 -14.5446 2.89653
232.499 -14.5287 2.89349
232.547 -14.4672 2.89222
232.4 -14.5245 2.89081
232.495 -14.4625 2.88929
232.417 -14.4831 2.89072
232.469 -14.4349 2.8928
232.487 -14.5062 2.88806
232.512 -14.5223 2.89702
232.519 -14.4263 2.89535
232.469 -14.4946 2.88892
232.499 -14.4425 2.89121
232.522 -14.4309 2.89328
232.544 -14.4736 2.88937
232.517 -14.4698 2.88941
232.399 -14.4595 2.89285
232.448 -14.4702 2.89071
232.461 -14.4922 2.89049
232.461 -14.3519 2.89223
232.47 -14.419 2.89279
232.445 -14.4732 2.89245
232.486 -14.4067 2.89325
232.517 -14.3547 2.89237
232.482 -14.3094 2.88797
232.548 -14.3922 2.89203
232.575 -14.4044 2.89352
232.522 -14.3605 2.891
232.513 -14.3738 2.89067
232.585 -14.4209 2.89226
232.608 -14.3529 2.89215
232.513 -14.5006 2.89334
232.62 -14.3503 2.89492
232.51 -14.5288 2.8917
232.515 -14.4236 2.89412
232.514 -14.3901 2.89291
232.616 -14.3849 2.89301
232.532 -14.47 2.89186
232.655 -14.3673 2.89284
232.603 -14.4512 2.8928
232.568 -14.3806 2.88966
232.446 -14.3368 2.89423
232.511 -14.478 2.88962
232.552 -14.3661 2.89488
232.554 -14.4132 2.89072
232.554 -14.4036 2.88979
232.644 -14.3834 2.89611
232.533 -14.5062 2.89169
232.56 -14.4387 2.89002
232.518 -14.4686 2.89563
232.552 -14.3711 2.89425
232.565 -14.4284 2.89027
232.59 -14.389 2.88885
232.556 -14.4013 2.89443
232.488 -14.463 2.89321
232.483 -14.3202 2.8885
232.483 -14.4601 2.89159
232.513 -14.4382 2.89208
232.525 -14.4356 2.89712
232.489 -14.4323 2.89091
232.618 -14.5131 2.89386
232.539 -14.458 2.89083
232.482 -14.3344 2.89335
232.438 -14.4725 2.88789
232.476 -14.5529 2.8953
232.475 -14.5075 2.89295
232.524 -14.4305 2.89348
232.63 -14.4205 2.89437
232.68 -14.3469 2.89084
232.697 -14.4839 2.89081
232.539 -14.3827 2.89113
232.562 -14.4458 2.89048
232.566 -14.4362 2.89034
232.701 -14.4142 2.89006
232.582 -14.3778 2.89556
232.586 -14.4449 2.8944
232.608 -14.5317 2.89377
232.603 -14.4299 2.89167
232.557 -14.3713 2.89326
232.581 -14.5085 2.89131
232.566 -14.4275 2.89092
232.436 -14.4126 2.89028
232.55 -14.43 2.89455
232.517 -14.5728 2.89098
232.558 -14.461 2.89339
232.503 -14.4706 2.89269
232.416 -14.464 2.89334
232.498 -14.5449 2.89182
232.527 -14.4235 2.89248
232.398 -14.4208 2.88908
232.542 -14.3888 2.89074
232.556 -14.4219 2.88892
232.612 -14.4242 2.88974
232.641 -14.526 2.89246
232.645 -14.4667 2.89451
232.528 -14.4798 2.89062
232.578 -14.5332 2.89481
232.636 -14.529 2.89367
232.581 -14.4101 2.89227
232.579 -14.4241 2.89441
232.543 -14.468 2.8924
232.529 -14.3612 2.89384
232.56 -14.4391 2.89279
232.434 -14.3762 2.89327
232.593 -14.4767 2.89111
232.471 -14.386 2.88739
232.53 -14.483 2.88753
232.527 -14.4614 2.89479
232.506 -14.3182 2.89058
232.549 -14.5466 2.89412
232.493 -14.3708 2.89315
232.568 -14.4637 2.89828
232.463 -14.3823 2.89335
232.568 -14.4384 2.89033
232.637 -14.4645 2.89704
232.57 -14.4518 2.89076
232.606 -14.4672 2.89568
232.487 -14.466 2.89199
232.529 -14.4903 2.89731
232.479 -14.47 2.89422
232.539 -14.5198 2.89198
232.512 -14.5121 2.89068
232.494 -14.4583 2.89379
232.595 -14.4154 2.89345
232.559 -14.3481 2.89034
232.505 -14.5728 2.88808
232.447 -14.4874 2.88914
232.584 -14.528 2.89084
232.426 -14.457 2.8896
232.567 -14.4791 2.89215
232.487 -14.385 2.89015
232.556 -14.4626 2.89414
232.598 -14.4014 2.89669
232.5 -14.5001 2.88974
232.512 -14.5261 2.88871
232.519 -14.4302 2.89191
232.561 -14.4848 2.89211
232.509 -14.4472 2.88867
232.524 -14.5077 2.8953
232.465 -14.4826 2.89207
232.463 -14.4807 2.89209
232.495 -14.4116 2.88992
232.567 -14.458 2.89447
232.56 -14.4377 2.89162
232.553 -14.3924 2.89272
232.604 -14.3471 2.88749
232.567 -14.4728 2.8929
232.431 -14.4161 2.89075
232.372 -14.3794 2.89067
232.555 -14.5264 2.89083
232.524 -14.4956 2.89214
232.386 -14.3495 2.89338
232.493 -14.4375 2.89219
232.446 -14.4392 2.89543
232.674 -14.498 2.89483
232.604 -14.3082 2.89278
232.528 -14.3468 2.89481
232.449 -14.5468 2.89461
232.586 -14.4378 2.89324
232.497 -14.3785 2.89025
232.497 -14.4512 2.89047
232.578 -14.3172 2.89415
232.538 -14.4152 2.89174
232.497 -14.5222 2.89408
232.608 -14.3667 2.89077
232.558 -14.5592 2.89093
232.568 -14.3788 2.89298
232.558 -14.5101 2.89581
232.614 -14.277 2.89238
232.618 -14.5591 2.89281
232.528 -14.3838 2.88875
232.565 -14.4556 2.88867
232.531 -14.4872 2.8918
232.538 -14.3635 2.89095
232.482 -14.3466 2.89252
232.529 -14.4519 2.89093
232.603 -14.4038 2.8917
232.592 -14.4954 2.89279
232.636 -14.4642 2.89206
232.455 -14.5661 2.8879
232.43 -14.4483 2.8894
232.621 -14.4516 2.89309
232.489 -14.3741 2.89501
232.57 -14.5573 2.89398
232.497 -14.517 2.89149
232.46 -14.4451 2.89294
232.525 -14.511 2.89204
232.387 -14.4817 2.89036
232.64 -14.3947 2.88999
232.553 -14.4392 2.8902
232.43 -14.4279 2.89204
232.389 -14.4861 2.88983
232.566 -14.5149 2.89423
232.545 -14.5727 2.88742
232.568 -14.3042 2.89191
232.437 -14.4576 2.89383
232.509 -14.4676 2.8933
232.518 -14.4513 2.89418
232.363 -14.4382 2.89219
232.542 -14.3853 2.89011
232.592 -14.4811 2.89375
232.555 -14.5358 2.89361
232.669 -14.4133 2.89383
232.438 -14.3646 2.89303
232.591 -14.4315 2.89113
232.504 -14.2864 2.8913
232.439 -14.3646 2.89413
232.503 -14.4056 2.89348
232.526 -14.4724 2.89055
232.473 -14.4799 2.89243
232.528 -14.3903 2.89509
232.585 -14.4445 2.88973
232.557 -14.5418 2.89143
232.536 -14.4749 2.89028
232.49 -14.4706 2.89039
232.522 -14.3382 2.89111
232.499 -14.3446 2.89176
232.502 -14.393 2.89608
232.558 -14.3552 2.89452
232.632 -14.3806 2.89135
232.534 -14.4685 2.89243
232.508 -14.5423 2.88908
232.514 -14.4757 2.89424
232.604 -14.4393 2.89622
232.508 -14.421 2.88953
232.511 -14.3959 2.89
232.45 -14.4406 2.88939
232.544 -14.5283 2.89283
232.5 -14.5547 2.88749
232.482 -14.4835 2.8872
232.611 -14.4052 2.88882
232.519 -14.3903 2.89367
232.554 -14.4787 2.89223
232.649 -14.3824 2.89276
232.496 -14.4725 2.89377
232.514 -14.3589 2.89097
232.495 -14.4017 2.8911
232.588 -14.3448 2.89097
232.565 -14.41 2.89662
232.492 -14.3365 2.89113
232.625 -14.4608 2.89063
232.583 -14.4851 2.89466
232.519 -14.5756 2.89489
232.551 -14.3594 2.89008
232.567 -14.4932 2.8891
232.603 -14.4448 2.89487
232.607 -14.3705 2.89423
232.556 -14.4963 2.89319
232.441 -14.3888 2.8885
232.542 -14.3372 2.88933
232.479 -14.4743 2.89062
232.653 -14.4882 2.89072
232.466 -14.4832 2.88817
232.45 -14.5202 2.88694
232.686 -14.5484 2.89194
232.633 -14.4286 2.89083
232.576 -14.4262 2.89278
232.402 -14.4859 2.89129
232.48 -14.5013 2.89061
232.468 -14.4685 2.89109
232.505 -14.38 2.89339
232.503 -14.4515 2.89329
232.521 -14.443 2.89052
232.502 -14.4733 2.88748
232.527 -14.4958 2.88897
232.561 -14.4738 2.89754
232.44 -14.4212 2.89501
232.604 -14.4459 2.89617
232.587 -14.4919 2.8934
232.539 -14.4501 2.89322
232.429 -14.5151 2.8915
232.553 -14.5106 2.89127
232.548 -14.3678 2.89331
232.544 -14.4237 2.88994
232.42 -14.3858 2.89215
232.72 -14.4846 2.88968
232.538 -14.3943 2.89093
232.552 -14.3624 2.89141
232.525 -14.5556 2.89133
232.496 -14.5371 2.89296
232.651 -14.4958 2.8921
232.455 -14.4482 2.89611
232.543 -14.3692 2.89218
232.544 -14.3427 2.89119
232.47 -14.3763 2.89294
232.451 -14.4889 2.89296
232.508 -14.4306 2.89577
232.513 -14.4307 2.89168
232.477 -14.4123 2.88976
232.549 -14.4562 2.89477
232.53 -14.4531 2.89581
232.57 -14.4444 2.89067
232.547 -14.4526 2.89327
232.39 -14.436 2.89114
232.516 -14.4141 2.892
232.466 -14.4505 2.89096
232.418 -14.3951 2.89273
232.423 -14.4406 2.89274
232.613 -14.4776 2.89534
232.467 -14.6054 2.89538
232.663 -14.4036 2.8937
232.651 -14.3268 2.89165
232.533 -14.5988 2.89339
232.565 -14.4482 2.89278
232.594 -14.4414 2.8934
232.512 -14.4947 2.89092
232.503 -14.4937 2.89117
232.523 -14.4459 2.89023
232.607 -14.3918 2.88972
232.558 -14.3302 2.89595
232.512 -14.4733 2.89103
232.561 -14.4667 2.89371
232.449 -14.4782 2.89385
232.689 -14.4295 2.8948
232.544 -14.3724 2.88796
232.543 -14.4113 2.89342
232.448 -14.4192 2.89366
232.541 -14.342 2.89213
232.437 -14.4236 2.89221
232.457 -14.4318 2.89352
232.537 -14.4244 2.89381
232.413 -14.5926 2.8906
232.513 -14.5079 2.89361
232.454 -14.3256 2.89331
232.574 -14.4981 2.8934
232.649 -14.4227 2.89345
232.469 -14.373 2.88986
232.523 -14.5162 2.8899
232.402 -14.4424 2.89059
232.661 -14.4414 2.89543
232.655 -14.4691 2.89717
232.539 -14.4208 2.89294
232.558 -14.3698 2.89125
232.533 -14.4469 2.89207
232.577 -14.4393 2.89365
232.365 -14.4395 2.89066
232.498 -14.4073 2.89343
232.587 -14.3591 2.89342
232.527 -14.4908 2.88818
232.687 -14.582 2.89407
232.408 -14.448 2.89338
232.506 -14.4055 2.89101
232.471 -14.4672 2.89326
232.492 -14.3493 2.89234
232.594 -14.5142 2.89191
232.609 -14.4851 2.89441
232.619 -14.4634 2.89178
232.437 -14.531 2.89248
232.608 -14.4568 2.89389
232.593 -14.5048 2.89051
232.526 -14.3703 2.89031
232.63 -14.3721 2.89128
232.513 -14.3752 2.89343
232.467 -14.391 2.89339
232.516 -14.4762 2.88978
232.504 -14.4273 2.8892
232.485 -14.4603 2.89093
232.494 -14.4273 2.89228
232.443 -14.5439 2.88882
232.442 -14.5011 2.89017
232.54 -14.5001 2.89209
232.438 -14.5326 2.89344
232.557 -14.3339 2.89198
232.572 -14.4011 2.88913
232.648 -14.4256 2.8897
232.538 -14.4227 2.89489
232.463 -14.4778 2.8888
232.42 -14.4186 2.89085
232.411 -14.4763 2.89454
232.541 -14.4608 2.89324
232.511 -14.3937 2.88824
232.535 -14.5098 2.88717
232.533 -14.4809 2.89053
232.474 -14.4879 2.88822
232.503 -14.469 2.89091
232.446 -14.3953 2.89357
232.499 -14.4009 2.8917
232.577 -14.4399 2.89279
232.59 -14.5679 2.89252
232.649 -14.4607 2.89447
232.524 -14.5311 2.88963
232.535 -14.4808 2.893
232.533 -14.469 2.88833
232.462 -14.4265 2.89265
232.631 -14.3571 2.88926
232.561 -14.4174 2.89348
232.613 -14.4528 2.89235
232.574 -14.476 2.8924
232.5 -14.3639 2.88928
232.469 -14.4666 2.88947
232.548 -14.4705 2.8933
232.567 -14.52 2.89277
232.579 -14.5087 2.89413
232.54 -14.4582 2.89293
232.527 -14.4005 2.89278
232.585 -14.5021 2.89103
232.512 -14.3343 2.89327
232.488 -14.5147 2.89243
232.564 -14.4773 2.89066
232.537 -14.4246 2.89402
232.553 -14.4881 2.89231
232.575 -14.497 2.89141
232.54 -14.4979 2.89236
232.645 -14.4802 2.89136
232.472 -14.5383 2.89103
232.536 -14.4494 2.89306
232.581 -14.4712 2.89607
232.505 -14.4005 2.89202
232.63 -14.4107 2.88833
232.429 -14.4632 2.88922
232.53 -14.4624 2.89502
232.712 -14.4049 2.89112
232.595 -14.4038 2.89264
232.542 -14.4291 2.89197
232.618 -14.4914 2.89218
232.594 -14.3627 2.89095
232.564 -14.4059 2.89089
232.519 -14.5127 2.89002
232.562 -14.4924 2.89384
232.528 -14.3689 2.89323
232.456 -14.3948 2.89444
232.592 -14.4699 2.8958
232.522 -14.4781 2.89115
232.475 -14.4461 2.89287
232.523 -14.4971 2.89171
232.585 -14.5321 2.89151
232.481 -14.3822 2.8962
232.535 -14.4831 2.89744
232.55 -14.4612 2.88981
232.521 -14.4664 2.89301
232.528 -14.3858 2.88922
232.566 -14.387 2.89463
232.456 -14.4793 2.89102
232.414 -14.5129 2.89057
232.502 -14.5656 2.89502
232.548 -14.4285 2.88987
232.531 -14.3861 2.89781
232.473 -14.3295 2.89198
232.518 -14.5068 2.88779
232.547 -14.4324 2.89244
232.524 -14.3959 2.89064
232.596 -14.3401 2.89453
232.528 -14.4802 2.89094
232.544 -14.5272 2.89157
232.508 -14.3592 2.89117
232.553 -14.4806 2.89412
232.567 -14.4113 2.89393
232.542 -14.5226 2.88961
232.565 -14.5946 2.89019
232.841 -17.8674 2.88046
