107.79 -24.4894 3.42958
107.847 -24.4723 3.42436
107.7 -24.5309 3.42581
107.754 -24.5769 3.42781
107.822 -24.6331 3.42745
107.777 -24.5267 3.42955
107.73 -24.5579 3.42769
107.764 -24.5364 3.42939
107.907 -24.5337 3.43044
107.806 -24.5231 3.42869
107.796 -24.5217 3.42846
107.769 -24.5296 3.42737
107.771 -24.5837 3.43087
107.839 -24.5264 3.4292
107.844 -24.5228 3.4292
107.78 -24.4822 3.42761
107.751 -24.5417 3.42868
107.834 -24.5078 3.43073
107.757 -24.6822 3.42755
107.857 -24.5557 3.43029
107.73 -24.6321 3.42444
107.801 -24.4854 3.42549
107.687 -24.5348 3.42957
107.833 -24.3995 3.42839
107.774 -24.4621 3.42753
107.834 -24.4892 3.42793
107.816 -24.5608 3.42839
107.768 -24.5936 3.42812
107.769 -24.5943 3.42813
107.771 -24.5894 3.42805
107.783 -24.6433 3.42436
107.735 -24.623 3.42952
107.788 -24.5022 3.42888
107.876 -24.4681 3.42621
107.872 -24.467 3.42631
107.748 -24.5606 3.42481
107.825 -24.49 3.43043
107.812 -24.6716 3.42979
107.817 -24.5523 3.4271
107.861 -24.5587 3.42655
107.862 -24.5602 3.42659
107.824 -24.5608 3.42984
107.87 -24.5323 3.42882
107.792 -24.5007 3.42615
107.791 -24.4966 3.42631
107.923 -24.4235 3.42915
107.882 -24.5037 3.43051
107.797 -24.4882 3.43061
107.79 -24.4922 3.43059
107.769 -24.6062 3.43269
107.746 -24.583 3.4255
107.834 -24.4856 3.42412
107.755 -24.5077 3.43226
107.853 -24.5657 3.42936
107.83 -24.6546 3.43118
107.811 -24.5845 3.42679
107.864 -24.638 3.43043
107.841 -24.5541 3.42677
107.78 -24.5302 3.43006
108.025 -24.4743 3.42845
107.806 -24.5766 3.42889
107.838 -24.5717 3.42852
107.822 -24.6176 3.42631
107.846 -24.7112 3.42763
107.818 -24.5824 3.42981
107.831 -24.4912 3.43098
107.804 -24.4756 3.4256
107.796 -24.4728 3.42572
107.724 -24.4253 3.42762
107.789 -24.5181 3.42707
107.785 -24.5116 3.42697
107.786 -24.5558 3.42659
107.894 -24.4726 3.43028
107.899 -24.4752 3.4305
107.891 -24.4719 3.43039
107.869 -24.6543 3.42553
107.835 -24.5887 3.43164
107.805 -24.4971 3.42776
107.727 -24.5525 3.43154
107.755 -24.5376 3.42921
107.791 -24.6077 3.42904
107.791 -24.6113 3.42906
107.808 -24.5006 3.43159
107.803 -24.5006 3.43147
107.751 -24.5894 3.43168
107.789 -24.6554 3.42846
107.796 -24.6516 3.42829
107.8 -24.5501 3.4251
107.803 -24.5477 3.42489
107.806 -24.5522 3.42479
107.802 -24.5546 3.42481
107.837 -24.489 3.43117
107.825 -24.4901 3.43094
107.756 -24.4033 3.42866
107.759 -24.4032 3.4284
107.668 -24.607 3.42986
107.785 -24.512 3.43405
107.792 -24.6475 3.42986
107.719 -24.5589 3.43061
107.724 -24.565 3.42633
107.773 -24.5205 3.42532
107.768 -24.5229 3.42534
107.895 -24.4299 3.42975
107.841 -24.6063 3.42698
107.849 -24.6936 3.42917
107.781 -24.5581 3.4261
107.781 -24.5632 3.42595
107.729 -24.5766 3.42934
107.718 -24.6086 3.43058
107.744 -24.554 3.42856
107.743 -24.5506 3.42829
107.736 -24.5399 3.42975
107.736 -24.5437 3.42768
107.845 -24.4869 3.42999
107.904 -24.6049 3.42851
107.905 -24.5946 3.42858
107.906 -24.6004 3.42865
107.768 -24.5736 3.42746
107.785 -24.5383 3.42743
107.809 -24.5888 3.42567
107.791 -24.5598 3.43081
107.753 -24.4638 3.42769
107.752 -24.5196 3.42889
107.805 -24.5456 3.43033
107.798 -24.5525 3.43016
107.8 -24.5102 3.42799
107.873 -24.6825 3.42906
107.86 -24.5373 3.42695
107.86 -24.5374 3.42705
107.799 -24.5497 3.42692
107.808 -24.5517 3.42706
107.81 -24.5458 3.42701
107.763 -24.5438 3.42476
107.768 -24.5462 3.42449
107.791 -24.5623 3.42599
107.784 -24.5562 3.4258
107.791 -24.5609 3.42594
107.787 -24.5574 3.42586
107.84 -24.4978 3.42898
107.848 -24.4989 3.42919
107.829 -24.476 3.42741
107.833 -24.4775 3.42737
107.824 -24.4809 3.42773
107.757 -24.568 3.42828
107.769 -24.5206 3.42448
107.771 -24.6143 3.43007
107.782 -24.554 3.42647
107.819 -24.6159 3.4301
107.801 -24.5929 3.42348
107.856 -24.5432 3.42761
107.842 -24.478 3.4292
107.837 -24.4799 3.42908
107.89 -24.4415 3.424
107.815 -24.4944 3.426
107.822 -24.4959 3.42621
107.865 -24.3944 3.42981
107.874 -24.5857 3.42799
107.83 -24.4335 3.43103
107.801 -24.6109 3.42493
107.805 -24.5528 3.42982
107.883 -24.5585 3.43007
107.76 -24.6168 3.42976
107.726 -24.6612 3.42751
107.774 -24.5953 3.43019
107.768 -24.5917 3.42546
107.935 -24.4225 3.43059
107.839 -24.529 3.43138
107.771 -24.5373 3.43395
107.775 -24.53 3.42889
107.791 -24.5925 3.42656
107.787 -24.593 3.42636
107.838 -24.6347 3.42813
107.834 -24.6428 3.42793
107.826 -24.5771 3.43108
107.858 -24.5617 3.42688
107.769 -24.4941 3.42554
107.796 -24.5745 3.43316
107.83 -24.6334 3.43285
107.826 -24.6366 3.43278
107.88 -24.5594 3.42653
107.878 -24.5543 3.42661
107.772 -24.5067 3.43018
107.825 -24.5256 3.42946
107.921 -24.4974 3.43013
107.757 -24.5132 3.42902
107.797 -24.4341 3.4294
107.877 -24.5147 3.42569
107.774 -24.4974 3.42569
107.813 -24.4701 3.43275
107.819 -24.4626 3.43286
107.721 -24.7226 3.42387
107.806 -24.5671 3.42755
107.886 -24.6098 3.4288
107.683 -24.6667 3.42467
107.776 -24.5738 3.42507
107.774 -24.5748 3.425
107.779 -24.5728 3.42496
107.824 -24.5438 3.42903
107.836 -24.6848 3.42916
107.818 -24.449 3.43009
107.824 -24.448 3.43015
107.821 -24.4506 3.42994
107.837 -24.4616 3.42651
107.839 -24.4676 3.42674
107.753 -24.5979 3.43338
107.898 -24.5073 3.42591
107.719 -24.5653 3.42214
107.831 -24.5883 3.42439
107.778 -24.5336 3.4268
107.764 -24.5947 3.42841
107.714 -24.4927 3.42608
107.771 -24.5888 3.42896
107.721 -24.6553 3.4309
107.828 -24.7046 3.4281
107.719 -24.5758 3.42786
107.901 -24.4419 3.42877
107.765 -24.5211 3.42614
107.817 -24.6207 3.43225
107.739 -24.6298 3.43082
107.821 -24.4832 3.42566
107.766 -24.52 3.42743
107.811 -24.5561 3.43025
107.813 -24.55 3.4301
107.793 -24.4761 3.42803
107.753 -24.5234 3.42742
107.887 -24.5121 3.42529
107.894 -24.6534 3.43052
107.754 -24.506 3.42959
107.843 -24.6518 3.42764
107.843 -24.6523 3.42765
107.907 -24.4618 3.42762
107.908 -24.4576 3.42738
107.908 -24.4664 3.42759
107.818 -24.3818 3.42757
107.776 -24.5256 3.42896
107.767 -24.5447 3.42871
107.871 -24.5484 3.42706
107.891 -24.4677 3.42619
107.764 -24.4941 3.42723
107.815 -24.5547 3.42925
107.8 -24.5343 3.42792
107.802 -24.5334 3.42799
107.926 -24.632 3.42991
107.928 -24.6303 3.42999
107.927 -24.6266 3.42998
107.928 -24.6229 3.42987
107.75 -24.5377 3.42382
107.755 -24.5429 3.42386
107.814 -24.4606 3.42909
107.809 -24.4579 3.4292
107.829 -24.5333 3.42705
107.791 -24.5879 3.42871
107.799 -24.5882 3.429
107.842 -24.4959 3.42773
107.843 -24.4944 3.42761
107.678 -24.6099 3.43153
107.734 -24.6333 3.42645
107.78 -24.5423 3.43074
107.779 -24.5453 3.43092
107.837 -24.5448 3.42745
107.847 -24.5143 3.42835
107.85 -24.5157 3.42815
107.756 -24.537 3.4283
107.751 -24.5198 3.43086
107.811 -24.522 3.42544
107.904 -24.4104 3.42824
107.732 -24.5158 3.42518
107.865 -24.5157 3.42254
107.865 -24.6134 3.42099
107.803 -24.4501 3.42774
107.796 -24.4684 3.42686
107.795 -24.4652 3.42677
107.807 -24.5634 3.42834
107.794 -24.552 3.43027
107.748 -24.6841 3.43196
107.769 -24.5894 3.42971
107.816 -24.5245 3.43518
107.77 -24.5387 3.42596
107.758 -24.5572 3.42623
107.752 -24.55 3.4262
107.823 -24.5364 3.42984
107.757 -24.5775 3.43131
107.746 -24.5313 3.42761
107.787 -24.515 3.42687
107.781 -24.5197 3.42693
107.759 -24.525 3.42661
107.848 -24.5181 3.42524
107.837 -24.5443 3.42449
107.838 -24.5479 3.42474
107.818 -24.662 3.43088
107.788 -24.4919 3.43017
107.806 -24.5647 3.4305
107.841 -24.5452 3.42838
107.836 -24.5426 3.42847
107.843 -24.5462 3.42858
107.742 -24.5495 3.43017
107.778 -24.5686 3.42473
107.785 -24.5523 3.42775
107.733 -24.6453 3.42272
107.74 -24.6502 3.42263
107.86 -24.4848 3.42431
107.859 -24.4875 3.42438
107.84 -24.533 3.42774
107.809 -24.5231 3.42737
107.78 -24.6712 3.43153
107.825 -24.6179 3.42906
107.799 -24.5145 3.42522
107.692 -24.5972 3.42869
107.812 -24.5889 3.42833
107.813 -24.4721 3.4283
107.788 -24.51 3.42606
107.798 -24.5617 3.42884
107.758 -24.6232 3.42658
107.802 -24.5433 3.4291
107.806 -24.5398 3.42909
107.81 -24.5412 3.42877
107.769 -24.5475 3.42783
107.862 -24.5122 3.42818
107.785 -24.4972 3.42979
107.856 -24.4707 3.42443
107.705 -24.526 3.42611
107.82 -24.6314 3.42741
107.787 -24.5349 3.43303
107.767 -24.5227 3.42968
107.811 -24.5267 3.43285
107.763 -24.5341 3.42927
107.777 -24.5108 3.42914
107.755 -24.4691 3.42713
107.795 -24.5532 3.43176
107.863 -24.4371 3.43224
107.838 -24.5268 3.42935
107.778 -24.4831 3.4277
107.721 -24.6521 3.42691
107.753 -24.543 3.42857
107.753 -24.5396 3.42846
107.852 -24.4562 3.43028
107.85 -24.4606 3.43033
107.838 -24.5136 3.43067
107.787 -24.5855 3.43197
107.819 -24.5059 3.42979
107.858 -24.5504 3.43046
107.805 -24.4942 3.42549
107.722 -24.4262 3.4343
107.686 -24.5217 3.42951
107.777 -24.4965 3.42725
107.774 -24.4581 3.4275
107.839 -24.4906 3.42809
107.834 -24.4893 3.42811
107.991 -24.5856 3.42938
107.775 -24.5942 3.42792
107.77 -24.5932 3.4281
107.856 -24.4329 3.4256
107.74 -24.6345 3.42582
107.785 -24.4989 3.42881
107.82 -24.441 3.42665
107.746 -24.5635 3.42479
107.849 -24.5496 3.4272
107.824 -24.4815 3.43068
107.813 -24.5494 3.42718
107.854 -24.4594 3.43065
107.829 -24.5605 3.43001
107.832 -24.5506 3.42985
107.736 -24.6275 3.42806
107.798 -24.4595 3.42691
107.761 -24.4661 3.43331
107.788 -24.5451 3.43197
107.791 -24.4884 3.43076
107.733 -24.5676 3.4276
107.747 -24.5797 3.42542
107.837 -24.4981 3.43578
107.845 -24.5606 3.42924
107.845 -24.5655 3.42938
107.786 -24.5529 3.4286
107.81 -24.5813 3.42673
107.807 -24.5784 3.42666
107.816 -24.7099 3.42937
107.779 -24.5297 3.42982
107.661 -24.5854 3.42507
108.025 -24.4793 3.42849
107.738 -24.5668 3.42997
107.804 -24.5789 3.42884
107.841 -24.5768 3.42857
107.835 -24.5746 3.4286
107.818 -24.6155 3.42649
107.848 -24.7083 3.42748
107.82 -24.5857 3.42999
107.83 -24.4951 3.43067
107.801 -24.4768 3.42574
107.789 -24.5526 3.42658
107.753 -24.578 3.42806
107.896 -24.4775 3.43051
107.772 -24.5657 3.43085
107.868 -24.6524 3.42553
107.832 -24.5862 3.43166
107.727 -24.5716 3.42383
107.749 -24.6245 3.4299
107.791 -24.6082 3.42895
107.79 -24.6095 3.42896
107.837 -24.6197 3.42803
107.785 -24.5372 3.42784
107.788 -24.6578 3.42832
107.817 -24.5448 3.4259
107.832 -24.4849 3.43121
107.855 -24.5762 3.42858
107.761 -24.4009 3.42888
107.772 -24.4801 3.42643
107.773 -24.5629 3.42989
107.722 -24.651 3.42419
107.789 -24.6466 3.42972
107.726 -24.4812 3.42582
107.77 -24.528 3.42526
107.874 -24.3662 3.42875
107.843 -24.4967 3.43289
107.846 -24.4951 3.43257
107.844 -24.4944 3.43269
107.842 -24.5963 3.42699
107.854 -24.6942 3.42875
107.784 -24.4887 3.43376
107.816 -24.493 3.43217
107.779 -24.5575 3.42586
107.741 -24.5506 3.42814
107.746 -24.5356 3.42978
107.838 -24.4864 3.43011
107.841 -24.4826 3.42999
107.82 -24.5569 3.43203
107.818 -24.5523 3.43218
107.855 -24.6058 3.43365
107.844 -24.5714 3.42941
107.791 -24.5439 3.42765
107.813 -24.5527 3.42889
107.786 -24.4811 3.42671
107.805 -24.5226 3.43045
107.753 -24.4659 3.42771
107.751 -24.4618 3.4275
107.723 -24.5023 3.42992
107.799 -24.5137 3.42806
107.823 -24.5035 3.42888
107.742 -24.5433 3.42984
107.858 -24.5423 3.42701
107.802 -24.543 3.42691
107.767 -24.5411 3.42456
107.837 -24.4583 3.42635
107.786 -24.5548 3.42587
107.844 -24.4973 3.42918
107.781 -24.4401 3.42849
107.773 -24.5543 3.42927
107.782 -24.5015 3.43061
107.771 -24.522 3.42457
107.778 -24.6118 3.42992
107.784 -24.5639 3.42629
107.778 -24.5578 3.4265
107.797 -24.5902 3.42374
107.803 -24.592 3.42366
107.752 -24.5745 3.43174
107.751 -24.5781 3.43184
107.837 -24.4755 3.42939
107.8 -24.6033 3.42895
107.888 -24.4411 3.42399
107.882 -24.4432 3.42422
107.772 -24.5188 3.42843
107.873 -24.5819 3.42812
107.829 -24.4294 3.43103
107.83 -24.4272 3.43092
107.794 -24.6066 3.42488
107.801 -24.5531 3.42995
107.768 -24.5288 3.42703
107.881 -24.5619 3.43008
107.882 -24.5596 3.4299
107.831 -24.46 3.42999
107.776 -24.5969 3.43026
107.737 -24.6273 3.42759
107.742 -24.6223 3.4277
107.737 -24.5991 3.42837
107.933 -24.4213 3.43058
107.834 -24.5248 3.43139
107.835 -24.532 3.4313
107.775 -24.5329 3.43399
107.767 -24.5205 3.42879
107.793 -24.5912 3.42646
107.841 -24.6366 3.4282
107.831 -24.5749 3.43108
107.831 -24.5782 3.43095
107.72 -24.5291 3.42726
107.763 -24.483 3.42575
107.763 -24.5305 3.43173
107.816 -24.4931 3.42653
107.816 -24.4896 3.42656
107.824 -24.633 3.43296
107.881 -24.5548 3.42698
107.881 -24.4438 3.42689
107.883 -24.439 3.42671
107.83 -24.5284 3.42956
107.768 -24.5313 3.42863
107.925 -24.5012 3.43014
107.918 -24.4955 3.43015
107.929 -24.4954 3.4301
107.923 -24.4978 3.43013
107.923 -24.4976 3.43026
107.796 -24.4371 3.42965
108.652 -27.3661 3.42588
