-37.1536 -69.6756 1.92544
-37.0109 -69.7287 1.92584
-37.0415 -69.6005 1.92576
-37.1616 -69.7619 1.926
-37.1632 -69.7548 1.92589
-37.1378 -69.8365 1.92505
-37.1693 -69.5941 1.9213
-37.0958 -69.7059 1.925
-37.0069 -69.679 1.92574
-37.0074 -69.6785 1.92568
-37.0347 -69.686 1.92805
-37.1367 -69.6834 1.92732
-37.0957 -69.6586 1.92687
-37.1648 -69.5648 1.9238
-36.9658 -69.6437 1.9275
-37.1616 -69.7461 1.92483
-37.1141 -69.7236 1.92759
-37.1627 -69.6187 1.92665
-37.139 -69.598 1.92433
-37.0836 -69.7898 1.92963
-37.0054 -69.6785 1.92528
-36.9535 -69.6643 1.92839
-36.9587 -69.6611 1.92845
-37.1532 -69.7345 1.9285
-37.1452 -69.6844 1.9236
-37.2255 -69.6261 1.92703
-37.138 -69.7585 1.93027
-37.2046 -69.5967 1.92542
-37.1721 -69.7108 1.92739
-37.1898 -69.7222 1.92759
-37.139 -69.7814 1.92603
-37.229 -69.7172 1.92797
-37.0391 -69.6552 1.92308
-37.0995 -69.7383 1.92507
-37.1377 -69.7409 1.92639
-37.0443 -69.6991 1.92858
-36.9615 -69.5838 1.92596
-36.9666 -69.5845 1.92592
-37.1373 -69.7216 1.92899
-37.1793 -69.7396 1.92637
-37.0223 -69.6814 1.92889
-37.0175 -69.6801 1.92878
-36.9961 -69.7002 1.92631
-37.0743 -69.6363 1.92879
-37.08 -69.7378 1.92613
-37.1192 -69.739 1.92642
-37.0424 -69.6715 1.93107
-37.0377 -69.6677 1.93128
-37.0676 -69.6744 1.92521
-37.0447 -69.7072 1.92599
-37.0693 -69.7609 1.9289
-37.1965 -69.6463 1.92734
-37.0914 -69.8348 1.92367
-37.1781 -69.7016 1.92896
-37.0819 -69.6071 1.92647
-36.9908 -69.7563 1.93042
-37.0597 -69.7253 1.93149
-37.1787 -69.7835 1.92826
-37.0751 -69.6674 1.9243
-37.0298 -69.6517 1.92531
-37.0843 -69.6506 1.92652
-37.2519 -69.6831 1.92478
-37.2041 -69.7845 1.92507
-37.1483 -69.7348 1.92537
-37.1527 -69.7141 1.92723
-37.0608 -69.772 1.92906
-37.059 -69.6025 1.92694
-37.1818 -69.676 1.92378
-37.1274 -69.6203 1.92766
-37.0502 -69.6074 1.92377
-37.0542 -69.6734 1.92637
-37.1059 -69.7528 1.92503
-37.061 -69.6307 1.92338
-36.999 -69.6738 1.92719
-37.1227 -69.7328 1.93018
-37.03 -69.642 1.92849
-37.0833 -69.6585 1.9238
-37.222 -69.5658 1.92433
-37.2171 -69.8284 1.92892
-37.1319 -69.7188 1.92771
-37.0845 -69.7371 1.92506
-37.1317 -69.7734 1.92732
-37.0709 -69.7149 1.9274
-37.0019 -69.6153 1.92736
-37.0888 -69.6478 1.92544
-37.0892 -69.6937 1.92769
-37.123 -69.7368 1.9232
-37.0616 -69.6582 1.92729
-37.1529 -69.7513 1.92773
-37.1017 -69.7347 1.92305
-37.0365 -69.7073 1.92868
-37.0073 -69.7237 1.92945
-36.9485 -69.6984 1.93023
-37.0851 -69.7147 1.92684
-37.0613 -69.7935 1.92733
-37.1667 -69.7041 1.92482
-37.1374 -69.5684 1.92627
-37.0146 -69.7402 1.92982
-37.0794 -69.7049 1.92345
-37.0626 -69.6529 1.92714
-37.0605 -69.6507 1.927
-37.0618 -69.6558 1.92704
-37.0393 -69.5991 1.92571
-37.0356 -69.6 1.92579
-37.0774 -69.6393 1.92511
-37.1456 -69.8021 1.92571
-37.1525 -69.6995 1.92426
-37.0059 -69.6792 1.92579
-37.0556 -69.7072 1.92721
-37.1135 -69.7507 1.93048
-37.1336 -69.6833 1.92745
-37.0863 -69.653 1.92687
-37.0912 -69.7167 1.92995
-37.1981 -69.524 1.92402
-37.1286 -69.7488 1.9268
-37.0818 -69.6598 1.92486
-37.1227 -69.8198 1.92841
-37.1447 -69.7803 1.92513
-37.1344 -69.5932 1.9246
-37.0916 -69.716 1.92974
-37.0019 -69.6773 1.92564
-37.0906 -69.6647 1.92479
-36.9623 -69.6597 1.9283
-37.1578 -69.6435 1.92648
-37.1477 -69.681 1.92371
-37.0917 -69.6474 1.92422
-37.0517 -69.7823 1.92662
-37.224 -69.6707 1.92454
-37.2241 -69.7162 1.92806
-37.0567 -69.6434 1.92507
-37.2315 -69.728 1.92785
-37.0474 -69.6951 1.92851
-36.9632 -69.5885 1.92577
-36.9614 -69.5846 1.92577
-37.1779 -69.7403 1.92647
-37.2562 -69.6925 1.9281
-37.0482 -69.6277 1.92724
-37.0477 -69.6264 1.92718
-37.0565 -69.7131 1.92723
-37.1198 -69.7392 1.92625
-37.0374 -69.6668 1.93094
-37.1185 -69.6224 1.92591
-37.0423 -69.7019 1.92616
-37.0671 -69.7608 1.92895
-37.0677 -69.7629 1.92877
-37.122 -69.7479 1.92606
-37.1659 -69.8088 1.92888
-37.1431 -69.6774 1.92601
-37.1125 -69.8279 1.92375
-37.2097 -69.683 1.9249
-37.1972 -69.6504 1.92522
-36.9902 -69.7639 1.93041
-36.9913 -69.7582 1.9303
-36.9874 -69.7564 1.93048
-37.1577 -69.7042 1.9257
-37.1711 -69.6877 1.92895
-37.1699 -69.6823 1.92918
-37.1746 -69.6862 1.92911
-37.0863 -69.7271 1.92522
-37.1156 -69.7799 1.92648
-37.0269 -69.6529 1.92526
-37.0284 -69.6575 1.92517
-37.1729 -69.7179 1.92904
-37.1268 -69.6761 1.9241
-37.1147 -69.6643 1.92359
-37.0825 -69.712 1.92551
-37.1699 -69.7227 1.9252
-37.181 -69.8 1.92448
-37.0985 -69.7086 1.9307
-37.0579 -69.5991 1.92681
-37.1493 -69.7348 1.92894
-37.1712 -69.7844 1.92827
-37.0623 -69.6697 1.92609
-37.0601 -69.8065 1.93061
-36.9964 -69.6728 1.92723
-37.1905 -69.7307 1.92694
-37.2525 -69.615 1.92806
-37.0763 -69.7153 1.92388
-37.1913 -69.7688 1.92916
-37.15 -69.6861 1.92851
-37.1352 -69.7204 1.92771
-37.0978 -69.7682 1.92891
-37.12 -69.7831 1.9257
-37.1092 -69.7893 1.92555
-37.0718 -69.7172 1.92755
-37.0489 -69.7806 1.9287
-37.1846 -69.6852 1.92609
-37.0488 -69.6916 1.92649
-37.0574 -69.6581 1.92715
-37.0566 -69.6542 1.92721
-37.0572 -69.654 1.92735
-37.0561 -69.6191 1.92697
-37.1568 -69.7487 1.92766
-37.138 -69.6465 1.92715
-37.1247 -69.6436 1.92736
-37.0349 -69.7213 1.92895
-37.0392 -69.7084 1.92857
-37.0379 -69.7055 1.92883
-37.0071 -69.7253 1.92951
-36.955 -69.6979 1.93017
-36.9516 -69.6971 1.93004
-37.027 -69.7063 1.92775
-37.0489 -69.743 1.92649
-37.138 -69.6049 1.92478
-37.0366 -69.724 1.92675
-37.2017 -69.4911 1.92384
-37.0609 -69.6534 1.92681
-37.0389 -69.6052 1.92584
-37.169 -69.7499 1.92582
-37.1516 -69.7968 1.9255
-37.1855 -69.6469 1.92242
-37.1584 -69.6677 1.92548
-37.0302 -69.6906 1.92806
-37.0368 -69.6948 1.92803
-37.0025 -69.7508 1.92494
-37.152 -69.7365 1.92413
-37.1047 -69.6898 1.92613
-36.9659 -69.6442 1.92721
-36.9681 -69.6511 1.92741
-37.07 -69.7211 1.92866
-37.0733 -69.7758 1.92705
-37.1294 -69.5965 1.92454
-37.1295 -69.696 1.92371
-37.0849 -69.7879 1.92948
-37.0022 -69.6808 1.9254
-37.0369 -69.6932 1.92894
-36.9631 -69.6654 1.92841
-36.9607 -69.6615 1.92866
-37.2134 -69.7342 1.92951
-37.2031 -69.5927 1.92546
-37.1817 -69.7859 1.92808
-37.0807 -69.5898 1.92631
-37.0614 -69.6445 1.92497
-37.0549 -69.6485 1.92476
-37.1144 -69.8141 1.92676
-37.0437 -69.7005 1.92871
-36.9585 -69.5847 1.92583
-37.1351 -69.7697 1.92544
-37.1413 -69.6487 1.92499
-37.0153 -69.6825 1.9288
-37.0524 -69.7212 1.92744
-37.0753 -69.7606 1.92655
-37.0785 -69.7394 1.92618
-37.2115 -69.7713 1.92764
-37.0417 -69.668 1.9312
-37.1155 -69.6304 1.9258
-37.0486 -69.701 1.92617
-37.0895 -69.7614 1.92783
-37.0662 -69.7625 1.92878
-37.1343 -69.6378 1.92703
-37.0658 -69.7406 1.9246
-37.0676 -69.7385 1.92459
-37.1361 -69.6793 1.92586
-37.0698 -69.7574 1.92677
-37.1263 -69.8427 1.92724
-37.0892 -69.6108 1.92663
-37.0976 -69.8253 1.9235
-37.0624 -69.727 1.93171
-37.1155 -69.6953 1.92771
-37.1737 -69.6859 1.92907
-37.154 -69.5171 1.92408
-37.0276 -69.6539 1.92529
-37.173 -69.6793 1.92731
-36.9127 -69.6452 1.92776
-36.9091 -69.6547 1.92802
-37.0794 -69.7083 1.92573
-37.1576 -69.7104 1.92705
-37.2285 -69.6649 1.92591
-37.225 -69.6662 1.92606
-37.1309 -69.7457 1.92413
-37.0997 -69.794 1.92573
-37.1223 -69.7151 1.92263
-37.1895 -69.7632 1.9258
-37.1714 -69.7893 1.92807
-37.0515 -69.8148 1.93058
-36.999 -69.6681 1.92729
-37.1862 -69.6867 1.92828
-37.0864 -69.6597 1.92371
-37.1233 -69.6585 1.92487
-37.2259 -69.5735 1.92443
-37.0882 -69.7497 1.9251
-37.0672 -69.6932 1.92608
-37.1153 -69.776 1.92762
-37.0012 -69.6157 1.92736
-37.0869 -69.6484 1.92564
-37.093 -69.7409 1.92788
-37.0872 -69.696 1.92761
-37.0498 -69.6928 1.92633
-37.0111 -69.7314 1.92635
-37.0412 -69.7272 1.92646
-37.0554 -69.6214 1.92689
-37.0603 -69.6189 1.92695
-37.1334 -69.6444 1.92716
-37.0471 -69.7109 1.92865
-37.0355 -69.7151 1.92859
-37.1079 -69.7592 1.92423
-37.0074 -69.7237 1.92946
-37.0088 -69.7232 1.92961
-37.0812 -69.715 1.92708
-37.081 -69.7131 1.92685
-37.1671 -69.7081 1.92501
-37.1363 -69.5685 1.92622
-37.02 -69.7432 1.92953
-37.0152 -69.7353 1.92962
-37.0798 -69.7043 1.92337
-37.0649 -69.6517 1.92684
-37.0323 -69.5991 1.92583
-37.0196 -69.6605 1.92534
-37.1354 -69.8396 1.92523
-37.0908 -69.6713 1.9251
-37.1862 -69.7206 1.92353
-37.1552 -69.6964 1.92404
-37.0301 -69.6914 1.92809
-37.116 -69.743 1.93058
-37.0391 -69.7085 1.92792
-37.0415 -69.7044 1.92793
-37.1892 -69.807 1.92398
-37.1052 -69.7333 1.92622
-37.0983 -69.7405 1.92603
-36.9931 -69.7509 1.9249
-37.0905 -69.6476 1.92707
-37.1106 -69.7932 1.9271
-37.0354 -69.7998 1.92615
-36.9727 -69.6493 1.92756
-37.1729 -69.7482 1.92673
-37.1244 -69.8223 1.92874
-37.1154 -69.815 1.92844
-37.0684 -69.7749 1.92726
-37.073 -69.753 1.93117
-37.0794 -69.7836 1.92948
-37.0895 -69.7182 1.92993
-37.0366 -69.6911 1.92864
-37.094 -69.6654 1.92513
-36.9647 -69.659 1.92849
-37.1655 -69.6531 1.92747
-37.0877 -69.6457 1.92447
-37.0935 -69.6554 1.92419
-37.0358 -69.7099 1.92742
-37.1802 -69.7839 1.92841
-37.1828 -69.706 1.92838
-37.0794 -69.8108 1.93037
-37.2244 -69.715 1.92809
-37.1404 -69.7457 1.92644
-37.0471 -69.6952 1.9287
-37.0616 -69.732 1.92694
-37.0705 -69.7477 1.92706
-37.1752 -69.7357 1.92636
-37.0452 -69.6252 1.92732
-37.0502 -69.6206 1.92719
-36.9897 -69.6986 1.92626
-37.0718 -69.7622 1.92663
-37.0724 -69.7662 1.92642
-37.0905 -69.6703 1.92519
-37.2028 -69.778 1.92767
-37.0421 -69.6757 1.93103
-37.1297 -69.5763 1.92759
-37.1559 -69.6781 1.92487
-37.0855 -69.7324 1.92683
-37.0889 -69.7581 1.92791
-37.141 -69.6381 1.92691
-37.1384 -69.6426 1.92708
-37.1672 -69.808 1.92904
-37.2017 -69.7962 1.92611
-37.1413 -69.6777 1.92589
-37.0115 -69.8026 1.92464
-37.2036 -69.6756 1.92883
-37.1023 -69.6493 1.92773
-36.9942 -69.7619 1.93033
-37.0606 -69.7223 1.93153
-37.1463 -69.7071 1.9257
-37.0693 -69.7046 1.92453
-37.1587 -69.5181 1.924
-37.0208 -69.6503 1.92525
-37.0995 -69.6155 1.92626
-37.1737 -69.7181 1.92907
-37.131 -69.6704 1.92412
-37.1092 -69.6615 1.92329
-36.9155 -69.6523 1.92789
-37.0595 -69.7863 1.92653
-37.1519 -69.7141 1.92731
-37.0545 -69.773 1.92912
-37.103 -69.8019 1.926
-37.1341 -69.6252 1.9274
-37.0879 -69.5927 1.92324
-37.0619 -69.6749 1.92633
-37.06 -69.6724 1.9263
-37.1052 -69.7553 1.92509
-37.2081 -69.7229 1.9215
-37.2004 -69.7304 1.92699
-37.0702 -69.7145 1.92399
-37.2246 -69.566 1.92444
-37.2296 -69.5718 1.92445
-37.045 -69.6278 1.92581
-37.1109 -69.7819 1.92561
-37.071 -69.7189 1.92721
-36.9995 -69.6133 1.92732
-37.0069 -69.6105 1.92728
-37.0975 -69.72 1.92593
-37.0948 -69.7316 1.928
-37.0051 -69.7362 1.92637
-37.0574 -69.6579 1.92726
-37.0518 -69.6546 1.92721
-37.0532 -69.6599 1.927
-37.1818 -69.7314 1.92979
-37.036 -69.7123 1.92896
-37.0073 -69.7247 1.92943
-37.0393 -69.7799 1.92785
-37.0495 -69.7398 1.92626
-37.1125 -69.5596 1.92647
-37.1385 -69.5722 1.9261
-37.0335 -69.7197 1.92686
-37.033 -69.7248 1.92678
-37.0005 -69.752 1.92883
-37.1122 -69.7025 1.92576
-37.1504 -69.678 1.92519
-37.1516 -69.6782 1.92539
-37.038 -69.5969 1.92591
-37.1984 -69.6872 1.92776
-37.021 -69.6657 1.92548
-37.1621 -69.7505 1.92451
-37.1763 -69.8076 1.92753
-37.1828 -69.7234 1.92361
-37.0121 -69.6763 1.92588
-37.1185 -69.749 1.9306
-37.1047 -69.7193 1.92445
-37.0878 -69.7165 1.92984
-37.1018 -69.6873 1.9262
-37.1986 -69.8213 1.92677
-37.0714 -69.7292 1.92875
-37.0699 -69.7565 1.93122
-37.1225 -69.6111 1.92797
-37.0319 -69.6904 1.92886
-37.0586 -69.7786 1.92552
-37.0965 -69.6658 1.92499
-36.9602 -69.6581 1.92843
-36.9574 -69.6552 1.92826
-37.1403 -69.6715 1.92799
-37.1487 -69.6803 1.92368
-37.146 -69.6839 1.92356
-37.0479 -69.7822 1.92668
-37.1825 -69.7048 1.92838
-37.2186 -69.6831 1.92393
-37.0329 -69.7895 1.92754
-37.038 -69.6494 1.92311
-37.06 -69.7368 1.92454
-36.9625 -69.5815 1.92593
-37.1338 -69.7211 1.92906
-37.0864 -69.8113 1.92589
-37.0182 -69.6766 1.92885
-37.0806 -69.632 1.9288
-37.1185 -69.7412 1.92613
-37.0395 -69.6665 1.93097
-37.1193 -69.6264 1.92601
-37.0636 -69.6719 1.92514
-37.056 -69.7359 1.9244
-37.0025 -69.746 1.92954
-37.251 -69.7652 1.92499
-37.1026 -69.8323 1.92357
-37.0691 -69.7545 1.92689
-37.0902 -69.611 1.92635
-37.0983 -69.6616 1.92748
-36.9935 -69.7598 1.93031
-37.0686 -69.697 1.92451
-37.1546 -69.5221 1.92442
-37.127 -69.8487 1.92939
-37.1316 -69.8468 1.92933
-37.0297 -69.6561 1.92524
-37.0818 -69.6539 1.92636
-37.117 -69.6622 1.92352
-37.0605 -69.7835 1.92648
-37.0779 -69.7097 1.92562
-37.1531 -69.714 1.92706
-37.1173 -69.7091 1.92403
-37.0534 -69.7744 1.92945
-37.0931 -69.7954 1.92578
-37.0599 -69.6021 1.92681
-37.0594 -69.6016 1.92669
-37.149 -69.7415 1.92902
-37.0532 -69.6085 1.92396
-37.1675 -69.7929 1.9282
-36.992 -69.7587 1.92814
-37.0592 -69.6729 1.92642
-37.062 -69.8046 1.93051
-37.0511 -69.8113 1.93048
-37.103 -69.7495 1.92496
-36.9977 -69.6752 1.92726
-37.0591 -69.8359 1.9274
-37.2514 -69.6143 1.92795
-37.0332 -69.6408 1.92848
-37.2283 -69.5655 1.92426
-37.1339 -69.7228 1.92785
-37.0689 -69.6968 1.9261
-37.1436 -69.8272 1.92687
-37.1116 -69.749 1.92881
-37.0034 -69.6177 1.92731
-37.1002 -69.7223 1.92571
-37.0994 -69.7414 1.92792
-36.9992 -69.7338 1.92653
-37.0009 -69.7314 1.92635
-36.025 -71.6432 1.9427
