172.167 23.1185 0.0718323
172.217 23.1424 0.0730527
172.271 23.2305 0.0709389
172.095 23.2718 0.0714535
172.153 23.1668 0.0691028
172.169 23.222 0.069854
172.182 23.2016 0.0725939
172.196 23.2245 0.0732736
172.194 23.2207 0.0731919
172.251 23.2048 0.0706843
172.21 23.3261 0.0724282
172.053 23.2481 0.0734456
172.145 23.2177 0.0723352
172.153 23.1454 0.0725806
172.122 23.3303 0.0746971
172.213 23.2275 0.0721602
172.207 23.2281 0.0722592
172.146 23.31 0.075415
172.148 23.2978 0.0711944
172.116 23.2553 0.0716457
172.177 23.181 0.0723741
172.144 23.2935 0.0730718
172.095 23.2427 0.0739481
172.147 23.1821 0.0740594
172.064 23.1986 0.0709142
172.16 23.2761 0.0744198
172.174 23.1719 0.0718743
172.003 23.2254 0.0747409
172.095 23.1664 0.0749022
172.119 23.2448 0.0726018
172.117 23.2988 0.07226
172.123 23.3027 0.0722599
172.113 23.294 0.0724919
172.114 23.1617 0.0719604
172.221 23.1959 0.0738697
172.22 23.2394 0.0711689
172.094 23.2614 0.0710554
172.329 23.2992 0.0734851
172.057 23.2146 0.0709585
172.094 23.2329 0.0730374
172.104 23.2876 0.0709385
172.162 23.1691 0.0698572
172.136 23.2582 0.0713265
172.087 23.2603 0.0690918
172.207 23.1672 0.0710554
172.137 23.2351 0.0731565
172.154 23.2221 0.0714819
172.198 23.1221 0.0691135
172.152 23.2182 0.0693135
172.019 23.1448 0.0708352
172.094 23.1949 0.0733326
172.075 23.2351 0.0720945
172.267 23.2316 0.068578
172.104 23.3408 0.0738115
172.106 23.1748 0.0741997
172.062 23.1613 0.0730216
172.07 23.1532 0.069816
172.069 23.2385 0.0732395
172.121 23.2361 0.0683808
172.212 23.3292 0.0725388
172.154 23.2013 0.0694227
172.068 23.2698 0.0730225
172.115 23.3324 0.0746864
172.117 23.162 0.0708449
171.993 23.3257 0.072577
172.213 23.226 0.0723869
172.208 23.2229 0.0722801
172.144 23.3191 0.0755441
172.149 23.2972 0.0710654
172.118 23.2505 0.0718203
172.182 23.2057 0.0749359
172.136 23.1395 0.0718658
172.178 23.1809 0.0720831
172.073 23.2452 0.0704999
172.196 23.2312 0.0721035
172.209 23.268 0.071665
172.097 23.2517 0.0690696
172.109 23.2507 0.0717813
172.131 23.1029 0.0732934
172.153 23.2733 0.0743779
172.108 23.1843 0.0722398
172.11 23.2069 0.074888
172.107 23.2031 0.0748633
172.103 23.2824 0.0729181
172.161 23.3183 0.072979
172.062 23.179 0.0705306
172.212 23.2365 0.0712997
172.193 23.2266 0.0728524
172.195 23.2211 0.0727458
172.112 23.2252 0.0715092
172.136 23.2485 0.0740317
172.117 23.2562 0.0736763
172.204 23.1672 0.0700815
172.082 23.2617 0.0693113
172.129 23.1987 0.0749372
172.13 23.1972 0.0748955
172.089 23.2211 0.0746869
172.223 23.1983 0.0684497
172.117 23.1603 0.0728972
172.127 23.2562 0.0671115
172.148 23.3012 0.071381
172.168 23.1892 0.0706651
172.154 23.168 0.0722491
172.149 23.1651 0.072332
172.064 23.2268 0.0706212
172.097 23.1928 0.0699261
172.221 23.2252 0.0714911
172.091 23.169 0.0715626
172.128 23.0913 0.0649355
172.059 23.1234 0.0723743
172.286 23.2759 0.0716914
172.149 23.1814 0.0730191
172.159 23.2287 0.0713269
172.175 23.1706 0.0720424
172.09 23.2005 0.07105
172.162 23.1885 0.0732823
172.104 23.3387 0.0736676
172.132 23.194 0.0719017
172.127 23.2715 0.0722002
172.128 23.1932 0.0738015
172.072 23.2399 0.0734
172.133 23.1703 0.0724292
172.256 23.206 0.0704687
172.158 23.204 0.069351
172.258 23.237 0.0752178
172.066 23.2634 0.0732979
172.065 23.2711 0.0732266
172.119 23.3265 0.0749428
172.211 23.2231 0.0722563
172.152 23.3134 0.0756347
172.148 23.3155 0.0756718
172.06 23.1889 0.0705847
172.17 23.1896 0.0724811
172.125 23.1664 0.0705211
172.106 23.114 0.0741132
172.188 23.239 0.0722069
172.061 23.1678 0.0702227
172.146 23.1678 0.0710433
172.18 23.1409 0.073226
172.158 23.2761 0.0746865
172.17 23.1731 0.0718675
172.106 23.2042 0.0750781
172.035 23.2358 0.0739985
172.115 23.2421 0.0726901
172.014 23.1725 0.0739312
172.116 23.2976 0.0723886
172.186 23.2822 0.0722765
172.219 23.2367 0.0711497
172.099 23.2616 0.0711462
172.111 23.2555 0.0737038
172.202 23.1686 0.0703358
172.162 23.2669 0.0729042
172.176 23.1233 0.0707024
172.191 23.2135 0.0698703
172.154 23.2984 0.0714536
172.16 23.1931 0.0706192
172.057 23.2265 0.0705635
172.219 23.2257 0.0714041
172.17 23.2257 0.069057
172.125 23.2653 0.0720725
172.136 23.292 0.0710968
172.282 23.1806 0.0703974
172.143 23.2278 0.0677704
172.139 23.2626 0.0712172
172.237 23.2356 0.071687
172.094 23.1982 0.0734435
172.164 23.1161 0.0721628
172.073 23.2444 0.0722701
172.102 23.3345 0.0738576
172.094 23.2731 0.0716733
172.2 23.2637 0.0695081
172.218 23.1507 0.0720172
172.181 23.2078 0.0724758
172.085 23.251 0.0748858
172.079 23.2338 0.0699935
172.237 23.1089 0.0718312
172.067 23.2701 0.0732433
172.119 23.327 0.0747961
172.124 23.3321 0.0746499
171.986 23.3188 0.0727474
172.155 23.3091 0.0754261
172.152 23.3184 0.0755811
172.114 23.1969 0.0691324
172.119 23.2511 0.0717983
172.101 23.1771 0.0719941
172.179 23.204 0.0749465
172.187 23.2039 0.0711867
172.163 23.1912 0.0703314
172.162 23.1929 0.0700065
172.118 23.2253 0.0715968
172.021 23.2213 0.0721052
172.066 23.1954 0.0709399
172.08 23.1507 0.072307
172.159 23.2693 0.0744605
172.173 23.1684 0.072055
172.033 23.2271 0.0739389
172.041 23.2334 0.0738643
172.148 23.2004 0.0672694
172.112 23.1637 0.0718029
172.225 23.2018 0.0740937
172.195 23.1926 0.0706301
172.092 23.259 0.0711323
172.115 23.2498 0.0736938
172.104 23.322 0.0753209
172.088 23.0876 0.0736185
172.087 23.0929 0.0737703
172.174 23.3222 0.0694079
172.092 23.2359 0.072979
172.134 23.204 0.0748963
172.125 23.1524 0.0730646
172.188 23.2365 0.0699802
172.139 23.2631 0.0712921
172.087 23.2649 0.0689995
172.09 23.191 0.0697133
172.2 23.1672 0.0711885
172.043 23.2292 0.0712854
172.107 23.1202 0.0722352
172.122 23.2673 0.0720658
172.138 23.2946 0.0712514
172.114 23.1288 0.0745658
172.148 23.2675 0.0712216
172.1 23.1672 0.0704364
172.184 23.2019 0.0716564
172.094 23.2 0.0732399
172.099 23.1422 0.0707315
172.063 23.2381 0.0724035
172.213 23.1479 0.0728366
172.135 23.195 0.0719321
172.197 23.2609 0.0691737
172.13 23.2682 0.0723785
172.111 23.1975 0.0719911
172.088 23.2433 0.074731
172.089 23.2469 0.074887
172.208 23.3205 0.072342
172.258 23.2447 0.0752455
172.143 23.2194 0.0723934
172.111 23.3254 0.0747917
172.211 23.2255 0.0721334
172.149 23.309 0.0753752
172.044 23.2539 0.075006
172.047 23.2549 0.0748391
172.079 23.2553 0.0718963
172.141 23.2944 0.0730985
172.197 23.2375 0.0721062
172.207 23.267 0.0717778
172.106 23.2568 0.0714565
172.171 23.1389 0.0734158
172.156 23.2773 0.074474
172.056 23.226 0.0706188
172.111 23.2805 0.0728613
172.121 23.2963 0.0723062
172.12 23.3008 0.0723732
172.129 23.2138 0.0698137
172.228 23.1987 0.0740943
172.196 23.2199 0.0728873
172.129 23.2389 0.0737677
172.133 23.2411 0.0738636
172.122 23.2556 0.0736441
172.103 23.3239 0.0753161
172.041 23.239 0.0724732
172.096 23.2473 0.070419
172.096 23.2527 0.070532
172.158 23.2707 0.0729997
172.131 23.1964 0.0751158
172.085 23.1904 0.0733223
172.132 23.2834 0.070945
172.141 23.2684 0.0712284
172.137 23.2168 0.0721679
172.162 23.1831 0.069071
172.241 23.1723 0.0708579
172.121 23.266 0.0722425
172.128 23.2921 0.0711678
172.159 23.2183 0.0695218
172.167 23.2286 0.0711856
172.24 23.2311 0.0716416
172.093 23.1934 0.0732594
172.1 23.145 0.0707977
172.245 23.2559 0.0699487
172.149 23.213 0.0709489
172.098 23.2714 0.0715432
172.171 23.1284 0.0698767
172.126 23.177 0.0680053
172.07 23.1651 0.0731
172.2 23.2693 0.0695482
172.073 23.2396 0.0733615
172.197 23.2168 0.0730173
172.209 23.3265 0.0723083
172.203 23.3228 0.0725816
172.065 23.2661 0.0732788
172.115 23.3296 0.0748008
172.209 23.3413 0.0693288
172.154 23.2962 0.0709815
172.042 23.2571 0.0750948
172.078 23.2559 0.0716386
172.1 23.1801 0.0719177
172.142 23.2915 0.073
172.147 23.1827 0.0701191
172.11 23.2239 0.0717556
172.105 23.2487 0.071596
172.166 23.2735 0.0745747
172.139 23.254 0.0711388
171.999 23.2255 0.0745887
172.116 23.2388 0.0727715
172.108 23.2755 0.0728141
172.154 23.3236 0.0729842
172.152 23.3181 0.0730126
172.12 23.2959 0.0723966
172.189 23.2812 0.0722694
172.096 23.2565 0.0711824
172.126 23.2403 0.0737912
172.287 23.2151 0.0693259
172.038 23.1485 0.0731233
172.155 23.2705 0.0729616
172.094 23.2298 0.0729103
172.094 23.2339 0.0728924
172.139 23.2023 0.0749047
172.106 23.2794 0.0710555
172.084 23.1936 0.0734361
172.112 23.1794 0.0712725
172.13 23.2921 0.0709124
172.144 23.2606 0.0711366
172.113 23.2124 0.0704455
172.108 23.1753 0.0682766
172.136 23.2317 0.0731984
172.124 23.2616 0.0720347
172.131 23.1791 0.0705471
172.129 23.1502 0.0694156
172.151 23.2678 0.0702168
172.194 23.2546 0.0728568
172.244 23.2328 0.071673
172.18 23.1705 0.0721205
172.131 23.1604 0.0704301
172.152 23.214 0.0708358
172.154 23.213 0.0708076
172.129 23.1901 0.0719981
172.064 23.1655 0.0731114
172.216 23.1388 0.071899
172.125 23.1715 0.0724541
172.179 23.1105 0.071623
172.234 23.1028 0.0720265
172.26 23.2404 0.075138
172.069 23.2696 0.0732152
172.136 23.2179 0.0723496
172.12 23.3281 0.0746873
171.987 23.3152 0.072568
172.211 23.3355 0.0695152
172.149 23.3132 0.0757604
172.149 23.2981 0.0713045
172.15 23.2945 0.0711925
172.046 23.2554 0.0749751
172.045 23.2538 0.0750408
172.047 23.256 0.0748073
172.113 23.1941 0.0691409
172.18 23.2033 0.0750192
172.188 23.2088 0.0710639
172.138 23.2927 0.0728395
172.167 23.0407 0.0708422
172.162 23.2021 0.0704944
172.114 23.2302 0.0717971
172.106 23.2517 0.0715799
172.069 23.2 0.0710902
172.176 23.1734 0.0718047
172.112 23.2068 0.0751658
172.118 23.243 0.0728181
172.153 23.3224 0.0731212
172.094 23.2684 0.0678376
172.189 23.2868 0.0722021
172.19 23.2808 0.0722772
172.089 23.2652 0.0709931
172.126 23.2452 0.0738825
172.102 23.3218 0.0752501
172.059 23.2122 0.0705844
172.097 23.2259 0.0728919
172.126 23.2062 0.074869
172.227 23.2038 0.0682988
172.108 23.1724 0.071329
172.149 23.1924 0.0698956
172.15 23.3026 0.0714955
172.138 23.2645 0.0714189
172.111 23.2096 0.0704356
172.154 23.1667 0.0721084
172.173 23.181 0.0690342
172.224 23.227 0.0714327
172.134 23.2344 0.0732257
172.136 23.2355 0.0731724
172.123 23.1439 0.0703231
172.187 23.1587 0.071016
172.169 23.2415 0.0687395
172.267 23.2158 0.071101
172.152 23.1865 0.0728895
172.25 23.188 0.0717905
172.144 23.262 0.0711737
172.18 23.1726 0.0721824
172.184 23.2089 0.0715855
172.102 23.1543 0.0718419
172.103 23.1706 0.0724895
172.104 23.3393 0.0737629
172.198 23.2662 0.0694902
172.107 23.1383 0.0711989
172.071 23.2344 0.0732847
172.087 23.2492 0.0748088
172.088 23.2303 0.0700491
172.173 23.2199 0.068001
172.044 23.2437 0.0735215
172.141 23.1589 0.0726721
172.171 23.1973 0.0741544
172.145 23.3175 0.0754157
172.147 23.2407 0.0677996
172.174 23.1939 0.07252
172.074 23.2522 0.0717493
172.115 23.2498 0.0717414
172.113 23.2511 0.0717568
172.185 23.2065 0.0712052
172.115 23.1834 0.0704131
172.092 23.2465 0.0743417
172.11 23.225 0.0718751
172.027 23.2158 0.0721582
172.112 23.2388 0.0715533
172.136 23.1046 0.0733405
172.137 23.2485 0.0711796
172.174 23.1712 0.0718323
172.1 23.1623 0.0748016
172.124 23.2407 0.0726661
172.11 23.2776 0.0729107
172.013 23.1764 0.0740483
172.18 23.268 0.0700707
172.127 23.1761 0.0720309
172.137 23.2543 0.0739292
172.118 23.2531 0.0736897
172.115 23.2494 0.0734682
172.208 23.1668 0.0704995
172.03 23.2391 0.0724051
172.191 23.2111 0.0703469
172.09 23.2277 0.0730175
172.026 23.1749 0.0726205
172.208 23.2105 0.0706891
172.122 23.2301 0.0681039
172.141 23.1521 0.0710626
172.218 23.2246 0.0712648
172.212 23.2202 0.0699857
172.188 23.1635 0.0710194
172.101 23.0944 0.0719939
172.132 23.2912 0.0712087
172.189 23.1806 0.0699964
172.165 23.2363 0.0711378
172.24 23.2321 0.0716671
172.195 23.162 0.0691892
172.094 23.2008 0.0710583
172.108 23.1653 0.0726224
172.059 23.1604 0.0720248
172.082 23.1643 0.0727895
172.122 23.2703 0.0723278
172.186 23.201 0.0726359
172.134 23.1873 0.0741063
172.195 23.2182 0.0732837
172.183 23.1494 0.0733067
172.204 23.3227 0.0723686
172.259 23.2401 0.0752298
172.122 23.3269 0.0747547
172.115 23.3306 0.0747501
172.207 23.3305 0.0693027
172.151 23.3145 0.0755597
172.158 23.2955 0.0711038
172.077 23.2979 0.0697749
172.118 23.2484 0.0719897
172.142 23.2924 0.0730937
172.142 23.2937 0.0730599
172.12 23.184 0.0703614
172.097 23.2431 0.0739854
172.118 23.231 0.0718242
172.165 23.2599 0.0700401
172.074 23.1542 0.0720995
172.162 23.2761 0.0744442
172.137 23.2458 0.0711695
172.097 23.1591 0.0749576
172.102 23.2807 0.0728836
172.285 23.1068 0.070793
172.103 23.2423 0.0691113
172.064 23.107 0.0759868
172.194 23.2204 0.0728327
172.123 23.1753 0.069582
172.104 23.326 0.0752776
172.152 23.2674 0.0730651
172.091 23.1285 0.0683555
172.107 23.2859 0.0711474
172.181 23.228 0.0681695
172.142 23.3168 0.0688769
172.197 23.2402 0.069878
172.138 23.2673 0.0711855
172.153 23.1668 0.0724573
172.188 23.146 0.0710055
172.137 23.2156 0.0720019
172.085 23.195 0.0717298
172.157 23.1585 0.0693178
172.163 23.2684 0.068202
172.08 23.2136 0.0689011
172.15 23.2666 0.0701162
172.079 23.1925 0.0723609
172.096 23.1563 0.0704679
169.46 27.0526 0.0933168
