278.195 3.56122 4.61941
278.191 3.51998 4.61782
278.168 3.55727 4.61855
278.151 3.47732 4.61663
278.099 3.57836 4.62223
278.074 3.63572 4.61585
278.07 3.51308 4.61593
278.229 3.6396 4.62378
278.25 3.54562 4.6195
278.222 3.46893 4.6166
278.251 3.70706 4.62064
278.142 3.53459 4.61625
278.185 3.57217 4.61661
278.219 3.58622 4.62392
278.164 3.51727 4.6194
278.198 3.57191 4.62128
278.154 3.48365 4.61563
278.162 3.579 4.61769
278.058 3.52723 4.62056
278.128 3.48466 4.61901
278.043 3.57146 4.61299
278.163 3.55977 4.6208
278.183 3.54366 4.61861
278.194 3.4612 4.61704
278.111 3.47071 4.61631
278.198 3.60424 4.61943
278.109 3.55216 4.61604
278.225 3.45484 4.61373
278.26 3.4724 4.61581
278.309 3.64629 4.62341
278.205 3.52301 4.61447
278.177 3.63625 4.61811
278.221 3.60645 4.61745
278.268 3.6066 4.62009
278.272 3.48701 4.61693
278.245 3.49444 4.61835
278.207 3.48493 4.61824
278.211 3.48598 4.61761
278.224 3.45861 4.61574
278.172 3.57136 4.62149
278.08 3.55357 4.61691
278.168 3.4998 4.61203
278.196 3.61524 4.6193
278.16 3.60392 4.61833
278.206 3.58271 4.61446
278.21 3.58887 4.61758
278.221 3.55782 4.61642
278.137 3.51172 4.61531
278.151 3.46555 4.61837
278.272 3.61162 4.61694
278.337 3.43281 4.6207
278.141 3.55781 4.62002
278.212 3.53949 4.6183
278.186 3.51578 4.61609
278.218 3.55543 4.61865
278.226 3.66319 4.61657
278.216 3.50523 4.62216
278.158 3.57506 4.62144
278.178 3.44606 4.62295
278.219 3.5697 4.62246
278.147 3.55429 4.61744
278.292 3.58505 4.61845
278.126 3.56777 4.6109
278.309 3.48447 4.61506
278.266 3.66501 4.62126
278.252 3.51565 4.61863
278.086 3.52037 4.61629
278.242 3.36404 4.61514
278.173 3.48403 4.6166
278.214 3.49082 4.61405
278.23 3.60322 4.61845
278.266 3.44923 4.6206
278.21 3.39247 4.61802
278.202 3.46827 4.61729
278.072 3.57459 4.61764
278.108 3.56163 4.61659
278.17 3.53013 4.61826
278.113 3.50734 4.61664
278.283 3.47376 4.61414
278.227 3.5493 4.62051
278.092 3.45179 4.61666
278.315 3.61206 4.62355
278.1 3.56581 4.61369
278.301 3.50222 4.61584
278.079 3.43465 4.61095
278.043 3.44475 4.61283
278.02 3.55323 4.61517
278.26 3.51878 4.62072
278.049 3.51247 4.61333
278.122 3.54535 4.61773
278.131 3.52712 4.61708
278.218 3.59991 4.6209
278.182 3.64131 4.62046
278.156 3.54605 4.61546
278.226 3.56063 4.61579
278.255 3.45174 4.62273
278.158 3.46007 4.62187
278.188 3.53373 4.61585
278.182 3.57168 4.6166
278.202 3.56178 4.61605
278.179 3.49025 4.61595
278.161 3.4543 4.61479
278.172 3.47639 4.61386
278.042 3.57497 4.61614
278.18 3.57177 4.61976
278.218 3.60151 4.62118
278.129 3.51452 4.61463
278.1 3.57447 4.61749
278.175 3.64026 4.61981
278.11 3.52303 4.61857
278.09 3.43721 4.61471
278.11 3.39595 4.61382
278.067 3.45038 4.61488
278.138 3.50995 4.61825
278.221 3.63353 4.61862
278.124 3.57785 4.61866
278.114 3.53163 4.6146
278.124 3.54711 4.61559
278.182 3.51953 4.61918
278.214 3.51084 4.61997
278.194 3.64841 4.62038
278.214 3.5506 4.61513
278.162 3.56426 4.61982
278.157 3.50161 4.61838
278.138 3.49591 4.61345
278.113 3.51858 4.61428
278.168 3.53396 4.61545
278.186 3.53142 4.6202
278.201 3.52631 4.61771
278.114 3.52461 4.61894
278.218 3.49066 4.61664
278.178 3.47479 4.61432
278.146 3.53783 4.61687
278.231 3.48685 4.61537
278.208 3.53609 4.61423
278.083 3.44134 4.6151
278.097 3.56326 4.6141
278.076 3.57388 4.61593
278.281 3.4969 4.62095
278.344 3.55184 4.62036
278.151 3.51726 4.61476
278.195 3.52366 4.6188
278.197 3.53646 4.61616
278.199 3.50051 4.6175
278.184 3.60207 4.616
278.178 3.60976 4.623
278.163 3.61294 4.62142
278.252 3.54458 4.61911
278.115 3.55301 4.61737
278.219 3.53315 4.62096
278.262 3.5951 4.6179
278.185 3.56642 4.61548
278.202 3.52348 4.61634
278.08 3.53602 4.61568
278.099 3.48216 4.61534
278.213 3.46501 4.61801
278.099 3.44623 4.61602
278.09 3.44771 4.61678
278.31 3.50781 4.62101
278.181 3.40966 4.61617
278.216 3.53438 4.61809
278.146 3.53252 4.61642
278.156 3.52364 4.61844
278.244 3.51275 4.62406
278.138 3.55699 4.62224
278.145 3.59212 4.61469
278.161 3.50675 4.62121
278.243 3.62537 4.61525
278.227 3.5592 4.62038
278.194 3.56185 4.62067
278.26 3.48948 4.61942
278.167 3.4219 4.61584
278.131 3.54731 4.61746
278.195 3.5197 4.61613
278.161 3.49192 4.61502
278.2 3.53769 4.6174
278.197 3.43473 4.61705
278.215 3.59119 4.62121
278.206 3.66794 4.62412
278.178 3.48953 4.61904
278.251 3.5495 4.61756
278.14 3.58317 4.62158
278.163 3.50665 4.61891
278.174 3.55405 4.61885
278.239 3.44458 4.61875
278.237 3.52097 4.6196
278.289 3.66153 4.62015
278.246 3.51983 4.61521
278.228 3.53864 4.61792
278.213 3.6233 4.62053
278.171 3.48014 4.6157
278.211 3.514 4.61582
278.251 3.5425 4.61494
278.26 3.64881 4.62013
278.188 3.53854 4.62148
278.189 3.54918 4.62058
278.247 3.55479 4.61867
278.181 3.52561 4.61987
278.301 3.5698 4.62074
278.084 3.47996 4.62097
278.185 3.61185 4.6216
278.03 3.46569 4.61604
278.185 3.56471 4.61311
278.212 3.50319 4.61668
278.23 3.57439 4.62127
278.183 3.50774 4.61757
278.036 3.5099 4.61344
278.119 3.40466 4.61396
278.104 3.49757 4.61386
278.297 3.5164 4.623
278.249 3.5486 4.62046
278.126 3.45582 4.60962
278.161 3.4498 4.62154
278.14 3.52065 4.61526
278.155 3.55914 4.61521
278.187 3.51015 4.61436
278.154 3.62785 4.61891
278.166 3.48981 4.61702
278.241 3.51826 4.61731
278.13 3.43061 4.61344
278.203 3.60742 4.61769
278.191 3.52394 4.61614
278.194 3.4894 4.62096
278.192 3.53974 4.61724
278.127 3.44549 4.61407
278.293 3.57321 4.6201
278.204 3.53448 4.61888
278.211 3.54515 4.6168
278.211 3.55305 4.62108
278.195 3.54265 4.61895
278.15 3.63792 4.61987
278.223 3.50483 4.61878
278.108 3.56713 4.61609
278.044 3.55157 4.61291
278.21 3.5785 4.62088
278.16 3.5382 4.61509
278.206 3.55565 4.6159
278.176 3.60057 4.61773
278.147 3.60839 4.61729
278.092 3.59496 4.61711
278.318 3.51578 4.61164
278.22 3.65255 4.62176
278.189 3.55181 4.61671
278.168 3.60152 4.61825
278.181 3.39833 4.61953
278.159 3.54105 4.61788
278.137 3.53707 4.61806
278.147 3.48973 4.61642
278.103 3.55164 4.61388
278.152 3.46816 4.61468
278.267 3.61913 4.62128
278.181 3.60447 4.6186
278.083 3.44207 4.61852
278.086 3.52612 4.61322
278.162 3.48404 4.61686
278.233 3.43459 4.61665
278.096 3.55664 4.61776
278.072 3.58088 4.6188
278.183 3.57171 4.62057
278.078 3.5522 4.61783
278.026 3.46253 4.61459
278.112 3.49958 4.61774
278.286 3.62681 4.62253
278.205 3.61543 4.6212
278.193 3.54068 4.62059
278.25 3.56711 4.61999
278.291 3.5446 4.62255
278.202 3.57819 4.61957
278.2 3.5876 4.62296
278.087 3.6496 4.61439
278.202 3.49516 4.61345
278.114 3.64794 4.61562
278.156 3.50629 4.61637
278.256 3.52013 4.61621
278.172 3.46597 4.61757
278.135 3.53498 4.61757
278.035 3.52778 4.61827
278.178 3.52457 4.6178
278.112 3.52846 4.61937
278.134 3.61687 4.6162
278.273 3.55298 4.61777
278.204 3.45085 4.61644
278.15 3.54626 4.6202
278.265 3.52814 4.62355
278.193 3.57575 4.61986
278.198 3.51189 4.61735
278.207 3.5815 4.61782
278.183 3.60771 4.62284
278.098 3.56942 4.61556
278.245 3.4811 4.6165
278.191 3.60089 4.62223
278.14 3.61119 4.61929
278.164 3.61142 4.62075
278.19 3.62702 4.6194
278.163 3.57784 4.6203
278.283 3.5929 4.62025
278.285 3.58502 4.62032
278.194 3.6614 4.62084
278.168 3.57182 4.61861
278.126 3.61128 4.61896
278.134 3.54734 4.61571
278.165 3.58454 4.6149
278.223 3.52658 4.62093
278.239 3.55214 4.62365
278.107 3.43336 4.61922
278.123 3.48536 4.61857
278.141 3.47264 4.61956
278.19 3.45499 4.61732
278.151 3.53534 4.61494
278.201 3.46894 4.62014
278.271 3.59346 4.62328
278.136 3.54421 4.61749
278.134 3.52197 4.61793
278.208 3.5546 4.61841
278.144 3.4975 4.61145
278.221 3.5359 4.62201
278.202 3.55054 4.6204
278.256 3.5902 4.61959
278.191 3.51611 4.61783
278.122 3.46944 4.61645
278.237 3.59875 4.61986
278.154 3.58949 4.61699
278.169 3.4463 4.6176
278.246 3.53522 4.61294
278.24 3.57256 4.61713
278.173 3.49979 4.61408
278.154 3.58798 4.61815
278.19 3.56248 4.61777
278.184 3.49543 4.61731
278.024 3.65232 4.61697
278.195 3.57617 4.62032
278.209 3.49596 4.62115
278.163 3.47568 4.62147
278.171 3.555 4.61545
278.143 3.51996 4.61689
278.213 3.57799 4.61536
278.238 3.53003 4.61387
278.184 3.54453 4.61977
278.21 3.48661 4.61906
278.119 3.5326 4.62115
278.18 3.57063 4.61896
278.143 3.5634 4.61868
278.141 3.50542 4.61741
278.159 3.55103 4.61932
278.135 3.52142 4.62262
278.266 3.53618 4.62175
278.322 3.56344 4.6139
278.102 3.55284 4.61492
278.099 3.55297 4.61499
278.102 3.53516 4.61711
278.148 3.58541 4.61313
278.163 3.61338 4.61652
278.286 3.57374 4.61827
278.235 3.55232 4.61678
278.111 3.50966 4.61697
278.142 3.43945 4.61691
278.108 3.46876 4.6153
278.173 3.50339 4.61497
278.098 3.41448 4.61315
278.241 3.61315 4.61985
278.22 3.54725 4.61911
278.163 3.53627 4.61817
278.089 3.59309 4.61711
278.093 3.56845 4.61583
278.147 3.60224 4.61883
278.111 3.5507 4.61456
278.133 3.56819 4.61588
278.133 3.69786 4.61462
278.147 3.49535 4.6165
278.182 3.63211 4.61305
278.078 3.48637 4.61959
278.299 3.55769 4.62171
278.241 3.49989 4.6168
278.061 3.41851 4.61244
278.065 3.42124 4.61222
278.175 3.5957 4.61847
278.208 3.61132 4.62029
278.286 3.46576 4.62345
278.105 3.4226 4.61687
278.156 3.5541 4.61744
278.23 3.49198 4.61881
278.169 3.57524 4.61745
278.153 3.56412 4.61358
278.225 3.52441 4.61517
278.249 3.53732 4.61369
278.241 3.54252 4.61869
278.148 3.54724 4.617
278.181 3.48452 4.61799
278.231 3.42592 4.61505
278.09 3.56992 4.61678
278.228 3.49081 4.61124
278.138 3.50559 4.61083
278.229 3.56374 4.62136
278.053 3.57279 4.61909
278.131 3.41734 4.61561
278.128 3.45223 4.61681
278.137 3.46653 4.6183
278.109 3.46593 4.61652
278.14 3.52812 4.61726
278.174 3.58234 4.61356
278.142 3.46627 4.61886
278.193 3.57463 4.62005
278.196 3.44711 4.61487
278.274 3.49082 4.61564
278.206 3.65012 4.62411
278.208 3.49884 4.61839
278.11 3.49181 4.61969
278.141 3.56045 4.61403
278.121 3.55878 4.61328
278.246 3.51928 4.61641
278.089 3.53377 4.61603
278.173 3.49686 4.61923
278.222 3.58111 4.61507
278.194 3.60339 4.6183
278.178 3.48332 4.61907
278.187 3.53124 4.61709
278.293 3.46471 4.61637
278.169 3.5786 4.61827
278.21 3.45147 4.61439
278.17 3.48074 4.61412
278.184 3.45769 4.61886
278.095 3.44198 4.61496
278.281 3.58008 4.62015
278.164 3.51167 4.6193
278.179 3.54753 4.6202
278.203 3.45199 4.61932
278.154 3.5686 4.61645
278.225 3.52146 4.61896
278.192 3.54155 4.61724
278.16 3.58378 4.6207
278.154 3.58897 4.6222
278.247 3.6167 4.61846
278.087 3.50412 4.61825
278.179 3.49054 4.62102
278.146 3.59444 4.62046
278.227 3.54222 4.61891
278.213 3.65749 4.62289
278.182 3.52332 4.61687
278.135 3.48951 4.61632
278.141 3.50347 4.61499
278.336 3.5553 4.61989
278.223 3.63597 4.62237
278.087 3.62499 4.61988
278.133 3.47305 4.61884
278.287 3.4811 4.62046
278.157 3.51585 4.61983
278.213 3.5385 4.62178
278.181 3.50944 4.61739
278.174 3.55268 4.61738
278.19 3.51002 4.62224
278.194 3.53995 4.6207
278.141 3.4336 4.61506
278.209 3.50851 4.61849
278.198 3.54459 4.61626
278.127 3.54872 4.61915
278.189 3.51946 4.61919
278.153 3.46711 4.61513
278.143 3.51247 4.61596
278.115 3.44167 4.61376
278.268 3.52087 4.61899
278.218 3.66669 4.62263
278.226 3.63444 4.62101
278.311 3.53725 4.61848
278.156 3.54674 4.62021
278.152 3.578 4.619
278.197 3.58194 4.62046
278.136 3.57734 4.61905
278.206 3.59047 4.61601
278.252 3.49025 4.61902
278.245 3.51421 4.61678
278.176 3.53394 4.61879
278.211 3.53089 4.6181
278.252 3.64938 4.62242
278.112 3.52431 4.61323
278.168 3.59877 4.61712
278.259 3.58679 4.61748
278.176 3.50991 4.61587
278.136 3.52692 4.61642
278.237 3.54976 4.61777
278.299 3.54318 4.61831
278.117 3.50834 4.61959
278.156 3.57231 4.61504
278.053 3.46282 4.61717
278.075 3.5335 4.61544
278.243 3.46406 4.6164
278.191 3.52413 4.6157
278.21 3.52143 4.61717
278.175 3.52276 4.61935
278.177 3.50612 4.61867
278.126 3.46734 4.61289
278.118 3.41121 4.61576
278.112 3.44738 4.61312
278.034 3.57742 4.61377
278.278 3.63853 4.62099
278.249 3.50445 4.61763
278.257 3.52637 4.62124
278.232 3.55125 4.62093
278.167 3.57491 4.61849
278.092 3.55283 4.61676
276.983 1.32211 4.60724
