78.7162 -36.0545 3.69588
78.7221 -36.1398 3.69445
78.748 -36.0392 3.69532
78.7585 -36.0186 3.69873
78.746 -36.032 3.69891
78.7249 -36.1815 3.69505
78.8486 -36.0717 3.69595
78.7733 -36.031 3.69402
78.8497 -36.0669 3.69464
78.7626 -36.0289 3.69476
78.7361 -35.98 3.69525
78.7078 -36.0166 3.69847
78.727 -36.0039 3.69424
78.7695 -36.1167 3.69577
78.8069 -36.1664 3.69533
78.8041 -35.9484 3.6976
78.6214 -36.0988 3.69626
78.7111 -36.0242 3.69545
78.7966 -35.9367 3.69741
78.725 -36.0267 3.69415
78.747 -35.993 3.69534
78.7358 -36.074 3.69662
78.7349 -36.0329 3.69562
78.7402 -36.0345 3.69556
78.6049 -36.0207 3.69654
78.728 -35.9706 3.69453
78.6662 -36.0081 3.69494
78.8476 -36.1179 3.69461
78.833 -36.0272 3.69539
78.7855 -35.9894 3.69666
78.7794 -36.0347 3.69596
78.7837 -36.0313 3.69596
78.7846 -36.0354 3.69573
78.7466 -35.9661 3.69485
78.7828 -36.0032 3.69467
78.7914 -36.0684 3.69592
78.8137 -36.0098 3.69838
78.7948 -36.0501 3.69896
78.7743 -35.8597 3.69764
78.7613 -36.0432 3.69807
78.744 -36.0032 3.69468
78.7788 -36.0324 3.69434
78.709 -35.9679 3.69678
78.7073 -35.9811 3.69465
78.7719 -36.0472 3.69686
78.7699 -36.0406 3.69682
78.7517 -35.979 3.6976
78.6991 -36.0061 3.69761
78.7706 -36.0476 3.6955
78.8259 -35.9106 3.69858
78.7271 -36.0064 3.69853
78.6922 -35.9631 3.69351
78.819 -36.0611 3.69345
78.7348 -36.1077 3.69631
78.7404 -35.9973 3.69449
78.8043 -36.0435 3.69673
78.837 -35.8852 3.69739
78.7929 -36.0317 3.69642
78.7303 -36.1156 3.69462
78.7896 -35.9922 3.69616
78.6901 -36.0566 3.69787
78.7633 -36.0279 3.69624
78.7731 -36.0642 3.69597
78.8281 -36.0165 3.69755
78.7375 -36.0731 3.69639
78.7182 -35.9558 3.69592
78.822 -36.0412 3.69602
78.819 -36.0405 3.69579
78.7973 -36.0396 3.6965
78.8043 -36.0371 3.69669
78.832 -36.0823 3.69764
78.6489 -35.9423 3.69656
78.6259 -36.0212 3.69429
78.6487 -36.0117 3.69576
78.7185 -36.0538 3.69605
78.749 -36.1136 3.69283
78.7253 -36.0562 3.6947
78.7331 -36.0327 3.6959
78.7223 -36.1823 3.69503
78.7509 -35.9788 3.69541
78.7582 -36.1012 3.69467
78.7921 -35.9388 3.69716
78.7461 -35.9618 3.69538
78.7664 -36.117 3.69582
78.7911 -35.9744 3.69588
78.6226 -36.1041 3.69638
78.752 -36.0707 3.69652
78.7953 -35.9378 3.69749
78.7312 -35.9954 3.69603
78.7373 -36.0994 3.69517
78.7448 -36.0097 3.6964
78.7325 -36.0311 3.69532
78.6943 -36.0686 3.69512
78.8356 -36.0954 3.69532
78.7022 -35.9949 3.69561
78.7415 -36.0073 3.6973
78.7533 -36.0294 3.69301
78.8158 -36.0021 3.69656
78.7222 -36.0981 3.69324
78.7442 -35.9652 3.69472
78.6904 -36.1141 3.69248
78.6881 -36.1438 3.69375
78.7528 -36.0434 3.69186
78.6775 -36.0604 3.69742
78.7463 -36.005 3.69458
78.8137 -36.1148 3.69499
78.7847 -36.061 3.69739
78.729 -36.0412 3.69727
78.7055 -36.0712 3.69442
78.7059 -36.0108 3.69748
78.7692 -36.0497 3.69538
78.6665 -35.984 3.69538
78.8336 -36.0373 3.69149
78.7152 -35.9352 3.69656
78.7663 -36.0326 3.6951
78.7767 -36.0174 3.69763
78.7368 -36.0043 3.69454
78.7022 -36.0463 3.69537
78.8183 -36.0832 3.69399
78.7606 -36.0608 3.69466
78.6873 -36.0574 3.69791
78.7857 -36.0744 3.69508
78.7811 -36.0155 3.69704
78.7915 -36.0369 3.6979
78.7807 -36.0121 3.69463
78.7222 -35.9559 3.69587
78.7995 -36.0027 3.69777
78.7277 -36.0353 3.69668
78.7222 -36.0407 3.69658
78.747 -36.1189 3.69585
78.806 -35.9796 3.6967
78.6508 -36.0054 3.6958
78.7231 -36.0545 3.69611
78.7489 -36.1135 3.69288
78.7153 -36.1384 3.69463
78.7484 -36.0354 3.6955
78.7592 -36.0185 3.69867
78.841 -36.0527 3.69631
78.7432 -36.0237 3.69894
78.7376 -36.0364 3.699
78.8414 -36.0358 3.69929
78.6861 -36.0113 3.69268
78.76 -36.0325 3.69469
78.7051 -36.0116 3.6986
78.8504 -35.9986 3.69633
78.73 -36.0049 3.69412
78.7696 -36.1131 3.69593
78.7477 -35.8985 3.69664
78.7475 -35.895 3.69675
78.7958 -35.9715 3.69356
78.806 -36.1629 3.69536
78.7092 -36.028 3.69573
78.7589 -36.0741 3.69659
78.7566 -36.0704 3.69638
78.7536 -36.087 3.69341
78.7446 -36.0577 3.69563
78.8129 -36.1074 3.698
78.8097 -36.1082 3.698
78.7504 -36.0089 3.6964
78.7877 -36.0255 3.69458
78.8163 -35.9405 3.69378
78.8357 -35.9877 3.69593
78.695 -36.0766 3.69499
78.8046 -35.986 3.69211
78.7095 -36.0229 3.69279
78.8149 -36.0764 3.6938
78.7921 -36.0712 3.69575
78.7545 -36.041 3.69433
78.7656 -36.0451 3.69794
78.7792 -36.0574 3.69726
78.7757 -36.0387 3.69611
78.7095 -35.9808 3.6946
78.7474 -36.0554 3.69467
78.703 -36.009 3.69769
78.7267 -36.0103 3.69844
78.7181 -35.9457 3.69656
78.7903 -36.0816 3.69578
78.7365 -36.108 3.69625
78.7363 -36.1076 3.69626
78.8053 -36.0039 3.6944
78.8067 -35.9684 3.69497
78.7265 -36.1183 3.69463
78.6897 -36.0552 3.69804
78.6908 -36.0573 3.69793
78.7639 -36.0241 3.69633
78.649 -36.0134 3.69503
78.618 -36.0182 3.69228
78.7315 -36.0558 3.69395
78.7815 -35.9679 3.69591
78.7471 -36.0248 3.69537
78.7367 -36.1166 3.69314
78.798 -36.0356 3.69644
78.7814 -35.9669 3.69238
78.8271 -36.0966 3.69534
78.7503 -35.9799 3.69554
78.8431 -35.9745 3.69532
78.7129 -35.8972 3.69509
78.7225 -36.0399 3.69397
78.7613 -36.0194 3.69877
78.7341 -36.0293 3.69584
78.7326 -36.0288 3.69582
78.7401 -36.0322 3.69912
78.7424 -36.0302 3.69891
78.8325 -36.2138 3.69663
78.7784 -36.1685 3.69671
78.8084 -36.0106 3.69572
78.7414 -35.9809 3.69521
78.7638 -35.979 3.69621
78.7009 -36.0159 3.69858
78.7506 -35.9599 3.69516
78.8074 -36.0043 3.69583
78.8109 -35.9504 3.69748
78.6185 -36.0962 3.6963
78.7109 -36.0256 3.69528
78.7527 -36.0916 3.69338
78.741 -36.0994 3.69507
78.7571 -36.0063 3.69655
78.7304 -36.0605 3.69661
78.7367 -36.0681 3.69674
78.757 -35.9226 3.69527
78.7421 -35.9712 3.69541
78.692 -36.0698 3.69514
78.5956 -36.0123 3.69659
78.6624 -36.0102 3.6947
78.6597 -36.008 3.69479
78.711 -35.9901 3.69559
78.8069 -36.0019 3.69585
78.7399 -35.9714 3.69494
78.7253 -36.0338 3.69429
78.7456 -35.9679 3.69463
78.7977 -36.0649 3.69564
78.6857 -36.1462 3.69376
78.8231 -36.0082 3.69822
78.6779 -36.0653 3.69723
78.776 -36.0313 3.69445
78.7754 -36.0416 3.69621
78.7265 -36.0416 3.69724
78.7609 -36.072 3.69551
78.7449 -36.0574 3.69457
78.7951 -35.986 3.69635
78.79 -36.0102 3.69559
78.7097 -35.9339 3.69658
78.8209 -36.1204 3.69299
78.7486 -36.028 3.69455
78.8078 -36.0436 3.69667
78.8261 -36.0022 3.69796
78.7995 -36.0316 3.69634
78.7836 -36.0086 3.69425
78.6943 -36.0606 3.6978
78.6492 -36.0117 3.69499
78.7084 -36.008 3.6947
78.8264 -36.0896 3.69637
78.7775 -36.0572 3.69623
78.7906 -36.0352 3.69771
78.8275 -36.0168 3.69748
78.7349 -36.0764 3.69641
78.8512 -36.0994 3.69513
78.7379 -36.0187 3.69626
78.8417 -35.9774 3.69506
78.6456 -35.9464 3.69646
78.8024 -36.04 3.69733
78.7293 -36.052 3.69358
78.7517 -35.9832 3.69559
78.8277 -35.9671 3.69601
78.8007 -36.0254 3.693
78.7403 -36.0327 3.69902
78.7544 -35.984 3.6955
78.7162 -36.0953 3.693
78.7033 -36.012 3.69856
78.8084 -36.0514 3.69491
78.7723 -36.1075 3.696
78.7896 -36.0043 3.69608
78.6238 -36.1008 3.69635
78.7564 -36.0703 3.69648
78.7277 -35.9803 3.69231
78.7313 -36.0334 3.69418
78.7586 -36.0116 3.69654
78.7806 -36.0248 3.69484
78.8077 -36.0649 3.69914
78.6059 -36.0151 3.69651
78.7024 -35.9964 3.69553
78.8096 -35.996 3.69596
78.7398 -36.0063 3.69722
78.7453 -36.0059 3.69744
78.7747 -36.0303 3.69576
78.7293 -36.0932 3.69448
78.7265 -36.1003 3.69302
78.8343 -35.9708 3.69524
78.7433 -35.9632 3.69473
78.6764 -36.059 3.69739
78.7604 -36.0474 3.69812
78.7663 -36.0409 3.69794
78.785 -35.9651 3.69232
78.7088 -35.9684 3.6969
78.7142 -35.9657 3.69684
78.7625 -36.0736 3.6955
78.6838 -35.9461 3.69266
78.7047 -36.0127 3.69765
78.6963 -36.0117 3.69753
78.8243 -35.9079 3.69854
78.7441 -36.0159 3.69344
78.8323 -35.946 3.69568
78.7273 -36.0321 3.69842
78.7352 -36.1094 3.69635
78.7766 -36.015 3.6975
78.7739 -36.0189 3.6976
78.8664 -36.0746 3.69726
78.7552 -36.0574 3.69478
78.6921 -36.0609 3.69785
78.6476 -36.0105 3.69495
78.709 -36.0108 3.69481
78.796 -35.9913 3.69686
78.7964 -36.0001 3.69519
78.8265 -36.0111 3.69754
78.7804 -35.964 3.69584
78.7269 -36.0803 3.69627
78.7242 -35.9566 3.69597
78.7699 -36.0275 3.69798
78.8008 -36.0414 3.69651
78.7492 -35.9732 3.69454
78.7642 -36.0115 3.69645
78.7468 -36.1181 3.69608
78.6254 -36.0152 3.69428
78.6297 -36.0186 3.69449
78.7801 -35.9809 3.69364
78.6517 -36.0094 3.69572
78.7139 -36.0499 3.69598
78.7271 -36.0611 3.69488
78.752 -36.0349 3.69551
78.7352 -36.0298 3.69585
78.7634 -36.0488 3.6956
78.7435 -36.0314 3.69898
78.724 -36.1821 3.69496
78.8362 -36.2095 3.69668
78.7919 -35.9783 3.6957
78.7046 -36.0326 3.69434
78.8155 -36.0806 3.69486
78.7654 -36.1032 3.69454
78.7027 -36.0098 3.69869
78.7041 -36.0145 3.6988
78.8009 -35.9799 3.69844
78.7422 -35.9425 3.69572
78.7678 -36.1129 3.69585
78.8069 -36.1577 3.69556
78.7557 -36.0758 3.69655
78.772 -36.0971 3.69376
78.7271 -35.9906 3.69597
78.7415 -36.1022 3.69514
78.7397 -36.0578 3.69531
78.737 -36.0713 3.69675
78.7699 -35.9738 3.69453
78.694 -36.0707 3.6951
78.7021 -36.0759 3.69511
78.665 -36.0071 3.6947
78.8318 -35.9935 3.69563
78.747 -36.0056 3.6971
78.7773 -36.0333 3.69585
78.6889 -36.1132 3.69212
78.687 -36.146 3.69372
78.8629 -36.0774 3.69218
78.7561 -36.0403 3.69809
78.8175 -35.989 3.69279
78.8265 -36.0059 3.69654
78.7137 -35.974 3.69687
78.713 -35.9699 3.69672
78.7246 -36.0407 3.69738
78.6651 -36.1401 3.69365
78.7056 -36.0763 3.69401
78.7488 -36.0595 3.69453
78.7 -36.0078 3.69752
78.7933 -35.9862 3.6962
78.7687 -36.0461 3.69546
78.725 -36.0014 3.69863
78.672 -35.9845 3.69541
78.8168 -35.9929 3.69605
78.7231 -36.0373 3.69826
78.7269 -36.0341 3.6982
78.7651 -36.032 3.69514
78.7743 -36.0129 3.69794
78.7467 -36.029 3.69456
78.7311 -36.1307 3.69105
78.7029 -36.0479 3.69508
78.7228 -36.1121 3.69448
78.6941 -36.0561 3.69785
78.802 -35.9944 3.69522
78.7654 -36.0671 3.69458
78.6228 -36.0192 3.69228
78.7786 -35.9791 3.69402
78.7497 -36.0135 3.69523
78.7915 -36.0095 3.69517
78.8187 -36.0424 3.69615
78.7674 -36.0281 3.69809
78.7359 -36.0191 3.69617
78.7961 -36.0029 3.69803
78.8001 -36.0065 3.69797
78.7526 -36.1149 3.69587
78.746 -36.0091 3.69349
78.7539 -35.9845 3.69559
78.796 -36.1223 3.69542
78.7528 -36.0373 3.69546
78.7363 -36.032 3.69589
78.7299 -36.1803 3.69521
78.8098 -36.0037 3.69552
78.7672 -36.0276 3.69484
78.7683 -36.1005 3.69461
78.7688 -35.9824 3.6961
78.7032 -36.0127 3.69866
78.7441 -35.9388 3.69574
78.7483 -35.8981 3.69675
78.8054 -36.0693 3.69278
78.8071 -35.99 3.69434
78.7185 -36.0297 3.69564
78.7496 -35.9623 3.69557
78.7416 -36.0969 3.69496
78.7479 -36.0246 3.69373
78.7337 -36.0664 3.69686
78.7349 -36.037 3.69537
78.6939 -36.07 3.695
78.6675 -36.0054 3.69466
78.7513 -36.0117 3.69401
78.785 -35.9936 3.69665
78.8165 -35.9723 3.69558
78.6865 -36.1419 3.6938
78.6825 -36.0611 3.6973
78.6782 -36.062 3.69731
78.6852 -36.0695 3.69719
78.7444 -36.0015 3.69456
78.7867 -36.0607 3.69748
78.6649 -36.1398 3.69375
78.7987 -35.982 3.69459
78.7939 -35.9899 3.69649
78.671 -35.9877 3.69518
78.7138 -35.9376 3.69675
78.7643 -36.0309 3.69505
78.8953 -36.0363 3.69704
78.8139 -35.9205 3.69684
78.7723 -36.0727 3.69495
78.7907 -36.0504 3.69893
78.8621 -36.0792 3.69758
78.7835 -36.1217 3.69224
78.6487 -36.096 3.6932
78.79 -36.1366 3.6951
78.7596 -36.0233 3.69626
78.8187 -36.0183 3.69565
78.7378 -36.0568 3.69385
78.7932 -36.0334 3.69796
78.7888 -36.0283 3.69793
78.8324 -36.0154 3.69748
78.7296 -36.0708 3.69646
78.7384 -36.0192 3.69609
78.7922 -36.0041 3.69815
78.758 -36.1137 3.69602
78.6946 -36.0133 3.69529
78.7941 -36.0466 3.69719
78.7902 -36.047 3.69707
78.7877 -36.0375 3.69737
78.7174 -36.0514 3.69602
78.8237 -36.1147 3.69324
78.8258 -35.972 3.69575
78.7184 -36.1475 3.69453
78.747 -36.0319 3.69558
78.8565 -36.0347 3.69747
78.7391 -36.0393 3.69903
78.7766 -36.1695 3.69678
78.6055 -35.9971 3.69576
78.7069 -36.0328 3.69426
78.7671 -36.0332 3.69485
78.7632 -36.0357 3.69477
78.7584 -36.1005 3.69464
78.7633 -35.9799 3.69628
78.8067 -36.0516 3.69484
78.8255 -36.0724 3.69344
78.6241 -36.0939 3.69638
78.7112 -36.0287 3.69535
78.7614 -36.0745 3.6964
78.7665 -36.0928 3.69371
78.7367 -36.0965 3.6952
78.746 -36.0493 3.69552
78.7448 -36.003 3.69634
78.7333 -36.0357 3.69532
78.7395 -35.9742 3.69528
78.7012 -36.0688 3.69527
78.8108 -36.0743 3.69461
78.8285 -36.0919 3.6949
78.8384 -35.9961 3.69425
78.8101 -36.0872 3.69401
78.7952 -36.0694 3.69584
78.7955 -36.0589 3.69913
78.6827 -36.0613 3.6973
78.7453 -36.0065 3.69464
78.7884 -35.9663 3.69242
78.772 -36.0404 3.69607
78.7241 -36.0364 3.69727
78.7605 -36.0717 3.69551
78.7536 -35.9734 3.69776
78.7594 -35.9764 3.69753
78.7671 -36.0461 3.69545
78.7742 -36.0477 3.69559
78.6655 -35.9914 3.69531
79.5873 -38.8963 3.69604
