9.81676 -94.4324 3.44771
9.62693 -94.4508 3.4458
9.84633 -94.4627 3.44491
9.7324 -94.4301 3.44517
9.74738 -94.4323 3.446
9.75292 -94.4237 3.44615
9.71095 -94.3966 3.44618
9.70368 -94.3944 3.44613
9.81017 -94.5571 3.44503
9.71797 -94.4171 3.44698
9.75297 -94.3908 3.44963
9.65456 -94.4044 3.44391
9.65906 -94.4056 3.44418
9.76824 -94.5095 3.44557
9.80448 -94.4147 3.4463
9.70913 -94.4967 3.44653
9.70892 -94.4991 3.44662
9.70221 -94.4419 3.44604
9.84719 -94.477 3.45264
9.70638 -94.5125 3.44355
9.7391 -94.4824 3.44055
9.74691 -94.4429 3.44469
9.79456 -94.448 3.44264
9.73484 -94.3934 3.44379
9.73394 -94.4 3.44383
9.65285 -94.5698 3.44873
9.80858 -94.5739 3.43854
9.69277 -94.5027 3.44214
9.77899 -94.423 3.44918
9.76746 -94.4967 3.4477
9.74798 -94.4911 3.4515
9.68583 -94.4074 3.4442
9.68643 -94.4031 3.44411
9.68866 -94.527 3.44418
9.71579 -94.4922 3.44544
9.78386 -94.394 3.44663
9.92332 -94.4585 3.4445
9.7315 -94.543 3.44487
9.75548 -94.4806 3.44649
9.71692 -94.5279 3.44623
9.70549 -94.5431 3.44303
9.77181 -94.4756 3.44261
9.66295 -94.4568 3.448
9.68015 -94.4698 3.44482
9.71474 -94.5585 3.4439
9.60738 -94.5196 3.44537
9.75922 -94.5171 3.44513
9.73005 -94.4827 3.44503
9.64383 -94.4523 3.44508
9.74893 -94.4265 3.45283
9.7474 -94.4159 3.44283
9.64228 -94.4261 3.44349
9.77033 -94.4416 3.44454
9.6918 -94.5105 3.44697
9.76014 -94.4708 3.44383
9.70115 -94.5656 3.44513
9.61864 -94.4678 3.44614
9.6195 -94.4884 3.4475
9.6819 -94.4261 3.44481
9.68236 -94.4167 3.44501
9.68155 -94.4196 3.44492
9.65056 -94.5217 3.44415
9.79679 -94.4111 3.44511
9.80026 -94.4115 3.44555
9.73671 -94.5062 3.44689
9.75278 -94.4853 3.44161
9.65511 -94.4421 3.44588
9.77712 -94.3916 3.44706
9.77269 -94.3976 3.44686
9.7792 -94.5204 3.44296
9.63873 -94.5914 3.44136
9.73856 -94.5186 3.44485
9.78136 -94.4437 3.44797
9.76259 -94.4075 3.44687
9.82992 -94.5569 3.44258
9.69781 -94.4518 3.4469
9.83985 -94.4636 3.44203
9.83822 -94.4645 3.44198
9.67871 -94.4782 3.44569
9.67526 -94.4689 3.44555
9.68183 -94.4908 3.44899
9.64219 -94.409 3.44422
9.71548 -94.5438 3.44746
9.72202 -94.5406 3.44748
9.79178 -94.4543 3.4454
9.78796 -94.4563 3.44529
9.77105 -94.616 3.44601
9.79446 -94.5004 3.45071
9.62877 -94.4114 3.44631
9.73109 -94.4324 3.44537
9.72789 -94.4315 3.44527
9.77001 -94.5501 3.44436
9.80022 -94.5351 3.44159
9.7043 -94.3969 3.44625
9.72822 -94.5511 3.44519
9.81335 -94.4827 3.44421
9.65963 -94.4743 3.4446
9.65671 -94.4052 3.44393
9.77179 -94.5124 3.44543
9.61919 -94.4991 3.44449
9.68489 -94.5432 3.44702
9.70592 -94.4992 3.44652
9.60239 -94.4302 3.44701
9.83832 -94.4467 3.44494
9.76268 -94.4342 3.44346
9.76563 -94.4341 3.44336
9.70661 -94.4739 3.44316
9.74195 -94.4402 3.44445
9.78897 -94.4485 3.44269
9.78963 -94.4089 3.44767
9.72816 -94.3984 3.44363
9.73223 -94.4503 3.44385
9.72804 -94.4472 3.44388
9.73148 -94.5122 3.44663
9.78247 -94.4232 3.44556
9.79366 -94.5959 3.44425
9.58919 -94.4065 3.44554
9.74505 -94.4874 3.45139
9.76465 -94.4462 3.44701
9.7661 -94.5161 3.44575
9.6907 -94.3989 3.44424
9.65507 -94.5251 3.4476
9.76057 -94.4698 3.44631
9.70217 -94.5309 3.44639
9.86484 -94.5017 3.44774
9.7446 -94.5995 3.44363
9.70483 -94.5059 3.44833
9.71559 -94.5112 3.44358
9.74221 -94.5125 3.44749
9.70941 -94.4316 3.45069
9.76656 -94.4785 3.44258
9.61295 -94.4149 3.44488
9.61237 -94.4143 3.44483
9.73906 -94.545 3.44507
9.71776 -94.5601 3.44413
9.775 -94.4248 3.44297
9.68008 -94.5932 3.44419
9.78066 -94.5566 3.44312
9.65702 -94.4502 3.44515
9.77434 -94.5854 3.4458
9.78037 -94.4483 3.44414
9.71364 -94.445 3.45158
9.70879 -94.5548 3.44489
9.71748 -94.4824 3.44664
9.81214 -94.4466 3.44387
9.80059 -94.3835 3.44718
9.73616 -94.379 3.4511
9.81026 -94.4095 3.44914
9.65503 -94.5219 3.43994
9.78076 -94.4241 3.44315
9.78031 -94.4213 3.44311
9.68354 -94.4237 3.44491
9.7057 -94.5008 3.44733
9.80137 -94.4053 3.44545
9.80339 -94.5502 3.442
9.65416 -94.44 3.4459
9.66711 -94.4317 3.44532
9.74174 -94.5067 3.44419
9.8126 -94.4467 3.45067
9.70457 -94.4799 3.44838
9.7814 -94.4465 3.44839
9.76522 -94.4106 3.44685
9.76475 -94.4137 3.44701
9.73524 -94.43 3.44681
9.83984 -94.4613 3.44185
9.83939 -94.4642 3.44222
9.68787 -94.5584 3.44604
9.67251 -94.4627 3.44618
9.69998 -94.4902 3.44595
9.64659 -94.4136 3.44397
9.78598 -94.4516 3.4452
9.6344 -94.5709 3.44171
9.63309 -94.4111 3.44632
9.6324 -94.4169 3.4464
9.78054 -94.4365 3.44516
9.67662 -94.5931 3.44648
9.73157 -94.5734 3.44363
9.83698 -94.4402 3.45199
9.70423 -94.3962 3.44615
9.7747 -94.4478 3.44655
9.81915 -94.4331 3.44933
9.81578 -94.4762 3.4442
9.65896 -94.4048 3.4438
9.65415 -94.4 3.44383
9.76852 -94.4792 3.44645
9.77546 -94.4821 3.44633
9.85902 -94.4472 3.44292
9.61987 -94.4992 3.44445
9.61969 -94.5066 3.44433
9.70658 -94.5019 3.4467
9.5024 -94.539 3.44539
9.83861 -94.4433 3.44516
9.75989 -94.4364 3.44339
9.70342 -94.4667 3.44315
9.65516 -94.6086 3.44357
9.74475 -94.4434 3.44455
9.84176 -94.455 3.44499
9.79711 -94.5117 3.44251
9.79032 -94.4482 3.44278
9.7301 -94.3982 3.44355
9.806 -94.5742 3.43849
9.78226 -94.4264 3.44574
9.78164 -94.4226 3.44568
9.66813 -94.5289 3.44655
9.65762 -94.5526 3.44387
9.72928 -94.6048 3.44401
9.71492 -94.5992 3.44808
9.66166 -94.5208 3.44764
9.73525 -94.5441 3.44595
9.78612 -94.3987 3.44669
9.85224 -94.5166 3.44573
9.80226 -94.4744 3.44363
9.76811 -94.4853 3.44583
9.70349 -94.5423 3.44314
9.7256 -94.5015 3.44229
9.66373 -94.4524 3.44809
9.61491 -94.4119 3.44488
9.61542 -94.413 3.44513
9.81237 -94.3912 3.44792
9.81471 -94.4603 3.44524
9.74075 -94.5642 3.44437
9.77614 -94.4231 3.44289
9.75707 -94.498 3.44531
9.76516 -94.5215 3.4449
9.74562 -94.3429 3.4523
9.83607 -94.5447 3.44752
9.75132 -94.413 3.44257
9.59873 -94.5813 3.44177
9.73997 -94.4251 3.44472
9.77388 -94.4335 3.4445
9.77627 -94.5101 3.44387
9.7111 -94.5603 3.44494
9.76622 -94.4067 3.4424
9.80103 -94.3809 3.44724
9.6952 -94.5613 3.44482
9.70169 -94.5794 3.44252
9.62825 -94.4912 3.44752
9.78174 -94.4245 3.4432
9.67838 -94.4232 3.445
9.801 -94.41 3.4456
9.76274 -94.4066 3.44264
9.7283 -94.5608 3.44261
9.6794 -94.5793 3.44715
9.76965 -94.3883 3.44709
9.81965 -94.4618 3.44466
9.73622 -94.4121 3.44457
9.83555 -94.5084 3.44902
9.69574 -94.4529 3.44697
9.73515 -94.4806 3.4478
9.73724 -94.4774 3.44771
9.75406 -94.4101 3.44671
9.67152 -94.4673 3.44618
9.64536 -94.4084 3.44413
9.69313 -94.5091 3.44598
9.66782 -94.6063 3.44396
9.63256 -94.4155 3.44625
9.73299 -94.4305 3.44518
9.67339 -94.5332 3.44207
9.70569 -94.3917 3.44627
9.66723 -94.4768 3.44361
9.68809 -94.522 3.44328
9.83363 -94.4212 3.44578
9.75061 -94.3847 3.44957
9.66138 -94.4824 3.44482
9.74423 -94.4665 3.44503
9.71368 -94.6907 3.44393
9.80488 -94.416 3.44634
9.80264 -94.4185 3.4462
9.73974 -94.4269 3.44596
9.70037 -94.4434 3.44618
9.74391 -94.557 3.44363
9.75914 -94.4404 3.4433
9.64626 -94.6264 3.44318
9.70472 -94.4669 3.44309
9.66614 -94.4845 3.44439
9.72252 -94.5246 3.44743
9.78503 -94.4015 3.44741
9.73067 -94.396 3.4439
9.79365 -94.44 3.44843
9.74741 -94.5323 3.44443
9.73429 -94.4468 3.44385
9.78525 -94.4312 3.44564
9.80051 -94.5681 3.44439
9.58932 -94.4057 3.44563
9.58594 -94.4085 3.44542
9.86387 -94.515 3.44697
9.76418 -94.4451 3.44699
9.70923 -94.5163 3.44272
9.7429 -94.4444 3.44616
9.75985 -94.465 3.44594
9.74573 -94.5412 3.44599
9.66276 -94.5398 3.44371
9.74674 -94.5405 3.44335
9.72039 -94.5088 3.44344
9.84437 -94.5235 3.44583
9.69635 -94.6116 3.44918
9.76484 -94.491 3.44575
9.77034 -94.471 3.44262
9.61786 -94.4187 3.44491
9.67423 -94.4708 3.44503
9.67596 -94.4675 3.44488
9.69248 -94.6046 3.44677
9.80932 -94.3933 3.44788
9.68428 -94.5485 3.44721
9.74003 -94.4982 3.44863
9.76917 -94.5635 3.44416
9.7641 -94.4982 3.44533
9.7248 -94.4817 3.44517
9.6472 -94.4514 3.44508
9.75167 -94.4137 3.44284
9.78185 -94.4511 3.44414
9.66757 -94.5572 3.44767
9.73553 -94.422 3.44464
9.77224 -94.4376 3.44456
9.77605 -94.5092 3.44362
9.68962 -94.5224 3.44547
9.76466 -94.4064 3.44225
9.79955 -94.3844 3.44719
9.62018 -94.4623 3.44617
9.68978 -94.4858 3.44383
9.68393 -94.4253 3.44511
9.80352 -94.4182 3.44544
9.80057 -94.4089 3.44538
9.77838 -94.4546 3.44763
9.66405 -94.5157 3.44706
9.757 -94.4919 3.44174
9.44189 -94.5207 3.44436
9.76956 -94.3911 3.44714
9.64038 -94.5913 3.44158
9.89836 -94.5371 3.44573
9.81579 -94.4469 3.45067
9.83391 -94.5086 3.449
9.78259 -94.4484 3.44809
9.82243 -94.5589 3.44259
9.74191 -94.4304 3.44705
9.73846 -94.4788 3.44782
9.68282 -94.4741 3.44564
9.74198 -94.5524 3.44396
9.75389 -94.4987 3.44194
9.69557 -94.4916 3.44617
9.64902 -94.4103 3.44428
9.69749 -94.5071 3.44608
9.81944 -94.4214 3.44752
9.78699 -94.438 3.44525
9.78104 -94.438 3.44522
9.78123 -94.4385 3.44515
9.74576 -94.4293 3.44597
9.72482 -94.5364 3.44669
9.70935 -94.3846 3.44611
9.77445 -94.4496 3.44636
9.68994 -94.5223 3.44309
9.68484 -94.5262 3.44313
9.81738 -94.4791 3.44415
9.67992 -94.5169 3.44807
9.6587 -94.4031 3.44384
9.74483 -94.4674 3.44501
9.809 -94.4572 3.44454
9.85587 -94.4504 3.44292
9.61214 -94.5025 3.44436
9.73072 -94.592 3.4466
9.73694 -94.4339 3.44599
9.82782 -94.4872 3.44694
9.83889 -94.45 3.4451
9.74736 -94.5563 3.44319
9.75578 -94.4458 3.44336
9.71117 -94.4864 3.44383
9.70909 -94.4712 3.4429
9.72139 -94.5279 3.4474
9.73108 -94.5496 3.44511
9.72461 -94.5525 3.44506
9.73074 -94.4004 3.44391
9.60046 -94.5223 3.44603
9.73211 -94.4848 3.44441
9.73264 -94.5109 3.44666
9.77953 -94.4241 3.44567
9.53279 -94.5529 3.44597
9.73116 -94.5026 3.44746
9.81901 -94.589 3.44419
9.69059 -94.4008 3.44429
9.73789 -94.4452 3.44625
9.73833 -94.4418 3.44601
9.737 -94.44 3.44609
9.76493 -94.4599 3.44634
9.72061 -94.487 3.4453
9.78102 -94.3985 3.44673
9.66445 -94.5455 3.4437
9.71498 -94.5045 3.44361
9.69704 -94.5767 3.44493
9.84388 -94.5441 3.44446
9.77399 -94.4802 3.44278
9.66741 -94.456 3.44802
9.60922 -94.4128 3.4449
9.76976 -94.5872 3.4468
9.74477 -94.4986 3.44866
9.77845 -94.4222 3.44304
9.76003 -94.5029 3.44525
9.78227 -94.5628 3.44314
9.7469 -94.3469 3.45231
9.74976 -94.42 3.44301
9.63655 -94.4289 3.44326
9.64017 -94.4257 3.44336
9.7311 -94.5272 3.44475
9.77088 -94.5086 3.44357
9.75707 -94.408 3.44249
9.81074 -94.4479 3.44375
9.79686 -94.3822 3.44724
9.68184 -94.5712 3.44157
9.7865 -94.5171 3.44376
9.70393 -94.5782 3.44244
9.77524 -94.4208 3.44326
9.68137 -94.427 3.44512
9.68599 -94.4232 3.44492
9.76307 -94.4126 3.44281
9.73613 -94.513 3.44702
9.50264 -94.4781 3.44582
9.66147 -94.4399 3.44595
9.6627 -94.4294 3.44515
9.77276 -94.5253 3.44324
9.81765 -94.4739 3.44466
9.62899 -94.5941 3.44417
9.73614 -94.4097 3.44453
9.76525 -94.4116 3.44689
9.68841 -94.5113 3.4434
9.81549 -94.4387 3.44899
9.7764 -94.4889 3.44508
9.6451 -94.4141 3.4442
9.57483 -94.5764 3.44226
9.62727 -94.4494 3.44571
9.84591 -94.4594 3.44485
9.74397 -94.4301 3.44595
9.72185 -94.5361 3.44669
9.6752 -94.4725 3.44342
9.82476 -94.4359 3.44948
9.64834 -94.6053 3.44157
9.75786 -94.3888 3.44957
9.65205 -94.4104 3.44389
9.65684 -94.409 3.44397
9.65391 -94.405 3.444
9.80496 -94.455 3.44434
9.80236 -94.4633 3.44441
9.61663 -94.499 3.4443
9.74017 -94.4336 3.4456
9.74002 -94.432 3.44584
9.60115 -94.4334 3.44688
9.60072 -94.4309 3.44691
9.76457 -94.4385 3.44355
9.70988 -94.4893 3.44371
9.7366 -94.4746 3.44051
9.74663 -94.477 3.4404
9.67345 -94.4871 3.44444
9.83404 -94.4602 3.44512
9.83636 -94.4546 3.44502
9.79218 -94.4091 3.4474
9.82009 -94.5947 3.4447
9.81948 -94.4908 3.44682
9.7577 -94.5214 3.44412
9.6885 -94.4984 3.44229
9.68949 -94.4968 3.4423
9.7421 -94.5173 3.44683
9.7897 -94.5914 3.44402
9.76939 -94.4511 3.44698
9.66251 -94.5492 3.44381
9.68347 -94.4094 3.44433
9.68021 -94.4058 3.44411
9.74114 -94.442 3.44628
9.72116 -94.4858 3.44545
9.7805 -94.3976 3.44686
9.61522 -94.4779 3.44669
9.7174 -94.511 3.44347
9.58956 -94.5153 3.44522
9.76433 -94.4703 3.44274
9.7631 -94.4723 3.44284
9.7641 -94.4819 3.44279
9.60933 -94.4144 3.44517
9.67708 -94.4738 3.44484
9.67949 -94.4677 3.44508
9.73647 -94.5392 3.44509
9.77594 -94.4217 3.44297
9.82888 -94.4476 3.44867
9.84435 -94.4832 3.44502
9.7393 -94.5476 3.4456
9.82682 -94.4996 3.44864
9.75286 -94.4231 3.4429
9.78233 -94.452 3.44396
9.64297 -94.4238 3.44341
9.67335 -94.5555 3.44775
9.73432 -94.4233 3.44475
9.76471 -94.4114 3.44246
9.76624 -94.4111 3.44236
9.80325 -94.3873 3.44727
9.79537 -94.5339 3.44981
9.7825 -94.5144 3.4438
9.66658 -94.4651 3.44685
9.71758 -94.5634 3.44421
9.70231 -94.5734 3.44524
9.80422 -94.4123 3.44536
9.76668 -94.4086 3.44267
9.70928 -94.5377 3.44393
9.43557 -94.5234 3.44425
11.4662 -94.4352 3.45331
