67.7794 -44.2965 3.82222
67.7395 -44.159 3.82246
67.721 -44.2802 3.82212
67.7271 -44.2223 3.82302
67.7399 -44.1683 3.82222
67.7398 -44.1615 3.82212
67.7284 -44.3673 3.8236
67.7773 -44.1909 3.82389
67.7202 -44.0623 3.82266
67.7166 -44.0644 3.82241
67.8107 -44.2372 3.82398
67.7802 -44.2551 3.82339
67.8624 -44.2667 3.82489
67.7395 -44.2718 3.82302
67.6764 -44.1837 3.82626
67.7076 -44.2378 3.82542
67.7415 -44.149 3.82589
67.8699 -44.2598 3.82301
67.8135 -44.2838 3.82353
67.8055 -44.1083 3.82303
67.7326 -44.3037 3.82269
67.6689 -44.1918 3.82173
67.7508 -44.225 3.82254
67.7679 -44.2721 3.82458
67.7185 -44.2438 3.82502
67.7043 -44.2183 3.82214
67.7705 -44.262 3.82272
67.841 -44.1461 3.82305
67.8477 -44.1383 3.82316
67.6943 -44.2306 3.82293
67.7903 -44.2048 3.82357
67.7515 -44.2601 3.8222
67.7527 -44.2631 3.8223
67.7579 -44.2569 3.8223
67.7024 -44.233 3.8228
67.7857 -44.2159 3.82466
67.7322 -44.175 3.82475
67.7254 -44.1846 3.82308
67.7212 -44.1929 3.823
67.7625 -44.2296 3.82493
67.6598 -44.2514 3.82298
67.6647 -44.2283 3.82332
67.7584 -44.1935 3.82407
67.76 -44.1925 3.82392
67.7317 -44.317 3.82354
67.7537 -44.2071 3.82196
67.7976 -44.1358 3.82303
67.791 -44.1738 3.82577
67.7767 -44.1668 3.82324
67.6772 -44.3029 3.8239
67.6238 -44.1753 3.82313
67.7604 -44.1809 3.82281
67.7564 -44.1762 3.82298
67.7903 -44.1567 3.82508
67.7914 -44.2429 3.82248
67.8152 -44.1542 3.82433
67.8222 -44.1593 3.82424
67.7884 -44.1972 3.82166
67.7689 -44.1652 3.82538
67.7516 -44.3209 3.82231
67.6973 -44.3458 3.81989
67.794 -44.2259 3.82034
67.731 -44.1455 3.82184
67.7349 -44.1754 3.82259
67.7407 -44.2985 3.82344
67.7289 -44.1235 3.82144
67.7329 -44.2835 3.82296
67.7928 -44.1734 3.8251
67.6895 -44.1337 3.82601
67.7233 -44.2607 3.82293
67.7014 -44.1659 3.82182
67.6853 -44.2714 3.82329
67.7736 -44.189 3.82202
67.7312 -44.2083 3.82
67.8113 -44.2012 3.82128
67.8129 -44.2006 3.82108
67.7007 -44.1733 3.82267
67.6996 -44.1687 3.82266
67.7378 -44.2032 3.82438
67.7921 -44.2375 3.82215
67.7935 -44.2461 3.8224
67.7708 -44.1812 3.82455
67.8363 -44.251 3.82653
67.7567 -44.1988 3.82355
67.7562 -44.1971 3.82364
67.7696 -44.2165 3.82508
67.7029 -44.2596 3.82652
67.8343 -44.198 3.82398
67.8344 -44.1971 3.82433
67.8242 -44.1849 3.82489
67.8245 -44.1774 3.8251
67.7545 -44.259 3.82278
67.7605 -44.3222 3.82218
67.7585 -44.2272 3.82395
67.6996 -44.2023 3.82366
67.6738 -44.2677 3.8209
67.8178 -44.2181 3.8218
67.8135 -44.2174 3.82179
67.7707 -44.1962 3.82189
67.7261 -44.1615 3.82161
67.6544 -44.1233 3.82263
67.771 -44.1871 3.82527
67.7499 -44.2309 3.82575
67.7103 -44.1525 3.824
67.6122 -44.1597 3.823
67.7489 -44.2683 3.82206
67.7114 -44.1789 3.82363
67.6767 -44.2423 3.8236
67.7266 -44.2665 3.82214
67.7916 -44.1253 3.8251
67.7437 -44.1502 3.82299
67.7157 -44.1683 3.82284
67.7002 -44.2745 3.82244
67.7018 -44.2684 3.82276
67.7177 -44.2492 3.82023
67.7172 -44.2506 3.8202
67.7799 -44.226 3.82343
67.7274 -44.1534 3.82494
67.816 -44.1316 3.82441
67.8176 -44.1325 3.82444
67.7651 -44.2011 3.82566
67.6635 -44.2194 3.82346
67.736 -44.1479 3.82583
67.7232 -44.1697 3.82423
67.6609 -44.207 3.82558
67.7847 -44.2676 3.82057
67.6689 -44.1741 3.82391
67.669 -44.1707 3.8237
67.6684 -44.172 3.82376
67.8098 -44.3249 3.82403
67.7875 -44.2111 3.82589
67.7591 -44.2127 3.82368
67.8451 -44.2032 3.82288
67.8479 -44.196 3.82298
67.7512 -44.2709 3.82365
67.7933 -44.1914 3.82279
67.6526 -44.1653 3.82142
67.7268 -44.1655 3.82223
67.7973 -44.2428 3.82176
67.7503 -44.2367 3.82116
67.7949 -44.1963 3.82485
67.7945 -44.198 3.82458
67.7087 -44.2124 3.82565
67.7836 -44.2224 3.82417
67.7806 -44.2234 3.82401
67.7734 -44.3002 3.82368
67.6915 -44.2457 3.82289
67.7215 -44.1451 3.82467
67.8064 -44.2033 3.82528
67.797 -44.1614 3.82673
67.6641 -44.1823 3.82453
67.724 -44.3194 3.82245
67.7431 -44.1943 3.82149
67.8432 -44.2437 3.8228
67.733 -44.2045 3.82458
67.7569 -44.1859 3.82394
67.7527 -44.1881 3.82402
67.6955 -44.1764 3.82438
67.7307 -44.1979 3.82352
67.7665 -44.3028 3.82561
67.7231 -44.2648 3.82269
67.7897 -44.1086 3.82287
67.7366 -44.1441 3.82432
67.7997 -44.2033 3.82283
67.8426 -44.2066 3.82724
67.8411 -44.202 3.82787
67.7202 -44.2214 3.8231
67.7658 -44.1509 3.82888
67.6965 -44.1911 3.82644
67.8134 -44.2081 3.82518
67.7397 -44.2825 3.82079
67.7384 -44.2852 3.82065
67.7023 -44.2219 3.82252
67.7814 -44.2895 3.82204
67.7411 -44.1613 3.82245
67.7216 -44.2789 3.82178
67.7068 -44.2555 3.82601
67.7723 -44.1785 3.82391
67.7158 -44.0596 3.82256
67.7809 -44.256 3.8234
67.8414 -44.2665 3.82405
67.7374 -44.2757 3.82314
67.7344 -44.2765 3.82298
67.6961 -44.1952 3.8244
67.7733 -44.1788 3.82518
67.7042 -44.1931 3.82323
67.6642 -44.2435 3.82485
67.7341 -44.094 3.82274
67.7651 -44.1758 3.82199
67.7629 -44.1757 3.82184
67.6692 -44.2285 3.82171
67.7544 -44.2273 3.82267
67.763 -44.1767 3.82213
67.7118 -44.2476 3.82461
67.7523 -44.2715 3.82185
67.7264 -44.3255 3.82245
67.7163 -44.1508 3.82293
67.8422 -44.137 3.82303
67.7842 -44.2068 3.82343
67.6927 -44.1671 3.82138
67.7534 -44.2613 3.82221
67.7552 -44.2438 3.82198
67.7541 -44.2407 3.82206
67.7231 -44.1896 3.82313
67.7608 -44.224 3.82509
67.6414 -44.1985 3.82021
67.763 -44.1868 3.82394
67.7568 -44.1923 3.82396
67.701 -44.1408 3.82063
67.7562 -44.2045 3.82182
67.7362 -44.2706 3.82152
67.747 -44.2748 3.82161
67.785 -44.1688 3.82329
67.778 -44.1655 3.82324
67.797 -44.1058 3.82576
67.8009 -44.1097 3.82559
67.7622 -44.1815 3.8228
67.7281 -44.2465 3.82296
67.6794 -44.231 3.81905
67.7503 -44.2022 3.82315
67.8091 -44.1595 3.82416
67.7302 -44.2225 3.82377
67.7141 -44.3361 3.82306
67.7465 -44.3212 3.82244
67.7314 -44.1081 3.8261
67.7566 -44.2892 3.82321
67.7535 -44.2937 3.82323
67.7292 -44.198 3.82249
67.7074 -44.2638 3.82011
67.7252 -44.1459 3.82169
67.7348 -44.1758 3.82237
67.7711 -44.1589 3.82416
67.7729 -44.1608 3.82402
67.8624 -44.1862 3.82682
67.7419 -44.2898 3.82288
67.731 -44.1668 3.82319
67.7839 -44.1732 3.82519
67.7246 -44.2555 3.82281
67.7027 -44.2515 3.82266
67.7787 -44.2563 3.82098
67.7793 -44.1906 3.8221
67.7048 -44.2599 3.82481
67.7576 -44.262 3.81841
67.7119 -44.2398 3.8243
67.7292 -44.204 3.82419
67.7065 -44.1526 3.82614
67.7833 -44.2449 3.82235
67.7702 -44.1941 3.8246
67.7583 -44.1925 3.82373
67.7285 -44.2364 3.82139
67.7404 -44.1983 3.82322
67.7409 -44.0775 3.82754
67.8309 -44.1949 3.82437
67.8247 -44.1779 3.82492
67.8246 -44.1819 3.82485
67.7244 -44.2312 3.8289
67.6976 -44.2276 3.82387
67.7559 -44.2214 3.82193
67.7733 -44.1921 3.82194
67.7839 -44.2102 3.82413
67.7727 -44.3468 3.82264
67.7719 -44.1328 3.82498
67.7704 -44.1885 3.82548
67.6426 -44.3036 3.82096
67.7091 -44.1612 3.82422
67.7349 -44.2238 3.82171
67.7124 -44.1825 3.82334
67.7112 -44.2286 3.82566
67.6759 -44.2478 3.82355
67.7207 -44.2696 3.82203
67.7417 -44.1538 3.82287
67.7443 -44.1499 3.82294
67.7417 -44.1652 3.82152
67.6764 -44.2056 3.82433
67.712 -44.2512 3.82025
67.7769 -44.217 3.8234
67.7249 -44.1456 3.82484
67.8136 -44.1296 3.82447
67.758 -44.2043 3.82569
67.7317 -44.2602 3.82338
67.6815 -44.2513 3.82306
67.7415 -44.1479 3.82613
67.609 -44.2158 3.82248
67.7129 -44.2352 3.82158
67.7573 -44.1216 3.82322
67.7431 -44.1768 3.82285
67.8278 -44.3077 3.8217
67.7649 -44.2131 3.82378
67.7933 -44.2356 3.8225
67.8474 -44.1929 3.82295
67.8408 -44.1974 3.82303
67.7949 -44.1888 3.82302
67.7416 -44.1972 3.82476
67.6636 -44.164 3.82151
67.7172 -44.165 3.82239
67.7951 -44.2405 3.82172
67.8348 -44.2374 3.82022
67.8161 -44.2153 3.82347
67.7907 -44.1986 3.82461
67.7914 -44.2006 3.82457
67.7853 -44.2234 3.8241
67.6888 -44.2498 3.82277
67.7757 -44.1927 3.82567
67.7778 -44.1909 3.82562
67.8055 -44.213 3.82537
67.811 -44.2041 3.82519
67.7013 -44.1765 3.82171
67.7885 -44.1767 3.82501
67.7487 -44.2147 3.82474
67.7445 -44.194 3.82141
67.7461 -44.1932 3.8215
67.843 -44.2406 3.82303
67.7434 -44.2099 3.82317
67.7521 -44.1874 3.82395
67.8344 -44.2643 3.82343
67.6832 -44.2291 3.82543
67.7457 -44.1388 3.8261
67.7653 -44.3027 3.82524
67.7179 -44.166 3.82388
67.7841 -44.1124 3.82306
67.7937 -44.2121 3.82275
67.7068 -44.1801 3.82521
67.7149 -44.2618 3.8228
67.7809 -44.1812 3.82187
67.7047 -44.1878 3.82254
67.7676 -44.1667 3.82672
67.695 -44.1873 3.82628
67.8134 -44.2083 3.82522
67.697 -44.3165 3.82405
67.781 -44.3267 3.82287
67.7338 -44.2888 3.82059
67.709 -44.3569 3.82182
67.7291 -44.2797 3.82633
67.7272 -44.2788 3.82609
67.7372 -44.1593 3.82242
67.7301 -44.2656 3.82394
67.7213 -44.2088 3.82379
67.7433 -44.1672 3.82231
67.7634 -44.2594 3.82423
67.6978 -44.2169 3.82359
67.7779 -44.2576 3.8234
67.7803 -44.2521 3.82331
67.6981 -44.2439 3.82447
67.7171 -44.1715 3.82535
67.7154 -44.234 3.82564
67.7412 -44.1488 3.82574
67.8453 -44.2497 3.82064
67.6989 -44.1925 3.82323
67.6726 -44.2945 3.82449
67.6396 -44.2481 3.82537
67.7366 -44.0935 3.82277
67.7295 -44.0937 3.82292
67.6652 -44.2359 3.82188
67.7529 -44.2308 3.82279
67.7685 -44.2775 3.82435
67.7521 -44.2744 3.82157
67.7525 -44.1509 3.82389
67.7393 -44.185 3.8286
67.8457 -44.1433 3.82302
67.787 -44.2015 3.82354
67.7804 -44.2034 3.82343
67.7557 -44.257 3.82233
67.7476 -44.1599 3.82831
67.7853 -44.2205 3.82479
67.7571 -44.2361 3.82221
67.732 -44.1722 3.82482
67.6724 -44.2555 3.81866
67.7187 -44.1925 3.82305
67.7135 -44.1242 3.82311
67.609 -44.2115 3.81966
67.7595 -44.1939 3.8238
67.7578 -44.1908 3.82384
67.7612 -44.2139 3.82498
67.7887 -44.1734 3.82566
67.7828 -44.1676 3.82333
67.7559 -44.1549 3.82518
67.8049 -44.1064 3.82554
67.7639 -44.2466 3.82455
67.7577 -44.1834 3.82297
67.7579 -44.1812 3.82286
67.7059 -44.2237 3.82327
67.7918 -44.1542 3.82512
67.7908 -44.2476 3.82249
67.7442 -44.2018 3.82302
67.6953 -44.2677 3.82319
67.8143 -44.1494 3.82432
67.7879 -44.201 3.82188
67.7904 -44.1957 3.82194
67.7655 -44.167 3.82528
67.7482 -44.3179 3.82212
67.7658 -44.164 3.82272
67.7699 -44.1602 3.82296
67.7608 -44.1602 3.82275
67.7539 -44.2667 3.82226
67.7498 -44.272 3.82207
67.73 -44.1438 3.82175
67.7351 -44.1773 3.82237
67.7493 -44.3913 3.82169
67.7411 -44.3203 3.82418
67.7326 -44.1718 3.82323
67.7622 -44.1639 3.82457
67.7052 -44.1658 3.82189
67.5787 -44.2153 3.82436
67.7542 -44.256 3.82327
67.7339 -44.2083 3.82024
67.8135 -44.1972 3.82105
67.6983 -44.1752 3.82271
67.7476 -44.2298 3.82463
67.7853 -44.2479 3.82232
67.7921 -44.3035 3.82304
67.7598 -44.1933 3.82354
67.734 -44.197 3.82329
67.7221 -44.2766 3.82234
67.7438 -44.0794 3.82759
67.7525 -44.2623 3.8228
67.7671 -44.326 3.82203
67.7421 -44.2469 3.8255
67.8215 -44.2155 3.82198
67.7646 -44.1937 3.82181
67.787 -44.2175 3.82432
67.7703 -44.3439 3.82275
67.7748 -44.1224 3.82523
67.7401 -44.2242 3.82573
67.8607 -44.2072 3.82427
67.8582 -44.2775 3.82255
67.612 -44.1599 3.82316
67.7503 -44.2535 3.82184
67.8125 -44.2335 3.82242
67.8056 -44.2536 3.82419
67.7494 -44.1051 3.82397
67.7549 -44.2479 3.82138
67.7912 -44.1186 3.82524
67.7922 -44.123 3.82511
67.744 -44.168 3.82146
67.723 -44.169 3.82298
67.6666 -44.1535 3.82228
67.7193 -44.2518 3.82017
67.7219 -44.2512 3.82011
67.7822 -44.217 3.82335
67.8134 -44.1292 3.82429
67.8138 -44.1323 3.8243
67.7774 -44.1578 3.82733
67.6766 -44.1118 3.8254
67.6835 -44.1144 3.82546
67.7334 -44.146 3.82581
67.868 -44.2452 3.82442
67.7256 -44.1703 3.82425
67.7585 -44.1217 3.82308
67.7463 -44.1781 3.82291
67.8044 -44.3267 3.82389
67.6753 -44.224 3.81926
67.8418 -44.1948 3.82312
67.8437 -44.1938 3.82307
67.8018 -44.1888 3.82286
67.7411 -44.2007 3.82489
67.7392 -44.1713 3.8237
67.7441 -44.1788 3.82371
67.7143 -44.1662 3.82233
67.7986 -44.2414 3.82158
67.74 -44.2457 3.82116
67.8168 -44.2132 3.82333
67.8252 -44.2088 3.8233
67.7933 -44.2014 3.82442
67.7798 -44.2237 3.82426
67.7828 -44.188 3.82576
67.8107 -44.202 3.82526
67.7934 -44.245 3.82055
67.6686 -44.1781 3.82464
67.7931 -44.1751 3.82502
67.7875 -44.1781 3.82502
67.6651 -44.3045 3.8207
67.6572 -44.3034 3.82069
67.7473 -44.2107 3.82318
67.7435 -44.2143 3.82316
67.7345 -44.2785 3.825
67.7549 -44.1851 3.82391
67.6846 -44.2353 3.82577
67.6893 -44.1742 3.82436
67.7458 -44.1516 3.82589
67.6489 -44.1858 3.82651
67.7227 -44.1676 3.82396
67.7248 -44.2594 3.82256
67.7571 -44.2459 3.82218
67.6716 -44.0542 3.8247
67.801 -44.2034 3.82266
67.8342 -44.2064 3.82771
67.7772 -44.1836 3.82173
67.7691 -44.1658 3.8268
67.7824 -44.3306 3.8225
67.7162 -44.1871 3.82767
67.7373 -44.285 3.82079
67.7028 -44.2146 3.82224
67.7829 -44.2893 3.82207
67.6982 -44.2542 3.82446
67.7338 -44.2629 3.82361
67.664 -44.1982 3.82128
67.7375 -44.1713 3.82228
67.7804 -44.1889 3.82385
67.7725 -44.2872 3.82164
68.3734 -47.1484 3.82177
