58.8861 -52.8538 3.91289
58.7946 -52.7553 3.91557
58.6719 -52.7592 3.91602
58.7998 -52.7386 3.91648
58.7963 -52.7566 3.91384
58.7786 -52.7778 3.91411
58.778 -52.7769 3.91426
58.838 -52.8376 3.91402
58.8306 -52.7882 3.91435
58.7638 -52.7506 3.91959
58.7837 -52.7445 3.91516
58.751 -52.7051 3.91795
58.7798 -52.7854 3.91319
58.8151 -52.7674 3.91226
58.7937 -52.7837 3.91867
58.8745 -52.8505 3.91768
58.7854 -52.7879 3.91726
58.7559 -52.751 3.91567
58.7985 -52.7432 3.9132
58.799 -52.754 3.91719
58.8933 -52.86 3.91269
58.8913 -52.8549 3.91278
58.7852 -52.7335 3.91602
58.7984 -52.7655 3.91376
58.7426 -52.7396 3.91711
58.794 -52.7456 3.91649
58.7707 -52.8055 3.91647
58.8117 -52.8404 3.9155
58.7574 -52.7467 3.91115
58.839 -52.8441 3.91399
58.7397 -52.7083 3.91552
58.7542 -52.7262 3.91686
58.8192 -52.7964 3.91732
58.7711 -52.7981 3.91729
58.7313 -52.7633 3.91713
58.8165 -52.7902 3.91272
58.8111 -52.7913 3.91263
58.8133 -52.7717 3.91215
58.8603 -52.8284 3.91637
58.7347 -52.7493 3.91158
58.8673 -52.8509 3.91747
58.8742 -52.8923 3.917
58.7575 -52.7515 3.91557
58.764 -52.7499 3.91156
58.7626 -52.7549 3.91152
58.6836 -52.7723 3.91036
58.895 -52.8579 3.91275
58.8094 -52.8145 3.91424
58.8617 -52.8269 3.91411
58.7705 -52.7744 3.91553
58.8203 -52.7726 3.91688
58.792 -52.7612 3.9142
58.7924 -52.7766 3.91386
58.8378 -52.8426 3.91378
58.7583 -52.7384 3.91493
58.7737 -52.7435 3.9155
58.7638 -52.7721 3.91385
58.8054 -52.7949 3.91522
58.841 -52.8723 3.91607
58.841 -52.8682 3.91621
58.8016 -52.7986 3.91247
58.8586 -52.8234 3.91661
58.8741 -52.8964 3.91701
58.7867 -52.7679 3.91192
58.7811 -52.8299 3.9145
58.81 -52.7826 3.9153
58.812 -52.7804 3.91542
58.8076 -52.7759 3.91538
58.7348 -52.7288 3.91312
58.835 -52.7794 3.91955
58.8356 -52.7782 3.91956
58.7975 -52.7685 3.91389
58.8139 -52.8152 3.91424
58.8153 -52.7768 3.91161
58.7779 -52.7346 3.91086
58.7745 -52.8049 3.91659
58.7907 -52.7611 3.91317
58.7746 -52.7869 3.91486
58.7898 -52.7727 3.91388
58.8378 -52.8421 3.91383
58.837 -52.7889 3.91413
58.7465 -52.7492 3.91287
58.8583 -52.8052 3.9098
58.7702 -52.7829 3.91391
58.8042 -52.791 3.91514
58.8435 -52.8663 3.91627
58.8061 -52.7741 3.9121
58.8546 -52.8272 3.91678
58.871 -52.8957 3.91712
58.7906 -52.7697 3.91167
58.8144 -52.779 3.9155
58.7613 -52.7532 3.91149
58.7714 -52.7081 3.91409
58.8362 -52.7797 3.9195
58.7832 -52.7853 3.91116
58.7983 -52.7647 3.91411
58.7446 -52.7465 3.91718
58.8607 -52.825 3.91427
58.7105 -52.74 3.91287
58.7698 -52.7711 3.91561
58.7721 -52.7838 3.91466
58.7873 -52.7682 3.91366
58.7492 -52.7489 3.91121
58.8238 -52.7987 3.9173
58.8216 -52.7953 3.91743
58.8043 -52.7591 3.91634
58.748 -52.8088 3.91411
58.8216 -52.7957 3.91281
58.8441 -52.8677 3.91595
58.8246 -52.8042 3.918
58.8741 -52.8521 3.91775
58.8726 -52.8494 3.91763
58.874 -52.8981 3.91699
58.8724 -52.8994 3.91705
58.7941 -52.7664 3.91175
58.7576 -52.755 3.91566
58.7978 -52.8096 3.91493
58.7877 -52.7803 3.9111
58.8977 -52.8581 3.91308
58.7917 -52.7718 3.9151
58.8198 -52.7717 3.91171
58.8642 -52.8289 3.91433
58.8626 -52.8287 3.9142
58.8206 -52.7598 3.91558
58.8197 -52.8628 3.91604
58.8125 -52.8613 3.91575
58.8047 -52.7556 3.91718
58.7643 -52.7249 3.91518
58.8183 -52.7989 3.91727
58.7621 -52.7213 3.91476
58.8008 -52.7573 3.91641
58.7641 -52.7935 3.91737
58.7741 -52.8004 3.91714
58.7689 -52.7781 3.9139
58.7835 -52.7829 3.91319
58.843 -52.8753 3.91615
58.798 -52.7827 3.91865
58.8582 -52.8211 3.91646
58.8692 -52.8548 3.91773
58.7781 -52.7898 3.91716
58.7888 -52.7689 3.9118
58.786 -52.827 3.91437
58.8038 -52.7628 3.91702
58.796 -52.7645 3.91294
58.9037 -52.8563 3.913
58.8974 -52.8521 3.91288
58.7907 -52.736 3.91606
58.8586 -52.818 3.92203
58.7575 -52.7217 3.9179
58.7656 -52.7773 3.91725
58.8628 -52.8274 3.91426
58.865 -52.8253 3.91405
58.7693 -52.7591 3.91468
58.7618 -52.8033 3.91494
58.7725 -52.7803 3.91538
58.8236 -52.7706 3.91667
58.751 -52.7676 3.91296
58.8139 -52.8422 3.91573
58.789 -52.7736 3.91387
58.8308 -52.7921 3.91405
58.7722 -52.7369 3.9155
58.7682 -52.783 3.91371
58.805 -52.7934 3.9152
58.8216 -52.7903 3.91263
58.8001 -52.7488 3.91543
58.8226 -52.7955 3.91806
58.8693 -52.8562 3.91752
58.7576 -52.7824 3.91684
58.7857 -52.7514 3.91622
58.7737 -52.7696 3.91234
58.7943 -52.7647 3.91299
58.7804 -52.7818 3.91106
58.9015 -52.8542 3.91286
58.7879 -52.7399 3.91605
58.818 -52.8124 3.91421
58.8673 -52.8274 3.91443
58.8655 -52.8215 3.9145
58.735 -52.7977 3.91392
58.7697 -52.7818 3.9157
58.8121 -52.8431 3.91568
58.8119 -52.8567 3.91583
58.8334 -52.8443 3.91395
58.8402 -52.8431 3.91392
58.7457 -52.7814 3.91587
58.7338 -52.7945 3.91474
58.7724 -52.7904 3.91728
58.7515 -52.7681 3.91505
58.7976 -52.7547 3.91533
58.7397 -52.7426 3.91155
58.8717 -52.8892 3.91702
58.763 -52.7831 3.91697
58.7981 -52.8048 3.91333
58.8126 -52.7755 3.91346
58.8068 -52.7773 3.91544
58.7901 -52.7745 3.9179
58.7846 -52.7771 3.91123
58.7864 -52.781 3.91494
58.7973 -52.7557 3.91541
58.8141 -52.817 3.91426
58.8173 -52.7734 3.91171
58.7689 -52.7369 3.91356
58.7504 -52.7224 3.91223
58.8606 -52.821 3.91435
58.7003 -52.7623 3.91337
58.7783 -52.8093 3.91688
58.8163 -52.7633 3.91546
58.7718 -52.7909 3.91464
58.7524 -52.7493 3.91125
58.8335 -52.8366 3.91397
58.836 -52.8419 3.91385
58.8212 -52.793 3.91728
58.7257 -52.7853 3.9148
58.7643 -52.768 3.91375
58.8005 -52.7885 3.91512
58.8174 -52.7884 3.91282
58.7261 -52.7242 3.91746
58.8223 -52.7998 3.91785
58.854 -52.8219 3.91647
58.8744 -52.85 3.91773
58.8733 -52.8941 3.91721
58.7804 -52.7958 3.91736
58.7555 -52.7565 3.91548
58.7795 -52.7273 3.91558
58.797 -52.7726 3.9178
58.8971 -52.853 3.91286
58.7243 -52.7611 3.91538
58.7992 -52.7476 3.91541
58.7619 -52.7767 3.91696
58.8684 -52.8261 3.91424
58.7374 -52.7972 3.91391
58.7114 -52.7779 3.91428
58.8167 -52.864 3.91592
58.7749 -52.7808 3.91406
58.8319 -52.837 3.91367
58.788 -52.7421 3.91509
58.7495 -52.7113 3.91774
58.74 -52.7487 3.91306
58.7999 -52.7966 3.91263
58.7929 -52.7869 3.91859
58.8602 -52.8229 3.91628
58.8528 -52.8267 3.91648
58.8709 -52.8978 3.91717
58.7327 -52.6883 3.91279
58.7783 -52.8278 3.91441
58.7978 -52.7753 3.91801
58.8995 -52.8585 3.91289
58.8186 -52.8173 3.91433
58.7831 -52.7795 3.91741
58.8013 -52.7483 3.91627
58.7396 -52.8036 3.91406
58.7008 -52.7638 3.91645
58.8142 -52.8412 3.91543
58.8164 -52.8436 3.91571
58.817 -52.8553 3.91572
58.8108 -52.8614 3.9158
58.7953 -52.775 3.91362
58.7578 -52.731 3.91687
58.8163 -52.801 3.91729
58.7548 -52.7041 3.91783
58.7322 -52.7217 3.91771
58.8239 -52.8013 3.91806
58.8722 -52.8503 3.91748
58.8714 -52.8971 3.91699
58.7997 -52.806 3.91335
58.7976 -52.8102 3.91474
58.8052 -52.7552 3.917
58.8341 -52.7859 3.91953
58.9004 -52.8563 3.91274
58.7968 -52.7667 3.91405
58.8217 -52.7711 3.91146
58.7469 -52.7184 3.91204
58.7723 -52.8058 3.91661
58.7702 -52.8101 3.91663
58.6805 -52.7327 3.91345
58.8256 -52.7731 3.91656
58.8125 -52.845 3.91551
58.8101 -52.8609 3.91571
58.8051 -52.7535 3.91732
58.7412 -52.7075 3.91548
58.7469 -52.7434 3.91283
58.7292 -52.7664 3.91703
58.8547 -52.8031 3.90971
58.8496 -52.8686 3.91623
58.8174 -52.8011 3.91813
58.863 -52.8236 3.9165
58.8709 -52.8537 3.91757
58.7836 -52.7944 3.91728
58.7529 -52.7307 3.91507
58.7748 -52.7113 3.91521
58.7874 -52.7476 3.91447
58.7944 -52.7647 3.91296
58.8357 -52.7796 3.91952
58.796 -52.7689 3.91409
58.8198 -52.8134 3.91431
58.7612 -52.7792 3.91712
58.8728 -52.825 3.91428
58.7402 -52.8014 3.91396
58.8226 -52.7629 3.91571
58.8213 -52.7712 3.91657
58.8138 -52.8389 3.91572
58.8113 -52.8436 3.91566
58.7862 -52.7785 3.91416
58.8394 -52.8451 3.9139
58.8325 -52.7875 3.91402
58.8272 -52.7889 3.91413
58.7443 -52.7282 3.91408
58.8548 -52.8009 3.90967
58.8206 -52.7878 3.91261
58.7428 -52.7698 3.91226
58.7326 -52.703 3.91396
58.8187 -52.8005 3.91799
58.7922 -52.781 3.91868
58.8697 -52.8951 3.91679
58.8698 -52.8957 3.91685
58.7599 -52.7512 3.91564
58.7697 -52.7154 3.91522
58.7879 -52.7754 3.91801
58.7863 -52.7491 3.9145
58.8028 -52.7567 3.91695
58.7384 -52.7852 3.9143
58.8152 -52.8059 3.91444
58.7808 -52.7436 3.91774
58.7954 -52.7447 3.91642
58.7221 -52.6994 3.91299
58.7687 -52.7809 3.9156
58.8246 -52.7751 3.91673
58.8117 -52.8428 3.91554
58.8116 -52.8469 3.91569
58.8023 -52.7464 3.91718
58.8289 -52.7915 3.91413
58.7946 -52.7801 3.91269
58.7707 -52.7812 3.91379
58.7506 -52.712 3.9123
58.8419 -52.877 3.91635
58.809 -52.7671 3.91227
58.7555 -52.753 3.91538
58.8733 -52.8467 3.91759
58.8753 -52.8923 3.91695
58.7614 -52.7811 3.91691
58.6962 -52.7763 3.91329
58.7433 -52.7313 3.91507
58.775 -52.7161 3.91532
58.771 -52.7702 3.91238
58.8334 -52.7832 3.91952
58.7556 -52.7404 3.91426
58.7954 -52.7539 3.91541
58.7595 -52.7779 3.91712
58.7726 -52.8055 3.91648
58.7952 -52.7602 3.91399
58.7696 -52.7905 3.91459
58.8055 -52.7566 3.91739
58.7492 -52.7811 3.91597
58.7556 -52.7221 3.91585
58.7431 -52.7947 3.91615
58.7499 -52.8081 3.91399
58.8046 -52.7517 3.91554
58.8088 -52.7716 3.91231
58.8556 -52.8269 3.91645
58.8738 -52.8975 3.91699
58.7814 -52.7951 3.9174
58.7598 -52.7825 3.91694
58.8039 -52.805 3.91327
58.7818 -52.8254 3.91447
58.797 -52.7504 3.91309
58.7012 -52.7616 3.91099
58.8953 -52.8539 3.9129
58.8901 -52.8552 3.91289
58.7867 -52.7387 3.91581
58.7974 -52.7576 3.91537
58.785 -52.7448 3.91774
58.7589 -52.7792 3.91703
58.7976 -52.7492 3.91635
58.8194 -52.7642 3.91659
58.8156 -52.8607 3.91584
58.8196 -52.7651 3.91219
58.8353 -52.8424 3.91397
58.7088 -52.6955 3.91422
58.7715 -52.7433 3.91528
58.8095 -52.7896 3.91506
58.8426 -52.8705 3.91606
58.8014 -52.7515 3.91543
58.8559 -52.8265 3.91651
58.876 -52.9018 3.91698
58.8735 -52.9004 3.91699
58.7779 -52.7977 3.91732
58.7813 -52.7219 3.91545
58.8099 -52.779 3.91542
58.7934 -52.8102 3.91497
58.7651 -52.7553 3.91155
58.8914 -52.8554 3.91282
58.8972 -52.8552 3.91293
58.8947 -52.8523 3.91275
58.7357 -52.7889 3.91399
58.6601 -52.7596 3.91619
58.8676 -52.8332 3.9143
58.8265 -52.7697 3.91668
58.8224 -52.7688 3.91667
58.8133 -52.8602 3.91581
58.8204 -52.7614 3.91214
58.8303 -52.7853 3.91405
58.7525 -52.7441 3.91434
58.8038 -52.7877 3.91516
58.8018 -52.7898 3.91523
58.8441 -52.8707 3.91616
58.8022 -52.7989 3.91249
58.7606 -52.7513 3.91533
58.7903 -52.7853 3.91875
58.8754 -52.8532 3.91768
58.8763 -52.8981 3.91717
58.7629 -52.7762 3.91699
58.7193 -52.7371 3.91327
58.775 -52.7072 3.91533
58.8384 -52.7783 3.91942
58.7994 -52.762 3.9141
58.805 -52.7666 3.91397
58.7838 -52.7457 3.91747
58.8017 -52.7402 3.91651
58.6828 -52.6784 3.91438
58.7441 -52.7662 3.91292
58.7861 -52.7769 3.91445
58.7453 -52.7817 3.91586
58.7394 -52.7097 3.91539
58.7345 -52.8028 3.91484
58.7728 -52.7921 3.91724
58.7674 -52.777 3.9138
58.7325 -52.7217 3.91762
58.8453 -52.8709 3.91625
58.7496 -52.7353 3.91125
58.8635 -52.8265 3.91645
58.8681 -52.8996 3.91713
58.7934 -52.7668 3.91182
58.7235 -52.7417 3.91298
58.8003 -52.808 3.91484
58.784 -52.7472 3.91463
58.8966 -52.8523 3.91286
58.7901 -52.7809 3.91516
58.783 -52.7435 3.9177
58.8663 -52.8291 3.91423
58.6998 -52.749 3.91217
58.8115 -52.844 3.91557
58.8106 -52.8433 3.91556
58.7754 -52.7843 3.91419
58.8343 -52.8357 3.91398
58.7575 -52.728 3.91683
58.7717 -52.7457 3.91967
58.7982 -52.775 3.91253
58.7446 -52.804 3.91614
58.7668 -52.7656 3.91378
58.8051 -52.7882 3.91509
58.7323 -52.8036 3.91404
58.8171 -52.7667 3.91224
58.7166 -52.669 3.91366
58.8756 -52.8959 3.91692
58.7985 -52.7989 3.91337
58.7805 -52.7494 3.91645
58.7985 -52.751 3.91706
58.7849 -52.7802 3.91512
58.7976 -52.7667 3.91283
58.7883 -52.7391 3.91758
58.7299 -52.7321 3.91484
58.707 -52.7638 3.91652
58.7872 -52.7545 3.91303
58.7147 -52.786 3.91455
58.8127 -52.8547 3.9156
58.8246 -52.8585 3.9158
58.8351 -52.8393 3.91368
58.8218 -52.8027 3.91741
58.75 -52.709 3.91779
58.7497 -52.8086 3.91384
58.8437 -52.8677 3.91593
58.8244 -52.8011 3.91807
58.86 -52.8215 3.91637
58.8752 -52.8983 3.91711
58.7657 -52.7757 3.91672
58.7518 -52.7529 3.91554
58.7768 -52.8278 3.91445
58.8051 -52.817 3.91503
58.7775 -52.7457 3.90968
58.7436 -52.7271 3.91424
58.7587 -52.7422 3.91405
58.7932 -52.7613 3.91531
58.8156 -52.8164 3.91427
58.8655 -52.8252 3.91438
58.7973 -52.743 3.91639
58.7401 -52.8025 3.91388
58.7541 -52.7738 3.91297
58.7841 -52.7822 3.91401
58.8031 -52.7504 3.91721
58.7615 -52.734 3.91501
58.7347 -52.805 3.91474
58.7447 -52.7939 3.91611
58.8468 -52.8764 3.91622
58.842 -52.8708 3.91595
58.8236 -52.8011 3.91786
58.7355 -52.7451 3.91147
58.8667 -52.8469 3.91762
58.7582 -52.783 3.91679
58.7599 -52.7939 3.9145
58.796 -52.8115 3.91489
58.9438 -48.7838 3.9151
