272.63 -10.3614 4.01461
272.643 -10.2946 4.01339
272.605 -10.3552 4.01394
272.594 -10.2686 4.01398
272.527 -10.3441 4.01546
272.648 -10.2445 4.01759
272.605 -10.2839 4.01261
272.508 -10.2616 4.01214
272.526 -10.3372 4.0116
272.517 -10.4724 4.01631
272.56 -10.3739 4.01508
272.57 -10.2617 4.01602
272.639 -10.3943 4.0107
272.623 -10.3208 4.01542
272.682 -10.4699 4.0159
272.681 -10.3585 4.01535
272.543 -10.3444 4.01717
272.751 -10.5038 4.01598
272.609 -10.3301 4.01686
272.656 -10.2577 4.0169
272.627 -10.2652 4.01314
272.518 -10.2805 4.01252
272.597 -10.3801 4.01056
272.631 -10.3535 4.01542
272.559 -10.3831 4.00838
272.617 -10.295 4.01682
272.54 -10.3838 4.01706
272.496 -10.3687 4.01931
272.537 -10.1971 4.01326
272.721 -10.2577 4.01413
272.661 -10.352 4.01668
272.509 -10.4565 4.01532
272.608 -10.329 4.01557
272.641 -10.3379 4.01866
272.481 -10.3955 4.00993
272.705 -10.2688 4.01536
272.706 -10.3924 4.01884
272.578 -10.3921 4.01593
272.624 -10.3566 4.01665
272.595 -10.3384 4.01622
272.538 -10.3995 4.01985
272.639 -10.209 4.01594
272.529 -10.2371 4.01567
272.547 -10.2219 4.01334
272.561 -10.2136 4.01285
272.602 -10.33 4.01413
272.563 -10.4136 4.01442
272.622 -10.3666 4.0152
272.557 -10.4069 4.01621
272.58 -10.3358 4.01508
272.548 -10.4101 4.01599
272.613 -10.3339 4.01866
272.702 -10.3835 4.01477
272.727 -10.3601 4.01136
272.517 -10.3458 4.00905
272.654 -10.2946 4.01335
272.608 -10.2755 4.01663
272.616 -10.3693 4.01634
272.602 -10.4018 4.01756
272.767 -10.3801 4.0132
272.609 -10.2918 4.01064
272.502 -10.4354 4.00931
272.546 -10.3756 4.01637
272.617 -10.3102 4.01514
272.512 -10.1949 4.0169
272.624 -10.4178 4.01506
272.54 -10.3655 4.00887
272.597 -10.2881 4.01686
272.499 -10.39 4.01605
272.599 -10.3916 4.01625
272.549 -10.2691 4.00949
272.585 -10.3347 4.0127
272.493 -10.3982 4.01774
272.637 -10.3484 4.01432
272.668 -10.4149 4.01109
272.622 -10.4318 4.01754
272.567 -10.3445 4.01498
272.643 -10.3855 4.01479
272.642 -10.2398 4.0165
272.651 -10.3018 4.01345
272.529 -10.4151 4.0166
272.562 -10.3684 4.01656
272.506 -10.3403 4.01825
272.47 -10.324 4.01595
272.571 -10.3829 4.0145
272.519 -10.382 4.00959
272.668 -10.4126 4.01612
272.533 -10.3431 4.01517
272.644 -10.3325 4.01477
272.723 -10.3453 4.01587
272.554 -10.3123 4.00887
272.512 -10.406 4.02074
272.637 -10.3538 4.01436
272.626 -10.3559 4.01666
272.645 -10.3544 4.01606
272.531 -10.3463 4.01221
272.709 -10.2387 4.01325
272.55 -10.3468 4.01625
272.59 -10.3409 4.01605
272.614 -10.3101 4.0181
272.617 -10.239 4.01546
272.656 -10.2903 4.0146
272.508 -10.2838 4.01119
272.638 -10.3679 4.01447
272.651 -10.361 4.01497
272.679 -10.2889 4.01177
272.568 -10.3516 4.01359
272.564 -10.3553 4.01622
272.622 -10.4329 4.01283
272.627 -10.4685 4.01534
272.523 -10.2474 4.01212
272.635 -10.3394 4.0141
272.773 -10.2146 4.01962
272.605 -10.3555 4.01537
272.646 -10.3919 4.01581
272.572 -10.3859 4.01622
272.49 -10.4272 4.01662
272.5 -10.3942 4.01773
272.486 -10.3139 4.01882
272.578 -10.2744 4.01108
272.758 -10.4121 4.01703
272.605 -10.2772 4.01715
272.517 -10.4354 4.01616
272.672 -10.3708 4.01765
272.61 -10.3172 4.01748
272.593 -10.2614 4.01785
272.675 -10.321 4.01455
272.547 -10.3442 4.01774
272.615 -10.2597 4.0139
272.748 -10.2859 4.01356
272.61 -10.3504 4.01336
272.571 -10.3663 4.01231
272.521 -10.3829 4.01633
272.55 -10.4153 4.01614
272.638 -10.2782 4.01483
272.601 -10.3455 4.01859
272.654 -10.3907 4.0123
272.541 -10.3528 4.00917
272.63 -10.4139 4.01753
272.486 -10.4405 4.01026
272.478 -10.4302 4.01631
272.538 -10.3942 4.01622
272.689 -10.3161 4.0127
272.587 -10.2881 4.00816
272.588 -10.3121 4.00981
272.606 -10.3549 4.01519
272.652 -10.4508 4.01628
272.613 -10.3054 4.01518
272.527 -10.3375 4.01093
272.564 -10.3123 4.0122
272.637 -10.3782 4.01383
272.56 -10.3672 4.01129
272.601 -10.2929 4.01403
272.587 -10.2289 4.01615
272.575 -10.2844 4.01272
272.565 -10.2883 4.01201
272.598 -10.2403 4.01249
272.462 -10.4338 4.00984
272.731 -10.3435 4.01238
272.614 -10.3886 4.01709
272.575 -10.2594 4.01396
272.592 -10.3662 4.01316
272.554 -10.4358 4.01298
272.617 -10.1699 4.01512
272.581 -10.3332 4.01325
272.577 -10.2985 4.01449
272.569 -10.2505 4.01612
272.584 -10.3692 4.01564
272.504 -10.3163 4.01719
272.549 -10.203 4.01586
272.672 -10.3502 4.01494
272.585 -10.2775 4.01247
272.758 -10.4156 4.01886
272.64 -10.3242 4.01757
272.524 -10.2003 4.01603
272.559 -10.3803 4.01512
272.578 -10.2575 4.01564
272.539 -10.3354 4.00917
272.58 -10.3882 4.01426
272.6 -10.1564 4.01086
272.521 -10.3866 4.01687
272.496 -10.3206 4.01575
272.487 -10.3608 4.01666
272.671 -10.2704 4.0151
272.666 -10.3552 4.01358
272.513 -10.2772 4.0118
272.585 -10.3246 4.01285
272.617 -10.3319 4.01741
272.591 -10.4124 4.01605
272.585 -10.381 4.02007
272.57 -10.2386 4.01259
272.536 -10.2879 4.01065
272.64 -10.4096 4.0159
272.564 -10.3493 4.01255
272.521 -10.4007 4.01444
272.451 -10.3145 4.01474
272.681 -10.3818 4.016
272.537 -10.3267 4.01425
272.646 -10.4732 4.01615
272.556 -10.4143 4.01771
272.504 -10.4089 4.01114
272.585 -10.3306 4.01617
272.565 -10.2655 4.01603
272.634 -10.2894 4.01588
272.565 -10.2469 4.0139
272.722 -10.3826 4.01771
272.607 -10.435 4.01456
272.617 -10.4129 4.01532
272.501 -10.3195 4.01552
272.501 -10.3357 4.01757
272.54 -10.2525 4.016
272.737 -10.371 4.01332
272.629 -10.3606 4.01884
272.648 -10.36 4.01676
272.533 -10.4086 4.01789
272.47 -10.3865 4.0098
272.468 -10.3394 4.00941
272.61 -10.2973 4.01763
272.612 -10.2753 4.01318
272.515 -10.2139 4.01411
272.648 -10.309 4.01504
272.52 -10.2425 4.0173
272.557 -10.2339 4.0152
272.567 -10.3118 4.00926
272.595 -10.3138 4.01509
272.569 -10.4103 4.01433
272.478 -10.3225 4.01327
272.531 -10.3489 4.01067
272.511 -10.2553 4.0101
272.511 -10.3654 4.01848
272.6 -10.3747 4.01546
272.545 -10.3922 4.0155
272.716 -10.3853 4.0203
272.546 -10.2699 4.00894
272.553 -10.2421 4.01422
272.608 -10.3702 4.01342
272.503 -10.3505 4.01404
272.54 -10.3979 4.01126
272.562 -10.4188 4.0149
272.428 -10.3574 4.01741
272.653 -10.2872 4.01853
272.621 -10.4061 4.01094
272.713 -10.3232 4.01687
272.52 -10.2121 4.01069
272.644 -10.4068 4.01664
272.647 -10.2397 4.01589
272.56 -10.3659 4.01753
272.586 -10.2708 4.00978
272.673 -10.333 4.01635
272.611 -10.3271 4.0191
272.643 -10.3935 4.01282
272.633 -10.3326 4.01361
272.572 -10.4059 4.01472
272.541 -10.4327 4.01767
272.516 -10.4273 4.01729
272.526 -10.3756 4.01656
272.489 -10.3416 4.01621
272.513 -10.3331 4.017
272.519 -10.2499 4.01519
272.702 -10.2865 4.01809
272.537 -10.3568 4.0099
272.605 -10.2827 4.01336
272.505 -10.3534 4.00963
272.521 -10.4047 4.01372
272.649 -10.2942 4.01476
272.611 -10.245 4.01528
272.607 -10.3177 4.01101
272.558 -10.3109 4.01622
272.549 -10.3377 4.01849
272.601 -10.4353 4.01255
272.543 -10.3828 4.01451
272.611 -10.4793 4.01643
272.547 -10.3823 4.01528
272.652 -10.2591 4.01476
272.591 -10.3217 4.01745
272.644 -10.3149 4.01914
272.574 -10.2381 4.0161
272.706 -10.3429 4.01398
272.608 -10.4414 4.01292
272.54 -10.3042 4.01165
272.599 -10.2663 4.01516
272.565 -10.3089 4.01253
272.634 -10.3364 4.00988
272.767 -10.3122 4.02057
272.626 -10.297 4.01484
272.713 -10.5044 4.01527
272.707 -10.5103 4.01668
272.594 -10.2862 4.01336
272.549 -10.3604 4.01456
272.555 -10.2523 4.0156
272.606 -10.3747 4.01411
272.558 -10.3558 4.01748
272.492 -10.338 4.01769
272.687 -10.3369 4.01393
272.501 -10.3249 4.01223
272.695 -10.3104 4.0164
272.505 -10.4043 4.01704
272.686 -10.3913 4.01898
272.581 -10.4674 4.01429
272.583 -10.2799 4.01435
272.552 -10.3177 4.01573
272.555 -10.3423 4.01548
272.619 -10.3417 4.01655
272.46 -10.3344 4.01683
272.59 -10.2312 4.01548
272.539 -10.4241 4.00912
272.525 -10.3332 4.01083
272.49 -10.3583 4.00995
272.57 -10.3492 4.01488
272.647 -10.3701 4.01316
272.62 -10.424 4.01815
272.62 -10.3929 4.01656
272.521 -10.4183 4.01339
272.527 -10.4149 4.01301
272.525 -10.324 4.01665
272.472 -10.2948 4.01961
272.467 -10.3624 4.01731
272.592 -10.3359 4.01474
272.546 -10.2923 4.01089
272.485 -10.4258 4.01665
272.445 -10.4146 4.00905
272.62 -10.3761 4.01628
272.603 -10.3607 4.01662
272.558 -10.2346 4.01574
272.602 -10.2739 4.00905
272.577 -10.3702 4.01745
272.505 -10.3494 4.01779
272.671 -10.2614 4.01325
272.563 -10.2572 4.01625
272.513 -10.3009 4.01179
272.498 -10.3849 4.01675
272.616 -10.3541 4.0137
272.663 -10.2993 4.01587
272.596 -10.3968 4.01801
272.616 -10.315 4.01412
272.503 -10.4169 4.01004
272.483 -10.311 4.01027
272.689 -10.3118 4.01189
272.525 -10.3278 4.01187
272.548 -10.3207 4.01097
272.54 -10.3839 4.0174
272.701 -10.3045 4.01411
272.553 -10.416 4.01304
272.537 -10.3728 4.01626
272.59 -10.4266 4.01515
272.486 -10.4001 4.01795
272.516 -10.3941 4.01623
272.586 -10.3054 4.017
272.556 -10.2395 4.014
272.757 -10.3455 4.01673
272.696 -10.3007 4.01787
272.513 -10.4317 4.01662
272.505 -10.3889 4.00939
272.566 -10.2662 4.01094
272.596 -10.2131 4.01548
272.619 -10.2899 4.01465
272.548 -10.2139 4.00977
272.578 -10.3781 4.02052
272.663 -10.341 4.01337
272.56 -10.3573 4.00956
272.511 -10.3649 4.01388
272.538 -10.4138 4.01548
272.528 -10.3923 4.01715
272.632 -10.3453 4.01671
272.539 -10.3597 4.01542
272.579 -10.2388 4.01782
272.641 -10.4227 4.01437
272.579 -10.3533 4.01369
272.495 -10.2982 4.01369
272.624 -10.2937 4.01618
272.627 -10.3575 4.01312
272.618 -10.3235 4.01628
272.526 -10.3838 4.01898
272.658 -10.3441 4.01616
272.597 -10.2993 4.01402
272.543 -10.3932 4.01406
272.497 -10.3636 4.01611
272.538 -10.3555 4.01722
272.626 -10.3103 4.01774
272.622 -10.3464 4.01668
272.647 -10.3751 4.01449
272.514 -10.1985 4.01247
272.483 -10.474 4.01493
272.562 -10.2573 4.01172
272.556 -10.1983 4.01402
272.669 -10.3524 4.01569
272.746 -10.3169 4.01146
272.601 -10.432 4.01201
272.544 -10.2658 4.01225
272.554 -10.4022 4.01342
272.567 -10.3791 4.01479
272.588 -10.338 4.014
272.469 -10.3183 4.01747
272.494 -10.3427 4.01813
272.559 -10.3885 4.0126
272.564 -10.3296 4.01478
272.588 -10.372 4.00839
272.53 -10.4747 4.01502
272.588 -10.2177 4.01074
272.653 -10.3708 4.01488
272.637 -10.2497 4.01514
272.678 -10.3532 4.01445
272.566 -10.372 4.01256
272.531 -10.2767 4.01079
272.65 -10.3608 4.01404
272.535 -10.286 4.01474
272.571 -10.3176 4.01282
272.686 -10.2911 4.01737
272.635 -10.3314 4.013
272.527 -10.3451 4.01686
272.545 -10.4171 4.01688
272.609 -10.3489 4.01107
272.502 -10.2757 4.01655
272.565 -10.3243 4.01415
272.545 -10.3967 4.00993
272.563 -10.4374 4.01719
272.594 -10.3357 4.01486
272.591 -10.2273 4.01397
272.557 -10.2336 4.01637
272.546 -10.3708 4.01756
272.568 -10.4074 4.01843
272.622 -10.4761 4.01599
272.649 -10.3829 4.01566
272.516 -10.3696 4.01349
272.514 -10.4078 4.01341
272.511 -10.4273 4.00905
272.504 -10.4097 4.01609
272.735 -10.3273 4.01683
272.603 -10.3482 4.01324
272.507 -10.3826 4.01541
272.608 -10.3339 4.01115
272.608 -10.3075 4.01509
272.55 -10.4073 4.01173
272.604 -10.346 4.0131
272.682 -10.3297 4.01372
272.537 -10.4227 4.01563
272.581 -10.2315 4.01102
272.527 -10.2573 4.0064
272.556 -10.3368 4.01326
272.61 -10.4402 4.01477
272.514 -10.3565 4.01546
272.635 -10.2373 4.01367
272.48 -10.3245 4.0173
272.588 -10.2814 4.01661
272.561 -10.3772 4.01226
272.642 -10.3118 4.01238
272.491 -10.425 4.01722
272.602 -10.2691 4.01439
272.594 -10.2834 4.01754
272.593 -10.3715 4.01207
272.507 -10.2861 4.01393
272.513 -10.2283 4.01478
272.683 -10.2881 4.01613
272.635 -10.2929 4.01458
272.561 -10.4027 4.01667
272.539 -10.2951 4.01654
272.733 -10.3675 4.01411
272.72 -10.3273 4.01645
272.547 -10.3923 4.01084
272.577 -10.3077 4.01195
272.549 -10.4146 4.01807
272.648 -10.2677 4.01305
272.633 -10.3922 4.01408
272.73 -10.4625 4.0146
272.674 -10.3544 4.01586
272.547 -10.374 4.01839
272.556 -10.3247 4.01402
272.609 -10.2962 4.01422
272.619 -10.3125 4.01215
272.619 -10.4154 4.0146
272.671 -10.3068 4.01246
272.536 -10.3909 4.01635
272.501 -10.3381 4.01543
272.477 -10.3876 4.01834
272.486 -10.4157 4.00831
272.591 -10.3852 4.00888
272.493 -10.2395 4.01508
272.621 -10.3937 4.0167
272.659 -10.3161 4.01371
272.659 -10.3945 4.01555
272.592 -10.3265 4.01736
272.595 -10.2678 4.01245
272.57 -10.3803 4.01425
272.628 -10.4186 4.0127
272.562 -10.4671 4.01538
272.666 -10.3369 4.01683
272.498 -10.3394 4.01659
272.702 -10.2445 4.01366
272.689 -10.3077 4.01578
272.527 -10.2922 4.01263
272.727 -10.4013 4.01999
272.567 -10.34 4.00874
272.554 -10.2465 4.01194
272.572 -10.2228 4.01725
272.563 -10.351 4.01415
272.676 -10.3369 4.01499
272.586 -10.3391 4.01511
272.619 -10.3197 4.00974
272.549 -10.3871 4.00969
272.35 -4.82285 4.01463
