51.1481 -60.3139 3.9432
51.2119 -60.3976 3.94324
51.2857 -60.314 3.94396
51.183 -60.4194 3.94319
51.3361 -60.3711 3.94196
51.26 -60.302 3.9408
51.3155 -60.3528 3.94766
51.2926 -60.2495 3.94409
51.3672 -60.2813 3.94567
51.2586 -60.2961 3.94838
51.2428 -60.3408 3.94664
51.23 -60.3454 3.94612
51.216 -60.4019 3.94523
51.2542 -60.34 3.94405
51.2511 -60.3992 3.94256
51.3911 -60.3178 3.94339
51.3225 -60.3836 3.9462
51.2579 -60.3566 3.9459
51.196 -60.346 3.94439
51.2386 -60.3706 3.94855
51.3135 -60.3238 3.94302
51.2026 -60.2418 3.94592
51.2446 -60.4781 3.94473
51.263 -60.3223 3.94285
51.2282 -60.3138 3.94647
51.3137 -60.3718 3.94468
51.2301 -60.3545 3.9414
51.1797 -60.4335 3.94521
51.203 -60.2948 3.94405
51.3507 -60.4158 3.94649
51.2939 -60.1982 3.94644
51.312 -60.3358 3.94464
51.2812 -60.3403 3.94041
51.3209 -60.3829 3.94407
51.2873 -60.367 3.94341
51.2818 -60.3376 3.94573
51.3367 -60.3129 3.94484
51.258 -60.3907 3.94159
51.2387 -60.3259 3.94267
51.2687 -60.4281 3.94336
51.2553 -60.4178 3.94444
51.2248 -60.3974 3.94581
51.2958 -60.3065 3.94347
51.2883 -60.3401 3.9417
51.3065 -60.3373 3.94321
51.2666 -60.3253 3.94441
51.2346 -60.2987 3.94553
51.3201 -60.4333 3.94392
51.255 -60.2751 3.9415
51.3002 -60.4187 3.94404
51.2675 -60.3364 3.94323
51.2312 -60.3396 3.94198
51.2847 -60.3042 3.943
51.2418 -60.3349 3.94404
51.2325 -60.2701 3.9439
51.2459 -60.3918 3.94349
51.2207 -60.355 3.9427
51.2811 -60.3665 3.94415
51.2751 -60.346 3.94407
51.1948 -60.4009 3.94246
51.2572 -60.3793 3.94632
51.2586 -60.2226 3.94699
51.3412 -60.2694 3.94593
51.3127 -60.3238 3.94367
51.2943 -60.3326 3.94479
51.2736 -60.2613 3.94076
51.1953 -60.3104 3.94527
51.3546 -60.3458 3.94177
51.3113 -60.3443 3.94398
51.1942 -60.3482 3.94751
51.27 -60.3866 3.94119
51.2446 -60.3539 3.93994
51.2387 -60.3448 3.94632
51.1891 -60.3754 3.94028
51.2905 -60.3388 3.94473
51.159 -60.29 3.94623
51.0889 -60.3647 3.94427
51.1781 -60.3532 3.94548
51.2569 -60.338 3.94171
51.2935 -60.288 3.94094
51.3795 -60.3522 3.94274
51.2303 -60.2939 3.94532
51.1878 -60.2898 3.94446
51.1982 -60.2894 3.94033
51.2369 -60.4116 3.94362
51.3081 -60.3422 3.94168
51.2933 -60.3002 3.94126
51.2542 -60.3485 3.94368
51.2469 -60.3759 3.94509
51.2983 -60.4675 3.94652
51.2035 -60.3711 3.94641
51.1325 -60.2721 3.94441
51.1873 -60.2701 3.94167
51.2062 -60.2787 3.94393
51.2736 -60.377 3.94447
51.3267 -60.3892 3.94829
51.3179 -60.3237 3.94284
51.2427 -60.3339 3.94143
51.2315 -60.3421 3.94492
51.1881 -60.3929 3.94304
51.2645 -60.3196 3.94383
51.2196 -60.4462 3.94361
51.3428 -60.3878 3.94494
51.306 -60.4085 3.94372
51.3009 -60.2371 3.94351
51.1886 -60.2835 3.94281
51.2867 -60.4419 3.9458
51.3439 -60.3933 3.94358
51.2616 -60.1954 3.942
51.1768 -60.327 3.94422
51.1607 -60.2519 3.94478
51.2821 -60.4831 3.94581
51.2166 -60.2968 3.94572
51.3006 -60.2988 3.94515
51.2451 -60.4662 3.94514
51.1887 -60.2996 3.94246
51.2629 -60.3538 3.94229
51.2162 -60.3594 3.94426
51.2606 -60.4151 3.94531
51.2827 -60.4051 3.94412
51.3093 -60.3058 3.94598
51.2075 -60.2915 3.94397
51.2495 -60.3025 3.94526
51.3261 -60.322 3.94335
51.2616 -60.3867 3.95044
51.3258 -60.3504 3.94402
51.2896 -60.33 3.942
51.2974 -60.3382 3.94236
51.3068 -60.483 3.94272
51.2928 -60.4955 3.94318
51.2493 -60.384 3.94147
51.2829 -60.339 3.94169
51.2459 -60.3199 3.94351
51.3189 -60.3226 3.9445
51.2859 -60.3214 3.94313
51.2173 -60.3632 3.94359
51.2608 -60.2583 3.94453
51.225 -60.2864 3.94545
51.2511 -60.248 3.941
51.1641 -60.3583 3.94601
51.2338 -60.2365 3.93784
51.3176 -60.2761 3.9463
51.2503 -60.3686 3.94236
51.2758 -60.3303 3.94489
51.2815 -60.2694 3.9451
51.2547 -60.3343 3.943
51.2631 -60.417 3.9418
51.2596 -60.3981 3.94363
51.2958 -60.4222 3.93947
51.3013 -60.3695 3.9433
51.2177 -60.2784 3.93934
51.198 -60.4369 3.94463
51.2014 -60.2882 3.94459
51.183 -60.3793 3.94205
51.2173 -60.2621 3.94411
51.2613 -60.3598 3.94282
51.2275 -60.4485 3.94158
51.2119 -60.296 3.94167
51.3643 -60.3646 3.94301
51.2436 -60.3267 3.94247
51.1981 -60.2871 3.94057
51.3274 -60.3741 3.94109
51.2619 -60.2191 3.94112
51.3269 -60.3164 3.94141
51.2641 -60.4075 3.9432
51.3185 -60.477 3.94554
51.3048 -60.4258 3.94468
51.2409 -60.3746 3.94385
51.185 -60.3779 3.94494
51.2265 -60.3645 3.9425
51.3 -60.3153 3.94509
51.2119 -60.3239 3.94187
51.219 -60.3139 3.94101
51.3162 -60.3408 3.94478
51.3023 -60.3519 3.94377
51.248 -60.4264 3.94641
51.2264 -60.4395 3.94668
51.1999 -60.3584 3.94458
51.2536 -60.4383 3.94436
51.3347 -60.3451 3.94405
51.2196 -60.3442 3.94561
51.3371 -60.3782 3.94582
51.3468 -60.392 3.94628
51.2567 -60.2775 3.93985
51.2732 -60.3629 3.94494
51.3543 -60.3223 3.94215
51.3802 -60.2896 3.94369
51.2169 -60.3826 3.94434
51.2694 -60.3389 3.94201
51.3299 -60.4233 3.94371
51.2999 -60.3584 3.94542
51.301 -60.3705 3.94104
51.3214 -60.3528 3.94388
51.2112 -60.4187 3.9434
51.2491 -60.4107 3.93984
51.27 -60.3592 3.94594
51.2529 -60.3188 3.9461
51.2038 -60.3088 3.94459
51.1902 -60.3543 3.94488
51.2489 -60.348 3.94478
51.3033 -60.3547 3.94305
51.2725 -60.3055 3.94516
51.2274 -60.3785 3.9486
51.3751 -60.4674 3.9404
51.2488 -60.3517 3.94197
51.2863 -60.4236 3.94471
51.1601 -60.2308 3.94327
51.2252 -60.3715 3.94447
51.1841 -60.1932 3.94389
51.2661 -60.3221 3.94348
51.2693 -60.3029 3.94434
51.2842 -60.2901 3.94345
51.2074 -60.3968 3.945
51.2251 -60.3889 3.94156
51.3572 -60.2321 3.94611
51.2534 -60.3915 3.94134
51.3182 -60.2575 3.94122
51.2515 -60.4163 3.94555
51.3093 -60.4174 3.94431
51.2309 -60.3507 3.94142
51.2294 -60.3102 3.94134
51.2699 -60.3788 3.9444
51.2169 -60.2873 3.94443
51.3011 -60.3713 3.94013
51.2111 -60.3183 3.9453
51.1777 -60.3547 3.94333
51.188 -60.3646 3.9427
51.2903 -60.3354 3.94478
51.2606 -60.3078 3.94625
51.1562 -60.2082 3.94421
51.2443 -60.3162 3.9434
51.1523 -60.3501 3.94637
51.1918 -60.3188 3.94129
51.1525 -60.2485 3.94271
51.2522 -60.306 3.94144
51.2193 -60.3262 3.94107
51.2406 -60.3723 3.94219
51.2904 -60.2284 3.94386
51.2667 -60.3739 3.9436
51.3345 -60.2944 3.94772
51.205 -60.3001 3.94481
51.275 -60.4014 3.94543
51.2078 -60.4101 3.94288
51.234 -60.4762 3.94543
51.3225 -60.3757 3.94387
51.2635 -60.4788 3.94304
51.2859 -60.355 3.94887
51.2483 -60.3549 3.943
51.2511 -60.3156 3.94221
51.3272 -60.3401 3.945
51.2517 -60.409 3.94529
51.2226 -60.3162 3.9437
51.2322 -60.3844 3.94308
51.3054 -60.4003 3.94353
51.1415 -60.3973 3.9423
51.3281 -60.3986 3.9465
51.3837 -60.4045 3.94458
51.1817 -60.3034 3.9412
51.2386 -60.3007 3.94532
51.1933 -60.3284 3.94283
51.1426 -60.3161 3.94071
51.2681 -60.3274 3.944
51.2455 -60.2979 3.94084
51.1758 -60.3845 3.94155
51.2003 -60.3235 3.94296
51.3146 -60.3552 3.94438
51.2262 -60.472 3.94244
51.3195 -60.3597 3.94354
51.2803 -60.3329 3.94568
51.2458 -60.2565 3.94511
51.3399 -60.3714 3.94393
51.3268 -60.3549 3.94388
51.3468 -60.2916 3.94671
51.2012 -60.2422 3.94343
51.1404 -60.3053 3.94189
51.2334 -60.3111 3.94489
51.3027 -60.3407 3.94542
51.2278 -60.4084 3.94582
51.2671 -60.3643 3.94235
51.2007 -60.3315 3.94417
51.283 -60.3749 3.94241
51.2418 -60.275 3.9426
51.2811 -60.3324 3.9451
51.1964 -60.3988 3.94193
51.3164 -60.385 3.94261
51.2731 -60.3774 3.94436
51.1612 -60.3972 3.94197
51.3071 -60.388 3.94437
51.2236 -60.3736 3.94361
51.2441 -60.2919 3.94292
51.2343 -60.2834 3.94272
51.2149 -60.2828 3.94118
51.2414 -60.3333 3.9437
51.1963 -60.4023 3.94182
51.182 -60.4022 3.94256
51.2535 -60.2966 3.94661
51.2647 -60.3486 3.94759
51.3506 -60.3289 3.94609
51.2637 -60.3039 3.94527
51.3332 -60.2783 3.94527
51.2518 -60.3232 3.94278
51.1971 -60.4272 3.9447
51.3077 -60.3219 3.94286
51.2091 -60.3672 3.94449
51.2404 -60.3203 3.94436
51.2178 -60.3325 3.94496
51.2277 -60.2133 3.93832
51.2521 -60.3308 3.9425
51.259 -60.2991 3.9431
51.2458 -60.3305 3.94421
51.2103 -60.3123 3.94619
51.1936 -60.3304 3.94179
51.3642 -60.3982 3.94283
51.2352 -60.2554 3.94587
51.2459 -60.372 3.94263
51.2859 -60.3909 3.94297
51.239 -60.4108 3.94353
51.3142 -60.3391 3.94127
51.3556 -60.2456 3.94547
51.2011 -60.2888 3.94667
51.1303 -60.2659 3.94504
51.2017 -60.3781 3.94641
51.2091 -60.3289 3.94593
51.3054 -60.3858 3.94694
51.3208 -60.3305 3.94302
51.2525 -60.4237 3.94134
51.2557 -60.3216 3.94332
51.2848 -60.3546 3.94755
51.1845 -60.3478 3.94382
51.3127 -60.4066 3.94471
51.2901 -60.3634 3.94492
51.1344 -60.3878 3.94387
51.249 -60.3618 3.94371
51.2808 -60.3642 3.94345
51.3074 -60.2946 3.94347
51.3873 -60.4289 3.94596
51.2975 -60.2352 3.94834
51.1945 -60.326 3.94437
51.2971 -60.3936 3.94276
51.2662 -60.4388 3.94423
51.3419 -60.3396 3.94359
51.272 -60.4393 3.94514
51.2636 -60.3787 3.94132
51.344 -60.3178 3.9445
51.3502 -60.3482 3.94751
51.2057 -60.4066 3.94615
51.1675 -60.3824 3.94234
51.2877 -60.3016 3.94397
51.228 -60.2621 3.94617
51.3209 -60.2735 3.94491
51.262 -60.3915 3.94464
51.2595 -60.3637 3.94891
51.2702 -60.3674 3.94364
51.3348 -60.3864 3.943
51.2946 -60.4182 3.94518
51.2732 -60.3916 3.94251
51.2906 -60.3374 3.94394
51.2365 -60.2992 3.94394
51.2468 -60.2712 3.94423
51.2892 -60.2752 3.94295
51.2495 -60.2721 3.9429
51.2131 -60.3888 3.94396
51.3051 -60.3226 3.94484
51.2613 -60.3448 3.9437
51.2659 -60.2362 3.94148
51.3139 -60.3206 3.94826
51.2418 -60.4047 3.9447
51.3829 -60.2964 3.94517
51.2257 -60.3654 3.94213
51.2846 -60.3663 3.93897
51.317 -60.3165 3.94643
51.2805 -60.3675 3.94406
51.2759 -60.3543 3.94396
51.2512 -60.4288 3.94319
51.1938 -60.4012 3.9421
51.1944 -60.2767 3.94246
51.2807 -60.3077 3.94627
51.207 -60.3046 3.94627
51.2327 -60.3608 3.94343
51.2826 -60.4223 3.94342
51.1543 -60.4528 3.94441
51.3683 -60.4475 3.94607
51.2734 -60.3601 3.9443
51.1605 -60.3345 3.9417
51.2054 -60.2895 3.94209
51.22 -60.3648 3.94307
51.2266 -60.4102 3.94104
51.3759 -60.3562 3.94491
51.2998 -60.3568 3.94417
51.1993 -60.3446 3.94265
51.2821 -60.3864 3.94579
51.2891 -60.3787 3.94069
51.2387 -60.4101 3.94139
51.255 -60.3736 3.94448
51.3797 -60.3553 3.94718
51.316 -60.4151 3.94509
51.285 -60.3456 3.94368
51.2326 -60.3493 3.94454
51.3059 -60.4116 3.94297
51.2731 -60.4454 3.94908
51.3104 -60.3267 3.94588
51.1601 -60.3614 3.94484
51.2071 -60.4939 3.94147
51.2958 -60.4871 3.94357
51.2195 -60.3887 3.94335
51.3402 -60.3591 3.94487
51.3527 -60.2953 3.94439
51.2552 -60.3647 3.9418
51.2282 -60.3518 3.94357
51.2372 -60.296 3.94102
51.1853 -60.3485 3.9444
51.2422 -60.2302 3.94554
51.3804 -60.4259 3.94754
51.3649 -60.4183 3.94698
51.1959 -60.3525 3.94412
51.2825 -60.4139 3.94442
51.3899 -60.2993 3.9425
51.2694 -60.3805 3.94408
51.2458 -60.3547 3.94761
51.3172 -60.2912 3.94353
51.3512 -60.3245 3.94438
51.3448 -60.2842 3.94448
51.2267 -60.2499 3.9416
51.2639 -60.4305 3.94035
51.2939 -60.341 3.94557
51.3028 -60.3808 3.94318
51.2118 -60.3342 3.94563
51.2988 -60.2975 3.94464
51.2509 -60.2969 3.94492
51.2061 -60.3757 3.94199
51.3116 -60.4595 3.94271
51.254 -60.3493 3.9423
51.3408 -60.2532 3.94128
51.3512 -60.2903 3.94537
51.2472 -60.3478 3.94454
51.262 -60.2884 3.94387
51.1774 -60.3072 3.94478
51.3032 -60.3053 3.94344
51.2132 -60.3862 3.94564
51.1967 -60.3397 3.93986
51.2656 -60.342 3.94616
51.2279 -60.2789 3.9473
51.3307 -60.3721 3.9412
51.335 -60.2006 3.94327
51.2647 -60.2851 3.94443
51.2522 -60.3644 3.94407
51.1857 -60.2665 3.94246
51.3132 -60.3114 3.94356
51.2682 -60.3401 3.94473
51.2741 -60.3624 3.94366
51.2202 -60.2876 3.9455
51.2168 -60.4352 3.94411
51.1828 -60.355 3.94452
51.2247 -60.3899 3.94373
51.2454 -60.3896 3.94235
51.3489 -60.3848 3.94355
51.202 -60.2984 3.94156
51.2839 -60.3688 3.94296
51.1811 -60.3956 3.94347
51.1698 -60.3304 3.94481
51.3183 -60.3676 3.94425
51.2482 -60.3249 3.94759
51.2354 -60.2817 3.94605
51.2233 -60.378 3.94229
51.2355 -60.3803 3.94152
51.29 -60.4092 3.94658
51.2631 -60.3292 3.943
51.3012 -60.3694 3.94511
51.2215 -60.3097 3.94375
51.308 -60.4456 3.94493
51.2896 -60.4348 3.94436
51.2605 -60.4157 3.9422
51.1765 -60.3752 3.9472
51.2106 -60.4161 3.94007
51.335 -60.3557 3.9436
51.2339 -60.2814 3.94224
51.3394 -60.3694 3.94669
51.2731 -60.4052 3.94168
51.357 -60.2872 3.94506
51.2525 -60.3747 3.94086
51.2679 -60.2948 3.94474
51.2622 -60.2581 3.94221
51.3237 -60.2345 3.94543
51.3224 -60.2668 3.94353
51.167 -60.2629 3.94181
51.2187 -60.3072 3.94624
51.1595 -60.3205 3.94489
51.2275 -60.3792 3.94277
51.2274 -60.3976 3.94329
51.2934 -60.3797 3.94619
51.3364 -60.339 3.9448
51.3147 -60.3575 3.9418
51.2632 -60.3016 3.94431
51.2885 -60.3598 3.94514
51.1925 -60.3501 3.94148
51.2008 -60.3098 3.94644
51.348 -60.4555 3.94213
51.2751 -60.2924 3.94276
51.2631 -60.318 3.94491
51.5167 -56.4351 3.94517
