215.126 -10.718 2.98491
215.058 -10.6669 2.98362
215.129 -10.7123 2.98404
215.083 -10.7306 2.9825
215.155 -10.746 2.98294
215.131 -10.7527 2.98111
215.166 -10.7019 2.98229
215.218 -10.7071 2.98883
215.183 -10.7001 2.98435
215.216 -10.7025 2.98297
215.165 -10.6779 2.9821
215.084 -10.6472 2.98306
215.133 -10.7159 2.983
215.098 -10.7361 2.9813
214.994 -10.7288 2.98164
215.103 -10.7038 2.98268
215.047 -10.6911 2.98486
215.076 -10.6422 2.98219
215.143 -10.6859 2.98197
215.153 -10.8015 2.98495
215.075 -10.7105 2.98464
215.144 -10.6601 2.98569
215.273 -10.8443 2.98614
215.081 -10.6134 2.98304
215.121 -10.7572 2.98861
215.211 -10.6986 2.98326
215.207 -10.713 2.98102
215.219 -10.6968 2.98465
215.078 -10.8097 2.98401
215.117 -10.7612 2.98387
215.143 -10.7806 2.98517
215.149 -10.7114 2.98278
215.118 -10.7462 2.98406
215.201 -10.8118 2.98299
215.1 -10.7009 2.98294
215.171 -10.717 2.98554
215.158 -10.7078 2.98362
215.053 -10.7038 2.98487
215.057 -10.7035 2.98423
215.165 -10.7185 2.98366
215.129 -10.8098 2.98446
215.189 -10.6905 2.98662
215.086 -10.7864 2.98847
215.165 -10.7618 2.9888
215.177 -10.7502 2.98863
215.12 -10.7838 2.9884
215.125 -10.7487 2.98394
215.148 -10.6575 2.98481
215.07 -10.679 2.98296
215.265 -10.8251 2.98575
215.049 -10.7592 2.9831
215.073 -10.7187 2.98648
215.117 -10.6701 2.9839
215.11 -10.713 2.98294
215.103 -10.7221 2.98206
215.186 -10.805 2.98125
215.057 -10.7742 2.98398
215.068 -10.7252 2.98343
215.193 -10.6009 2.98398
215.163 -10.7836 2.98331
215.148 -10.6486 2.98241
215.095 -10.7512 2.9848
215.295 -10.7605 2.98566
215.238 -10.7159 2.98716
214.962 -10.7372 2.98153
215.041 -10.7449 2.98404
215.033 -10.7318 2.98486
215.197 -10.7054 2.98621
215.134 -10.7938 2.9821
215.034 -10.7728 2.98122
215.127 -10.6821 2.98566
215.137 -10.6532 2.98221
215.166 -10.7167 2.98414
215.154 -10.8122 2.98153
215.104 -10.6067 2.98485
215.063 -10.74 2.98337
215.024 -10.7465 2.98217
215.201 -10.655 2.98327
215.055 -10.696 2.98687
215.047 -10.7153 2.98171
215.155 -10.7413 2.98238
215.111 -10.8099 2.98613
215.188 -10.7281 2.98288
214.927 -10.6934 2.98373
215.054 -10.7222 2.98291
215.153 -10.7556 2.98406
215.192 -10.7343 2.98014
215.158 -10.6342 2.98277
215.115 -10.6999 2.98461
215.126 -10.6009 2.98378
215.185 -10.7192 2.98433
215.172 -10.7677 2.98708
214.967 -10.7927 2.98226
215.105 -10.6354 2.98384
215.126 -10.6343 2.98269
215.205 -10.8226 2.98423
215.11 -10.704 2.98395
215.086 -10.6521 2.98119
215.145 -10.7331 2.98093
215.096 -10.6403 2.98082
215.125 -10.7588 2.98441
215.122 -10.8012 2.98409
215.281 -10.7719 2.9822
215.078 -10.7353 2.98334
215.114 -10.793 2.98087
215.1 -10.7085 2.98665
214.994 -10.5834 2.9823
215.014 -10.8259 2.98088
215.161 -10.7537 2.98238
215.083 -10.7068 2.98773
215.178 -10.6249 2.9855
215.046 -10.7229 2.98417
215.147 -10.7487 2.98242
215.138 -10.6916 2.9855
215.042 -10.6306 2.98204
215.194 -10.6895 2.98507
215.236 -10.7133 2.9902
215.054 -10.6404 2.98521
215.075 -10.738 2.98494
215.15 -10.7062 2.98352
215.135 -10.7519 2.98207
215.12 -10.7565 2.98352
215.04 -10.7647 2.98195
215.057 -10.6558 2.98414
215.201 -10.7867 2.98404
215.084 -10.7617 2.98486
215.146 -10.7044 2.98141
215.227 -10.8033 2.98538
215.06 -10.7916 2.97881
215.122 -10.7342 2.98285
215.12 -10.821 2.98138
215.102 -10.6324 2.97944
215.211 -10.7705 2.98402
215.168 -10.8164 2.98193
215.014 -10.6701 2.98204
215.108 -10.7679 2.98419
215.101 -10.7454 2.98602
215.13 -10.7799 2.98338
215.169 -10.7083 2.98404
215.287 -10.7631 2.98585
215.237 -10.6634 2.98509
215.203 -10.697 2.98539
215.049 -10.6657 2.9778
215.11 -10.6571 2.98617
215.131 -10.6471 2.98406
215.099 -10.7251 2.98354
215.067 -10.7053 2.98466
215.063 -10.8191 2.98428
215.063 -10.6813 2.9829
215.157 -10.6849 2.9851
215.133 -10.7323 2.98635
215.16 -10.7687 2.98084
215.054 -10.7232 2.98202
215.165 -10.7063 2.98793
215.204 -10.6657 2.98586
215.118 -10.7567 2.98144
215.144 -10.6919 2.98178
215.083 -10.7069 2.98307
215.074 -10.5894 2.98139
215.104 -10.6506 2.98336
215.114 -10.742 2.98532
215.068 -10.7025 2.98462
215.032 -10.6278 2.98011
215.108 -10.7823 2.98344
215.101 -10.7472 2.9848
215.144 -10.6656 2.98056
215.237 -10.7053 2.98157
215.119 -10.605 2.98583
215.152 -10.7975 2.98189
215.111 -10.6522 2.97914
215.068 -10.6521 2.98595
215.067 -10.5999 2.98413
215.181 -10.6758 2.98382
215.107 -10.7257 2.98629
215.101 -10.6895 2.98325
215.09 -10.6348 2.98092
215.24 -10.6568 2.98322
215.047 -10.7845 2.98639
215.093 -10.8512 2.98357
215.23 -10.5735 2.98535
214.945 -10.6209 2.97824
215.073 -10.6406 2.9814
215.239 -10.7947 2.98607
215.128 -10.6949 2.98301
215.139 -10.7055 2.9884
215.176 -10.7379 2.98389
215.114 -10.658 2.98802
215.143 -10.6432 2.98266
215.096 -10.7391 2.98484
215.155 -10.6572 2.98592
215.113 -10.5942 2.98312
215.146 -10.7757 2.9888
215.022 -10.6998 2.98713
215.154 -10.6963 2.98326
215.203 -10.6966 2.98335
215.23 -10.6361 2.98056
215.161 -10.6668 2.98432
215.197 -10.8916 2.98432
215.176 -10.7876 2.98372
215.106 -10.7941 2.98204
215.064 -10.6926 2.98205
215.241 -10.7409 2.98545
215.084 -10.7448 2.98302
215.101 -10.7843 2.98011
215.14 -10.7225 2.98215
215.183 -10.7746 2.98592
215.182 -10.793 2.98343
215.068 -10.7513 2.98318
215.157 -10.7223 2.98325
215.153 -10.6331 2.98328
215.177 -10.7392 2.98458
215.157 -10.6347 2.98029
215.161 -10.7357 2.98402
215.226 -10.7106 2.98496
215.279 -10.7421 2.98423
215.16 -10.5693 2.98365
215.148 -10.6384 2.98824
215.136 -10.6793 2.98094
215.22 -10.641 2.97935
215.198 -10.7593 2.98137
215.019 -10.6837 2.98053
215.142 -10.6838 2.98452
215.081 -10.6307 2.98396
215.138 -10.6764 2.98768
215.161 -10.754 2.98301
215.103 -10.7768 2.98438
215.217 -10.7066 2.98798
215.203 -10.8205 2.98103
215.156 -10.7374 2.98073
215.209 -10.7825 2.9853
215.213 -10.7311 2.98371
214.943 -10.7662 2.98267
215.014 -10.7967 2.98284
215.075 -10.5824 2.98519
215.125 -10.708 2.98299
215.13 -10.7537 2.9833
215.089 -10.7147 2.98534
214.987 -10.7849 2.98384
215.186 -10.7922 2.98499
215.146 -10.7154 2.98154
215.133 -10.6105 2.9836
215.037 -10.6687 2.9823
215.135 -10.7367 2.98299
215.132 -10.73 2.98237
215.08 -10.6841 2.98427
215.19 -10.6875 2.98321
215.094 -10.5555 2.98488
215.092 -10.6657 2.98453
215.063 -10.7987 2.98596
215.134 -10.7539 2.98342
215.246 -10.793 2.98262
215.2 -10.6811 2.98555
215.1 -10.6846 2.98245
215.145 -10.7501 2.9843
215.112 -10.7281 2.98554
215.172 -10.6335 2.98473
215.128 -10.789 2.98313
215.135 -10.6787 2.98651
215.058 -10.7527 2.98087
215.105 -10.6894 2.9864
215.174 -10.7345 2.98255
215.175 -10.767 2.98264
215.267 -10.8208 2.98381
215.177 -10.6373 2.98113
215.229 -10.7894 2.98205
215.013 -10.6827 2.98265
215.116 -10.8015 2.98299
215.133 -10.6974 2.98047
215.183 -10.7176 2.98631
215.126 -10.8157 2.98324
215.187 -10.7907 2.98678
215.098 -10.7173 2.983
215.103 -10.6442 2.98357
215.095 -10.7369 2.98089
215.028 -10.6908 2.98485
215.131 -10.6225 2.9877
215.024 -10.585 2.97719
215.224 -10.6969 2.98119
215.064 -10.7579 2.9878
215.046 -10.7106 2.98556
215.002 -10.6992 2.98189
215.089 -10.725 2.98455
215.199 -10.6807 2.98239
215.197 -10.6589 2.98652
215.148 -10.6321 2.98514
215.17 -10.7466 2.98003
215.163 -10.7295 2.97953
215.215 -10.7171 2.98858
215.243 -10.6781 2.98495
215.098 -10.7581 2.98191
215.046 -10.8356 2.98128
215.086 -10.6707 2.98598
215.165 -10.6396 2.98247
215.115 -10.7735 2.98281
215.039 -10.718 2.98591
215.097 -10.7111 2.98358
215.064 -10.7326 2.98227
214.999 -10.6606 2.98593
215.088 -10.6911 2.98721
215.135 -10.6681 2.98279
215.028 -10.7412 2.98544
215.106 -10.7318 2.98429
215.154 -10.748 2.98216
215.032 -10.7739 2.98377
215.1 -10.7283 2.98052
215.121 -10.6628 2.98225
215.231 -10.8116 2.98403
215.159 -10.6902 2.98406
215.11 -10.6941 2.98433
215.174 -10.6241 2.98316
215.156 -10.7992 2.9835
215.08 -10.6917 2.98407
215.147 -10.6719 2.98526
215.172 -10.7942 2.98584
215.191 -10.8017 2.9831
215 -10.6242 2.98056
215.128 -10.7774 2.98551
215.043 -10.7889 2.98579
215.161 -10.6983 2.98417
215.114 -10.7276 2.98449
215.153 -10.7029 2.97932
215.172 -10.6687 2.97965
215.086 -10.6901 2.98188
215.038 -10.7244 2.98206
215.093 -10.7174 2.98733
214.981 -10.7943 2.98329
215.16 -10.73 2.98466
215.148 -10.6797 2.98356
215.128 -10.6927 2.98486
215.16 -10.5931 2.98339
215.078 -10.7294 2.98515
215.114 -10.723 2.9842
215.174 -10.8018 2.98407
215.054 -10.6988 2.98216
215.14 -10.7548 2.98065
215.104 -10.7466 2.98203
215.182 -10.7742 2.98871
215.095 -10.7163 2.98201
215.134 -10.6967 2.98488
215.003 -10.6558 2.98338
215.309 -10.823 2.98564
215.087 -10.7587 2.98224
215.038 -10.6541 2.9804
214.988 -10.7399 2.98577
215.01 -10.6864 2.97973
215.195 -10.6341 2.9824
215.163 -10.8184 2.9834
215.162 -10.5842 2.98417
215.136 -10.6045 2.98372
215.042 -10.7787 2.98334
215.086 -10.6069 2.9838
215.086 -10.6232 2.98347
215.16 -10.8097 2.98343
215.185 -10.7002 2.98405
215.282 -10.6525 2.98461
215.207 -10.5595 2.98733
215.135 -10.7348 2.98454
215.206 -10.7661 2.98525
215.208 -10.6532 2.98427
215.034 -10.6892 2.98236
215.075 -10.7983 2.98421
215.11 -10.7359 2.98289
215.045 -10.8233 2.98567
215.06 -10.7626 2.98579
215.197 -10.6523 2.98731
215.21 -10.6746 2.98477
215.188 -10.804 2.98336
215.126 -10.6326 2.98487
215.214 -10.6949 2.98681
215.123 -10.7106 2.98192
215.096 -10.6934 2.98314
215.03 -10.7461 2.98463
215.116 -10.6697 2.98255
215.13 -10.6739 2.98102
215.1 -10.7296 2.98266
215.082 -10.6522 2.98419
215.202 -10.7078 2.98276
215.05 -10.6299 2.98409
215.088 -10.6432 2.98145
215.131 -10.6918 2.98329
215.089 -10.7681 2.98421
215.162 -10.7236 2.98375
214.944 -10.8352 2.9852
215.144 -10.6387 2.98483
215.215 -10.7126 2.9818
215.07 -10.7599 2.98279
215.112 -10.7442 2.98334
215.084 -10.7728 2.9816
215.228 -10.8198 2.98415
215.065 -10.636 2.98874
215.082 -10.6279 2.98323
215.089 -10.6709 2.98576
215.122 -10.6354 2.97899
215.188 -10.645 2.98426
215.133 -10.8276 2.9868
215.093 -10.7678 2.98925
215.002 -10.6549 2.98306
215.102 -10.8312 2.98539
215.15 -10.7651 2.98263
215.258 -10.585 2.9835
215.193 -10.7214 2.98761
215.122 -10.7 2.98895
215.152 -10.7153 2.98709
215.147 -10.7673 2.98244
215.057 -10.8259 2.9798
215.173 -10.7572 2.98597
215.039 -10.7389 2.98353
215 -10.7937 2.98565
215.077 -10.6713 2.98034
215.211 -10.7279 2.98752
215.068 -10.736 2.98839
215.161 -10.7705 2.98683
215.108 -10.7555 2.98934
214.989 -10.7294 2.98069
215.054 -10.7475 2.98504
215.058 -10.7442 2.98397
215.019 -10.6693 2.98456
215.064 -10.8215 2.98588
215.194 -10.6866 2.98653
215.106 -10.7557 2.98053
215.268 -10.7892 2.98721
215.137 -10.7969 2.98365
215.102 -10.678 2.98579
215.153 -10.7412 2.98327
215.094 -10.7296 2.98283
215.203 -10.7747 2.98077
215.151 -10.8277 2.98365
215.155 -10.8224 2.98426
215.147 -10.8026 2.98234
215.249 -10.6815 2.98614
215.157 -10.6814 2.98432
215.029 -10.768 2.98253
215.055 -10.7782 2.97809
215.128 -10.6192 2.98453
215.091 -10.8009 2.9828
215.157 -10.722 2.98429
215.135 -10.6265 2.98892
215.127 -10.6389 2.98312
215.185 -10.8047 2.98333
215.074 -10.6607 2.98233
215.083 -10.7396 2.98451
215.063 -10.779 2.98262
215.159 -10.626 2.98493
215.057 -10.6218 2.97984
215.188 -10.7318 2.98458
215.152 -10.6785 2.98162
215.073 -10.6373 2.98023
215.064 -10.7635 2.98217
215.211 -10.694 2.98322
215.169 -10.6787 2.98582
214.947 -10.8555 2.98376
215.075 -10.7978 2.98359
215.103 -10.6746 2.98222
215.13 -10.7944 2.98321
215.101 -10.5823 2.98317
215.052 -10.6715 2.9839
215.181 -10.7164 2.98324
215.191 -10.6967 2.98426
215.119 -10.7564 2.98285
215.21 -10.7526 2.98292
215.053 -10.6528 2.98319
215.173 -10.65 2.98511
215.173 -10.5888 2.98511
215.275 -10.8431 2.98308
215.157 -10.7526 2.98367
215.166 -10.7784 2.98003
215.137 -10.6476 2.98462
215.246 -10.8311 2.98354
215.162 -10.7345 2.98312
215.015 -10.6137 2.98125
215.028 -10.671 2.98331
215.22 -10.7741 2.9848
215.223 -10.6763 2.98619
214.963 -10.7616 2.98373
215.105 -10.7036 2.9871
215.205 -10.8125 2.9847
215.141 -10.7981 2.98631
215.061 -10.6136 2.98234
215.159 -10.7943 2.98165
215.114 -10.7036 2.98537
215.155 -10.7835 2.98505
215.171 -10.7274 2.97991
215.074 -10.7425 2.98522
215.157 -10.6264 2.98377
215.18 -10.7288 2.98467
215.18 -10.7112 2.98544
215.06 -10.7539 2.98217
215.127 -10.708 2.98784
215.071 -10.8227 2.98471
215.112 -10.5976 2.98297
215.286 -10.8229 2.98483
215.286 -10.8033 2.98548
215.311 -10.8325 2.98405
215.115 -10.7592 2.98207
215.122 -10.689 2.98163
215.003 -10.7622 2.98188
215.142 -10.6533 2.98382
215.072 -10.6705 2.98258
215.221 -10.606 2.98036
215.802 -13.9083 2.97979
