123.796 -19.9876 3.40568
123.912 -19.9071 3.40394
123.82 -19.9271 3.40475
123.821 -19.9202 3.40504
123.867 -19.9451 3.40577
123.758 -19.9266 3.40257
123.777 -20.0228 3.4057
123.836 -19.8175 3.40702
123.827 -19.8649 3.40862
123.775 -20.0027 3.40672
123.782 -19.9628 3.40782
123.899 -19.892 3.4077
123.725 -19.8741 3.40418
123.846 -20.0124 3.4068
123.79 -19.9173 3.40664
123.913 -19.893 3.40468
123.755 -19.9816 3.40722
123.752 -19.87 3.405
123.788 -19.9722 3.40737
123.847 -19.8919 3.40312
123.853 -19.8919 3.40306
123.889 -19.8518 3.40256
123.827 -19.9676 3.40633
123.803 -19.8638 3.40547
123.833 -20.0081 3.40595
123.92 -19.8703 3.40674
123.81 -19.9889 3.40402
123.852 -19.8682 3.40202
123.736 -19.9691 3.40594
123.774 -19.9731 3.40626
123.867 -20.0314 3.40626
123.792 -19.8885 3.40434
123.89 -19.8977 3.40726
123.781 -19.9805 3.40643
123.871 -19.8726 3.40457
123.814 -19.9425 3.40585
123.87 -19.9002 3.40705
123.792 -19.9221 3.40331
123.93 -19.9012 3.40674
123.744 -19.9151 3.40749
123.839 -19.8971 3.40677
123.827 -20.0239 3.40559
123.827 -19.8651 3.407
123.828 -19.8639 3.40707
123.74 -20.0233 3.40768
123.838 -19.9802 3.40815
123.889 -19.9588 3.40544
123.834 -19.8876 3.40657
123.802 -19.9458 3.40471
123.75 -20.0032 3.40743
123.758 -20.0066 3.40747
123.755 -20.0061 3.40753
123.877 -19.8508 3.40414
123.822 -19.9096 3.40321
123.828 -20.0126 3.40589
123.783 -19.9279 3.40767
123.947 -19.925 3.4104
123.815 -19.9186 3.40685
123.82 -19.8762 3.4047
123.823 -19.8729 3.40496
123.937 -19.9342 3.40655
123.801 -19.9632 3.40551
123.795 -19.9686 3.40764
123.797 -19.9753 3.40769
123.801 -19.9744 3.40774
123.833 -19.8393 3.40454
123.806 -19.9207 3.40636
123.807 -20.0067 3.40771
123.954 -19.8539 3.40445
123.961 -19.8593 3.40431
123.776 -19.882 3.40528
123.713 -19.8961 3.40221
123.839 -19.9773 3.40968
123.818 -19.8944 3.4064
123.855 -19.9318 3.4077
123.875 -19.8488 3.40876
123.962 -19.9306 3.40616
123.797 -20.1081 3.40843
123.891 -19.9325 3.40687
123.879 -19.9362 3.40674
123.86 -19.9199 3.40685
123.858 -19.9182 3.40673
123.866 -19.9014 3.40397
123.87 -19.891 3.40828
123.759 -19.9576 3.40477
123.766 -19.9607 3.40483
123.892 -19.8972 3.40556
123.837 -19.9681 3.40658
123.927 -19.8373 3.40598
123.831 -19.9888 3.40622
123.955 -19.841 3.40651
123.773 -19.884 3.40876
123.771 -19.8849 3.40864
123.803 -19.8361 3.40445
123.836 -19.9583 3.4037
123.79 -19.9073 3.40324
123.761 -19.8693 3.40833
123.865 -19.893 3.40605
123.669 -19.8249 3.4058
123.968 -20.0248 3.40553
123.844 -19.9312 3.40635
123.855 -19.9291 3.40568
123.814 -19.8506 3.40491
123.852 -19.9011 3.40484
123.77 -19.9831 3.40701
123.911 -19.9234 3.40653
123.814 -19.8486 3.40705
123.782 -19.8731 3.4046
123.658 -19.9271 3.40478
123.887 -19.8962 3.40669
123.813 -19.9025 3.40372
123.885 -19.9261 3.40506
123.883 -19.9284 3.40506
123.89 -19.9232 3.40488
123.838 -19.9419 3.40662
123.7 -20.0324 3.40633
123.851 -19.8855 3.40447
123.949 -19.9678 3.41054
123.985 -19.9364 3.40665
123.765 -19.8643 3.40452
123.973 -19.9133 3.41039
123.775 -19.8098 3.40431
123.825 -19.8876 3.40622
123.862 -19.9743 3.4078
123.831 -19.9119 3.40742
123.828 -20.0458 3.40814
123.818 -19.95 3.40856
123.761 -19.9372 3.40438
123.786 -19.9721 3.40502
123.782 -19.9787 3.40327
123.817 -19.9367 3.40425
123.977 -19.9358 3.40702
123.795 -19.9756 3.40571
123.734 -19.983 3.40432
123.893 -20.0125 3.40615
123.877 -19.8857 3.40686
123.809 -19.9459 3.40512
123.825 -19.9856 3.40707
123.842 -19.8796 3.40624
123.779 -19.9535 3.40552
123.825 -19.8816 3.40777
123.812 -19.8566 3.40274
123.823 -19.9472 3.4058
123.811 -19.9555 3.40687
123.897 -20.0268 3.40868
123.85 -19.8475 3.40644
123.8 -19.989 3.40587
123.799 -19.9893 3.40571
123.881 -19.8549 3.4082
123.726 -19.9489 3.40486
123.864 -19.9438 3.40564
123.944 -19.8619 3.4031
123.773 -20.0187 3.40576
123.775 -20.0226 3.40557
123.852 -19.9484 3.40602
123.876 -19.8755 3.40503
123.781 -19.9593 3.40765
123.723 -19.8789 3.40419
123.845 -20.009 3.40677
123.769 -19.9474 3.4079
123.796 -19.9183 3.40657
123.843 -19.9576 3.40811
123.753 -19.9718 3.4072
123.751 -19.8726 3.40481
123.831 -19.8584 3.40553
123.851 -19.923 3.40498
123.897 -19.9975 3.40667
123.776 -19.9193 3.40716
123.766 -19.9221 3.40717
123.836 -20.019 3.40635
123.832 -20.0041 3.40585
123.817 -19.9242 3.40509
123.813 -19.9888 3.40398
123.813 -19.9909 3.40402
123.881 -19.9213 3.4081
123.884 -19.9243 3.40816
123.735 -19.9653 3.40588
123.852 -19.9614 3.40762
123.83 -19.9421 3.40703
123.834 -19.942 3.4071
123.683 -19.9922 3.4048
123.794 -19.8765 3.40403
123.9 -19.8883 3.40556
123.774 -19.9772 3.40651
123.905 -19.9175 3.40772
123.874 -19.8692 3.40478
123.974 -19.9726 3.40856
123.814 -19.9406 3.40602
123.842 -19.8149 3.40635
123.794 -19.9259 3.40338
123.795 -19.9253 3.40338
123.926 -19.9051 3.40649
123.75 -19.9237 3.40747
123.8 -19.8828 3.40576
123.829 -19.9678 3.40658
123.866 -19.9222 3.40712
123.824 -20.024 3.40549
123.765 -19.8266 3.4054
123.818 -19.9377 3.40613
123.801 -19.8912 3.40702
123.817 -19.8922 3.40886
123.868 -20.0739 3.40404
123.869 -20.0793 3.40411
123.836 -19.8802 3.40543
123.802 -19.9475 3.40476
123.755 -20.0034 3.40735
123.904 -19.9781 3.40819
123.923 -19.8981 3.40939
123.824 -20.0116 3.40603
123.786 -19.9263 3.40766
123.903 -20.0132 3.40535
123.754 -19.9838 3.40691
123.928 -19.9349 3.4064
123.799 -19.9609 3.40531
123.932 -19.9973 3.40784
123.94 -19.9972 3.408
123.799 -19.9221 3.4064
123.914 -19.825 3.40553
123.912 -19.816 3.40553
123.778 -19.8911 3.40539
123.779 -19.8908 3.40542
123.779 -19.8826 3.40533
123.837 -19.9668 3.40578
123.894 -19.9334 3.40645
123.821 -20.0998 3.40846
123.819 -20.1055 3.40861
123.668 -19.8573 3.40832
123.852 -19.9877 3.40252
123.848 -19.97 3.40554
123.879 -19.9362 3.407
123.861 -19.9231 3.40682
123.831 -19.9959 3.40693
123.875 -19.9112 3.40695
123.763 -19.9589 3.40477
123.762 -19.9597 3.40492
123.806 -20.004 3.40144
123.851 -19.9154 3.40492
123.922 -19.8381 3.40622
123.933 -19.9397 3.40735
123.848 -19.9316 3.40606
123.807 -19.8433 3.40438
123.796 -19.9075 3.40347
123.843 -19.9072 3.40342
123.665 -19.8251 3.40583
123.835 -19.9339 3.40589
123.891 -19.938 3.40683
123.844 -19.9306 3.40624
123.822 -19.8516 3.40497
123.886 -19.9526 3.40709
123.778 -19.9814 3.40692
123.882 -19.9501 3.40544
123.817 -19.8459 3.40699
123.659 -19.9301 3.40499
123.824 -19.9474 3.40651
123.775 -19.8641 3.40298
123.809 -19.9097 3.40364
123.911 -19.9419 3.40812
123.956 -19.8641 3.40123
123.783 -19.9396 3.40691
123.722 -20.0204 3.40713
123.883 -19.899 3.41008
123.72 -19.9077 3.4051
123.759 -19.8712 3.40467
123.768 -19.8371 3.4045
123.769 -19.8393 3.40466
123.829 -19.8887 3.40602
123.825 -19.8885 3.40611
123.827 -19.9313 3.406
123.991 -19.909 3.40939
123.913 -19.9017 3.40738
123.908 -19.899 3.40739
123.782 -19.9798 3.40482
123.788 -19.9785 3.40477
123.824 -19.9447 3.40405
123.818 -19.9366 3.4042
123.734 -19.8421 3.40552
123.733 -19.8351 3.40551
123.79 -19.9743 3.40534
123.737 -19.987 3.40443
123.941 -19.9492 3.40555
123.892 -20.0093 3.40611
123.912 -19.8654 3.40803
123.812 -19.9493 3.40515
123.848 -19.9614 3.40557
123.83 -19.985 3.40712
123.777 -19.9497 3.40569
123.827 -19.8809 3.40775
123.809 -19.8494 3.40265
123.872 -19.9949 3.40495
123.81 -19.9454 3.40664
123.858 -19.8578 3.40889
123.846 -19.8458 3.40654
123.799 -19.9943 3.40569
123.885 -19.9951 3.40928
123.727 -19.9465 3.40492
123.826 -19.9234 3.40491
123.762 -19.9337 3.40255
123.755 -19.9322 3.40252
123.759 -19.9291 3.40257
123.777 -20.024 3.40567
123.891 -19.9257 3.40521
123.636 -19.8691 3.40541
123.764 -20.0003 3.40662
123.784 -19.9567 3.40773
123.783 -19.9588 3.40765
123.724 -19.8713 3.40429
123.841 -20.0079 3.40664
123.91 -19.9797 3.40473
123.796 -19.9141 3.40665
123.791 -19.9152 3.40667
123.697 -20.042 3.4072
123.899 -19.9132 3.41023
123.899 -19.9695 3.40662
123.794 -19.971 3.40738
123.844 -19.9233 3.40468
123.77 -19.9178 3.40732
123.833 -19.9604 3.40654
123.842 -20.0139 3.40624
123.801 -19.8719 3.40585
123.841 -20.0036 3.40611
123.843 -20.0021 3.40602
123.925 -19.8781 3.40683
123.816 -19.9828 3.40385
123.765 -19.8445 3.40445
123.736 -19.9641 3.40589
123.776 -19.9726 3.4063
123.853 -19.9609 3.40759
123.715 -19.9095 3.41152
123.794 -19.8938 3.40415
123.903 -19.8864 3.40573
123.905 -19.924 3.40774
123.874 -19.8783 3.40472
123.877 -19.9365 3.40829
123.819 -19.9417 3.40598
123.765 -19.9262 3.40853
123.87 -19.899 3.40698
123.768 -19.9131 3.40678
123.75 -19.9146 3.40745
123.839 -19.9014 3.40663
123.825 -19.9676 3.40665
123.824 -19.864 3.40699
123.809 -19.9389 3.4057
123.816 -19.9329 3.40631
123.812 -19.8948 3.40888
123.852 -19.9254 3.40905
123.871 -20.0755 3.40383
123.867 -20.0751 3.40398
123.822 -19.8901 3.40652
123.803 -19.9448 3.4049
123.868 -19.8786 3.40303
123.906 -19.9804 3.4081
123.83 -20.0129 3.40577
123.764 -19.837 3.40704
123.81 -19.9199 3.40702
123.826 -19.8738 3.40492
123.799 -19.9629 3.40538
123.8 -19.9734 3.40783
123.811 -19.9783 3.40331
123.888 -20.0198 3.40995
123.843 -19.9646 3.40739
123.836 -19.9163 3.40816
123.842 -19.8964 3.40876
123.713 -19.8961 3.40223
123.71 -19.8973 3.4023
123.886 -19.851 3.40519
123.824 -19.8926 3.40628
123.816 -19.8963 3.4065
123.857 -19.9363 3.40756
123.86 -19.9919 3.4026
123.937 -20.0035 3.4066
123.941 -20.002 3.40667
123.911 -19.9583 3.40612
123.86 -19.8375 3.405
123.886 -20.0344 3.40668
123.768 -19.9611 3.40495
123.828 -19.9804 3.40639
123.835 -19.9764 3.40625
123.808 -20.0032 3.40127
123.909 -19.9652 3.40662
123.825 -19.9948 3.40618
123.844 -19.8923 3.40372
123.775 -19.887 3.4088
123.725 -19.9638 3.40679
123.734 -19.9692 3.40673
123.762 -19.8642 3.40858
123.834 -19.9218 3.4077
123.949 -19.9336 3.40521
123.893 -19.9389 3.40711
123.848 -19.9323 3.40624
123.857 -19.9284 3.40577
123.833 -20.0597 3.4083
123.862 -19.9073 3.40468
123.871 -19.9195 3.40494
123.774 -19.9788 3.40673
123.913 -19.9211 3.40659
123.828 -19.8552 3.40345
123.822 -19.8482 3.40691
123.813 -19.8449 3.40716
123.781 -19.8685 3.4047
123.913 -19.9114 3.40704
123.837 -19.9505 3.40668
123.805 -19.9062 3.40368
123.945 -19.9228 3.40852
123.891 -19.9257 3.40505
123.918 -19.8697 3.40283
123.786 -19.9515 3.40651
123.785 -19.946 3.40671
123.719 -20.0268 3.40714
123.851 -19.885 3.40452
123.766 -19.9444 3.40607
123.9 -20.0133 3.41071
123.772 -19.8425 3.40451
123.831 -19.8831 3.4061
123.827 -19.9292 3.40612
123.896 -19.9779 3.41075
123.828 -19.935 3.40653
123.832 -20.0064 3.40296
123.782 -19.977 3.40465
123.783 -19.9815 3.40341
123.816 -19.9335 3.40404
123.736 -19.8376 3.40555
123.92 -19.9189 3.40729
123.741 -19.9865 3.40448
123.753 -19.9539 3.40492
123.944 -19.9491 3.4054
123.916 -19.8615 3.40797
123.914 -19.8598 3.40805
123.851 -19.9437 3.40786
123.827 -19.9104 3.40716
123.806 -19.949 3.40524
123.823 -19.9851 3.40704
123.842 -19.873 3.40637
123.775 -19.9524 3.40554
123.777 -19.9479 3.40553
123.804 -19.9416 3.40671
123.922 -19.8821 3.40668
123.812 -19.8512 3.40268
123.894 -20.0005 3.40338
123.86 -19.8589 3.40873
123.876 -19.8631 3.40689
123.854 -20.0047 3.40808
123.848 -19.849 3.40636
123.871 -19.9033 3.40945
123.896 -19.9288 3.4088
123.87 -19.9939 3.40965
123.729 -19.9442 3.40476
123.726 -19.9464 3.40498
123.871 -19.9411 3.40583
123.852 -19.9004 3.40773
123.771 -20.0212 3.40587
123.778 -20.0225 3.40549
123.879 -19.8787 3.40506
123.881 -19.8814 3.40498
123.767 -20.0002 3.40678
123.989 -20.0565 3.40599
123.871 -19.9354 3.40617
123.842 -20.0142 3.40661
123.767 -19.9494 3.40795
123.913 -19.9864 3.40412
123.918 -19.8954 3.40488
123.845 -19.9561 3.4082
123.841 -19.9561 3.40808
123.754 -19.982 3.40715
123.747 -19.8696 3.40499
123.745 -19.8719 3.40484
123.823 -19.8528 3.40549
123.838 -19.8179 3.40335
123.896 -20.0039 3.40682
123.886 -19.8522 3.40263
123.841 -20.0119 3.40636
123.833 -20.0044 3.40605
123.838 -19.8909 3.4061
123.817 -19.9214 3.40506
123.815 -19.9909 3.40402
123.872 -19.8726 3.40947
123.802 -19.8563 3.40258
123.824 -19.7781 3.40296
123.892 -19.9088 3.40835
123.827 -19.94 3.40704
123.68 -19.9899 3.40459
123.898 -19.884 3.40563
123.904 -19.9191 3.40783
123.875 -19.8753 3.40479
123.845 -19.9346 3.40576
123.876 -19.9583 3.40622
123.861 -19.7636 3.40047
123.801 -19.8787 3.40568
123.883 -20.0879 3.40671
123.874 -19.9206 3.40694
123.832 -19.8633 3.40672
123.769 -19.8267 3.40554
123.816 -19.9372 3.40579
123.813 -19.9443 3.40583
123.744 -20.0233 3.40762
123.819 -19.933 3.40608
123.851 -19.9306 3.40868
123.891 -19.9606 3.40551
123.826 -19.8879 3.40652
123.799 -19.9401 3.40468
124.707 -22.9764 3.40859
