-41.2295 -54.7335 1.62232
-41.1686 -54.8174 1.62096
-41.228 -54.7224 1.62702
-41.2539 -54.7946 1.62089
-41.326 -54.8328 1.62566
-41.2097 -54.8148 1.62277
-41.2624 -54.7737 1.62645
-41.2678 -54.7145 1.62157
-41.32 -54.7579 1.62349
-41.2771 -54.8132 1.62191
-41.3424 -54.8035 1.62367
-41.3469 -54.6947 1.62503
-41.2118 -54.7016 1.62372
-41.2693 -54.6148 1.62734
-41.2517 -54.641 1.62252
-41.168 -54.6754 1.62712
-41.1887 -54.7315 1.62591
-41.2499 -54.732 1.62121
-41.3386 -54.851 1.62211
-41.3275 -54.7965 1.62439
-41.3076 -54.7456 1.62197
-41.3253 -54.7713 1.624
-41.2642 -54.6876 1.62173
-41.283 -54.7457 1.62521
-41.2229 -54.6932 1.62234
-41.3185 -54.6312 1.62461
-41.2518 -54.7554 1.62908
-41.2066 -54.8121 1.62481
-41.1677 -54.7128 1.62362
-41.2592 -54.5859 1.62203
-41.2072 -54.7644 1.62555
-41.2085 -54.7027 1.62319
-41.2365 -54.7166 1.62318
-41.2605 -54.7453 1.62417
-41.2317 -54.7383 1.62154
-41.2671 -54.7245 1.62136
-41.2469 -54.6184 1.62289
-41.2293 -54.7946 1.62434
-41.1627 -54.6307 1.6257
-41.3175 -54.6794 1.62397
-41.2271 -54.7892 1.62273
-41.239 -54.6915 1.62174
-41.3153 -54.7294 1.62461
-41.2408 -54.7552 1.62326
-41.3244 -54.7589 1.62287
-41.3487 -54.7401 1.62797
-41.2545 -54.578 1.62318
-41.3301 -54.7456 1.62299
-41.2527 -54.7631 1.62355
-41.2217 -54.8177 1.62091
-41.2238 -54.7727 1.62288
-41.3545 -54.6303 1.62493
-41.2741 -54.7944 1.62341
-41.1183 -54.7949 1.62451
-41.2662 -54.6907 1.62236
-41.2637 -54.6412 1.62252
-41.3104 -54.7563 1.62344
-41.3006 -54.7626 1.62282
-41.2476 -54.6555 1.62141
-41.2259 -54.6788 1.62312
-41.1998 -54.7716 1.62067
-41.2142 -54.6696 1.62489
-41.321 -54.8199 1.62258
-41.1808 -54.712 1.62559
-41.2971 -54.7104 1.62816
-41.2221 -54.7249 1.62667
-41.3226 -54.7767 1.62028
-41.2844 -54.7071 1.6244
-41.2814 -54.7837 1.62715
-41.2103 -54.8298 1.62348
-41.3102 -54.7937 1.62386
-41.1968 -54.7853 1.62193
-41.2314 -54.6589 1.62361
-41.2609 -54.7302 1.624
-41.2855 -54.7288 1.62371
-41.2849 -54.7427 1.62539
-41.323 -54.796 1.62154
-41.2631 -54.7969 1.6228
-41.3097 -54.7361 1.62506
-41.2129 -54.7608 1.62366
-41.3175 -54.7426 1.62662
-41.1404 -54.7281 1.61946
-41.2712 -54.8141 1.6217
-41.3805 -54.8513 1.62246
-41.2094 -54.7551 1.61948
-41.1928 -54.7756 1.62651
-41.3631 -54.8428 1.62218
-41.3675 -54.82 1.62354
-41.291 -54.6985 1.62557
-41.1995 -54.7781 1.62225
-41.2812 -54.7431 1.61766
-41.2289 -54.5977 1.62537
-41.2989 -54.6922 1.62425
-41.3525 -54.6236 1.62262
-41.2356 -54.7559 1.62198
-41.2347 -54.7923 1.62304
-41.2496 -54.7016 1.62521
-41.129 -54.6396 1.62539
-41.2878 -54.6816 1.62118
-41.274 -54.7308 1.62285
-41.2307 -54.8055 1.62457
-41.1577 -54.852 1.62394
-41.2841 -54.8298 1.62395
-41.2453 -54.7033 1.62223
-41.2742 -54.7502 1.62803
-41.1402 -54.7699 1.62297
-41.1816 -54.7426 1.62424
-41.348 -54.6612 1.62618
-41.2001 -54.7586 1.62452
-41.1425 -54.7873 1.6202
-41.2003 -54.6476 1.6232
-41.2977 -54.6304 1.62325
-41.2758 -54.7181 1.62254
-41.3089 -54.7772 1.62169
-41.2442 -54.7164 1.62373
-41.3282 -54.6156 1.62548
-41.273 -54.6692 1.62549
-41.3621 -54.69 1.62418
-41.313 -54.6574 1.62566
-41.1815 -54.7869 1.62926
-41.1593 -54.6279 1.62437
-41.2856 -54.7041 1.6247
-41.3708 -54.6123 1.62392
-41.27 -54.6825 1.62153
-41.3211 -54.8051 1.62481
-41.2663 -54.7778 1.61952
-41.2209 -54.634 1.62235
-41.2664 -54.811 1.62535
-41.2276 -54.7366 1.6239
-41.2897 -54.7411 1.62333
-41.4056 -54.7543 1.62561
-41.2489 -54.7974 1.62839
-41.2559 -54.7852 1.62026
-41.3278 -54.6415 1.62484
-41.282 -54.7796 1.62677
-41.2672 -54.7549 1.62642
-41.2418 -54.7415 1.62225
-41.2509 -54.7234 1.62339
-41.1607 -54.7208 1.62169
-41.3868 -54.7091 1.62346
-41.2194 -54.7187 1.62596
-41.2779 -54.7443 1.62376
-41.3099 -54.6724 1.62509
-41.2203 -54.7756 1.62296
-41.2864 -54.6566 1.62132
-41.21 -54.7722 1.62524
-41.3274 -54.6453 1.62616
-41.2288 -54.7242 1.62639
-41.2668 -54.7007 1.6217
-41.3162 -54.8111 1.62262
-41.3069 -54.7587 1.62381
-41.2745 -54.6982 1.62505
-41.2047 -54.7554 1.62255
-41.31 -54.718 1.62742
-41.2493 -54.8744 1.62642
-41.2359 -54.6616 1.62436
-41.283 -54.7606 1.62228
-41.1912 -54.8113 1.62445
-41.2542 -54.8219 1.62431
-41.2237 -54.7212 1.62477
-41.259 -54.6785 1.62191
-41.2058 -54.7454 1.62254
-41.1888 -54.748 1.62376
-41.2348 -54.7667 1.6207
-41.2632 -54.7922 1.62302
-41.231 -54.7756 1.62997
-41.2799 -54.6718 1.62472
-41.3425 -54.6906 1.62385
-41.1763 -54.6867 1.62521
-41.3123 -54.7336 1.62106
-41.2551 -54.7578 1.62552
-41.1659 -54.8393 1.62197
-41.2585 -54.7509 1.62447
-41.2972 -54.6128 1.62607
-41.2977 -54.6438 1.6242
-41.2611 -54.681 1.62037
-41.278 -54.6929 1.62514
-41.2748 -54.6269 1.62672
-41.3224 -54.7512 1.62275
-41.4052 -54.6347 1.62432
-41.2439 -54.7654 1.62248
-41.2686 -54.8018 1.62163
-41.1921 -54.7923 1.62765
-41.2297 -54.7384 1.62513
-41.1768 -54.6175 1.6256
-41.2089 -54.7436 1.62293
-41.1472 -54.6884 1.62608
-41.2752 -54.8092 1.62476
-41.2297 -54.789 1.62302
-41.1396 -54.7093 1.61968
-41.2427 -54.6528 1.62768
-41.2912 -54.8515 1.62203
-41.1614 -54.8087 1.62624
-41.1546 -54.7392 1.62498
-41.2355 -54.728 1.62407
-41.1401 -54.7232 1.62035
-41.2239 -54.7454 1.62468
-41.2476 -54.8425 1.6233
-41.4325 -54.7702 1.62197
-41.2841 -54.6969 1.62344
-41.2326 -54.7978 1.62241
-41.3042 -54.7512 1.6181
-41.1518 -54.7762 1.62522
-41.252 -54.7306 1.62482
-41.2688 -54.7005 1.62359
-41.2094 -54.6492 1.62136
-41.1766 -54.7597 1.62599
-41.2375 -54.7099 1.62388
-41.2833 -54.6869 1.62329
-41.2693 -54.8189 1.62064
-41.2196 -54.7254 1.62434
-41.2211 -54.741 1.62419
-41.2603 -54.7508 1.62589
-41.1534 -54.7328 1.62406
-41.2911 -54.8052 1.62629
-41.2619 -54.7003 1.62048
-41.2782 -54.7517 1.62673
-41.2188 -54.7401 1.62221
-41.2448 -54.7824 1.62221
-41.3166 -54.768 1.6284
-41.3651 -54.6099 1.6233
-41.2309 -54.7655 1.62419
-41.3455 -54.6842 1.62812
-41.1978 -54.778 1.6258
-41.3343 -54.7247 1.62514
-41.2081 -54.592 1.62093
-41.1344 -54.7814 1.6226
-41.2159 -54.7441 1.62176
-41.3032 -54.7371 1.62459
-41.2966 -54.8039 1.62447
-41.2414 -54.8084 1.62494
-41.2971 -54.7652 1.62418
-41.1337 -54.7293 1.62303
-41.2832 -54.6173 1.62347
-41.2652 -54.6344 1.62355
-41.2164 -54.6259 1.61926
-41.2836 -54.74 1.62508
-41.3391 -54.6425 1.62242
-41.2058 -54.6669 1.62137
-41.2302 -54.7451 1.62346
-41.1654 -54.7802 1.62391
-41.1982 -54.7785 1.62224
-41.3551 -54.7618 1.61951
-41.1871 -54.7723 1.62587
-41.2156 -54.7548 1.62289
-41.2784 -54.6698 1.62364
-41.3218 -54.7726 1.62488
-41.2422 -54.7377 1.62276
-41.3162 -54.7987 1.62763
-41.3146 -54.8145 1.62675
-41.2205 -54.6161 1.62074
-41.2083 -54.8588 1.62408
-41.1666 -54.7644 1.62322
-41.1714 -54.7708 1.62459
-41.288 -54.7363 1.62488
-41.2751 -54.7504 1.6229
-41.283 -54.6937 1.62382
-41.1973 -54.7494 1.62337
-41.2808 -54.7413 1.62652
-41.2157 -54.7474 1.62444
-41.2187 -54.7427 1.62362
-41.3248 -54.736 1.61893
-41.2714 -54.6952 1.6183
-41.2769 -54.7117 1.62517
-41.3745 -54.6326 1.62288
-41.2852 -54.8208 1.62021
-41.2859 -54.697 1.62562
-41.2137 -54.6824 1.62452
-41.2308 -54.7186 1.62092
-41.3368 -54.7354 1.62851
-41.3115 -54.7926 1.62515
-41.2332 -54.6713 1.62196
-41.2661 -54.7152 1.62441
-41.2793 -54.774 1.62382
-41.2453 -54.7121 1.62168
-41.2773 -54.6982 1.62007
-41.244 -54.6331 1.6248
-41.4054 -54.6928 1.63114
-41.2882 -54.773 1.62419
-41.3437 -54.7019 1.62847
-41.2002 -54.7497 1.62444
-41.294 -54.7791 1.62388
-41.2305 -54.7378 1.62057
-41.147 -54.6654 1.62286
-41.2465 -54.7056 1.62401
-41.2448 -54.7229 1.62017
-41.2597 -54.7295 1.62453
-41.234 -54.6529 1.62148
-41.2384 -54.7452 1.62616
-41.2735 -54.7245 1.62549
-41.3321 -54.6906 1.62615
-41.258 -54.7138 1.62407
-41.1705 -54.7228 1.62119
-41.3446 -54.6724 1.61918
-41.3571 -54.792 1.61912
-41.2549 -54.7584 1.61964
-41.2278 -54.8098 1.61933
-41.2797 -54.7995 1.62228
-41.22 -54.7222 1.62082
-41.1837 -54.7465 1.62356
-41.2577 -54.7309 1.62482
-41.2143 -54.7667 1.62522
-41.2951 -54.7631 1.62563
-41.1559 -54.653 1.62207
-41.2709 -54.6745 1.62745
-41.188 -54.7189 1.62517
-41.326 -54.6379 1.62492
-41.2945 -54.6838 1.6234
-41.1842 -54.7188 1.62366
-41.3625 -54.8306 1.62169
-41.288 -54.5775 1.62145
-41.3148 -54.7217 1.62262
-41.2722 -54.7488 1.62648
-41.2671 -54.7274 1.62796
-41.262 -54.7369 1.62521
-41.2124 -54.7078 1.62166
-41.2535 -54.8243 1.62204
-41.32 -54.7356 1.62329
-41.1816 -54.6844 1.62574
-41.2634 -54.7498 1.62475
-41.124 -54.7356 1.61923
-41.3562 -54.665 1.6243
-41.241 -54.7582 1.62463
-41.2968 -54.8187 1.62225
-41.3555 -54.708 1.62381
-41.135 -54.7609 1.62303
-41.1285 -54.7077 1.62344
-41.2626 -54.7319 1.6234
-41.3133 -54.7302 1.63001
-41.2138 -54.7688 1.62375
-41.1482 -54.6387 1.62089
-41.2685 -54.734 1.62459
-41.1503 -54.7814 1.62284
-41.2534 -54.6069 1.62227
-41.2664 -54.7714 1.62496
-41.2674 -54.8762 1.62445
-41.2385 -54.647 1.62064
-41.3577 -54.7683 1.62934
-41.3324 -54.6571 1.62562
-41.2624 -54.8117 1.62609
-41.2506 -54.7095 1.62516
-41.2973 -54.6575 1.62061
-41.2663 -54.802 1.62463
-41.2824 -54.7479 1.62168
-41.3073 -54.6375 1.6229
-41.2911 -54.682 1.62518
-41.2914 -54.6743 1.62063
-41.2256 -54.6834 1.62344
-41.3806 -54.6574 1.62418
-41.1863 -54.7327 1.62594
-41.2883 -54.7571 1.62538
-41.1999 -54.7464 1.62367
-41.1519 -54.7946 1.62185
-41.1687 -54.8104 1.62455
-41.1719 -54.7837 1.62576
-41.2197 -54.7682 1.62382
-41.2369 -54.7796 1.62224
-41.2365 -54.692 1.62212
-41.2113 -54.8176 1.62291
-41.2351 -54.7116 1.61996
-41.3184 -54.7341 1.62709
-41.2818 -54.8295 1.62441
-41.2921 -54.7972 1.62587
-41.1802 -54.7622 1.62222
-41.2475 -54.8149 1.62529
-41.2251 -54.6667 1.61914
-41.3978 -54.7895 1.62165
-41.2491 -54.699 1.62698
-41.2219 -54.752 1.62244
-41.2164 -54.7612 1.62404
-41.3154 -54.827 1.62097
-41.2394 -54.7621 1.62349
-41.1775 -54.8064 1.6238
-41.1446 -54.7773 1.62394
-41.285 -54.7645 1.62365
-41.33 -54.6851 1.62399
-41.3149 -54.7668 1.62468
-41.2799 -54.7884 1.62293
-41.4064 -54.7865 1.62792
-41.2073 -54.6863 1.62202
-41.31 -54.7359 1.62477
-41.2655 -54.7257 1.62388
-41.191 -54.7203 1.62326
-41.2869 -54.668 1.62187
-41.334 -54.6503 1.62088
-41.3163 -54.7798 1.62393
-41.2209 -54.7711 1.62339
-41.1796 -54.7531 1.62282
-41.3126 -54.705 1.62749
-41.2555 -54.7546 1.62447
-41.2319 -54.675 1.62409
-41.3045 -54.7475 1.62343
-41.1476 -54.843 1.62321
-41.2044 -54.6883 1.62133
-41.2616 -54.7321 1.61941
-41.2712 -54.8557 1.62402
-41.0653 -54.6455 1.62427
-41.2278 -54.6538 1.62026
-41.1687 -54.7375 1.62201
-41.2157 -54.7112 1.62666
-41.2799 -54.5825 1.62362
-41.3082 -54.6093 1.62274
-41.1274 -54.7376 1.6219
-41.2779 -54.7959 1.62476
-41.2241 -54.6961 1.62205
-41.1275 -54.7958 1.62786
-41.281 -54.7875 1.6207
-41.2003 -54.6221 1.62801
-41.2967 -54.6979 1.62524
-41.2276 -54.7602 1.62445
-41.3086 -54.7102 1.62528
-41.2643 -54.708 1.62026
-41.2267 -54.7996 1.61966
-41.165 -54.7145 1.62038
-41.2243 -54.8113 1.62132
-41.3307 -54.651 1.62633
-41.1651 -54.613 1.62054
-41.2879 -54.7109 1.6234
-41.3836 -54.8494 1.62191
-41.2556 -54.8017 1.62429
-41.2303 -54.693 1.62509
-41.3066 -54.6822 1.62474
-41.2616 -54.8132 1.62484
-41.2847 -54.7493 1.62138
-41.216 -54.6942 1.62447
-41.2116 -54.6049 1.62546
-41.243 -54.6043 1.62299
-41.342 -54.6465 1.62543
-41.3313 -54.805 1.62233
-41.2752 -54.7713 1.6226
-41.307 -54.7966 1.62294
-41.2756 -54.7578 1.62375
-41.2922 -54.7565 1.62242
-41.2342 -54.7752 1.62194
-41.2312 -54.7273 1.62509
-41.2167 -54.7767 1.62007
-41.1839 -54.7609 1.62202
-41.2537 -54.5811 1.62303
-41.248 -54.8174 1.62467
-41.1181 -54.7612 1.62185
-41.2371 -54.6757 1.62445
-41.1131 -54.7301 1.62597
-41.2993 -54.781 1.62307
-41.2219 -54.6799 1.62588
-41.3475 -54.7384 1.63014
-41.3344 -54.8343 1.62261
-41.1907 -54.7775 1.62267
-41.2801 -54.6706 1.62491
-41.2535 -54.769 1.62112
-41.2618 -54.7465 1.62205
-41.3447 -54.783 1.62108
-41.2624 -54.6438 1.62482
-41.1688 -54.7 1.62517
-41.2653 -54.7705 1.62211
-41.3449 -54.6853 1.62285
-41.2629 -54.8352 1.62342
-41.377 -54.5712 1.62443
-41.2383 -54.7456 1.62182
-41.2525 -54.7757 1.62455
-41.2645 -54.7007 1.61934
-41.344 -54.7757 1.62044
-41.2352 -54.7502 1.62187
-41.2395 -54.7611 1.62533
-41.2401 -54.7165 1.62061
-41.2601 -54.8412 1.62223
-41.3809 -54.6815 1.62294
-41.2745 -54.7709 1.62688
-41.1947 -54.7918 1.62457
-41.2722 -54.8181 1.62503
-41.3508 -54.8755 1.62272
-41.193 -54.7417 1.62045
-41.1744 -54.8558 1.62446
-41.2322 -54.7243 1.61982
-41.2447 -54.7503 1.6194
-41.3097 -54.6881 1.62497
-41.3628 -54.8027 1.62286
-41.3136 -54.6274 1.62379
-41.1943 -54.7836 1.62708
-41.1476 -54.7307 1.62456
-41.2361 -54.6273 1.62094
-41.1726 -54.8126 1.62703
-41.2325 -54.73 1.62331
-41.3709 -54.6723 1.62344
-41.2722 -54.6371 1.62202
-41.2505 -54.7187 1.62152
-41.3123 -54.7885 1.62243
-41.3009 -54.7821 1.62103
-41.2516 -54.6029 1.62111
-41.1728 -54.8085 1.62244
-41.1701 -54.7415 1.62315
-41.3381 -54.6833 1.62638
-41.2433 -54.7929 1.6247
-41.2821 -54.7892 1.62311
-41.1383 -54.6973 1.61659
-41.1943 -54.7456 1.62525
-41.2774 -54.5871 1.62288
-41.2313 -54.7174 1.62208
-41.326 -54.6617 1.6251
-41.2068 -54.7811 1.62811
-40.0048 -59.1879 1.61073
