201.026 -9.77894 3.10197
201.054 -9.75926 3.10592
201.051 -9.86548 3.10324
201.066 -9.77062 3.10717
201.091 -9.80421 3.10624
201.089 -9.79642 3.10609
200.94 -9.68847 3.10422
200.98 -9.79855 3.10464
201.074 -9.82306 3.1061
201.055 -9.77984 3.10526
200.987 -9.80239 3.1081
201.139 -9.90679 3.10588
201.149 -9.79204 3.10787
201.045 -9.94687 3.10111
200.994 -9.91048 3.10327
200.985 -9.81639 3.10525
200.986 -9.81362 3.10526
200.967 -9.78721 3.10508
201.03 -9.81039 3.10543
201.034 -9.81178 3.10554
201.082 -9.69206 3.1069
201.078 -9.69421 3.10679
200.975 -9.83043 3.10257
200.972 -9.83233 3.10247
200.976 -9.83481 3.10225
201.114 -9.83227 3.10461
200.99 -9.95196 3.10624
201.107 -9.7721 3.10603
201.091 -9.76062 3.10375
201.164 -9.82216 3.10651
201.053 -9.82235 3.10813
201.018 -9.83271 3.10875
201.042 -9.74552 3.10474
201.004 -9.82895 3.10463
201.088 -9.78936 3.1033
201.144 -9.79 3.10231
200.999 -9.93527 3.1054
201.038 -9.81636 3.10691
201.033 -9.81814 3.10703
200.98 -9.72064 3.10891
200.98 -9.71613 3.1087
201.014 -9.81838 3.10525
201.046 -9.89957 3.10335
201.011 -9.81577 3.1041
201.084 -9.7794 3.10467
200.971 -9.91723 3.1052
201.005 -9.85669 3.10676
201 -9.85871 3.10654
201.056 -9.89555 3.10782
201.1 -9.9399 3.10548
201.064 -9.7658 3.10668
201.013 -9.8384 3.10746
201.067 -9.81115 3.1052
201.007 -9.86315 3.10447
201.008 -9.87308 3.10466
201.028 -9.7602 3.10544
201.032 -9.86182 3.10582
201.135 -9.77201 3.10503
201.106 -9.73921 3.10523
201.056 -9.74385 3.10694
200.995 -9.772 3.10305
201.123 -9.72543 3.1058
201.006 -9.78343 3.10653
201.085 -9.78539 3.10433
201.078 -9.78835 3.10426
201.079 -9.78806 3.10422
201.031 -9.89182 3.1068
201.044 -9.90256 3.10278
200.972 -9.88294 3.10681
201.006 -9.80376 3.10379
201.004 -9.80128 3.10391
201.103 -9.86516 3.10823
200.857 -9.79233 3.10469
201.06 -9.84312 3.10195
201.032 -9.78242 3.10456
201.123 -9.80676 3.10203
201.081 -9.85821 3.10613
201.082 -9.86517 3.10591
201.075 -9.86564 3.10586
201.079 -9.91401 3.10422
201.105 -9.83151 3.10937
200.984 -9.8265 3.10603
201.091 -9.80829 3.10404
201.075 -9.81029 3.10753
201.102 -9.87673 3.10664
201.111 -9.87801 3.10649
201.06 -9.64029 3.10742
200.946 -9.81632 3.10628
201.058 -9.842 3.10497
201.043 -9.82152 3.10198
201.046 -9.81994 3.1019
201.16 -9.74592 3.1039
201.087 -9.72336 3.10573
201.061 -9.82235 3.10594
200.94 -9.98283 3.10288
201.033 -9.77502 3.10666
201.036 -9.83331 3.1063
201.037 -9.83853 3.10643
201.049 -9.79363 3.10527
201.05 -9.8289 3.1048
201.094 -9.78531 3.10787
201.095 -9.78348 3.10768
201.096 -9.7835 3.10775
201.097 -9.78702 3.10784
201.103 -9.78263 3.10784
201.034 -9.84629 3.10208
201.066 -9.81228 3.10354
201.005 -9.83061 3.10711
200.998 -9.83407 3.10747
201.134 -9.72471 3.10339
201.135 -9.72533 3.10346
201.063 -9.66938 3.10436
201.147 -9.83586 3.10659
201.036 -9.8982 3.10931
201.022 -9.77357 3.10234
201.023 -9.77152 3.10247
200.976 -9.87394 3.10503
201.06 -9.81113 3.1049
201.012 -9.71362 3.10599
200.952 -9.85688 3.10132
201.057 -9.79331 3.10339
201.056 -9.78746 3.10348
201.127 -9.78451 3.10549
201.155 -9.8365 3.1058
201.008 -9.82053 3.10311
201.111 -9.84143 3.10782
201.098 -9.87868 3.10323
201.063 -9.73627 3.1034
201.056 -9.79788 3.10458
201.084 -9.89752 3.10543
201.168 -9.71703 3.1075
201.144 -9.78919 3.10529
201.15 -9.72407 3.10676
201.114 -9.75065 3.10802
201.121 -9.75047 3.10779
200.978 -9.80719 3.1059
201.064 -9.89054 3.10588
201.122 -9.84364 3.10841
201.093 -9.74402 3.1061
201.109 -9.84587 3.10696
201.106 -9.83667 3.1071
201.022 -9.92544 3.10303
201.011 -9.71656 3.10472
201.016 -9.78428 3.1024
201.049 -9.79984 3.10526
201.05 -9.7945 3.10513
201.015 -9.78867 3.10643
201.106 -9.75597 3.10614
201.099 -9.76341 3.10549
201.104 -9.82882 3.10411
201.103 -9.82493 3.10384
201.038 -9.85512 3.10246
201.04 -9.85346 3.10233
201.066 -9.7557 3.10378
200.977 -9.81562 3.10629
201.103 -9.74592 3.10718
201.08 -9.80304 3.10526
201.095 -9.91735 3.10587
201.097 -9.77734 3.10637
201.101 -9.77979 3.10632
201.032 -9.87165 3.10389
201.093 -9.76316 3.10507
201.028 -9.91984 3.10137
201.129 -9.82396 3.1062
201.056 -9.82454 3.10683
201.057 -9.819 3.10685
201.082 -9.87714 3.10503
201.097 -9.88224 3.10512
201.028 -9.83889 3.10453
201.035 -9.84679 3.10457
201.019 -9.74273 3.10376
201.102 -9.78936 3.10555
201.13 -9.80185 3.11063
200.993 -9.78394 3.10749
200.903 -9.81831 3.10755
201.146 -9.86168 3.10886
201.147 -9.88465 3.10806
201.013 -9.77765 3.10552
201.037 -9.83088 3.10737
201.064 -9.78666 3.10525
201.012 -9.74431 3.10475
201.013 -9.74079 3.10474
201.061 -9.96477 3.10754
200.966 -9.93253 3.10426
201.139 -9.80788 3.10536
200.984 -9.85245 3.10413
201.098 -9.82161 3.10622
201.165 -9.73446 3.10941
201.048 -9.86817 3.10241
201.05 -9.86889 3.10239
200.999 -9.79239 3.10516
201.199 -9.80575 3.10354
200.938 -9.8653 3.10462
200.937 -9.85817 3.10464
200.944 -9.79668 3.10768
200.951 -9.77974 3.10543
201.098 -9.85438 3.10602
201.093 -9.90003 3.10536
200.991 -9.84004 3.10671
201.142 -9.74561 3.10795
201.102 -9.82142 3.10386
201.105 -9.81982 3.10371
201.086 -9.8616 3.10328
201.096 -9.96102 3.10571
200.895 -9.73513 3.10515
200.943 -9.77271 3.10748
201.112 -9.8027 3.10776
201.088 -9.75201 3.10283
201.024 -9.80427 3.10677
201.024 -9.80654 3.10682
201.118 -9.75686 3.10591
201.026 -9.76662 3.10254
200.992 -9.72371 3.10534
201.21 -9.7399 3.10593
201.07 -9.79745 3.10292
201.065 -9.75569 3.10285
201.05 -9.77563 3.10445
201.153 -9.77734 3.10541
201.081 -9.69081 3.10959
201.139 -9.80569 3.10515
201.034 -9.78928 3.10818
201.056 -9.83203 3.10741
201.057 -9.83204 3.10728
200.979 -9.87835 3.10546
201.121 -9.68731 3.10828
201.122 -9.69463 3.10826
201.083 -9.87856 3.1057
201.034 -9.80108 3.10372
201.08 -9.70057 3.10411
201.115 -9.91364 3.10766
201.115 -9.78895 3.10842
201.038 -9.82897 3.10776
201.036 -9.69576 3.10693
201.087 -9.7587 3.10739
201.022 -9.82745 3.10244
201.016 -9.82097 3.10247
201.031 -9.80018 3.1041
201.069 -9.81949 3.10581
201.083 -9.86757 3.10569
200.948 -9.853 3.10573
201.121 -9.7706 3.10415
201.021 -9.81051 3.10839
201.043 -9.81503 3.10525
200.935 -9.79091 3.10411
201.093 -9.93154 3.10689
201.088 -9.93722 3.10685
201.188 -9.89068 3.10698
201.045 -9.90428 3.10492
201.095 -9.84522 3.10816
201.084 -9.87507 3.10491
201.082 -9.87923 3.10492
201.121 -9.77307 3.10695
201.099 -9.78201 3.10716
201.081 -9.81136 3.10597
201.084 -9.81382 3.10643
201.132 -9.78018 3.10622
201.134 -9.77793 3.10617
201.134 -9.77788 3.10613
201.128 -9.77807 3.10631
201.126 -9.83101 3.1091
201.05 -9.76727 3.1063
201.048 -9.76844 3.10641
201.108 -9.83645 3.10593
200.901 -9.7962 3.10512
201.105 -9.82656 3.10477
201.103 -9.79477 3.10618
201.057 -9.86359 3.10371
200.991 -9.77396 3.10439
201.109 -9.71402 3.10563
201.083 -9.90679 3.10753
200.979 -9.90279 3.1056
201.072 -9.78171 3.10267
201.112 -9.84553 3.10501
201.104 -9.76462 3.1055
201.159 -9.78775 3.10829
201.08 -9.83195 3.10506
201.121 -9.82192 3.1053
201.047 -9.74493 3.10482
201.136 -9.88829 3.10768
201.029 -9.81343 3.10255
200.993 -9.76838 3.10731
201.105 -9.82578 3.10559
201.063 -9.84268 3.10334
200.981 -9.89493 3.10698
200.981 -9.89434 3.10707
201.093 -9.8167 3.10062
201.055 -9.76775 3.10564
201.089 -9.72078 3.10849
201.09 -9.9042 3.1065
200.999 -9.9256 3.10337
201.018 -9.77455 3.10355
201.066 -9.82044 3.10574
201.117 -9.87491 3.10541
201.131 -9.85205 3.10583
201.127 -9.85698 3.10603
201.086 -9.78357 3.10768
200.994 -9.85342 3.10325
201.103 -9.83192 3.10988
200.989 -9.87319 3.10662
201.033 -9.7918 3.10497
201.048 -9.89795 3.10512
201.045 -9.89899 3.10531
201.044 -9.89614 3.10512
201.071 -9.88357 3.10695
201.091 -9.80138 3.10431
201.115 -9.82897 3.10438
201.091 -9.82918 3.1043
201.084 -9.85581 3.1084
201.062 -9.94503 3.1041
201.088 -9.79165 3.10656
200.999 -9.81017 3.10713
201.025 -9.80877 3.10572
201.025 -9.94216 3.10598
200.964 -9.8762 3.10205
201.176 -9.73781 3.10569
201.171 -9.76374 3.10478
201.172 -9.76069 3.10481
201.089 -9.79452 3.10401
201.09 -9.80105 3.10399
201.051 -9.76015 3.10587
201.05 -9.76158 3.10595
201.075 -9.76086 3.10718
201.088 -9.80017 3.10623
200.98 -9.79685 3.10476
201.049 -9.78486 3.10532
201.138 -9.90919 3.10593
201.054 -9.78355 3.10775
201.057 -9.78449 3.10777
201.111 -9.78946 3.10528
201.117 -9.78497 3.10531
201.113 -9.78973 3.10531
201.105 -9.78531 3.10558
201.062 -9.83541 3.1047
201.059 -9.83283 3.10477
201.086 -9.7339 3.10558
201.08 -9.73546 3.10539
200.973 -9.79055 3.10468
201.076 -9.69578 3.10691
201.116 -9.79005 3.10676
201.02 -9.85132 3.10382
201.015 -9.852 3.10396
201.11 -9.83064 3.10453
200.888 -9.63837 3.1044
201.105 -9.77893 3.10598
201.092 -9.76594 3.10344
201.163 -9.82694 3.1065
201.158 -9.82987 3.10644
201.011 -9.83007 3.10886
200.997 -9.86685 3.1045
201.067 -9.82537 3.10953
201.14 -9.79372 3.10234
200.987 -9.9149 3.10438
201.033 -9.81412 3.10686
201.112 -9.72621 3.10672
201.112 -9.72794 3.10658
201.043 -9.90137 3.10554
201.03 -9.82476 3.1072
201.09 -9.78089 3.10458
201.084 -9.77947 3.10483
200.975 -9.92101 3.10513
200.98 -9.92416 3.10533
201.117 -9.81305 3.10389
201.055 -9.89854 3.10764
201.051 -9.89367 3.10754
201.097 -9.93693 3.10541
201.066 -9.76549 3.10662
201.06 -9.81289 3.10529
201.066 -9.81545 3.10539
201.069 -9.83796 3.10659
201.073 -9.83437 3.10652
201.01 -9.86779 3.10451
201.011 -9.8647 3.10433
201.025 -9.76854 3.10556
201.038 -9.86365 3.10582
201.111 -9.73985 3.10506
201.108 -9.74035 3.10505
201.048 -9.81522 3.10642
201.001 -9.7734 3.10319
201.126 -9.72695 3.10586
201.129 -9.83795 3.10559
201.126 -9.83896 3.10588
201.056 -9.72884 3.10825
201.034 -9.88713 3.10673
201.033 -9.88996 3.10685
201.073 -9.80628 3.10509
201.049 -9.90412 3.10296
200.975 -9.88044 3.10696
201.001 -9.80131 3.104
201.061 -9.72485 3.10579
201.037 -9.85487 3.10484
200.955 -9.74524 3.10586
200.965 -9.80532 3.10455
201.024 -9.78192 3.10463
201.024 -9.78099 3.10461
201.12 -9.81112 3.102
201.072 -9.83354 3.10363
201.071 -9.82731 3.10362
201.065 -9.83329 3.10353
201.079 -9.91573 3.10438
201.066 -9.89256 3.10538
201.071 -9.89113 3.10558
201.074 -9.89572 3.10557
201.093 -9.81101 3.10387
201.093 -9.81373 3.10399
201.023 -9.83489 3.10604
200.972 -9.74591 3.10405
200.97 -9.73839 3.10391
201.022 -9.79914 3.10789
201.044 -9.81655 3.1063
201 -9.79548 3.10907
201.043 -9.82113 3.10191
201.072 -9.90194 3.10529
201.093 -9.81113 3.10823
201.031 -9.69278 3.10372
201.123 -9.92293 3.10615
201.06 -9.82163 3.10595
200.946 -9.97758 3.10301
201.036 -9.78021 3.10664
201.116 -9.78029 3.10544
201.033 -9.7481 3.10477
201.04 -9.74714 3.10456
201.044 -9.81838 3.10462
201.096 -9.7879 3.10795
201.068 -9.73532 3.10364
201.038 -9.84772 3.10208
201.07 -9.80991 3.10351
201.069 -9.80844 3.10368
201.059 -9.71605 3.10871
200.993 -9.83318 3.10719
201.146 -9.83012 3.10656
201.024 -9.77239 3.1026
201.058 -9.84299 3.10822
200.978 -9.90564 3.10453
201.058 -9.80999 3.1049
201.012 -9.71742 3.10598
201.054 -9.78679 3.10344
201.128 -9.78017 3.10541
201.128 -9.78236 3.10549
201.1 -9.82523 3.10608
201.115 -9.83429 3.10805
201.111 -9.83888 3.10791
201.097 -9.8838 3.10332
201.066 -9.74282 3.10342
201.054 -9.79724 3.10478
200.992 -9.83895 3.10535
201.166 -9.72123 3.10768
201.141 -9.78636 3.10515
201.152 -9.73287 3.10688
201.151 -9.72827 3.10681
201.156 -9.73161 3.10688
201.121 -9.75208 3.10779
200.973 -9.81195 3.10599
201.066 -9.88543 3.1059
201.12 -9.83117 3.10848
201.103 -9.83483 3.10711
201.027 -9.93103 3.10297
201.085 -9.91065 3.10711
201.017 -9.78221 3.10236
201.014 -9.78409 3.10657
201.094 -9.75985 3.10593
201.096 -9.76738 3.10578
201.029 -9.79967 3.10466
201.037 -9.79561 3.10447
201.035 -9.79612 3.10457
201.038 -9.85944 3.10239
201.102 -9.83855 3.10453
201.1 -9.83932 3.10447
201.073 -9.78801 3.10758
201.087 -9.79535 3.10531
201.096 -9.91567 3.10565
200.998 -9.83239 3.10711
201.056 -9.76896 3.10355
201.087 -9.76055 3.10501
201.013 -9.86972 3.10509
201.132 -9.83659 3.10585
201.12 -9.82249 3.10626
201.022 -9.79785 3.10333
201.091 -9.87194 3.10503
201.027 -9.84644 3.10451
201.016 -9.74238 3.10381
201.097 -9.78418 3.1054
201.103 -9.78147 3.10553
200.987 -9.8534 3.10672
200.986 -9.84648 3.10664
201.078 -9.79522 3.10568
201.098 -9.72549 3.1033
201.092 -9.83249 3.10546
201.151 -9.85549 3.10883
201.055 -9.72012 3.10693
201.034 -9.83643 3.10739
201.012 -9.74076 3.10489
201.035 -9.79031 3.10355
201.035 -9.79538 3.10344
200.98 -9.85179 3.10418
201.147 -9.74535 3.1087
201.092 -9.82311 3.10609
201.168 -9.73516 3.10946
201.147 -9.79695 3.1038
200.997 -9.80209 3.10528
201.066 -5.74717 3.10583
