8.28894 2.5673 0.309017
8.27086 2.52133 0.308501
8.24136 2.59881 0.308517
8.24136 2.59881 0.308517
8.24136 2.59881 0.308517
8.25435 2.61705 0.312473
8.25435 2.61705 0.312473
8.36888 2.60857 0.309667
8.30452 2.5352 0.310099
8.32224 2.56808 0.309869
8.29398 2.56373 0.309353
8.25057 2.65492 0.309918
8.19181 2.67955 0.309327
8.2854 2.57002 0.308072
8.31079 2.597 0.307302
8.35332 2.6259 0.306099
8.30175 2.51492 0.307252
8.23952 2.63389 0.306789
8.25753 2.5663 0.307327
8.29716 2.5218 0.311276
8.26002 2.67115 0.311259
8.31692 2.54814 0.306999
8.27797 2.58667 0.309495
8.16731 2.6447 0.309305
8.17425 2.55065 0.308789
8.30586 2.52259 0.305793
8.24217 2.60607 0.309407
8.21832 2.5394 0.310521
8.21832 2.5394 0.310521
8.21832 2.5394 0.310521
8.21832 2.5394 0.310521
8.3209 2.53239 0.306825
8.25798 2.49604 0.305286
8.21278 2.49515 0.30868
8.30928 2.58429 0.3077
8.23316 2.6182 0.311982
8.31472 2.61369 0.307079
8.29004 2.5718 0.308088
8.19584 2.56845 0.309218
8.28421 2.60572 0.308401
8.23846 2.58482 0.308069
8.25115 2.64193 0.307699
8.2331 2.56052 0.305905
8.2331 2.56052 0.305905
8.26307 2.59907 0.306173
8.32455 2.56846 0.309423
8.37899 2.5615 0.30801
8.35452 2.54846 0.309037
8.33805 2.58642 0.307001
8.34627 2.49692 0.305713
8.33294 2.63766 0.307177
8.18537 2.66088 0.310494
8.17818 2.63388 0.308945
8.24786 2.54282 0.309387
8.30412 2.62862 0.306677
8.23304 2.54542 0.308005
8.22983 2.54002 0.306897
8.22983 2.54002 0.306897
8.29089 2.58939 0.310748
8.24858 2.60893 0.310922
8.33339 2.49666 0.306956
8.33974 2.53841 0.308146
8.2338 2.56473 0.310792
8.29392 2.60076 0.311253
8.2437 2.47822 0.309718
8.2467 2.60847 0.310426
8.25719 2.57675 0.309671
8.22629 2.46532 0.311458
8.27561 2.62899 0.308803
8.3091 2.44877 0.309502
8.24817 2.61352 0.308888
8.21191 2.47953 0.309705
8.27989 2.60074 0.307296
8.27268 2.50979 0.307598
8.29336 2.60827 0.310617
8.20766 2.47913 0.310859
8.28332 2.54307 0.307775
8.21495 2.56183 0.308463
8.23135 2.55046 0.309706
8.2236 2.59196 0.305656
8.30302 2.60652 0.309233
8.33581 2.53726 0.306703
8.2461 2.596 0.306322
8.22267 2.60096 0.309835
8.27179 2.55867 0.3104
8.2278 2.53905 0.310754
8.26166 2.65174 0.309584
8.29932 2.60623 0.307496
8.29932 2.60623 0.307496
8.23546 2.55565 0.307818
8.30951 2.7351 0.310051
8.2218 2.66016 0.311399
8.2218 2.66016 0.311399
8.31532 2.59825 0.307694
8.31532 2.59825 0.307694
8.21832 2.61678 0.308743
8.34668 2.55294 0.310041
8.15711 2.52123 0.307692
8.23654 2.53362 0.310288
8.27289 2.66847 0.310805
8.30391 2.56765 0.309296
8.25852 2.64513 0.307758
8.29718 2.53437 0.309249
8.21413 2.58965 0.305756
8.21413 2.58965 0.305756
8.32906 2.60647 0.308779
8.34328 2.56955 0.307065
8.21988 2.61477 0.309415
8.26424 2.5905 0.307789
8.3225 2.52623 0.307013
8.27201 2.55649 0.310212
8.33792 2.66258 0.308376
8.33792 2.66258 0.308376
8.2443 2.67223 0.309203
8.33758 2.58069 0.309083
8.26598 2.6 0.308018
8.26452 2.52793 0.307656
8.24288 2.56716 0.308933
8.19716 2.57321 0.311054
8.26315 2.67674 0.309562
8.35925 2.60522 0.305201
8.29144 2.64219 0.306938
8.26707 2.56317 0.307944
8.29449 2.58538 0.306778
8.29951 2.64344 0.306917
8.27983 2.62685 0.307366
8.27543 2.6152 0.306801
8.2431 2.56418 0.308478
8.26471 2.66027 0.307686
8.24364 2.57458 0.307349
8.24364 2.57458 0.307349
8.28323 2.59319 0.30895
8.29987 2.58533 0.31059
8.3675 2.60976 0.307437
8.25417 2.56596 0.311908
8.24264 2.65771 0.310701
8.30601 2.55592 0.309481
8.28964 2.54752 0.306325
8.2499 2.62548 0.310544
8.28166 2.56149 0.311293
8.34739 2.54176 0.310823
8.26213 2.53173 0.306968
8.32317 2.64144 0.306184
8.32317 2.64144 0.306184
8.19588 2.6327 0.308502
8.18643 2.66589 0.308582
8.22004 2.60614 0.310283
8.31277 2.62456 0.309208
8.33438 2.67318 0.307243
8.30999 2.56848 0.308844
8.28138 2.53079 0.309694
8.26298 2.51863 0.309163
8.33219 2.57574 0.308825
8.2551 2.6689 0.309729
8.26792 2.67238 0.310341
8.2231 2.52445 0.310396
8.30087 2.56423 0.309317
8.30087 2.56423 0.309317
8.28694 2.59549 0.309442
8.37405 2.53515 0.308081
8.21174 2.57169 0.309736
8.21174 2.57169 0.309736
8.26099 2.49841 0.307913
8.23388 2.56041 0.307359
8.2393 2.45947 0.312653
8.24503 2.61414 0.311352
8.24503 2.61414 0.311352
8.33386 2.53665 0.308117
8.27915 2.57322 0.308911
8.14011 2.51493 0.312898
8.14011 2.51493 0.312898
8.26831 2.63065 0.308697
8.26831 2.63065 0.308697
8.32051 2.54802 0.309072
8.27157 2.54807 0.310212
8.27157 2.54807 0.310212
8.35836 2.60796 0.308278
8.28997 2.58586 0.309581
8.25524 2.59675 0.308677
8.29656 2.55061 0.30765
8.29656 2.55061 0.30765
8.34006 2.59188 0.306718
8.24499 2.45276 0.309278
8.18818 2.62345 0.309887
8.19466 2.51981 0.310169
8.19466 2.51981 0.310169
8.26146 2.61705 0.311639
8.34828 2.65596 0.307049
8.2814 2.56465 0.308935
8.30496 2.57324 0.308584
8.34573 2.59031 0.310207
8.25127 2.62644 0.304116
8.25127 2.62644 0.304116
8.18879 2.5148 0.309597
8.20506 2.59178 0.309267
8.20506 2.59178 0.309267
8.20506 2.59178 0.309267
8.30444 2.55426 0.307644
8.23088 2.61108 0.308413
8.28894 2.5673 0.309017
8.27086 2.52133 0.308501
8.28221 2.6488 0.307628
8.41134 2.61929 0.309163
8.3023 2.62626 0.309546
8.29398 2.56373 0.309353
8.25057 2.65492 0.309918
8.2206 2.67187 0.309603
8.29317 2.53576 0.309017
8.26746 2.53723 0.307209
8.27508 2.60271 0.306276
8.27228 2.53849 0.309301
8.30175 2.51492 0.307252
8.30175 2.51492 0.307252
8.25753 2.5663 0.307327
8.21614 2.51595 0.314202
8.25229 2.65708 0.309675
8.27797 2.58667 0.309495
8.17425 2.55065 0.308789
8.25677 2.66448 0.310104
8.30586 2.52259 0.305793
8.27592 2.51053 0.311553
8.21832 2.5394 0.310521
8.25798 2.49604 0.305286
8.30928 2.58429 0.3077
8.30196 2.53703 0.308129
8.3059 2.48806 0.309909
8.33316 2.56321 0.309149
8.26292 2.47729 0.309737
8.25482 2.54744 0.308481
8.29004 2.5718 0.308088
8.19584 2.56845 0.309218
8.28421 2.60572 0.308401
8.23846 2.58482 0.308069
8.26162 2.60148 0.308742
8.25115 2.64193 0.307699
8.22595 2.56355 0.306977
8.2331 2.56052 0.305905
8.33599 2.57257 0.306086
8.26307 2.59907 0.306173
8.24073 2.63562 0.312045
8.37899 2.5615 0.30801
8.28956 2.64744 0.308945
8.29662 2.59882 0.307602
8.1262 2.58654 0.306356
8.27107 2.55965 0.310469
8.26831 2.63952 0.309348
8.26831 2.63952 0.309348
8.27898 2.5987 0.309552
8.17818 2.63388 0.308945
8.24888 2.56234 0.307495
8.30412 2.62862 0.306677
8.22983 2.54002 0.306897
8.22983 2.54002 0.306897
8.28243 2.62399 0.309863
8.29089 2.58939 0.310748
8.28932 2.59453 0.311362
8.27796 2.5054 0.306773
8.2338 2.56473 0.310792
8.2338 2.56473 0.310792
8.19278 2.55546 0.309591
8.19278 2.55546 0.309591
8.19278 2.55546 0.309591
8.34034 2.65974 0.305827
8.22629 2.46532 0.311458
8.19969 2.6807 0.307713
8.19111 2.66255 0.310562
8.24817 2.61352 0.308888
8.24817 2.61352 0.308888
8.27989 2.60074 0.307296
8.27268 2.50979 0.307598
8.31974 2.56922 0.308892
8.3379 2.5595 0.309051
8.3379 2.5595 0.309051
8.28332 2.54307 0.307775
8.21495 2.56183 0.308463
8.3479 2.5576 0.308144
8.38069 2.56727 0.307988
8.40078 2.50293 0.306767
8.32294 2.56702 0.310004
8.2461 2.596 0.306322
8.22267 2.60096 0.309835
8.22267 2.60096 0.309835
8.22267 2.60096 0.309835
8.35101 2.6187 0.307954
8.269 2.51839 0.307338
8.2949 2.61222 0.308742
8.2949 2.61222 0.308742
8.28628 2.50675 0.308688
8.31291 2.56427 0.308628
8.30341 2.59832 0.30871
8.34264 2.51268 0.31052
8.13496 2.56575 0.306943
8.21347 2.54373 0.310154
8.2017 2.64654 0.311544
8.21832 2.61678 0.308743
8.30695 2.46044 0.310012
8.23654 2.53362 0.310288
8.25451 2.45739 0.309228
8.32558 2.62261 0.307809
8.32558 2.62261 0.307809
8.21413 2.58965 0.305756
8.24055 2.63596 0.309094
8.34328 2.56955 0.307065
8.24305 2.54415 0.310398
8.24305 2.54415 0.310398
8.26424 2.5905 0.307789
8.35529 2.61323 0.309792
8.35529 2.61323 0.309792
8.3225 2.52623 0.307013
8.3225 2.52623 0.307013
8.22015 2.60529 0.312213
8.33792 2.66258 0.308376
8.38058 2.59142 0.310118
8.26851 2.54737 0.309883
8.26851 2.54737 0.309883
8.33064 2.67859 0.306659
8.22348 2.62984 0.309693
8.36834 2.597 0.304573
8.19716 2.57321 0.311054
8.21048 2.60374 0.31132
8.28898 2.485 0.308681
8.29144 2.64219 0.306938
8.28625 2.6377 0.307187
8.21962 2.60726 0.307826
8.27057 2.50267 0.308711
8.27057 2.50267 0.308711
8.26827 2.59659 0.308865
8.27543 2.6152 0.306801
8.2431 2.56418 0.308478
8.34801 2.54725 0.305727
8.33027 2.60523 0.307447
8.22434 2.61642 0.30958
8.30727 2.76924 0.308909
8.24264 2.65771 0.310701
8.30601 2.55592 0.309481
8.28964 2.54752 0.306325
8.29446 2.55494 0.307848
8.33694 2.58444 0.30821
8.34563 2.57808 0.308289
8.28166 2.56149 0.311293
8.30035 2.55052 0.308576
8.30565 2.60039 0.306767
8.26053 2.60224 0.306073
8.18643 2.66589 0.308582
8.22004 2.60614 0.310283
8.31277 2.62456 0.309208
8.29756 2.64384 0.310198
8.1914 2.54757 0.309756
8.1914 2.54757 0.309756
8.24452 2.57918 0.309359
8.35368 2.63127 0.307606
8.33219 2.57574 0.308825
8.29691 2.64838 0.308667
8.2231 2.52445 0.310396
8.30981 2.51506 0.310546
8.24163 2.63225 0.310048
8.24163 2.63225 0.310048
8.25942 2.62428 0.310937
8.28694 2.59549 0.309442
8.27423 2.52405 0.309839
8.21174 2.57169 0.309736
8.31101 2.63928 0.309506
8.31974 2.54765 0.30941
8.23388 2.56041 0.307359
8.25656 2.54841 0.310051
8.25656 2.54841 0.310051
8.26638 2.50966 0.311798
8.20961 2.57714 0.311541
8.27327 2.51474 0.310873
8.29359 2.68451 0.309215
8.3101 2.58029 0.30872
8.27588 2.59429 0.307835
8.36451 2.5751 0.308596
8.26831 2.63065 0.308697
8.23323 2.58371 0.312119
8.27157 2.54807 0.310212
8.21203 2.60707 0.31019
8.28997 2.58586 0.309581
8.25524 2.59675 0.308677
8.18448 2.57127 0.311254
8.31371 2.5393 0.308744
8.31371 2.5393 0.308744
8.2551 2.5298 0.308354
8.30999 2.53336 0.309312
8.19466 2.51981 0.310169
8.29229 2.54684 0.308527
8.4276 2.53078 0.307054
8.24288 2.61198 0.310258
8.24288 2.61198 0.310258
8.30496 2.57324 0.308584
8.3857 2.58499 0.3075
8.20506 2.59178 0.309267
8.21412 2.66138 0.309249
8.27901 2.54418 0.309719
8.333 2.6149 0.311024
8.24669 2.57428 0.310239
8.27086 2.52133 0.308501
8.28221 2.6488 0.307628
8.3023 2.62626 0.309546
8.29398 2.56373 0.309353
8.25057 2.65492 0.309918
8.25057 2.65492 0.309918
8.41689 2.57236 0.309199
8.27274 2.56837 0.308127
8.27274 2.56837 0.308127
8.2854 2.57002 0.308072
8.26746 2.53723 0.307209
8.27228 2.53849 0.309301
8.17101 2.50046 0.31112
8.25753 2.5663 0.307327
8.27285 2.45063 0.308342
8.21591 2.6452 0.3105
8.25229 2.65708 0.309675
8.32597 2.60162 0.305983
8.18085 2.53134 0.311072
8.18085 2.53134 0.311072
8.17425 2.55065 0.308789
8.30586 2.52259 0.305793
8.24217 2.60607 0.309407
8.24217 2.60607 0.309407
8.21832 2.5394 0.310521
8.3209 2.53239 0.306825
8.21278 2.49515 0.30868
8.30928 2.58429 0.3077
8.30196 2.53703 0.308129
8.23316 2.6182 0.311982
8.31302 2.63684 0.311616
8.33316 2.56321 0.309149
8.41634 2.61236 0.307087
8.31343 2.65872 0.30786
8.31343 2.65872 0.30786
8.28421 2.60572 0.308401
8.28421 2.60572 0.308401
8.23846 2.58482 0.308069
8.30577 2.57869 0.308491
8.27387 2.61588 0.310539
8.2331 2.56052 0.305905
8.2331 2.56052 0.305905
8.33599 2.57257 0.306086
8.33599 2.57257 0.306086
8.26307 2.59907 0.306173
8.23796 2.65084 0.310303
8.32455 2.56846 0.309423
8.28956 2.64744 0.308945
8.29662 2.59882 0.307602
8.1262 2.58654 0.306356
8.1262 2.58654 0.306356
8.27107 2.55965 0.310469
8.34627 2.49692 0.305713
8.26831 2.63952 0.309348
8.24368 2.63614 0.310172
8.17818 2.63388 0.308945
8.24888 2.56234 0.307495
8.24888 2.56234 0.307495
8.22983 2.54002 0.306897
8.32826 2.56099 0.308516
8.28243 2.62399 0.309863
8.2859 2.53058 0.312567
8.33339 2.49666 0.306956
8.27796 2.5054 0.306773
8.27796 2.5054 0.306773
8.31431 2.60706 0.307574
8.29858 2.50588 0.309149
8.29858 2.50588 0.309149
8.19278 2.55546 0.309591
8.19278 2.55546 0.309591
8.2467 2.60847 0.310426
8.2467 2.60847 0.310426
8.2514 2.53934 0.310941
8.27561 2.62899 0.308803
8.27561 2.62899 0.308803
8.27561 2.62899 0.308803
8.25852 2.58756 0.307975
8.24817 2.61352 0.308888
8.24227 2.43393 0.306288
8.31626 2.68626 0.309618
8.26372 2.57031 0.310755
8.2788 2.56054 0.309075
8.29928 2.58855 0.309181
8.3379 2.5595 0.309051
8.28332 2.54307 0.307775
8.21495 2.56183 0.308463
8.23135 2.55046 0.309706
8.23135 2.55046 0.309706
8.23135 2.55046 0.309706
8.2236 2.59196 0.305656
8.30302 2.60652 0.309233
8.29569 2.57172 0.310432
8.38005 2.4872 0.306481
8.2461 2.596 0.306322
8.2461 2.596 0.306322
8.2461 2.596 0.306322
8.22267 2.60096 0.309835
8.22267 2.60096 0.309835
8.27179 2.55867 0.3104
8.41494 2.60278 0.308194
8.269 2.51839 0.307338
8.26166 2.65174 0.309584
8.26166 2.65174 0.309584
7.72991 3.34043 0.306999
8.24484 2.51528 0.310234
8.25203 2.58969 0.309745
8.28486 2.56973 0.309831
8.30105 2.55396 0.311421
8.37984 2.62383 0.307057
8.28372 2.52259 0.310391
8.18783 2.51991 0.311376
8.27354 2.62911 0.309204
8.30385 2.54647 0.309937
8.3795 2.5793 0.306089
8.269 2.5511 0.308515
8.26303 2.46701 0.310659
8.21778 2.53605 0.3106
8.20923 2.53559 0.310505
8.30056 2.57311 0.311069
8.2164 2.59776 0.310393
8.23809 2.53358 0.308302
8.28538 2.60017 0.306845
8.32242 2.61024 0.308822
8.30409 2.56765 0.310073
8.34951 2.59691 0.309671
8.34165 2.58076 0.30547
8.2974 2.52485 0.308283
8.31418 2.63875 0.307655
8.16794 2.52794 0.307719
8.3229 2.57066 0.307529
8.24909 2.56565 0.308869
8.24627 2.56398 0.309025
8.23552 2.59582 0.310203
8.31999 2.54569 0.306157
8.32178 2.55429 0.30612
8.23586 2.51018 0.309378
8.10986 2.59763 0.312401
8.23445 2.54678 0.310389
8.27393 2.55388 0.307465
8.30527 2.58975 0.309845
8.20602 2.58147 0.311407
8.30871 2.44566 0.312085
8.25905 2.43815 0.307552
8.26381 2.59013 0.309454
8.20911 2.66726 0.308325
8.29512 2.60899 0.309376
8.26679 2.54823 0.311757
8.27563 2.53384 0.308813
8.27622 2.53223 0.30887
8.2781 2.53491 0.308833
8.29676 2.55084 0.3097
8.23297 2.61561 0.310022
8.19437 2.64947 0.311204
8.39824 2.50357 0.308466
8.34079 2.55986 0.311692
8.26031 2.45854 0.308289
8.30763 2.64028 0.308733
8.30458 2.49744 0.311915
8.26295 2.53474 0.311258
8.24465 2.57198 0.310284
8.32712 2.65348 0.309493
8.20425 2.55199 0.308231
8.20182 2.55128 0.308157
8.18919 2.552 0.309576
8.24108 2.62951 0.309444
8.31296 2.61322 0.307745
8.19833 2.54587 0.310371
8.13903 2.53976 0.313462
8.10227 2.62475 0.310251
8.38727 2.55049 0.306502
8.27154 2.57861 0.308855
8.33012 2.60236 0.308693
8.23558 2.57824 0.308561
8.2984 2.64618 0.309006
8.28172 2.55519 0.310278
8.29463 2.55714 0.309586
8.29805 2.5613 0.309638
8.17215 2.56824 0.308162
8.23982 2.60983 0.308471
8.23338 2.60525 0.308525
8.27463 2.48835 0.30932
8.19962 2.56331 0.313559
8.25981 2.67553 0.310071
8.22286 2.51161 0.309076
8.17232 2.54493 0.311214
8.16743 2.53594 0.311179
8.17444 2.54084 0.311063
8.18594 2.49424 0.311035
8.22193 2.60102 0.310268
8.28718 2.60108 0.308028
8.23693 2.59592 0.308826
8.27631 2.51112 0.308741
8.27632 2.51539 0.308674
8.21777 2.54966 0.310099
8.21991 2.54985 0.309924
8.27207 2.59461 0.309272
8.28477 2.53761 0.311249
8.11052 2.5095 0.308709
8.2929 2.57058 0.306047
8.28848 2.57534 0.305768
8.30283 2.57499 0.306093
8.29902 2.58256 0.305826
8.28666 2.55645 0.311284
8.22065 2.61382 0.309484
8.2704 2.5088 0.309846
8.24883 2.5961 0.308843
8.23922 2.45069 0.310495
8.2289 2.64708 0.308778
8.22814 2.64674 0.308844
8.2152 2.59747 0.309194
8.30436 2.56154 0.309611
8.26141 2.57487 0.309722
8.18971 2.53813 0.310115
8.20823 2.52291 0.312704
8.20216 2.51038 0.310121
8.31794 2.56014 0.310141
8.37113 2.54331 0.307899
8.24452 2.53016 0.30879
8.23807 2.48474 0.310049
8.228 2.55242 0.310133
8.32759 2.59434 0.308505
8.33314 2.58886 0.308548
8.28741 2.60425 0.30948
8.29995 2.57987 0.31016
8.29476 2.59416 0.305619
8.28078 2.5905 0.310765
8.30823 2.50027 0.307551
8.39613 2.49904 0.307816
8.20292 2.61897 0.309947
8.15297 2.49936 0.308169
8.32209 2.57836 0.309645
8.30733 2.52305 0.308443
8.29005 2.57668 0.3098
8.21416 2.55813 0.30854
8.31883 2.56084 0.308158
8.25726 2.55699 0.311682
8.37139 2.61416 0.308617
8.1405 2.58638 0.31029
8.25133 2.61926 0.309849
8.20328 2.54498 0.307407
8.31021 2.57952 0.305746
8.27583 2.66638 0.308316
8.26671 2.44527 0.308836
8.17731 2.59413 0.307655
8.18108 2.59443 0.30771
8.26302 2.54971 0.311959
8.26687 2.53957 0.309308
8.22111 2.53494 0.313278
8.3423 2.49273 0.31182
8.29481 2.49485 0.306139
8.21706 2.56797 0.309216
8.21557 2.50086 0.310537
8.33192 2.51597 0.307616
8.29621 2.5314 0.308856
8.25553 2.55629 0.309741
8.19985 2.51247 0.310937
8.19387 2.67739 0.310536
8.31363 2.52504 0.307759
8.15891 2.55456 0.309453
8.22731 2.56605 0.308213
8.21873 2.56277 0.308203
8.19845 2.52423 0.3094
8.25878 2.61116 0.309305
8.27497 2.54997 0.306452
8.29228 2.60646 0.308889
8.27805 2.58239 0.307901
8.19804 2.53492 0.311729
8.22452 2.48895 0.31039
8.1973 2.49915 0.308576
8.30328 2.46271 0.308444
8.30738 2.60782 0.308906
8.29153 2.60984 0.308741
8.29173 2.61102 0.308659
8.23449 2.57296 0.307446
8.27793 2.5608 0.308513
8.27726 2.56724 0.308627
8.23009 2.64982 0.308528
8.22965 2.64447 0.308538
8.31325 2.50642 0.306328
8.19954 2.5355 0.310356
8.26391 2.54035 0.310687
8.33688 2.5538 0.309307
8.217 2.48676 0.31241
8.2853 2.51444 0.306284
8.2387 2.51618 0.31044
8.22724 2.60349 0.310377
8.21203 2.62162 0.310747
8.21756 2.62509 0.310644
8.30007 2.55026 0.311342
8.27693 2.52507 0.310536
8.25381 2.55136 0.30683
8.18579 2.52249 0.31151
8.26857 2.63002 0.309251
8.25271 2.57893 0.305482
8.28633 2.56898 0.308419
8.29403 2.56987 0.308486
8.35207 2.60225 0.309199
8.23037 2.45766 0.310891
8.22873 2.45828 0.310776
8.27941 2.54515 0.309334
8.27081 2.54952 0.309632
8.21628 2.53313 0.310695
8.15185 2.68179 0.310874
8.25086 2.63731 0.306682
8.21606 2.60016 0.310354
8.23618 2.53874 0.308299
8.23865 2.59921 0.309638
8.18541 2.50871 0.309031
8.30043 2.56797 0.309973
8.21682 2.47756 0.311162
8.34024 2.58375 0.305521
8.284 2.50055 0.308632
8.33519 2.61115 0.30826
8.33636 2.60987 0.308178
8.23735 2.59724 0.310112
8.32186 2.544 0.306099
8.10817 2.59995 0.312321
8.23272 2.54824 0.31044
8.26933 2.54304 0.307526
8.20797 2.53268 0.309108
8.21006 2.52874 0.309086
8.20502 2.57372 0.311392
8.31295 2.48295 0.309581
8.23944 2.59891 0.30896
8.23576 2.59869 0.309126
8.2617 2.58916 0.30968
8.28325 2.49595 0.311467
8.28263 2.4968 0.311379
8.24933 2.55101 0.310871
8.26163 2.55033 0.311653
8.27789 2.53229 0.308748
8.23021 2.61768 0.309754
8.2297 2.61269 0.309965
8.24213 2.52274 0.31402
8.21104 2.56038 0.307122
8.26255 2.45428 0.308236
8.2986 2.56901 0.310633
8.29177 2.51962 0.311187
8.2903 2.51777 0.311253
8.33163 2.51187 0.311062
8.24577 2.56657 0.310177
8.20013 2.55079 0.308072
8.32514 2.5423 0.309066
8.36575 2.69291 0.309515
8.24078 2.62882 0.309611
8.33087 2.55838 0.309555
8.38477 2.48951 0.308857
8.35534 2.49191 0.306177
8.25931 2.55885 0.308597
8.27436 2.57098 0.308772
8.27017 2.57206 0.30872
8.33327 2.60414 0.308724
8.33406 2.59061 0.308868
8.24091 2.5761 0.308731
8.24088 2.58165 0.310932
8.28272 2.54736 0.310278
8.18585 2.5614 0.311245
8.1902 2.55812 0.311336
8.30533 2.64523 0.310301
8.2409 2.52303 0.309133
8.16921 2.56609 0.308054
8.23625 2.60939 0.308564
8.25647 2.59906 0.306115
8.25505 2.59759 0.306035
8.32494 2.56155 0.308446
8.32491 2.56344 0.309951
8.35955 2.51392 0.309368
8.21982 2.51565 0.309008
8.17111 2.53858 0.311121
8.24494 2.54858 0.308314
8.19037 2.50303 0.310666
8.32024 2.54211 0.309834
8.28802 2.59839 0.30785
8.34862 2.54702 0.305249
8.30675 2.5487 0.310047
8.22653 2.46841 0.307854
8.2175 2.56394 0.311738
8.21354 2.56591 0.311644
8.23555 2.50605 0.313025
8.29498 2.56789 0.306053
8.29258 2.56888 0.30607
8.30359 2.57738 0.305915
8.30689 2.5821 0.305737
8.27506 2.53784 0.306206
8.22409 2.61297 0.30938
8.32543 2.51114 0.304002
8.26236 2.50715 0.309993
8.24836 2.595 0.308564
8.28187 2.54968 0.30861
8.21059 2.60067 0.309073
8.30252 2.56429 0.309591
8.188 2.53808 0.31006
8.31054 2.58075 0.307019
8.30874 2.58219 0.307051
8.27664 2.49756 0.309281
8.31978 2.558 0.310146
8.3716 2.5445 0.307811
8.37456 2.54286 0.307744
8.31904 2.51554 0.307276
8.23843 2.48856 0.309989
8.239 2.49023 0.309951
8.25239 2.65485 0.312296
8.27944 2.6013 0.309653
8.29659 2.58778 0.310361
8.29056 2.59417 0.305708
8.29144 2.59826 0.30557
8.27986 2.58923 0.310827
8.30517 2.50201 0.307428
8.19289 2.57472 0.308928
8.19688 2.62396 0.30984
8.14807 2.50459 0.308293
8.32687 2.5551 0.307086
8.32258 2.57346 0.309602
8.40931 2.46807 0.306658
8.32641 2.55291 0.310429
8.33129 2.55145 0.310496
8.41093 2.56403 0.307755
8.21266 2.55764 0.30869
8.31026 2.61053 0.309294
8.31412 2.6704 0.312256
8.24168 2.60588 0.311339
8.27808 2.59009 0.307238
8.13641 2.58552 0.310438
8.25083 2.62099 0.309962
8.20378 2.54125 0.307258
8.21003 2.5496 0.30743
8.31262 2.57946 0.305687
8.25688 2.4593 0.306935
8.28019 2.49129 0.309408
8.26226 2.55256 0.311864
8.25544 2.53473 0.308975
8.25916 2.53117 0.309115
8.25668 2.52929 0.309159
8.20473 2.55468 0.310226
8.20508 2.55526 0.310226
8.20874 2.52514 0.311615
8.22367 2.56228 0.309572
8.21761 2.56717 0.309355
8.22247 2.57047 0.309319
8.37213 2.5691 0.30694
8.20617 2.57971 0.307243
8.25403 2.56559 0.311744
8.18898 2.51973 0.310748
8.38059 2.52474 0.308685
8.3134 2.52484 0.307694
8.22633 2.56808 0.308211
8.20303 2.52274 0.309556
8.25202 2.57882 0.305392
8.28916 2.60645 0.308742
8.1974 2.53234 0.311754
8.29042 2.46273 0.310906
8.28878 2.46284 0.310967
8.21944 2.49284 0.3106
8.22208 2.48952 0.31051
8.30776 2.43989 0.308462
8.30706 2.61056 0.30883
8.29866 2.43586 0.307273
8.2764 2.57316 0.308701
8.22801 2.42863 0.309246
8.26629 2.56615 0.30965
8.20079 2.5425 0.310355
8.2221 2.56527 0.310752
8.24478 2.57716 0.312783
8.25978 2.54107 0.310489
8.25189 2.63641 0.308416
8.23287 2.64172 0.307062
8.28881 2.52638 0.308996
8.24079 2.60197 0.306015
8.3092 2.5643 0.308475
8.23534 2.51946 0.310324
8.22582 2.60486 0.310369
8.2911 2.56378 0.309933
8.25207 2.59168 0.309035
8.20707 2.45399 0.309504
8.18832 2.52939 0.311488
8.37327 2.65176 0.309273
8.27596 2.62439 0.309276
8.30038 2.54465 0.310004
8.26589 2.54478 0.308298
8.26655 2.54963 0.308213
8.26535 2.54382 0.308332
8.2641 2.54475 0.308453
8.27744 2.54114 0.309631
8.21369 2.53858 0.310544
8.30583 2.56777 0.310983
8.25036 2.64006 0.306823
8.1733 2.53921 0.309962
8.23942 2.53099 0.30837
8.23409 2.53358 0.308508
8.42483 2.52796 0.307788
8.31917 2.61106 0.308692
8.17495 2.52548 0.309436
8.35547 2.59527 0.30993
8.35937 2.60271 0.309915
8.13463 2.64665 0.31137
8.28923 2.49754 0.308865
8.16893 2.52143 0.307674
8.24414 2.56372 0.309219
8.3106 2.57137 0.310657
8.32034 2.5522 0.306379
8.11529 2.6155 0.312655
8.23461 2.54421 0.310366
8.32918 2.66388 0.309557
8.27375 2.54809 0.307728
8.20302 2.53369 0.308805
8.2805 2.63105 0.309231
8.28418 2.63092 0.309269
8.29233 2.58199 0.312293
8.24125 2.59893 0.309069
8.26859 2.55879 0.310569
8.21184 2.67536 0.308183
8.32735 2.51355 0.308558
8.2633 2.54989 0.311655
8.25689 2.56128 0.307985
8.25877 2.5659 0.30787
8.2285 2.61311 0.30992
8.23427 2.61299 0.309982
8.24242 2.52481 0.31372
8.27533 2.55172 0.308961
8.24324 2.62295 0.310037
8.26499 2.45283 0.308056
8.26145 2.45678 0.308
8.24983 2.57133 0.311574
8.17785 2.49886 0.310014
8.26004 2.53449 0.311495
8.33801 2.60633 0.309082
8.22043 2.5077 0.312581
8.20176 2.55068 0.30809
8.18279 2.54975 0.309558
8.22294 2.54769 0.307664
8.2218 2.54943 0.307825
8.32735 2.61092 0.306008
8.32347 2.59586 0.309811
8.26937 2.4224 0.309953
8.38297 2.56029 0.310648
8.26668 2.55901 0.308493
8.27051 2.57438 0.308725
8.24198 2.5699 0.308624
8.24335 2.58457 0.310795
8.1838 2.55758 0.311321
8.24045 2.52278 0.309337
8.17395 2.56576 0.30803
8.17596 2.56515 0.307831
8.29146 2.61743 0.311734
8.25481 2.53733 0.311282
8.27593 2.48831 0.309482
8.32727 2.5583 0.308311
8.25137 2.67144 0.309931
8.22901 2.51455 0.309221
8.16904 2.53805 0.310901
8.24008 2.55122 0.308448
8.31587 2.56584 0.309654
8.26953 2.5375 0.308725
8.22834 2.59963 0.308769
8.34955 2.54046 0.305168
8.2751 2.5187 0.308764
8.22339 2.46567 0.307751
8.22023 2.54961 0.310005
8.22286 2.55043 0.309946
8.21644 2.56355 0.311815
8.23528 2.51254 0.313211
8.18241 2.72214 0.310953
8.22111 2.52863 0.307394
8.2754 2.53605 0.306331
8.22237 2.61454 0.309322
8.24005 2.459 0.310764
8.32237 2.47014 0.312302
8.31333 2.47232 0.312306
8.25981 2.51284 0.309936
8.24119 2.44916 0.310557
8.24086 2.45103 0.310278
8.28292 2.55316 0.308662
8.21003 2.60645 0.309303
8.24317 2.61672 0.311988
8.20371 2.51423 0.31277
8.30998 2.58026 0.307014
8.26282 2.63841 0.312863
8.23926 2.57716 0.306071
8.22482 2.531 0.311509
8.24931 2.53131 0.308642
8.23866 2.48054 0.309896
8.3726 2.53248 0.30731
8.37569 2.53979 0.307336
8.27283 2.56288 0.312115
8.27811 2.60408 0.309612
8.28213 2.59943 0.309614
8.27802 2.48897 0.310807
8.2966 2.57575 0.310143
8.29763 2.58023 0.310233
8.25115 2.53584 0.309103
8.31913 2.63226 0.310833
8.30568 2.5015 0.307434
8.30255 2.50039 0.307397
8.26536 2.61829 0.31205
8.26084 2.61652 0.311936
8.20496 2.62022 0.309661
8.33341 2.54889 0.307621
8.14893 2.50037 0.308052
8.31735 2.57191 0.309645
8.2352 2.50511 0.309445
8.27428 2.56707 0.311197
8.28704 2.57619 0.309915
8.31511 2.61525 0.309257
8.93369 2.8769 0.309514
8.27552 2.4581 0.310365
8.29768 2.47117 0.309137
8.24157 2.6289 0.309118
8.35148 2.55263 0.310117
8.22109 2.58661 0.309268
8.2246 2.58995 0.309075
8.30625 2.57828 0.310035
8.34137 2.54503 0.308444
8.21229 2.55886 0.307543
8.22928 2.58368 0.311191
8.23363 2.6194 0.310832
8.22279 2.44396 0.312112
8.20833 2.54793 0.310749
8.21501 2.52374 0.311281
8.28244 2.64847 0.309736
8.28851 2.59298 0.308609
8.26883 2.53115 0.310637
8.23417 2.52566 0.310573
8.24177 2.51881 0.310367
8.2534 2.59809 0.314124
8.32935 2.59727 0.308919
8.23322 2.67207 0.311037
8.37193 2.63421 0.306106
8.22583 2.45858 0.311358
8.29297 2.59903 0.307704
8.23277 2.57219 0.312651
8.33355 2.63814 0.309763
8.222 2.58243 0.311696
8.22324 2.59561 0.312028
8.30003 2.6083 0.307707
8.19521 2.55364 0.310367
8.24338 2.67609 0.308771
8.24508 2.67306 0.308619
8.26848 2.6406 0.307376
8.26522 2.56524 0.309598
8.32852 2.59325 0.307451
8.25119 2.66515 0.307725
8.25174 2.66778 0.307828
8.28202 2.62055 0.31225
8.22267 2.55162 0.309685
8.36132 2.64466 0.30878
8.34782 2.59124 0.306956
8.34805 2.59281 0.306794
8.14052 2.61253 0.310897
8.28554 2.51322 0.312894
8.30668 2.57613 0.312855
8.22036 2.54393 0.313391
8.20886 2.59508 0.312596
8.21242 2.5672 0.309786
8.34338 2.62624 0.306924
8.3355 2.63324 0.307705
8.28592 2.56392 0.311642
8.27708 2.68667 0.309127
8.28154 2.6826 0.309325
8.24445 2.55029 0.312133
8.20791 2.55838 0.308078
8.20682 2.55872 0.308139
8.34418 2.63241 0.309886
8.41792 2.58191 0.307723
8.23703 2.57975 0.312093
8.35784 2.59558 0.308706
8.2302 2.61117 0.307717
8.19894 2.52207 0.308335
8.20016 2.5146 0.308398
8.3389 2.54395 0.307579
8.24993 2.59395 0.309468
8.2516 2.59154 0.309759
8.24849 2.59478 0.309563
8.29202 2.53546 0.310408
8.22048 2.54844 0.311703
8.24832 2.59973 0.310989
8.27103 2.53751 0.310044
8.32854 2.54564 0.31088
8.20394 2.5941 0.309618
8.13511 2.56992 0.310809
8.1433 2.56417 0.310817
8.24373 2.538 0.309551
8.25511 2.59432 0.310057
8.32572 2.56664 0.307423
8.23696 2.65571 0.309713
8.28395 2.50231 0.308952
8.242 2.58971 0.310294
8.21959 2.58954 0.310226
8.24062 2.54257 0.310196
8.28878 2.54146 0.311684
8.17406 2.57233 0.30932
8.17437 2.57496 0.309381
8.1775 2.61206 0.312638
8.18655 2.57536 0.312975
8.24516 2.5657 0.307636
8.19978 2.55139 0.311383
8.35214 2.61473 0.307957
8.23233 2.57524 0.308576
8.22921 2.57763 0.308443
8.31913 2.64597 0.310551
8.31301 2.64347 0.31082
8.29766 2.54964 0.309314
8.32701 2.54581 0.308445
8.20265 2.57826 0.311715
8.24627 2.64015 0.309418
8.40511 2.60255 0.307227
8.3727 2.53602 0.306995
8.23522 2.53902 0.31077
8.25052 2.55704 0.308938
8.24714 2.55505 0.308975
8.30443 2.59072 0.309239
8.19603 2.55244 0.312368
8.26416 2.57478 0.309203
8.23452 2.55445 0.309888
8.2732 2.67206 0.3075
8.27065 2.67205 0.30736
8.405 2.51322 0.306232
8.27437 2.54044 0.309072
8.16168 2.47356 0.309531
8.30356 2.53673 0.310092
8.30904 2.54005 0.308748
8.31157 2.54266 0.308599
8.23512 2.48794 0.310163
8.22935 2.58047 0.309038
8.23099 2.58406 0.309011
8.22921 2.58517 0.308992
8.35231 2.58671 0.309176
8.32248 2.50915 0.309299
8.19908 2.54164 0.313588
8.18115 2.56179 0.311606
8.19232 2.57461 0.309217
8.19503 2.57028 0.309417
8.26286 2.53387 0.309099
8.24338 2.54429 0.307703
8.19805 2.56558 0.307656
8.24563 2.55422 0.309418
8.20579 2.51891 0.310198
8.32437 2.51366 0.310942
8.22331 2.62574 0.309338
8.12212 2.59477 0.311783
8.27399 2.55571 0.310203
8.32746 2.52019 0.310172
8.30126 2.63111 0.306827
8.18378 2.58323 0.307814
8.27133 2.47363 0.30854
8.18473 2.5375 0.309331
8.17996 2.53957 0.309543
8.21904 2.5891 0.309286
8.18226 2.61886 0.30898
8.28243 2.56027 0.308629
8.22503 2.6087 0.306887
8.39255 2.5706 0.308251
8.29509 2.49215 0.309967
8.40469 2.57024 0.308572
8.32101 2.56243 0.307139
8.20106 2.66321 0.306778
8.22239 2.52984 0.309897
8.37843 2.50509 0.311852
8.28621 2.57497 0.311424
8.29281 2.57387 0.311417
8.20956 2.5658 0.31021
8.21034 2.56292 0.310364
8.29646 2.55296 0.307152
8.2811 2.60393 0.309468
8.31758 2.55996 0.306484
8.19901 2.50655 0.310936
8.17203 2.60092 0.308862
8.17245 2.59547 0.309047
8.19432 2.57333 0.310379
8.19184 2.56784 0.310311
8.22414 2.53333 0.310375
8.27013 2.58691 0.31141
8.24705 2.62801 0.309327
8.18051 2.59844 0.308306
8.17899 2.60477 0.3083
8.32221 2.6226 0.308595
8.34498 2.63142 0.310465
8.27429 2.45906 0.311451
8.2983 2.55427 0.310568
8.2493 2.5272 0.307101
8.29875 2.4725 0.309315
8.39498 2.59869 0.306601
8.29312 2.60791 0.310673
8.23767 2.62677 0.311609
8.23547 2.62804 0.311664
8.22084 2.58959 0.309182
8.27745 2.59808 0.309589
8.28444 2.55938 0.309724
8.29745 2.58098 0.310232
8.2114 2.56146 0.307598
8.23497 2.47843 0.309687
8.31497 2.50439 0.310762
8.34217 2.53442 0.31391
8.32701 2.59721 0.307756
8.21691 2.51942 0.311451
8.28477 2.59278 0.30865
8.23852 2.51139 0.310294
8.26325 2.52917 0.310675
8.24066 2.51952 0.310387
8.33741 2.52112 0.308179
8.21613 2.5991 0.306324
8.21019 2.53051 0.310696
8.37051 2.63464 0.306483
8.27855 2.56016 0.30719
8.34134 2.61006 0.309201
8.33102 2.63644 0.309574
8.21961 2.58825 0.311728
8.2175 2.58853 0.31199
8.22124 2.59231 0.312039
8.2927 2.53531 0.308857
8.36901 2.56376 0.306387
8.37007 2.63938 0.307109
8.23816 2.68275 0.308476
8.26827 2.56115 0.309528
8.27399 2.57951 0.309217
8.32464 2.59052 0.307633
8.25156 2.55021 0.310634
8.28627 2.6207 0.31224
8.22596 2.55232 0.309564
8.34989 2.58862 0.307002
8.14294 2.61157 0.311112
8.14467 2.61471 0.311368
8.30804 2.61208 0.31033
8.34515 2.56906 0.309747
8.3432 2.56853 0.309577
8.25968 2.62455 0.307753
8.22032 2.56815 0.309676
8.22729 2.56897 0.309604
8.2549 2.59132 0.310663
8.34127 2.62578 0.307178
8.2889 2.54682 0.310903
8.26583 2.68039 0.308523
8.29849 2.49486 0.309194
8.25059 2.60002 0.309886
8.24761 2.59256 0.310652
8.3292 2.53383 0.307389
8.32078 2.5412 0.307255
8.32929 2.5365 0.307435
8.21153 2.55894 0.308211
8.24334 2.56867 0.311885
8.28029 2.51056 0.307932
8.32643 2.58027 0.307469
8.23229 2.6093 0.30771
8.20336 2.56931 0.308403
8.28778 2.50834 0.309651
8.30351 2.49258 0.307668
8.25575 2.55767 0.30831
8.25422 2.562 0.308178
8.33684 2.53903 0.307712
8.34335 2.54389 0.307391
8.29867 2.56828 0.307071
8.25226 2.59837 0.309579
8.24852 2.59809 0.309322
8.2534 2.59838 0.309598
8.15162 2.56825 0.31394
8.23681 2.60392 0.310814
8.17368 2.53935 0.309679
8.17637 2.54722 0.309702
8.26828 2.53111 0.310032
8.33825 2.53383 0.306992
8.19748 2.58753 0.309451
8.13524 2.56509 0.310856
8.13899 2.56688 0.310784
8.31043 2.60734 0.308748
8.31713 2.59996 0.307815
8.24604 2.59719 0.310017
8.18602 2.57776 0.310041
8.2352 2.66001 0.309859
8.28139 2.50188 0.308762
8.23848 2.59052 0.310358
8.2118 2.58466 0.310522
8.23698 2.53396 0.310198
8.24004 2.53375 0.310191
8.21389 2.58073 0.312079
8.322 2.56808 0.309625
8.17888 2.61069 0.312529
8.31874 2.64549 0.308619
8.4306 2.57719 0.306702
8.24246 2.56054 0.307628
8.23835 2.56333 0.307602
8.37462 2.44637 0.306509
8.36559 2.49475 0.306036
8.2609 2.57719 0.311168
8.28128 2.63637 0.311345
8.29945 2.55236 0.309033
8.2296 2.6165 0.312373
8.30775 2.53394 0.308954
8.23748 2.54721 0.309324
8.25256 2.6517 0.310664
8.25072 2.65181 0.310633
8.33394 2.50973 0.307658
8.23989 2.53754 0.310708
8.31529 2.453 0.307856
8.18494 2.55504 0.310576
8.2001 2.55534 0.312314
8.2678 2.56934 0.308968
8.34992 2.54125 0.307747
8.24303 2.55747 0.309994
8.30753 2.56882 0.307204
8.27823 2.53827 0.308889
8.15996 2.47575 0.309779
8.30561 2.54261 0.30844
8.30799 2.5419 0.308542
8.27951 2.56142 0.310729
8.23856 2.58772 0.309027
8.30312 2.47842 0.305804
8.32215 2.51237 0.309342
8.26062 2.60673 0.312006
8.37408 2.62106 0.312464
8.19643 2.57707 0.309371
8.2609 2.53258 0.309131
8.22192 2.59081 0.310226
8.20014 2.56106 0.307467
8.28259 2.62488 0.310839
8.26053 2.61725 0.310284
8.39411 2.53898 0.307586
8.16272 2.62933 0.312462
8.2626 2.53643 0.310331
8.22229 2.54993 0.310935
8.32373 2.53393 0.310196
8.27859 2.54483 0.310213
8.29519 2.63977 0.306774
8.18647 2.57918 0.307701
8.18714 2.57782 0.307798
8.31608 2.57285 0.31027
8.18926 2.54459 0.309242
8.22131 2.5925 0.309393
8.22278 2.59018 0.309212
8.17715 2.6255 0.308823
8.32618 2.58716 0.311098
8.28075 2.5664 0.308439
8.3864 2.56915 0.308468
8.28326 2.60017 0.307898
8.30652 2.54771 0.308722
8.32405 2.56582 0.307282
8.29454 2.47474 0.307902
8.20832 2.65568 0.30671
8.21963 2.52149 0.309795
8.2908 2.56855 0.311401
8.31515 2.59276 0.311696
8.20638 2.56167 0.310128
8.28981 2.55497 0.307183
8.28348 2.60143 0.309377
8.20925 2.58831 0.310196
8.17046 2.59743 0.309123
8.19615 2.56729 0.310083
8.22245 2.5305 0.31028
8.28334 2.52961 0.307345
8.28923 2.53058 0.30727
8.23925 2.56186 0.309239
8.17657 2.59889 0.308058
8.17892 2.60552 0.308142
8.32397 2.62329 0.308653
8.34102 2.50883 0.306453
8.2194 2.60463 0.3057
8.27961 2.52377 0.308208
8.30151 2.55389 0.310593
8.24961 2.53256 0.307198
8.29409 2.51622 0.307865
8.2447 2.62586 0.309203
8.34722 2.55278 0.31023
8.22138 2.58748 0.308989
8.21274 2.58529 0.309218
8.2244 2.58774 0.309114
8.305 2.58723 0.310081
8.29348 2.60655 0.308639
8.23342 2.47688 0.309841
8.235 2.61527 0.310756
8.30581 2.63181 0.308264
8.25846 2.54495 0.313296
8.26082 2.51001 0.312448
8.20306 2.54879 0.310581
8.20744 2.55295 0.310599
8.3461 2.69898 0.309948
8.34343 2.56282 0.30982
8.22144 2.59512 0.313923
8.30655 2.63572 0.310403
8.30796 2.64118 0.310494
8.21287 2.60005 0.306229
8.21149 2.53015 0.310785
8.37424 2.63124 0.306046
8.27831 2.55814 0.307263
8.28241 2.55882 0.307315
8.23328 2.56644 0.312687
8.33806 2.55062 0.307481
8.2146 2.58187 0.311622
8.17113 2.57689 0.310934
8.17091 2.58337 0.310827
8.17314 2.58737 0.31095
8.28981 2.52784 0.30884
8.19018 2.55741 0.310416
8.21697 2.57402 0.31125
8.26866 2.64129 0.307273
8.27309 2.64201 0.307381
8.32447 2.59025 0.307582
8.2516 2.54397 0.310368
8.24857 2.55118 0.310398
8.25136 2.55167 0.308818
8.22883 2.55417 0.30962
8.22529 2.55198 0.309473
8.2762 2.5709 0.307396
8.33327 2.59779 0.308323
8.29009 2.54297 0.310886
8.23664 2.52429 0.312245
8.21973 2.57327 0.309702
8.18833 2.54356 0.310755
8.18948 2.54041 0.310579
8.32811 2.64039 0.307654
8.39812 2.53165 0.306779
8.29512 2.49414 0.30928
8.29262 2.56601 0.311725
8.25167 2.58856 0.310662
8.24455 2.54219 0.312093
8.20927 2.55924 0.308193
8.28377 2.68599 0.312632
8.27755 2.50653 0.307853
8.32117 2.58061 0.30764
8.35527 2.59198 0.30879
8.20462 2.56796 0.308308
8.29132 2.5102 0.309653
8.34268 2.53741 0.307838
8.25027 2.6003 0.309681
8.16068 2.56579 0.31362
8.3793 2.63089 0.308388
8.1647 2.54418 0.309714
8.16956 2.54268 0.309742
8.27113 2.52918 0.310223
8.33056 2.54825 0.31075
8.20247 2.59407 0.309586
8.20124 2.58752 0.309501
8.30665 2.60691 0.308515
8.24474 2.53988 0.309626
8.37259 2.61433 0.308125
8.18917 2.57801 0.309818
8.2419 2.69747 0.30762
8.22823 2.66196 0.309646
8.28204 2.50631 0.308762
8.28177 2.50714 0.308797
8.2171 2.58697 0.310575
8.21454 2.5866 0.310424
8.33707 2.6239 0.310007
8.32189 2.55181 0.310559
8.1726 2.61345 0.312515
8.44074 2.58182 0.306683
8.24391 2.55811 0.307439
8.23983 2.56152 0.307447
8.19991 2.55109 0.311511
8.19897 2.54789 0.311588
8.26264 2.56796 0.311022
8.2948 2.61744 0.311826
8.31238 2.64859 0.310713
8.27211 2.59428 0.311933
8.32521 2.5503 0.308485
8.24446 2.63072 0.311148
8.19192 2.57506 0.311521
8.19907 2.57722 0.311567
8.23513 2.55123 0.30926
8.24884 2.63883 0.310564
8.24897 2.73002 0.308277
8.33678 2.51457 0.307413
8.30894 2.58068 0.309274
8.24415 2.55766 0.309142
8.19251 2.5635 0.312182
8.26898 2.56946 0.309123
8.34455 2.5379 0.308036
8.23327 2.55756 0.310128
8.3094 2.56273 0.307041
8.27742 2.53156 0.3089
8.22405 2.4284 0.311567
8.227 2.42409 0.311719
8.26879 2.56247 0.310529
8.27901 2.55524 0.310679
8.31855 2.54298 0.308841
8.24108 2.55328 0.308835
8.26332 2.54242 0.309985
8.3814 2.62137 0.3095
8.19535 2.57173 0.309576
8.26367 2.53258 0.309131
8.23444 2.54307 0.307643
8.279 2.62994 0.311064
8.25577 2.62065 0.310283
8.20109 2.5206 0.310311
8.22164 2.62947 0.309422
8.263 2.56146 0.310527
8.26067 2.54939 0.310561
8.25326 2.543 0.310208
8.1292 2.59132 0.311615
8.38435 2.57993 0.308062
8.20564 2.52624 0.30989
8.20191 2.57395 0.311135
8.18222 2.57491 0.307624
8.18448 2.58024 0.307817
8.27003 2.47709 0.308445
8.34325 2.62354 0.305919
8.18557 2.54053 0.309401
8.1862 2.53298 0.309402
8.18436 2.53747 0.30943
8.21151 2.59333 0.309406
8.18729 2.62358 0.308749
8.28434 2.56156 0.308439
8.22757 2.61408 0.306612
8.3899 2.56421 0.308176
8.28488 2.62241 0.311297
8.24991 2.62206 0.31017
7.83142 3.0996 0.337376
8.15764 2.60714 0.311958
8.17459 2.6101 0.310031
8.17373 2.6011 0.310104
8.34317 2.4546 0.307728
8.27028 2.63602 0.306626
8.2073 2.53172 0.308911
8.26721 2.60535 0.307452
8.26442 2.60928 0.307861
8.19309 2.59713 0.30932
8.26389 2.56944 0.312321
8.25525 2.63495 0.309105
8.25074 2.51452 0.309172
8.20442 2.53579 0.308983
8.20046 2.53595 0.309069
8.2921 2.59068 0.308147
8.25543 2.64479 0.311931
8.32534 2.59462 0.308656
8.14809 2.54161 0.312043
8.24381 2.56178 0.30821
8.30971 2.67227 0.308218
8.2873 2.53885 0.307941
8.2013 2.45032 0.311725
8.2107 2.55246 0.309159
8.20501 2.54625 0.309135
8.3127 2.59358 0.30948
8.22972 2.60134 0.306958
8.22118 2.52391 0.311462
8.29323 2.60414 0.310581
8.18653 2.58627 0.312914
8.22323 2.58906 0.310175
8.19147 2.48788 0.311142
8.18662 2.48483 0.310874
8.25318 2.52405 0.308325
8.2067 2.56603 0.31227
8.20059 2.63831 0.312559
8.23248 2.64587 0.311532
8.28009 2.60246 0.307359
8.30966 2.63646 0.310359
8.305 2.63948 0.31038
8.13692 2.53916 0.309094
8.13386 2.53999 0.309287
8.12267 2.54212 0.308874
8.27085 2.61514 0.309099
8.30747 2.64602 0.309948
8.29646 2.61667 0.309699
8.17195 2.57928 0.312277
8.25222 2.51502 0.308862
8.22261 2.58788 0.307889
8.28645 2.56453 0.311576
8.32159 2.46645 0.310547
8.24295 2.59044 0.310686
8.18873 2.64909 0.311004
8.31099 2.54073 0.309702
8.22499 2.54849 0.309899
8.31438 2.63475 0.310927
8.20714 2.61268 0.310587
8.28084 2.63897 0.309272
8.22718 2.56347 0.312603
8.26392 2.63667 0.308759
8.26405 2.63177 0.308593
8.36088 2.60455 0.30449
8.27044 2.58316 0.308276
8.2837 2.47939 0.306832
8.19788 2.54803 0.307884
8.07182 2.56164 0.312769
8.27415 2.51605 0.309097
8.2595 2.52273 0.310894
8.23283 2.56065 0.30942
8.21631 2.54153 0.310337
8.19061 2.60439 0.311025
8.17943 2.50321 0.308877
8.29271 2.6737 0.308933
8.25324 2.45957 0.306658
8.22852 2.53115 0.311057
8.23389 2.5889 0.310089
8.33469 2.54718 0.312611
8.25212 2.58481 0.309072
8.26159 2.58152 0.309173
8.24672 2.58955 0.309096
8.218 2.54599 0.309917
8.19028 2.52763 0.307139
8.23207 2.59771 0.30694
8.22613 2.60728 0.306996
8.2379 2.45187 0.308433
8.26468 2.48441 0.306902
8.13603 2.59514 0.311391
8.22988 2.58286 0.308588
8.22098 2.55522 0.308912
8.22215 2.55126 0.308861
8.24336 2.59567 0.309583
8.09324 2.57846 0.312257
8.21372 2.5684 0.310131
8.26114 2.61255 0.309365
8.17115 2.48809 0.311868
8.31334 2.57932 0.30892
8.2718 2.55827 0.307894
8.25812 2.609 0.312105
8.21982 2.54253 0.310445
8.28865 2.57819 0.308453
8.21951 2.5301 0.311349
8.23308 2.54839 0.310445
8.2347 2.55111 0.310357
8.30925 2.53804 0.308468
8.29604 2.60168 0.305979
8.22993 2.59641 0.308703
8.27623 2.53044 0.307435
8.16136 2.69642 0.310173
8.2628 2.61072 0.31242
8.31296 2.52503 0.307507
8.26306 2.60286 0.30877
8.15472 2.58515 0.312058
8.20262 2.52612 0.309598
8.32476 2.67645 0.306315
8.34652 2.50968 0.310526
8.26356 2.66432 0.30909
8.23227 2.68157 0.308273
8.27959 2.51926 0.309658
8.27953 2.51715 0.309623
8.29801 2.60412 0.311279
8.18685 2.61123 0.308734
8.20692 2.53634 0.309896
8.17787 2.59068 0.310631
8.18091 2.57106 0.311739
8.21735 2.58495 0.31117
8.31643 2.55667 0.308999
8.40089 2.52499 0.308253
8.18204 2.57943 0.311333
8.35336 2.58653 0.306756
8.22617 2.65937 0.309086
8.22846 2.65392 0.309118
8.18263 2.56424 0.312693
8.29325 2.68563 0.309077
8.23011 2.51208 0.309172
8.2982 2.51558 0.307312
8.29994 2.51636 0.307192
8.28832 2.57851 0.310856
8.21784 2.5088 0.313083
8.20991 2.48391 0.309912
8.25798 2.62613 0.310136
8.21577 2.6343 0.310354
8.25857 2.64365 0.311729
8.28312 2.56821 0.30911
8.34216 2.62181 0.309009
8.33198 2.62453 0.308867
8.21769 2.59026 0.310056
8.27313 2.60252 0.306467
8.19269 2.56322 0.308149
8.25221 2.5953 0.311098
8.26409 2.46267 0.309835
8.23344 2.52004 0.310367
8.23208 2.51307 0.310172
8.17182 2.66046 0.30985
8.17702 2.65629 0.309777
8.32627 2.6841 0.31029
8.24395 2.59494 0.310737
8.24653 2.58501 0.31072
8.11442 2.54617 0.310882
8.11536 2.55067 0.311086
8.23831 2.50516 0.309887
8.23092 2.55699 0.307258
8.2722 2.6174 0.307503
8.31559 2.63277 0.308117
8.17684 2.60649 0.310487
8.30728 2.54272 0.309225
8.25919 2.62611 0.30815
8.21051 2.56587 0.309589
8.18278 2.59136 0.309439
8.18407 2.59154 0.309681
8.19541 2.61663 0.30912
8.1919 2.56446 0.310169
8.13603 2.56458 0.309623
8.32431 2.6049 0.306538
8.21877 2.52742 0.307926
8.24534 2.64485 0.311337
8.19857 2.63442 0.309582
8.19644 2.6319 0.309738
8.22034 2.54405 0.309785
8.24573 2.555 0.30857
8.25771 2.63475 0.312158
8.24437 2.50668 0.307369
8.28899 2.63949 0.309042
8.24702 2.59989 0.310511
8.16463 2.54218 0.310925
8.22948 2.51428 0.308024
8.25373 2.55105 0.309673
8.28239 2.53796 0.309377
8.33785 2.61267 0.309245
8.17036 2.57494 0.311668
8.16857 2.57048 0.311736
8.28026 2.49075 0.305254
8.20798 2.66061 0.31188
8.15613 2.49975 0.311972
8.29971 2.55997 0.311123
8.24466 2.56089 0.309824
8.19855 2.52726 0.309226
8.19322 2.63319 0.313426
8.19956 2.52215 0.312773
8.24928 2.71458 0.310819
8.21665 2.58979 0.31111
8.21036 2.5862 0.311082
8.17947 2.51661 0.312169
8.18489 2.55683 0.311409
8.3591 2.55961 0.308998
8.2659 2.5813 0.309055
8.20012 2.45668 0.308718
8.20513 2.45952 0.308735
8.24176 2.58817 0.307098
8.14131 2.57934 0.312097
8.16392 2.65305 0.307536
8.30196 2.62532 0.308277
8.2628 2.60506 0.307767
8.19404 2.59927 0.309454
8.37948 2.59694 0.305934
8.25422 2.63646 0.309171
8.25299 2.50758 0.309114
8.20589 2.53227 0.309087
8.29133 2.53527 0.311458
8.28483 2.59782 0.308021
8.28818 2.59643 0.308048
8.27926 2.62059 0.307891
8.32707 2.59829 0.308843
8.17096 2.55766 0.312932
8.15247 2.55025 0.312004
8.14865 2.54565 0.312109
8.14991 2.54612 0.312046
8.2428 2.55527 0.308223
8.24713 2.55841 0.308152
8.20505 2.50515 0.310949
8.28633 2.5467 0.307954
8.28994 2.60727 0.309596
8.31215 2.59059 0.309684
8.27001 2.5249 0.307679
8.22766 2.60125 0.306573
8.22696 2.63926 0.310407
8.31454 2.56634 0.308358
8.28758 2.54041 0.308219
8.23377 2.5541 0.311009
8.19029 2.48446 0.310926
8.25539 2.52115 0.308407
8.23503 2.65245 0.311485
8.31067 2.63513 0.310348
8.12324 2.51498 0.30996
8.12048 2.5165 0.310168
8.33718 2.54545 0.311282
8.12015 2.53786 0.308775
8.3138 2.64341 0.310065
8.29461 2.61848 0.309654
8.17671 2.58211 0.312286
8.25554 2.51526 0.308772
8.2507 2.51455 0.309073
8.2229 2.5798 0.30786
8.23633 2.58768 0.310528
8.18827 2.65169 0.310971
8.17274 2.60796 0.311883
8.22218 2.54093 0.309918
8.14317 2.55697 0.309651
8.23692 2.59855 0.309921
8.19819 2.6139 0.310491
8.28376 2.63729 0.309327
8.19622 2.59937 0.312462
8.26989 2.63346 0.308609
8.36493 2.60408 0.304791
8.26212 2.68332 0.31045
8.26671 2.58321 0.30835
8.28492 2.4861 0.30676
8.07512 2.56463 0.312826
8.25615 2.60039 0.312625
8.1918 2.59865 0.309259
8.28086 2.52715 0.308958
8.17244 2.62294 0.311745
8.23214 2.56007 0.309572
8.23134 2.55914 0.309662
8.2272 2.54461 0.310231
8.2168 2.54233 0.310303
8.22349 2.54264 0.310128
8.19882 2.60255 0.310712
8.18002 2.59598 0.31022
8.29518 2.61643 0.309741
8.28927 2.67595 0.309
8.281 2.67678 0.30894
8.26142 2.51264 0.305644
8.22434 2.52889 0.311064
8.26987 2.62639 0.310474
8.29294 2.59434 0.310476
8.24737 2.58769 0.308946
8.25234 2.58358 0.309047
8.36937 2.57687 0.306828
8.21453 2.54011 0.310098
8.28305 2.52149 0.30928
8.18711 2.52503 0.30716
8.2262 2.57632 0.31251
8.23185 2.60823 0.306873
8.29017 2.63232 0.308308
8.29211 2.63905 0.308526
8.23094 2.62183 0.309971
8.2295 2.61319 0.310089
8.22912 2.58408 0.308543
8.22424 2.5538 0.308832
8.22709 2.55214 0.30895
8.30985 2.65085 0.308323
8.23824 2.59733 0.309438
8.09573 2.58285 0.312363
8.35213 2.59685 0.310017
8.27739 2.46109 0.310088
8.21417 2.56251 0.31
8.25395 2.61564 0.309333
8.24189 2.57644 0.306791
8.28596 2.60481 0.308181
8.27689 2.56022 0.307659
8.27403 2.54413 0.311021
8.28841 2.58191 0.308241
8.22211 2.52885 0.311319
8.23633 2.54331 0.310454
8.23973 2.50224 0.309979
8.2369 2.49998 0.309892
8.2977 2.5444 0.311267
8.23041 2.59014 0.308744
8.22996 2.58966 0.308633
8.22716 2.58933 0.308643
8.17722 2.5373 0.30743
8.15955 2.69496 0.310357
8.37245 2.63753 0.308098
8.27889 2.61052 0.309301
8.3166 2.526 0.307543
8.30383 2.60971 0.30648
8.30438 2.60562 0.306437
8.30129 2.60511 0.306371
8.36379 2.53726 0.308272
8.22498 2.66678 0.312323
8.31668 2.64694 0.308216
8.23268 2.55854 0.310693
8.27145 2.66111 0.309138
8.1704 2.64413 0.311073
8.22803 2.68199 0.308264
8.2243 2.67963 0.308312
8.28645 2.51563 0.309879
8.31513 2.6708 0.309067
8.38943 2.58543 0.309844
8.21002 2.53224 0.309991
8.18025 2.5793 0.310609
8.17912 2.59049 0.310778
8.24006 2.57853 0.30985
8.37009 2.60423 0.30727
8.20973 2.48915 0.310289
8.21607 2.52907 0.310703
8.20636 2.64034 0.313615
8.34904 2.58653 0.306759
8.31162 2.58851 0.310698
8.27244 2.60712 0.310134
8.15796 2.49969 0.311314
8.12548 2.60685 0.310641
8.22738 2.52196 0.309085
8.25733 2.57638 0.310894
8.28786 2.57685 0.310732
8.20272 2.48546 0.309984
8.20224 2.56809 0.309109
8.21151 2.56415 0.309147
8.22096 2.63002 0.310608
8.20889 2.62333 0.310606
8.28076 2.56345 0.309155
8.33759 2.62393 0.308855
8.17675 2.63314 0.314981
8.29328 2.50565 0.310619
8.23552 2.47068 0.312331
8.29807 2.63933 0.308682
8.26303 2.46346 0.309859
8.18151 2.655 0.309925
8.29746 2.66709 0.311219
8.26118 2.65319 0.311665
8.28563 2.62088 0.307845
8.28232 2.57707 0.309542
8.24541 2.57634 0.306052
8.24077 2.57864 0.30593
8.22635 2.47265 0.30934
8.32385 2.55079 0.310766
8.16437 2.61983 0.312326
8.18232 2.60517 0.310463
8.26285 2.62279 0.307993
8.208 2.56889 0.30936
8.15972 2.6139 0.310479
8.17968 2.59399 0.309896
8.2422 2.68291 0.311108
8.33116 2.50108 0.309085
8.19209 2.56876 0.310174
8.23202 2.62154 0.312248
8.13775 2.56368 0.309574
8.21989 2.50158 0.312393
8.22092 2.52399 0.307995
8.19008 2.4842 0.310516
8.19586 2.48837 0.310608
8.1992 2.62651 0.309523
8.25258 2.61955 0.309408
8.22414 2.53757 0.309772
8.18346 2.53636 0.311537
8.10998 2.55888 0.310533
8.11089 2.55336 0.310477
8.11002 2.55729 0.310758
8.2301 2.57482 0.312056
8.23337 2.59003 0.31153
8.28087 2.64302 0.308937
8.34209 2.59954 0.308473
8.24603 2.59418 0.310627
8.16561 2.54228 0.310903
8.25717 2.54606 0.309556
8.23361 2.5268 0.308295
8.33257 2.61127 0.309108
8.1879 2.55814 0.31148
8.27635 2.48791 0.305104
8.29448 2.6448 0.309615
8.18606 2.49448 0.309672
8.23905 2.59654 0.31242
8.24851 2.56572 0.30982
8.25263 2.59904 0.310448
8.19926 2.52616 0.309077
8.2014 2.52931 0.309275
8.19013 2.63777 0.31348
8.27028 2.51927 0.309401
8.2242 2.55361 0.311199
8.21533 2.58888 0.311185
8.25775 2.45108 0.307432
8.18709 2.5198 0.310947
8.18351 2.55551 0.311481
8.15752 2.48092 0.312669
8.19798 2.45958 0.308633
8.24127 2.5863 0.306933
8.14237 2.58444 0.311981
8.14394 2.58307 0.311931
8.23932 2.63029 0.315608
8.19933 2.53136 0.308836
8.25844 2.6281 0.310556
8.23516 2.69857 0.313214
8.19533 2.59888 0.309105
8.19619 2.59522 0.309336
8.38168 2.60356 0.306006
8.23127 2.545 0.309731
8.23143 2.55117 0.309716
8.26116 2.63119 0.309248
8.35075 2.62603 0.310226
8.20251 2.53226 0.308866
8.20356 2.53248 0.309015
8.28818 2.53596 0.311288
8.28201 2.62486 0.308021
8.28052 2.62263 0.307883
8.30703 2.44166 0.308241
8.26199 2.63583 0.311789
8.32779 2.59712 0.308992
8.15252 2.54364 0.312136
8.15168 2.5497 0.311896
8.20715 2.50834 0.311366
8.25757 2.63757 0.308123
8.29124 2.54686 0.307839
8.29226 2.60495 0.309657
8.22482 2.59636 0.306874
8.3267 2.60906 0.308782
8.22094 2.58676 0.310187
8.28016 2.54671 0.308185
8.25092 2.51625 0.308314
8.2776 2.59737 0.307224
8.27317 2.60276 0.307211
8.27628 2.6012 0.30712
8.30578 2.63548 0.310534
8.11526 2.51689 0.309967
8.13057 2.54272 0.308957
8.26594 2.6191 0.30911
8.17102 2.58 0.312394
8.25101 2.51535 0.308739
8.27994 2.60133 0.311525
8.18284 2.64402 0.311083
8.25102 2.63228 0.30913
8.31195 2.54004 0.309614
8.20063 2.5869 0.311803
8.20579 2.59315 0.311812
8.14304 2.56202 0.309411
8.22184 2.5963 0.311884
8.32213 2.68281 0.309984
8.20306 2.60832 0.312469
8.2648 2.63651 0.308641
8.2961 2.62596 0.306128
8.29355 2.62812 0.305886
8.35991 2.60527 0.304846
8.37089 2.59327 0.30691
8.19867 2.55043 0.30794
8.18535 2.59781 0.30926
8.27996 2.53024 0.309022
8.17205 2.61921 0.31189
8.23219 2.55421 0.309666
8.24193 2.5791 0.30729
8.19588 2.61102 0.310891
8.17831 2.59331 0.310263
8.28973 2.67363 0.308736
8.20734 2.49826 0.311922
8.26944 2.51023 0.305487
8.37153 2.56937 0.311076
8.34219 2.58169 0.306661
8.33945 2.58292 0.306769
8.2303 2.5875 0.309885
8.25788 2.58981 0.309148
8.25599 2.59095 0.309079
8.29601 2.57567 0.309505
8.09612 3.20719 0.294478
8.30689 2.53274 0.307806
8.20888 2.58306 0.308617
8.21542 2.63864 0.311892
8.23851 2.59207 0.308191
8.27589 2.69117 0.309183
8.1733 2.52624 0.312076
8.28381 2.62254 0.311318
8.25927 2.53321 0.310737
8.30197 2.64191 0.30646
8.24151 2.50833 0.309485
8.21761 2.57776 0.308346
8.2468 2.58988 0.308929
8.30319 2.5791 0.308455
8.3041 2.58561 0.308729
8.27855 2.60915 0.308786
8.26818 2.51276 0.312464
8.25071 2.62287 0.311218
8.28264 2.57637 0.308362
8.22384 2.51274 0.310501
8.30665 2.64151 0.309241
8.23327 2.61364 0.308061
8.17129 2.55403 0.308087
8.16502 2.55364 0.30813
8.19119 2.60339 0.309546
8.29456 2.53038 0.308453
8.29074 2.67116 0.307
8.19469 2.55345 0.312995
8.32767 2.60357 0.307256
8.2686 2.54017 0.310583
8.26949 2.54007 0.310514
8.177 2.60923 0.307606
8.22589 2.62133 0.309338
8.22623 2.62421 0.30944
8.22386 2.62167 0.309245
8.3279 2.58809 0.307303
8.24687 2.63846 0.311493
8.29179 2.59357 0.308851
8.28161 2.57534 0.308154
8.23921 2.52472 0.308675
8.21149 2.54825 0.306535
8.26884 2.45598 0.308907
8.26712 2.58621 0.309973
8.26764 2.58253 0.309978
8.28247 2.60091 0.3049
8.38513 2.48899 0.308615
8.27892 2.60241 0.309067
8.27544 2.60337 0.309211
8.23612 2.61606 0.309834
8.2301 2.52744 0.307319
8.23036 2.52926 0.307195
8.26882 2.47723 0.310975
8.27191 2.48203 0.310952
8.21283 2.60687 0.310071
8.28243 2.59929 0.311071
8.34346 2.53474 0.308569
8.18775 2.50256 0.310494
8.30088 2.45168 0.309843
8.27041 2.59653 0.307234
8.34735 2.56026 0.310059
8.21398 2.57757 0.307813
8.2422 2.67515 0.312164
8.27031 2.6177 0.309641
8.23611 2.48126 0.308424
8.33852 2.55924 0.310526
8.30971 2.54795 0.308328
8.25286 2.47907 0.312539
8.23204 2.62488 0.308459
8.26955 2.57308 0.310356
8.24032 2.58684 0.305701
8.36879 2.5592 0.308487
8.27542 2.57802 0.309197
8.18475 2.59757 0.312317
8.29086 2.59209 0.308288
8.24274 2.55627 0.31398
8.27751 2.6036 0.308968
8.25226 2.6269 0.30859
8.24729 2.6318 0.308754
8.2358 2.54782 0.308932
8.25094 2.6408 0.308345
8.25279 2.63578 0.30867
8.28475 2.54636 0.307591
8.22127 2.58692 0.309505
8.26193 2.51515 0.310231
8.24171 2.54093 0.309562
8.27887 2.57431 0.307675
8.33193 2.55221 0.306192
8.25504 2.51823 0.310868
8.31582 2.58715 0.310934
8.22232 2.63377 0.310953
8.29452 2.54627 0.311242
8.27804 2.54612 0.308793
8.28431 2.56446 0.308676
8.2504 2.60195 0.309955
8.26621 2.56829 0.307717
8.1983 2.53433 0.307493
8.31064 2.61283 0.309601
8.30708 2.6146 0.309593
8.2689 2.63836 0.309652
8.25421 2.6206 0.313504
8.21426 2.56509 0.311245
8.23304 2.51307 0.305515
8.39213 2.6195 0.30675
8.22296 2.57521 0.3094
8.25132 2.52235 0.309351
8.24834 2.51864 0.309392
8.24345 2.62593 0.311586
8.22018 2.56841 0.308755
8.17518 2.61062 0.309467
8.2386 2.60545 0.309772
8.35749 2.56002 0.309406
8.19834 2.55097 0.311084
8.36373 2.58456 0.307697
8.27003 2.51685 0.310146
8.2034 2.54908 0.310896
8.3136 2.58381 0.311525
8.29888 2.56852 0.311956
8.3452 2.56412 0.309685
8.25359 2.54814 0.311438
8.21065 2.55639 0.310131
8.21432 2.53151 0.30858
8.21348 2.53078 0.308643
8.23942 2.60589 0.310819
8.25471 2.49884 0.312166
8.32607 2.59095 0.308322
8.2888 2.66643 0.309157
8.24647 2.56381 0.309396
8.33467 2.64748 0.308058
8.25311 2.62758 0.31056
8.26967 2.61583 0.30706
8.20686 2.61102 0.310203
8.25218 2.51455 0.305186
8.30783 2.53506 0.309485
8.25998 2.57395 0.308106
8.22228 2.624 0.310932
8.28877 2.61198 0.30957
8.28764 2.61803 0.309699
8.40038 2.6632 0.308212
8.28619 2.45683 0.308408
8.31111 2.60583 0.308096
8.28895 2.57752 0.30889
8.26721 2.5288 0.310209
8.24801 2.57921 0.308736
8.24801 2.58369 0.308712
8.26006 2.58985 0.310693
8.22314 2.54186 0.30785
8.32992 2.60249 0.307858
8.23045 2.48612 0.308986
8.23328 2.49569 0.309007
8.26586 2.5135 0.309864
8.32271 2.57569 0.308633
8.23554 2.60735 0.30948
8.30263 2.50744 0.3116
8.29436 2.57652 0.307943
8.28384 2.63374 0.309623
8.25549 2.57827 0.310237
8.2395 2.55158 0.308243
8.21969 2.57472 0.309221
8.3109 2.62606 0.308377
8.25698 2.56571 0.308372
8.32474 2.5952 0.307177
8.32315 2.59795 0.307235
8.30891 2.5683 0.309001
8.26403 2.50651 0.311243
8.22905 2.61821 0.305459
8.34187 2.524 0.30654
8.28858 2.54954 0.310836
8.22106 2.59826 0.308171
8.23792 2.56611 0.309491
8.28393 2.59749 0.308167
8.22739 2.63454 0.310348
8.31604 2.54043 0.30895
8.29291 2.57611 0.308311
8.29596 2.57525 0.310202
8.2032 2.56348 0.31092
8.2646 2.57186 0.309114
8.26204 2.56766 0.309324
8.358 2.50307 0.309086
8.23447 2.6209 0.308383
8.23936 2.61751 0.308272
8.29311 2.5307 0.311352
8.34082 2.57447 0.308039
8.34317 2.57048 0.307935
8.25028 2.54171 0.311294
8.29314 2.55753 0.308487
8.27247 2.5875 0.308174
8.25492 2.55654 0.308394
8.20771 2.58422 0.308447
8.21141 2.58551 0.308705
8.19304 2.64314 0.312014
8.19733 2.64503 0.311735
8.23634 2.59318 0.308252
8.16863 2.52063 0.311967
8.23019 2.52311 0.310201
8.30332 2.63788 0.306546
8.21817 2.57998 0.30851
8.21915 2.58034 0.308365
8.2519 2.58988 0.308727
8.26756 2.42461 0.309336
8.28462 2.60893 0.308649
8.30629 2.58151 0.310461
8.28412 2.57796 0.308525
8.30377 2.64054 0.309105
8.23687 2.60894 0.307959
8.17396 2.55021 0.308353
8.2735 2.71017 0.309991
8.29252 2.53034 0.308641
8.21453 2.57864 0.307638
8.28838 2.66838 0.307092
8.15408 2.55908 0.314062
8.23758 2.55487 0.310301
8.39968 2.53701 0.310865
8.26607 2.53942 0.310477
8.17362 2.60339 0.307333
8.28203 2.57179 0.31188
8.19385 2.63047 0.309593
8.32545 2.5834 0.30738
8.28823 2.58805 0.308747
8.23074 2.46103 0.30867
8.24141 2.52772 0.308641
8.20331 2.55632 0.306438
8.20954 2.54799 0.306366
8.26941 2.45849 0.309027
8.31499 2.48528 0.311616
8.23288 2.52242 0.312565
8.27547 2.60485 0.308983
8.29651 2.5251 0.311551
8.37298 2.56031 0.305558
8.38491 2.61296 0.309686
8.21395 2.60374 0.30997
8.27768 2.60801 0.311003
8.19255 2.50387 0.310293
8.24666 2.63089 0.31001
8.25296 2.62918 0.309947
8.3268 2.57222 0.306206
8.21376 2.57727 0.307817
8.24551 2.67661 0.31216
8.23507 2.4744 0.308344
8.23057 2.47949 0.308462
8.2348 2.47834 0.308333
8.34274 2.55776 0.310504
8.30658 2.55196 0.30833
8.2499 2.58386 0.312983
8.23911 2.59119 0.305714
8.23959 2.59099 0.30574
8.19517 2.59234 0.312228
8.18211 2.5966 0.31239
8.29336 2.4747 0.307835
8.28081 2.58816 0.308422
8.29079 2.58603 0.308452
8.2423 2.6045 0.309461
8.24634 2.60615 0.309123
8.19528 2.53596 0.308298
8.19686 2.53634 0.308581
8.19449 2.53513 0.30827
8.3198 2.52674 0.308769
8.20626 2.53904 0.310295
8.36462 2.54 0.307735
8.28579 2.54809 0.307452
8.28518 2.54666 0.307462
8.26101 2.55314 0.314383
8.22178 2.58566 0.309475
8.22171 2.58057 0.309415
8.31297 2.61884 0.309599
8.25947 2.51642 0.309915
8.23673 2.55663 0.310614
8.23795 2.54823 0.310875
8.23626 2.54349 0.309426
8.38924 2.6259 0.307395
8.28599 2.5783 0.307715
8.2761 2.51691 0.308135
8.27414 2.53133 0.307962
8.32913 2.56035 0.30611
8.33332 2.5248 0.307335
8.32283 2.57843 0.309298
8.21232 2.6221 0.310712
8.23247 2.53803 0.310325
8.2773 2.54639 0.308657
8.29374 2.57186 0.310194
8.28609 2.57801 0.308679
8.27888 2.58858 0.308844
8.27437 2.61264 0.310583
8.216 2.47851 0.310302
8.27719 2.68551 0.309048
8.20284 2.53636 0.307453
8.30889 2.61084 0.309534
8.30701 2.56049 0.30684
8.28462 2.60802 0.308687
8.20722 2.56316 0.311322
8.25229 2.59068 0.309002
8.29206 2.50074 0.307672
8.39355 2.61219 0.306956
8.33693 2.55928 0.308402
8.22657 2.57076 0.309517
8.22 2.57264 0.309382
8.27085 2.4941 0.309853
8.25847 2.57971 0.307554
8.22164 2.62378 0.310459
8.30233 2.52168 0.309899
8.17185 2.61619 0.309321
8.19594 2.54732 0.311145
8.27165 2.58003 0.307938
8.26854 2.57574 0.307902
8.30686 2.6105 0.310209
8.26572 2.61324 0.307288
8.1796 2.4371 0.311269
8.21157 2.56207 0.310264
8.21713 2.56123 0.310269
8.21364 2.56037 0.310361
8.21941 2.43759 0.309604
8.21452 2.43224 0.309931
8.2113 2.5284 0.308685
8.24095 2.61056 0.310962
8.23843 2.60978 0.310918
8.23897 2.602 0.310846
8.33051 2.59319 0.308314
8.26926 2.57638 0.307807
8.27536 2.53674 0.310996
8.27269 2.54196 0.311004
8.3331 2.64758 0.308183
8.28636 2.54228 0.312108
8.26663 2.6144 0.307167
8.2534 2.63181 0.309041
8.25517 2.62563 0.309282
8.24931 2.52402 0.305339
8.26689 2.50746 0.309012
8.23099 2.53974 0.307419
8.22037 2.61742 0.311018
8.29674 2.64143 0.308923
8.26968 2.63754 0.308815
8.29372 2.47189 0.30915
8.28543 2.46267 0.308529
8.33974 2.49779 0.307828
8.32675 2.58716 0.309807
8.34729 2.51207 0.306002
8.28555 2.57384 0.309064
8.24635 2.58399 0.308844
8.26065 2.59081 0.310611
8.23384 2.49785 0.30898
8.23138 2.49191 0.309134
8.23498 2.49483 0.3091
8.34672 2.60057 0.30846
8.18941 2.61719 0.310911
8.31708 2.57429 0.308623
8.32961 2.55813 0.311141
8.19917 2.47158 0.312486
8.2002 2.53909 0.310057
8.2602 2.57193 0.310237
8.26129 2.5743 0.310281
8.28014 2.5361 0.307858
8.30109 2.54547 0.308035
8.29867 2.54714 0.30796
8.22109 2.57625 0.309293
8.24182 2.62598 0.311669
8.25541 2.56876 0.308374
8.36335 2.46641 0.306568
8.33116 2.57448 0.310272
8.28188 2.66744 0.304938
8.33581 2.52195 0.306523
8.3082 2.53896 0.308466
8.23777 2.57154 0.309398
8.28097 2.58743 0.308141
8.27947 2.53777 0.311231
8.19054 2.62835 0.312299
8.28176 2.69344 0.309286
8.28748 2.69493 0.309255
8.31076 2.60498 0.309485
8.23444 2.51407 0.312714
8.29006 2.56611 0.310191
8.20316 2.5644 0.310949
8.34116 2.43608 0.309879
8.24516 2.48388 0.308186
8.33391 2.58956 0.308667
8.23542 2.61361 0.308365
8.25391 2.62333 0.308156
8.31541 2.46418 0.309319
8.34135 2.57428 0.308026
8.24734 2.53652 0.306699
8.24837 2.53458 0.306427
8.26869 2.58749 0.308235
8.30701 2.53397 0.307823
8.31193 2.53473 0.307828
8.20257 2.58657 0.30849
8.21101 2.58944 0.308845
8.2325 2.59052 0.308246
8.23944 2.58851 0.308333
8.23599 2.58712 0.308295
8.16914 2.5241 0.311913
8.23014 2.52194 0.310406
8.30256 2.64228 0.306698
8.22326 2.58558 0.308613
8.29783 2.48716 0.309754
8.31181 2.65347 0.307666
8.30294 2.57963 0.308552
8.28058 2.60816 0.308873
8.24036 2.6214 0.311047
8.21249 2.72116 0.311071
8.28535 2.57462 0.30829
8.3082 2.64253 0.309306
8.30694 2.64113 0.309171
8.236 2.61491 0.307838
8.17131 2.54914 0.308382
8.18812 2.60129 0.309622
8.22252 2.5821 0.307361
8.22635 2.57923 0.307585
8.20051 2.55201 0.312951
8.32455 2.60434 0.306897
8.24524 2.55459 0.310454
8.29333 2.60708 0.308813
8.29202 2.60953 0.308921
8.18201 2.61363 0.307493
8.28441 2.46018 0.310597
8.27806 2.46319 0.310764
8.24882 2.63136 0.311476
8.29786 2.52793 0.310804
8.28651 2.58904 0.308878
8.32738 2.54763 0.307284
8.33314 2.54115 0.30709
8.27499 2.50041 0.307936
8.29945 2.54701 0.309757
8.31262 2.5277 0.307661
8.26964 2.45856 0.308955
8.28136 2.59869 0.305085
8.28173 2.54085 0.310651
8.27804 2.54686 0.310814
8.22974 2.52449 0.31254
8.23432 2.6156 0.309843
8.23536 2.61161 0.309812
8.29545 2.52305 0.311567
8.23561 2.52101 0.307406
8.23507 2.52338 0.3072
8.25227 2.43959 0.306298
8.24837 2.58697 0.309161
8.21343 2.55502 0.310919
8.18997 2.50348 0.31053
8.26669 2.55215 0.307244
8.26464 2.59313 0.307535
8.2061 2.57734 0.307568
8.26476 2.54453 0.308745
8.28186 2.56455 0.31392
8.23922 2.67499 0.312271
8.27116 2.62177 0.30956
8.25526 2.53177 0.308208
8.2227 2.65209 0.306632
8.33916 2.56356 0.310618
8.25771 2.58177 0.313039
8.24064 2.6315 0.308501
8.2383 2.59014 0.305676
8.32038 2.6239 0.307641
8.27312 2.58181 0.309348
8.29261 2.48173 0.307834
8.29875 2.60799 0.307871
8.29479 2.60961 0.307906
8.28349 2.59245 0.30827
8.24937 2.60711 0.309401
8.28219 2.60673 0.30902
8.19549 2.53553 0.308451
8.19514 2.53532 0.30834
8.25411 2.63486 0.308655
8.24326 2.55051 0.308961
8.20543 2.54258 0.310321
8.26044 2.63886 0.308575
8.25333 2.63899 0.308506
8.22246 2.48348 0.309411
8.244 2.65083 0.311735
8.22404 2.58938 0.309348
8.26333 2.55482 0.311878
8.26056 2.51533 0.309998
8.23582 2.55362 0.310754
8.27761 2.52828 0.308062
8.27417 2.52637 0.308055
8.24692 2.46202 0.305596
8.32877 2.52745 0.307196
8.25612 2.51391 0.310891
8.28529 2.53869 0.3081
8.28585 2.54361 0.308148
8.28833 2.54722 0.308205
8.2285 2.53674 0.310271
8.35294 2.49548 0.310266
8.28754 2.57273 0.310139
8.28402 2.52364 0.310987
8.2859 2.61137 0.310608
8.28067 2.59049 0.308836
8.27714 2.59006 0.308733
8.25558 2.60384 0.309918
8.26001 2.60124 0.310049
8.27408 2.61532 0.310637
8.29459 2.58949 0.310927
8.28372 2.68676 0.309193
8.30652 2.61022 0.309566
8.3423 2.56302 0.308163
8.31447 2.55375 0.307088
8.21624 2.56828 0.31133
8.31509 2.64004 0.308574
8.25285 2.59438 0.308762
8.34352 2.48681 0.307913
8.25087 2.50189 0.312888
8.24767 2.50079 0.312796
8.22815 2.57125 0.309512
8.21365 2.65213 0.307715
8.36891 2.79392 0.318958
