273.606 -7.83869 4.11987
273.602 -7.84279 4.11843
273.624 -7.75257 4.12266
273.575 -7.64452 4.11694
273.624 -7.65088 4.11644
273.561 -7.77833 4.12187
273.557 -7.84131 4.11968
273.517 -7.77296 4.1196
273.658 -7.87579 4.12007
273.67 -7.76992 4.11795
273.585 -7.79651 4.11841
273.614 -7.74709 4.11745
273.519 -7.86357 4.11278
273.425 -7.73382 4.11399
273.508 -7.77799 4.11928
273.513 -7.91432 4.11767
273.557 -7.73366 4.11889
273.605 -7.78887 4.1168
273.615 -7.82487 4.11703
273.581 -7.82534 4.11802
273.562 -7.86614 4.11767
273.634 -7.81907 4.12104
273.485 -7.91043 4.11445
273.77 -7.80274 4.12548
273.548 -7.78417 4.11607
273.547 -7.8748 4.11717
273.585 -7.93369 4.11921
273.497 -7.80212 4.11348
273.499 -7.85976 4.11623
273.608 -7.82062 4.11522
273.588 -7.82794 4.11669
273.627 -7.7823 4.1166
273.6 -7.79338 4.11742
273.645 -7.78721 4.11741
273.621 -7.8102 4.11598
273.558 -7.85839 4.11977
273.553 -7.88754 4.11433
273.514 -7.80245 4.11857
273.56 -7.80226 4.11717
273.494 -7.72276 4.11729
273.545 -7.75845 4.1162
273.56 -7.78132 4.12237
273.528 -7.81092 4.11937
273.588 -7.86029 4.1146
273.607 -7.79177 4.12092
273.567 -7.73846 4.11655
273.652 -7.72861 4.11694
273.736 -7.72467 4.12088
273.659 -7.87076 4.12249
273.595 -7.83563 4.11646
273.73 -7.71142 4.12371
273.554 -7.94891 4.11576
273.573 -7.78114 4.1159
273.525 -7.72031 4.11613
273.784 -7.89112 4.11985
273.673 -7.72264 4.11844
273.679 -7.82376 4.119
273.719 -7.74059 4.11872
273.491 -7.78853 4.1149
273.536 -7.81015 4.11519
273.535 -7.84783 4.11737
273.569 -7.88568 4.11829
273.628 -7.79604 4.11936
273.545 -7.85271 4.11761
273.64 -7.86906 4.11354
273.527 -7.85158 4.11685
273.609 -7.89393 4.11944
273.632 -7.78699 4.11667
273.682 -7.85776 4.12127
273.495 -7.80524 4.11865
273.752 -7.86706 4.11924
273.609 -7.82751 4.11899
273.594 -7.77746 4.11856
273.556 -7.98014 4.11627
273.564 -7.81494 4.11866
273.699 -7.80688 4.11577
273.604 -7.83504 4.11674
273.549 -7.78915 4.11852
273.543 -7.83134 4.115
273.561 -7.74263 4.1214
273.702 -7.78844 4.12136
273.747 -7.79782 4.12294
273.724 -7.76683 4.12043
273.49 -7.82163 4.11466
273.54 -7.75707 4.11964
273.526 -7.87236 4.1169
273.574 -7.82041 4.11593
273.586 -7.78534 4.11809
273.713 -7.73668 4.12257
273.623 -7.82687 4.12242
273.623 -7.86216 4.12137
273.625 -7.72267 4.12152
273.55 -7.82021 4.11653
273.73 -7.7854 4.12582
273.567 -7.85451 4.11757
273.572 -7.75016 4.11644
273.562 -7.88022 4.11789
273.565 -7.83945 4.11702
273.679 -7.80797 4.1198
273.727 -7.75451 4.12131
273.59 -7.8692 4.1183
273.616 -7.89079 4.11956
273.702 -7.85095 4.11907
273.558 -7.88736 4.11992
273.675 -7.86735 4.11907
273.671 -7.8199 4.1157
273.674 -7.8319 4.11938
273.576 -7.91585 4.11881
273.651 -7.90844 4.11808
273.626 -7.87937 4.11756
273.644 -7.80746 4.12266
273.509 -7.80582 4.12012
273.504 -7.80931 4.1161
273.598 -7.86367 4.11511
273.434 -7.79756 4.11607
273.529 -7.74647 4.12195
273.564 -7.86491 4.11464
273.575 -7.78692 4.1175
273.651 -7.79434 4.12076
273.696 -7.77181 4.11782
273.635 -7.84183 4.11882
273.481 -7.75703 4.11622
273.702 -7.85437 4.12164
273.642 -7.78877 4.12362
273.659 -7.83387 4.11563
273.568 -7.79529 4.11913
273.548 -7.83541 4.11688
273.532 -7.85486 4.11643
273.51 -7.75102 4.11459
273.548 -7.75052 4.11797
273.578 -7.83402 4.11584
273.565 -7.88531 4.11316
273.638 -7.69277 4.12015
273.606 -7.73899 4.11941
273.585 -7.85371 4.11635
273.612 -7.88462 4.11972
273.655 -7.82526 4.11906
273.559 -7.7435 4.11493
273.584 -7.83581 4.11658
273.718 -7.8242 4.11798
273.578 -7.79896 4.11968
273.6 -7.8941 4.12057
273.687 -7.90891 4.11948
273.669 -7.73749 4.11804
273.698 -7.87757 4.12034
273.614 -7.88056 4.11912
273.563 -7.73418 4.1151
273.557 -7.73918 4.11741
273.688 -7.83264 4.11969
273.544 -7.86227 4.12006
273.702 -7.76878 4.12623
273.722 -7.81419 4.12654
273.63 -7.75603 4.12059
273.526 -7.79491 4.11879
273.603 -7.84843 4.11524
273.746 -7.76143 4.11919
273.601 -7.76992 4.11955
273.627 -7.7993 4.11604
273.47 -7.81894 4.11839
273.676 -7.78337 4.12234
273.628 -7.81234 4.11557
273.564 -7.77669 4.11611
273.523 -7.86623 4.11771
273.516 -7.89276 4.11612
273.584 -7.79115 4.1182
273.548 -7.85431 4.1169
273.558 -7.9119 4.11632
273.542 -7.79112 4.1165
273.617 -7.79099 4.11421
273.535 -7.7048 4.12046
273.535 -7.85266 4.11624
273.56 -7.84103 4.11645
273.607 -7.79849 4.11606
273.642 -7.73855 4.12116
273.593 -7.8341 4.11388
273.61 -7.76023 4.12022
273.535 -7.8641 4.11954
273.619 -7.82647 4.119
273.475 -7.79968 4.11462
273.637 -7.81196 4.11872
273.661 -7.8406 4.11876
273.634 -7.90489 4.11769
273.514 -7.78782 4.11339
273.742 -7.83095 4.12011
273.488 -7.80936 4.11885
273.529 -7.74526 4.1156
273.56 -7.81047 4.11882
273.629 -7.90474 4.11994
273.554 -7.85952 4.11433
273.664 -7.80866 4.12001
273.687 -7.82564 4.11944
273.564 -7.79053 4.11473
273.651 -7.75749 4.11915
273.658 -7.81326 4.11922
273.614 -7.84624 4.11292
273.543 -7.88467 4.11287
273.519 -7.78807 4.11672
273.478 -7.81281 4.11537
273.597 -7.8402 4.11485
273.549 -7.91819 4.11641
273.674 -7.82175 4.1248
273.533 -7.85475 4.11702
273.567 -7.88092 4.11436
273.767 -7.73387 4.12337
273.696 -7.728 4.12059
273.674 -7.69118 4.11865
273.621 -7.82857 4.11934
273.6 -7.81796 4.11769
273.574 -7.81172 4.11758
273.681 -7.76477 4.11781
273.586 -7.90521 4.11989
273.76 -7.8392 4.1178
273.51 -7.88334 4.12207
273.506 -7.86331 4.11776
273.598 -7.83855 4.11921
273.574 -7.94852 4.11799
273.652 -7.71742 4.11886
273.557 -7.83303 4.11965
273.558 -7.7904 4.12297
273.666 -7.77024 4.11919
273.662 -7.67915 4.12043
273.662 -7.75276 4.11691
273.467 -7.7435 4.11743
273.656 -7.80417 4.11851
273.627 -7.85518 4.11831
273.597 -7.81999 4.11692
273.608 -7.82781 4.11163
273.566 -7.78579 4.11466
273.56 -7.90652 4.11468
273.482 -7.78981 4.11268
273.553 -7.8715 4.11643
273.542 -7.7758 4.11785
273.555 -7.72523 4.11675
273.515 -7.83634 4.11782
273.615 -7.81352 4.11914
273.632 -7.79349 4.11709
273.625 -7.6997 4.12044
273.562 -7.89182 4.11674
273.523 -7.81803 4.11818
273.576 -7.78365 4.11769
273.568 -7.84062 4.11705
273.499 -7.86868 4.11492
273.625 -7.85801 4.12113
273.596 -7.83505 4.11655
273.499 -7.85019 4.12019
273.611 -7.80791 4.11564
273.649 -7.87259 4.11945
273.547 -7.80385 4.12037
273.588 -7.8915 4.11682
273.54 -7.81364 4.11881
273.616 -7.80767 4.11511
273.706 -7.84778 4.1217
273.656 -7.81145 4.1248
273.688 -7.80126 4.12404
273.592 -7.79432 4.11845
273.618 -7.89687 4.11854
273.693 -7.76211 4.1165
273.669 -7.80346 4.11867
273.868 -7.86217 4.12343
273.626 -7.83217 4.11784
273.527 -7.93748 4.11652
273.669 -7.80836 4.12455
273.636 -7.75622 4.11915
273.758 -7.75558 4.12286
273.569 -7.9136 4.11392
273.534 -7.75932 4.11549
273.6 -7.7847 4.11465
273.652 -7.74598 4.11712
273.538 -7.82978 4.11926
273.681 -7.73825 4.11903
273.669 -7.78473 4.11763
273.612 -7.84917 4.11624
273.634 -7.86541 4.12047
273.548 -7.87325 4.11771
273.75 -7.793 4.11842
273.683 -7.77827 4.11923
273.591 -7.82591 4.1191
273.646 -7.81218 4.12184
273.507 -7.77255 4.11315
273.634 -7.77871 4.1151
273.59 -7.84731 4.12011
273.729 -7.79709 4.11936
273.531 -7.77664 4.11294
273.568 -7.783 4.12006
273.536 -7.76388 4.12382
273.631 -7.81898 4.11885
273.569 -7.76271 4.11677
273.678 -7.87291 4.11786
273.642 -7.74692 4.1185
273.588 -7.74971 4.11902
273.743 -7.85648 4.11687
273.591 -7.86527 4.1147
273.65 -7.72996 4.11869
273.67 -7.74884 4.11954
273.558 -7.8541 4.11535
273.601 -7.77998 4.11871
273.7 -7.72451 4.11918
273.614 -7.78164 4.11548
273.601 -7.71623 4.11648
273.452 -7.78117 4.11503
273.791 -7.86026 4.12688
273.714 -7.79839 4.12637
273.516 -7.79668 4.11535
273.573 -7.89615 4.11474
273.569 -7.83461 4.11859
273.536 -7.85753 4.11502
273.604 -7.88097 4.1178
273.645 -7.92549 4.11639
273.642 -7.75951 4.11871
273.621 -7.83922 4.11993
273.512 -7.7871 4.11938
273.638 -7.77009 4.12191
273.523 -7.85781 4.11889
273.521 -7.86912 4.11991
273.507 -7.85641 4.12075
273.51 -7.87908 4.1193
273.662 -7.80857 4.11635
273.689 -7.85845 4.11718
273.617 -7.87447 4.11969
273.659 -7.80446 4.11912
273.612 -7.84167 4.11866
273.665 -7.80174 4.12151
273.595 -7.80787 4.11904
273.589 -7.76397 4.12033
273.448 -7.77497 4.11663
273.61 -7.85827 4.11743
273.59 -7.80421 4.11595
273.644 -7.76401 4.11678
273.552 -7.77582 4.1186
273.799 -7.81737 4.12342
273.457 -7.74404 4.11475
273.45 -7.80423 4.11263
273.671 -7.84622 4.12359
273.657 -7.79802 4.12473
273.719 -7.84469 4.12098
273.639 -7.80679 4.11791
273.578 -7.77069 4.11751
273.67 -7.8553 4.12155
273.66 -7.80883 4.12175
273.653 -7.75507 4.12021
273.551 -7.82919 4.11695
273.727 -7.86636 4.12597
273.551 -7.84674 4.11704
273.562 -7.76672 4.11652
273.694 -7.85529 4.11982
273.613 -7.88574 4.11892
273.603 -7.88342 4.118
273.571 -7.76534 4.11982
273.61 -7.85617 4.11831
273.498 -7.77093 4.11483
273.585 -7.85634 4.12036
273.642 -7.81057 4.12383
273.509 -7.79342 4.1189
273.482 -7.90878 4.1192
273.624 -7.75449 4.12029
273.582 -7.72764 4.12034
273.593 -7.86758 4.12017
273.59 -7.87551 4.11741
273.559 -7.90507 4.11892
273.613 -7.79752 4.11534
273.661 -7.85884 4.1197
273.593 -7.76897 4.11684
273.545 -7.80409 4.11894
273.582 -7.80886 4.11465
273.571 -7.75192 4.11702
273.567 -7.88585 4.11358
273.534 -7.81925 4.11731
273.507 -7.79305 4.11523
273.729 -7.90432 4.11782
273.693 -7.85916 4.11641
273.572 -7.78739 4.12076
273.736 -7.69955 4.1207
273.531 -7.76116 4.11601
273.597 -7.75872 4.11759
273.563 -7.80032 4.1182
273.708 -7.87876 4.11948
273.544 -7.86087 4.11766
273.601 -7.72331 4.11736
273.553 -7.81126 4.11728
273.591 -7.84953 4.1153
273.574 -7.83595 4.1165
273.579 -7.85979 4.1187
273.592 -7.8013 4.11778
273.642 -7.77966 4.12037
273.536 -7.76949 4.11543
273.553 -7.79315 4.11475
273.546 -7.88387 4.11599
273.675 -7.80071 4.12019
273.691 -7.7981 4.12289
273.688 -7.80231 4.1202
273.657 -7.88378 4.11504
273.601 -7.86761 4.11383
273.62 -7.78911 4.11629
273.611 -7.88896 4.11784
273.672 -7.85688 4.11879
273.505 -7.83696 4.11871
273.636 -7.85014 4.11534
273.477 -7.64169 4.11678
273.704 -7.81241 4.12402
273.613 -7.87363 4.11873
273.508 -7.81106 4.12024
273.666 -7.82978 4.1154
273.562 -7.75826 4.11607
273.556 -7.69946 4.11984
273.594 -7.8392 4.11426
273.445 -7.80632 4.11691
273.503 -7.82731 4.11577
273.554 -7.89252 4.11486
273.564 -7.77921 4.11824
273.555 -7.83034 4.11545
273.535 -7.86649 4.11608
273.515 -7.96398 4.11705
273.561 -7.70335 4.11898
273.561 -7.80421 4.11202
273.551 -7.86562 4.11803
273.557 -7.83541 4.11775
273.485 -7.90386 4.11668
273.549 -7.837 4.11633
273.616 -7.73689 4.11795
273.675 -7.77008 4.12049
273.521 -7.74552 4.11255
273.576 -7.86878 4.11762
273.68 -7.85556 4.11941
273.572 -7.85341 4.11838
273.59 -7.87636 4.11762
273.623 -7.94169 4.11863
273.63 -7.87443 4.12016
273.607 -7.91399 4.11941
273.665 -7.85145 4.12021
273.504 -7.89041 4.12034
273.56 -7.83191 4.12186
273.689 -7.82594 4.12076
273.601 -7.83514 4.12025
273.667 -7.75835 4.11951
273.688 -7.80121 4.11885
273.635 -7.75041 4.12016
273.571 -7.76662 4.1212
273.533 -7.79438 4.12179
273.658 -7.90401 4.12079
273.642 -7.82328 4.11857
273.575 -7.77083 4.11617
273.668 -7.82599 4.11658
273.653 -7.83949 4.11746
273.635 -7.80112 4.12253
273.623 -7.74938 4.11944
273.501 -7.79017 4.11424
273.633 -7.84518 4.11895
273.621 -7.8696 4.1176
273.527 -7.84742 4.11521
273.553 -7.93073 4.11634
273.691 -7.70064 4.11683
273.522 -7.89041 4.1181
273.529 -7.8881 4.11802
273.549 -7.91398 4.11764
273.599 -7.81963 4.11986
273.705 -7.77926 4.12295
273.632 -7.76592 4.11576
273.669 -7.765 4.11913
273.54 -7.83645 4.11682
273.592 -7.83574 4.11716
273.742 -7.76879 4.11638
273.541 -7.75793 4.11761
273.647 -7.83795 4.11759
273.616 -7.90513 4.12018
273.563 -7.86584 4.11943
273.696 -7.78957 4.11914
273.635 -7.88317 4.11927
273.583 -7.91026 4.11559
273.538 -7.8565 4.12001
273.572 -7.86602 4.11719
273.612 -7.82249 4.1182
273.488 -7.75183 4.11724
273.647 -7.87616 4.11958
273.623 -7.84984 4.11578
273.66 -7.82925 4.11975
273.557 -7.77181 4.1148
273.614 -7.77981 4.11675
273.663 -7.8281 4.12214
273.539 -7.9035 4.11251
273.64 -7.85312 4.12065
273.57 -7.69305 4.11922
273.655 -7.81262 4.11747
273.552 -7.84402 4.11727
273.575 -7.76623 4.11727
273.552 -7.76021 4.11653
273.626 -7.83111 4.11954
273.616 -7.81958 4.11756
273.601 -7.67913 4.1169
273.583 -7.76728 4.11974
273.583 -7.82589 4.1187
273.659 -7.79349 4.11985
273.669 -7.82032 4.11767
273.737 -7.83171 4.12464
273.672 -7.7847 4.12365
273.576 -7.75204 4.11795
273.61 -7.76671 4.11674
273.624 -7.8861 4.11798
273.563 -7.87067 4.11872
273.595 -7.87971 4.11853
272.897 -9.96825 4.10628
