249.357 28.8047 0.074253
249.383 28.7605 0.0722566
249.378 28.7547 0.0691541
249.325 28.7508 0.0737776
249.316 28.7329 0.0757137
249.368 28.7436 0.0712568
249.32 28.7802 0.0726891
249.434 28.6881 0.0722287
249.328 28.7773 0.0726526
249.444 28.8066 0.0737702
249.293 28.6792 0.0741413
249.307 28.693 0.0723472
249.28 28.8009 0.0711098
249.386 28.7463 0.0706193
249.379 28.692 0.0716613
249.389 28.723 0.0718258
249.399 28.8277 0.070043
249.39 28.7318 0.0723658
249.4 28.765 0.0736903
249.341 28.6274 0.0750822
249.234 28.7233 0.0750864
249.366 28.7062 0.0755172
249.276 28.6875 0.0724986
249.318 28.7115 0.0719232
249.351 28.7262 0.0712597
249.334 28.6421 0.075896
249.272 28.7486 0.0748666
249.352 28.755 0.0728549
249.35 28.7608 0.0727454
249.318 28.7511 0.0712007
249.338 28.7338 0.0726126
249.334 28.7261 0.0722546
249.324 28.7474 0.0696908
249.325 28.7423 0.0696368
249.42 28.744 0.0716159
249.355 28.6838 0.0737
249.266 28.7771 0.0744069
249.36 28.6955 0.0689482
249.325 28.8309 0.0744502
249.356 28.6752 0.0713759
249.38 28.7474 0.0737564
249.317 28.6934 0.0718803
249.318 28.7031 0.0718824
249.363 28.783 0.0746467
249.364 28.791 0.074613
249.406 28.7497 0.0722259
249.406 28.7511 0.0723088
249.349 28.8167 0.0701999
249.349 28.8112 0.0701879
249.302 28.7027 0.0725625
249.372 28.732 0.0724613
249.361 28.7396 0.0757446
249.351 28.7321 0.0709792
249.342 28.7364 0.0723687
249.344 28.6642 0.0728348
249.347 28.7709 0.0725559
249.288 28.7568 0.0717027
249.328 28.743 0.0714314
249.283 28.8386 0.0740767
249.361 28.6776 0.0727553
249.241 28.7068 0.0759725
249.327 28.8171 0.0725158
249.31 28.7675 0.0736626
249.313 28.7707 0.073492
249.323 28.73 0.0745723
249.282 28.7536 0.0716491
249.288 28.6931 0.0731191
249.34 28.6804 0.0748173
249.319 28.668 0.07455
249.333 28.7738 0.0730183
249.319 28.7061 0.0713252
249.316 28.7064 0.0716783
249.358 28.7664 0.0745369
249.382 28.7346 0.0731637
249.254 28.7581 0.0734402
249.247 28.759 0.0733638
249.336 28.7138 0.0720688
249.364 28.7419 0.0708192
249.362 28.7417 0.0709901
249.411 28.7028 0.07223
249.28 28.6954 0.0733585
249.275 28.696 0.0735981
249.369 28.7751 0.0734089
249.277 28.7414 0.0739887
249.322 28.7942 0.0722813
249.353 28.7429 0.0722483
249.327 28.7878 0.0753377
249.333 28.7109 0.0735175
249.388 28.7193 0.0734848
249.357 28.7191 0.0726325
249.369 28.7986 0.0725833
249.282 28.7128 0.0731121
249.308 28.7256 0.0725922
249.35 28.7826 0.07282
249.307 28.816 0.0730466
249.335 28.7432 0.0740181
249.333 28.744 0.073879
249.491 28.759 0.0728944
249.328 28.6685 0.072075
249.33 28.6691 0.0721001
249.374 28.7521 0.0748065
249.285 28.7937 0.0735679
249.414 28.8279 0.0661728
249.253 28.6172 0.073246
249.398 28.7524 0.0708839
249.404 28.7223 0.0725525
249.329 28.7547 0.0729447
249.33 28.748 0.0729185
249.307 28.7437 0.0740442
249.286 28.6861 0.0748998
249.322 28.7899 0.0721731
249.465 28.7342 0.0728154
249.373 28.7986 0.0722515
249.332 28.8095 0.0711548
249.329 28.8044 0.0711348
249.321 28.7272 0.0757425
249.364 28.7426 0.0711901
249.387 28.7403 0.0712445
249.326 28.783 0.0725251
249.452 28.7221 0.0732163
249.264 28.7197 0.075285
249.307 28.6955 0.0723173
249.415 28.7571 0.0700085
249.442 28.7159 0.0727195
249.317 28.7974 0.0747265
249.379 28.6886 0.0715917
249.408 28.8065 0.0722611
249.374 28.7069 0.0722064
249.364 28.7685 0.0736146
249.379 28.7679 0.072203
249.29 28.8124 0.0740579
249.238 28.7236 0.0751559
249.264 28.6866 0.0726186
249.314 28.7563 0.0722409
249.307 28.756 0.0720388
249.314 28.6806 0.0756288
249.324 28.8169 0.0728187
249.33 28.8821 0.0730807
249.333 28.6457 0.0758923
249.271 28.7255 0.0716617
249.314 28.7315 0.0752379
249.315 28.751 0.0713883
249.35 28.7088 0.0730607
249.347 28.7157 0.0729988
249.329 28.7294 0.0721888
249.307 28.7589 0.0746064
249.332 28.7988 0.0746263
249.355 28.7038 0.0691277
249.395 28.8168 0.0711998
249.288 28.7468 0.0755603
249.338 28.7943 0.0745612
249.318 28.8239 0.071637
249.356 28.6704 0.071721
249.316 28.8012 0.0726429
249.342 28.6338 0.0727678
249.359 28.7283 0.0724126
249.362 28.7313 0.0721276
249.394 28.8052 0.072856
249.377 28.7669 0.073015
249.349 28.6618 0.0727228
249.349 28.7051 0.0705627
249.351 28.8171 0.0701365
249.303 28.7632 0.0730645
249.304 28.6995 0.0726982
249.361 28.8141 0.070646
249.395 28.7677 0.0721065
249.393 28.7623 0.0722215
249.349 28.7341 0.0708666
249.346 28.7533 0.0746846
249.389 28.7341 0.0742964
249.412 28.6742 0.0727408
249.373 28.7587 0.0703796
249.359 28.674 0.072966
249.357 28.811 0.072719
249.389 28.7459 0.0739078
249.377 28.7336 0.0736062
249.274 28.7564 0.0718526
249.334 28.6801 0.0748208
249.274 28.7447 0.0730662
249.311 28.7956 0.0720951
249.319 28.7068 0.0716312
249.317 28.7029 0.0716235
249.282 28.8023 0.0744685
249.378 28.7431 0.0730838
249.353 28.6113 0.0710376
249.253 28.7581 0.0734103
249.25 28.7584 0.0731541
249.363 28.7618 0.0733234
249.363 28.7615 0.0733881
249.409 28.7045 0.0712321
249.336 28.7123 0.0721393
249.314 28.6879 0.0744739
249.351 28.6356 0.0745519
249.276 28.7038 0.0750787
249.329 28.7152 0.0749488
249.281 28.7754 0.0745517
249.274 28.7441 0.0740748
249.256 28.7658 0.0739098
249.323 28.7909 0.0721285
249.317 28.6757 0.0729374
249.306 28.7087 0.072711
249.33 28.7075 0.0730969
249.323 28.6853 0.0744512
249.314 28.782 0.0733415
249.316 28.7364 0.0726999
249.403 28.7278 0.0725107
249.304 28.7188 0.0726199
249.354 28.7807 0.0725332
249.297 28.7187 0.0729234
249.36 28.7633 0.0738935
249.391 28.7845 0.0711735
249.392 28.7793 0.0711639
249.356 28.7442 0.0740544
249.328 28.671 0.0721367
249.296 28.7817 0.0726077
249.334 28.6364 0.0756809
249.415 28.7763 0.0732236
249.254 28.6096 0.073365
249.321 28.7502 0.0761587
249.208 28.7905 0.0681234
249.416 28.7937 0.0704925
249.291 28.6794 0.0748572
249.31 28.7902 0.0723993
249.315 28.811 0.0733965
249.44 28.7723 0.0750812
249.372 28.8034 0.0721785
249.421 28.7642 0.0697328
249.385 28.7386 0.0731036
249.388 28.6875 0.0759432
249.282 28.5824 0.0755337
249.363 28.7974 0.0733391
249.318 28.7865 0.0728463
249.37 28.8263 0.0727524
249.295 28.6801 0.0741441
249.334 28.7564 0.0724462
249.295 28.6824 0.0717616
249.303 28.6888 0.0715575
249.296 28.6863 0.0716691
249.355 28.7685 0.0735087
249.342 28.7375 0.0739912
249.384 28.6898 0.0716149
249.364 28.7566 0.0709202
249.393 28.7311 0.0722394
249.387 28.7864 0.0768667
249.373 28.7512 0.0714749
249.272 28.6911 0.0726077
249.271 28.6887 0.07254
249.405 28.7952 0.0711572
249.314 28.6851 0.0755836
249.311 28.7143 0.0718306
249.355 28.7243 0.0712732
249.334 28.6451 0.0758398
249.27 28.7235 0.0715889
249.32 28.7455 0.0749726
249.289 28.7174 0.0744573
249.3 28.7326 0.0745463
249.317 28.7556 0.071364
249.324 28.75 0.0740884
249.333 28.7501 0.0695425
249.329 28.7492 0.0695853
249.356 28.6977 0.0743272
249.35 28.8073 0.0737618
249.362 28.7269 0.0731141
249.318 28.8326 0.074162
249.355 28.6746 0.0717793
249.337 28.8224 0.0726657
249.362 28.7269 0.0723312
249.316 28.6991 0.0719068
249.392 28.7999 0.0727234
249.392 28.7566 0.0736786
249.342 28.7054 0.0704152
249.383 28.7158 0.0744654
249.396 28.7092 0.0713682
249.434 28.6794 0.0725223
249.358 28.7355 0.0757317
249.369 28.7572 0.0731197
249.339 28.7173 0.0731065
249.338 28.7481 0.071492
249.363 28.6747 0.0729877
249.239 28.7027 0.0759916
249.378 28.7906 0.0708116
249.38 28.775 0.0726923
249.375 28.7315 0.0734872
249.403 28.6422 0.0737583
249.283 28.7546 0.0715762
249.273 28.7555 0.0719168
249.272 28.7589 0.0719216
249.274 28.7595 0.0717559
249.397 28.8274 0.0707368
249.272 28.7494 0.0729729
249.31 28.7069 0.0716422
249.322 28.7078 0.0715249
249.375 28.706 0.0732646
249.418 28.6947 0.0711395
249.254 28.7522 0.0731942
249.252 28.7533 0.073124
249.376 28.7464 0.0699458
249.308 28.772 0.0701331
249.359 28.7396 0.0708641
249.36 28.7629 0.0720377
249.406 28.7079 0.0720975
249.253 28.839 0.0748189
249.364 28.7786 0.073496
249.258 28.772 0.0738457
249.393 28.701 0.0716887
249.319 28.7477 0.0733006
249.305 28.7027 0.0727279
249.349 28.8653 0.071178
249.316 28.746 0.0725881
249.366 28.8065 0.072666
249.282 28.7116 0.0729047
249.283 28.7072 0.0730477
249.404 28.7242 0.072689
249.299 28.7205 0.0727287
249.294 28.7175 0.0729877
249.389 28.7821 0.0711079
249.41 28.6789 0.0735355
249.395 28.8042 0.0731296
249.424 28.745 0.0730504
249.253 28.6146 0.073447
249.251 28.6079 0.0734102
249.404 28.7549 0.0708553
249.402 28.7276 0.0726912
249.303 28.7239 0.0707213
249.325 28.7486 0.0729939
249.392 28.8172 0.0710597
249.286 28.6774 0.0749924
249.319 28.7908 0.0723915
249.361 28.7707 0.0723967
249.263 28.7285 0.0733571
249.266 28.7261 0.0732868
249.27 28.7322 0.073043
249.372 28.8017 0.0721733
249.328 28.8073 0.0709434
249.385 28.7397 0.0730831
249.285 28.5801 0.0755194
249.331 28.7134 0.0761399
249.34 28.7443 0.0716038
249.405 28.8442 0.0737383
249.386 28.7275 0.0726914
249.338 28.7564 0.0724752
249.417 28.7569 0.0699334
249.294 28.6831 0.0717168
249.294 28.6825 0.0716187
249.272 28.8021 0.0712877
249.277 28.8033 0.0713856
249.383 28.7435 0.070879
249.382 28.6929 0.0715057
249.383 28.6938 0.0715589
249.379 28.7076 0.0723598
249.374 28.7007 0.0723339
249.385 28.7064 0.0726748
249.296 28.6821 0.0724362
249.287 28.7431 0.0737022
249.279 28.6925 0.0723004
249.31 28.7536 0.0720989
249.322 28.7115 0.0718431
249.363 28.7638 0.0743125
249.327 28.7616 0.0719212
249.321 28.7611 0.0718878
249.437 28.6761 0.0751942
249.275 28.7187 0.0715225
249.268 28.7235 0.0715963
249.285 28.7217 0.0746509
249.317 28.7456 0.0711829
249.325 28.7522 0.0742615
249.325 28.7497 0.0740987
249.441 28.6554 0.0729747
249.355 28.679 0.0736582
249.354 28.7563 0.0718502
249.363 28.7198 0.0732366
249.364 28.711 0.0741384
249.302 28.7994 0.0739197
249.298 28.7982 0.0735673
249.372 28.8012 0.0708597
249.354 28.6706 0.0715827
249.321 28.7991 0.0727574
249.341 28.6316 0.0726773
249.37 28.8499 0.0700178
249.43 28.691 0.0725077
249.353 28.6627 0.0725602
249.34 28.703 0.070434
249.344 28.8096 0.0701981
249.342 28.7296 0.0731781
249.304 28.7006 0.0726228
249.399 28.7067 0.0715605
249.346 28.7297 0.0710228
249.346 28.7356 0.0724313
249.346 28.6648 0.0727482
249.348 28.7759 0.0727838
249.387 28.7537 0.0735044
249.285 28.7578 0.0718405
249.374 28.7616 0.0702958
249.263 28.7666 0.0721916
249.403 28.7541 0.0728665
249.352 28.7741 0.0751126
249.419 28.7733 0.0725339
249.422 28.6751 0.0726024
249.307 28.7514 0.0721557
249.311 28.762 0.0734903
249.282 28.7537 0.071939
249.279 28.7474 0.071701
249.268 28.7564 0.0719017
249.284 28.6921 0.073125
249.347 28.6617 0.0748521
249.394 28.7014 0.0722809
249.313 28.7023 0.0715153
249.38 28.7104 0.0732998
249.302 28.6926 0.0751118
249.251 28.7573 0.0731749
249.249 28.853 0.07175
249.311 28.7745 0.0700674
249.376 28.7846 0.074959
249.282 28.7054 0.074828
249.329 28.7623 0.074571
249.28 28.7776 0.0742818
249.322 28.785 0.0721592
249.388 28.803 0.0719953
249.358 28.7801 0.0762749
249.316 28.6815 0.0728759
249.304 28.7099 0.0727372
249.321 28.6761 0.074645
249.314 28.7766 0.0731323
249.31 28.7335 0.0725286
249.401 28.7254 0.0726607
249.355 28.7854 0.0727188
249.305 28.8211 0.0729603
249.307 28.8251 0.072803
249.335 28.6717 0.0721821
249.291 28.7784 0.0725638
249.397 28.8105 0.0731612
249.352 28.7692 0.0727015
249.347 28.7692 0.072632
249.253 28.6113 0.0733911
249.252 28.6114 0.0732992
249.256 28.6072 0.07335
249.246 28.6133 0.0732448
249.211 28.7956 0.0679693
249.306 28.7243 0.0709308
249.311 28.7414 0.0739963
249.312 28.8128 0.0733365
249.369 28.7919 0.0754443
249.376 28.799 0.0719941
249.327 28.8045 0.0711958
249.354 28.8116 0.0732617
249.328 28.7453 0.0736497
249.363 28.686 0.0738187
249.365 28.7419 0.0712425
249.321 28.7806 0.0728224
249.318 28.7839 0.0727781
249.454 28.701 0.0730742
249.427 28.7654 0.0705048
249.417 28.7683 0.0706676
249.4 28.7515 0.0727332
249.255 28.7186 0.0754492
249.332 28.7629 0.0726319
249.317 28.6941 0.0723556
249.296 28.6916 0.0717709
249.297 28.687 0.0715924
249.338 28.7374 0.0738766
249.378 28.7052 0.0721882
249.369 28.7025 0.0725293
249.391 28.7093 0.0727858
249.296 28.6764 0.0724969
249.28 28.7421 0.0736026
249.285 28.7447 0.0737807
249.242 28.722 0.0752424
249.272 28.6852 0.0723592
249.312 28.7568 0.0721122
249.321 28.7171 0.0719891
249.35 28.7267 0.0712263
249.269 28.7186 0.0715253
249.289 28.7214 0.0744706
249.313 28.7496 0.0711909
249.316 28.7465 0.0713078
249.35 28.7065 0.0731942
249.326 28.7502 0.0741331
249.33 28.7505 0.0695748
249.329 28.7537 0.0697234
249.297 28.7558 0.0745595
249.306 28.759 0.0747769
249.329 28.8009 0.0748488
249.349 28.8121 0.0736641
249.362 28.7013 0.0689337
249.396 28.8144 0.0712206
249.289 28.749 0.0756523
249.318 28.8269 0.0716934
249.375 28.7168 0.0742936
249.375 28.7417 0.0737745
249.313 28.6972 0.0720395
249.392 28.6693 0.0740112
249.378 28.7349 0.0711267
249.345 28.6617 0.0728903
249.352 28.8146 0.0701992
249.303 28.6987 0.0725823
249.338 28.759 0.0726657
249.429 28.6761 0.0725839
249.341 28.641 0.07292
249.344 28.6416 0.0727623
246.526 33.5292 0.0801546
