101.043 18.8415 0.0651044
101.024 18.7513 0.0658878
101.075 18.8501 0.0669072
100.969 18.7022 0.0655568
100.996 18.7465 0.0644845
101.185 18.8585 0.0676855
101.145 18.8185 0.068093
101.042 18.7879 0.0645057
101.14 18.8278 0.0663212
101.074 18.7032 0.0617221
101.113 18.8277 0.0640506
101.132 18.8401 0.0673198
100.993 18.8495 0.0631398
101.145 18.7771 0.0615798
101.129 18.876 0.0678339
101.128 18.7138 0.0654016
101.057 18.7713 0.0667055
101.075 18.8154 0.0655314
101.12 18.754 0.0702949
100.997 18.8345 0.0653408
101.13 18.6224 0.0641642
101.026 18.8725 0.0615185
101.136 18.7638 0.0637932
101.089 18.7267 0.0648241
101.098 18.7711 0.0641098
101.115 18.7327 0.0629827
101.081 18.7795 0.0657896
101.199 18.8305 0.0635743
100.991 18.8013 0.0663122
101.088 18.8579 0.0663501
101.037 18.7033 0.0686913
101.033 18.806 0.0692753
101.059 18.6969 0.0657135
100.996 18.7893 0.0681636
101.137 18.7983 0.0660994
101.148 18.8318 0.0656748
101.146 18.7679 0.0668187
101.122 18.7969 0.068623
101.032 18.7933 0.0636206
101.087 18.791 0.0631528
101.095 18.7516 0.0639405
101.031 18.7571 0.0665532
101.029 18.8634 0.0662734
101.017 18.72 0.0608333
101.058 18.7834 0.0623107
101.01 18.8206 0.0618841
101.255 18.8318 0.0619509
101.079 18.8477 0.066061
101.076 18.7799 0.0648865
100.985 18.7921 0.0635584
101.083 18.8755 0.0648781
101.094 18.7922 0.0686693
101.129 18.8082 0.0673815
101.049 18.818 0.0662409
101.104 18.8034 0.0667307
100.98 18.7084 0.0668762
101.182 18.8743 0.0636604
101 18.9136 0.0676528
101.088 18.7762 0.0618222
101.104 18.7184 0.0613613
101.113 18.7304 0.0608903
100.951 18.7747 0.0685287
101.08 18.8591 0.0640811
101.135 18.8597 0.0676389
101.084 18.7827 0.0679362
101.051 18.7451 0.0643218
101.08 18.871 0.0673344
101.097 18.8117 0.0660854
101.022 18.8151 0.0638228
101.171 18.7381 0.0605278
101.189 18.7899 0.0632322
101.131 18.7665 0.0683524
101.127 18.7535 0.0648013
101.129 18.8641 0.0651762
101.081 18.8056 0.0636795
101.059 18.7367 0.0650476
101.156 18.7696 0.0655018
101.103 18.877 0.0686236
101.122 18.6931 0.0679554
101.007 18.7845 0.0656282
101.027 18.7468 0.0681761
101.103 18.7655 0.0624588
101.11 18.8575 0.0677435
101.154 18.9115 0.0683006
101.02 18.8438 0.0679057
101.067 18.818 0.0673187
101.071 18.6683 0.0671739
101.099 18.8256 0.0646819
101.092 18.7676 0.0644692
100.995 18.7037 0.0692219
101.124 18.8261 0.0630628
101.14 18.8159 0.0625048
101.146 18.7916 0.0656904
101.169 18.7578 0.0636805
101.071 18.7143 0.0677692
101.132 18.6678 0.067666
101.228 18.9012 0.06334
100.966 18.7495 0.0671638
101.03 18.733 0.0668464
101.004 18.8012 0.0639745
101.098 18.8927 0.063045
101.109 18.9028 0.0662852
101.037 18.8938 0.0671087
101.183 18.8826 0.0632364
101.061 18.8407 0.0587352
101.007 18.749 0.0662413
101.116 18.7685 0.0625065
101.039 18.7424 0.0670614
101.098 18.9566 0.0668244
101.005 18.819 0.0660794
101.012 18.8009 0.0636749
101.072 18.7597 0.0650267
101.038 18.7169 0.0655768
101.072 18.7337 0.0620269
101.042 18.7912 0.063787
101.122 18.8556 0.0672634
101.077 18.8201 0.0669358
101.01 18.8674 0.0657641
101.085 18.8293 0.0666518
101.044 18.816 0.0668225
101.043 18.757 0.0680562
101.088 18.8104 0.0646343
101.185 18.8013 0.064078
101.138 18.7502 0.0632973
101.006 18.74 0.0657189
101.038 18.7457 0.0670866
101.028 18.7588 0.0683198
101.118 18.712 0.0625238
101.021 18.7641 0.0638793
101.307 18.7992 0.0656588
101.167 18.736 0.0641584
101.119 18.8148 0.0641704
101.171 18.7012 0.0651267
101.035 18.8129 0.0634723
101.064 18.8193 0.0664697
101.06 18.7707 0.0711721
101.045 18.8561 0.0640416
101.046 18.8259 0.064457
101.106 18.658 0.0650379
101.145 18.7568 0.0665001
101.126 18.7428 0.0627154
101.138 18.8906 0.0693672
101.099 18.8319 0.0658392
101.07 18.8174 0.0663856
101.117 18.8111 0.065867
101.022 18.849 0.0645121
101.1 18.6635 0.0639206
101.126 18.8144 0.063284
101.023 18.9272 0.0647625
101.06 18.7763 0.0648439
101.066 18.7533 0.0668486
101.08 18.739 0.0672109
101.01 18.7685 0.0642717
101.12 18.9058 0.066603
101.09 18.7763 0.0659047
101.102 18.7782 0.0655809
101.123 18.7929 0.0656407
101.139 18.7652 0.0650961
101.101 18.747 0.0641285
101.098 18.8247 0.0663024
100.954 18.6824 0.0667931
101.125 18.852 0.0649406
101.172 18.9259 0.0687297
101.171 18.7583 0.0618491
100.955 18.8144 0.0634541
101.047 18.8445 0.069147
101.075 18.7261 0.0651833
101.128 18.7292 0.0597176
101.023 18.7219 0.0670092
101.114 18.8234 0.0661306
101.098 18.9163 0.0680075
101.077 18.6687 0.062542
101.101 18.8516 0.0630309
101.118 18.7846 0.0642047
101.13 18.8119 0.066493
101.121 18.8037 0.063204
101.119 18.9211 0.0625329
101.162 18.7939 0.0614712
101.06 18.9667 0.066589
101.137 18.7767 0.0598512
101.063 18.7429 0.0660173
100.993 18.8405 0.0647186
101.116 18.8789 0.0644648
100.956 18.6714 0.0649774
101.165 18.8593 0.0680259
101.11 18.6996 0.067489
101.065 18.7961 0.0681819
101.146 18.8262 0.0661182
101.184 18.7944 0.0670821
101.113 18.6927 0.0626569
101.153 18.839 0.0595922
101.07 18.6319 0.0658923
101.068 18.7304 0.0685426
101.075 18.7838 0.0660211
101.071 18.7496 0.0672979
101.104 18.83 0.0664423
101.095 18.9608 0.0646847
101.105 18.7382 0.0629173
101.069 18.7851 0.065587
101.117 18.7681 0.065028
101.048 18.6294 0.0670689
101.107 18.7686 0.0640429
101.115 18.7969 0.0629179
101.148 18.914 0.062816
101.071 18.8524 0.0665491
101.024 18.8593 0.0670094
101.024 18.8621 0.0672112
101.066 18.7714 0.0626865
101.157 18.8288 0.0682921
101.069 18.7639 0.0651557
101.122 18.7865 0.0639574
101.176 18.8643 0.0605791
101.047 18.7943 0.0619248
101.099 18.7465 0.0679884
101.202 18.8122 0.0598135
101.23 18.8428 0.0629731
101.069 18.7919 0.062988
101.065 18.7574 0.062916
101.074 18.7907 0.063161
100.984 18.7843 0.0649267
101.102 18.7339 0.0614445
101.129 18.748 0.0599315
101.092 18.8549 0.0661375
101.093 18.8062 0.0700289
101.027 18.8047 0.070587
101.034 18.8366 0.0658408
101.021 18.7299 0.0663115
101.093 18.8395 0.069871
101.092 18.7548 0.06358
101.075 18.7408 0.0622781
101.099 18.7772 0.0645487
101.125 18.7694 0.061635
101.068 18.79 0.0671132
101.035 18.7281 0.0674128
101.098 18.7554 0.0677586
101.069 18.8106 0.0670551
101.213 18.8256 0.064494
101.056 18.7404 0.0630054
101.066 18.7716 0.0652677
101.088 18.7954 0.0671042
101.005 18.815 0.0619806
101.016 18.7003 0.066901
101.059 18.8571 0.0665515
101.061 18.8285 0.0632256
101.119 18.8398 0.0644456
101.138 18.8035 0.0662581
101.158 18.7732 0.0653818
101.115 18.7378 0.0706876
100.98 18.804 0.064413
101.055 18.72 0.0646165
101.08 18.7598 0.0639822
101.137 18.8964 0.0668829
101.031 18.8532 0.0667359
101.081 18.8929 0.0652123
101.131 18.8669 0.0677415
101.164 18.8624 0.0697584
101.248 18.8195 0.0614476
101.052 18.5861 0.0630919
100.936 18.7854 0.0615001
101.142 18.7906 0.0632046
101.173 18.8319 0.0659837
101.09 18.809 0.0647437
101.06 18.8179 0.066962
101.191 18.8363 0.0691525
101.19 18.8365 0.0638717
101.063 18.7692 0.0618888
101.035 18.7708 0.0624949
101.128 18.8 0.0610112
101.058 18.8469 0.0660603
101.081 18.8064 0.0676609
101.071 18.8095 0.0680044
100.98 18.815 0.0676928
101.064 18.7857 0.0654115
101.073 18.8486 0.0659876
101.17 18.8213 0.0601541
101.122 18.7593 0.0616254
101.11 18.7556 0.0654321
101.162 18.81 0.0644695
101.08 18.7195 0.0664713
101.117 18.889 0.0657872
101.137 18.6702 0.0636896
101.126 18.8701 0.0688978
101.022 18.8274 0.0696152
101.054 18.7527 0.0657692
101.017 18.6236 0.0607552
101.036 18.7495 0.0651355
101.156 18.8683 0.065859
101.088 18.9063 0.0663693
101.073 18.8103 0.0662622
101.044 18.8247 0.0660259
101.026 18.8912 0.0725285
101.1 18.9043 0.068904
100.975 18.7836 0.0703568
101.157 18.7619 0.0610517
101.145 18.9063 0.064126
101.117 18.6601 0.0634923
101.05 18.868 0.0674212
101.098 18.8409 0.0668255
101.026 18.7568 0.0678352
101.033 18.9147 0.061439
101.091 18.9099 0.0674096
101.116 18.8303 0.0663817
101.072 18.8309 0.0644773
101.077 18.8541 0.0673211
101.116 18.7866 0.0653511
101.094 18.8866 0.0627722
101.061 18.8093 0.0674853
101.045 18.5976 0.0649809
101.072 18.9181 0.0640075
101.024 18.8281 0.070469
101.047 18.8087 0.0638556
101.013 18.8032 0.0670599
101.125 18.8426 0.0677435
101.057 18.7367 0.0660239
101.082 18.8476 0.0657927
101.114 18.9012 0.064215
101.101 18.7956 0.0659515
101.017 18.7568 0.0654622
101.081 18.8672 0.0639682
101.089 18.8299 0.0665028
101.035 18.8719 0.0643213
101.121 18.7552 0.0646001
101.068 18.8525 0.0658879
101.06 18.7229 0.0676536
101.12 18.7694 0.0626764
100.988 18.8062 0.0644337
100.993 18.7701 0.0681098
101.041 18.714 0.0637835
101.24 18.8033 0.0680536
101.185 18.7425 0.064152
101.193 18.7676 0.0672369
101.034 18.858 0.0701481
101.111 18.8171 0.06283
101.06 18.772 0.066551
101.041 18.7536 0.0652603
101.183 18.8616 0.0670962
101.007 18.8696 0.0678828
101.107 18.7514 0.0654718
101.201 18.8184 0.0669646
101.137 18.8378 0.0679908
100.986 18.8298 0.0624217
100.982 18.7888 0.0677334
101.034 18.7135 0.0638005
101.05 18.6346 0.0630632
101.063 18.8104 0.0628562
101.122 18.7755 0.0629035
100.986 18.7408 0.0695676
101.102 18.7243 0.0638252
101.122 18.8161 0.0671634
101.051 18.7698 0.0672509
101.02 18.8565 0.0677118
101.078 18.7557 0.062241
101.032 18.7476 0.0658099
101.11 18.698 0.065687
101.184 18.8494 0.064856
101.146 18.8735 0.064447
101.11 18.7897 0.0672873
101.059 18.832 0.0645967
101.089 18.8592 0.0678767
101.111 18.6633 0.0682941
101.133 18.8965 0.068942
101.087 18.9102 0.0685077
101.257 18.799 0.0626532
101.119 18.8081 0.0708563
101.116 18.749 0.0625216
101.084 18.7532 0.0610587
101.046 18.7098 0.0630296
101.082 18.7212 0.0638085
101.047 18.8246 0.0656299
101.2 18.7893 0.0684588
101.04 18.8406 0.0632915
101.061 18.81 0.0626054
101.017 18.7826 0.0642132
101.016 18.881 0.0714584
101.118 18.8758 0.065569
101.12 18.824 0.0625432
101.104 18.7304 0.0668039
101.199 18.7897 0.0621251
101.162 18.7458 0.0605259
101.076 18.778 0.0679401
101.064 18.8113 0.0658704
101.083 18.7846 0.0656494
101.089 18.6943 0.0644795
101.024 18.8557 0.0694263
100.992 18.895 0.0641267
101.043 18.7444 0.0666062
101.06 18.7132 0.0692201
101.149 18.7651 0.0638459
100.974 18.742 0.0656902
101.066 18.8623 0.067451
101.088 18.7799 0.0635768
101.034 18.7711 0.0612344
101.077 18.8326 0.0654394
101.044 18.8211 0.0634234
101.03 18.7489 0.065872
101.015 18.7887 0.0639369
101.073 18.7454 0.0651795
101.033 18.81 0.0622391
101.061 18.8174 0.0671973
101.073 18.8021 0.0694976
101.064 18.8221 0.0642555
101.122 18.8308 0.0663698
101.019 18.7534 0.0656113
101.155 18.7981 0.0615327
101.17 18.8558 0.0625498
101.091 18.8323 0.0633914
101.197 18.8607 0.0631255
101.069 18.8978 0.0688451
101.005 18.8332 0.0653471
101.013 18.7533 0.0645116
101.165 18.6641 0.0604114
101.16 18.7663 0.0619782
101.08 18.8677 0.0658681
100.967 18.7823 0.0635282
101.102 18.8185 0.0699702
101.047 18.7824 0.0642309
101.106 18.8387 0.0667431
101.11 18.8404 0.0675224
101.215 18.8074 0.063059
101.107 18.7149 0.0652406
100.968 18.785 0.0638935
101.092 18.8153 0.0688763
101.145 18.7723 0.0609253
101.063 18.7111 0.0668205
101.07 18.8406 0.0650389
101.051 18.8167 0.0647176
101.244 18.8154 0.0654318
100.941 18.767 0.0629307
101.112 18.875 0.0654172
101.046 18.8202 0.0647549
100.972 18.7343 0.0702873
101.099 18.8227 0.068859
101.106 18.8108 0.0640721
100.994 18.9011 0.0651815
101.135 18.7764 0.0670019
101.071 18.8426 0.0694021
101.022 18.682 0.0675775
101.071 18.7144 0.0641509
101.152 18.6798 0.0654972
101.09 18.7204 0.0652484
101.15 18.7318 0.0656778
101.167 18.9376 0.0678027
101.182 18.8602 0.0728228
101.193 18.8458 0.061973
101.22 18.8383 0.0634365
101.114 18.8427 0.0666646
101.067 18.8781 0.0648879
101.089 18.7958 0.0658906
101.084 18.7761 0.0659005
101.08 18.8073 0.0627773
101.188 18.8672 0.0639844
101.231 18.8082 0.0607525
101.11 18.7781 0.0685843
101.089 18.7909 0.0673261
101.133 18.8203 0.0644116
101.021 18.8033 0.0675291
101.038 18.7674 0.0663917
101.07 18.7674 0.0664022
101.246 18.8119 0.0643601
101.061 18.8273 0.063895
101.016 18.8188 0.06134
101.162 18.803 0.0675026
100.986 18.9272 0.067983
101.026 18.9521 0.0662411
100.957 18.9916 0.0667292
101.091 18.8865 0.063906
101.082 18.7936 0.0652781
101.071 18.8747 0.0660977
101.124 18.8558 0.0660032
101.049 18.7067 0.0644636
101.052 18.7366 0.0654091
101.133 18.8901 0.0656878
101.089 18.8242 0.0647466
101.051 18.8154 0.064578
101.1 18.7471 0.0633206
101.002 18.7688 0.0604147
101.085 18.7179 0.0668489
101.08 18.8475 0.0696144
101.143 18.8801 0.0659561
101.081 18.9528 0.0659933
101.032 18.7534 0.0636481
100.958 18.7325 0.0642631
101.141 18.8675 0.067441
101.034 18.9191 0.0683504
101.071 18.7895 0.0661387
101.043 18.7994 0.0709873
101.115 18.9089 0.0667375
101.161 18.9357 0.0724172
101.088 18.8476 0.0684542
101.058 18.7947 0.0650397
100.96 18.8419 0.0697651
100.971 18.7005 0.0679051
101.05 18.7746 0.0675499
101.076 18.8332 0.0683384
101.152 18.8619 0.0632172
101.065 18.7692 0.0624944
101.131 18.7048 0.0656274
101.182 18.8252 0.0645623
101.133 18.7577 0.065031
99.7676 20.5268 0.0420983
