17.4254 5.40427 0.28017
17.331 5.4157 0.280036
17.456 5.47184 0.278658
17.4197 5.38476 0.281947
17.3633 5.4134 0.281126
17.549 5.40075 0.280396
17.3907 5.48024 0.281652
17.4161 5.37419 0.280819
17.3289 5.4651 0.279502
17.4712 5.33644 0.280338
17.4349 5.39261 0.281257
17.3879 5.42142 0.279807
17.4473 5.35521 0.279828
17.3494 5.41048 0.2793
17.5075 5.38855 0.278701
17.4008 5.43157 0.284383
17.4029 5.4055 0.279555
17.5566 5.37249 0.276822
17.5566 5.37249 0.276822
17.4016 5.36186 0.282464
17.4552 5.375 0.281153
17.3807 5.43392 0.28101
17.3634 5.47561 0.281873
17.4359 5.44513 0.281528
17.4359 5.44513 0.281528
17.4239 5.36031 0.280971
17.3519 5.32348 0.28245
17.4937 5.34976 0.281037
17.4264 5.28754 0.277775
17.3883 5.46459 0.282086
17.5212 5.38982 0.27756
17.3346 5.45319 0.27937
17.3929 5.45447 0.282974
17.3786 5.35964 0.281534
17.3743 5.34693 0.279607
17.4049 5.23804 0.279693
17.4482 5.32903 0.277994
17.4147 5.44239 0.280504
17.3525 5.37433 0.279802
17.3977 5.41929 0.279414
17.439 5.44036 0.280351
17.439 5.44036 0.280351
17.4887 5.29102 0.279092
17.3414 5.39776 0.277891
17.3858 5.39587 0.281985
17.4273 5.43203 0.279265
17.4273 5.43203 0.279265
17.4097 5.42897 0.278543
17.3413 5.37659 0.280485
17.4284 5.31161 0.27762
17.3866 5.40916 0.282052
17.5588 5.45757 0.27892
17.4091 5.38993 0.281374
17.3824 5.38397 0.281245
17.3554 5.40648 0.278489
17.4807 5.34782 0.281768
17.4807 5.34782 0.281768
17.5665 5.36834 0.277311
17.4964 5.41519 0.27787
17.294 5.39188 0.282149
17.3963 5.43425 0.279368
17.3301 5.41159 0.282589
17.4522 5.28846 0.279336
17.3133 5.49996 0.281364
17.4338 5.33078 0.280752
17.424 5.32373 0.279534
17.421 5.38652 0.276706
17.4834 5.44672 0.278316
17.3509 5.48527 0.281157
17.4135 5.39872 0.280723
17.3809 5.45926 0.28123
17.4254 5.40427 0.28017
17.4476 5.52612 0.278536
17.3732 5.4817 0.281851
17.549 5.40075 0.280396
17.3759 5.43203 0.280772
17.3759 5.43203 0.280772
17.4658 5.39503 0.279509
17.3302 5.39456 0.279941
17.4712 5.33644 0.280338
17.3897 5.40053 0.28114
17.4421 5.42562 0.280188
17.3398 5.44851 0.283325
17.3332 5.37636 0.281458
17.5075 5.38855 0.278701
17.4032 5.37969 0.280339
17.4386 5.48844 0.279638
17.3054 5.35311 0.282471
17.4185 5.47697 0.279069
17.5566 5.37249 0.276822
17.4552 5.375 0.281153
17.4221 5.43306 0.282104
17.4239 5.36031 0.280971
17.4239 5.36031 0.280971
17.4545 5.42026 0.279722
17.4937 5.34976 0.281037
17.3596 5.3948 0.281039
17.382 5.35476 0.280563
17.4275 5.43381 0.279685
17.4054 5.46948 0.282043
17.4534 5.35641 0.281825
17.5212 5.38982 0.27756
17.359 5.41141 0.278437
17.3929 5.45447 0.282974
17.3743 5.34693 0.279607
17.3759 5.32522 0.27962
17.3759 5.32522 0.27962
17.5161 5.40742 0.277968
17.5161 5.40742 0.277968
17.463 5.45265 0.281015
17.4482 5.32903 0.277994
17.4372 5.4322 0.280233
17.3326 5.41521 0.286038
17.4251 5.41626 0.277588
17.439 5.44036 0.280351
17.4887 5.29102 0.279092
17.4084 5.36389 0.280588
17.3781 5.38803 0.27962
17.4097 5.42897 0.278543
17.5131 5.40512 0.278985
17.4596 5.45416 0.277446
17.3824 5.38397 0.281245
17.3826 5.46327 0.281708
17.4807 5.34782 0.281768
17.5665 5.36834 0.277311
17.4964 5.41519 0.27787
17.3185 5.40446 0.28323
17.3567 5.41707 0.278706
17.3907 5.48784 0.2788
17.424 5.32373 0.279534
17.3045 5.30194 0.281846
17.3394 5.4452 0.279371
17.3496 5.41347 0.279945
17.4112 5.44135 0.277949
17.3192 5.42616 0.280163
17.3641 5.46014 0.28026
17.4254 5.40427 0.28017
17.456 5.47184 0.278658
17.4161 5.47646 0.278384
17.3721 5.39359 0.280118
17.549 5.40075 0.280396
17.549 5.40075 0.280396
17.3747 5.52955 0.279162
17.3958 5.39964 0.282144
17.438 5.46918 0.279142
17.3723 5.41917 0.281964
17.4349 5.39261 0.281257
17.3897 5.40053 0.28114
17.2995 5.44825 0.282582
17.3502 5.39097 0.282927
17.4421 5.42562 0.280188
17.4145 5.40486 0.278602
17.5075 5.38855 0.278701
17.4386 5.48844 0.279638
17.4631 5.43913 0.277461
17.4029 5.4055 0.279555
17.5566 5.37249 0.276822
17.4016 5.36186 0.282464
17.2525 5.42253 0.283149
17.3505 5.40009 0.282538
17.4545 5.42026 0.279722
17.4513 5.50651 0.278933
17.4 5.41867 0.281366
17.4275 5.43381 0.279685
17.3494 5.44011 0.280867
17.41 5.28138 0.283607
17.4534 5.35641 0.281825
17.5212 5.38982 0.27756
17.359 5.41141 0.278437
17.4085 5.39461 0.2827
17.3929 5.45447 0.282974
17.3759 5.32522 0.27962
17.5161 5.40742 0.277968
17.3695 5.34349 0.284601
17.4111 5.42826 0.277819
17.4858 5.45314 0.278832
17.3087 5.45483 0.28248
17.3617 5.49836 0.279647
17.4887 5.29102 0.279092
17.4217 5.45707 0.280947
17.5131 5.40512 0.278985
17.5131 5.40512 0.278985
17.5131 5.40512 0.278985
17.3984 5.42668 0.277806
17.3914 5.41586 0.280421
17.3826 5.46327 0.281708
17.3253 5.38926 0.27952
17.4807 5.34782 0.281768
17.5665 5.36834 0.277311
17.4493 5.36028 0.277784
17.3176 5.36819 0.279903
17.3734 5.4027 0.281959
17.4398 5.43317 0.279027
17.386 5.43259 0.28121
17.4027 5.41138 0.279727
17.368 5.33279 0.280617
17.3107 5.37147 0.281696
17.34 5.41438 0.27785
17.4834 5.44672 0.278316
17.3415 5.42545 0.280845
17.3415 5.42545 0.280845
17.3678 5.38924 0.279908
17.4135 5.39872 0.280723
17.3997 5.38613 0.278919
17.3696 5.51361 0.278868
17.4197 5.38476 0.281947
17.4476 5.52612 0.278536
17.549 5.40075 0.280396
17.549 5.40075 0.280396
17.549 5.40075 0.280396
17.3834 5.4236 0.281506
17.4161 5.37419 0.280819
17.3695 5.4541 0.281528
17.4712 5.33644 0.280338
17.4712 5.33644 0.280338
17.4928 5.45513 0.277133
17.3695 5.4645 0.282349
17.382 5.45362 0.279259
17.5075 5.38855 0.278701
17.4032 5.37969 0.280339
17.374 5.41149 0.279813
17.3018 5.38602 0.27925
17.4016 5.36186 0.282464
17.3853 5.53263 0.279625
17.4239 5.36031 0.280971
17.4288 5.42878 0.277865
17.3156 5.35746 0.279948
17.4937 5.34976 0.281037
17.4 5.41867 0.281366
17.4 5.41867 0.281366
17.41 5.28138 0.283607
17.5212 5.38982 0.27756
17.4085 5.39461 0.2827
17.3678 5.42257 0.280032
17.3519 5.50355 0.282782
17.3743 5.34693 0.279607
17.3695 5.34349 0.284601
17.3695 5.34349 0.284601
17.3365 5.36972 0.279861
17.4111 5.42826 0.277819
17.4147 5.44239 0.280504
17.4858 5.45314 0.278832
17.4655 5.44661 0.27937
17.4655 5.44661 0.27937
17.3327 5.40606 0.283585
17.4887 5.29102 0.279092
17.3858 5.39587 0.281985
17.4097 5.42897 0.278543
17.5131 5.40512 0.278985
17.3866 5.40916 0.282052
17.4631 5.43992 0.277799
17.4631 5.43992 0.277799
17.3792 5.33273 0.283227
17.3826 5.46327 0.281708
17.5665 5.36834 0.277311
17.5665 5.36834 0.277311
17.4964 5.41519 0.27787
17.3301 5.41159 0.282589
17.3301 5.41159 0.282589
17.4437 5.43002 0.279071
17.3216 5.3452 0.279966
17.424 5.32373 0.279534
17.4049 5.39952 0.280522
17.3664 5.37808 0.277799
17.3975 5.37763 0.283266
17.3496 5.41347 0.279945
17.3678 5.38924 0.279908
17.3877 5.33442 0.283528
17.3809 5.45926 0.28123
17.4254 5.40427 0.28017
17.4357 5.31918 0.277111
17.4215 5.42809 0.2785
17.3691 5.43708 0.281731
17.549 5.40075 0.280396
17.4732 5.40172 0.275308
17.4658 5.39503 0.279509
17.4161 5.37419 0.280819
17.438 5.46918 0.279142
17.4712 5.33644 0.280338
17.3879 5.42142 0.279807
17.3119 5.41753 0.279545
17.4473 5.35521 0.279828
17.3695 5.4645 0.282349
17.3643 5.38598 0.280847
17.3731 5.4022 0.277884
17.5075 5.38855 0.278701
17.5075 5.38855 0.278701
17.5075 5.38855 0.278701
17.4068 5.42159 0.277573
17.4029 5.4055 0.279555
17.4029 5.4055 0.279555
17.4016 5.36186 0.282464
17.3807 5.43392 0.28101
17.3853 5.53263 0.279625
17.4239 5.36031 0.280971
17.3561 5.378 0.278615
17.3519 5.32348 0.28245
17.4937 5.34976 0.281037
17.382 5.35476 0.280563
17.3883 5.46459 0.282086
17.4534 5.35641 0.281825
17.5212 5.38982 0.27756
17.4418 5.37598 0.280512
17.264 5.4535 0.281859
17.3786 5.35964 0.281534
17.3857 5.47077 0.281117
17.3823 5.37609 0.282114
17.4482 5.32903 0.277994
17.4372 5.4322 0.280233
17.3977 5.41929 0.279414
17.365 5.40277 0.282446
17.3582 5.41485 0.282953
17.4144 5.40083 0.280483
17.3858 5.39587 0.281985
17.4217 5.45707 0.280947
17.3886 5.45992 0.279059
17.5131 5.40512 0.278985
17.4596 5.45416 0.277446
17.4091 5.38993 0.281374
17.4091 5.38993 0.281374
17.3792 5.33273 0.283227
17.4807 5.34782 0.281768
17.4807 5.34782 0.281768
17.4807 5.34782 0.281768
17.3973 5.45881 0.279604
17.4964 5.41519 0.27787
17.4493 5.36028 0.277784
17.3232 5.39593 0.282024
17.4437 5.43002 0.279071
17.3826 5.44955 0.281207
17.4049 5.39952 0.280522
17.3975 5.37763 0.283266
17.3875 5.35407 0.279029
17.3159 5.48858 0.278056
17.3397 5.39152 0.281902
17.3821 5.37459 0.281651
17.3587 5.35869 0.279814
17.2884 5.45632 0.280021
17.331 5.4157 0.280036
17.41 5.43992 0.281856
17.3465 5.39929 0.283145
17.3759 5.43203 0.280772
17.4658 5.39503 0.279509
17.3958 5.39964 0.282144
17.4161 5.37419 0.280819
17.3723 5.41917 0.281964
17.3879 5.42142 0.279807
17.3879 5.42142 0.279807
17.4473 5.35521 0.279828
17.3502 5.3693 0.280626
17.3502 5.3693 0.280626
17.3502 5.3693 0.280626
17.3792 5.44928 0.280019
17.3643 5.38598 0.280847
17.3591 5.37621 0.278277
17.2508 5.3889 0.281778
17.3578 5.41409 0.282482
17.4185 5.47697 0.279069
17.4552 5.375 0.281153
17.3807 5.43392 0.28101
17.3634 5.47561 0.281873
17.3634 5.47561 0.281873
17.324 5.36825 0.280098
17.4545 5.42026 0.279722
17.4451 5.40635 0.281215
17.3464 5.38412 0.28066
17.382 5.35476 0.280563
17.4264 5.28754 0.277775
17.4534 5.35641 0.281825
17.3375 5.32439 0.283155
17.3621 5.43031 0.278543
17.4418 5.37598 0.280512
17.4085 5.39461 0.2827
17.4288 5.48155 0.281062
17.5161 5.40742 0.277968
17.3823 5.37609 0.282114
17.3695 5.34349 0.284601
17.3365 5.36972 0.279861
17.4147 5.44239 0.280504
17.4147 5.44239 0.280504
17.4286 5.44934 0.278257
17.3633 5.41683 0.281085
17.3582 5.41485 0.282953
17.4887 5.29102 0.279092
17.3858 5.39587 0.281985
17.4373 5.4211 0.277492
17.5131 5.40512 0.278985
17.4132 5.45413 0.276837
17.4091 5.38993 0.281374
17.4091 5.38993 0.281374
17.4807 5.34782 0.281768
17.5665 5.36834 0.277311
17.4493 5.36028 0.277784
17.3903 5.39118 0.281911
17.386 5.43259 0.28121
17.386 5.43259 0.28121
17.4027 5.41138 0.279727
17.3107 5.37147 0.281696
17.4086 5.33767 0.278057
17.3415 5.42545 0.280845
17.3213 5.46507 0.281368
17.4135 5.39872 0.280723
17.4059 5.52928 0.277884
17.3809 5.45926 0.28123
17.3425 5.40488 0.28151
17.4254 5.40427 0.28017
17.4161 5.47646 0.278384
17.3633 5.4134 0.281126
17.3465 5.39929 0.283145
17.3721 5.39359 0.280118
17.3759 5.43203 0.280772
17.4658 5.39503 0.279509
17.3879 5.41327 0.278641
17.3276 5.42348 0.280077
17.3694 5.37231 0.279758
17.4712 5.33644 0.280338
17.3897 5.40053 0.28114
17.4421 5.42562 0.280188
17.3164 5.43016 0.280467
17.4145 5.40486 0.278602
17.4032 5.37969 0.280339
17.4029 5.4055 0.279555
17.5566 5.37249 0.276822
17.4016 5.36186 0.282464
17.4016 5.36186 0.282464
17.4016 5.36186 0.282464
17.4363 5.43742 0.280896
17.4221 5.43306 0.282104
17.4545 5.42026 0.279722
17.4545 5.42026 0.279722
17.3464 5.38412 0.28066
17.4937 5.34976 0.281037
17.382 5.35476 0.280563
17.4264 5.28754 0.277775
17.41 5.28138 0.283607
17.41 5.28138 0.283607
17.5212 5.38982 0.27756
17.4085 5.39461 0.2827
17.4594 5.36254 0.281168
17.4288 5.48155 0.281062
17.5161 5.40742 0.277968
17.463 5.45265 0.281015
17.4482 5.32903 0.277994
17.4372 5.4322 0.280233
17.4655 5.44661 0.27937
17.3871 5.44034 0.279863
17.4144 5.40083 0.280483
17.4887 5.29102 0.279092
17.4084 5.36389 0.280588
17.3447 5.44548 0.28005
17.5131 5.40512 0.278985
17.5131 5.40512 0.278985
17.5588 5.45757 0.27892
17.3792 5.33273 0.283227
17.3111 5.41476 0.280679
17.5665 5.36834 0.277311
17.5665 5.36834 0.277311
17.4964 5.41519 0.27787
17.3963 5.43425 0.279368
17.3734 5.4027 0.281959
17.4522 5.28846 0.279336
17.3212 5.36462 0.280019
17.4338 5.33078 0.280752
17.424 5.32373 0.279534
17.4086 5.33767 0.278057
17.4086 5.46808 0.279624
17.3397 5.39152 0.281902
17.3877 5.33442 0.283528
17.3686 5.37681 0.279108
17.4254 5.40427 0.28017
17.4161 5.47646 0.278384
17.549 5.40075 0.280396
17.549 5.40075 0.280396
17.444 5.52285 0.279799
17.4658 5.39503 0.279509
17.438 5.46918 0.279142
17.3418 5.42012 0.282121
17.3694 5.37231 0.279758
17.4712 5.33644 0.280338
17.3607 5.45216 0.282497
17.3607 5.45216 0.282497
17.4473 5.35521 0.279828
17.381 5.42259 0.28124
17.5075 5.38855 0.278701
17.4376 5.3941 0.27745
17.2736 5.48712 0.281083
17.5566 5.37249 0.276822
17.4363 5.43742 0.280896
17.3807 5.43392 0.28101
17.4288 5.42878 0.277865
17.4937 5.34976 0.281037
17.382 5.35476 0.280563
17.4264 5.28754 0.277775
17.3283 5.40123 0.281144
17.5212 5.38982 0.27756
17.4418 5.37598 0.280512
17.4418 5.37598 0.280512
17.3678 5.42257 0.280032
17.3857 5.47077 0.281117
16.5382 6.12796 0.285505
17.3667 5.45584 0.281908
17.4359 5.40476 0.280942
17.4288 5.39501 0.280999
17.3893 5.35321 0.278278
17.3819 5.458 0.279361
17.3508 5.36104 0.278865
17.3771 5.3832 0.282034
17.4784 5.49101 0.278792
17.3765 5.39505 0.28089
17.3631 5.41635 0.28124
17.321 5.34708 0.281203
17.4133 5.43458 0.279436
17.3572 5.39826 0.282176
17.3682 5.40103 0.282184
17.4599 5.42346 0.280234
17.3448 5.35204 0.280986
17.4504 5.51167 0.282759
17.3699 5.49197 0.283331
17.5022 5.30436 0.279482
17.4014 5.36418 0.281612
17.4382 5.34345 0.278298
17.4388 5.46402 0.284015
17.4787 5.44245 0.278691
17.3198 5.4217 0.28194
17.4109 5.41391 0.278359
17.5092 5.48303 0.281332
17.2991 5.35415 0.281277
17.4104 5.39621 0.277363
17.4564 5.3688 0.278313
17.3549 5.37012 0.28232
17.3669 5.36963 0.282498
17.4181 5.40972 0.2814
17.4059 5.40557 0.281283
17.3507 5.34209 0.2806
17.3738 5.39053 0.279306
17.3433 5.45518 0.279444
17.4491 5.42244 0.279365
17.4113 5.36705 0.282338
17.4758 5.3967 0.277974
17.4941 5.40533 0.277951
17.406 5.36716 0.282281
17.4421 5.37122 0.281149
17.5063 5.32021 0.279125
17.3778 5.39609 0.278784
17.4956 5.36331 0.278748
17.398 5.36626 0.280635
17.449 5.3823 0.278046
17.422 5.37493 0.27866
17.3979 5.49685 0.280727
17.3957 5.36779 0.279877
17.4359 5.33638 0.279849
17.3648 5.40113 0.28271
17.3802 5.36435 0.279373
17.4642 5.32853 0.281085
17.3966 5.32755 0.281191
17.3965 5.42854 0.280341
17.4012 5.34955 0.280699
17.372 5.35491 0.28421
17.4425 5.41093 0.278609
17.4286 5.3577 0.27818
17.4523 5.34987 0.281043
17.3631 5.48947 0.280984
17.3872 5.36828 0.280193
17.4242 5.34687 0.282103
17.4204 5.34283 0.281452
17.4218 5.34294 0.281754
17.3834 5.39262 0.28314
17.3252 5.31755 0.280632
17.3573 5.39432 0.280416
17.3618 5.33799 0.280622
17.3657 5.42285 0.281273
17.4129 5.48355 0.27884
17.4594 5.29159 0.279581
17.3404 5.36462 0.281141
17.3784 5.39235 0.28081
17.403 5.40959 0.279845
17.3314 5.35838 0.281662
17.3605 5.45442 0.281239
17.4419 5.38074 0.281014
17.4532 5.27214 0.278893
17.4073 5.38752 0.276776
17.4364 5.47245 0.278028
17.4056 5.36094 0.281546
17.3306 5.40655 0.279758
17.4369 5.34732 0.278139
17.3428 5.29048 0.278281
17.4157 5.44077 0.277292
17.3816 5.38142 0.279244
17.4788 5.43777 0.278575
17.3912 5.36414 0.28139
17.4132 5.41008 0.278744
17.3082 5.38195 0.282407
17.3642 5.38081 0.278991
17.4522 5.36989 0.278303
17.4515 5.37098 0.278307
17.392 5.3603 0.279554
17.4278 5.30582 0.279802
17.3012 5.41406 0.28057
17.4356 5.36837 0.278814
17.439 5.40698 0.279864
17.4388 5.40815 0.279799
17.3563 5.33002 0.282535
17.3822 5.35965 0.279797
17.3774 5.36646 0.279938
17.4365 5.28814 0.281716
17.4137 5.39521 0.280385
17.3826 5.49308 0.281149
17.5005 5.4353 0.279238
17.5421 5.42955 0.277251
17.4219 5.38537 0.278405
17.3658 5.48288 0.27897
17.3699 5.48579 0.278897
17.4246 5.3652 0.280511
17.4982 5.31925 0.279248
17.3703 5.34043 0.280196
17.4753 5.35343 0.28305
17.3601 5.58825 0.280912
17.3953 5.36721 0.280735
17.4227 5.42775 0.280909
17.4483 5.38687 0.277739
17.4895 5.36193 0.279415
17.4008 5.39762 0.282256
17.396 5.36835 0.27983
17.4354 5.33626 0.279881
17.3448 5.4015 0.279258
17.3483 5.30725 0.277712
17.4799 5.40859 0.279522
17.4891 5.30245 0.279179
17.3734 5.35812 0.280327
17.4513 5.43665 0.278749
17.427 5.36643 0.278477
17.4053 5.40985 0.27974
17.4528 5.42922 0.281081
17.4249 5.36076 0.278266
17.4529 5.48668 0.281339
17.44 5.3501 0.281176
17.4371 5.29383 0.280338
17.3666 5.45983 0.28191
17.4803 5.44615 0.279857
17.4339 5.40653 0.280826
17.4235 5.43025 0.280286
17.4184 5.34482 0.281496
17.3879 5.38487 0.283141
17.309 5.34336 0.280026
17.4773 5.4918 0.278824
17.3425 5.36332 0.280722
17.378 5.39247 0.281103
17.4025 5.48705 0.278778
17.3358 5.36529 0.281133
17.3466 5.36635 0.282324
17.4518 5.42227 0.280255
17.3778 5.39432 0.28088
17.4107 5.41845 0.281252
17.3453 5.36717 0.280336
17.3731 5.4929 0.283279
17.4451 5.27916 0.27911
17.4467 5.27347 0.278906
17.374 5.38053 0.281145
17.4326 5.44663 0.281562
17.3484 5.44798 0.282537
17.4926 5.49762 0.279344
17.4446 5.42555 0.278842
17.3678 5.41484 0.281109
17.3636 5.36233 0.280133
17.3633 5.39648 0.279786
17.3788 5.46664 0.280418
17.4544 5.37349 0.278174
17.5022 5.47302 0.279421
17.4999 5.47464 0.279276
17.3995 5.48485 0.280274
17.3817 5.3074 0.281045
17.4089 5.39916 0.281502
17.4135 5.40905 0.281408
17.481 5.37236 0.279737
17.3997 5.44345 0.279255
17.3686 5.38729 0.280477
17.3932 5.45725 0.279628
17.3524 5.43717 0.280822
17.4041 5.36466 0.280754
17.4543 5.41903 0.279308
17.418 5.36405 0.282406
17.4641 5.39893 0.277933
17.4184 5.38246 0.278427
17.429 5.38012 0.278511
17.4087 5.38949 0.280005
17.3754 5.48812 0.278932
17.4363 5.36999 0.280971
17.4458 5.37593 0.281067
17.4313 5.36597 0.280575
17.4178 5.38748 0.278208
17.3968 5.45089 0.276837
17.4906 5.37171 0.278544
17.4923 5.36734 0.278598
17.462 5.37657 0.280429
17.3273 5.36278 0.283677
17.4904 5.35878 0.279413
17.4079 5.44088 0.27931
17.3588 5.42192 0.281258
17.3523 5.40852 0.280537
17.474 5.2743 0.282435
17.4641 5.32759 0.281114
17.4595 5.32489 0.280991
17.3929 5.31999 0.281142
17.3943 5.42968 0.280609
17.3829 5.35244 0.284104
17.4549 5.43102 0.280978
17.4445 5.34967 0.281077
17.4332 5.28414 0.280312
17.3869 5.41791 0.282114
17.3688 5.39711 0.281014
17.427 5.34649 0.282166
17.4311 5.39834 0.280895
17.4262 5.4328 0.280269
17.4066 5.38115 0.28037
17.3643 5.39771 0.280743
17.4551 5.48059 0.278156
17.4831 5.49383 0.278578
17.3811 5.4437 0.280376
17.4223 5.43693 0.279645
17.3664 5.40092 0.282249
17.4569 5.28624 0.27976
17.3998 5.44463 0.283221
17.4516 5.41682 0.280348
17.3454 5.3803 0.280255
17.4745 5.47983 0.282972
17.3928 5.40474 0.282217
17.4484 5.27474 0.278948
17.5046 5.30599 0.279536
17.3305 5.37658 0.279488
17.425 5.30943 0.278503
17.4636 5.46456 0.277643
17.3846 5.36507 0.281438
17.3653 5.41385 0.280917
17.3689 5.40587 0.279642
17.3883 5.35357 0.27965
17.4193 5.30566 0.279603
17.3962 5.4816 0.280177
17.4482 5.44278 0.28215
17.445 5.43728 0.281925
17.3503 5.34857 0.280849
17.4333 5.29188 0.281758
17.3842 5.38141 0.278719
17.3749 5.38168 0.279017
17.375 5.40091 0.283801
17.4518 5.42685 0.279304
17.4317 5.46716 0.280029
17.5392 5.4287 0.277149
17.3785 5.40007 0.280921
17.3978 5.2634 0.280291
17.4562 5.3743 0.280617
17.4312 5.36372 0.280871
17.4995 5.32457 0.279069
17.3817 5.39173 0.278741
17.4175 5.38917 0.278362
17.5163 5.33055 0.277328
17.4648 5.37767 0.28049
17.417 5.42517 0.2811
17.3724 5.27507 0.281382
17.4887 5.3567 0.279242
17.4024 5.43767 0.279561
17.4388 5.33137 0.279948
17.4604 5.45206 0.278187
17.3759 5.36795 0.279374
17.3542 5.47925 0.281686
17.2603 5.42082 0.283178
17.4661 5.32939 0.281108
17.4927 5.30212 0.279099
17.3547 5.39732 0.279146
17.3737 5.35207 0.284259
17.4619 5.42808 0.280873
17.4535 5.43103 0.280867
17.4263 5.36443 0.278263
17.429 5.36146 0.278318
17.4425 5.35386 0.281015
17.4248 5.45436 0.278971
17.4314 5.28998 0.280359
17.4343 5.29277 0.280184
17.3844 5.37005 0.280076
17.3889 5.37269 0.280044
17.4325 5.39466 0.280897
17.4089 5.38929 0.280375
17.3516 5.39548 0.280244
17.3875 5.45323 0.279459
17.4362 5.44435 0.280166
17.3757 5.39115 0.280844
17.4112 5.44097 0.279797
17.2433 5.39599 0.278963
17.2728 5.37362 0.278565
17.3363 5.36068 0.281138
17.3459 5.36341 0.282377
17.3466 5.36549 0.282268
17.4594 5.42235 0.280293
17.3995 5.51126 0.27866
17.3962 5.4122 0.279896
17.3296 5.35356 0.281694
17.44 5.38006 0.28106
17.3534 5.27007 0.278284
17.3782 5.43702 0.282104
17.4384 5.44638 0.281585
17.4224 5.37041 0.277771
17.3847 5.37794 0.279237
17.3611 5.46196 0.282071
17.4103 5.41436 0.278481
17.4189 5.38509 0.278431
17.4217 5.36925 0.278634
17.3391 5.44895 0.283103
17.304 5.40638 0.281742
17.38 5.41875 0.277943
17.4324 5.36636 0.278844
17.373 5.36961 0.282629
17.4477 5.44274 0.281918
17.4469 5.44004 0.281995
17.4809 5.37254 0.279598
17.3593 5.43008 0.280917
17.4381 5.2932 0.281922
17.3938 5.41698 0.280178
17.4049 5.39982 0.280628
17.394 5.46576 0.281291
17.4947 5.43301 0.279171
17.4333 5.47332 0.280287
17.4079 5.31413 0.279259
17.4907 5.40885 0.277917
17.3901 5.39545 0.27919
17.4198 5.38795 0.278407
17.4195 5.38445 0.278388
17.4564 5.36778 0.280829
17.4429 5.37594 0.281279
17.4315 5.36034 0.280601
17.3733 5.34107 0.280439
17.4741 5.35564 0.282836
17.4941 5.36622 0.278644
17.5127 5.32738 0.277303
17.3926 5.37101 0.280645
17.3307 5.31626 0.279032
17.4848 5.36154 0.279525
17.484 5.36001 0.279489
17.3818 5.41135 0.283739
17.3655 5.4234 0.281361
17.3875 5.39458 0.282489
17.352 5.41004 0.280568
17.3284 5.41785 0.282399
17.4854 5.5027 0.276525
17.4665 5.3237 0.28102
17.4656 5.33135 0.281092
17.4006 5.3209 0.281289
17.4904 5.30788 0.279041
17.3781 5.36336 0.280766
17.3796 5.36555 0.280886
17.356 5.3975 0.278988
17.3993 5.35608 0.280986
17.4721 5.2644 0.276553
17.4573 5.43185 0.280951
17.454 5.36635 0.278603
17.451 5.48459 0.281271
17.447 5.355 0.281152
17.2983 5.34319 0.282675
17.4442 5.42395 0.281766
17.4419 5.42693 0.281765
17.3652 5.39486 0.280957
17.4349 5.40117 0.281013
17.3514 5.3997 0.280115
17.3899 5.38616 0.283351
17.4552 5.47721 0.278108
17.4427 5.44513 0.280382
17.3902 5.40494 0.279827
17.3778 5.39097 0.281
17.3603 5.41403 0.281152
17.4433 5.4874 0.280092
17.4574 5.41668 0.280209
17.4289 5.3704 0.276768
17.3826 5.362 0.281076
17.4178 5.4148 0.281177
17.5024 5.44872 0.283808
17.3532 5.45629 0.28129
17.4451 5.36684 0.281255
17.5104 5.3119 0.279575
17.4327 5.47039 0.278136
17.4308 5.34538 0.278045
17.3851 5.4359 0.282138
17.3724 5.33614 0.280598
17.3604 5.4558 0.281979
17.3211 5.4252 0.281689
17.388 5.36473 0.281367
17.3623 5.36492 0.279822
17.3701 5.49004 0.279318
17.3189 5.40639 0.278694
17.4582 5.36559 0.278245
17.4367 5.36265 0.278799
17.434 5.37106 0.278805
17.436 5.4033 0.279925
17.4739 5.36926 0.279707
17.3811 5.36573 0.279708
17.4013 5.44104 0.279249
17.3694 5.38889 0.280399
17.4115 5.39305 0.280471
17.4139 5.39088 0.280618
17.3879 5.49502 0.281123
17.2667 5.4177 0.278323
17.4516 5.41952 0.279447
17.4139 5.36106 0.282416
17.4109 5.31752 0.279342
17.4663 5.39319 0.277898
17.4082 5.39733 0.279981
17.4166 5.3959 0.280027
17.4024 5.3724 0.282176
17.4504 5.37881 0.280811
17.4992 5.32132 0.279249
17.3695 5.33894 0.280338
17.3373 5.46948 0.280258
17.5114 5.32835 0.277402
17.4715 5.37405 0.28035
17.3736 5.27337 0.281245
17.419 5.37995 0.278724
17.3741 5.36931 0.283163
17.3976 5.49524 0.280811
17.3863 5.39192 0.282303
17.4611 5.45222 0.278377
17.3582 5.47907 0.281582
17.466 5.28202 0.282484
17.4896 5.50584 0.276411
17.4741 5.40606 0.279548
17.3905 5.42919 0.280741
17.3498 5.39475 0.281057
17.3533 5.39383 0.281275
17.3942 5.3541 0.281025
17.3764 5.35709 0.284169
17.4116 5.40504 0.279905
17.3464 5.44177 0.281504
17.381 5.31427 0.279084
17.4325 5.4596 0.279549
17.4387 5.28744 0.280352
17.3615 5.49461 0.280872
17.3664 5.49267 0.280974
17.3955 5.41325 0.282065
17.4177 5.34943 0.282048
17.4313 5.40125 0.280957
17.4084 5.41168 0.279452
17.3888 5.38766 0.283216
17.3685 5.43611 0.280418
17.4399 5.44867 0.280371
17.3647 5.34165 0.280702
17.3771 5.39882 0.280999
17.421 5.43169 0.279836
17.4263 5.44147 0.27984
17.4548 5.28952 0.279686
17.3338 5.36971 0.283714
17.3559 5.43848 0.280583
17.3835 5.32561 0.280477
17.3989 5.41307 0.279828
17.3305 5.35761 0.281695
17.4415 5.3727 0.280999
17.5065 5.31447 0.279582
17.3699 5.38096 0.281154
17.3838 5.44357 0.282123
17.4267 5.36871 0.27779
17.4155 5.44093 0.277329
17.3878 5.33008 0.280281
17.3845 5.3596 0.281426
17.3663 5.41438 0.281056
17.3289 5.41631 0.28136
17.424 5.37513 0.278416
17.4269 5.3793 0.278623
17.3182 5.37801 0.279501
17.4501 5.37533 0.278163
17.382 5.42302 0.278074
17.3532 5.37255 0.282124
17.4334 5.36795 0.278818
17.4411 5.40826 0.279757
17.4486 5.4405 0.28205
17.4768 5.37302 0.279751
17.3771 5.35451 0.279599
17.3874 5.34265 0.277583
17.399 5.36533 0.280803
17.4972 5.43679 0.279196
17.498 5.43775 0.27923
17.3109 5.36159 0.280278
17.5406 5.42908 0.277476
17.4648 5.39607 0.277944
17.4382 5.49024 0.279641
17.4071 5.37092 0.282325
17.4525 5.37392 0.280903
17.4271 5.36355 0.280611
17.5013 5.32453 0.279333
17.3684 5.33889 0.28032
17.4947 5.37115 0.278422
17.4615 5.37397 0.280505
17.4228 5.43056 0.281126
17.3688 5.27674 0.281335
17.4898 5.35737 0.279255
17.4892 5.35911 0.279324
17.3996 5.44132 0.279497
17.3517 5.39822 0.280535
17.3126 5.48993 0.279855
17.3544 5.41571 0.280656
17.3264 5.44358 0.279049
17.4663 5.32781 0.281011
17.4895 5.30752 0.279075
17.3196 5.42869 0.278261
17.4113 5.4209 0.276218
18.0335 5.8173 0.279749
17.4919 5.42196 0.278535
17.4981 5.52726 0.279949
17.497 5.52835 0.279793
17.4086 5.50677 0.285256
17.4633 5.38975 0.28437
17.4269 5.43806 0.281874
17.4287 5.37602 0.281324
17.4172 5.29043 0.278279
17.4585 5.42624 0.280378
17.4107 5.42519 0.280141
17.4128 5.51971 0.281977
17.3319 5.32125 0.28217
17.4233 5.38978 0.278333
17.4036 5.41988 0.280018
17.354 5.40392 0.279586
17.3894 5.40882 0.282376
17.4999 5.32792 0.278739
17.5087 5.32802 0.278764
17.428 5.34328 0.278259
17.419 5.33909 0.280425
17.4534 5.35431 0.279572
17.4703 5.40325 0.277558
17.4902 5.45492 0.280005
17.481 5.5131 0.277277
17.4665 5.41733 0.277008
17.4465 5.44487 0.278251
17.4439 5.41385 0.277947
17.446 5.3695 0.276457
17.3948 5.46535 0.280519
17.3287 5.43314 0.27958
17.3248 5.42052 0.283102
17.4065 5.40972 0.28052
17.3651 5.48481 0.28027
17.368 5.48206 0.279937
17.4237 5.41283 0.278048
17.4082 5.40442 0.281097
17.4871 5.41581 0.277445
17.4797 5.41369 0.277456
17.4406 5.44967 0.280474
17.4201 5.40444 0.279514
17.3391 5.44482 0.275669
17.4147 5.39012 0.280841
17.4226 5.39918 0.278291
17.4043 5.45197 0.278578
17.4737 5.4255 0.279414
17.5005 5.41651 0.276746
17.4148 5.47199 0.277744
17.3755 5.44093 0.281029
17.4637 5.4609 0.281141
17.3557 5.38336 0.283283
17.3373 5.4458 0.28079
17.3961 5.42209 0.280269
17.566 5.41095 0.279982
17.5693 5.41218 0.279912
17.4471 5.48082 0.282604
17.3933 5.51627 0.27818
17.3676 5.40094 0.278256
17.3822 5.33014 0.279452
17.3293 5.4082 0.284496
17.3631 5.50687 0.280589
17.3557 5.32865 0.277995
17.3401 5.36902 0.281927
17.4613 5.43085 0.277687
17.4936 5.41064 0.279284
17.3647 5.49423 0.278836
17.3714 5.38695 0.28094
17.412 5.34506 0.282475
17.3162 5.46965 0.279013
17.4601 5.51591 0.277902
17.4567 5.39687 0.279972
17.3321 5.39678 0.277875
17.3943 5.45342 0.278426
17.3692 5.44026 0.28362
17.4218 5.30047 0.27915
17.3997 5.45517 0.280686
17.4298 5.45538 0.279067
17.4709 5.30027 0.282754
17.3953 5.38751 0.279192
17.4433 5.47355 0.279396
17.456 5.45317 0.277573
17.3727 5.40553 0.279472
17.3708 5.40466 0.279339
17.5028 5.47967 0.27826
17.5064 5.47283 0.278284
17.3944 5.40524 0.282372
17.4955 5.32347 0.278767
17.4675 5.46126 0.279068
17.429 5.34379 0.278351
17.3924 5.37859 0.280873
17.4494 5.35961 0.279503
17.4855 5.40929 0.278478
17.4756 5.40924 0.278366
17.4902 5.45371 0.279805
17.3868 5.48256 0.282627
17.3837 5.42334 0.283042
17.3736 5.3965 0.281878
17.4498 5.41767 0.278032
17.4437 5.41928 0.277947
17.4352 5.40583 0.280502
17.3953 5.35644 0.28219
17.3334 5.4473 0.279691
17.4608 5.33931 0.281313
17.4132 5.36398 0.279176
17.3369 5.44878 0.281515
17.3216 5.29126 0.281637
17.4519 5.48432 0.281024
17.4697 5.37119 0.281765
17.4665 5.3705 0.281856
17.4368 5.47749 0.278427
17.4787 5.41683 0.277367
17.4709 5.38478 0.280026
17.4258 5.48242 0.277135
17.4044 5.36583 0.277379
17.3569 5.3894 0.282663
17.4221 5.39382 0.278232
17.3789 5.41624 0.281316
17.3422 5.37972 0.278698
17.5039 5.41483 0.276823
17.4093 5.46595 0.280424
17.3597 5.44453 0.28049
17.3539 5.45273 0.280344
17.4379 5.42052 0.282211
17.4261 5.37117 0.27932
17.3294 5.37358 0.282454
17.3592 5.31658 0.28152
17.4076 5.41145 0.279126
17.5665 5.41672 0.279906
17.4583 5.42809 0.276156
17.4599 5.43021 0.276332
17.4665 5.42647 0.276326
17.3978 5.42498 0.279586
17.4584 5.44303 0.279195
17.3532 5.40831 0.280041
17.4543 5.39079 0.279824
17.3357 5.38556 0.282639
17.3447 5.41675 0.282944
17.344 5.39236 0.280864
17.4829 5.41321 0.27929
17.4956 5.40864 0.279346
17.4934 5.40987 0.27912
17.389 5.42807 0.280381
17.405 5.4214 0.281761
17.4069 5.34234 0.282755
17.4894 5.52196 0.279857
17.3757 5.37962 0.279185
17.41 5.44021 0.280011
17.3275 5.39763 0.280839
17.4265 5.44219 0.281857
17.4296 5.37495 0.281302
17.2722 5.34345 0.281743
17.4508 5.4426 0.277705
17.4867 5.32211 0.280546
17.4137 5.4245 0.280243
17.4708 5.29975 0.282785
17.4712 5.30089 0.282617
17.4542 5.3566 0.278396
17.4383 5.42317 0.279756
17.3708 5.44788 0.281567
17.3994 5.40004 0.279484
17.4989 5.32913 0.278799
17.4557 5.44209 0.280516
17.4661 5.46315 0.278929
17.4251 5.35102 0.278079
17.3587 5.42192 0.283004
17.4192 5.3388 0.280502
17.4725 5.39859 0.277781
17.3975 5.47102 0.278972
17.4774 5.4798 0.277408
17.4082 5.44852 0.278843
17.4463 5.34828 0.279138
17.4449 5.4106 0.277916
17.3554 5.42674 0.280869
17.3529 5.42736 0.280866
17.3999 5.36695 0.276471
17.3843 5.37979 0.277266
17.3408 5.44714 0.281591
17.4266 5.34979 0.282742
17.41 5.37237 0.282081
17.2819 5.37686 0.280075
17.3987 5.39832 0.277585
17.3878 5.3959 0.27953
17.4229 5.40529 0.279524
17.41 5.39009 0.280867
17.4371 5.32741 0.279219
17.3702 5.3367 0.282475
17.3868 5.34618 0.279541
17.4588 5.46194 0.281353
17.5026 5.34214 0.278689
17.3583 5.38461 0.283416
17.3572 5.3823 0.283671
17.3196 5.42516 0.279965
17.4221 5.37449 0.279295
17.3604 5.38713 0.281171
17.4419 5.41463 0.276125
17.5674 5.41214 0.280104
17.3483 5.43243 0.282907
17.4547 5.43801 0.279154
17.4595 5.43918 0.279087
17.429 5.43143 0.280683
17.3646 5.30062 0.277109
17.4185 5.33674 0.276129
17.4615 5.42938 0.277497
17.3565 5.4288 0.278608
17.3493 5.4357 0.283265
17.4114 5.35003 0.282479
17.4115 5.43923 0.279799
17.3085 5.43887 0.279489
17.4573 5.39998 0.280054
17.4263 5.44026 0.281956
17.4318 5.40598 0.27758
17.4342 5.37545 0.281024
17.4335 5.29791 0.279
17.4917 5.32115 0.28059
17.4817 5.3266 0.280453
17.4245 5.45631 0.279033
17.4653 5.30159 0.282622
17.3944 5.38249 0.279249
17.4369 5.42583 0.280989
17.3777 5.4506 0.278945
17.4146 5.40327 0.277634
17.4994 5.33298 0.278848
17.4293 5.34465 0.278179
17.4689 5.43692 0.28469
17.3955 5.37672 0.28081
17.4096 5.43834 0.280496
17.4571 5.36023 0.279275
17.4788 5.41082 0.278404
17.4436 5.37036 0.282781
17.3796 5.46378 0.278873
17.5072 5.46262 0.279708
17.4125 5.40937 0.28211
17.4095 5.41041 0.282107
17.4143 5.46851 0.279637
17.4505 5.34341 0.279045
17.4519 5.41631 0.278194
17.4001 5.35959 0.28203
17.3643 5.44257 0.280968
17.4556 5.34477 0.281308
17.4612 5.34352 0.281287
17.3867 5.31832 0.281957
17.3451 5.45046 0.281769
17.2998 5.43721 0.282154
17.3139 5.38278 0.284576
17.4702 5.36866 0.281961
17.4058 5.39996 0.281158
17.4264 5.47668 0.278334
17.4374 5.44324 0.28042
17.3875 5.36549 0.284063
17.3595 5.44258 0.282075
17.4396 5.32889 0.279383
17.4639 5.39577 0.278354
17.4619 5.3983 0.278188
17.3672 5.33781 0.282287
17.3805 5.35208 0.279229
17.3945 5.42266 0.277972
17.4962 5.33947 0.278647
17.4321 5.41875 0.282256
17.3638 5.32157 0.281336
17.5673 5.41796 0.280079
17.3499 5.38554 0.279274
17.4022 5.49567 0.277955
17.4214 5.40826 0.278191
17.4767 5.46238 0.280361
17.3411 5.36137 0.283058
17.4301 5.43388 0.280591
17.3599 5.39207 0.277625
17.3885 5.3981 0.280337
17.3479 5.37335 0.280191
17.3087 5.42201 0.280595
17.342 5.36618 0.281984
17.3373 5.37045 0.281814
17.4659 5.42118 0.277548
17.3219 5.40187 0.28076
17.447 5.45338 0.280382
17.3763 5.39064 0.280928
17.4875 5.41624 0.278647
17.453 5.50989 0.277982
17.4632 5.38895 0.284472
17.4244 5.43813 0.281963
17.4304 5.37445 0.281144
17.4283 5.29985 0.279198
17.4836 5.32386 0.280403
17.4069 5.36332 0.278642
17.3367 5.37986 0.282172
17.4484 5.47375 0.27941
17.4523 5.36824 0.278385
17.3731 5.52583 0.282303
17.4084 5.33197 0.281058
17.4092 5.32313 0.281156
17.3971 5.40817 0.282362
17.4958 5.32647 0.278719
17.4474 5.43866 0.280389
17.3865 5.45102 0.280084
17.4053 5.43642 0.280711
17.4507 5.36517 0.279525
17.4476 5.35746 0.279535
17.4474 5.3722 0.282569
17.304 5.45211 0.279546
17.2917 5.40945 0.280473
17.4477 5.35033 0.279191
17.4497 5.41348 0.277963
17.4404 5.40365 0.280388
17.3251 5.47214 0.281247
17.3278 5.37939 0.280389
17.4077 5.45581 0.278517
17.4206 5.50754 0.283221
17.4191 5.34451 0.282571
17.4017 5.40924 0.27891
17.366 5.42612 0.281128
17.3922 5.3598 0.282159
17.4776 5.41361 0.277244
17.4722 5.3904 0.280167
17.3833 5.36797 0.283995
17.4274 5.48642 0.277286
17.4141 5.38779 0.280994
17.4259 5.3957 0.278412
17.4226 5.39813 0.27827
17.3784 5.42208 0.281316
17.5028 5.41399 0.276748
17.5018 5.41185 0.27684
17.354 5.49179 0.280887
17.501 5.33617 0.278752
17.3137 5.40444 0.282313
17.3557 5.31946 0.281379
17.5678 5.41817 0.280057
17.5083 5.41512 0.283404
17.3778 5.33048 0.279631
17.4753 5.46157 0.280077
17.3269 5.40609 0.284716
17.4551 5.38826 0.279671
17.336 5.3607 0.281909
17.2917 5.41687 0.283195
17.3691 5.47765 0.279624
17.4883 5.41871 0.278783
17.3293 5.3943 0.281243
17.3129 5.38266 0.280601
17.3857 5.32896 0.278393
17.4851 5.45489 0.278724
17.4851 5.32115 0.280568
17.4905 5.32288 0.280665
17.4631 5.42428 0.280432
17.4104 5.52003 0.281905
17.3312 5.31531 0.282173
17.338 5.41683 0.282954
17.4536 5.36864 0.278285
17.431 5.41341 0.283851
17.5062 5.47549 0.277985
17.3914 5.40937 0.282308
17.5017 5.32955 0.278749
17.4297 5.34966 0.278165
17.411 5.43684 0.280464
17.4206 5.33796 0.28029
17.4674 5.40132 0.277904
17.4812 5.40963 0.278417
17.4438 5.3729 0.282918
17.4964 5.45335 0.279945
17.5094 5.46191 0.279809
17.4023 5.45253 0.278854
17.4398 5.44411 0.278181
17.422 5.46418 0.277675
17.4403 5.40193 0.280394
17.367 5.4439 0.281032
17.3979 5.36744 0.276534
17.4575 5.3405 0.281301
17.4591 5.34534 0.281391
17.3869 5.38882 0.280175
17.3391 5.46196 0.280506
17.3567 5.42365 0.281073
17.4023 5.40297 0.277016
17.4031 5.40122 0.281179
17.4795 5.39326 0.280144
17.3873 5.39558 0.279563
17.4198 5.40866 0.279556
17.4138 5.41837 0.278832
17.4598 5.48846 0.278597
17.4624 5.39442 0.278536
17.4801 5.41972 0.279561
17.5056 5.421 0.276756
17.3767 5.42917 0.287378
17.3803 5.52501 0.282122
17.3272 5.37231 0.28257
17.3734 5.45172 0.279925
17.5705 5.41256 0.280143
17.3715 5.39624 0.278131
17.4109 5.44766 0.280347
17.4325 5.43526 0.280588
17.3565 5.30146 0.277371
17.3371 5.38644 0.282752
17.3591 5.34034 0.277829
17.4856 5.41183 0.279243
17.4918 5.40568 0.279104
17.3756 5.33686 0.280484
17.3788 5.48827 0.280932
17.4856 5.4154 0.278582
17.4874 5.41822 0.278889
17.3219 5.33982 0.28002
17.4057 5.43682 0.27996
17.4585 5.51301 0.27795
17.4657 5.39014 0.284494
17.3302 5.45032 0.279928
17.433 5.38049 0.281256
17.487 5.45375 0.278663
17.4858 5.31802 0.280371
17.4133 5.36921 0.278384
17.3712 5.47609 0.281038
17.3958 5.38295 0.279265
17.4463 5.47378 0.279477
17.4309 5.42988 0.281035
17.3825 5.44475 0.281664
17.3852 5.42373 0.280335
17.3802 5.33326 0.278637
17.3919 5.40551 0.282326
17.5031 5.32965 0.278752
17.4726 5.45629 0.279061
17.3915 5.38128 0.281004
17.4213 5.34236 0.280481
17.4743 5.39914 0.277761
17.494 5.45236 0.279974
17.3807 5.42422 0.282881
17.4593 5.41586 0.277051
17.4441 5.34452 0.27903
17.3805 5.38485 0.279413
17.4396 5.40891 0.280645
17.4341 5.40282 0.280516
17.396 5.35363 0.282144
17.2995 5.35183 0.279486
17.4019 5.4202 0.2806
17.3891 5.3894 0.280216
17.3901 5.39046 0.28016
17.4265 5.34799 0.282732
17.4187 5.41309 0.278023
17.4696 5.37052 0.281695
17.4092 5.40163 0.281192
17.4794 5.41811 0.276995
17.4817 5.41773 0.277217
17.4742 5.3879 0.280182
17.4721 5.42071 0.28176
17.3039 5.31613 0.283073
17.4348 5.33106 0.279049
17.4575 5.39773 0.278434
17.3011 5.42737 0.280373
17.3626 5.46956 0.280729
17.3702 5.3358 0.282422
17.4764 5.42259 0.279303
17.3666 5.49407 0.278458
17.3581 5.44968 0.280364
17.3496 5.45437 0.279847
17.4314 5.42187 0.282356
17.3295 5.3716 0.282561
17.3913 5.41811 0.280106
17.4111 5.40817 0.27906
17.5644 5.41764 0.280009
17.5677 5.41889 0.280196
17.5026 5.41611 0.283161
17.3468 5.38544 0.279143
17.3973 5.43225 0.279576
17.4606 5.44242 0.279409
17.3617 5.3921 0.281914
17.4571 5.38529 0.279841
17.3421 5.37077 0.281992
17.4941 5.40255 0.279367
17.3917 5.43041 0.280321
17.3021 5.39327 0.277644
17.4088 5.345 0.282518
17.2856 5.32789 0.283702
17.5008 5.52191 0.27989
17.4586 5.39807 0.280112
17.4352 5.40422 0.277496
17.4298 5.37564 0.28126
17.4347 5.29875 0.279119
17.483 5.32649 0.280528
17.4604 5.428 0.280477
17.4115 5.4261 0.280215
17.4572 5.48486 0.27858
17.4457 5.47261 0.279581
17.4003 5.42547 0.279985
17.4308 5.41427 0.28378
17.3825 5.33489 0.278508
17.4992 5.32571 0.278837
17.3613 5.41106 0.278824
17.4081 5.43714 0.280446
17.4213 5.34018 0.280427
17.4715 5.40076 0.277747
17.4736 5.40487 0.277764
17.4775 5.40892 0.278646
17.4511 5.37317 0.282723
17.3781 5.3018 0.28544
17.4882 5.45917 0.279909
17.4711 5.48276 0.277453
17.4086 5.40825 0.281873
17.4124 5.40338 0.281906
17.3744 5.35682 0.281322
17.3725 5.39799 0.281777
17.4159 5.46518 0.277794
17.3934 5.41167 0.284649
17.4357 5.40161 0.280536
17.3967 5.46756 0.283768
17.3983 5.46958 0.283546
17.4566 5.34273 0.281267
16.6538 6.07132 0.305582
17.3447 5.43087 0.280163
17.4168 5.39566 0.279666
17.4055 5.3914 0.28087
17.4016 5.39616 0.280923
17.4754 5.38741 0.277207
17.3686 5.43714 0.2801
17.4275 5.36412 0.281702
17.3116 5.41958 0.284088
17.4029 5.3624 0.279491
17.3265 5.29957 0.281945
17.4643 5.36445 0.280618
17.4683 5.3607 0.280598
17.501 5.46555 0.278007
17.3708 5.41127 0.280092
17.4038 5.40718 0.279405
17.4209 5.40081 0.279946
17.4559 5.44968 0.280368
17.3403 5.34059 0.28227
17.4996 5.34475 0.281261
17.3983 5.37353 0.28399
17.3394 5.32861 0.282721
17.3157 5.35149 0.283699
17.3898 5.33945 0.27978
17.4352 5.40877 0.277882
17.3502 5.51646 0.281642
17.3781 5.37676 0.279496
17.3256 5.34104 0.279631
17.3543 5.4145 0.281436
17.2754 5.38852 0.283427
17.5588 5.49014 0.279481
17.419 5.45913 0.278748
17.4576 5.35194 0.275843
17.4195 5.45595 0.281892
17.3696 5.42673 0.27881
17.3479 5.30648 0.279259
17.3776 5.36557 0.2814
17.3647 5.43747 0.281949
17.4462 5.51326 0.280235
17.42 5.44146 0.278155
17.5372 5.43904 0.279667
17.3696 5.45622 0.279372
17.3779 5.41489 0.28138
17.4224 5.32316 0.27877
17.5757 5.28936 0.277398
17.4214 5.46266 0.278752
17.5253 5.47763 0.277582
17.4462 5.40063 0.279324
17.4084 5.31434 0.279484
17.3194 5.38423 0.282971
17.4284 5.40271 0.277414
17.3913 5.3898 0.28047
17.428 5.38031 0.282962
17.3318 5.40986 0.281448
17.4597 5.32821 0.281759
17.4161 5.36961 0.280239
17.4675 5.32371 0.278452
17.3832 5.33748 0.281506
17.3641 5.34028 0.278802
17.3596 5.34875 0.279589
17.3043 5.42804 0.278879
17.4241 5.30373 0.280495
17.4915 5.27905 0.279019
17.4553 5.32573 0.279366
17.3562 5.43722 0.282058
17.4181 5.42466 0.278869
17.3559 5.40983 0.282174
17.4463 5.25487 0.282669
17.4562 5.29912 0.281247
17.3824 5.37738 0.2801
17.37 5.32021 0.280135
17.3931 5.39604 0.278295
17.4154 5.47929 0.281053
17.4205 5.4819 0.28107
17.4761 5.38796 0.277403
17.408 5.36028 0.283026
17.4296 5.39885 0.280847
17.4044 5.38576 0.277797
17.4651 5.36558 0.280654
17.3922 5.40996 0.278772
17.4429 5.31528 0.281249
17.4159 5.42646 0.28139
17.4236 5.42969 0.278271
17.3881 5.40314 0.27972
17.4175 5.39909 0.279903
17.4106 5.36576 0.280241
17.3652 5.46264 0.279257
17.4249 5.45466 0.282101
17.4314 5.36962 0.281824
17.3159 5.35632 0.283546
17.4213 5.39791 0.280291
17.3122 5.34838 0.282565
17.5202 5.38291 0.279214
17.4468 5.45618 0.279685
17.4573 5.31774 0.276125
17.4596 5.31534 0.276215
17.4411 5.48621 0.278848
17.4395 5.48545 0.279023
17.436 5.41014 0.279121
17.337 5.44621 0.280635
17.4411 5.4028 0.27891
17.4137 5.34738 0.279804
17.4395 5.40437 0.283863
17.3778 5.36609 0.281456
17.3854 5.43979 0.281434
17.3733 5.38945 0.283381
17.4755 5.4491 0.275746
17.3488 5.38157 0.27943
17.5376 5.44125 0.279619
17.2432 5.26613 0.282791
17.4251 5.32978 0.27873
17.5799 5.29051 0.277463
17.5776 5.28654 0.277394
17.4202 5.47078 0.278974
17.5193 5.47809 0.277696
17.4522 5.40136 0.279487
17.3654 5.48189 0.281713
17.3804 5.35766 0.279962
17.3216 5.38701 0.283041
17.3956 5.39252 0.280572
17.4233 5.37544 0.282854
17.3448 5.40936 0.278604
17.4669 5.37939 0.27954
17.4147 5.36788 0.280104
17.4685 5.33606 0.278354
17.2898 5.40539 0.282113
17.3318 5.33605 0.282055
17.4299 5.52035 0.280219
17.4211 5.38584 0.277811
17.4837 5.27667 0.278897
17.4943 5.28539 0.278938
17.3523 5.29689 0.284138
17.3495 5.43791 0.282222
17.3975 5.30067 0.278709
17.3522 5.41541 0.282136
17.4151 5.34098 0.278648
17.4031 5.45592 0.2798
17.389 5.32116 0.281578
17.4181 5.37799 0.278998
17.4026 5.41181 0.278478
17.3469 5.39121 0.280889
17.4746 5.50475 0.27949
17.4086 5.36169 0.282565
17.4186 5.36244 0.281852
17.4274 5.39446 0.280898
17.3087 5.41906 0.284081
17.4051 5.5382 0.278004
17.4682 5.32732 0.280538
17.4635 5.33295 0.28043
17.3781 5.42175 0.279548
17.3715 5.41415 0.280068
17.3911 5.40982 0.280032
17.4212 5.39138 0.279979
17.4554 5.41189 0.279584
17.4075 5.36485 0.280179
17.4556 5.46194 0.27843
17.4281 5.45981 0.282061
17.3608 5.46164 0.281678
17.3124 5.35536 0.279832
17.4628 5.37153 0.277014
17.5276 5.38475 0.279192
17.4535 5.46549 0.279541
17.3808 5.33922 0.278789
17.4447 5.48777 0.278879
17.4279 5.41808 0.277176
17.3774 5.43773 0.282763
17.4107 5.46059 0.280506
17.4445 5.40503 0.28386
17.3745 5.38622 0.28348
17.418 5.45106 0.281994
17.433 5.46818 0.281024
17.3684 5.45601 0.27932
17.373 5.36621 0.282527
17.4351 5.45088 0.278455
17.4259 5.32224 0.278874
17.3312 5.41392 0.279574
17.4654 5.36041 0.283163
17.4442 5.4077 0.279332
17.3459 5.37407 0.280896
17.411 5.4069 0.277873
17.3598 5.48026 0.281854
17.4667 5.35963 0.280975
17.3731 5.47299 0.281877
17.4283 5.37408 0.282851
17.4248 5.37888 0.282785
17.3911 5.47953 0.281379
17.3805 5.31007 0.283437
17.4706 5.37669 0.27964
17.4172 5.37271 0.280103
17.4714 5.40843 0.281804
17.4668 5.40747 0.28176
17.3907 5.34975 0.280645
17.3901 5.35369 0.280701
17.337 5.38801 0.280979
17.3872 5.43178 0.279731
17.4443 5.4215 0.277827
17.4236 5.30126 0.280253
17.4928 5.28547 0.278896
17.462 5.32366 0.279319
17.3196 5.43125 0.279852
17.4174 5.421 0.279053
17.4162 5.32912 0.278618
17.4121 5.43244 0.280037
17.4524 5.46123 0.278426
17.4095 5.36326 0.279503
17.3937 5.39928 0.278091
17.3544 5.32856 0.279972
17.4109 5.36244 0.282569
17.3404 5.37067 0.279775
17.4297 5.36377 0.278137
17.4634 5.36504 0.280749
17.441 5.31232 0.281292
17.3814 5.43839 0.281912
17.4147 5.39608 0.280044
17.4573 5.4516 0.2803
17.4712 5.4765 0.27677
17.4973 5.34708 0.281327
17.5034 5.3437 0.281337
17.397 5.37471 0.284219
17.3453 5.32913 0.282882
17.438 5.41526 0.2778
17.4424 5.31985 0.279102
17.4556 5.37421 0.277168
17.5205 5.38354 0.279241
17.2803 5.37586 0.282713
17.3401 5.40717 0.281662
17.3422 5.41392 0.281573
17.3503 5.41998 0.281364
17.4522 5.34342 0.279073
17.3625 5.42694 0.280873
17.4389 5.40247 0.279275
17.4237 5.36733 0.280546
17.3821 5.38711 0.278258
17.4967 5.36085 0.281579
17.3288 5.40571 0.282823
17.3736 5.47726 0.27905
17.4073 5.39135 0.280376
17.4017 5.3894 0.280427
17.4426 5.48737 0.279948
17.4069 5.49212 0.282564
17.3904 5.40825 0.279994
17.425 5.31994 0.278909
17.4242 5.3177 0.278889
17.4187 5.46815 0.278953
17.4731 5.36199 0.282996
17.3923 5.35972 0.278882
17.3619 5.48518 0.281673
17.4413 5.44126 0.277226
17.2928 5.478 0.283258
17.4871 5.34402 0.281913
17.4664 5.37744 0.27958
17.4159 5.37049 0.280372
17.4606 5.32478 0.278341
17.3884 5.34681 0.280713
17.2891 5.29823 0.282253
17.3536 5.41536 0.277594
17.3427 5.35351 0.281002
17.4289 5.30531 0.280205
17.4924 5.28102 0.278972
17.4711 5.33747 0.281484
17.404 5.41806 0.281473
17.4108 5.42457 0.281344
17.4129 5.41704 0.281428
17.4104 5.33959 0.278863
17.2513 5.42882 0.283955
17.2749 5.40787 0.275977
17.4094 5.40199 0.27954
17.3692 5.32408 0.280269
17.4021 5.41287 0.27844
17.4153 5.50725 0.280045
17.4246 5.35952 0.281857
17.4011 5.36336 0.279385
17.3827 5.40384 0.279322
17.4257 5.42213 0.281253
17.4232 5.42777 0.281377
17.4645 5.36458 0.280844
17.4433 5.31407 0.281067
17.4127 5.42866 0.281298
17.3784 5.43892 0.281928
17.3976 5.40118 0.279665
17.4146 5.39658 0.27995
17.4002 5.42046 0.277943
17.4056 5.3659 0.280204
17.2879 5.48654 0.283397
17.4125 5.42778 0.279213
17.5004 5.34317 0.281479
17.3421 5.33502 0.283027
17.4401 5.3286 0.282673
17.4407 5.4146 0.277907
17.4507 5.32171 0.278889
17.441 5.32146 0.27913
17.4044 5.33193 0.277185
17.5252 5.37962 0.279106
17.5214 5.38438 0.279307
17.329 5.33931 0.279694
17.344 5.41884 0.281344
17.3731 5.34126 0.278736
17.447 5.33485 0.279204
17.4421 5.48944 0.278647
17.4229 5.45997 0.278722
17.3532 5.28045 0.28125
17.4164 5.33931 0.280156
17.4314 5.45635 0.281719
17.3763 5.43979 0.282762
17.4147 5.4471 0.279492
17.3829 5.5295 0.28177
17.4925 5.36155 0.281526
17.4919 5.35708 0.281625
17.5004 5.35881 0.281641
17.2804 5.38146 0.283501
17.428 5.4695 0.280954
17.5413 5.4379 0.279608
17.4336 5.40082 0.277125
17.4328 5.43259 0.282572
17.5752 5.28738 0.277494
17.4713 5.3577 0.283207
17.4483 5.39665 0.279281
17.3998 5.36539 0.2789
17.4591 5.51857 0.279356
17.4409 5.46168 0.278072
17.4637 5.36108 0.281149
17.4073 5.43885 0.276885
17.4234 5.3782 0.282664
17.3308 5.40295 0.281418
17.3786 5.30948 0.283604
17.4173 5.43189 0.280019
17.4525 5.32681 0.281698
17.4694 5.40619 0.281882
17.3832 5.35331 0.280791
17.3351 5.39961 0.281033
17.4014 5.47267 0.277786
17.4185 5.39967 0.277891
17.4054 5.42427 0.277523
17.4844 5.28268 0.278927
17.4631 5.32989 0.279322
17.3524 5.49328 0.283293
17.3553 5.40986 0.281638
17.3487 5.41137 0.282052
17.3088 5.4493 0.280789
17.3857 5.48254 0.280992
17.3811 5.38346 0.280299
17.4087 5.36557 0.279682
17.4162 5.36536 0.279663
17.418 5.40485 0.281385
17.3978 5.42273 0.278418
17.471 5.38101 0.277386
17.4722 5.50099 0.279333
17.4076 5.36015 0.282632
17.4002 5.36195 0.279467
17.4002 5.36502 0.279567
17.38 5.40415 0.279156
17.3838 5.40159 0.279066
17.4253 5.42928 0.281138
17.4662 5.32949 0.280428
17.4665 5.32851 0.280311
17.4629 5.32939 0.280396
17.4647 5.33284 0.280421
17.4677 5.36688 0.280563
17.4335 5.49466 0.278931
17.3331 5.27828 0.284115
17.3832 5.38485 0.281972
17.38 5.43873 0.281909
17.4466 5.40409 0.279728
17.4575 5.44823 0.28035
17.4779 5.47647 0.276763
17.4142 5.43061 0.279121
17.4099 5.43651 0.278705
17.4998 5.34749 0.281329
17.2899 5.38325 0.280805
17.346 5.32953 0.282908
17.3929 5.35495 0.279688
17.4381 5.31986 0.278866
17.4073 5.42972 0.281002
17.5251 5.38539 0.279218
17.5236 5.37742 0.278957
17.4255 5.36012 0.278887
17.3817 5.30594 0.27695
17.4086 5.47674 0.279925
17.4431 5.41573 0.279361
17.4238 5.44213 0.27962
17.4118 5.44202 0.279488
17.4182 5.37156 0.28056
17.3692 5.3722 0.281432
17.4984 5.36 0.281434
17.4915 5.36141 0.281576
17.373 5.38877 0.283559
17.3661 5.39295 0.283354
17.3731 5.39122 0.283369
17.3336 5.39828 0.282908
17.3138 5.39382 0.279681
17.3503 5.39776 0.279175
17.5403 5.43973 0.279479
17.3253 5.38388 0.284333
17.3732 5.38835 0.278877
17.5741 5.27798 0.277342
17.5279 5.48272 0.277657
17.4475 5.40378 0.279509
17.4094 5.40078 0.277986
17.3793 5.34922 0.279989
17.4337 5.41072 0.27739
17.4592 5.36523 0.280999
17.3745 5.47007 0.281756
17.4242 5.44746 0.277167
17.3926 5.47988 0.281304
17.4929 5.33989 0.281777
17.3061 5.4682 0.282167
17.4546 5.33094 0.28192
17.4202 5.4828 0.280428
17.4726 5.41305 0.28198
17.4611 5.32764 0.278461
17.4716 5.33119 0.278228
17.394 5.45292 0.2777
17.3641 5.34837 0.279745
17.4188 5.41529 0.277853
17.4273 5.29876 0.280149
17.4291 5.30062 0.280241
17.458 5.326 0.279356
17.4754 5.3339 0.281363
17.4071 5.41738 0.281481
17.4481 5.25962 0.282757
17.4554 5.30618 0.28112
17.4132 5.40037 0.279621
17.3953 5.3946 0.281032
17.4081 5.48156 0.280947
17.4724 5.50221 0.279154
17.4059 5.36231 0.279602
17.399 5.36334 0.279783
17.473 5.32798 0.280359
17.4627 5.33869 0.280368
17.4648 5.36736 0.280583
17.5055 5.46017 0.278294
17.3311 5.26958 0.284337
17.4141 5.42065 0.281218
17.4273 5.34268 0.285354
17.4187 5.3918 0.27998
17.4635 5.44877 0.280194
17.458 5.45187 0.280346
17.3505 5.43028 0.282162
17.4961 5.34964 0.281345
17.4311 5.37139 0.282007
17.4271 5.37105 0.281805
17.3905 5.34779 0.279826
17.4395 5.3175 0.279127
17.5322 5.37831 0.27907
17.5232 5.38434 0.279025
17.4182 5.38792 0.282341
17.453 5.45975 0.279774
17.4164 5.35487 0.278785
17.3407 5.40537 0.281553
17.3017 5.34346 0.282344
17.4472 5.34666 0.278968
17.4305 5.41909 0.277055
17.3551 5.47782 0.282226
17.4187 5.37184 0.28045
17.4941 5.35941 0.281516
17.4996 5.51506 0.279642
17.477 5.44694 0.275606
17.4403 5.44994 0.27973
17.3923 5.41241 0.280042
17.3807 5.49273 0.280792
17.3728 5.41235 0.28121
17.4297 5.32177 0.278899
17.3346 5.40462 0.279768
17.4737 5.35745 0.283315
17.4058 5.36278 0.278956
17.4086 5.3104 0.279431
17.4388 5.43602 0.277477
17.4657 5.35409 0.281072
17.4229 5.37718 0.283003
17.4921 5.34038 0.281878
17.4927 5.34255 0.281718
17.4176 5.43104 0.280048
17.4607 5.37788 0.279405
17.4507 5.32966 0.281763
17.4583 5.32669 0.281806
17.3051 5.36705 0.280359
17.3316 5.42385 0.283604
17.3387 5.33399 0.282155
17.3938 5.45476 0.27754
17.4506 5.42475 0.27777
17.3916 5.39964 0.278841
17.3442 5.4345 0.282173
17.4722 5.33858 0.281408
17.3985 5.45901 0.278579
17.4127 5.42198 0.281408
17.4172 5.34153 0.278639
17.4066 5.44879 0.279694
17.3784 5.37825 0.280286
17.3948 5.32337 0.281476
17.3736 5.3283 0.280093
17.3758 5.38008 0.279125
17.4098 5.45129 0.279289
17.412 5.36019 0.28285
17.3503 5.48597 0.281215
17.4006 5.36511 0.279683
17.4218 5.4215 0.281114
17.5064 5.45597 0.278209
17.3761 5.37886 0.282152
17.4303 5.34867 0.285541
17.3782 5.44523 0.281765
16.8791 5.80672 0.269604
17.4238 5.3881 0.282425
17.4476 5.3718 0.280393
17.45 5.37257 0.280594
17.4767 5.35692 0.281402
17.4785 5.4099 0.280544
17.476 5.41071 0.280674
17.4413 5.4118 0.280141
17.4363 5.41537 0.280034
17.4249 5.29382 0.278852
17.4655 5.3805 0.277732
17.5512 5.32644 0.277374
17.3994 5.41109 0.278231
17.315 5.37614 0.283204
17.3633 5.40809 0.280954
17.3873 5.37771 0.282078
17.3576 5.34998 0.279811
17.4715 5.3903 0.278883
17.3892 5.36295 0.281262
17.3857 5.3554 0.279505
17.4246 5.53726 0.278848
17.4141 5.35505 0.278851
17.4081 5.41412 0.279262
17.3564 5.45416 0.280297
17.318 5.44893 0.28547
17.3615 5.41303 0.279439
17.4234 5.41649 0.280699
17.3891 5.35926 0.279728
17.4387 5.32899 0.27953
17.3666 5.47252 0.279823
17.4143 5.45225 0.279809
17.5062 5.49463 0.278421
17.5 5.39263 0.280284
17.3792 5.48445 0.282337
17.3388 5.3716 0.280435
17.5311 5.36852 0.27765
17.5358 5.36426 0.277667
17.4056 5.38141 0.280698
17.4667 5.37241 0.278863
17.4109 5.4025 0.279216
17.4089 5.40839 0.279185
17.4578 5.44514 0.280144
17.3686 5.44803 0.281445
17.3923 5.47708 0.279463
17.3992 5.47707 0.279468
17.4048 5.38873 0.282089
17.4963 5.39073 0.278553
17.4436 5.44511 0.278671
17.4467 5.44529 0.278812
17.3884 5.40719 0.280302
17.3798 5.38507 0.279523
17.4195 5.42554 0.278814
17.4645 5.43615 0.276065
17.4555 5.49014 0.279596
17.4074 5.35018 0.281042
17.3262 5.31833 0.280508
17.4124 5.47855 0.281593
17.3484 5.43406 0.281135
17.4129 5.40163 0.280277
17.4558 5.45174 0.277804
17.3776 5.40654 0.2826
17.4704 5.35441 0.27703
17.3016 5.35613 0.282458
17.3628 5.34401 0.281545
17.4412 5.44052 0.28012
17.2979 5.33384 0.282396
17.4824 5.35068 0.281396
17.3287 5.40583 0.28006
17.4319 5.28702 0.279042
17.322 5.34474 0.278162
17.5486 5.33155 0.277441
17.4057 5.41819 0.27811
17.3987 5.34586 0.283089
17.3369 5.42684 0.282949
17.3626 5.47883 0.281252
17.3689 5.35557 0.277869
17.3973 5.44624 0.280808
17.3855 5.37505 0.282217
17.4634 5.38384 0.279126
17.4107 5.45035 0.279151
17.3106 5.3855 0.279641
17.3857 5.35634 0.279666
17.4164 5.43273 0.278779
17.4294 5.36764 0.279964
17.4173 5.3561 0.278935
17.4206 5.37993 0.280182
17.4074 5.41455 0.279432
17.3653 5.417 0.279591
17.422 5.41958 0.280517
17.4581 5.37436 0.278022
17.4531 5.37662 0.277855
17.3853 5.41614 0.282557
17.4503 5.43063 0.278122
17.4067 5.4479 0.279493
17.4924 5.39511 0.280343
17.3366 5.47742 0.282849
17.3902 5.41918 0.279696
17.4165 5.41239 0.280631
17.5306 5.37019 0.277658
17.458 5.25444 0.279393
17.3914 5.34766 0.27697
17.4607 5.36754 0.278643
17.3241 5.41039 0.283414
17.2126 5.34386 0.284351
17.4632 5.44699 0.280205
17.3815 5.38183 0.280988
17.2935 5.33613 0.282689
17.4749 5.37264 0.279955
17.4892 5.45221 0.278615
17.3947 5.27417 0.280556
17.3858 5.41244 0.28004
17.4897 5.40913 0.278743
17.3317 5.42958 0.278323
17.4095 5.32438 0.282019
17.4158 5.32242 0.282194
17.4167 5.44317 0.279136
17.4006 5.34491 0.280982
17.4067 5.35078 0.280884
17.4026 5.3997 0.280177
17.35 5.43252 0.28115
17.3085 5.40568 0.283583
17.4029 5.40583 0.280219
17.4195 5.38991 0.279184
17.4619 5.35519 0.277923
17.3747 5.40734 0.28255
17.4723 5.34881 0.276758
17.4676 5.35467 0.276778
17.4171 5.39948 0.275993
17.4192 5.44813 0.281336
17.3051 5.44787 0.283908
17.4499 5.37387 0.28047
17.4808 5.3558 0.281513
17.2852 5.44382 0.282494
17.3697 5.40032 0.279419
17.4271 5.52 0.277913
17.4341 5.28329 0.277526
17.4234 5.35346 0.278625
17.3203 5.39776 0.277611
17.342 5.37242 0.279066
17.3969 5.35135 0.283106
17.3971 5.38676 0.279532
17.3594 5.32218 0.283325
17.3358 5.3825 0.279817
17.361 5.35255 0.279998
17.4652 5.38839 0.279012
17.354 5.4159 0.279571
17.4075 5.4047 0.279533
17.4259 5.43852 0.278838
17.4299 5.36592 0.27993
17.3414 5.31911 0.2794
17.4112 5.35264 0.279195
17.4198 5.37678 0.280361
17.3299 5.39014 0.280601
17.4234 5.4209 0.280419
17.3875 5.3616 0.279766
17.4522 5.37406 0.278269
17.4045 5.30772 0.279873
17.4363 5.44708 0.282935
17.3308 5.37423 0.280257
17.5076 5.49643 0.278594
17.4929 5.39059 0.280309
17.4949 5.39289 0.28022
17.3525 5.28008 0.277871
17.5134 5.39413 0.278365
17.5108 5.39429 0.278247
17.3376 5.32463 0.280218
17.4194 5.42214 0.280583
17.5327 5.36828 0.277731
17.4091 5.38454 0.280644
17.3891 5.42777 0.279282
17.4585 5.43721 0.276403
17.4136 5.40248 0.279001
17.4037 5.47839 0.278944
17.4036 5.48455 0.278853
17.3385 5.44032 0.2831
17.3736 5.40242 0.281107
17.3956 5.3902 0.282068
17.4996 5.39215 0.278324
17.4911 5.45708 0.278203
17.443 5.44406 0.278493
17.2825 5.423 0.284087
17.49 5.40837 0.278632
17.4885 5.40699 0.278747
17.4187 5.42298 0.278839
17.382 5.42626 0.279934
17.395 5.40111 0.277713
17.3977 5.39424 0.280108
17.3955 5.40251 0.280075
17.398 5.4759 0.281562
17.3744 5.34054 0.278048
17.2483 5.38386 0.279909
17.4526 5.39717 0.280983
17.3531 5.47772 0.282014
17.4607 5.36143 0.277949
17.4556 5.35888 0.279241
17.4487 5.35487 0.279318
17.4393 5.4711 0.277535
17.298 5.3783 0.279768
17.4278 5.38586 0.282339
17.4526 5.3703 0.280527
17.4451 5.37645 0.280316
17.4874 5.35606 0.281435
17.4418 5.41064 0.279983
17.4251 5.28604 0.278844
17.4174 5.39005 0.280531
17.4184 5.39163 0.280394
17.549 5.33226 0.277169
17.4294 5.34713 0.278471
17.3899 5.35403 0.283266
17.3508 5.3966 0.282745
17.3652 5.42168 0.281122
17.3425 5.38781 0.283906
17.4212 5.44897 0.281435
17.3277 5.4344 0.281345
17.2944 5.41584 0.280865
17.4056 5.40843 0.279332
17.3779 5.34551 0.280593
17.4185 5.43874 0.278879
17.2857 5.39859 0.281889
17.4262 5.37892 0.280063
17.3668 5.36016 0.278961
17.3686 5.36161 0.279045
17.3578 5.45952 0.281983
17.4248 5.41652 0.28039
17.3901 5.35051 0.279744
17.4438 5.32493 0.279559
17.4851 5.35883 0.275529
17.3289 5.36624 0.280532
17.4154 5.44679 0.279474
17.3754 5.47131 0.282162
17.3772 5.47783 0.282507
17.51 5.39207 0.278423
17.423 5.44815 0.279412
17.4542 5.25028 0.279274
17.49 5.49693 0.277216
17.4291 5.40033 0.278503
17.334 5.40857 0.280905
17.4104 5.40916 0.279439
17.4083 5.47931 0.279219
17.3904 5.48062 0.280169
17.3674 5.40461 0.281116
17.4804 5.37132 0.279939
17.3265 5.37727 0.279316
17.4464 5.38415 0.278152
17.3866 5.41592 0.28035
17.4851 5.40435 0.278702
17.4865 5.40393 0.278688
17.3442 5.41936 0.282164
17.4178 5.42649 0.278889
17.4597 5.49356 0.279878
17.4076 5.3163 0.280553
17.405 5.35105 0.280854
17.3996 5.34743 0.280865
17.2775 5.4164 0.282881
17.4751 5.46379 0.275864
17.3266 5.45079 0.282334
17.3518 5.49042 0.277799
17.3554 5.46412 0.278291
17.3676 5.34856 0.279887
17.3828 5.396 0.27731
17.4547 5.36152 0.279154
17.4535 5.3588 0.279268
17.4431 5.4587 0.277698
17.3804 5.3443 0.281249
17.2926 5.33357 0.282661
17.455 5.37421 0.280441
17.4875 5.45135 0.280449
17.4904 5.44712 0.280218
17.4295 5.28429 0.278932
17.459 5.39138 0.277589
17.5514 5.32663 0.277475
17.388 5.35079 0.283147
17.3399 5.43234 0.282651
17.3494 5.3373 0.280694
17.3697 5.45743 0.277046
17.391 5.30962 0.276826
17.4082 5.41421 0.279781
17.3534 5.34637 0.280101
17.4018 5.41293 0.278603
17.4081 5.45822 0.278966
17.4071 5.44887 0.27909
17.4619 5.42549 0.278952
17.4336 5.37361 0.27995
17.4827 5.39967 0.275456
17.425 5.37407 0.280072
17.4203 5.37457 0.280072
17.4095 5.46122 0.2803
17.4183 5.41741 0.280615
17.3667 5.42801 0.281698
17.4416 5.32956 0.2795
17.4477 5.42977 0.278135
17.3813 5.4593 0.279674
17.4907 5.39563 0.280234
17.3366 5.30679 0.276581
17.3624 5.30699 0.285073
17.5095 5.39324 0.278323
17.4256 5.42728 0.281951
17.4264 5.4243 0.281969
17.5277 5.36604 0.277797
17.3843 5.4472 0.278843
17.4028 5.38924 0.280734
17.466 5.36565 0.278525
17.4665 5.3692 0.278768
17.4265 5.45838 0.278619
17.461 5.4381 0.280143
17.3341 5.44272 0.282937
17.3525 5.43657 0.278823
17.3947 5.48153 0.279511
17.4105 5.50636 0.278866
17.4028 5.38775 0.282103
17.4694 5.37808 0.27982
17.4992 5.39382 0.278334
17.489 5.45077 0.278479
17.3968 5.27894 0.280805
17.3338 5.47829 0.283923
17.3271 5.4542 0.281296
17.4182 5.32622 0.282027
17.4575 5.48673 0.279548
17.4047 5.35561 0.280924
17.4057 5.35008 0.280887
17.3753 5.50054 0.279194
17.3716 5.47668 0.280579
17.3396 5.40065 0.27978
17.3101 5.32666 0.28152
17.4197 5.38622 0.279322
17.3681 5.47636 0.280345
17.4705 5.35328 0.276876
17.3546 5.32854 0.279801
17.3566 5.43818 0.282438
17.4485 5.4401 0.280289
17.4305 5.38545 0.281932
17.4489 5.37929 0.280718
17.4873 5.44801 0.280466
17.3652 5.3987 0.279774
17.3638 5.40294 0.279196
17.4295 5.28726 0.278642
17.333 5.37701 0.279518
17.4588 5.38776 0.277655
17.5567 5.32958 0.277196
17.3936 5.35188 0.283189
17.3182 5.37815 0.283126
17.3704 5.41928 0.281264
17.3614 5.32584 0.283283
17.3899 5.37728 0.282134
17.4671 5.38866 0.279098
17.3242 5.33522 0.283244
17.3859 5.36445 0.281359
17.3927 5.35983 0.281309
17.4623 5.4312 0.279026
17.3598 5.42301 0.279506
17.4034 5.40769 0.27961
17.4029 5.40866 0.27958
17.4127 5.35186 0.27905
17.4815 5.40503 0.275275
17.368 5.4532 0.277502
17.4222 5.38014 0.27996
17.3592 5.41706 0.279485
17.3682 5.43569 0.281849
17.4445 5.32881 0.279602
17.4432 5.32513 0.279423
17.3426 5.36393 0.280798
17.4952 5.39568 0.280289
17.4085 5.42977 0.279689
17.4107 5.43176 0.279414
17.5133 5.39565 0.278295
17.4221 5.45193 0.279269
17.3443 5.44864 0.278088
17.4065 5.38065 0.280552
17.4356 5.40352 0.278458
17.4523 5.43485 0.276463
17.3993 5.46955 0.278047
17.3725 5.44276 0.281121
17.3108 5.33321 0.280749
17.4386 5.43699 0.277559
17.4929 5.45578 0.278481
17.443 5.38675 0.278202
17.3951 5.27028 0.280535
17.4905 5.40297 0.278472
17.4872 5.41247 0.278852
17.3262 5.47442 0.281674
17.3773 5.38477 0.27923
17.4818 5.46785 0.283319
17.4235 5.42366 0.278742
17.4575 5.49021 0.279663
17.4029 5.44295 0.276418
17.3232 5.42778 0.280902
17.3189 5.4437 0.278916
17.4546 5.40089 0.281334
17.3752 5.45425 0.281215
17.4653 5.35781 0.277813
17.3792 5.44159 0.281838
17.3833 5.44137 0.281763
17.4708 5.35234 0.276773
17.3495 5.44704 0.280653
17.362 5.4343 0.28249
17.3802 5.34799 0.280992
17.4459 5.37412 0.280493
17.4485 5.37328 0.280612
17.4851 5.35467 0.281268
17.4838 5.34797 0.281396
17.4906 5.44638 0.280225
17.4749 5.40809 0.280735
17.4276 5.29373 0.278982
17.419 5.38868 0.280458
17.55 5.32196 0.27736
17.4525 5.38473 0.278512
17.3092 5.38272 0.283193
17.4039 5.44141 0.28078
17.4196 5.39172 0.279156
17.4676 5.38924 0.278933
17.383 5.35472 0.27944
17.4089 5.40757 0.279643
17.4357 5.4893 0.280935
17.4285 5.36785 0.279859
17.4301 5.36836 0.279918
17.2886 5.39863 0.281608
17.4245 5.38427 0.280198
17.4208 5.38058 0.279935
17.3593 5.41367 0.278593
17.43 5.42093 0.280776
17.4249 5.45559 0.279212
17.445 5.33213 0.279244
17.3699 5.35356 0.278343
17.375 5.35227 0.278196
17.4477 5.43116 0.278184
17.487 5.39252 0.280351
17.3421 5.47977 0.282772
17.3407 5.37581 0.280435
17.3958 5.40193 0.279826
17.4592 5.2019 0.280798
17.3155 5.46258 0.280441
17.4783 5.4811 0.277268
17.3996 5.4468 0.280533
17.467 5.44254 0.280181
17.3959 5.51922 0.28341
17.4195 5.45937 0.279872
17.3379 5.4387 0.282953
17.287 5.33117 0.282804
17.469 5.37564 0.279899
17.4991 5.39609 0.27853
17.3883 5.44735 0.280383
17.4387 5.43676 0.277572
17.4415 5.44461 0.278318
17.3507 5.45604 0.283198
17.4838 5.46203 0.283539
17.4216 5.32737 0.282053
17.4213 5.4391 0.279485
17.4014 5.35367 0.280853
17.4814 5.46772 0.275708
17.3282 5.48732 0.280269
17.3747 5.49659 0.279049
17.3622 5.44693 0.281015
17.4569 5.39522 0.281034
17.3467 5.3477 0.280993
17.3581 5.34957 0.27973
17.3329 5.32382 0.280561
17.4672 5.4836 0.27815
17.3616 5.34837 0.281475
17.3812 5.34782 0.281152
17.386 5.34828 0.281234
17.3448 5.34751 0.279823
17.4416 5.43894 0.279951
17.4275 5.3899 0.282071
17.4851 5.35614 0.281456
17.4889 5.4445 0.280277
17.4449 5.41281 0.2798
17.4361 5.28541 0.278658
17.4221 5.38825 0.280571
17.3193 5.33829 0.278201
17.5459 5.3342 0.277419
17.3867 5.35048 0.283227
17.3924 5.37892 0.279586
17.362 5.32395 0.283239
17.342 5.39036 0.283667
17.4155 5.44404 0.281474
17.4061 5.45424 0.279114
17.4611 5.43126 0.279023
17.3891 5.36749 0.279728
17.4031 5.40786 0.279861
17.4318 5.3641 0.279991
17.4104 5.35238 0.279088
17.4251 5.37781 0.280057
17.4466 5.49017 0.275831
17.3142 5.45296 0.285592
17.3916 5.35198 0.279819
17.4564 5.37523 0.278247
17.3476 5.48923 0.282181
17.3747 5.47316 0.279665
17.4349 5.44656 0.283033
17.491 5.39047 0.280225
17.3534 5.28191 0.277948
17.3833 5.47224 0.282302
17.3709 5.42953 0.280103
17.3688 5.42377 0.279986
17.4077 5.42733 0.279447
17.4238 5.4327 0.281522
17.4206 5.42662 0.281939
17.5344 5.36863 0.277666
17.4219 5.40496 0.278479
17.4647 5.36696 0.278599
17.3898 5.67518 0.283966
