127.428 20.3576 0.059142
127.44 20.3172 0.0593344
127.543 20.3637 0.05699
127.581 20.377 0.0590426
127.542 20.3245 0.0575709
127.529 20.327 0.0585196
127.44 20.3279 0.0575441
127.522 20.3184 0.0576006
127.511 20.3225 0.0609215
127.447 20.3826 0.0564713
127.527 20.4108 0.0580697
127.459 20.2922 0.0613897
127.488 20.4057 0.0614575
127.598 20.3874 0.0563611
127.484 20.4346 0.0624069
127.435 20.2337 0.0560314
127.585 20.4136 0.0575459
127.515 20.3523 0.0580158
127.557 20.3475 0.0613648
127.553 20.3531 0.0614337
127.564 20.3944 0.0577954
127.406 20.3795 0.0621297
127.565 20.3499 0.0553086
127.446 20.3294 0.0589864
127.533 20.2666 0.0591241
127.517 20.3801 0.058734
127.498 20.3162 0.0565247
127.464 20.2416 0.0565671
127.551 20.4929 0.0591384
127.509 20.3587 0.0574271
127.535 20.3623 0.0577404
127.468 20.3528 0.058684
127.602 20.3806 0.0567486
127.428 20.4108 0.0603562
127.493 20.3169 0.0565165
127.577 20.292 0.0578019
127.502 20.2962 0.0617821
127.44 20.441 0.0614599
127.548 20.3299 0.0579367
127.534 20.3605 0.0564895
127.5 20.4316 0.0558719
127.522 20.5328 0.0583907
127.43 20.4036 0.0592629
127.485 20.42 0.0586273
127.501 20.3735 0.0602266
127.575 20.2904 0.0576201
127.55 20.3318 0.058803
127.587 20.283 0.0592354
127.513 20.3433 0.0600267
127.496 20.4693 0.05744
127.519 20.3756 0.059566
127.484 20.3253 0.0577953
127.511 20.2795 0.0544833
127.499 20.3889 0.0603013
127.538 20.3139 0.0594739
127.418 20.3186 0.0585421
127.479 20.3114 0.0600536
127.504 20.3189 0.0583421
127.509 20.3852 0.0599455
127.585 20.3728 0.0592225
127.532 20.371 0.059746
127.474 20.341 0.0610217
127.589 20.4178 0.0552038
127.507 20.4007 0.0585168
127.476 20.4147 0.058723
127.513 20.3253 0.0607383
127.524 20.4145 0.0581151
127.486 20.2752 0.057472
127.477 20.3981 0.0617024
127.489 20.41 0.0614488
127.44 20.4559 0.0595639
127.485 20.4234 0.0623383
127.465 20.295 0.0594321
127.573 20.3195 0.0589388
127.514 20.3499 0.0578836
127.556 20.356 0.0612493
127.454 20.4066 0.0566327
127.448 20.4058 0.0602974
127.509 20.3657 0.0579866
127.472 20.3742 0.058484
127.558 20.2716 0.0573087
127.559 20.4692 0.0572331
127.491 20.4061 0.0580195
127.55 20.4982 0.0590509
127.546 20.4841 0.0589188
127.355 20.3772 0.0614752
127.457 20.3232 0.0554199
127.605 20.3064 0.0575487
127.553 20.3488 0.0597012
127.468 20.3771 0.0609925
127.44 20.4429 0.0613425
127.514 20.2464 0.0546678
127.527 20.5288 0.0585923
127.521 20.5371 0.0585729
127.479 20.4836 0.0608085
127.436 20.4241 0.0571395
127.604 20.3628 0.0576498
127.499 20.3326 0.0627644
127.493 20.3241 0.0609697
127.547 20.3383 0.0589518
127.463 20.3753 0.0604197
127.446 20.4318 0.0602976
127.506 20.3485 0.0600159
127.519 20.3745 0.0594393
127.506 20.3271 0.059887
127.518 20.3341 0.0567802
127.481 20.4335 0.0595582
127.468 20.4398 0.0591646
127.456 20.3505 0.0622939
127.481 20.3105 0.0602404
127.492 20.3128 0.0557246
127.507 20.3826 0.0598439
127.513 20.3016 0.0585553
127.579 20.372 0.0591916
127.434 20.3469 0.0640076
127.444 20.3839 0.0560859
127.559 20.281 0.0589258
127.536 20.3693 0.0575071
127.504 20.271 0.0578761
127.597 20.3668 0.055757
127.495 20.4044 0.0614221
127.602 20.3902 0.0563823
127.603 20.3911 0.0563626
127.499 20.3502 0.0562303
127.479 20.3352 0.0610042
127.585 20.4146 0.0573452
127.588 20.4108 0.0574926
127.424 20.4077 0.0574279
127.564 20.3488 0.0612158
127.559 20.3862 0.0577229
127.552 20.3904 0.0576865
127.52 20.4295 0.0573623
127.544 20.3499 0.0588576
127.47 20.3902 0.0588609
127.423 20.3605 0.0583601
127.537 20.3669 0.0584542
127.439 20.4 0.058747
127.495 20.3808 0.056284
127.55 20.4898 0.0590803
127.489 20.4089 0.0576354
127.584 20.3111 0.0604708
127.607 20.3779 0.0564863
127.43 20.4449 0.0576905
127.495 20.3452 0.0565446
127.586 20.3369 0.0564337
127.397 20.3686 0.0582969
127.488 20.327 0.0613502
127.451 20.3978 0.0593968
127.561 20.4204 0.0571442
127.561 20.4173 0.0569309
127.547 20.3328 0.0580713
127.483 20.3504 0.0599633
127.517 20.3724 0.0605532
127.493 20.3515 0.0556267
127.49 20.2978 0.0594923
127.48 20.4171 0.0585512
127.493 20.3349 0.062638
127.565 20.2926 0.0585332
127.466 20.3763 0.0602957
127.498 20.2922 0.0594358
127.513 20.3485 0.0598413
127.372 20.3991 0.0587534
127.498 20.2803 0.05549
127.479 20.4345 0.0571587
127.494 20.3902 0.0604622
127.476 20.3474 0.0608728
127.479 20.3452 0.0610355
127.599 20.3596 0.0598717
127.595 20.3616 0.0598239
127.429 20.3626 0.0593858
127.511 20.3431 0.0600087
127.524 20.3117 0.0581415
127.543 20.3614 0.0569091
127.581 20.3712 0.0592257
127.554 20.2999 0.0566008
127.576 20.3378 0.0578455
127.57 20.3314 0.0577497
127.515 20.323 0.0609176
127.504 20.4219 0.0542954
127.56 20.3364 0.0578082
127.484 20.4033 0.0614807
127.488 20.4053 0.0614413
127.604 20.3834 0.0550087
127.602 20.3926 0.0564034
127.497 20.2544 0.0551798
127.569 20.3131 0.0589591
127.38 20.359 0.0610299
127.559 20.3541 0.0614145
127.426 20.3917 0.0609288
127.448 20.4106 0.0600435
127.528 20.4172 0.0574506
127.439 20.4267 0.0622883
127.535 20.3049 0.0581886
127.466 20.3888 0.0590165
127.562 20.4684 0.0571057
127.488 20.3177 0.0589993
127.487 20.3974 0.0582046
127.546 20.489 0.0591961
127.461 20.3533 0.0585867
127.606 20.3805 0.0565247
127.571 20.3523 0.0565013
127.513 20.2824 0.0582222
127.575 20.328 0.0615083
127.573 20.3288 0.0616256
127.554 20.4277 0.0569654
127.488 20.3529 0.0597735
127.496 20.4442 0.0572172
127.495 20.4403 0.0571427
127.42 20.368 0.0590558
127.513 20.3482 0.0575484
127.486 20.3117 0.0594234
127.489 20.4829 0.0609494
127.467 20.3721 0.0575925
127.481 20.3678 0.055352
127.485 20.3379 0.0610355
127.529 20.2966 0.0590374
127.507 20.3424 0.0599262
127.495 20.4712 0.0573081
127.503 20.3536 0.0573718
127.484 20.4336 0.0596749
127.495 20.3247 0.0557562
127.515 20.3327 0.0592055
127.475 20.32 0.0600428
127.494 20.4241 0.0575716
127.507 20.3919 0.0598382
127.537 20.364 0.0594786
127.442 20.3699 0.0585053
127.547 20.3225 0.0574571
127.578 20.3369 0.0576985
127.567 20.3067 0.0566839
127.527 20.4119 0.058162
127.524 20.4089 0.0581466
127.47 20.3294 0.0613635
127.465 20.292 0.061186
127.477 20.3994 0.0617556
127.578 20.289 0.0595985
127.484 20.4201 0.0624557
127.574 20.3438 0.056776
127.589 20.4162 0.0574553
127.585 20.4174 0.0574271
127.457 20.3403 0.056089
127.525 20.2785 0.0568833
127.558 20.3894 0.0578051
127.439 20.3592 0.0566166
127.478 20.3726 0.058934
127.507 20.3671 0.057757
127.468 20.3836 0.0585856
127.539 20.3646 0.0583563
127.535 20.3757 0.0583837
127.554 20.4707 0.0572287
127.553 20.4682 0.0572382
127.56 20.4682 0.0572663
127.563 20.2499 0.059175
127.493 20.3093 0.0582449
127.608 20.3822 0.0566304
127.549 20.2864 0.0613231
127.545 20.289 0.0613384
127.601 20.3119 0.0575869
127.556 20.344 0.0597362
127.567 20.329 0.0584343
127.571 20.3321 0.0586625
127.573 20.3315 0.0616779
127.454 20.3945 0.059545
127.564 20.4281 0.0572014
127.494 20.4382 0.0570906
127.503 20.4424 0.0571774
127.524 20.5356 0.0584915
127.431 20.4043 0.059318
127.548 20.3922 0.0559924
127.604 20.3599 0.0564179
127.605 20.3757 0.0577682
127.491 20.3297 0.0582058
127.544 20.3417 0.0586804
127.547 20.3786 0.0556351
127.455 20.2974 0.0579898
127.509 20.3489 0.0599953
127.552 20.3118 0.058832
127.489 20.3543 0.0575646
127.494 20.3565 0.0573728
127.481 20.4035 0.0583524
127.471 20.3502 0.060986
127.597 20.3607 0.0599554
127.465 20.3414 0.0603109
127.51 20.2925 0.0588959
127.46 20.3156 0.0622063
127.504 20.3836 0.0601511
127.506 20.3853 0.0598035
127.585 20.3781 0.0591271
127.534 20.3314 0.0586392
127.472 20.3571 0.0565701
127.572 20.3331 0.0576952
127.475 20.4251 0.0587008
127.499 20.3052 0.0569946
127.526 20.3213 0.058968
127.53 20.323 0.0590404
127.476 20.3944 0.061778
127.488 20.403 0.0615796
127.596 20.3831 0.0564006
127.534 20.2786 0.0576269
127.488 20.4262 0.0623504
127.542 20.3371 0.0573724
127.489 20.3546 0.0562158
127.484 20.3395 0.0609106
127.518 20.2751 0.0581898
127.558 20.3932 0.0587154
127.528 20.2766 0.0566464
127.425 20.3859 0.0611947
127.511 20.3233 0.0548138
127.522 20.423 0.05723
127.449 20.3214 0.0592452
127.473 20.3759 0.0583964
127.427 20.362 0.0584292
127.519 20.382 0.0587362
127.557 20.4708 0.0569942
127.496 20.3211 0.0587845
127.492 20.3192 0.0588339
127.551 20.4917 0.0591564
127.588 20.3119 0.0604524
127.547 20.2849 0.0615403
127.513 20.362 0.0583146
127.573 20.3284 0.0567691
127.51 20.2904 0.0584136
127.469 20.3721 0.0608405
127.566 20.4236 0.057304
127.485 20.3534 0.059935
127.496 20.4408 0.0570835
127.496 20.2691 0.0587625
127.526 20.5324 0.0585242
127.525 20.5311 0.0582976
127.486 20.4835 0.0607545
127.611 20.3575 0.0566424
127.613 20.3579 0.0565146
127.488 20.3341 0.0627763
127.483 20.3336 0.0608587
127.55 20.3342 0.0586685
127.497 20.3017 0.059696
127.536 20.2697 0.0603976
127.517 20.3338 0.0567368
127.496 20.3883 0.0602505
127.433 20.4206 0.0584407
127.538 20.3156 0.059379
127.595 20.3543 0.0600159
127.47 20.338 0.0601355
127.492 20.4231 0.0575123
127.507 20.3839 0.0598352
127.534 20.3652 0.0597527
127.429 20.3388 0.0639989
127.59 20.4111 0.0553147
127.567 20.3423 0.0563409
127.485 20.4363 0.057546
127.528 20.4155 0.058135
127.528 20.3189 0.0590733
127.49 20.4056 0.0614224
127.597 20.3854 0.0565343
127.419 20.2403 0.0609402
127.479 20.3374 0.0611257
127.511 20.4506 0.0564597
127.38 20.3586 0.0609642
127.559 20.3511 0.061493
127.478 20.3048 0.0609179
127.441 20.4296 0.0625249
127.56 20.3522 0.0556077
127.469 20.3853 0.058989
127.416 20.3451 0.0588081
127.553 20.4712 0.0570341
127.562 20.2513 0.0592863
127.454 20.3061 0.0583135
127.526 20.2785 0.058256
127.552 20.2886 0.0617539
127.426 20.4119 0.0605359
127.549 20.3479 0.0597034
127.513 20.2938 0.0618498
127.437 20.4377 0.0614216
127.534 20.3594 0.056414
127.517 20.3672 0.0605447
127.543 20.3039 0.0577608
127.488 20.4821 0.0608533
127.488 20.489 0.0608105
127.486 20.4858 0.0608706
127.485 20.4085 0.0588421
127.61 20.3674 0.0574812
127.613 20.3746 0.0577227
127.486 20.3355 0.0607289
127.489 20.332 0.0608558
127.548 20.3377 0.0588019
127.42 20.3609 0.0574154
127.506 20.3515 0.0600968
127.508 20.3476 0.0599445
127.536 20.2683 0.0604291
127.447 20.287 0.0592843
127.506 20.3455 0.0580398
127.461 20.2825 0.0594911
127.515 20.328 0.0590251
127.598 20.359 0.0598981
127.463 20.3391 0.0601868
127.508 20.2831 0.058945
127.502 20.3826 0.0598174
127.579 20.3779 0.0589672
127.582 20.374 0.0591522
127.475 20.3393 0.0611962
127.596 20.4178 0.0552886
127.502 20.3775 0.0590619
127.496 20.3008 0.0623219
127.526 20.3236 0.0589181
127.474 20.3907 0.0616533
127.538 20.3888 0.0578793
127.575 20.289 0.0597312
127.599 20.3898 0.0565229
127.575 20.342 0.0567454
127.575 20.3158 0.0592408
127.573 20.3212 0.0589904
127.585 20.4137 0.0571891
127.423 20.4156 0.0573909
127.56 20.389 0.0578432
127.466 20.31 0.0608007
127.441 20.4249 0.0623402
127.508 20.3682 0.0577687
127.419 20.3517 0.0587573
127.421 20.4764 0.0587125
127.535 20.2602 0.0590231
127.561 20.4715 0.0572507
127.554 20.4698 0.057161
127.451 20.4046 0.0577708
127.535 20.3682 0.0577347
127.548 20.285 0.0614656
127.578 20.3582 0.0564353
127.432 20.3238 0.0576409
127.485 20.3297 0.0612512
127.441 20.4412 0.061509
127.56 20.4267 0.0571485
127.568 20.2644 0.0584327
127.523 20.5374 0.0583829
127.488 20.3075 0.0596753
127.49 20.488 0.0609174
127.531 20.3714 0.0551251
127.491 20.3253 0.0626364
127.551 20.3383 0.0587208
127.47 20.3766 0.0604598
127.588 20.2859 0.0591832
127.551 20.3151 0.0585711
127.518 20.3734 0.0596305
127.368 20.3986 0.0588732
127.477 20.4338 0.0596353
127.491 20.3197 0.0555386
127.541 20.318 0.0596033
127.539 20.3181 0.0596133
127.608 20.3406 0.0562627
127.521 20.2922 0.0596975
127.496 20.4248 0.0576137
127.49 20.3929 0.0582393
127.534 20.3093 0.05794
127.539 20.3687 0.0596334
127.533 20.3247 0.058796
127.509 20.4029 0.058682
127.506 20.3994 0.0587054
127.484 20.4315 0.0573871
127.527 20.3913 0.0565258
127.466 20.3239 0.0614573
127.467 20.3729 0.0571784
127.485 20.4051 0.061393
127.527 20.2987 0.0589665
127.495 20.3836 0.0569462
127.584 20.4149 0.0575108
127.452 20.3815 0.0570851
127.562 20.3523 0.0610966
127.561 20.3541 0.0614665
127.56 20.3898 0.0578929
127.414 20.3846 0.0575556
127.519 20.4186 0.0571818
127.439 20.4237 0.0624403
127.514 20.2856 0.0565418
127.541 20.3412 0.0533588
127.558 20.279 0.0573188
127.507 20.38 0.0588081
127.559 20.4765 0.057094
127.396 20.4043 0.0601041
127.565 20.2442 0.0591011
127.38 20.2385 0.0619501
127.591 20.3137 0.0603241
127.491 20.3441 0.0565145
127.574 20.3312 0.0568438
127.561 20.3491 0.0597615
127.486 20.3318 0.0612331
127.503 20.3001 0.0618723
127.558 20.4172 0.0571627
127.543 20.3335 0.0580861
127.517 20.3724 0.0604609
127.53 20.3072 0.0577401
127.488 20.4903 0.0606312
127.61 20.3556 0.0564482
127.498 20.3308 0.0626524
127.551 20.3418 0.058838
127.521 20.3284 0.0568707
127.508 20.3467 0.0599854
127.52 20.3736 0.0594457
127.497 20.2837 0.0554419
127.481 20.4285 0.0596345
127.485 20.3057 0.0562162
127.499 20.3897 0.0603238
126.389 21.3047 0.037313
