220.895 -11.6432 2.93736
220.828 -11.7411 2.93548
220.824 -11.7924 2.9364
220.799 -11.6869 2.93738
220.82 -11.7278 2.93768
220.751 -11.848 2.93778
220.955 -11.8052 2.94002
220.894 -11.7762 2.93943
220.786 -11.6556 2.94108
220.856 -11.7779 2.93543
220.73 -11.7265 2.9361
220.755 -11.7407 2.93615
220.77 -11.7832 2.93991
220.852 -11.7067 2.93699
220.778 -11.7829 2.94041
220.783 -11.7807 2.938
220.745 -11.7623 2.93445
220.771 -11.7709 2.93802
220.874 -11.639 2.93692
220.882 -11.6838 2.93626
220.751 -11.7979 2.937
220.77 -11.7073 2.9354
220.678 -11.6917 2.93621
220.906 -11.8494 2.93516
220.825 -11.6743 2.93361
220.888 -11.7543 2.93634
220.832 -11.8003 2.93888
220.809 -11.6756 2.93793
220.757 -11.7504 2.93828
220.835 -11.7917 2.93786
220.818 -11.7859 2.93787
220.871 -11.782 2.93908
220.787 -11.7263 2.93774
220.806 -11.8482 2.9379
220.711 -11.8197 2.93898
220.781 -11.7184 2.93645
220.924 -11.8824 2.93786
220.796 -11.8135 2.93799
220.791 -11.8111 2.93728
220.949 -11.805 2.93877
220.905 -11.794 2.93694
220.823 -11.7168 2.93355
220.703 -11.6793 2.93798
220.84 -11.6787 2.93762
220.778 -11.8677 2.93903
220.806 -11.8126 2.93698
220.751 -11.7116 2.93833
220.765 -11.7934 2.93769
220.891 -11.8009 2.93697
220.8 -11.7397 2.93545
220.82 -11.7997 2.93716
220.748 -11.656 2.93455
220.729 -11.6065 2.93476
220.829 -11.7363 2.93538
220.777 -11.7352 2.93804
220.803 -11.6616 2.93741
220.819 -11.6766 2.93445
220.74 -11.871 2.9384
220.876 -11.7299 2.9373
220.851 -11.8054 2.93651
220.761 -11.7584 2.93607
220.951 -11.7231 2.9389
220.973 -11.7202 2.93891
220.848 -11.8148 2.93243
220.821 -11.7934 2.9361
220.77 -11.8172 2.93512
220.775 -11.7989 2.93701
220.811 -11.7836 2.93906
220.726 -11.947 2.93895
220.813 -11.6499 2.93669
220.737 -11.7389 2.93782
220.767 -11.7624 2.93648
220.712 -11.858 2.93465
220.766 -11.6718 2.93471
220.805 -11.7668 2.93576
220.716 -11.7661 2.93619
220.791 -11.7859 2.93927
220.848 -11.7637 2.9366
220.843 -11.7608 2.93586
220.816 -11.7301 2.93503
220.714 -11.671 2.93896
220.813 -11.72 2.93933
220.852 -11.7673 2.93387
220.81 -11.6578 2.93861
220.815 -11.695 2.93504
220.786 -11.7012 2.93466
220.794 -11.7181 2.93574
220.798 -11.7756 2.93571
220.783 -11.6768 2.93642
220.791 -11.6644 2.93768
220.79 -11.7201 2.93842
220.805 -11.7815 2.93776
220.805 -11.7424 2.9334
220.827 -11.7611 2.93902
220.908 -11.7251 2.93939
220.853 -11.8153 2.93664
220.819 -11.7708 2.93816
220.786 -11.6362 2.93691
220.844 -11.6401 2.93081
220.878 -11.8241 2.94154
220.84 -11.8435 2.93722
220.855 -11.8952 2.93898
220.878 -11.744 2.93444
220.757 -11.7348 2.93625
220.794 -11.7497 2.93669
220.798 -11.7543 2.93483
220.915 -11.8352 2.93714
220.768 -11.7368 2.93666
220.882 -11.7092 2.9376
220.815 -11.7726 2.94049
220.788 -11.7183 2.93862
220.749 -11.7778 2.93827
220.852 -11.7885 2.93981
220.819 -11.8518 2.93911
220.825 -11.6786 2.93968
220.838 -11.8038 2.93532
220.835 -11.762 2.93898
220.829 -11.6933 2.93935
220.846 -11.7908 2.93636
220.876 -11.6952 2.93762
220.832 -11.8515 2.93415
220.866 -11.8938 2.93537
220.876 -11.7486 2.93686
220.812 -11.8014 2.93645
220.885 -11.6692 2.94029
220.829 -11.8152 2.93945
220.845 -11.7476 2.94274
220.868 -11.7377 2.93791
220.802 -11.7382 2.93248
220.858 -11.7504 2.93714
220.727 -11.7146 2.93546
220.915 -11.7704 2.93726
220.777 -11.6814 2.93674
220.764 -11.7215 2.93806
220.905 -11.7622 2.93803
220.74 -11.8763 2.93519
220.752 -11.9016 2.93668
220.778 -11.7581 2.93738
220.795 -11.7199 2.93723
220.711 -11.6956 2.93738
220.87 -11.7155 2.9359
220.838 -11.7049 2.93736
220.836 -11.7642 2.93459
220.774 -11.801 2.93715
220.855 -11.6563 2.93324
220.741 -11.7717 2.93912
220.692 -11.7325 2.9368
220.809 -11.7627 2.93512
220.775 -11.6849 2.93935
220.776 -11.7097 2.9397
220.84 -11.8795 2.93627
220.869 -11.7312 2.93322
220.821 -11.6577 2.935
220.814 -11.6836 2.93562
220.7 -11.8426 2.93926
220.876 -11.7433 2.93744
220.823 -11.6704 2.93811
220.801 -11.7212 2.93913
220.85 -11.6791 2.93547
220.797 -11.6661 2.93427
220.762 -11.7743 2.9391
220.875 -11.8531 2.93706
220.846 -11.751 2.93488
220.96 -11.7985 2.94122
220.77 -11.643 2.93361
220.847 -11.7075 2.93577
220.788 -11.7887 2.93492
220.792 -11.7326 2.936
220.756 -11.7669 2.93741
220.739 -11.645 2.93518
220.751 -11.6728 2.93615
220.747 -11.698 2.9363
220.855 -11.7288 2.93825
220.856 -11.7782 2.93688
220.783 -11.7429 2.93671
220.82 -11.7612 2.93713
220.91 -11.8867 2.93821
220.74 -11.6249 2.93664
220.83 -11.7114 2.93825
220.783 -11.7693 2.9335
220.717 -11.8305 2.93741
220.858 -11.7459 2.93606
220.749 -11.7892 2.93786
220.826 -11.7903 2.93872
220.86 -11.7943 2.93751
220.818 -11.7224 2.9374
220.766 -11.8296 2.93837
220.849 -11.7203 2.94006
220.833 -11.7743 2.93644
220.798 -11.7675 2.94011
220.788 -11.7718 2.93328
220.814 -11.6879 2.93561
220.772 -11.5695 2.93786
220.791 -11.8326 2.93873
220.869 -11.8539 2.93571
220.833 -11.8251 2.93714
220.814 -11.6874 2.93648
220.764 -11.6328 2.93683
220.91 -11.7222 2.93758
220.722 -11.7273 2.93713
220.825 -11.7912 2.93764
220.77 -11.7756 2.93577
220.899 -11.8147 2.93592
220.905 -11.8908 2.93982
220.712 -11.7484 2.93566
220.744 -11.7078 2.93583
220.847 -11.7088 2.93527
220.877 -11.7115 2.93535
220.84 -11.7309 2.93779
220.987 -11.7931 2.94053
220.862 -11.6796 2.93799
220.761 -11.7703 2.93683
220.803 -11.7977 2.93547
220.844 -11.8355 2.93551
220.89 -11.8778 2.93652
220.743 -11.6561 2.93411
220.82 -11.776 2.93769
220.743 -11.7645 2.939
220.758 -11.6444 2.93621
220.739 -11.6037 2.93691
220.754 -11.6219 2.93537
220.856 -11.8091 2.93845
220.8 -11.8351 2.93748
220.819 -11.7553 2.93775
220.802 -11.8638 2.93687
220.807 -11.7298 2.93317
220.798 -11.76 2.93857
220.805 -11.7189 2.93632
220.876 -11.9 2.94049
220.862 -11.7289 2.93511
220.807 -11.7665 2.93377
220.77 -11.676 2.93716
220.721 -11.6363 2.93798
220.756 -11.6681 2.93683
220.835 -11.781 2.93618
220.77 -11.6656 2.9355
220.706 -11.805 2.93774
220.76 -11.8232 2.93629
220.754 -11.7489 2.93765
220.765 -11.7553 2.9351
220.814 -11.7778 2.93735
220.83 -11.7593 2.93926
220.821 -11.716 2.93319
220.802 -11.6564 2.93709
220.844 -11.7296 2.93643
220.794 -11.6286 2.93775
220.857 -11.8342 2.93569
220.793 -11.6945 2.93955
220.895 -11.721 2.93637
220.889 -11.8261 2.93749
220.921 -11.7991 2.93865
220.712 -11.7098 2.93338
220.824 -11.7976 2.93743
220.789 -11.8112 2.93763
220.733 -11.779 2.93714
220.738 -11.7929 2.93552
220.713 -11.7374 2.93311
220.687 -11.675 2.93793
220.767 -11.7814 2.93853
220.745 -11.7652 2.93959
220.754 -11.8004 2.93787
220.787 -11.7999 2.93639
220.842 -11.739 2.93529
220.81 -11.7355 2.93838
220.758 -11.8087 2.93443
220.772 -11.6549 2.93495
220.816 -11.79 2.93581
220.892 -11.7309 2.93768
220.897 -11.6905 2.93709
220.815 -11.7417 2.93511
220.864 -11.7819 2.93703
220.886 -11.8448 2.93904
220.82 -11.7564 2.93599
220.84 -11.7197 2.93791
220.828 -11.727 2.9372
220.784 -11.8017 2.93767
220.845 -11.7186 2.93522
220.903 -11.6952 2.9363
220.818 -11.7961 2.93583
220.873 -11.801 2.93701
220.859 -11.827 2.9389
220.865 -11.9034 2.94099
220.91 -11.7373 2.93811
220.865 -11.7512 2.93736
220.806 -11.7216 2.93746
220.93 -11.8153 2.93655
220.92 -11.6433 2.93619
220.86 -11.8384 2.9357
220.824 -11.8003 2.93682
220.827 -11.7523 2.93627
220.816 -11.7143 2.93588
220.699 -11.8732 2.93658
220.71 -11.7804 2.93885
220.839 -11.7376 2.93389
220.952 -11.7819 2.93687
220.818 -11.7214 2.93587
220.834 -11.792 2.9369
220.941 -11.7424 2.93924
220.867 -11.8085 2.93932
220.782 -11.6279 2.93609
220.789 -11.7278 2.93937
220.903 -11.763 2.93625
220.825 -11.7698 2.93873
220.796 -11.7093 2.93778
220.875 -11.7668 2.94283
220.876 -11.6539 2.93836
220.816 -11.6799 2.93885
220.747 -11.7244 2.93784
220.773 -11.625 2.93618
220.844 -11.8092 2.93714
220.827 -11.7755 2.93821
220.819 -11.7485 2.93457
220.945 -11.8062 2.94102
220.802 -11.8085 2.93653
220.771 -11.7612 2.93624
220.784 -11.7802 2.93561
220.698 -11.7397 2.93503
220.794 -11.7837 2.93444
220.901 -11.7456 2.94181
220.8 -11.8306 2.94052
220.865 -11.7688 2.93868
220.851 -11.6979 2.93768
220.75 -11.7756 2.93705
220.782 -11.6881 2.93456
220.724 -11.8025 2.93489
220.745 -11.7577 2.93305
220.884 -11.7613 2.936
220.844 -11.7083 2.93725
220.729 -11.8565 2.93676
220.843 -11.7129 2.93887
220.843 -11.6923 2.93884
220.71 -11.7347 2.94138
220.909 -11.6584 2.93723
220.786 -11.6876 2.93617
220.901 -11.7032 2.93328
220.766 -11.6646 2.93436
220.799 -11.7511 2.93451
220.871 -11.8075 2.93989
220.755 -11.7651 2.93479
220.817 -11.6692 2.94067
220.835 -11.7299 2.93644
220.785 -11.6988 2.93753
220.874 -11.8487 2.94023
220.836 -11.7545 2.93877
220.813 -11.7733 2.9393
220.873 -11.8516 2.93698
220.781 -11.752 2.94022
220.736 -11.6927 2.93567
220.836 -11.8332 2.93907
220.803 -11.8436 2.93573
220.793 -11.7623 2.93198
220.841 -11.7241 2.93339
220.726 -11.7067 2.93651
220.834 -11.6678 2.93885
220.822 -11.8656 2.9382
220.802 -11.9032 2.93747
220.785 -11.7975 2.93811
220.813 -11.762 2.93928
220.873 -11.709 2.93481
220.786 -11.7696 2.93533
220.822 -11.8174 2.93631
220.796 -11.7682 2.93649
220.837 -11.7538 2.93624
220.832 -11.6893 2.932
220.793 -11.824 2.93693
220.835 -11.8561 2.93763
220.841 -11.7177 2.93578
220.755 -11.7409 2.93666
220.76 -11.7306 2.93669
220.774 -11.9817 2.93392
220.802 -11.8264 2.93525
220.79 -11.7089 2.94138
220.831 -11.7327 2.93847
220.87 -11.7494 2.93708
220.803 -11.703 2.9368
220.821 -11.691 2.93817
220.792 -11.8232 2.93566
220.867 -11.6716 2.93704
220.794 -11.7304 2.93485
220.821 -11.7173 2.93652
220.756 -11.8108 2.93727
220.711 -11.7598 2.94151
220.827 -11.7132 2.94066
220.74 -11.7741 2.93772
220.738 -11.7212 2.93856
220.767 -11.7665 2.937
220.76 -11.691 2.94082
220.808 -11.7989 2.93518
220.75 -11.7327 2.93611
220.751 -11.6651 2.93551
220.716 -11.7082 2.93918
220.751 -11.7427 2.93836
220.87 -11.7719 2.93601
220.8 -11.8162 2.93717
220.782 -11.7899 2.9345
220.734 -11.843 2.93413
220.869 -11.8501 2.93978
220.893 -11.7679 2.93866
220.837 -11.7344 2.93684
220.912 -11.7414 2.93651
220.775 -11.6424 2.93496
220.793 -11.7976 2.94137
220.863 -11.7643 2.9402
220.876 -11.8464 2.93865
220.877 -11.8843 2.93873
220.881 -11.8293 2.93541
220.886 -11.6636 2.93561
220.745 -11.7052 2.93823
220.729 -11.7145 2.93767
220.7 -11.7006 2.93713
220.855 -11.6999 2.93899
220.805 -11.7521 2.93608
220.842 -11.7991 2.93902
220.781 -11.8325 2.93759
220.776 -11.8888 2.9363
220.828 -11.8093 2.9364
220.763 -11.8228 2.93737
220.833 -11.8429 2.93539
220.763 -11.6888 2.93952
220.806 -11.8105 2.93693
220.704 -11.6767 2.93676
220.725 -11.7087 2.9366
220.793 -11.8493 2.93582
220.835 -11.7616 2.93524
220.809 -11.699 2.93812
220.854 -11.6132 2.93728
220.907 -11.7592 2.94064
220.89 -11.8113 2.94158
220.755 -11.7125 2.93172
220.813 -11.6917 2.93565
220.795 -11.8838 2.93645
220.807 -11.6442 2.93691
220.861 -11.82 2.93856
220.897 -11.7753 2.93962
220.759 -11.8068 2.93685
220.785 -11.8146 2.93641
220.652 -11.6744 2.93654
220.9 -11.7553 2.93507
220.747 -11.7289 2.93477
220.777 -11.7514 2.93244
220.776 -11.8433 2.93954
220.854 -11.7001 2.93716
220.783 -11.7937 2.93678
220.763 -11.6576 2.9386
220.864 -11.6724 2.93783
220.857 -11.7042 2.9365
220.814 -11.7214 2.93599
220.802 -11.7873 2.93674
220.709 -11.6722 2.93448
220.841 -11.6551 2.93829
220.784 -11.7179 2.93449
220.69 -11.769 2.9381
220.869 -11.8806 2.93744
220.861 -11.7395 2.93904
220.791 -11.7548 2.9354
220.862 -11.7797 2.93969
220.716 -11.7108 2.93613
220.842 -11.7684 2.93631
220.845 -11.8071 2.93449
220.775 -11.7921 2.93708
220.884 -11.8185 2.93286
220.788 -11.7849 2.93605
220.774 -11.8272 2.93755
220.89 -11.7332 2.94372
220.825 -11.6648 2.93961
220.785 -11.7784 2.93717
220.752 -11.905 2.93855
220.79 -11.722 2.93604
220.725 -11.7854 2.93699
220.737 -11.7938 2.93553
220.736 -11.7855 2.93608
220.809 -11.7245 2.93614
220.838 -11.7352 2.93557
220.771 -11.7976 2.93507
220.773 -11.7767 2.935
220.791 -11.8115 2.93479
220.821 -11.779 2.93719
220.859 -11.7565 2.93766
220.83 -11.8054 2.93748
220.806 -11.694 2.93603
220.782 -11.6875 2.93958
220.772 -11.8104 2.93566
220.899 -11.5693 2.93523
220.813 -11.7671 2.94002
220.733 -11.8041 2.93326
220.742 -11.734 2.93469
220.765 -11.6892 2.93395
220.817 -11.6618 2.93628
220.749 -11.7048 2.93467
220.794 -11.8034 2.9363
220.755 -11.7635 2.93552
220.825 -11.7729 2.9367
220.816 -11.8083 2.93671
220.833 -11.8401 2.93642
220.789 -11.7451 2.93762
220.746 -11.6993 2.93522
220.755 -11.6886 2.93736
220.789 -11.7038 2.93822
220.771 -11.8198 2.93471
221.396 -14.9606 2.93274
