13.2083 7.34116 0.233092
13.3125 7.40565 0.235784
13.2451 7.30588 0.235806
13.3106 7.42112 0.233361
13.2721 7.3127 0.234549
13.2589 7.38894 0.230363
13.3115 7.2931 0.233016
13.2172 7.39451 0.228939
13.2596 7.26525 0.234715
13.3267 7.4146 0.229915
13.2814 7.31754 0.234186
13.2678 7.38985 0.229828
13.2856 7.322 0.232319
13.246 7.41459 0.235657
13.215 7.29738 0.239512
13.3055 7.36841 0.234153
13.3687 7.38377 0.233836
13.3265 7.35871 0.235628
13.3477 7.27683 0.235203
13.2804 7.34448 0.230621
13.2812 7.33692 0.232283
13.2289 7.47958 0.232889
13.2462 7.39549 0.235207
13.3073 7.38014 0.236959
13.258 7.32342 0.234142
13.2696 7.3535 0.234488
13.2707 7.34779 0.234343
13.261 7.27245 0.234197
13.2686 7.2744 0.234177
13.2952 7.34656 0.230585
13.3098 7.39652 0.236077
13.2874 7.39362 0.236856
13.3232 7.32641 0.233639
13.3221 7.33061 0.233574
13.29 7.3568 0.233734
13.291 7.39584 0.231675
13.287 7.39521 0.231644
13.2864 7.40037 0.23279
13.3285 7.35596 0.23096
13.2438 7.34556 0.235761
13.2496 7.35139 0.235684
13.344 7.25841 0.233874
13.2354 7.3479 0.236236
13.3195 7.42756 0.232831
13.2481 7.24148 0.233253
13.3014 7.33386 0.235938
13.2808 7.40343 0.232754
13.3025 7.34091 0.237593
13.3011 7.39127 0.233858
13.3024 7.38941 0.233627
13.2752 7.40459 0.234411
13.2654 7.40391 0.235164
13.193 7.34627 0.234713
13.1959 7.34558 0.234682
13.247 7.3793 0.232585
13.2642 7.39057 0.235657
13.2933 7.32779 0.233484
13.2515 7.29953 0.234052
13.3192 7.29996 0.233034
13.2918 7.3996 0.236131
13.3345 7.2386 0.234835
13.3283 7.23951 0.235022
13.3502 7.25994 0.234384
13.2839 7.33918 0.234049
13.2865 7.29539 0.230708
13.2918 7.37002 0.233997
13.3018 7.32584 0.236399
13.2957 7.32114 0.23641
13.3635 7.20275 0.235039
13.2709 7.37841 0.233503
13.3116 7.26713 0.233491
13.3145 7.42996 0.235424
13.1846 7.34709 0.234093
13.3165 7.33508 0.236138
13.3086 7.30744 0.232786
13.3718 7.26295 0.234022
13.2071 7.3397 0.23241
13.2078 7.34258 0.232331
13.3481 7.357 0.233276
13.2443 7.40857 0.233513
13.2435 7.41386 0.233767
13.3227 7.30947 0.234201
13.3182 7.30141 0.234147
13.2765 7.3691 0.233245
13.2143 7.37881 0.232934
13.3277 7.33907 0.235883
13.2523 7.42601 0.236799
13.2599 7.42777 0.236858
13.3089 7.33118 0.234011
13.2333 7.4037 0.234227
13.3276 7.31266 0.232629
13.3506 7.29563 0.23401
13.269 7.35126 0.233634
13.2391 7.37044 0.234444
13.2646 7.38278 0.234646
13.2212 7.29894 0.233316
13.2906 7.39702 0.229631
13.3776 7.23251 0.230493
13.339 7.35214 0.229706
13.2268 7.40029 0.234868
13.2712 7.22649 0.232241
13.4789 7.25225 0.231922
13.2569 7.29935 0.234269
13.2649 7.36801 0.23575
13.303 7.35247 0.233976
13.3264 7.4338 0.237428
13.2255 7.3949 0.233301
13.2827 7.36093 0.234188
13.3337 7.30357 0.233221
13.2909 7.32257 0.231366
13.3784 7.31577 0.230894
13.2923 7.32776 0.236943
13.2721 7.26963 0.232529
13.2633 7.40447 0.237137
13.2894 7.29964 0.232926
13.3177 7.40204 0.232545
13.2919 7.37177 0.231809
13.3022 7.41051 0.233621
13.293 7.50258 0.233996
13.2297 7.35472 0.231497
13.3213 7.36426 0.23045
13.315 7.27616 0.236365
13.2902 7.37889 0.230729
13.3893 7.36252 0.232823
13.2474 7.40087 0.229932
13.26 7.37384 0.234139
13.2879 7.30764 0.235495
13.274 7.27006 0.233059
13.2599 7.39548 0.233981
13.3312 7.3346 0.232701
13.2813 7.39397 0.236701
13.2899 7.42 0.233049
13.2131 7.28924 0.236552
13.2155 7.29495 0.236516
13.3273 7.2828 0.235134
13.216 7.4042 0.23396
13.3395 7.38119 0.236348
13.3269 7.40008 0.237117
13.2413 7.36444 0.233108
13.2382 7.27652 0.233154
13.2308 7.28435 0.233255
13.3015 7.33806 0.231808
13.3328 7.33094 0.234343
13.3256 7.29443 0.232799
13.2363 7.38172 0.23272
13.3192 7.31998 0.233752
13.3534 7.3169 0.23171
13.2514 7.31597 0.235632
13.2464 7.31382 0.235605
13.2552 7.3968 0.229693
13.2729 7.31271 0.234191
13.3168 7.34439 0.236645
13.2534 7.3871 0.230429
13.3167 7.40664 0.231817
13.2565 7.26108 0.23469
13.2858 7.36107 0.235905
13.4013 7.38188 0.232563
13.3701 7.42155 0.233898
13.2768 7.27749 0.232009
13.3536 7.37634 0.232934
13.3031 7.36845 0.234125
13.2899 7.25936 0.236224
13.2953 7.46675 0.235213
13.2181 7.25326 0.234996
13.3103 7.32547 0.231517
13.3095 7.30173 0.233329
13.3109 7.3048 0.233491
13.262 7.38114 0.233463
13.2424 7.39309 0.2354
13.255 7.31778 0.235581
13.2566 7.31862 0.235551
13.2554 7.31551 0.235484
13.2563 7.35436 0.233657
13.2534 7.356 0.233657
13.2547 7.35893 0.233698
13.2822 7.34771 0.23527
13.26 7.37159 0.234707
13.2576 7.37175 0.234638
13.2635 7.27588 0.234361
13.2707 7.33707 0.233946
13.3168 7.32399 0.233678
13.2062 7.34735 0.235279
13.332 7.25402 0.233442
13.3296 7.24672 0.233376
13.3394 7.41317 0.235484
13.323 7.2772 0.234063
13.2548 7.3013 0.232798
13.248 7.3417 0.23591
13.3272 7.41183 0.233495
13.3237 7.47275 0.233536
13.2682 7.28014 0.234776
13.2473 7.24078 0.233528
13.3196 7.3928 0.236583
13.3012 7.39189 0.233767
13.3477 7.25625 0.231537
13.2935 7.40322 0.231306
13.1954 7.34547 0.234512
13.1964 7.34505 0.234594
13.2698 7.2687 0.232424
13.2657 7.30891 0.229886
13.2376 7.24188 0.23823
13.2966 7.33104 0.233476
13.2459 7.28711 0.234238
13.3202 7.3056 0.232955
13.3479 7.26137 0.234405
13.2984 7.3997 0.236351
13.3328 7.30252 0.234166
13.2728 7.33844 0.233308
13.3747 7.31706 0.234246
13.3206 7.40632 0.235597
13.3159 7.40383 0.235618
13.3632 7.35997 0.235056
13.3169 7.26548 0.234018
13.2674 7.40224 0.236675
13.2714 7.37766 0.233448
13.2996 7.35937 0.236467
13.3156 7.43302 0.235441
13.289 7.43445 0.232824
13.2473 7.40622 0.234811
13.3108 7.3173 0.23279
13.2608 7.29751 0.234567
13.3703 7.32956 0.234899
13.3188 7.27225 0.230928
13.3429 7.33058 0.231847
13.2609 7.36146 0.235125
13.3931 7.3831 0.231909
13.3518 7.3563 0.23315
13.2283 7.35872 0.231295
13.3224 7.30709 0.233921
13.2724 7.38123 0.234469
13.2069 7.38362 0.233006
13.258 7.4309 0.236877
13.2777 7.50222 0.235837
13.229 7.39766 0.234196
13.3522 7.29865 0.234024
13.3256 7.3693 0.233903
13.2368 7.37231 0.234367
13.2903 7.39797 0.229961
13.2923 7.3979 0.229885
13.2598 7.38225 0.234759
13.3294 7.37532 0.234163
13.3422 7.2734 0.233374
13.3291 7.40128 0.233446
13.3265 7.32649 0.234215
13.2261 7.4008 0.234796
13.2271 7.34426 0.235988
13.2365 7.32972 0.23387
13.2962 7.23721 0.233209
13.2979 7.23797 0.233232
13.3616 7.32134 0.234471
13.3033 7.35105 0.233945
13.31 7.41558 0.235205
13.2812 7.3172 0.230798
13.3312 7.30411 0.233543
13.3417 7.35477 0.233705
13.3437 7.24685 0.23319
13.2976 7.3966 0.233714
13.2948 7.32474 0.237019
13.2751 7.30073 0.236351
13.2757 7.35853 0.236918
13.2563 7.40303 0.237056
13.2863 7.29837 0.233137
13.2672 7.35863 0.234606
13.2966 7.30889 0.232901
13.2639 7.30063 0.234537
13.3203 7.32452 0.233449
13.2906 7.38126 0.230557
13.3084 7.42812 0.230992
13.2572 7.37653 0.234062
13.3777 7.30325 0.234124
13.3609 7.37964 0.23208
13.3142 7.37675 0.237527
13.3018 7.38759 0.231383
13.2973 7.39697 0.231617
13.299 7.38984 0.231524
13.3337 7.33934 0.232694
13.3453 7.35369 0.233411
13.2865 7.39123 0.236611
13.2831 7.39068 0.23647
13.2108 7.29058 0.236445
13.2231 7.32368 0.238038
13.3558 7.43196 0.233542
13.218 7.40412 0.234093
13.2658 7.34977 0.232917
13.3837 7.36923 0.23454
13.3341 7.40185 0.237115
13.3401 7.43535 0.231717
13.2534 7.29563 0.235247
13.3481 7.44398 0.234496
13.2405 7.3818 0.232793
13.3196 7.31491 0.233555
13.3091 7.29819 0.232368
13.3153 7.2975 0.234453
13.3153 7.29828 0.234546
13.2909 7.29382 0.232641
13.3531 7.32988 0.234148
13.2867 7.43422 0.235171
13.2745 7.30866 0.234355
13.2654 7.31475 0.233363
13.3145 7.29177 0.23309
13.3142 7.40854 0.231806
13.3391 7.29692 0.236574
13.284 7.36114 0.236105
13.2574 7.34291 0.232766
13.2837 7.3252 0.232375
13.2557 7.37496 0.23603
13.2402 7.45788 0.23389
13.3037 7.3666 0.234044
13.3187 7.36026 0.235779
13.3835 7.33476 0.232871
13.3762 7.315 0.234775
13.3102 7.31544 0.231597
13.2731 7.33952 0.232278
13.3116 7.40131 0.231586
13.3736 7.33154 0.231669
13.2486 7.39078 0.235267
13.2599 7.31325 0.235646
13.2844 7.34771 0.235351
13.255 7.37332 0.23472
13.2699 7.35285 0.234387
13.2628 7.2815 0.234166
13.3468 7.35124 0.232665
13.3293 7.4085 0.235584
13.3297 7.40379 0.235713
13.2101 7.34458 0.235334
13.2084 7.34569 0.235231
13.2039 7.34747 0.235335
13.2882 7.40249 0.232621
13.3276 7.36349 0.230905
13.3133 7.35813 0.230941
13.2904 7.33259 0.235524
13.3425 7.25675 0.233789
13.2313 7.34801 0.236139
13.3172 7.4739 0.233727
13.2802 7.40193 0.232797
13.304 7.39118 0.233774
13.2632 7.4014 0.235028
13.3337 7.27841 0.233678
13.1966 7.34231 0.23464
13.3537 7.38859 0.234464
13.2721 7.27319 0.23252
13.2461 7.37578 0.232551
13.2328 7.28974 0.237094
13.293 7.33154 0.233346
13.3109 7.30101 0.232951
13.3178 7.30388 0.233708
13.293 7.3952 0.236181
13.2614 7.44612 0.236037
13.3703 7.34303 0.238075
13.278 7.40663 0.23468
13.2737 7.31272 0.236301
13.3793 7.37507 0.232948
13.3181 7.39313 0.233497
13.3198 7.39145 0.233523
13.3161 7.40177 0.235574
13.2823 7.42256 0.230009
13.3041 7.29988 0.235555
13.3 7.3324 0.236403
13.2845 7.31577 0.234073
13.2962 7.33433 0.234475
13.2747 7.39834 0.236727
13.3113 7.2652 0.23339
13.2839 7.36775 0.235305
13.1793 7.34105 0.233982
13.2508 7.40459 0.234861
13.2677 7.3286 0.236149
13.2535 7.51193 0.236148
13.248 7.32577 0.233427
13.2499 7.33086 0.233407
13.3303 7.32854 0.235034
13.2671 7.36931 0.235008
13.3176 7.26299 0.232948
13.3023 7.4124 0.233771
13.2709 7.36787 0.234679
13.3124 7.35412 0.233333
13.2401 7.36367 0.233955
13.2093 7.38012 0.233112
13.3058 7.33329 0.233735
13.23 7.40433 0.234248
13.353 7.30182 0.233991
13.2756 7.41203 0.233704
13.3305 7.3704 0.233757
13.2387 7.36763 0.234529
13.2416 7.38956 0.235394
13.2398 7.39455 0.235146
13.2437 7.28169 0.231466
13.291 7.39615 0.229763
13.2835 7.27905 0.235301
13.3379 7.26883 0.233265
13.2229 7.40064 0.234866
13.2251 7.34468 0.23595
13.2417 7.33937 0.233958
13.2724 7.26354 0.232294
13.2735 7.36736 0.235624
13.2673 7.42517 0.235541
13.2236 7.38947 0.233688
13.2253 7.39849 0.233428
13.2869 7.31604 0.230459
13.3421 7.38815 0.23464
13.3156 7.25276 0.233411
13.3052 7.33209 0.232243
13.3759 7.35874 0.233729
13.2934 7.32659 0.236863
13.2948 7.31898 0.235666
13.3224 7.32845 0.233941
13.3036 7.27932 0.233815
13.2835 7.30108 0.233052
13.3128 7.40932 0.232396
13.2573 7.29939 0.234387
13.2325 7.35626 0.231537
13.3402 7.298 0.232432
13.3188 7.29483 0.234025
13.3094 7.4325 0.231082
13.2607 7.37372 0.233949
13.2641 7.3766 0.233998
13.2634 7.37618 0.233942
13.2537 7.39106 0.233854
13.3023 7.4002 0.2325
13.2971 7.25727 0.233802
13.2901 7.42043 0.233217
13.2125 7.29382 0.236612
13.22 7.40609 0.234306
13.2666 7.35025 0.232912
13.2674 7.35334 0.232926
13.2448 7.28348 0.23509
13.3055 7.39095 0.2356
13.3393 7.43099 0.231713
13.3596 7.43553 0.234255
13.2328 7.28006 0.233305
13.2516 7.34859 0.232753
13.2555 7.34864 0.232806
13.2351 7.38352 0.232816
13.3164 7.31751 0.233581
13.2042 7.33958 0.233053
13.2863 7.29268 0.232606
13.3272 7.26472 0.23455
13.257 7.39527 0.229731
13.3076 7.41781 0.233349
13.2745 7.30965 0.234113
13.2505 7.39258 0.230236
13.3237 7.35974 0.233802
13.2822 7.35475 0.233739
13.2812 7.36076 0.233745
13.3158 7.29144 0.232804
13.2615 7.365 0.236036
13.2923 7.33417 0.235867
13.2939 7.33591 0.236011
13.2605 7.33868 0.232755
13.2728 7.39406 0.229988
13.2876 7.32194 0.232344
13.2431 7.41092 0.2356
13.3059 7.36828 0.234045
13.3362 7.32134 0.232052
13.292 7.29084 0.234681
13.3427 7.27973 0.235046
13.2227 7.25397 0.235022
13.2772 7.33755 0.232263
13.3849 7.31081 0.233666
13.2265 7.47321 0.233209
13.3111 7.37176 0.231995
13.2514 7.31777 0.235499
13.2594 7.3571 0.233713
13.264 7.32477 0.23427
13.2571 7.36358 0.234736
13.2885 7.37901 0.233863
13.2636 7.27001 0.234209
13.2654 7.33349 0.233895
13.3337 7.41167 0.23426
13.3313 7.40318 0.235667
13.3212 7.33116 0.233686
13.2075 7.34467 0.235176
13.3315 7.24546 0.233299
13.2913 7.39149 0.23168
13.2883 7.3973 0.232635
13.288 7.34781 0.231841
13.3288 7.36276 0.23093
13.314 7.35516 0.230697
13.2547 7.29892 0.232525
13.3434 7.2581 0.233653
13.321 7.41298 0.233384
13.3231 7.42128 0.2329
13.3234 7.47068 0.233479
13.2506 7.23889 0.233244
13.3009 7.42268 0.236859
13.2641 7.30665 0.231516
13.2692 7.39944 0.234132
13.2689 7.39663 0.234151
13.2906 7.40423 0.231346
13.2878 7.43984 0.234735
13.2701 7.2723 0.232472
13.2688 7.39556 0.235785
13.3399 7.32885 0.233015
13.4555 7.34746 0.230861
13.2892 7.33671 0.234995
13.2795 7.40999 0.234692
13.2744 7.31442 0.236138
13.2306 7.36528 0.234187
13.2211 7.36904 0.234312
13.2213 7.37041 0.234368
12.204 10.0213 0.219384
