76.1086 -37.6326 3.73235
76.1618 -37.5601 3.73361
76.1949 -37.7343 3.73402
76.2345 -37.6229 3.73245
76.2312 -37.6268 3.73264
76.1577 -37.6652 3.73635
76.1261 -37.7108 3.7349
76.2418 -37.6958 3.73601
76.2779 -37.6337 3.73608
76.1344 -37.5385 3.73596
76.1747 -37.6932 3.7358
76.1624 -37.5785 3.733
76.1813 -37.6477 3.73473
76.2025 -37.5703 3.73651
76.1079 -37.6988 3.73597
76.1521 -37.6299 3.735
76.1732 -37.63 3.73507
76.2059 -37.6808 3.73344
76.1761 -37.6401 3.73594
76.1293 -37.7101 3.73679
76.2494 -37.6652 3.73168
76.2088 -37.6917 3.73519
76.1419 -37.6345 3.73416
76.2435 -37.6379 3.73312
76.2134 -37.6137 3.73376
76.1474 -37.6573 3.73466
76.1789 -37.7309 3.73207
76.1753 -37.7286 3.73212
76.2586 -37.6667 3.73401
76.202 -37.5561 3.73553
76.1298 -37.6266 3.73345
76.2011 -37.6011 3.73671
76.198 -37.5989 3.7367
76.2013 -37.6905 3.73374
76.1415 -37.7247 3.73363
76.1735 -37.6707 3.73227
76.1664 -37.7074 3.73673
76.1758 -37.6169 3.73225
76.2042 -37.66 3.73481
76.039 -37.7414 3.73345
76.2359 -37.5832 3.73493
76.2321 -37.5812 3.73483
76.1577 -37.6813 3.7367
76.2639 -37.68 3.73502
76.1628 -37.6493 3.73603
76.201 -37.7089 3.7348
76.1742 -37.6863 3.7341
76.1788 -37.6865 3.73385
76.1886 -37.6871 3.73368
76.1272 -37.6381 3.73451
76.1266 -37.6349 3.73458
76.2281 -37.6688 3.73676
76.2526 -37.6719 3.73591
76.1231 -37.721 3.73495
76.2193 -37.6574 3.73219
76.2214 -37.6542 3.73223
76.1429 -37.639 3.73784
76.2067 -37.6113 3.7346
76.1768 -37.6314 3.73512
76.2257 -37.6693 3.73599
76.1519 -37.5835 3.73484
76.2084 -37.682 3.73521
76.1938 -37.6732 3.73564
76.1937 -37.6742 3.73587
76.198 -37.6501 3.73563
76.1799 -37.71 3.73425
76.2108 -37.655 3.73731
76.1491 -37.6406 3.73193
76.1515 -37.6441 3.73182
76.1129 -37.6586 3.73684
76.0846 -37.7001 3.73344
76.2285 -37.6351 3.7349
76.1021 -37.6839 3.73549
76.0842 -37.6457 3.73583
76.099 -37.6241 3.73407
76.1629 -37.6835 3.73558
76.1736 -37.6267 3.73367
76.2039 -37.7577 3.73311
76.2199 -37.6454 3.73169
76.1501 -37.5859 3.73459
76.2057 -37.7029 3.73322
76.2448 -37.6224 3.73274
76.2339 -37.7204 3.73404
76.1664 -37.6688 3.73274
76.1714 -37.5587 3.73533
76.253 -37.6986 3.73245
76.1478 -37.6852 3.73659
76.2406 -37.7528 3.73456
76.2043 -37.6191 3.73593
76.2219 -37.6986 3.73324
76.216 -37.7042 3.73344
76.1282 -37.6735 3.7322
76.2191 -37.6746 3.73494
76.2204 -37.669 3.73485
76.1782 -37.6534 3.73411
76.2102 -37.6297 3.73586
76.1546 -37.6258 3.73445
76.1982 -37.6416 3.73475
76.1814 -37.6433 3.73528
76.2648 -37.6477 3.73649
76.1074 -37.6473 3.73665
76.1781 -37.6668 3.73292
76.2109 -37.6431 3.73044
76.125 -37.7107 3.7359
76.1929 -37.6512 3.73635
76.1863 -37.6619 3.73483
76.186 -37.6581 3.73484
76.2525 -37.6684 3.73469
76.1531 -37.6447 3.73331
76.2381 -37.6548 3.73487
76.1652 -37.6361 3.7369
76.1051 -37.6374 3.73521
76.2099 -37.6919 3.73423
76.1196 -37.6715 3.73449
76.1965 -37.6665 3.7326
76.1932 -37.6656 3.73243
76.1689 -37.7135 3.73333
76.1837 -37.6926 3.73268
76.2389 -37.6102 3.732
76.2137 -37.7227 3.73503
76.1428 -37.6958 3.73544
76.1868 -37.6259 3.73408
76.128 -37.6519 3.73582
76.1119 -37.6396 3.73297
76.1785 -37.6223 3.7363
76.2289 -37.6242 3.73576
76.1089 -37.6772 3.73315
76.1981 -37.682 3.73679
76.227 -37.6898 3.73427
76.1808 -37.6592 3.73392
76.1658 -37.5573 3.73344
76.1892 -37.7351 3.73386
76.1519 -37.6646 3.73426
76.148 -37.6654 3.73415
76.1721 -37.7168 3.73527
76.0893 -37.6884 3.73479
76.2191 -37.7007 3.73565
76.2476 -37.6749 3.73527
76.1423 -37.6414 3.73826
76.2128 -37.5924 3.73596
76.1754 -37.645 3.73481
76.1508 -37.6275 3.73513
76.1735 -37.63 3.73516
76.2846 -37.6985 3.73756
76.2135 -37.6838 3.7333
76.2858 -37.6819 3.73575
76.1486 -37.6718 3.73469
76.3171 -37.6893 3.73476
76.2497 -37.6716 3.73155
76.1219 -37.5777 3.73559
76.2074 -37.6923 3.73519
76.2393 -37.6412 3.73312
76.2087 -37.6144 3.73376
76.2126 -37.6138 3.73373
76.2094 -37.6134 3.73382
76.2766 -37.7355 3.73518
76.1755 -37.7318 3.7322
76.2606 -37.6663 3.73403
76.1881 -37.7199 3.73577
76.2723 -37.7018 3.73557
76.1397 -37.7052 3.73289
76.1381 -37.6996 3.73285
76.1662 -37.6268 3.7333
76.1226 -37.668 3.73538
76.1428 -37.7239 3.73352
76.1732 -37.693 3.73646
76.2253 -37.6674 3.7352
76.171 -37.6089 3.73199
76.2671 -37.6877 3.73367
76.1515 -37.715 3.7355
76.1574 -37.6063 3.73421
76.1621 -37.6047 3.73403
76.1501 -37.6707 3.73547
76.1257 -37.6171 3.73735
76.1695 -37.6157 3.73288
76.1826 -37.7769 3.73352
76.2911 -37.7029 3.73753
76.1784 -37.5969 3.73374
76.2094 -37.6739 3.73035
76.1638 -37.616 3.7377
76.2302 -37.7463 3.73478
76.2033 -37.6891 3.73348
76.2209 -37.6614 3.73206
76.2862 -37.6849 3.73343
76.2057 -37.6256 3.73773
76.1373 -37.716 3.73503
76.1731 -37.6152 3.73397
76.1262 -37.6623 3.73295
76.1813 -37.6393 3.73255
76.1781 -37.7088 3.73418
76.1499 -37.6381 3.73186
76.1139 -37.656 3.73698
76.1603 -37.6706 3.73461
76.1496 -37.6417 3.73457
76.1344 -37.6835 3.73691
76.1614 -37.6849 3.7357
76.1733 -37.6252 3.73376
76.2209 -37.6427 3.73156
76.268 -37.6877 3.73639
76.2091 -37.6883 3.73617
76.2075 -37.7082 3.73325
76.1087 -37.6212 3.7332
76.1238 -37.624 3.73332
76.203 -37.7019 3.73578
76.2428 -37.7227 3.73403
76.209 -37.7339 3.73628
76.2527 -37.6987 3.73241
76.2406 -37.7517 3.73448
76.2413 -37.7459 3.73443
76.188 -37.6709 3.73557
76.2006 -37.6174 3.73616
76.1648 -37.7215 3.7325
76.2117 -37.7688 3.73552
76.1941 -37.7249 3.73486
76.1759 -37.657 3.73444
76.145 -37.5881 3.73558
76.125 -37.6379 3.73294
76.1168 -37.6069 3.73679
76.2091 -37.6684 3.7347
76.1441 -37.7264 3.73411
76.2004 -37.6376 3.73487
76.1697 -37.6373 3.73194
76.2619 -37.6553 3.73662
76.1539 -37.6132 3.73469
76.0546 -37.7005 3.73551
76.2088 -37.6965 3.73461
76.2108 -37.7019 3.73461
76.2179 -37.6205 3.73587
76.1694 -37.7119 3.7334
76.2581 -37.6692 3.73468
76.2555 -37.6675 3.73457
76.1665 -37.7035 3.73404
76.1749 -37.6154 3.73513
76.2292 -37.7303 3.73453
76.1896 -37.6387 3.73427
76.1693 -37.6879 3.73378
76.1709 -37.6898 3.73376
76.1908 -37.694 3.73658
76.0346 -37.6485 3.73159
76.234 -37.6761 3.73545
76.2468 -37.6124 3.73261
76.1738 -37.7153 3.73308
76.2107 -37.7609 3.73393
76.2404 -37.6083 3.73183
76.1322 -37.6895 3.735
76.1813 -37.6249 3.73406
76.1276 -37.6442 3.73603
76.2229 -37.624 3.73592
76.1238 -37.5762 3.73503
76.1075 -37.6304 3.73241
76.2001 -37.7386 3.73375
76.2354 -37.622 3.73246
76.1708 -37.7181 3.73513
76.2319 -37.6714 3.73475
76.0933 -37.6288 3.73507
76.2126 -37.701 3.73565
76.1836 -37.7086 3.73403
76.182 -37.5911 3.73373
76.1676 -37.6861 3.73595
76.1817 -37.6416 3.73485
76.1524 -37.6234 3.73509
76.2166 -37.5969 3.73527
76.2069 -37.6767 3.73329
76.2119 -37.6826 3.73351
76.2258 -37.6194 3.73487
76.1615 -37.6856 3.73645
76.2111 -37.7045 3.73755
76.2454 -37.666 3.73157
76.1779 -37.6642 3.73268
76.1256 -37.6017 3.73587
76.2129 -37.6079 3.73363
76.1713 -37.7287 3.73212
76.2065 -37.5892 3.73595
76.2557 -37.6668 3.73423
76.2601 -37.6622 3.73425
76.2044 -37.6549 3.73372
76.1357 -37.7018 3.73312
76.2387 -37.6547 3.73561
76.1256 -37.6659 3.73533
76.1611 -37.5859 3.73486
76.2114 -37.7391 3.73457
76.1619 -37.6144 3.73695
76.2079 -37.6619 3.73495
76.2647 -37.6895 3.73366
76.2289 -37.5856 3.73505
76.1573 -37.6013 3.73405
76.1216 -37.7069 3.73539
76.1958 -37.7015 3.73489
76.1764 -37.6864 3.73399
76.1831 -37.6019 3.7337
76.197 -37.6855 3.73388
76.1317 -37.6051 3.73648
76.2243 -37.7451 3.73476
76.2525 -37.6777 3.73595
76.2233 -37.6569 3.73201
76.2041 -37.6086 3.73459
76.1756 -37.6278 3.73509
76.173 -37.5982 3.7363
76.1582 -37.5809 3.73492
76.2116 -37.6842 3.73521
76.1842 -37.6429 3.73249
76.1792 -37.6447 3.73256
76.1834 -37.642 3.73251
76.2341 -37.648 3.73607
76.1426 -37.6638 3.73328
76.2223 -37.6368 3.73497
76.1622 -37.679 3.73455
76.1559 -37.645 3.7346
76.1363 -37.6324 3.73447
76.2495 -37.6305 3.73635
76.2008 -37.6385 3.7359
76.1341 -37.5903 3.73719
76.2111 -37.7058 3.73045
76.2568 -37.7226 3.73424
76.2111 -37.7175 3.73825
76.2474 -37.662 3.73556
76.1085 -37.6261 3.73657
76.1425 -37.7376 3.73437
76.1984 -37.7055 3.73568
76.1711 -37.6476 3.73584
76.2086 -37.7264 3.73615
76.2517 -37.6984 3.73249
76.1995 -37.6879 3.73316
76.1688 -37.722 3.73235
76.1283 -37.6744 3.73215
76.1814 -37.6647 3.7367
76.2929 -37.7035 3.7363
76.172 -37.6511 3.73437
76.1339 -37.6297 3.73278
76.1284 -37.6352 3.73288
76.157 -37.6669 3.73421
76.1444 -37.7231 3.73428
76.1706 -37.6395 3.73184
76.1841 -37.6262 3.73481
76.2586 -37.7681 3.73471
76.1554 -37.6122 3.73461
76.2065 -37.6532 3.73051
76.1628 -37.6897 3.73121
76.2204 -37.6231 3.73582
76.1886 -37.6567 3.73665
76.2584 -37.713 3.73371
76.1668 -37.7093 3.73344
76.2514 -37.6703 3.7346
76.1874 -37.5953 3.73517
76.1512 -37.6486 3.73334
76.1508 -37.6478 3.73329
76.2375 -37.651 3.73454
76.1612 -37.6342 3.73672
76.228 -37.7316 3.73451
76.2077 -37.6891 3.73418
76.2057 -37.6881 3.73414
76.1709 -37.6871 3.73365
76.1891 -37.663 3.73234
76.2451 -37.6127 3.73272
76.1834 -37.6945 3.73289
76.1844 -37.6909 3.73252
76.1544 -37.6335 3.73529
76.2386 -37.6372 3.73517
76.2331 -37.61 3.73198
76.1096 -37.6788 3.73313
76.1104 -37.6773 3.73667
76.2255 -37.6239 3.73383
76.1054 -37.6744 3.73338
76.1995 -37.6507 3.73381
76.1993 -37.6577 3.73395
76.2161 -37.6516 3.73554
76.1916 -37.6683 3.73586
76.2249 -37.7059 3.73564
76.2195 -37.708 3.73587
76.0979 -37.6306 3.73504
76.2146 -37.6997 3.73573
76.1523 -37.5939 3.73684
76.1124 -37.638 3.73655
76.1607 -37.573 3.73321
76.2169 -37.5911 3.73563
76.2065 -37.6367 3.73701
76.2183 -37.5939 3.73543
76.2126 -37.6039 3.73824
76.2888 -37.702 3.73742
76.2239 -37.6222 3.73492
76.2873 -37.6815 3.73583
76.1452 -37.6745 3.73448
76.1702 -37.6653 3.73269
76.2722 -37.6374 3.73463
76.2454 -37.6398 3.73314
76.2147 -37.6139 3.73382
76.196 -37.7376 3.73417
76.1745 -37.5799 3.7356
76.2586 -37.6609 3.73423
76.2523 -37.6645 3.73434
76.1927 -37.7239 3.73556
76.2692 -37.704 3.73571
76.2695 -37.7045 3.73578
76.1404 -37.7072 3.7328
76.1371 -37.6294 3.73339
76.1956 -37.6006 3.73672
76.098 -37.6598 3.73567
76.2038 -37.6905 3.73361
76.13 -37.672 3.73542
76.1485 -37.7276 3.73356
76.1674 -37.5852 3.7349
76.1236 -37.751 3.7352
76.166 -37.6137 3.73691
76.259 -37.6846 3.73358
76.0427 -37.7387 3.73352
76.2215 -37.6495 3.73648
76.155 -37.5996 3.73426
76.1607 -37.5986 3.73421
76.1521 -37.6035 3.73405
76.1138 -37.7066 3.73557
76.1769 -37.6154 3.73287
76.1759 -37.7736 3.73359
76.1801 -37.7756 3.7336
76.2406 -37.6635 3.73653
76.1823 -37.6023 3.73382
76.1978 -37.6897 3.73379
76.1283 -37.6077 3.73639
76.2471 -37.6801 3.73727
76.148 -37.6379 3.73661
76.2015 -37.6904 3.73349
76.1185 -37.7268 3.73505
76.2222 -37.6569 3.73214
76.1846 -37.6789 3.73666
76.1853 -37.593 3.73752
76.1751 -37.6346 3.73517
76.206 -37.6239 3.73777
76.2253 -37.6696 3.73587
76.2079 -37.6875 3.73519
76.1908 -37.677 3.73592
76.1897 -37.643 3.73276
76.1959 -37.6503 3.73546
76.1767 -37.7116 3.7342
76.1492 -37.6431 3.73189
76.1489 -37.6432 3.73189
76.2384 -37.6954 3.73643
76.161 -37.6744 3.73471
76.1667 -37.5774 3.73461
76.1319 -37.6345 3.73474
76.1298 -37.6362 3.73458
76.2287 -37.7095 3.73467
76.1674 -37.6202 3.73378
76.1372 -37.5941 3.73718
76.2091 -37.7058 3.7305
76.164 -37.6604 3.73252
76.252 -37.668 3.73541
76.2489 -37.62 3.73291
76.1134 -37.627 3.73689
76.1559 -37.582 3.73822
76.293 -37.7495 3.73547
76.1724 -37.5573 3.73526
76.1724 -37.5585 3.73538
76.2487 -37.7017 3.73231
76.1409 -37.5751 3.73514
76.1637 -37.7178 3.73225
76.1644 -37.7148 3.73235
76.216 -37.7067 3.73345
76.2193 -37.7046 3.73318
76.1964 -37.7324 3.73487
76.21 -37.5544 3.73718
76.2125 -37.5535 3.73707
76.1712 -37.6514 3.73432
76.0686 -37.6778 3.73493
76.1575 -37.6287 3.73466
76.1506 -37.6592 3.73431
76.1085 -37.6014 3.73911
76.2322 -37.6016 3.73666
76.1881 -37.667 3.73309
76.1599 -37.6888 3.7311
76.2134 -37.694 3.73477
76.2174 -37.6186 3.73595
76.1643 -37.7127 3.73358
76.1625 -37.708 3.73352
76.1549 -37.6424 3.73575
76.149 -37.6482 3.73335
76.2355 -37.6545 3.73477
76.234 -37.7312 3.73448
76.1734 -37.6866 3.73349
76.1874 -37.6977 3.73663
76.2256 -37.6074 3.73429
76.2028 -37.7214 3.73572
76.1799 -37.6915 3.73277
76.1878 -37.6375 3.73693
76.2375 -37.6186 3.73194
76.2895 -37.6639 3.73586
76.1816 -37.6223 3.73404
76.1093 -37.6349 3.73289
76.1789 -37.6252 3.7362
76.2262 -37.6894 3.73426
76.1818 -37.6583 3.73386
76.2373 -37.708 3.73567
76.169 -37.5584 3.73339
76.191 -37.6466 3.73604
76.2021 -37.6758 3.73577
76.2331 -37.6254 3.73267
76.1725 -37.7221 3.73537
76.2306 -37.6767 3.73479
76.1923 -37.7068 3.73627
76.2826 -37.6323 3.73601
76.1382 -37.5435 3.7354
77.1427 -40.6072 3.73647
