21.0307 -89.3799 3.70938
20.9748 -89.4724 3.70948
20.9252 -89.5356 3.70892
20.9664 -89.5484 3.70618
20.8279 -89.383 3.70713
20.9465 -89.3232 3.70444
20.9561 -89.3862 3.70983
20.9835 -89.5018 3.70868
20.8797 -89.5609 3.70634
20.9159 -89.5699 3.70725
20.9538 -89.5027 3.7073
21.0305 -89.369 3.70602
21.0734 -89.3668 3.70969
20.9847 -89.4891 3.70956
20.9396 -89.2403 3.70513
20.9421 -89.4691 3.7087
20.9485 -89.4087 3.70772
21.0788 -89.4186 3.7028
21.0793 -89.3625 3.70404
20.9737 -89.4336 3.70726
20.8294 -89.3787 3.70461
20.8196 -89.4295 3.70627
20.8799 -89.4748 3.70565
21.0494 -89.5199 3.70993
20.9166 -89.457 3.70943
20.9101 -89.4085 3.71008
20.9825 -89.4682 3.70897
20.9861 -89.3425 3.7094
20.9204 -89.3983 3.70986
20.9817 -89.5694 3.70772
20.825 -89.4608 3.71137
20.9763 -89.437 3.70963
20.8241 -89.4312 3.70737
20.9209 -89.5421 3.70729
20.8941 -89.3489 3.70642
20.8827 -89.5393 3.7091
20.9897 -89.5055 3.70823
20.9424 -89.481 3.70818
21.0278 -89.4355 3.70992
21.0564 -89.4014 3.70729
21.0019 -89.3384 3.7035
20.9492 -89.5262 3.70783
21.0837 -89.4337 3.70633
20.9078 -89.5031 3.70895
20.8957 -89.4097 3.70674
20.8754 -89.5368 3.70691
20.9067 -89.5168 3.70533
20.9681 -89.4014 3.70968
21.065 -89.4399 3.71093
20.8411 -89.4535 3.70636
21.0412 -89.5117 3.70939
20.9955 -89.4455 3.70729
21.009 -89.4176 3.71044
20.8232 -89.3902 3.70912
20.8895 -89.6477 3.71004
20.9715 -89.4757 3.70367
20.9751 -89.4132 3.71087
20.907 -89.4803 3.70611
21.0245 -89.4726 3.70811
20.9996 -89.532 3.71084
20.9211 -89.4435 3.70762
20.9585 -89.4892 3.70985
20.9658 -89.4502 3.7069
20.9283 -89.4188 3.70686
21.001 -89.486 3.70883
21.1022 -89.4113 3.70867
20.9657 -89.4093 3.7085
20.9515 -89.3972 3.7083
20.9345 -89.4275 3.70424
20.9467 -89.5603 3.71029
21.0184 -89.401 3.70708
21.0014 -89.4598 3.70822
20.9918 -89.4052 3.70834
20.8429 -89.4656 3.70768
21.0384 -89.4423 3.70496
20.9498 -89.3977 3.70903
20.8484 -89.4114 3.70557
20.9544 -89.3904 3.70917
20.8283 -89.4454 3.71052
20.8366 -89.463 3.70862
20.9705 -89.3915 3.70533
21.0534 -89.3885 3.70554
20.949 -89.4047 3.70936
20.9736 -89.3988 3.70781
20.9735 -89.4981 3.70815
20.8987 -89.497 3.70802
20.936 -89.4439 3.70746
20.9594 -89.4784 3.70863
20.8736 -89.4898 3.70553
20.9773 -89.4158 3.7082
20.9231 -89.3727 3.70772
20.9434 -89.4635 3.70725
20.9426 -89.471 3.7071
20.8684 -89.4175 3.70538
20.9428 -89.467 3.70716
20.9939 -89.4766 3.70963
21.0047 -89.4582 3.71002
20.9986 -89.4961 3.70898
21.028 -89.4611 3.71007
21.0259 -89.5449 3.71036
21.0378 -89.5075 3.71204
20.9498 -89.5047 3.71041
20.9272 -89.4331 3.70712
20.991 -89.5301 3.70945
20.985 -89.5272 3.71058
20.9717 -89.388 3.70811
20.9358 -89.3697 3.7076
20.9295 -89.4315 3.70732
20.9772 -89.4602 3.70891
21.0654 -89.5466 3.70734
21.0222 -89.4687 3.70933
21.046 -89.3636 3.70732
20.784 -89.3033 3.70439
20.9517 -89.4048 3.7053
20.9826 -89.4577 3.70955
20.9881 -89.4215 3.71003
21.0083 -89.3897 3.71047
20.9074 -89.5544 3.70673
20.8982 -89.2748 3.70483
20.9633 -89.4132 3.7069
20.9822 -89.4774 3.7088
21.0389 -89.4439 3.71092
21.1025 -89.3564 3.70976
20.8909 -89.5134 3.70912
20.9224 -89.3729 3.70813
20.8303 -89.4867 3.70624
20.9498 -89.308 3.70451
20.9476 -89.5502 3.70557
20.974 -89.342 3.71031
20.9808 -89.4477 3.70778
20.9836 -89.4424 3.70746
20.8244 -89.3411 3.70525
20.9219 -89.4584 3.70684
21.0503 -89.3809 3.70438
21.0599 -89.4301 3.70931
20.9838 -89.5455 3.70832
21.0462 -89.5613 3.70838
20.8927 -89.4187 3.70817
20.9479 -89.5466 3.70795
20.9189 -89.5031 3.70916
20.908 -89.5104 3.70768
20.949 -89.3627 3.70888
20.9812 -89.4349 3.70549
20.9805 -89.3613 3.70751
20.9391 -89.4163 3.71022
20.8651 -89.3366 3.70606
20.9772 -89.396 3.70803
20.984 -89.4262 3.70778
21.0021 -89.4135 3.70776
20.987 -89.4031 3.70808
21.0556 -89.4072 3.70677
21.0888 -89.4603 3.71189
20.9545 -89.3319 3.70866
20.9392 -89.4404 3.70741
21.0096 -89.3584 3.70733
20.9363 -89.4229 3.70913
20.9887 -89.4261 3.70994
20.9779 -89.4768 3.70978
20.8416 -89.446 3.70418
20.9382 -89.3798 3.70834
20.9219 -89.5822 3.70761
21.01 -89.4776 3.70445
21.0258 -89.4209 3.70746
20.9572 -89.4448 3.70926
20.9528 -89.4289 3.70572
20.9934 -89.3879 3.70973
21.0354 -89.332 3.70283
20.8852 -89.5234 3.71094
20.9381 -89.535 3.70772
21.0642 -89.3722 3.70555
20.8658 -89.4543 3.70833
21.0042 -89.4774 3.70978
20.9187 -89.4867 3.70754
20.9153 -89.3956 3.71001
20.9287 -89.3771 3.70934
20.8464 -89.4494 3.70691
20.9142 -89.4886 3.70665
21.0187 -89.4483 3.70497
20.9989 -89.5207 3.70952
21.0557 -89.3907 3.7085
21.0476 -89.5217 3.70741
20.8992 -89.4165 3.7066
20.9559 -89.4144 3.70959
21.0717 -89.3766 3.70861
21.0084 -89.4367 3.70718
20.9451 -89.4459 3.70752
20.9551 -89.4769 3.70785
20.9659 -89.4758 3.70798
20.8671 -89.4536 3.70749
21.0472 -89.4544 3.70965
20.9609 -89.4029 3.71056
20.9489 -89.4269 3.70743
20.8934 -89.5141 3.71214
21.0334 -89.3914 3.70781
20.8526 -89.4513 3.70807
20.9967 -89.4445 3.70624
21.0059 -89.4359 3.70743
20.936 -89.379 3.70542
20.8379 -89.3777 3.70643
20.9703 -89.3848 3.70582
20.913 -89.3993 3.70784
20.9346 -89.4498 3.70754
20.8624 -89.3828 3.70586
20.8829 -89.436 3.70509
20.9946 -89.3651 3.70563
20.939 -89.4266 3.70989
20.9726 -89.4729 3.71023
20.9545 -89.3935 3.71042
20.8556 -89.5188 3.7086
20.925 -89.4363 3.70769
20.8314 -89.5422 3.70542
20.9268 -89.4348 3.70635
20.7859 -89.3768 3.70697
21.0174 -89.4251 3.71
20.9662 -89.4164 3.70776
20.8842 -89.4157 3.70577
20.9452 -89.4296 3.70822
20.9252 -89.4337 3.70596
21.0003 -89.4639 3.71068
21.0147 -89.4326 3.71111
20.8617 -89.3987 3.70653
20.9158 -89.4548 3.70871
20.945 -89.5316 3.70764
20.9505 -89.4794 3.70552
20.892 -89.4216 3.70767
21.0428 -89.4708 3.7079
20.9776 -89.5071 3.70892
20.9484 -89.4662 3.70494
21.0109 -89.5026 3.70952
20.9245 -89.3907 3.70805
20.9308 -89.5002 3.70509
21.0359 -89.4715 3.70767
21.0256 -89.373 3.70697
21.0705 -89.3726 3.70768
20.9818 -89.4535 3.70953
20.9985 -89.4143 3.70925
20.9181 -89.4771 3.70723
21.0276 -89.4469 3.70866
21.0541 -89.4444 3.70783
21.0047 -89.4491 3.71068
20.9308 -89.4224 3.70933
20.9803 -89.4051 3.70818
20.9509 -89.4075 3.70814
20.8766 -89.4388 3.71121
21.0263 -89.409 3.70847
21.0194 -89.375 3.71123
20.9494 -89.4261 3.70864
20.8279 -89.4787 3.70755
20.9303 -89.5113 3.70576
20.9641 -89.4957 3.7066
20.8554 -89.5488 3.7085
20.9289 -89.469 3.70337
20.9813 -89.4719 3.70819
20.9665 -89.5988 3.71039
21.0089 -89.408 3.70504
20.8856 -89.4686 3.70837
20.9967 -89.4112 3.70908
20.925 -89.3921 3.70778
20.8953 -89.5047 3.70892
20.8201 -89.3603 3.70654
20.9908 -89.4037 3.70842
20.9766 -89.3884 3.70958
21.0046 -89.3866 3.70962
21.0439 -89.4237 3.70921
20.8563 -89.4521 3.70897
20.9737 -89.192 3.70803
20.949 -89.4932 3.70776
20.9996 -89.4323 3.70745
20.8816 -89.4721 3.70428
21.007 -89.4376 3.70471
21.062 -89.3879 3.70283
20.9976 -89.3696 3.70883
20.9884 -89.3761 3.70682
20.9585 -89.4221 3.70824
20.983 -89.3776 3.70792
20.9369 -89.4763 3.70941
21.0695 -89.3952 3.70805
20.901 -89.4408 3.70293
20.9368 -89.377 3.70882
21.0103 -89.5991 3.71041
20.96 -89.3634 3.71102
20.9119 -89.4522 3.70416
20.9471 -89.4937 3.70494
21.017 -89.4143 3.71038
20.9746 -89.4493 3.71119
20.8943 -89.5099 3.70435
20.8689 -89.5566 3.70129
20.9187 -89.4071 3.70971
20.9108 -89.4792 3.70723
20.9488 -89.501 3.70854
20.9731 -89.485 3.70954
20.9171 -89.5165 3.70732
21.0126 -89.4742 3.70929
21.0044 -89.3986 3.71201
21.009 -89.5005 3.71018
20.9955 -89.4996 3.70891
21.1366 -89.3696 3.70644
21.0422 -89.4081 3.70708
20.8397 -89.4708 3.70825
20.9279 -89.5122 3.70835
20.9531 -89.4857 3.70845
21.0079 -89.409 3.70963
20.8954 -89.5518 3.70718
20.9613 -89.5069 3.71024
20.8156 -89.4888 3.70306
20.9691 -89.3946 3.7083
20.9343 -89.5048 3.704
20.9136 -89.4577 3.7087
20.985 -89.3585 3.70978
20.8991 -89.457 3.70645
21.0113 -89.4059 3.71201
21.0672 -89.4059 3.70965
20.9254 -89.4753 3.70449
21.046 -89.4358 3.70847
20.9049 -89.4687 3.70796
20.9564 -89.4449 3.70733
20.8345 -89.4429 3.70655
20.9045 -89.4634 3.70613
20.9421 -89.4111 3.70803
21.011 -89.4307 3.70814
20.9599 -89.4739 3.71005
20.9149 -89.4828 3.70858
20.9916 -89.3923 3.70679
21.0284 -89.3971 3.71003
20.9578 -89.4368 3.71
20.9472 -89.4533 3.70939
20.9248 -89.5018 3.70265
20.9971 -89.4134 3.70713
20.8937 -89.3884 3.70776
20.9657 -89.4686 3.71439
20.8599 -89.5603 3.70783
20.9174 -89.3987 3.708
20.9416 -89.4659 3.7078
20.9973 -89.4314 3.70908
20.9791 -89.3819 3.70899
20.9526 -89.3972 3.70323
21.0138 -89.5021 3.70981
21.019 -89.3816 3.70764
20.9214 -89.4678 3.70952
20.8089 -89.3745 3.70554
20.9569 -89.362 3.70823
20.8718 -89.4496 3.71003
20.9354 -89.495 3.7035
20.863 -89.5095 3.7076
20.9191 -89.3166 3.70943
20.9208 -89.4613 3.70736
21.0144 -89.4537 3.70874
20.8853 -89.4834 3.70619
20.9576 -89.4437 3.70589
20.9968 -89.564 3.70796
21.0663 -89.4583 3.70824
20.9679 -89.4375 3.7086
20.9456 -89.4536 3.70912
20.9492 -89.4983 3.70713
21.0234 -89.4244 3.70787
21.0587 -89.3291 3.7069
20.9693 -89.608 3.71068
20.8495 -89.3879 3.70701
20.8919 -89.5271 3.70637
20.9687 -89.4283 3.70863
20.9536 -89.546 3.70916
20.8765 -89.3259 3.70442
20.9492 -89.4007 3.70735
20.9446 -89.3996 3.70748
20.9474 -89.4739 3.70951
20.9206 -89.4482 3.71012
20.8852 -89.3848 3.70584
20.8368 -89.4308 3.7081
20.9665 -89.4908 3.70853
20.9707 -89.486 3.70775
21.0062 -89.4304 3.70883
20.9742 -89.4037 3.70805
20.9345 -89.4052 3.70766
20.9921 -89.4194 3.70695
20.9422 -89.4741 3.70527
20.938 -89.4422 3.70688
21.0047 -89.4989 3.7051
21.058 -89.3917 3.7107
21.0242 -89.4231 3.71003
20.9835 -89.3895 3.71048
20.9779 -89.283 3.70633
20.8679 -89.3664 3.70757
20.8892 -89.4259 3.70863
20.9422 -89.4984 3.70917
20.8485 -89.5559 3.7092
20.9061 -89.3873 3.70862
20.894 -89.5511 3.70673
20.9177 -89.3716 3.70639
21.0527 -89.3845 3.70754
20.8138 -89.3787 3.70592
20.8307 -89.5106 3.70673
20.943 -89.4367 3.70887
21.049 -89.4039 3.70815
20.8681 -89.4889 3.70645
20.942 -89.5069 3.70942
20.9211 -89.4607 3.70796
20.8483 -89.4064 3.70437
20.9947 -89.4031 3.70953
20.9708 -89.363 3.71014
20.9367 -89.5054 3.70654
20.8574 -89.4143 3.70558
20.8865 -89.5609 3.70851
20.9174 -89.3703 3.70755
20.9397 -89.3697 3.70702
21.0249 -89.4486 3.70564
20.9205 -89.5169 3.70732
20.8766 -89.4766 3.70718
20.9785 -89.46 3.70866
20.9977 -89.3898 3.71006
21.021 -89.4488 3.7113
20.9721 -89.4451 3.71031
21.0113 -89.2529 3.7055
20.9762 -89.4853 3.708
21.0771 -89.4265 3.70796
20.9038 -89.4393 3.70735
20.9008 -89.3629 3.70478
20.8923 -89.4109 3.70542
20.8856 -89.4069 3.70552
20.9868 -89.4355 3.70722
20.9189 -89.4563 3.70495
20.9876 -89.4772 3.70676
20.9481 -89.3982 3.70888
21.0236 -89.411 3.71082
20.8344 -89.4227 3.7077
20.813 -89.4401 3.70723
20.9722 -89.4734 3.71011
20.8916 -89.4614 3.70339
20.8443 -89.5039 3.70635
20.8228 -89.4407 3.71095
20.9281 -89.4562 3.71077
20.9049 -89.4652 3.71127
20.9747 -89.4275 3.7113
21.059 -89.4625 3.70625
21.0095 -89.4449 3.70596
20.9818 -89.4654 3.70926
20.8598 -89.4821 3.7079
20.9753 -89.4417 3.70719
21.0688 -89.3852 3.70776
20.9552 -89.4704 3.70832
20.8819 -89.3795 3.70714
21.0275 -89.3963 3.70926
20.9835 -89.524 3.70902
20.9638 -89.4394 3.7073
20.9796 -89.4213 3.70939
20.9445 -89.5349 3.70723
20.8296 -89.4922 3.70645
20.9058 -89.3936 3.70499
20.96 -89.4081 3.7083
20.9704 -89.4144 3.71335
20.8632 -89.4537 3.71059
20.8964 -89.4696 3.70985
20.9826 -89.4265 3.70977
20.95 -89.4216 3.70899
20.9641 -89.4597 3.70543
20.8888 -89.5316 3.70503
20.8946 -89.3934 3.70725
21.0246 -89.3764 3.70807
20.9172 -89.4119 3.70456
20.9026 -89.4716 3.70798
20.8618 -89.4803 3.70577
20.9276 -89.4586 3.70568
20.9561 -89.4856 3.71005
20.9867 -89.5081 3.70794
20.9792 -89.555 3.70897
21.0369 -89.4199 3.70941
21.0791 -89.4573 3.70865
20.9362 -89.4729 3.70755
20.9695 -89.369 3.70969
21.0253 -89.3749 3.70831
21.0186 -89.4469 3.70641
21.0063 -89.4786 3.70938
21.0405 -89.4187 3.70647
20.9403 -89.428 3.70761
20.9866 -89.4723 3.7073
20.9438 -89.4668 3.70995
20.954 -89.3803 3.70925
20.9795 -89.4988 3.70683
20.7771 -89.381 3.70507
20.8839 -89.433 3.70523
20.9171 -89.455 3.70708
20.9734 -89.3823 3.70991
20.9746 -89.4916 3.7095
20.909 -89.446 3.70545
20.8463 -89.5047 3.7059
20.8755 -89.407 3.70801
20.914 -89.3812 3.70542
20.9188 -89.2904 3.70622
20.9131 -89.5265 3.70814
20.9286 -89.3895 3.70693
21.0323 -89.492 3.70947
20.9544 -89.5054 3.70868
20.9238 -89.5119 3.70799
20.994 -89.4467 3.70941
20.9822 -89.4377 3.708
20.9596 -89.4974 3.71278
20.9671 -89.4013 3.70921
20.942 -89.4947 3.70792
20.926 -89.5215 3.70846
20.9097 -89.4892 3.70557
22.3788 -89.1433 3.71132
