82.914 16.0822 0.0897886
82.9617 16.0931 0.0884349
82.8039 16.1588 0.086653
83.0252 16.248 0.0857013
82.9533 16.0844 0.0894949
82.9391 16.1197 0.0847118
82.8869 16.0986 0.0871694
82.9287 16.0015 0.0859562
82.935 16.1049 0.0876872
82.9421 16.0741 0.0875402
82.9684 16.2295 0.0861641
82.8935 16.2347 0.0861514
82.9728 16.0105 0.0855125
82.9538 16.1877 0.0895188
82.8209 16.1477 0.0899818
83.0139 16.1832 0.0907744
82.8619 16.1591 0.0901911
82.8644 16.1583 0.0900301
83.002 16.0661 0.0849265
82.824 16.1944 0.0919529
82.8623 16.0806 0.0897233
82.9766 16.2278 0.0888956
82.8154 16.0909 0.0869081
82.8499 16.0783 0.0884957
82.8743 16.0944 0.0885517
82.988 16.0141 0.0870093
82.8478 16.1277 0.087641
82.9714 16.1882 0.0892017
82.9275 16.1664 0.0839706
82.9494 16.2473 0.0865637
82.9562 16.1302 0.0890561
82.8868 16.1361 0.0864365
82.8504 16.1494 0.0888457
82.9276 16.115 0.0865112
82.9747 16.0436 0.0863028
82.932 16.2052 0.0874939
82.8873 16.2133 0.0867025
82.8328 16.1793 0.0863665
82.9548 16.1501 0.0874618
82.9519 16.0233 0.0880396
83.0343 16.028 0.0874822
83.0059 16.2242 0.0886949
82.9923 16.1214 0.0883207
82.9711 16.1621 0.0858049
82.7636 16.276 0.0874605
82.8395 16.201 0.0916489
82.8245 16.0896 0.087816
82.8608 16.1319 0.0887561
82.8463 16.1414 0.0852695
82.8788 16.1714 0.0858536
82.8692 16.1978 0.0876734
83.014 16.2307 0.0899794
82.9398 16.0073 0.0887623
82.9343 16.0951 0.0912313
83.0174 16.0946 0.0858269
82.8789 16.2898 0.0926641
83.0326 16.0642 0.0838706
83.0289 16.0446 0.0891586
83.0187 16.0982 0.0834644
82.8685 16.0643 0.0857588
82.9787 16.0676 0.0875694
82.9996 16.1601 0.0849956
82.8337 16.0218 0.0830968
83.0081 16.0978 0.0903761
83.006 16.0421 0.0853793
82.969 16.1052 0.0878025
82.9616 16.0795 0.0862086
82.8486 16.157 0.0864052
82.8638 16.1995 0.0883957
82.9655 16.0739 0.0851445
82.9602 16.0529 0.0877184
82.9001 16.2208 0.0868259
82.9427 16.2062 0.0904499
82.9068 16.0855 0.0898322
82.8562 16.2124 0.0889106
82.8871 16.0622 0.0909378
82.7727 16.1021 0.0903745
82.7986 16.0626 0.0893267
82.9568 16.1555 0.0896602
82.9512 16.0586 0.0855021
82.9692 16.0605 0.0841745
82.9006 16.1482 0.0895027
82.9294 16.1591 0.0888287
82.8828 16.133 0.0894497
82.9397 16.2306 0.0875874
82.9063 16.2312 0.0886039
82.9015 16.0404 0.0839351
82.9678 16.0133 0.0843206
83.0222 16.1654 0.0948104
82.9489 16.1319 0.0905009
82.9178 16.1679 0.0892967
82.9075 16.0865 0.0865886
82.8932 16.1389 0.0875752
83.0229 16.1926 0.0872982
82.8521 16.138 0.0895855
82.9742 16.0784 0.0840179
82.8809 16.0751 0.0838411
82.9624 16.2002 0.0887195
83.0064 16.1437 0.0878615
83.0197 16.1174 0.0873791
82.9951 16.0909 0.0880641
83.0103 16.0176 0.085428
83.027 15.9855 0.0840823
82.9943 16.0516 0.0844363
82.8731 16.156 0.0890457
83.032 16.1359 0.0895633
82.9801 16.1593 0.0908125
82.9198 16.0328 0.0916807
82.9711 16.0725 0.0903913
82.8517 16.0957 0.088923
82.964 16.1939 0.0865051
82.9751 16.1198 0.0830807
82.8217 16.0847 0.0875061
82.8578 16.108 0.0872201
82.8403 16.1575 0.0848764
82.7782 16.0133 0.0863501
82.833 16.2503 0.0904226
82.8963 16.0936 0.0931053
82.8963 16.0559 0.0896152
82.857 16.1955 0.0907086
82.8514 16.1439 0.0906196
82.9641 16.2211 0.0911062
82.9079 16.2218 0.0901997
82.8065 16.1471 0.0866283
82.9076 16.1961 0.0894009
83.0218 16.1286 0.0879964
82.8268 16.1214 0.0853028
82.8773 16.134 0.0879709
82.9108 16.1881 0.0883695
82.8705 16.0911 0.0865672
82.9927 15.9606 0.0876177
82.9298 16.0366 0.084102
82.9072 16.1305 0.0853952
82.985 16.1689 0.0859441
82.8779 16.123 0.0902265
82.9518 16.0551 0.0871854
82.9516 16.1023 0.0878132
83.0495 16.137 0.0896646
83.0466 16.1668 0.0895054
82.938 16.0806 0.0871944
82.9813 16.1642 0.0878864
82.8522 16.1707 0.0889302
83.0151 16.0892 0.0867062
82.9196 16.1695 0.0890939
83.0234 16.126 0.0813879
82.8167 16.0826 0.0887468
82.8737 16.208 0.0868553
83.0155 16.0553 0.0836234
82.7985 16.174 0.084815
82.863 16.221 0.0891142
82.808 16.0685 0.0854014
82.7899 16.1008 0.0871328
82.9195 16.0397 0.0853636
82.9324 16.0407 0.0865469
82.7504 16.2077 0.0875588
83.0403 16.0437 0.0908394
82.9595 16.0702 0.092188
82.8927 16.1747 0.0888173
82.9854 16.1249 0.088006
82.9764 16.2194 0.0856361
82.9495 16.1161 0.0906581
82.9458 16.1451 0.0896661
83.0559 16.0442 0.0866789
83.0727 16.0409 0.0844364
83.0942 16.0668 0.085345
82.9017 16.0379 0.0866716
83.0334 16.1178 0.0882932
82.971 16.0749 0.0864442
83.0043 16.1121 0.0900531
82.9238 16.0825 0.0889353
82.9105 16.2771 0.0853583
82.95 16.2609 0.0868657
82.9111 16.1879 0.0883773
82.9679 16.1263 0.0867737
82.7935 16.1184 0.0887375
82.774 16.1829 0.0896652
83.0068 16.0708 0.0905172
82.9004 16.1814 0.0865429
82.8697 16.0776 0.087626
82.8996 16.1982 0.0887397
82.8021 16.0677 0.0857787
82.9845 16.17 0.0901217
82.9111 16.0096 0.0875681
82.9541 16.0061 0.0928085
83.043 16.1024 0.0847741
82.9639 16.2029 0.0864018
82.9564 16.1522 0.087508
82.9127 16.2268 0.0867442
82.9965 16.2085 0.0865255
82.9701 15.9946 0.0864021
82.9183 16.1444 0.0873838
82.9707 16.0364 0.0850342
82.8071 16.1585 0.0902619
82.9528 16.0911 0.0875627
82.923 16.132 0.0876695
82.9107 16.2826 0.0915285
82.8808 16.2647 0.0907615
83.0285 16.2726 0.0891483
83.0513 16.2605 0.088803
82.9726 16.2423 0.088345
82.9943 16.1624 0.0855773
82.8439 16.1587 0.0879653
82.9401 16.1203 0.0887486
82.9352 16.1137 0.0866868
82.7977 16.2151 0.0874874
82.8226 16.1462 0.0913661
82.9792 16.0045 0.0832655
82.9319 16.0323 0.0894992
82.9623 16.0426 0.0870133
82.9887 16.0668 0.0886082
82.8804 16.2209 0.0896004
82.9367 16.0958 0.0881047
82.9592 16.047 0.0865396
82.984 16.1079 0.0880408
82.9347 16.1547 0.0874241
82.9726 16.2962 0.0875607
82.8803 16.0456 0.0911268
82.8674 16.0639 0.0917924
83.0239 16.0911 0.0861641
82.8857 16.1935 0.0863438
82.7825 16.1948 0.0875698
82.9039 16.0804 0.0873317
82.8755 16.1511 0.0899173
82.9176 16.2346 0.0863428
82.9474 16.0143 0.0838541
82.9467 16.0198 0.0840282
83.0191 16.1997 0.0864022
82.963 16.1377 0.0901774
82.832 16.072 0.0869987
82.8639 16.0264 0.0837489
82.9883 16.0054 0.0877705
82.9445 16.1425 0.0873991
82.911 16.1473 0.0882531
82.8066 16.1841 0.0878168
82.9069 16.1983 0.0854144
82.8835 16.2233 0.0838992
82.9586 16.0614 0.0848524
82.8376 16.1481 0.0909036
82.9285 16.0496 0.0871443
82.7727 16.1876 0.0882427
82.9853 16.1694 0.0890466
82.9125 16.1293 0.0903683
82.9387 16.1494 0.0917073
82.8942 16.2452 0.0876209
82.9585 16.1423 0.0914198
82.9611 16.1505 0.0906806
82.9802 16.2344 0.089435
82.8391 16.0533 0.0865027
82.8829 16.1087 0.0907216
82.9598 16.0212 0.0837219
83.084 16.1862 0.088461
83.0563 16.1893 0.0892551
82.97 16.2448 0.0917505
82.8672 16.158 0.0860051
82.9051 16.0838 0.086117
82.9676 16.2286 0.0849042
82.9329 16.0446 0.0872631
82.9261 16.1895 0.0868884
82.8895 16.124 0.086664
82.9314 16.1222 0.0864082
82.9861 16.1067 0.0857329
82.8631 16.1482 0.0903539
82.9346 16.1883 0.0892291
82.9812 16.0536 0.0916789
82.8326 16.0298 0.0893307
82.7542 16.1967 0.0909253
82.9404 16.2 0.0861519
82.9257 16.1589 0.085971
82.883 16.1886 0.0871994
82.8386 16.1074 0.0848287
82.9953 16.0699 0.0872308
82.9501 16.2117 0.08776
82.9497 16.1204 0.0905726
82.923 16.1743 0.0887295
83.0122 16.1377 0.0871779
82.8742 16.1821 0.0909356
82.9142 16.1929 0.0890587
82.7813 16.2037 0.0903533
82.8284 16.0849 0.0873354
82.9168 16.12 0.0892817
82.9195 16.057 0.0873554
82.8555 16.0652 0.0878167
82.8979 16.1783 0.08725
82.933 16.1126 0.0891723
82.8591 16.156 0.0872677
82.8595 16.137 0.0864453
83.0155 16.1037 0.0902084
82.8996 16.1616 0.0905842
82.9494 16.156 0.0920691
82.889 16.0648 0.0859831
83.0462 16.0467 0.08406
82.7931 15.9768 0.0889267
82.7193 16.0798 0.0900426
82.9174 16.0103 0.0863732
82.9774 16.116 0.0869342
82.9109 16.1397 0.0864821
82.9615 16.0984 0.0867259
82.8467 16.2824 0.0873305
82.8465 16.0948 0.0836598
82.874 16.1776 0.0876328
82.9596 16.0865 0.0883508
83.0269 16.0865 0.0878132
82.9607 16.0585 0.0863623
82.9858 16.0856 0.0862243
82.8675 16.1156 0.0856786
82.9348 16.0975 0.0850083
83.0193 16.0563 0.0877906
82.9329 16.2665 0.0860414
82.9678 16.0854 0.0906203
82.9238 16.0846 0.0899494
82.8946 16.1784 0.0913727
82.8266 16.1281 0.090077
82.8337 16.1331 0.0928474
82.8645 16.0949 0.0913343
82.9174 16.0886 0.0827316
82.8898 16.1205 0.0895891
82.9962 16.1508 0.0874819
82.9403 16.1689 0.0883846
82.9864 16.0691 0.0836119
82.9674 16.1425 0.0900781
82.8536 16.1575 0.091399
82.9447 16.1037 0.0865886
82.9623 16.1855 0.0879462
83.0082 16.1257 0.0892642
82.9278 16.1008 0.0850298
82.8968 16.1098 0.0841127
82.7472 16.1762 0.0872446
82.7747 16.1646 0.0867924
82.8748 16.0767 0.0873288
82.8624 16.0865 0.0869062
82.8743 16.0421 0.0874306
83.0168 15.9815 0.0848785
83.018 16.0473 0.0867774
82.9628 16.1947 0.0888643
83.0119 16.1886 0.0913241
82.9991 16.1564 0.0919758
82.8165 16.0867 0.0879735
82.8997 16.1088 0.0878103
82.9201 16.0879 0.0917205
82.9226 16.1381 0.0857729
82.9443 16.102 0.0840252
82.9339 16.0393 0.0882803
82.8555 16.054 0.0895548
82.8979 16.1569 0.0902415
82.8808 15.9909 0.0915489
82.8883 16.1084 0.0875311
82.903 16.1734 0.0895718
82.8089 16.066 0.0874465
82.8528 16.0383 0.0878697
83.0219 16.1471 0.0898071
82.9133 16.0856 0.0887638
82.8208 16.1104 0.0853167
82.8738 16.1468 0.0899718
82.8753 16.1817 0.0856446
82.9068 16.1473 0.0853467
82.9235 16.1894 0.0868922
82.8432 16.1136 0.0861498
82.794 16.121 0.0849961
82.9574 16.0082 0.0874785
82.9669 16.0905 0.0869197
82.7648 16.1364 0.0871524
82.8828 16.229 0.0921612
82.9539 16.0508 0.0887389
82.872 16.0655 0.0883593
82.9524 16.0673 0.0853671
82.9794 16.0987 0.0903301
83.0178 16.1333 0.0909673
82.9532 16.1831 0.0876496
82.916 16.0273 0.0926251
82.9177 15.9903 0.0906451
82.8642 16.193 0.089934
82.8571 16.2039 0.0857363
82.9802 16.1173 0.0864813
82.8599 16.2126 0.0859699
82.8744 16.268 0.0869907
82.8545 16.206 0.0873559
83.037 16.124 0.0857152
82.9596 16.0768 0.089524
82.9892 16.0853 0.0865145
82.8634 16.143 0.0850021
82.9148 16.0717 0.0902992
82.7659 16.1081 0.0872722
82.9195 16.0986 0.0855395
82.8371 16.1108 0.088405
82.9034 16.0024 0.0884753
82.9778 16.0707 0.0914573
82.9382 16.1413 0.0895959
83.0037 16.2124 0.0857065
83.0043 16.1261 0.0893125
83.0534 16.263 0.0904292
83.0994 16.049 0.0837255
82.9689 16.0543 0.0862732
82.8925 16.0281 0.0926084
82.9899 16.0893 0.0890049
82.8781 16.0285 0.08903
82.9377 16.0114 0.0881668
82.8933 16.1113 0.0876419
82.9798 16.1726 0.0884967
82.9611 16.2082 0.0864105
82.9355 16.1194 0.0853455
82.8982 16.22 0.0871746
82.9772 16.0904 0.0906098
82.9778 16.1462 0.0905187
82.9693 16.1349 0.0896739
82.8738 16.0905 0.0910845
82.8594 16.0399 0.0867887
83.017 15.9681 0.0865569
82.9693 16.1831 0.0895008
82.8346 16.2314 0.090066
82.9435 16.1773 0.0900479
82.91 16.0701 0.0873704
82.8867 16.0641 0.0896654
82.8935 16.0794 0.0877746
82.9155 16.0842 0.0899604
83.0745 16.1489 0.0859017
83.059 16.1496 0.0849402
82.8867 16.2108 0.0882184
82.9916 16.2004 0.0868059
82.939 16.058 0.088459
82.9831 16.1532 0.086166
83.0542 15.955 0.0850395
82.9396 16.2002 0.0893237
82.9331 16.1521 0.0874707
82.8423 16.1611 0.0878517
82.9243 16.1925 0.0891837
82.7813 16.1186 0.0880929
82.9804 16.1264 0.0882403
82.9067 15.968 0.0910516
83.0031 16.1606 0.0873868
82.9232 16.2184 0.0877365
82.8997 16.1804 0.0899137
83.0358 16.1599 0.0844266
82.8595 16.1104 0.0871301
82.9476 16.1829 0.0869594
82.8359 16.212 0.0881026
82.7793 16.1511 0.0868588
82.8637 16.1673 0.0910057
82.9313 15.9926 0.0874169
82.9311 16.057 0.0881538
82.9501 16.0557 0.0838344
82.9199 16.0158 0.0845991
82.9202 16.1166 0.0875607
82.8606 16.2502 0.0871335
82.9747 16.1348 0.0846101
83 16.1076 0.0874239
83.0017 16.0927 0.0883919
82.9059 16.0728 0.0909419
82.9454 16.1268 0.0860666
83.0332 16.1093 0.0866597
82.9591 16.1885 0.088539
82.9986 16.1791 0.0878583
82.8939 16.1996 0.0895395
82.8962 16.0863 0.0909301
82.866 16.1947 0.0852341
82.9494 16.1742 0.0867746
82.8711 16.0991 0.0905971
83.0602 16.1864 0.0846641
83.0603 16.1667 0.0836386
83.0001 16.1086 0.0844917
82.7884 16.1124 0.089862
82.8458 16.097 0.0907527
82.7558 16.0779 0.0888413
82.8414 16.2012 0.0885694
82.8225 16.2063 0.0876613
83.067 16.2409 0.0858813
82.9394 16.1356 0.0909778
82.8167 16.097 0.0877736
82.9299 16.0021 0.0836665
82.8773 16.0996 0.0865111
82.9466 16.1521 0.0878206
82.8619 16.1403 0.089597
82.9302 16.1498 0.0868997
82.8342 16.2308 0.0864124
82.9538 16.0865 0.0845465
83.0088 16.1572 0.089979
82.8486 16.2504 0.0889755
82.957 16.1439 0.0857044
82.933 16.1448 0.088511
82.8253 16.0456 0.0922192
82.8583 16.0677 0.0895416
82.9974 16.1898 0.0874576
82.933 16.1532 0.087208
82.8518 16.0369 0.0876696
82.8841 16.0607 0.0903548
82.9637 15.9937 0.0865987
83 15.9941 0.086927
83.0373 16.1951 0.0885225
83.0132 16.2076 0.0887489
82.8885 16.2286 0.0897819
82.9634 16.2075 0.0891266
82.9798 16.0948 0.0896731
82.8838 16.1162 0.0850175
82.9703 16.2101 0.0864865
82.9127 16.1247 0.0871125
82.7916 16.1363 0.0908984
82.9465 16.0616 0.0848949
82.9702 16.0785 0.0840642
82.9069 16.2019 0.0922908
82.8727 16.203 0.087468
81.3688 17.0629 0.0972121
83.0086 16.2145 0.0891834
82.9428 16.1964 0.0908696
82.9729 16.1336 0.0863037
82.8476 16.1615 0.0872465
82.9107 16.1104 0.0864307
82.8728 16.146 0.0867658
82.9543 16.1919 0.0826269
82.9374 16.0448 0.0838622
82.8381 16.1176 0.0888745
82.7096 16.1366 0.0877716
82.9381 16.1087 0.0894076
82.8412 16.1755 0.0840353
82.9293 16.0027 0.0824483
82.9439 16.1672 0.090619
82.9744 16.1063 0.0912732
82.9844 16.1097 0.0866954
82.8722 16.2176 0.0890966
82.9043 16.1134 0.0886654
82.931 16.1047 0.0889701
82.942 16.0898 0.0880512
82.9449 16.22 0.0869623
82.9241 16.155 0.087253
82.9709 16.0538 0.0875824
82.8738 16.0298 0.0880596
83.008 16.115 0.0852022
82.9026 16.0492 0.0834972
82.8961 16.1032 0.0884006
82.8827 16.2045 0.0870037
82.8331 16.2188 0.0887745
82.93 16.2199 0.0886525
82.8817 16.1425 0.0870518
82.9472 16.1977 0.0885729
82.9199 16.0538 0.090525
82.9809 16.165 0.0874575
82.9039 16.2465 0.0872084
82.8338 16.15 0.0834351
82.8199 16.1436 0.0892053
82.9198 15.985 0.083934
82.8832 15.9942 0.0882564
82.848 16.0546 0.085958
82.905 16.1231 0.0892029
82.916 16.1308 0.0849723
83.0251 16.1002 0.0841591
83.0372 16.1307 0.0850708
82.9637 16.0561 0.0909548
82.9623 16.0348 0.0880501
82.8919 16.1421 0.0866013
82.9235 16.0904 0.0897016
82.9117 16.0787 0.0891713
82.9035 16.1629 0.0860089
82.9372 16.0793 0.087802
82.9667 16.2035 0.0919497
82.9913 16.2197 0.089452
82.8606 16.1128 0.088793
82.8803 15.9599 0.0869243
82.8381 16.1838 0.0883661
82.831 16.0635 0.0932401
82.9561 16.2278 0.08634
82.7983 16.0249 0.0861811
82.8002 16.0537 0.0847228
82.8956 16.2584 0.0906133
82.9558 16.0229 0.0877462
82.9966 16.085 0.0883454
82.9345 16.1982 0.0851228
83.0746 16.0678 0.0905725
82.8309 16.1493 0.0924169
82.9205 16.1445 0.0894978
82.9912 16.1882 0.0920244
83.0197 16.2211 0.0869944
82.9159 16.1563 0.0842998
82.899 16.1511 0.0872596
83.0675 16.0966 0.0930726
83.0572 16.0814 0.0863465
82.7886 16.197 0.0864678
82.9655 16.2198 0.0924812
82.9415 16.2016 0.0900176
83.0029 16.0887 0.0892466
82.9698 16.0683 0.0893132
82.8798 16.0578 0.0824638
82.863 16.2557 0.0870233
83.0121 16.1156 0.0892239
82.8237 16.2 0.0888389
82.95 16.13 0.0884658
82.9583 16.054 0.0886462
83.0313 16.1798 0.0858407
83.038 16.1261 0.083183
83.0472 16.2538 0.0830365
82.9807 16.1726 0.0848155
82.904 16.2312 0.0856047
82.9349 16.108 0.0885278
82.8648 16.1228 0.0885064
82.9545 16.237 0.0852772
82.9371 16.1584 0.0886122
82.8907 16.2541 0.0878251
82.8951 16.1753 0.0945253
82.9224 16.122 0.0838445
82.9626 16.0399 0.0876232
82.9596 16.0543 0.0853303
82.9742 16.1032 0.0829882
82.908 16.0981 0.0849244
82.9435 16.2056 0.0915574
82.9611 16.2063 0.0906572
83.016 16.2189 0.0889106
82.8486 16.1159 0.0838528
82.8893 16.0701 0.0846115
82.8716 16.0844 0.0888671
82.8319 16.2019 0.0904595
82.8744 16.1663 0.0880347
82.8341 16.1892 0.0904954
83.028 16.2103 0.0882254
82.9126 16.1518 0.0856491
82.9747 16.1917 0.088356
82.933 16.05 0.0883328
83.0201 16.2206 0.0855495
82.9905 16.1154 0.0910039
82.9461 15.9905 0.0889276
82.94 16.1745 0.0846701
82.9842 16.2388 0.0896044
82.8011 16.236 0.0850281
82.8644 16.1318 0.0860684
82.8952 16.1573 0.0866244
82.9964 16.1066 0.0956691
82.9383 16.0713 0.0896573
82.8703 16.0445 0.0878821
82.9379 16.1509 0.0855144
83.0176 16.1121 0.0902485
82.8994 16.0947 0.0874218
82.8895 16.145 0.091501
82.8099 16.1771 0.0889485
82.9181 16.2008 0.0890886
82.8867 16.106 0.083541
82.8879 16.1019 0.0825271
82.9325 16.1284 0.0931444
82.9128 16.1767 0.0917756
83.0466 16.1033 0.0900098
82.8747 16.0868 0.0843176
82.8955 16.1567 0.0880844
82.9196 16.1177 0.0873006
82.9107 16.1953 0.0830759
82.8619 16.0638 0.0899747
82.9229 16.167 0.0892679
82.8852 16.1066 0.0866451
82.951 16.1334 0.0868495
82.9047 16.1466 0.0878519
82.8594 16.1878 0.0894907
82.9044 16.2286 0.0911151
82.9838 16.0187 0.0851802
82.8825 16.0545 0.0863305
82.8483 16.1207 0.0913447
82.981 16.2178 0.0874179
83.0222 16.2337 0.0901938
82.9285 16.1047 0.0891428
83.0911 16.083 0.0848938
82.842 16.1106 0.0902364
82.9194 16.0055 0.0861772
82.935 16.053 0.0938556
82.8034 16.0192 0.085896
82.9587 16.1176 0.0888678
82.8229 16.1561 0.0885311
82.7764 16.1135 0.0861218
82.8939 16.1102 0.0878718
83.0039 16.1244 0.0917059
82.883 16.2329 0.091039
82.8905 16.0676 0.0944314
82.9324 16.1084 0.0864669
83.0583 16.1516 0.0894248
82.9125 16.2038 0.0875237
83.0126 16.2718 0.0879902
82.9642 16.1072 0.085443
82.9935 16.0751 0.084807
83.0091 16.1917 0.0825565
82.9815 16.2283 0.0876298
82.9882 16.1931 0.0855116
82.9766 16.1824 0.0905096
82.9469 16.205 0.0899634
82.9409 16.097 0.0853859
82.9493 16.2359 0.0887108
83.0549 16.2021 0.0868659
82.8326 16.1789 0.0880517
82.9841 16.1473 0.0870021
82.9897 16.2499 0.0909495
82.9576 16.2012 0.0890527
83.0777 16.0937 0.0836805
82.8924 16.1325 0.0895029
83.0137 16.1381 0.0906168
82.8971 16.0097 0.0874876
83.0146 16.0028 0.0865954
82.8454 16.1345 0.0879575
82.9643 16.2621 0.0906218
82.7833 16.1843 0.0876426
83.0033 16.0643 0.0869469
83.0086 16.1242 0.0874243
82.9966 16.091 0.0867519
82.9774 16.1097 0.0858651
82.9723 16.1427 0.0867862
82.9222 16.1642 0.0883186
82.9703 16.1306 0.0877987
82.9155 16.1314 0.088316
83.0232 16.149 0.0830662
82.897 16.1423 0.0871225
82.8941 16.0348 0.0839379
82.8435 16.3522 0.0900793
82.8625 16.0374 0.0872547
83.0228 16.0259 0.0845553
82.8922 16.0957 0.090285
82.9431 16.1311 0.086818
82.9071 16.1809 0.0884965
82.9317 16.116 0.0870316
82.8066 16.0083 0.0838168
82.9903 16.0825 0.0858312
83.0111 16.1102 0.0875863
82.9994 16.1311 0.0886113
83.0007 16.1325 0.0885255
82.8649 16.096 0.0901933
82.8124 16.128 0.0889091
83.0248 16.0786 0.0814729
82.8264 16.0892 0.0899155
82.8618 16.0344 0.0853603
83.0773 16.0592 0.0875705
82.9225 16.1943 0.0867232
82.8517 16.0564 0.0856304
82.9146 16.0084 0.0877632
82.9118 16.1644 0.0899084
82.9503 16.2088 0.08793
82.8693 16.0913 0.0871163
82.7513 16.0189 0.0886311
82.792 16.1233 0.0846669
83.0335 16.2643 0.0854155
83.0059 16.1652 0.0877499
83.0387 16.1529 0.0878582
82.8531 16.0917 0.0873507
82.9125 16.0403 0.0881855
82.9382 16.1265 0.0838588
82.8212 16.0993 0.0816738
82.968 16.1539 0.0872269
82.8508 16.0925 0.0884785
82.9562 16.0557 0.0863134
83.0478 16.0791 0.0862109
82.9703 16.2304 0.0922296
82.9737 16.1053 0.0876452
82.9296 16.1394 0.0889598
82.9422 16.1335 0.0875854
82.8769 16.1455 0.0884986
82.9414 16.1952 0.0828326
82.7745 16.0904 0.0906417
82.9636 16.189 0.0897602
82.9974 16.2632 0.0897154
82.8644 16.1288 0.0893717
82.7654 16.2149 0.0904025
82.9396 16.1712 0.0869586
82.8761 16.1132 0.083407
82.9573 16.1899 0.0860454
82.9634 16.2109 0.0854031
82.9463 16.2771 0.084744
82.8903 16.215 0.0885433
82.9691 16.1664 0.0873239
82.9649 16.1383 0.0878269
82.983 16.1752 0.0924261
82.9483 16.1742 0.087117
83.0796 16.2271 0.0822294
82.9641 16.1211 0.0860862
82.7881 16.2166 0.0898496
82.9562 16.0757 0.0841883
82.8552 16.1138 0.0881376
82.8678 16.0621 0.0876091
82.93 16.2147 0.0863638
82.9487 16.3266 0.0919883
82.9309 16.2755 0.0876171
82.932 16.0756 0.0880846
82.8803 16.1153 0.0899002
82.898 16.1864 0.0887817
82.9031 16.1028 0.0827939
82.8449 16.1763 0.0851327
82.9409 16.1902 0.0873521
82.9507 16.253 0.0819533
82.8727 16.0789 0.0859403
83.001 16.1141 0.0853215
82.8088 15.9619 0.0830731
82.8905 16.1017 0.0881326
83.0093 16.0782 0.0894992
82.9453 16.1486 0.0877337
83.0101 16.1596 0.0854658
82.9427 16.1462 0.0868229
82.9433 16.1073 0.0881727
82.8435 16.1568 0.0909116
82.8369 16.1975 0.0863487
82.7919 16.1735 0.0870184
82.946 16.1592 0.0900349
83.0211 16.0909 0.0872453
82.8854 16.203 0.0889766
82.8747 16.0612 0.0879563
82.8874 16.0864 0.0871282
82.8066 16.0608 0.0918538
82.8975 16.1228 0.0861252
82.9196 16.12 0.0892842
82.9896 16.0842 0.0865193
82.9648 16.0749 0.0900947
82.9849 16.1885 0.0879541
83.0135 16.2327 0.0897282
82.8281 16.0789 0.090339
82.9976 16.1631 0.0896692
82.8928 16.1675 0.0882705
82.8964 16.1332 0.0858594
82.9116 16.1418 0.0914096
83.0499 16.1918 0.08807
82.9438 16.1499 0.0855327
82.8303 16.1882 0.0895838
82.8673 16.1278 0.0897873
82.8943 16.2345 0.0875693
83.0151 16.1368 0.0902911
83.0397 16.0705 0.090008
82.9497 16.118 0.0858472
82.9913 16.1466 0.0857337
83.0326 16.1918 0.0900434
82.9704 16.0779 0.0877704
82.8821 16.1088 0.0872028
82.9306 16.0324 0.0911025
83.0253 16.1105 0.0841986
82.9891 16.1027 0.0848789
82.8674 16.1184 0.0874593
82.8932 16.1059 0.087803
82.8837 16.1033 0.0843816
82.888 16.0979 0.0895873
82.8551 16.159 0.0916498
82.9129 16.1071 0.0894285
82.9399 16.1559 0.0891836
82.8927 16.1792 0.0882299
83.0021 16.1737 0.0854657
82.9736 16.1289 0.0851786
82.9617 16.1406 0.0887963
82.8606 16.2116 0.0897447
82.9428 16.0652 0.0884095
82.9576 16.1337 0.0840937
82.9882 16.1454 0.085242
82.874 16.0973 0.0849635
82.955 16.0757 0.0876886
83.0403 16.1855 0.0916081
82.8882 16.2022 0.0885552
82.808 16.2746 0.0883034
82.9857 16.1609 0.0868344
82.9878 16.1374 0.0864626
83.0031 16.153 0.0900496
82.7802 16.2525 0.0869415
82.9527 16.1596 0.0853439
82.9365 16.2063 0.0846326
82.88 16.0313 0.0860863
83.0541 15.9563 0.0853088
83.0832 16.063 0.0861201
82.9435 16.1986 0.0886087
82.842 16.0848 0.0862586
82.9703 16.0743 0.0867721
82.8416 16.2127 0.0896791
82.9466 16.1713 0.0866811
82.979 16.0451 0.0897509
82.8007 16.2305 0.0881919
82.7764 16.1091 0.0855444
82.8866 16.1771 0.0892775
82.9661 16.2665 0.088888
82.8916 16.2251 0.0892445
82.9507 16.104 0.0851265
82.9361 16.1416 0.0860063
82.8941 16.1782 0.0924127
82.9238 16.1091 0.085221
82.9518 16.103 0.0836108
82.8783 16.0924 0.0843791
82.9123 16.1324 0.0863217
82.9151 16.1904 0.0865892
82.9089 16.1768 0.0858069
82.9399 16.1911 0.0849398
82.8207 16.1246 0.0919966
82.9217 16.0301 0.0887629
82.9483 16.2237 0.0869448
82.925 16.1269 0.0881163
83.005 16.1622 0.0877286
82.8886 16.2224 0.0896955
82.9619 16.0838 0.0857099
82.987 16.1544 0.0883304
82.8648 16.1066 0.0908053
82.9648 16.1127 0.081768
82.9141 16.2237 0.0878171
83.0767 16.0264 0.0860388
83.0735 16.098 0.0845622
83.0135 16.0975 0.0855024
82.8044 16.0379 0.0892464
82.8884 16.2592 0.0913965
82.9534 16.0565 0.0924536
82.939 16.0705 0.0844346
82.9729 16.077 0.0872865
82.9503 16.2723 0.0913636
82.927 16.2121 0.0925725
82.7912 16.1091 0.0888284
82.7897 16.1489 0.0864416
82.9199 16.2654 0.0918707
82.9943 16.0877 0.0880784
83.0333 16.091 0.0860582
82.9338 16.1182 0.0862854
82.7766 16.111 0.08786
82.88 16.1469 0.0856036
83.0453 16.2662 0.0916066
82.9596 16.0415 0.0836641
82.9987 16.087 0.0841009
83.0289 16.1415 0.0856179
82.9436 16.1814 0.089628
83.027 16.131 0.0886518
83.0087 16.2158 0.0871855
83.008 16.1789 0.0886444
82.9876 16.2891 0.0887486
82.9345 16.1986 0.0876797
82.9195 16.1662 0.0859478
82.8195 16.0998 0.086252
82.9577 16.1733 0.0867805
82.8806 16.1544 0.091793
82.8645 16.2076 0.0892152
82.9595 16.104 0.0872176
82.9706 16.0843 0.0866118
83.0362 16.1593 0.084556
82.8286 16.1645 0.089727
83.0012 16.3082 0.0853274
82.9374 16.0808 0.0856098
82.9244 16.0417 0.0851114
82.9532 16.1776 0.0870875
82.9236 16.1353 0.0883254
82.9791 16.0796 0.0859337
83.0474 16.1139 0.0865565
82.9871 16.1613 0.0859905
82.9394 16.0704 0.0844452
83.0056 16.16 0.0829512
83.0125 16.2653 0.0869532
83.0164 16.2967 0.0876313
82.9223 16.0794 0.0864056
82.8979 16.0229 0.0863786
82.9745 16.0784 0.0859706
82.8893 16.1768 0.0864215
82.9244 16.1357 0.0872439
82.7937 16.0301 0.0849932
83.0086 16.0957 0.0853957
83.0106 16.1544 0.0857263
82.8591 16.0773 0.0902696
82.8978 16.0663 0.0885795
82.8564 16.1385 0.0891444
82.8333 16.0864 0.0842535
83.0377 16.1101 0.0862113
82.9235 16.1561 0.0880358
82.9341 16.0071 0.087152
82.9346 16.1337 0.0887423
82.8641 16.1148 0.0865979
82.8001 16.1297 0.0834664
82.9226 16.0665 0.084684
82.9607 16.2773 0.0872273
82.9981 16.2468 0.0903971
82.8414 16.1898 0.0847678
82.9908 16.2021 0.0866434
82.9919 16.182 0.088543
82.869 16.2168 0.0873795
82.9964 16.1273 0.083621
82.997 16.1222 0.0854157
82.8313 16.1345 0.0870887
82.9091 16.1522 0.0888162
82.9273 16.1217 0.0883437
82.8718 16.148 0.0892779
82.91 16.1581 0.0840538
82.9563 16.1924 0.0911872
82.8893 16.1123 0.0868824
82.9504 16.2893 0.0889972
82.8632 16.1434 0.0864687
82.7993 16.178 0.0857858
82.8241 16.1479 0.086276
82.9555 16.2574 0.0842056
82.9925 16.1745 0.0904223
82.8561 16.2477 0.0893686
82.9372 16.1126 0.0861417
82.862 16.049 0.0858553
82.785 16.1233 0.0900837
83.0061 16.151 0.0855666
82.8456 16.2261 0.0883769
82.93 16.1228 0.0846189
82.868 16.0882 0.0879782
82.7952 16.1135 0.0832634
82.9282 16.0827 0.0891301
82.939 16.0831 0.0866267
82.8862 16.0498 0.0912296
82.9412 16.1061 0.0888332
82.8395 16.2289 0.0888298
82.8103 16.2146 0.0850006
82.8357 16.1556 0.0898277
82.9109 16.0322 0.0870082
82.8889 16.1153 0.0895398
82.9251 16.0827 0.0891506
82.844 16.0374 0.0850124
83.0214 16.1073 0.0889032
82.9232 16.1135 0.0893899
82.9435 16.161 0.0859218
82.8153 16.0769 0.0890568
82.9347 16.1084 0.0877585
82.8858 16.2102 0.0920147
82.9922 16.067 0.0861088
82.8271 16.06 0.0874851
82.9665 16.082 0.0890597
82.9277 16.2093 0.0884196
82.8538 17.1362 0.109247
82.903 16.2315 0.0835891
82.8607 16.1368 0.0898509
82.9335 16.0691 0.0871241
82.915 16.1962 0.0870244
82.8967 16.0885 0.0885581
82.9759 16.0866 0.0876732
82.9204 16.2197 0.0891042
82.9378 16.0786 0.0865772
82.8582 16.1454 0.0843397
82.821 16.0693 0.0871121
83.0003 16.0762 0.083658
83.0308 16.0892 0.0854956
82.9495 16.1362 0.0862252
82.9711 16.2035 0.0852574
82.9413 16.0965 0.088879
82.9549 16.1496 0.0882104
83.0814 16.0944 0.086486
83.0272 16.1157 0.0841276
82.9175 16.1274 0.0844912
82.8479 16.0125 0.0848811
82.8315 16.0041 0.0851757
82.8553 16.0332 0.0877637
82.8794 16.132 0.0847171
82.9829 16.1203 0.0880937
82.958 16.1714 0.0854685
82.8699 16.1241 0.0867304
82.9321 16.0339 0.0858491
82.9302 16.1505 0.090526
82.9522 16.104 0.0853391
82.9094 16.214 0.0866881
82.9634 16.1704 0.0868765
82.9853 16.1073 0.0865943
82.9325 16.2009 0.0866047
82.9714 16.0634 0.0879896
83.0308 16.0647 0.0907122
82.8034 16.2685 0.0902078
82.9606 16.2078 0.0889636
82.8637 16.1199 0.0916619
83.1108 16.1168 0.0852208
82.8172 16.0492 0.0852117
83.0287 16.2031 0.0902598
82.8778 16.2085 0.0884151
82.917 16.1134 0.0903214
82.8126 16.1289 0.0864384
82.9857 16.2164 0.0855265
82.8502 16.0547 0.0900926
82.8897 16.1967 0.0881804
82.8811 16.0408 0.0866933
83.0378 16.0259 0.0893949
83.0237 16.1487 0.0896347
82.8912 16.2471 0.087154
83.0248 16.1507 0.087354
82.9026 16.1 0.0866535
82.7758 16.143 0.0933072
82.8561 16.1695 0.0892436
82.8383 16.0966 0.0885708
83.027 15.9555 0.0877537
83.0024 16.0828 0.0861765
83.0202 16.1841 0.0872227
82.9881 16.0942 0.0857368
82.9302 16.0882 0.0914664
82.8181 16.1313 0.0885306
82.8611 16.2234 0.084523
82.8662 16.0661 0.0840178
82.8996 16.1055 0.0879816
82.9072 16.0823 0.0874373
82.912 16.1923 0.0861488
82.9675 16.0699 0.0871992
82.9371 16.1351 0.0866845
82.8501 16.0916 0.0865764
82.9232 16.0328 0.0853276
82.9077 16.3106 0.0850938
82.7789 16.1454 0.0908334
82.9439 16.1863 0.0896294
82.9375 16.0712 0.0858793
82.9791 16.1814 0.0875881
82.8333 16.0619 0.0896098
82.874 16.2294 0.0911969
82.8241 16.126 0.0885128
83.0223 16.1274 0.0872758
82.8779 16.1113 0.0864636
82.8508 16.1095 0.0861093
82.9003 16.0737 0.0870505
82.9186 16.0097 0.0865803
82.9709 15.9695 0.0882039
82.9951 16.0552 0.0851356
82.9261 16.0091 0.0865965
82.8446 16.2086 0.0892085
82.9058 16.138 0.0901413
82.882 16.1357 0.0899554
82.8489 16.1676 0.0880753
82.9025 16.1121 0.0845575
82.9437 16.1349 0.0834092
82.9244 16.1897 0.0887858
82.9368 16.1112 0.084283
82.8983 16.2101 0.088544
82.9171 16.1712 0.0896786
82.8504 16.0849 0.0855315
82.8026 16.0234 0.0860696
82.8397 16.1807 0.0892956
82.9458 16.2018 0.0867974
82.9355 16.1669 0.0866465
82.8686 16.0738 0.0889063
82.8952 16.1646 0.0895398
82.9391 16.1706 0.0899366
82.9294 16.0606 0.0844013
82.9538 16.093 0.0833711
82.9643 16.2712 0.0868181
82.8048 16.3186 0.0876202
82.8965 16.1038 0.0861671
82.8657 16.2068 0.0849232
82.9535 16.1564 0.0908145
82.9801 16.2669 0.0862362
82.9537 16.1204 0.0874765
82.9513 16.1636 0.0856236
82.9671 16.1474 0.0872412
82.926 16.192 0.0853884
82.9984 16.187 0.089124
82.7899 16.256 0.0898593
82.9509 16.181 0.0911011
82.8493 16.3414 0.0864516
82.9144 16.1201 0.0857434
82.9741 16.1374 0.0875664
82.9917 16.0359 0.0886489
83.0101 16.2278 0.088204
82.9795 16.231 0.0893794
82.9172 16.1652 0.0886092
83.0188 16.1299 0.0892229
82.9089 16.1829 0.0866407
82.9458 16.1121 0.0851461
83.0456 16.161 0.0838403
82.9594 16.1087 0.084517
82.9655 16.1535 0.0843927
82.9168 16.222 0.0879354
82.8969 16.2541 0.0844779
82.9002 16.187 0.0868541
82.8692 16.2172 0.0862626
82.8826 16.1954 0.0898417
82.7946 16.1553 0.086657
82.9521 16.2427 0.0847447
82.8424 16.2142 0.0880238
82.8651 16.1236 0.087416
82.868 16.1537 0.0896912
82.8923 16.1341 0.0894975
82.9746 16.1541 0.0887105
82.8476 16.0074 0.087081
82.9333 16.1794 0.0884032
82.9324 16.1308 0.0831497
83.0467 16.0619 0.0872361
82.9785 16.0563 0.0857812
82.8812 16.0734 0.0866707
82.889 15.9835 0.0877716
83.0027 16.0806 0.0870278
83.0747 16.0621 0.0857708
82.9366 16.1268 0.0918397
82.9684 16.0155 0.0868372
82.892 16.1792 0.08887
82.8465 16.1329 0.0882676
82.8791 16.1378 0.0884802
82.9822 16.1756 0.089594
82.9304 16.1749 0.0902386
82.9254 16.2065 0.0883973
82.904 16.068 0.0886203
82.9611 16.1376 0.0899491
82.9302 16.129 0.0906308
82.9195 16.0866 0.0886612
82.9044 16.2171 0.086574
82.9881 16.0994 0.0874687
82.9633 16.2577 0.0897628
82.8603 16.2398 0.0901382
83.0497 16.0879 0.0934499
82.8107 16.1726 0.0828188
82.7839 16.1255 0.08916
82.9653 16.1165 0.0879893
82.9938 16.1193 0.0865152
82.9227 16.193 0.0861042
82.9667 16.109 0.0899995
82.8859 16.1799 0.0871809
82.8685 16.2285 0.0889112
82.8932 16.0456 0.0902014
82.875 16.1191 0.0861143
82.9835 16.1058 0.0878941
82.872 16.2122 0.0874863
82.937 16.2101 0.090035
82.9592 16.1224 0.0877408
82.9119 16.1476 0.0875083
83.0785 16.2443 0.0882341
82.8592 16.1404 0.0889878
82.9364 16.1271 0.0890984
83.0317 16.1114 0.0866297
83.0179 16.0944 0.0877377
82.8729 16.115 0.087745
82.9575 16.101 0.0868371
82.7719 16.1881 0.084968
82.9041 16.1515 0.0853588
82.8818 16.2912 0.0909657
82.7793 16.1867 0.0896325
82.9414 16.2615 0.0899885
82.8675 16.2076 0.0866879
82.8995 16.2417 0.0899264
82.8279 16.1031 0.08918
82.9472 16.1547 0.0878577
82.8872 16.1526 0.0885547
82.9973 16.2361 0.0866478
82.9305 16.0531 0.0909735
82.8368 16.1348 0.0861328
82.9242 16.128 0.087257
82.9438 16.1112 0.0890753
82.9805 16.1314 0.0870233
82.8805 16.2205 0.0919466
83.0013 16.1106 0.0840368
82.9295 16.2856 0.0879889
82.9225 16.1419 0.0845536
82.901 16.03 0.0880216
82.9652 16.1139 0.08779
82.9365 16.27 0.0910639
82.9613 16.1592 0.0911439
82.9759 16.2227 0.0853568
82.9261 16.1084 0.0877628
82.8954 16.1147 0.0847484
82.9545 16.1293 0.083693
82.9422 16.1517 0.0914394
83.0014 15.9719 0.0866053
82.9402 16.1904 0.085827
82.9068 16.2518 0.0865817
82.8069 16.1345 0.0864451
82.9135 16.1846 0.0892936
82.8647 16.1156 0.0865606
83.0148 16.1425 0.0867722
82.9629 16.1499 0.0915125
82.7925 16.0745 0.0860636
82.8916 16.1792 0.0824372
82.9812 16.0687 0.0869332
82.9515 16.0492 0.0881107
83.0202 16.0884 0.0851169
82.9122 16.1322 0.08696
82.9868 16.1441 0.0887117
82.9507 16.1777 0.0889684
82.8794 16.1299 0.087138
82.8559 16.2218 0.0894801
82.9303 16.1142 0.0870578
82.8819 16.1917 0.0855781
82.8376 16.1768 0.0852591
82.9586 16.1097 0.0835007
82.9478 16.062 0.0856023
82.8225 16.1231 0.0892206
82.9083 16.0236 0.0850385
82.9917 16.1765 0.0873235
82.9933 16.2132 0.0851776
82.9901 16.1179 0.0880828
83.0455 16.1763 0.0867712
82.9152 16.0746 0.0857053
82.9849 16.158 0.0882016
82.8564 16.038 0.085653
82.9368 16.0841 0.0859893
82.8903 16.0136 0.0853976
82.958 16.0532 0.0862431
82.7942 16.1517 0.0902514
82.8896 16.133 0.0852491
82.8984 16.1314 0.087937
82.8909 16.0858 0.0880144
82.8958 16.185 0.0887797
82.9902 16.089 0.0878221
82.9014 16.0577 0.0836412
82.9442 16.1936 0.0911132
82.9972 16.0638 0.0897429
82.9105 16.135 0.0897447
82.9907 16.1027 0.0845352
83.0176 16.1196 0.0845621
82.9113 16.1631 0.0879838
82.9692 16.0653 0.0905021
82.9614 16.0866 0.0892224
82.8854 16.1829 0.08993
82.858 16.1489 0.0879483
82.9275 16.0416 0.0882926
83.0514 16.1132 0.0856895
82.8913 16.0646 0.0825565
82.9654 16.0146 0.0829349
82.9538 16.0185 0.0836867
82.9793 16.1912 0.0875438
83.0335 16.1334 0.0892284
82.8896 16.1359 0.0862384
82.9076 16.2394 0.0854505
82.827 16.0668 0.0862207
82.9897 16.1934 0.0878869
82.9453 16.2296 0.0875695
82.8261 16.192 0.088602
82.9749 16.1196 0.0869487
82.9376 16.2789 0.0873657
83.0447 16.1093 0.0877
82.9822 16.0896 0.088415
82.8657 16.3434 0.0864077
82.9069 16.1168 0.0879816
82.8538 16.1986 0.0891398
82.9399 16.1178 0.0934467
82.8719 16.1423 0.0858807
82.8469 16.1356 0.0860517
82.9224 16.1069 0.0868021
82.9244 16.1173 0.0867603
82.9286 16.1919 0.0867264
83.0686 16.0046 0.0905131
82.9003 16.2257 0.0851003
82.9129 16.0589 0.0873264
82.9122 16.1397 0.0923139
82.9352 16.0917 0.0881438
82.8252 16.1609 0.0858841
82.9056 16.028 0.0868999
82.9959 16.1566 0.0875717
82.9445 16.2459 0.0853995
82.7972 16.1536 0.0906092
82.8089 16.1207 0.0907021
82.9243 16.1836 0.0898691
82.892 16.1681 0.087827
82.9113 16.0776 0.0852256
83.0463 16.1823 0.0884612
82.9484 16.2024 0.0855537
82.9474 16.0788 0.0898806
82.8483 16.1602 0.0865696
82.9493 16.1401 0.0845949
82.9744 15.9542 0.0927581
82.8873 16.1119 0.0895992
82.8321 16.1543 0.0890229
83.0068 16.1288 0.0870569
83.062 16.1948 0.0895768
82.9882 16.0805 0.089445
82.876 16.1248 0.0912614
82.8848 16.1076 0.0902191
83.0146 16.0745 0.0851682
82.8947 16.1933 0.0887458
82.9522 16.1885 0.0867929
82.9408 16.1651 0.0905066
82.9602 16.116 0.0907575
82.9647 16.1548 0.0861031
82.9775 16.2073 0.0860643
82.9695 16.2042 0.0869403
82.9732 16.1748 0.0876473
82.949 16.0884 0.0859389
83.0117 16.1558 0.085229
83.0135 16.1733 0.0884302
82.9278 16.2595 0.088253
82.8922 16.1639 0.0846046
82.9095 16.0478 0.0893923
82.8261 16.1496 0.0892841
82.9427 16.1263 0.0911917
83.0076 16.2969 0.0869514
82.9174 16.1784 0.0854625
82.8402 16.1985 0.0854163
82.8648 16.1862 0.0863266
82.9324 16.1631 0.0891904
82.976 16.1926 0.0896353
82.918 16.2776 0.084861
82.9469 16.0944 0.0868085
82.8535 16.1652 0.0888961
82.8805 16.1092 0.0888854
82.9949 16.183 0.0866527
82.8778 16.1215 0.0899835
82.9603 16.1934 0.0880865
82.9883 16.2073 0.0886363
83.0035 16.1689 0.0898008
82.9752 15.9591 0.0868948
82.893 16.1528 0.0920202
82.9645 16.0834 0.0871651
82.9741 16.1695 0.0821462
82.8923 16.1201 0.0837139
82.8791 16.2047 0.0857468
82.9176 16.1988 0.0862064
82.9151 16.0422 0.0829753
82.9636 16.2311 0.0878522
82.8744 16.08 0.0927801
82.9038 16.2057 0.0880551
82.8827 16.131 0.0878305
82.8626 16.199 0.0889617
82.9228 16.1377 0.087172
82.8932 16.1266 0.0910554
82.9364 16.196 0.0864208
83.0312 16.2328 0.0918523
82.8741 15.9503 0.0885051
82.8422 16.1972 0.0872838
82.939 16.1555 0.0845545
82.9648 16.1626 0.0849621
82.9513 16.0213 0.0893233
82.9148 16.0778 0.0888049
83.0043 16.1208 0.0863728
83.0607 16.0596 0.0873835
82.9395 16.153 0.0851947
82.9629 16.0529 0.0861719
82.9242 16.1327 0.0894602
82.7797 16.1958 0.0884283
82.8791 16.1792 0.0885841
82.8676 16.149 0.0891944
82.8905 16.1772 0.0893074
82.8572 16.1184 0.0885757
82.8811 16.1349 0.0878663
82.8273 16.1127 0.0865619
82.9949 16.1939 0.0876579
82.8282 16.0403 0.0857277
82.8969 16.0513 0.0862084
82.9887 16.0485 0.0864017
82.9431 16.099 0.0857722
82.8315 16.122 0.0873886
82.9617 16.0752 0.0890511
82.9391 16.0914 0.0869332
82.9454 16.2368 0.0907762
82.9063 16.2882 0.0890093
82.7662 16.1726 0.088043
82.8835 16.1811 0.0838961
82.8599 16.2404 0.0844722
82.9643 16.1064 0.0855163
82.9379 16.2448 0.0867236
82.8957 16.1231 0.0875716
82.8504 16.2832 0.0884511
82.9389 16.0667 0.0853424
82.9022 15.9654 0.088821
82.849 16.1512 0.0881398
82.9709 16.1582 0.0866318
83.0166 16.1496 0.0879153
82.9083 16.1527 0.0899838
82.9301 16.1315 0.0887423
82.9767 16.052 0.089708
83.0495 16.1739 0.0881229
82.9815 16.1482 0.0850341
82.9817 16.1647 0.0889077
83.0084 16.139 0.0888721
82.9717 16.0497 0.0864941
82.9147 16.0782 0.0872554
82.9114 16.1552 0.0848164
82.9755 16.1579 0.0886725
82.9557 16.2038 0.0884311
82.8793 16.105 0.0884602
82.9926 16.2565 0.0885816
83.0275 16.1292 0.0884541
82.9958 16.2862 0.0895284
82.9588 16.149 0.0887142
82.7792 16.0218 0.0850843
82.8724 16.1206 0.0909578
82.8842 16.08 0.08615
82.9633 16.2393 0.086305
82.9255 16.2321 0.0860244
82.9288 16.1374 0.0855205
83.0473 16.1404 0.090916
82.9164 16.1772 0.0863564
82.9692 16.0581 0.0886261
82.9412 16.1726 0.0904826
82.9469 16.1555 0.0912508
82.9227 16.1917 0.0869986
82.871 16.2537 0.0906176
82.9275 16.2456 0.0867305
82.9018 16.1526 0.0877442
82.9521 16.1586 0.0865868
82.9352 16.1078 0.0895289
83.0359 15.9686 0.0870218
82.8247 16.1865 0.0890122
82.8939 16.0537 0.086747
82.8853 16.2031 0.0843553
83.0798 16.1651 0.0858245
82.7368 16.1038 0.0887489
82.8837 16.19 0.0853484
82.9236 16.0637 0.0847118
82.8663 16.1373 0.0933752
82.8711 16.2157 0.0875787
82.8655 16.1208 0.0857245
82.8876 16.118 0.0847311
82.8613 16.1203 0.0864122
82.9289 16.1363 0.0906275
82.8585 16.2104 0.0864613
82.9023 16.183 0.0869651
82.9126 16.1019 0.0855919
82.9194 16.0591 0.0850807
82.8516 16.1242 0.0926832
83.0159 16.181 0.0863459
83.0063 16.1939 0.087154
82.9482 16.1181 0.0866138
82.9804 16.2594 0.0845744
82.8672 16.0181 0.0868664
82.8626 15.9943 0.0894491
82.9109 16.1366 0.0857293
82.9625 16.093 0.0875117
82.9739 16.1629 0.0853874
82.9114 16.0587 0.0880908
82.9132 16.077 0.0902367
82.8527 16.1796 0.0832126
82.8981 16.1363 0.083988
82.9221 16.1594 0.0910193
82.8361 16.1769 0.0896357
82.9085 16.0962 0.0902522
83.0299 16.1257 0.0864789
82.8474 16.2361 0.0889464
82.7579 16.0401 0.0885997
83.031 16.0664 0.0899952
82.9835 16.0808 0.0890527
82.8435 16.2773 0.08811
82.9369 16.177 0.0898823
82.9811 16.2425 0.0889336
83.086 16.1625 0.0865337
83.0797 16.144 0.0845939
82.9929 16.1611 0.0847486
83.0385 16.1009 0.0849506
82.9247 16.086 0.0838189
82.9213 16.1029 0.0860307
81.2886 18.924 0.119814
82.8842 16.2001 0.0863037
82.9682 16.196 0.0863937
82.9388 16.1139 0.0865734
82.8016 16.0885 0.0897981
82.8343 15.981 0.0904535
82.9579 16.1565 0.0833352
82.9726 16.1933 0.0878326
82.9055 16.1996 0.0871344
82.9113 16.0681 0.0876753
82.8967 16.13 0.0891122
82.8734 16.1203 0.0868346
82.8996 16.0774 0.0869993
83.0146 16.159 0.0890181
82.8288 16.1589 0.0902768
83.0503 16.131 0.0879848
82.9742 16.1927 0.0893454
82.8014 16.1319 0.0901117
82.7583 16.1457 0.0852688
82.9569 16.1304 0.0872845
82.9043 16.0868 0.0875844
82.9203 16.1365 0.0877962
82.8637 16.106 0.089168
82.8786 16.145 0.0878478
82.9088 16.1266 0.0873315
83.0419 16.1641 0.0904674
83.0245 16.062 0.0890878
82.7457 16.1017 0.0879697
82.8147 16.2061 0.0862828
82.8798 16.1621 0.0895853
82.9277 16.1492 0.0870465
82.9979 16.0736 0.0879205
82.882 16.1661 0.0881258
83.0307 16.1391 0.0892986
82.9023 16.1472 0.0844061
82.8615 16.0269 0.0877482
83.0275 16.1851 0.0877736
82.9383 16.0937 0.0874252
82.9061 16.212 0.0871693
82.9509 16.2118 0.0886824
82.9807 16.1315 0.0847422
82.9106 16.0997 0.0874554
83.0227 16.1636 0.0868557
82.8679 16.0924 0.0913386
82.9324 16.1737 0.0867694
82.8193 16.1783 0.0899771
82.8516 16.1033 0.08576
82.8482 16.185 0.0872537
82.9951 16.0821 0.0894258
82.9212 16.0848 0.0838006
82.9552 16.1282 0.0880759
82.8517 16.0597 0.0884709
82.8811 16.1005 0.0874952
82.8238 16.0886 0.0872695
82.8847 16.1848 0.0885998
82.8829 16.0753 0.0877401
82.989 16.3538 0.0920054
82.8386 16.1949 0.0902747
82.9616 16.2145 0.0902373
82.9055 16.1261 0.0865224
82.875 16.0271 0.0911798
82.9393 16.1398 0.0904802
82.8878 16.0338 0.0877532
82.9313 16.1855 0.0885813
82.9536 16.1736 0.0894489
82.8668 16.0916 0.0886892
82.8781 16.1011 0.0867626
82.9297 16.1887 0.0899248
82.8766 16.0128 0.0862097
82.839 16.1619 0.0896462
82.9345 16.0761 0.0875808
83.0293 16.0234 0.087601
82.9979 16.0646 0.0884287
82.9271 16.1095 0.0889218
82.9328 16.2014 0.0912531
82.956 16.0607 0.0895694
82.8311 16.1715 0.0919382
82.8544 16.1005 0.085944
82.7738 16.0918 0.0849394
82.817 16.1164 0.08335
82.937 16.139 0.0882492
82.8456 16.2693 0.0870277
82.7474 16.1615 0.0873863
82.8044 16.1773 0.0874541
82.9119 16.0846 0.0855257
82.9393 16.0253 0.0901878
82.8529 16.1364 0.0871941
82.919 16.1451 0.0850646
82.8659 16.2152 0.0847336
82.8923 16.1324 0.0856391
82.8722 16.0782 0.0918579
82.8452 16.0721 0.0903143
82.8391 16.198 0.088416
83.0656 16.0648 0.0890052
83.0672 16.144 0.0892525
83.0136 16.1438 0.0872648
82.9328 16.2334 0.0844939
82.8088 16.0772 0.085337
82.8742 16.1699 0.0870057
82.9119 16.1195 0.0872999
82.9066 16.0973 0.0884731
82.9317 16.14 0.0886743
83.0323 16.1631 0.0883722
82.9019 16.1363 0.0856698
82.9693 16.0674 0.0856733
82.8663 16.1429 0.0855346
82.9044 16.1087 0.0893475
82.9921 16.1694 0.0886021
83.0566 16.0929 0.0840376
82.9404 16.1157 0.0894338
82.9633 16.1456 0.0885707
82.8896 16.1468 0.0882458
82.9586 16.1346 0.0883416
83.0281 16.1222 0.0885936
82.9005 16.1051 0.0904206
82.9647 16.1877 0.0869107
82.9163 16.2475 0.0874195
82.9226 16.1376 0.093456
82.9893 16.1592 0.0875281
82.8956 16.1716 0.0863416
82.7411 16.1255 0.0896434
82.9639 16.132 0.0880039
82.878 16.0827 0.0840309
82.9165 16.0232 0.0865947
82.9687 16.1098 0.0877763
82.8957 16.2484 0.0880709
83.0185 16.1327 0.0920187
82.8934 16.2348 0.0880556
82.9755 16.0919 0.0846266
83.0161 16.2614 0.0873375
82.8862 16.0924 0.0875847
82.9598 16.1713 0.0887374
82.9286 16.0799 0.0893379
82.9154 16.0903 0.084294
82.8736 16.103 0.0873104
82.7266 16.2111 0.0889438
82.8097 16.0815 0.0890763
82.9316 16.0656 0.0914216
83.0369 16.0627 0.0898126
82.9127 16.1122 0.0857627
82.8388 16.1981 0.087449
82.9018 15.9769 0.085246
82.8748 15.9834 0.085332
82.9214 16.1343 0.084426
82.9459 16.1019 0.0880092
82.942 16.2131 0.0892888
82.8907 16.2157 0.0885347
82.8676 16.103 0.0861918
82.906 16.1842 0.09128
82.939 16.0934 0.0878375
83.0067 16.213 0.0877057
83.0146 16.0783 0.0820155
82.9437 16.1026 0.0833964
82.9271 16.0906 0.084474
82.891 16.1265 0.0886575
82.8837 16.1091 0.0891452
82.9972 16.1996 0.0847194
82.7991 16.1711 0.0878796
82.9035 16.2463 0.0876381
82.9048 16.2054 0.086655
82.9649 16.1857 0.0877591
82.8931 16.0775 0.0897843
82.9075 16.1133 0.090395
82.918 16.0515 0.0849754
82.9247 16.0946 0.0849062
83.0187 16.0685 0.0874547
82.9038 16.0724 0.0859047
82.9152 16.1537 0.0858752
82.972 16.1566 0.0878376
82.9205 16.0522 0.0860506
82.9163 16.1829 0.0862471
82.8656 16.1391 0.0902334
82.9234 16.0582 0.0856662
82.93 16.1132 0.0858823
82.8979 16.1216 0.0862
82.9792 16.1849 0.0864044
82.9683 16.163 0.0865996
82.9887 16.1729 0.0913022
82.9106 16.008 0.0866432
82.9083 16.0406 0.0862113
82.944 16.0065 0.0872204
83.0134 16.2048 0.0864878
83.0199 16.2815 0.0887891
82.8655 16.2129 0.0895842
82.9138 16.1557 0.0871882
82.853 16.1952 0.088567
83.0168 16.213 0.0874075
82.9663 16.1844 0.086533
82.9455 16.1624 0.087434
82.7635 16.0898 0.0856148
82.8645 16.1721 0.0908985
82.8803 16.0672 0.089292
82.8612 16.1442 0.0897358
82.9236 16.0811 0.0876511
82.905 16.068 0.0894604
82.9372 16.0465 0.0895644
82.8785 16.0505 0.0885539
82.8941 16.0915 0.0850495
82.9222 16.1309 0.0911879
82.8779 16.1496 0.0886433
82.9363 16.1367 0.0897428
82.8912 16.2597 0.08964
82.9485 16.1653 0.0872928
82.8806 16.0608 0.0864609
82.8289 16.116 0.0886802
82.9125 16.136 0.0877928
82.8648 16.162 0.0874011
82.9302 16.047 0.0856413
82.8768 16.2058 0.0881995
82.9267 16.0853 0.0888164
82.8865 16.1435 0.0897915
82.9521 16.2101 0.0901957
82.8983 16.1908 0.0886165
82.8649 16.1857 0.0879314
82.954 16.1022 0.0890936
82.8455 16.1179 0.0847532
82.9221 16.0752 0.084035
82.9914 16.1507 0.0873721
82.9927 16.031 0.0895796
82.9955 16.1665 0.0859209
82.979 16.138 0.0843006
82.8328 16.0391 0.088872
82.9503 16.109 0.0866051
82.895 16.1872 0.0869531
82.8785 16.1626 0.0871208
82.908 16.1353 0.0881872
82.8927 16.1601 0.0842952
82.9305 16.0587 0.0878792
82.9321 16.2286 0.0875519
82.8435 16.2582 0.090181
82.9521 16.2145 0.0903779
82.9 16.1085 0.0851758
82.8338 16.0962 0.0884293
82.8969 16.1201 0.0818371
82.9412 16.2068 0.0869963
82.9066 16.1277 0.0881452
82.9202 16.1677 0.0861183
82.9311 16.2051 0.0863447
82.8919 16.1583 0.0872453
83.0231 16.1907 0.0892911
82.8666 16.0746 0.0883125
82.967 16.1675 0.0867205
82.943 16.1844 0.0884055
82.948 16.1967 0.0902687
82.9948 16.2039 0.0892593
83.022 16.1485 0.0855814
82.831 16.1164 0.0881192
82.8738 16.1751 0.0891306
82.9229 16.1658 0.0907311
82.9859 16.2105 0.0895578
82.9499 16.183 0.0890916
82.9063 16.1077 0.0886615
82.9117 16.0742 0.0863235
82.9061 16.0335 0.0915661
82.9865 16.1132 0.0882582
82.9218 16.0863 0.0835204
82.8884 16.1333 0.0832487
82.9956 16.1415 0.086511
82.9126 16.103 0.0882422
82.8886 16.1732 0.0898386
82.909 16.1519 0.0917476
82.7552 16.1605 0.0854785
82.9001 16.1911 0.0911883
82.8997 16.1816 0.0881689
82.963 16.1609 0.0885684
82.9897 16.1565 0.0874991
82.9452 16.0586 0.0901734
83.0255 16.151 0.0903575
82.9732 16.1185 0.0892879
82.9748 16.0787 0.0889752
83.0043 16.0635 0.086859
82.8222 16.0922 0.086384
83.0577 16.2269 0.0915182
82.9172 16.0672 0.0867762
82.8604 16.1621 0.0879343
82.8566 16.1753 0.0910113
82.9338 16.113 0.0887544
82.9598 16.1512 0.0859597
83.0085 16.118 0.0879014
82.8986 16.1914 0.0888821
82.9664 16.2013 0.0906704
82.9508 16.161 0.0894465
82.7799 16.0108 0.0835745
82.859 16.0743 0.0850034
82.9738 16.247 0.0889902
82.8543 16.1894 0.0875953
82.9415 16.0162 0.0885744
82.9567 16 0.0908954
82.7969 16.1198 0.0865061
82.9541 16.1479 0.0849653
82.9438 16.1165 0.0882346
82.9406 16.1246 0.0873229
82.9187 16.16 0.088336
82.9938 16.2949 0.0869538
82.8248 16.1653 0.089539
82.8044 16.1884 0.0887021
82.9062 16.0657 0.0862992
83.048 16.0228 0.0895078
82.8991 16.1752 0.0875289
82.7998 16.193 0.0899966
82.9105 16.134 0.0878065
83.0377 16.1718 0.0884676
82.981 16.1201 0.0891575
83.0016 16.2435 0.0899954
82.9039 16.1282 0.0853445
82.9204 16.0963 0.0853931
82.9199 16.0884 0.0867259
82.8577 16.1833 0.0849651
82.8611 16.2305 0.0882729
82.9745 16.1331 0.0889949
82.9899 16.0624 0.0906654
82.9786 16.1234 0.0868081
82.9327 16.0843 0.085551
82.9612 16.1197 0.0887984
83.0128 16.0957 0.0888217
82.9661 16.1058 0.0884856
82.9206 16.0648 0.0902357
82.8129 16.1327 0.0901652
82.8175 16.0669 0.0892346
82.8545 16.0057 0.089385
82.8558 16.1918 0.090007
83.0155 16.2314 0.0926218
82.9996 16.1787 0.0892566
82.9102 16.1655 0.0885776
82.9001 16.0764 0.0858824
82.9312 16.0771 0.0861184
82.9172 16.0653 0.088805
82.8684 16.096 0.0879794
82.9079 16.0954 0.0894247
82.8786 16.11 0.0876354
82.8064 16.138 0.0863955
82.9884 16.1059 0.0903672
83.0133 16.1364 0.090908
82.962 16.1588 0.0894512
82.8771 16.1509 0.088743
83.0052 16.2345 0.0890388
82.8955 16.2036 0.086779
82.8928 16.0569 0.0859202
82.7884 16.2853 0.0876847
82.8925 16.1106 0.0883992
82.8875 16.016 0.0902729
82.8916 16.1482 0.0829044
83.0021 16.0976 0.0891859
82.938 16.1117 0.0885213
82.9776 16.074 0.089601
82.8761 16.051 0.0892589
83.0645 16.1099 0.0881911
82.8942 16.2112 0.0865438
82.8896 16.1576 0.0889076
82.9148 16.1327 0.0889553
82.8187 16.126 0.0877531
82.92 15.9421 0.0836199
82.9213 16.0904 0.0887291
82.9003 16.2574 0.0908398
82.9353 16.2244 0.0868474
82.8463 16.1448 0.0847905
82.9211 16.1984 0.0849547
82.8411 16.24 0.0912904
82.8353 16.1277 0.0853312
82.9307 16.1212 0.0887289
82.9519 16.1502 0.0865433
82.9161 16.1027 0.0871096
83.0227 16.185 0.0905034
82.8931 16.1349 0.0916471
82.8808 16.08 0.085563
82.8539 16.0631 0.087214
83.0041 16.0577 0.0838267
82.9038 16.0913 0.0905669
82.7439 16.2044 0.0921656
83.0073 16.096 0.0863148
82.9657 16.223 0.0857678
82.9913 16.2227 0.0860897
82.9735 16.2614 0.0870477
82.7997 16.1182 0.0867078
82.9145 16.2317 0.0858868
82.9424 16.1823 0.0890878
82.8724 16.1885 0.0871311
82.9427 16.0982 0.084916
83.0043 16.0897 0.0882302
82.8787 16.1253 0.0873082
82.9608 16.1597 0.0878804
82.9062 16.1605 0.0860562
82.8468 16.0579 0.0888547
82.8508 16.1862 0.0891986
82.891 16.2044 0.0899537
82.8622 16.1451 0.087377
82.8365 16.1743 0.0894487
82.9073 16.0187 0.0868956
82.914 16.1124 0.0853099
82.8993 16.1882 0.0858988
82.9449 16.1732 0.0886857
82.8933 16.0614 0.0889958
82.9322 16.1335 0.0847991
82.9188 16.1328 0.0837033
82.9498 16.032 0.0852834
82.9238 16.0616 0.085583
82.9154 16.148 0.086427
82.8389 16.0687 0.0859192
83.0126 16.1439 0.0897632
83.0279 16.2404 0.0898964
82.9147 16.1321 0.0906535
83.0082 16.1418 0.0886625
82.9267 16.122 0.088734
82.9087 16.0253 0.091536
83.0348 16.1144 0.0863235
82.9347 16.183 0.0873574
82.9846 16.1673 0.0879338
82.7942 16.0652 0.0851587
82.7864 16.1136 0.0842521
82.8065 16.0984 0.0846283
82.8148 16.0819 0.0847379
82.8733 16.0399 0.089187
82.9034 16.0899 0.0882085
82.8408 16.0629 0.0890575
82.7896 16.1205 0.0905352
82.8742 16.0055 0.0878175
83.0202 16.1825 0.0914667
82.9282 16.0676 0.08728
82.883 16.1128 0.0890068
82.8538 16.3037 0.0902671
82.8412 16.1387 0.0859206
82.8774 16.0805 0.0901793
82.9792 16.0724 0.0901468
82.8882 16.1161 0.0883263
82.8742 16.1005 0.0888425
82.8566 16.2598 0.0913442
82.9688 16.1238 0.088065
82.9767 16.1882 0.0869672
82.9462 16.1941 0.0850171
82.9285 16.0284 0.086073
82.832 16.1518 0.0866494
82.8892 16.0937 0.090321
82.882 16.1083 0.0878769
82.922 16.2086 0.0919741
82.8961 16.1173 0.0858828
82.954 16.0968 0.0869479
82.902 16.1468 0.0894975
82.8939 16.1173 0.0824517
83.0118 16.2428 0.0920206
82.9233 16.0664 0.0895588
82.9364 16.1682 0.085675
82.8852 16.1541 0.0880408
82.8437 16.1299 0.0883722
82.9215 16.0585 0.0845719
82.8249 16.2154 0.0866814
82.9738 16.0503 0.0916678
83.0047 16.1299 0.0851888
82.7371 16.1277 0.0884398
82.9898 16.1173 0.0856945
82.8853 16.1401 0.0883098
82.8967 16.0792 0.0851052
82.8829 16.106 0.0872877
82.8525 16.1592 0.0865849
82.9266 16.1598 0.0875522
82.9245 16.1625 0.0881273
82.9073 16.145 0.0900768
82.9593 16.1405 0.0882853
82.9925 16.1165 0.090332
83.0433 16.1542 0.0901108
82.9343 16.1261 0.088767
82.8897 16.19 0.0901943
82.929 16.066 0.085081
82.9878 16.097 0.0895208
82.8926 16.2384 0.084702
82.9454 16.1725 0.0860372
82.8079 16.1051 0.0871336
83.0386 16.1468 0.0919862
83.0376 16.1492 0.0898614
82.859 16.0371 0.0892024
82.8491 16.0569 0.0874891
83.0273 16.1456 0.0867015
82.8177 16.2944 0.0885264
82.9439 16.1137 0.0904551
82.8933 16.1595 0.0892452
82.8687 16.1574 0.0887495
82.9091 16.1204 0.0895389
82.9363 16.2526 0.0896342
82.9055 16.0659 0.0896809
82.8414 16.0791 0.0858844
82.8423 16.0516 0.085798
82.9295 16.0576 0.0888272
82.9492 16.1817 0.0872285
82.8791 16.0324 0.0860271
82.8994 16.1988 0.0893975
82.9026 16.1504 0.0861591
82.8714 16.0876 0.0911281
82.8906 16.1649 0.0930566
82.8752 16.273 0.0941636
82.8987 16.097 0.0858688
82.892 16.111 0.090504
82.7382 16.2271 0.0876919
82.8612 16.1261 0.0871185
83.0012 16.1607 0.0862873
82.9235 16.1118 0.0885606
82.8352 16.0386 0.0852716
83.025 16.1671 0.0901509
82.9177 16.0801 0.0888182
82.8949 16.0726 0.0894486
82.9788 16.141 0.0884156
82.8408 16.1199 0.0916232
81.8586 15.1991 0.0552076
82.92 16.131 0.086811
82.9296 16.2644 0.0851416
82.9017 16.1296 0.0903519
82.9128 16.1128 0.0932365
83.0021 16.085 0.0925458
82.9161 16.0183 0.0898806
82.9363 16.2508 0.0849649
82.9602 16.1456 0.0874279
82.9015 16.0902 0.0896838
82.8145 16.0391 0.0848857
83.0177 16.0579 0.0891655
83.0523 16.166 0.0901554
82.9802 16.095 0.0858653
82.9373 16.0991 0.0902158
82.9592 16.1703 0.0868274
82.9213 16.2483 0.0875961
82.8745 16.1594 0.088374
82.8634 16.133 0.0924635
82.994 16.0102 0.087643
83.0392 16.0518 0.0894871
82.9792 16.0086 0.0880307
83.0351 16.1222 0.0843692
82.8633 16.1782 0.0871516
82.8696 16.1179 0.0863214
83.0072 16.1244 0.0881308
82.992 16.1649 0.0878198
82.9476 16.2203 0.0870872
82.8603 16.0849 0.0930455
82.8591 16.1708 0.0909412
82.9045 16.0986 0.0883807
82.9256 16.1381 0.0882597
82.8762 16.1518 0.0899809
82.9314 16.1375 0.089697
83.0202 16.1597 0.0902602
82.8863 16.0334 0.0877406
82.9487 16.034 0.0866211
82.9651 16.0036 0.0840851
82.9537 16.0382 0.0890613
82.9394 16.1028 0.0883053
82.9035 16.1613 0.0865102
82.9862 16.2283 0.0898282
82.8987 16.0315 0.0884404
82.8877 16.0783 0.0878221
82.9 16.0589 0.0896209
82.9601 16.0667 0.0888675
82.97 16.0166 0.0897626
82.8499 16.1575 0.0880765
83.0335 16.1651 0.0868166
82.8588 16.0281 0.0905643
82.9209 16.1461 0.0885127
82.8878 16.1378 0.087895
82.8515 16.2348 0.0896255
82.9393 16.0919 0.0903665
83.0227 16.1046 0.0886077
82.9935 16.1594 0.0892051
82.974 16.1537 0.0882077
82.9925 16.1117 0.0847047
82.9442 16.1983 0.0864208
82.9193 16.1054 0.0904721
82.8623 16.2094 0.0901899
82.9992 16.023 0.0888729
82.9671 16.077 0.0921383
82.9011 16.2294 0.0863207
82.8834 16.0394 0.0885616
82.9904 16.1654 0.0912287
82.8745 16.1525 0.0894073
82.9514 16.1801 0.0880319
82.9321 16.187 0.087641
82.9028 16.035 0.0902592
82.9741 16.1881 0.0912105
82.8623 16.1542 0.0895138
82.8723 16.0741 0.0856422
82.8464 16.0976 0.0859457
83.0064 16.0877 0.0896819
83.0726 16.0263 0.0876423
83.0083 15.9814 0.0876788
82.9826 16.2188 0.0885024
82.9927 16.0963 0.0887215
82.9526 16.2665 0.0896997
82.9209 15.9386 0.0895358
83.1434 16.0593 0.0895816
82.874 16.1378 0.0867043
82.979 16.1859 0.0876815
82.7659 16.1377 0.0897121
82.917 16.0869 0.0911489
82.8419 16.1241 0.0869252
82.8892 16.1249 0.086003
82.9965 16.0224 0.0887177
82.859 16.0702 0.0894527
82.9137 16.0478 0.0895845
82.8847 16.1035 0.0887196
83.0365 16.164 0.0903068
82.8859 16.0777 0.0867567
82.8525 16.0099 0.0896457
82.8308 16.0339 0.0895237
82.8862 16.0675 0.089057
82.8707 16.1492 0.0866108
82.9253 16.2041 0.089139
82.9568 16.1751 0.0924233
82.9089 16.0675 0.0904806
82.9282 16.0898 0.0886037
82.9901 16.1946 0.0923522
82.9306 16.1756 0.0866682
82.8958 16.1623 0.0869187
82.9424 16.0389 0.0857834
82.9718 16.2006 0.0898148
82.9107 16.1892 0.0873935
82.8926 16.2482 0.087689
82.9804 16.1636 0.087502
83.0073 16.1691 0.093342
82.8408 16.2852 0.0883024
83.0273 16.1427 0.0895905
82.9256 16.1396 0.0877629
83.0373 16.1261 0.0887416
82.989 16.1523 0.0884171
82.9131 16.1888 0.0885558
82.9087 16.1224 0.0871668
82.9178 16.1012 0.0859646
82.9913 16.2031 0.0898053
83.0515 16.2112 0.0885974
82.9021 16.0306 0.08979
82.8404 15.9877 0.0909287
82.8 16.135 0.086004
82.8897 16.0979 0.0898694
82.9993 16.0834 0.0866262
82.9681 16.1398 0.0872824
83.0045 16.1612 0.086166
83.0105 16.1657 0.0913336
82.9325 16.0337 0.091586
82.9631 16.2074 0.0858005
82.8329 16.1707 0.0859334
82.7862 16.128 0.0876819
82.8605 15.983 0.084639
82.9409 15.972 0.0844603
82.804 16.1669 0.0891093
82.899 16.1266 0.0893331
82.9258 16.1402 0.0867824
82.8542 16.1319 0.0877422
82.8708 16.1951 0.087845
82.9239 16.165 0.0850139
82.9236 16.1255 0.0837991
82.8557 16.0903 0.093127
82.9837 16.009 0.0884814
82.9095 16.0337 0.088931
82.8694 16.1212 0.0892891
82.8301 16.1356 0.0901142
82.9127 16.0374 0.0858231
82.9381 16.0989 0.0907573
82.8218 16.0897 0.0886601
83.0302 16.0541 0.0879122
82.8398 16.1276 0.0914549
82.9897 16.214 0.0897678
82.9686 15.9395 0.0856006
82.9413 15.9594 0.0843841
82.9158 15.9378 0.0869245
82.7865 16.2055 0.0846906
82.9708 16.0972 0.0889681
82.8609 16.1954 0.0876331
82.9206 16.1457 0.08453
82.8704 16.1616 0.0857458
82.9176 16.1796 0.0839338
82.8206 16.1609 0.0896824
82.8932 16.1568 0.0846598
82.879 16.1279 0.0840649
82.9136 16.1633 0.08704
82.941 16.1264 0.0890074
82.9789 16.1135 0.0883236
82.8585 16.1019 0.0920232
82.8911 16.1717 0.0892716
82.8227 16.2011 0.0903236
82.9457 16.1183 0.0860064
82.8879 16.0369 0.0873942
82.9111 16.1071 0.08735
82.8936 16.1823 0.0881969
82.9005 16.1157 0.0912188
82.847 16.0649 0.0871566
82.8141 16.084 0.0885158
82.8524 16.1706 0.0897183
82.918 16.0053 0.0880511
82.9538 16.1988 0.0862619
82.9431 16.3286 0.0852765
82.9151 16.3447 0.0839257
83.0077 16.0735 0.089411
82.9743 16.0913 0.0874195
82.9073 16.1308 0.091737
82.9715 16.2026 0.0916742
82.892 16.1249 0.089526
82.8483 16.1426 0.0842744
82.9592 16.1712 0.0911172
82.9428 16.2448 0.090934
82.9166 16.1492 0.0905221
82.9478 16.0077 0.0879787
82.8535 15.9828 0.0896569
83.0113 16.2271 0.0884322
82.9769 16.101 0.0902806
82.8289 15.9667 0.0889501
82.9493 16.1955 0.0902614
82.9809 16.1618 0.0903069
82.9596 16.1227 0.0878079
83.0596 16.1571 0.0890762
82.8706 16.1154 0.0875572
82.9084 16.1319 0.0873339
82.7862 16.1057 0.0884935
83.0126 16.3086 0.0906999
82.935 16.2063 0.0916192
82.967 16.1601 0.0918728
82.845 16.0871 0.0867868
82.9534 16.1181 0.0920257
83.0397 16.1441 0.0908755
82.9753 16.1034 0.0875101
83.0011 16.091 0.0848028
82.9577 16.2047 0.0882431
82.9179 16.162 0.0910086
82.8216 16.1244 0.0873189
82.9425 16.0084 0.0896427
82.9978 16.1452 0.0841264
82.9156 16.1358 0.0903352
82.9439 16.1 0.0910314
82.925 16.1611 0.0896783
82.8946 16.1949 0.0926925
82.8841 16.0739 0.0883214
82.9217 16.0882 0.0883705
83.0418 16.0547 0.0907104
82.9476 16.0851 0.0912793
82.9358 16.2678 0.0884589
82.8749 16.1764 0.0866971
83.0411 16.1304 0.0870833
82.8421 16.104 0.0868591
82.9858 16.2203 0.0891256
82.9108 16.1261 0.0863875
82.9285 16.2117 0.086352
82.8909 16.1292 0.0882184
82.8134 15.9555 0.0848673
82.8676 16.183 0.0868805
82.9224 16.0764 0.0886811
82.9746 16.1223 0.0899759
82.8993 16.2057 0.0858821
82.9607 16.0147 0.0887071
82.9761 16.0592 0.087431
82.9378 16.071 0.0875279
82.8584 16.0635 0.0900797
82.9766 16.0649 0.088826
82.9827 16.1194 0.0895625
82.9432 16.1395 0.0888567
82.908 16.1056 0.0865682
82.9057 16.1505 0.0896368
83.0123 16.1143 0.0879926
82.8484 16.1419 0.0852714
82.9228 16.1779 0.0915811
82.8257 16.1117 0.087433
83.005 16.0924 0.0879946
83.001 16.096 0.0886417
83.0098 16.1317 0.0867666
82.8738 16.1008 0.0885305
82.9569 16.1085 0.0856257
82.8719 16.1175 0.0890562
82.8566 16.0693 0.0879867
82.9054 16.1621 0.0868419
82.8738 16.1511 0.0851888
82.9082 16.1792 0.087667
82.8956 16.1376 0.0858219
82.9811 16.2216 0.0894423
82.9014 16.1561 0.0922843
82.9226 16.1665 0.0879834
82.803 16.0984 0.0877645
82.8876 16.1824 0.0921166
82.8952 16.125 0.0893217
82.988 16.2005 0.091539
82.9131 16.0981 0.0858952
82.9836 15.9679 0.0893283
83.0135 16.122 0.0906311
83.0003 16.1395 0.0904836
82.8921 16.1805 0.0882299
82.9111 16.2182 0.0899256
82.9134 16.0504 0.0897639
82.9647 16.0334 0.091552
82.9284 16.111 0.0887007
82.9609 16.0976 0.0877246
82.9524 16.0744 0.0881881
82.9251 16.0853 0.0894123
82.9195 16.0884 0.0882038
82.8282 16.1411 0.0885606
83.0204 16.2029 0.0889514
82.9227 16.133 0.0904407
82.9499 16.0637 0.0921502
82.9056 16.0367 0.090783
82.9062 16.0614 0.0917334
82.9718 16.1302 0.0902486
82.7584 16.2461 0.0846053
83.0073 16.0984 0.0832758
83.0502 16.0791 0.0858492
82.8729 16.1819 0.088991
82.9681 16.0657 0.0878506
82.9204 16.1274 0.0907098
82.9382 16.0594 0.0815764
82.9547 16.0873 0.0835483
82.9728 16.1043 0.0832173
82.9625 16.1707 0.0912775
82.8889 16.1384 0.0921026
82.8685 16.2157 0.0909554
82.9227 16.2345 0.0861988
82.9012 16.1962 0.0937336
82.9092 16.1232 0.0876404
82.8607 16.0917 0.0880241
82.9079 16.1583 0.0894597
83.0395 16.1393 0.0880765
82.9492 16.0875 0.0887601
82.8431 16.049 0.0885015
83.0336 16.0745 0.0874724
82.9679 16.225 0.0874868
83.041 16.0395 0.0892757
83.0579 16.0917 0.0883395
83.0104 16.0032 0.0875061
82.9943 16.1302 0.0869419
82.9586 16.1477 0.0909832
82.938 16.1345 0.0910523
82.9459 16.1639 0.0891553
82.9551 15.946 0.0887816
83.0129 16.1145 0.0870357
83.124 16.0971 0.0909884
82.9042 16.1613 0.0889992
83.0139 16.1428 0.0891386
82.8694 16.0856 0.0865976
82.9279 15.986 0.0881052
82.8594 16.1601 0.0856487
82.8977 16.1474 0.085289
82.9258 16.1045 0.0877631
83.0203 16.0909 0.0871617
82.7677 16.1825 0.088961
82.9013 16.152 0.0910177
83.0413 16.2291 0.0862854
82.9659 16.1998 0.090205
82.9182 16.2583 0.0918118
82.8773 16.2502 0.0901536
82.9098 16.1034 0.087347
82.8592 16.1041 0.0899166
82.9149 16.085 0.0879721
82.8827 16.0961 0.0886267
83.0076 16.1503 0.0862914
82.9358 16.2077 0.0866751
82.9648 16.1382 0.0881457
82.8935 16.1736 0.0857852
82.9126 16.0118 0.0857019
82.981 16.1412 0.0845728
82.9637 16.1483 0.0889081
82.8911 16.2062 0.0872033
83.023 16.1845 0.0829831
82.9267 16.1665 0.0919242
83.102 15.9894 0.0869235
83.0087 16.1191 0.0890766
82.9822 16.0669 0.0867063
82.8885 16.1759 0.0902812
82.972 16.1096 0.0888964
82.96 16.1372 0.0868965
83.0335 16.1901 0.0867204
82.8939 16.0374 0.0881575
82.9431 16.0573 0.0870537
82.909 16.099 0.090965
82.9035 16.0772 0.0896677
82.8704 15.9717 0.087004
82.9139 16.1987 0.0866306
82.83 16.1267 0.0881591
82.9038 16.1499 0.0887373
82.9392 16.1009 0.0874272
82.9988 16.1299 0.088179
82.9767 16.1562 0.0917304
82.8662 16.0601 0.0894223
82.807 16.196 0.0861553
82.837 16.1024 0.0888894
82.8504 16.0154 0.0855782
82.8188 16.0928 0.0908463
82.9371 16.179 0.0872446
82.9112 16.1408 0.0873481
82.8677 16.1062 0.0839914
82.9022 16.1474 0.0836364
82.9566 16.139 0.0863627
82.9463 15.9937 0.0905
83.0184 16.0326 0.0881556
82.8988 16.0765 0.0892757
82.9415 16.1461 0.0882255
82.8298 16.0848 0.087361
82.8876 16.187 0.0857925
83.0535 16.0683 0.0870891
82.8965 16.1095 0.0857146
82.9577 16.1044 0.0904855
82.9533 15.9245 0.0850368
82.886 15.915 0.0854796
82.9067 15.9663 0.0854201
82.787 16.1882 0.0854646
82.961 16.0565 0.0901474
82.8758 16.1703 0.0845868
82.8642 16.145 0.0882541
82.8849 16.052 0.0875884
82.9777 16.0734 0.0883717
82.9387 16.1061 0.089414
82.9672 16.1629 0.085837
82.9557 16.2107 0.0842474
82.8762 16.1865 0.08647
82.9515 16.0989 0.0874489
82.8311 16.2626 0.0855386
82.9217 16.055 0.0874129
82.9219 16.0306 0.0883067
82.8547 16.1215 0.0898587
82.8247 16.1999 0.0897727
82.8933 16.2281 0.0926437
82.9357 16.1047 0.0889047
82.8464 16.1461 0.0886722
82.8785 16.164 0.0892426
82.9121 16.129 0.0903004
82.7668 16.1244 0.0878282
82.939 16.207 0.0849052
83.0306 16.1972 0.0875839
83.0024 16.0371 0.0901193
83.0102 16.0969 0.087095
82.9228 16.1019 0.0869841
82.9427 16.1879 0.092126
82.8106 16.1871 0.0891948
83.0849 16.079 0.0894121
82.9249 16.1687 0.0891521
82.969 16.0853 0.0878237
82.8802 15.968 0.0861277
83.0555 16.2023 0.0893752
82.9723 16.0912 0.0870964
82.795 16.1018 0.08693
82.9857 16.0679 0.0879831
83.0027 16.1319 0.0866118
82.9685 16.155 0.088308
82.9136 16.1376 0.0863685
82.8715 16.2706 0.0903458
82.8699 16.0916 0.094645
82.9501 16.1072 0.088849
82.9641 16.0381 0.0895637
82.8889 16.0874 0.0910035
82.9175 16.2037 0.0909244
82.9857 16.0975 0.091705
82.8961 15.9824 0.0867961
82.8084 16.128 0.0891461
82.7865 16.133 0.0868576
82.9874 16.2551 0.0866463
82.8923 16.1578 0.0871325
82.9422 16.1391 0.0880474
82.8939 16.2056 0.088866
83.0018 16.1654 0.0820642
82.995 16.1488 0.0854796
82.9369 16.1423 0.088624
82.9025 16.1771 0.0918302
82.9736 16.111 0.0893645
82.9359 16.078 0.0879203
82.8976 16.1363 0.0896186
82.9843 16.0579 0.0893511
82.93 16.0966 0.086636
82.9067 16.0862 0.088614
82.7903 16.1344 0.091058
82.9425 16.1435 0.0903035
82.9294 16.1407 0.0890182
82.9009 16.1827 0.0855858
82.971 16.1112 0.0879752
82.8024 16.0236 0.0922417
82.8667 16.1381 0.0860213
82.7973 16.0949 0.0870912
82.9262 16.1455 0.0862539
82.9347 16.0586 0.088373
82.9132 16.065 0.090638
82.8583 16.1392 0.0855549
82.9838 16.1274 0.0909736
82.9353 16.0776 0.0882406
82.8715 16.0159 0.0884027
82.9015 16.2057 0.0860354
82.9351 16.1087 0.085726
82.95 16.1882 0.0918119
82.9126 16.0257 0.0890229
82.9273 16.0641 0.0892103
82.9531 16.1243 0.0898417
82.944 16.1223 0.0907893
82.9587 16.0941 0.0897178
82.9207 16.1294 0.0887795
82.9347 16.1482 0.0850506
82.9406 16.1179 0.0869764
82.9208 16.1091 0.0900495
82.8221 16.1825 0.0900565
82.9434 16.1599 0.09155
82.9018 16.0937 0.085684
82.898 16.171 0.0905968
82.8947 16.0393 0.0887459
83.0158 15.9901 0.0884435
82.8878 16.2461 0.090256
82.9913 16.0797 0.086511
82.9759 16.1087 0.0876322
82.8644 16.1204 0.0877269
82.9375 16.1692 0.0883599
82.8146 16.1262 0.0849449
82.9617 16.1051 0.0879616
82.9349 16.1291 0.0879275
82.8813 16.1728 0.0911121
82.9467 16.2694 0.0901032
82.9416 16.2357 0.0873588
82.8314 16.1403 0.0885495
83.0154 15.9777 0.0869894
83.0093 16.0041 0.0875697
82.5834 16.2788 0.0867296
