218.683 -11.6805 2.95952
218.842 -11.6774 2.95588
218.744 -11.6562 2.95668
218.763 -11.6109 2.95402
218.695 -11.6689 2.95912
218.85 -11.634 2.95861
218.837 -11.6968 2.95962
218.805 -11.6439 2.95997
218.821 -11.7198 2.95946
218.877 -11.672 2.95962
218.819 -11.6568 2.9576
218.897 -11.5586 2.96014
218.72 -11.5945 2.95667
218.689 -11.7212 2.95658
218.688 -11.6255 2.95747
218.723 -11.7308 2.95853
218.788 -11.7528 2.95802
218.691 -11.6598 2.95769
218.756 -11.6315 2.95862
218.753 -11.6451 2.95783
218.815 -11.647 2.96059
218.836 -11.6823 2.95722
218.846 -11.6428 2.95804
218.848 -11.6376 2.95801
218.907 -11.6046 2.95989
218.892 -11.5534 2.95891
218.818 -11.6259 2.9563
218.785 -11.582 2.96045
218.674 -11.6152 2.95627
218.811 -11.6333 2.95693
218.823 -11.6086 2.96005
218.906 -11.5156 2.95937
218.865 -11.6817 2.9595
218.793 -11.756 2.95863
218.847 -11.681 2.95828
218.782 -11.5849 2.95936
218.873 -11.6354 2.95986
218.812 -11.6466 2.96156
218.754 -11.5196 2.95641
218.692 -11.6071 2.95794
218.815 -11.6117 2.957
218.84 -11.6683 2.96031
218.682 -11.613 2.95474
218.746 -11.6438 2.9566
218.688 -11.6621 2.96051
218.685 -11.6614 2.95762
218.685 -11.6373 2.95637
218.866 -11.6384 2.95975
218.865 -11.6445 2.95948
218.805 -11.545 2.95611
218.689 -11.6372 2.95831
218.823 -11.6569 2.95698
218.749 -11.7054 2.95672
218.829 -11.6654 2.95915
218.744 -11.617 2.95661
218.885 -11.6141 2.9589
218.904 -11.5747 2.96022
218.796 -11.7282 2.95823
218.825 -11.6385 2.95631
218.812 -11.7298 2.95833
218.889 -11.6105 2.95906
218.845 -11.6153 2.95816
218.753 -11.7491 2.9592
218.756 -11.7493 2.9591
218.754 -11.6773 2.95674
218.737 -11.6739 2.95791
218.721 -11.741 2.95684
218.685 -11.607 2.95682
218.793 -11.5773 2.95961
218.754 -11.7272 2.95975
218.754 -11.7329 2.95975
218.79 -11.6582 2.95812
218.798 -11.662 2.95826
218.713 -11.6725 2.95721
218.812 -11.5872 2.95686
218.864 -11.5902 2.95855
218.724 -11.6617 2.95716
218.754 -11.7082 2.95888
218.829 -11.7069 2.95681
218.834 -11.7131 2.95661
218.841 -11.6454 2.95773
218.712 -11.669 2.95658
218.72 -11.6552 2.95603
218.827 -11.7153 2.95827
218.868 -11.6428 2.95818
218.807 -11.5906 2.95592
218.766 -11.5963 2.9572
218.747 -11.6676 2.95826
218.838 -11.6297 2.95547
218.86 -11.6374 2.95837
218.865 -11.61 2.96114
218.782 -11.6032 2.95943
218.796 -11.6742 2.95847
218.748 -11.5601 2.9573
218.826 -11.6177 2.96022
218.716 -11.6245 2.95781
218.716 -11.6293 2.95771
218.709 -11.6755 2.95832
218.876 -11.5705 2.95974
218.802 -11.5977 2.95788
218.791 -11.7796 2.95858
218.784 -11.774 2.95862
218.743 -11.6747 2.95489
218.863 -11.651 2.9583
218.753 -11.6792 2.96032
218.877 -11.7451 2.95678
218.933 -11.6068 2.95794
218.858 -11.6194 2.95728
218.789 -11.5372 2.95329
218.82 -11.6619 2.9595
218.82 -11.667 2.95928
218.813 -11.5711 2.95801
218.806 -11.6145 2.95993
218.805 -11.6196 2.95981
218.656 -11.6324 2.95578
218.73 -11.5976 2.95865
218.779 -11.6096 2.95638
218.825 -11.6541 2.95613
218.724 -11.7971 2.95697
218.874 -11.6317 2.96004
218.846 -11.6043 2.95601
218.865 -11.645 2.95786
218.737 -11.6813 2.95817
218.828 -11.7587 2.96225
218.873 -11.6975 2.96084
218.754 -11.6099 2.9545
218.969 -11.6773 2.95811
218.779 -11.658 2.95645
218.773 -11.6569 2.95631
218.675 -11.5898 2.95776
218.731 -11.6508 2.95783
218.79 -11.6159 2.95854
218.766 -11.7469 2.9617
218.693 -11.6302 2.95406
218.918 -11.5408 2.96079
218.865 -11.6843 2.95878
218.726 -11.6019 2.95603
218.744 -11.6665 2.95673
218.844 -11.5808 2.95663
218.679 -11.6127 2.95658
218.748 -11.6527 2.95559
218.776 -11.7033 2.95801
218.763 -11.6667 2.96165
218.842 -11.6241 2.96111
218.799 -11.7133 2.96059
218.726 -11.737 2.9586
218.739 -11.7044 2.95839
218.762 -11.633 2.96071
218.824 -11.6235 2.95962
218.766 -11.6443 2.96144
218.807 -11.6702 2.95992
218.749 -11.6084 2.9596
218.87 -11.6321 2.95965
218.725 -11.6517 2.95598
218.851 -11.6788 2.96162
218.699 -11.6269 2.9583
218.816 -11.6426 2.9565
218.789 -11.7139 2.95843
218.803 -11.7023 2.95861
218.796 -11.7078 2.95852
218.866 -11.5351 2.95657
218.757 -11.6022 2.96113
218.771 -11.6034 2.95676
218.699 -11.6089 2.95523
218.756 -11.6802 2.95746
218.74 -11.6565 2.9567
218.692 -11.6515 2.95877
218.841 -11.6864 2.95848
218.84 -11.6858 2.96185
218.844 -11.6997 2.95987
218.826 -11.7181 2.95967
218.818 -11.7153 2.95958
218.878 -11.6725 2.95969
218.867 -11.6063 2.95919
218.783 -11.6245 2.956
218.72 -11.5983 2.95646
218.863 -11.6562 2.95776
218.696 -11.6222 2.9574
218.716 -11.7309 2.95838
218.792 -11.7471 2.95801
218.787 -11.7444 2.95796
218.764 -11.6727 2.95672
218.758 -11.6747 2.95663
218.699 -11.6543 2.95774
218.754 -11.6364 2.95874
218.788 -11.608 2.95617
218.743 -11.5689 2.95834
218.838 -11.6796 2.95712
218.836 -11.6777 2.95713
218.871 -11.6362 2.95917
218.85 -11.6471 2.95811
218.767 -11.5837 2.95851
218.887 -11.5513 2.95886
218.881 -11.5617 2.95996
218.765 -11.6509 2.95647
218.787 -11.5811 2.96035
218.857 -11.5891 2.95914
218.814 -11.6363 2.95681
218.755 -11.5756 2.95769
218.82 -11.5774 2.95746
218.812 -11.5785 2.95723
218.858 -11.6801 2.95947
218.821 -11.5447 2.95548
218.74 -11.7869 2.95859
218.737 -11.7877 2.9585
218.799 -11.5518 2.95925
218.729 -11.6712 2.96
218.834 -11.5683 2.95839
218.838 -11.5728 2.95852
218.786 -11.5909 2.95921
218.782 -11.5916 2.95917
218.858 -11.6746 2.95883
218.875 -11.6348 2.95995
218.837 -11.6555 2.9574
218.803 -11.6726 2.95929
218.657 -11.6115 2.9604
218.795 -11.6613 2.95755
218.822 -11.5015 2.95749
218.771 -11.6082 2.96034
218.684 -11.6625 2.96043
218.906 -11.553 2.95689
218.879 -11.6953 2.96022
218.905 -11.5898 2.96251
218.764 -11.6548 2.95823
218.805 -11.5463 2.95613
218.693 -11.6616 2.95615
218.694 -11.659 2.95615
218.687 -11.6422 2.95811
218.824 -11.6587 2.95676
218.747 -11.7053 2.95654
218.752 -11.706 2.95668
218.942 -11.6954 2.95922
218.828 -11.6672 2.95893
218.765 -11.6347 2.95624
218.829 -11.7428 2.95752
218.796 -11.7291 2.95831
218.803 -11.7277 2.9581
218.798 -11.727 2.95832
218.801 -11.7286 2.95827
218.801 -11.5821 2.95937
218.776 -11.5774 2.95746
218.796 -11.6761 2.96243
218.756 -11.7507 2.95926
218.766 -11.6553 2.96055
218.723 -11.7355 2.95687
218.783 -11.7069 2.9546
218.779 -11.7139 2.95486
218.764 -11.6748 2.95582
218.796 -11.5869 2.95958
218.796 -11.5855 2.95964
218.754 -11.7304 2.95992
218.809 -11.578 2.95905
218.794 -11.6527 2.95817
218.709 -11.6636 2.95719
218.807 -11.5867 2.95689
218.818 -11.6078 2.95779
218.948 -11.6395 2.95869
218.812 -11.5141 2.95622
218.753 -11.7133 2.9589
218.838 -11.6473 2.95794
218.661 -11.6779 2.95865
218.724 -11.5946 2.96043
218.85 -11.6329 2.9595
218.825 -11.7174 2.95815
218.851 -11.6507 2.95725
218.844 -11.565 2.95857
218.859 -11.6361 2.95838
218.869 -11.6089 2.96121
218.772 -11.6036 2.95937
218.804 -11.6772 2.95867
218.797 -11.6776 2.95844
218.817 -11.6307 2.95572
218.825 -11.6188 2.96053
218.71 -11.6771 2.95826
218.788 -11.6033 2.95988
218.924 -11.6814 2.96079
218.93 -11.6839 2.9607
218.709 -11.6416 2.95949
218.772 -11.6776 2.95493
218.791 -11.7736 2.95852
218.868 -11.6492 2.95815
218.829 -11.5852 2.96126
218.74 -11.7738 2.96008
218.739 -11.5871 2.95761
218.931 -11.6094 2.95785
218.86 -11.6164 2.95723
218.726 -11.7332 2.96068
218.723 -11.7289 2.96087
218.817 -11.6652 2.95948
218.798 -11.6097 2.96007
218.661 -11.6278 2.95595
218.718 -11.6571 2.96091
218.842 -11.6674 2.95727
218.816 -11.664 2.95747
218.849 -11.5997 2.95602
218.688 -11.7875 2.95974
218.7 -11.787 2.95966
218.87 -11.6411 2.95793
218.742 -11.6709 2.95819
218.823 -11.7604 2.96209
218.787 -11.6907 2.95969
218.79 -11.691 2.95954
218.873 -11.7073 2.96095
218.802 -11.6303 2.95867
218.781 -11.6583 2.95646
218.778 -11.6556 2.9564
218.747 -11.6651 2.96028
218.803 -11.6347 2.95764
218.788 -11.6088 2.95838
218.726 -11.6797 2.95878
218.724 -11.6796 2.95868
218.696 -11.6215 2.95997
218.714 -11.6633 2.96018
218.847 -11.5891 2.95676
218.855 -11.6047 2.96015
218.742 -11.6575 2.9555
218.699 -11.6196 2.95516
218.705 -11.617 2.9552
218.792 -11.5831 2.9611
218.893 -11.6584 2.95818
218.816 -11.6288 2.95711
218.778 -11.6857 2.9598
218.721 -11.7434 2.95877
218.636 -11.6481 2.95863
218.783 -11.7089 2.95556
218.784 -11.71 2.95567
218.827 -11.6234 2.95953
218.803 -11.6723 2.95789
218.805 -11.6663 2.95998
218.747 -11.6822 2.9565
218.852 -11.6832 2.96172
218.853 -11.6801 2.96137
218.789 -11.6172 2.95667
218.79 -11.7143 2.95845
218.805 -11.71 2.95856
218.859 -11.6855 2.96077
218.805 -11.6185 2.95884
218.699 -11.6123 2.95564
218.681 -11.678 2.95949
218.761 -11.6857 2.95735
218.743 -11.6603 2.95678
218.819 -11.6627 2.96072
218.911 -11.5999 2.9614
218.845 -11.6829 2.95862
218.837 -11.6818 2.96206
218.85 -11.6269 2.95873
218.787 -11.6537 2.95818
218.844 -11.6928 2.95995
218.829 -11.7152 2.95966
218.874 -11.6686 2.95977
218.814 -11.6656 2.95744
218.821 -11.6567 2.95749
218.804 -11.595 2.9582
218.804 -11.6 2.95847
218.904 -11.563 2.96012
218.851 -11.6721 2.96077
218.841 -11.548 2.95736
218.858 -11.6497 2.95788
218.79 -11.7495 2.95785
218.705 -11.6604 2.95756
218.785 -11.6093 2.95604
218.855 -11.6051 2.96024
218.811 -11.6475 2.96044
218.74 -11.5742 2.95818
218.849 -11.5278 2.96113
218.842 -11.6828 2.95721
218.77 -11.585 2.95859
218.763 -11.6659 2.95255
218.821 -11.6271 2.95622
218.814 -11.6297 2.95675
218.82 -11.6149 2.95989
218.633 -11.7228 2.95604
218.638 -11.7221 2.95616
218.86 -11.6749 2.95939
218.791 -11.6137 2.95671
218.739 -11.7837 2.95845
218.734 -11.673 2.95995
218.727 -11.6677 2.96009
218.832 -11.5693 2.95829
218.855 -11.6723 2.9588
218.696 -11.6624 2.96117
218.812 -11.6449 2.96138
218.846 -11.6235 2.96018
218.742 -11.4801 2.95713
218.801 -11.6705 2.95932
218.748 -11.6161 2.95834
218.8 -11.6672 2.95737
218.814 -11.6058 2.95699
218.683 -11.6192 2.95485
218.747 -11.5871 2.95929
218.691 -11.6515 2.95749
218.877 -11.6945 2.96023
218.902 -11.5962 2.96259
218.765 -11.6561 2.95825
218.695 -11.662 2.95625
218.827 -11.6592 2.95678
218.825 -11.6653 2.95688
218.851 -11.6231 2.95986
218.945 -11.6961 2.95941
218.826 -11.6687 2.95904
218.89 -11.6274 2.95806
218.761 -11.6387 2.95623
218.884 -11.6194 2.95884
218.885 -11.6179 2.95884
218.795 -11.7341 2.95823
218.745 -11.5682 2.95934
218.816 -11.7275 2.95817
218.677 -11.5872 2.95628
218.678 -11.5914 2.95646
218.799 -11.6036 2.95713
218.75 -11.7513 2.95926
218.722 -11.6246 2.95996
218.687 -11.609 2.95858
218.741 -11.679 2.95808
218.788 -11.6464 2.95697
218.872 -11.519 2.96021
218.854 -11.7275 2.96169
218.731 -11.6158 2.95871
218.73 -11.7056 2.95916
218.716 -11.6718 2.95733
218.825 -11.7118 2.95777
218.69 -11.6459 2.95761
218.822 -11.6555 2.96188
218.798 -11.7383 2.95644
218.806 -11.7385 2.95615
218.747 -11.5606 2.95907
218.826 -11.6679 2.96002
218.711 -11.6658 2.95685
218.714 -11.665 2.95679
218.66 -11.6776 2.95872
218.714 -11.633 2.95782
218.714 -11.6554 2.95595
218.83 -11.7174 2.95822
218.87 -11.6387 2.95789
218.852 -11.6592 2.95721
218.76 -11.5978 2.9572
218.733 -11.6482 2.95625
218.843 -11.6255 2.95542
218.865 -11.6384 2.95835
218.752 -11.6224 2.96092
218.862 -11.6862 2.95794
218.793 -11.6707 2.95863
218.814 -11.6354 2.9557
218.817 -11.6307 2.95553
218.791 -11.6961 2.9582
218.786 -11.6907 2.95813
218.791 -11.5903 2.9582
218.806 -11.619 2.95793
218.773 -11.6294 2.96051
218.956 -11.6078 2.96111
218.962 -11.6141 2.96103
218.753 -11.6233 2.96053
218.777 -11.6758 2.95492
218.76 -11.6599 2.95752
218.782 -11.7776 2.95861
218.838 -11.6081 2.96047
218.831 -11.5992 2.9603
218.863 -11.6533 2.95827
218.757 -11.5557 2.95921
218.741 -11.7676 2.96014
218.879 -11.7469 2.95701
218.793 -11.565 2.95973
218.81 -11.5861 2.9563
218.825 -11.6628 2.95963
218.814 -11.6632 2.95933
218.746 -11.6428 2.96169
218.805 -11.6187 2.95968
218.778 -11.6097 2.95642
218.837 -11.6726 2.95705
218.836 -11.6777 2.95712
218.892 -11.6031 2.96294
218.799 -11.5505 2.95956
218.88 -11.6259 2.96015
218.766 -11.5458 2.95865
218.763 -11.5499 2.95847
218.723 -11.6289 2.95842
218.871 -11.6448 2.95813
218.74 -11.6764 2.95827
218.789 -11.6911 2.95936
218.867 -11.7004 2.96098
218.798 -11.6227 2.95872
218.78 -11.6593 2.95667
218.732 -11.6481 2.95783
218.734 -11.6471 2.9578
218.769 -11.7422 2.96163
218.722 -11.6792 2.95872
218.859 -11.6924 2.95894
218.741 -11.6647 2.95666
218.869 -11.6064 2.95752
218.777 -11.6964 2.95434
218.777 -11.7068 2.95788
218.783 -11.7081 2.95805
218.793 -11.5834 2.96098
218.814 -11.6235 2.95725
218.8 -11.7141 2.96065
218.722 -11.7409 2.95862
218.721 -11.7388 2.95854
218.641 -11.6477 2.95846
218.7 -11.6343 2.95924
218.91 -7.53054 2.96605
