149.532 21.109 0.0839296
149.486 21.1142 0.0861106
149.553 21.0508 0.0860056
149.473 21.0768 0.0856321
149.426 21.0983 0.088024
149.503 21.1176 0.0849496
149.482 21.1449 0.0838191
149.468 21.1165 0.0864458
149.474 21.1335 0.0848585
149.505 21.1621 0.0850331
149.524 21.1304 0.087143
149.531 21.0288 0.082346
149.448 21.0683 0.0846604
149.48 21.0902 0.0837439
149.466 20.9911 0.0840939
149.464 21.2544 0.0837195
149.474 21.2955 0.0834528
149.484 21.1214 0.0873094
149.506 21.0781 0.08415
149.47 21.0683 0.0852906
149.444 21.1091 0.0857152
149.485 21.1735 0.0857046
149.579 21.1136 0.083682
149.483 21.1675 0.0852121
149.442 21.2025 0.0844466
149.5 21.1164 0.0868458
149.605 21.0842 0.0841085
149.479 21.0949 0.082233
149.476 21.1037 0.0827402
149.593 21.2075 0.0820183
149.479 21.1458 0.0830942
149.499 21.1267 0.0838607
149.477 21.1237 0.0848665
149.529 21.0726 0.0824674
149.54 21.0207 0.0857054
149.545 21.0419 0.0844111
149.422 21.0821 0.0829979
149.455 21.1199 0.0848372
149.427 21.1714 0.0814749
149.504 21.1809 0.0867006
149.477 21.1391 0.0862805
149.444 21.1574 0.0832607
149.462 21.214 0.0875616
149.494 21.0635 0.082973
149.494 21.14 0.0815732
149.441 21.2467 0.0828596
149.519 21.2024 0.0866165
149.452 21.0584 0.0852288
149.458 21.1657 0.0874668
149.473 21.3041 0.0832268
149.464 20.994 0.0865654
149.511 21.1863 0.0857294
149.416 21.2366 0.0833502
149.524 21.1124 0.0824038
149.481 21.1175 0.0826024
149.418 21.1388 0.0860812
149.502 21.0885 0.0826784
149.445 21.1787 0.0854345
149.395 21.1861 0.082342
149.426 21.1242 0.0872487
149.553 21.1031 0.0846651
149.445 21.1533 0.0840916
149.547 21.1564 0.081904
149.433 21.0679 0.0861008
149.435 21.2354 0.0894219
149.518 21.1479 0.0856921
149.517 21.0355 0.0849687
149.543 21.1084 0.0858913
149.517 21.0175 0.08992
149.551 21.0489 0.0831492
149.451 21.0795 0.0805694
149.516 21.1862 0.0835712
149.509 21.0458 0.086645
149.495 21.0882 0.0857943
149.468 21.2705 0.0860615
149.589 21.177 0.0822716
149.47 21.0602 0.0873739
149.466 21.1872 0.0839703
149.461 21.0146 0.0842477
149.484 21.0873 0.0821688
149.447 21.255 0.0860685
149.565 20.9682 0.0885915
149.555 21.1983 0.0845917
149.525 21.2041 0.0828989
149.453 21.0689 0.0821001
149.546 21.1218 0.0821901
149.485 21.0645 0.0864257
149.515 21.1029 0.0847154
149.587 20.9849 0.0844228
149.576 21.126 0.0827456
149.455 21.1596 0.0828966
149.527 21.1425 0.0860389
149.494 21.0712 0.08141
149.556 21.1114 0.083251
149.466 21.0848 0.0859247
149.443 21.113 0.0877715
149.577 21.0787 0.0845206
149.458 21.1978 0.0807787
149.503 21.0378 0.0816558
149.493 21.1637 0.0821565
149.553 21.1587 0.0850842
149.404 21.076 0.0835806
149.449 21.128 0.0852994
149.527 21.0289 0.0855538
149.462 21.2161 0.0833721
149.474 21.1875 0.0847485
149.532 21.1009 0.0829504
149.528 21.1694 0.0864678
149.395 21.1017 0.0860477
149.513 21.0565 0.0854956
149.491 21.1497 0.0844795
149.525 21.0587 0.0892822
149.53 21.1114 0.082328
149.455 20.9995 0.0829572
149.492 21.0996 0.0880388
149.608 21.2887 0.084494
149.503 21.0813 0.0818848
149.425 21.0984 0.0829276
149.487 21.1389 0.0875036
149.53 21.0584 0.085091
149.428 21.1455 0.0849049
149.483 21.054 0.0805636
149.457 21.1106 0.0810916
149.462 21.1267 0.0829756
149.382 21.2171 0.0832226
149.601 21.0397 0.0833396
149.533 21.1229 0.0861384
149.45 21.0904 0.0802413
149.434 21.1318 0.0869859
149.488 21.1216 0.082396
149.453 21.1877 0.0844177
149.43 21.2372 0.0869999
149.566 21.1678 0.0859274
149.477 21.1929 0.0831542
149.512 21.1424 0.08673
149.519 21.1473 0.0828725
149.455 20.9845 0.0829026
149.535 20.9891 0.0826836
149.509 21.1049 0.0858727
149.411 21.1499 0.0888149
149.472 21.1707 0.087684
149.507 21.2483 0.0833318
149.572 21.0727 0.082459
149.439 21.0275 0.0859901
149.479 21.1756 0.0858213
149.432 21.1548 0.0845846
149.349 21.1913 0.0860834
149.521 21.1046 0.0868712
149.516 21.0359 0.0848204
149.623 21.1195 0.0850045
149.423 21.1825 0.088842
149.394 21.1549 0.0880607
149.492 21.0498 0.0862648
149.546 21.2087 0.0824249
149.403 21.0817 0.0860017
149.515 21.0519 0.0841115
149.505 21.1844 0.0851376
149.556 20.9916 0.0815039
149.461 21.1068 0.0850939
149.556 21.1802 0.0850938
149.46 21.2292 0.08128
149.518 21.0636 0.086138
149.535 20.9984 0.0862098
149.51 21.0933 0.0831461
149.52 21.0013 0.0871579
149.498 21.0644 0.0817574
149.506 21.0608 0.0806161
149.525 21.0714 0.0855513
149.365 21.1803 0.0866829
149.533 21.1579 0.086219
149.401 21.1202 0.0828128
149.449 21.0111 0.0860177
149.568 21.0552 0.0833858
149.55 21.1467 0.0839417
149.539 21.2071 0.0833147
149.489 20.9875 0.0872813
149.385 21.2276 0.0848131
149.446 21.2087 0.0853372
149.497 21.0133 0.0852204
149.537 21.1988 0.0850126
149.487 21.1036 0.0841534
149.525 21.1687 0.0822073
149.428 21.0475 0.083535
149.496 21.1282 0.084901
149.537 21.2148 0.0852166
149.491 21.0449 0.0859387
149.497 21.1135 0.0835718
149.534 21.1983 0.0842929
149.582 21.1561 0.0827043
149.49 21.0082 0.0845145
149.454 21.2369 0.0871733
149.526 21.132 0.0864751
149.539 21.106 0.086323
149.461 21.0104 0.085949
149.509 21.1131 0.0868293
149.514 21.1392 0.0840786
149.419 21.1002 0.0841987
149.481 21.2228 0.0796534
149.542 21.1231 0.0830766
149.506 21.1176 0.0836884
149.433 21.1816 0.0844391
149.446 21.136 0.0863055
149.533 21.1892 0.0836422
149.454 21.015 0.0851171
149.531 21.1932 0.08507
149.468 21.0957 0.0875627
149.596 21.0659 0.0857944
149.508 21.1296 0.0880893
149.452 21.0653 0.0823151
149.518 21.0894 0.0865399
149.486 21.1512 0.0874106
149.552 21.1192 0.0850102
149.478 21.1282 0.0867266
149.464 21.1445 0.0855428
149.574 20.9874 0.0867356
149.544 21.0704 0.0828862
149.515 20.9403 0.0848669
149.588 21.2683 0.082099
149.488 21.1772 0.0817426
149.537 21.0343 0.083739
149.527 21.157 0.0865885
149.48 21.1942 0.0837633
149.47 21.1444 0.0850252
149.48 21.0443 0.0831453
149.516 21.213 0.0843922
149.474 21.0845 0.0813342
149.525 21.1463 0.0839222
149.47 21.1217 0.0859171
149.471 21.1081 0.0818201
149.553 21.1197 0.0842079
149.564 21.0293 0.0848395
149.508 21.1261 0.0842466
149.481 21.1388 0.082512
149.546 21.1868 0.0841588
149.589 21.188 0.0839846
149.488 21.1553 0.0815002
149.452 21.1511 0.0880092
149.531 21.1759 0.0839818
149.533 21.0326 0.0858228
149.449 21.0121 0.0849223
149.603 21.0207 0.0830989
149.42 21.1525 0.0827985
149.454 21.1342 0.0839592
149.428 21.1282 0.0872269
149.541 21.166 0.0842383
149.483 21.2429 0.0818954
149.522 21.1749 0.0816996
149.444 21.1049 0.0851341
149.478 21.0965 0.0826911
149.519 21.0685 0.0863271
149.538 21.149 0.0850884
149.436 21.2022 0.085917
149.412 21.0786 0.0874528
149.448 21.1512 0.0845392
149.456 21.1822 0.0834712
149.428 21.0395 0.0864924
149.565 21.0654 0.0843198
149.511 21.0411 0.0833263
149.602 21.1126 0.0815983
149.559 21.087 0.0807204
149.566 21.0619 0.0834955
149.432 21.0485 0.0831135
149.522 21.1226 0.0859994
149.559 21.1256 0.0825273
149.464 21.0314 0.0854726
149.47 21.0814 0.0829984
149.413 21.0986 0.0845786
149.52 21.2098 0.0816438
149.543 21.0937 0.0837554
149.47 21.1831 0.0812047
149.48 21.0706 0.0796439
149.489 21.2574 0.0843097
149.552 21.0632 0.0843351
149.527 21.1582 0.0828541
149.526 21.0755 0.0814068
149.516 21.1656 0.0838761
149.541 21.1859 0.0845678
149.496 21.0765 0.0833759
149.473 21.1057 0.0832651
149.508 21.113 0.0846449
149.55 21.1366 0.083028
149.468 21.1191 0.0844408
149.527 21.1545 0.0829533
149.399 21.0665 0.0822586
149.536 21.0656 0.0853206
149.519 21.1338 0.0818587
149.505 21.0706 0.0835341
149.543 21.0377 0.0831654
149.512 21.109 0.0829624
149.412 21.2407 0.080961
149.421 21.1971 0.081753
149.502 21.1281 0.0824068
149.457 21.1816 0.0817959
149.484 21.1097 0.0809231
149.599 21.0728 0.0838919
149.434 21.0581 0.083643
149.421 21.1506 0.0834273
149.471 21.0799 0.0816665
149.573 21.0343 0.086242
149.51 20.9954 0.0835076
149.523 21.241 0.0852073
149.455 21.1187 0.0865634
149.576 21.2806 0.081245
149.511 21.1352 0.0814759
149.604 21.1474 0.081426
149.435 21.1854 0.0864204
149.532 21.1147 0.0845122
149.459 21.0894 0.0848327
149.46 21.1559 0.0825301
149.5 21.1027 0.0847518
149.559 21.0253 0.0833151
149.44 21.1356 0.0820301
149.455 21.0836 0.0827495
149.509 21.1605 0.088104
149.598 21.1851 0.0803264
149.584 21.0877 0.0846779
149.443 21.1318 0.0813119
149.493 21.2589 0.0824484
149.567 21.0947 0.0824145
149.571 21.199 0.0847207
149.469 21.1383 0.0841762
149.445 21.1617 0.081862
149.524 21.1447 0.0819547
149.429 21.1796 0.0848118
149.38 21.2083 0.0867795
149.475 21.0482 0.0857716
149.454 21.1291 0.0811316
149.504 21.27 0.0856687
149.402 21.1817 0.083363
149.36 21.1331 0.0825752
149.539 21.074 0.0830086
149.43 21.1904 0.0880257
149.518 21.1259 0.0799571
149.514 21.004 0.0799194
149.504 21.1732 0.0840754
149.479 21.126 0.0852881
149.447 21.179 0.0852701
149.405 21.0965 0.0854187
149.55 21.1054 0.0870243
149.393 21.1027 0.0834225
149.455 21.0961 0.0847635
149.439 21.1317 0.0881284
149.421 21.1649 0.0846736
149.465 21.1576 0.0828639
149.516 21.1006 0.0846666
149.415 21.1476 0.0838421
149.466 21.2229 0.0825624
149.547 21.0924 0.0812211
149.494 21.0787 0.0873871
149.497 20.9988 0.0793208
149.43 21.1131 0.0865888
149.47 21.1262 0.0857951
149.45 21.243 0.0885833
149.555 21.1865 0.0826014
149.474 21.1552 0.0842489
149.424 21.2081 0.0854842
149.514 21.0897 0.0852496
149.438 21.0924 0.0838627
149.581 21.1763 0.0804245
149.526 21.0433 0.08765
149.614 21.0202 0.083545
149.495 20.9794 0.0832205
149.533 21.0888 0.0807248
149.472 21.0674 0.0860544
149.549 21.1243 0.0857037
149.451 21.0848 0.0847475
149.581 21.0696 0.0808027
149.545 21.1388 0.0843323
149.461 21.1733 0.0831117
149.56 21.1162 0.0783116
149.544 21.2483 0.0814712
149.514 21.1069 0.0849182
149.501 21.1904 0.0851452
149.525 21.0671 0.0814661
149.509 21.1279 0.0833289
149.499 21.0214 0.0852425
149.541 21.0249 0.0860552
149.444 21.0941 0.0875702
149.464 21.1154 0.0854984
149.505 21.1499 0.0808201
149.554 21.1746 0.0818243
149.568 21.1293 0.0834531
149.59 21.0814 0.0842825
149.538 21.1516 0.0833927
149.508 21.002 0.0843022
149.509 21.1915 0.0824228
149.4 21.0583 0.0815931
149.471 21.0604 0.0849584
149.594 21.1155 0.0854227
149.496 21.0554 0.0855906
149.458 21.0591 0.0825777
149.511 21.2383 0.0826344
149.476 21.1301 0.0849584
149.49 21.16 0.0819307
149.585 21.1991 0.0838139
149.462 21.0993 0.0813519
149.528 21.1244 0.0867982
149.443 21.0922 0.0827498
149.473 21.0887 0.0823156
149.435 20.9881 0.0830612
149.485 21.1521 0.0833742
149.463 21.1266 0.0854033
149.581 21.0986 0.0815866
149.402 21.1013 0.0847331
149.462 21.2869 0.0837709
149.492 21.1293 0.0865303
149.506 21.0221 0.0877793
149.543 21.0562 0.0849871
149.508 21.1277 0.0823254
149.543 21.0951 0.0829307
149.494 21.0991 0.0822599
149.562 21.049 0.0836002
149.516 21.1125 0.0858872
149.571 21.1425 0.0855678
149.496 21.0979 0.0855467
149.448 21.0787 0.0811079
149.459 21.0494 0.0819518
149.376 21.154 0.0832351
149.487 21.1703 0.0799944
149.481 21.163 0.0853054
149.535 21.1815 0.084257
149.494 21.1015 0.0839975
149.49 21.1887 0.0845534
149.554 21.0995 0.0836302
149.535 21.1566 0.083101
149.554 21.0623 0.0839152
149.502 21.1645 0.0854006
149.453 21.0514 0.0847665
149.468 21.2788 0.0836243
149.416 21.1288 0.0821873
149.362 21.1303 0.0832376
149.512 21.1005 0.0835113
149.491 21.0923 0.079916
149.518 20.9595 0.0819917
149.501 21.1588 0.0891433
149.471 21.1444 0.0864662
149.558 21.1627 0.0841743
149.517 21.2102 0.0855127
149.421 21.1114 0.0840693
149.413 21.2059 0.0850766
149.52 20.9915 0.0860209
149.532 20.99 0.0841253
149.52 21.0471 0.0838597
149.552 21.1866 0.0830001
149.554 21.1271 0.0823811
149.445 21.1384 0.0869141
149.42 21.1845 0.0810619
149.472 21.0973 0.0847207
149.468 21.1112 0.083795
149.515 21.1367 0.0847953
149.534 21.181 0.0831847
149.526 21.1013 0.0855938
149.53 21.1414 0.0848471
149.438 21.1065 0.0851352
149.584 21.0909 0.0834488
149.563 21.0392 0.0828647
149.465 21.1716 0.0847516
149.539 21.0454 0.0844682
149.531 21.0462 0.0860453
149.522 21.0631 0.0868398
149.486 20.9959 0.0852435
149.443 21.0829 0.0831499
149.583 21.1374 0.081124
149.441 21.1076 0.0811902
149.544 21.0499 0.0831197
149.569 21.083 0.0818591
149.551 21.1731 0.083195
149.52 21.0799 0.0871692
149.469 21.1989 0.0853546
149.394 21.2313 0.0875163
149.559 21.1257 0.085873
149.478 21.18 0.083663
149.475 21.0756 0.0860758
149.553 21.1308 0.0834352
149.492 21.1505 0.0824933
149.512 21.1938 0.0836516
149.495 21.1939 0.0828572
149.548 21.0891 0.0817618
149.538 20.9431 0.0853777
149.533 21.1644 0.0846806
149.58 21.1942 0.0816275
149.415 21.2383 0.084232
149.509 21.1127 0.0855983
149.508 21.1301 0.0856737
149.5 21.2217 0.0854877
149.407 21.0442 0.0823542
149.457 21.0405 0.0819702
149.518 21.1195 0.0850294
149.523 21.1633 0.0809834
149.561 21.1918 0.0804357
149.552 21.1462 0.0819527
149.504 21.1277 0.0850768
149.606 21.1226 0.0844607
149.518 21.0685 0.0819307
149.522 21.0679 0.0824197
149.378 21.1189 0.0861422
149.421 21.1559 0.0845658
149.571 21.1465 0.0810017
149.508 21.1621 0.0843586
147.565 22.7429 0.0905164
149.513 21.0639 0.0879258
149.528 21.1602 0.0872941
149.503 21.037 0.0836746
149.392 21.0984 0.0825721
149.459 21.1948 0.0818511
149.513 21.1664 0.0860111
149.475 21.1589 0.082882
149.444 21.1239 0.0855453
149.589 21.062 0.0848008
149.457 21.0599 0.0852422
149.508 21.0544 0.084528
149.443 21.1098 0.0826691
149.505 21.1694 0.0864471
149.458 21.1432 0.0836145
149.476 21.0951 0.0867469
149.493 21.1493 0.0845118
149.442 21.0159 0.0827503
149.412 21.1286 0.0846999
149.487 21.0598 0.0831592
149.504 21.2268 0.0833887
149.47 21.0718 0.0856368
149.481 21.1727 0.0857145
149.556 21.1225 0.08261
149.426 21.1975 0.0816035
149.478 21.1247 0.0879511
149.473 21.0782 0.0840226
149.534 21.1018 0.0833446
149.554 21.1608 0.084731
149.555 21.1946 0.0861686
149.49 21.047 0.0839425
149.525 21.1296 0.0808509
149.459 21.0958 0.0848765
149.485 21.1427 0.0880348
149.551 21.1104 0.0825415
149.409 21.1907 0.0831122
149.497 21.1544 0.0876369
149.562 21.2261 0.0849801
149.471 21.2648 0.0855111
149.452 21.1426 0.0851801
149.483 21.0624 0.0878589
149.48 21.1912 0.0836623
149.546 21.0442 0.0865994
149.536 21.1086 0.0845725
149.425 21.1611 0.08797
149.558 21.0535 0.0869573
149.478 21.0115 0.0841888
149.481 21.0852 0.0868859
149.483 21.1843 0.0851105
149.489 21.1024 0.0843543
149.504 21.117 0.086772
149.392 21.1483 0.0856336
149.539 21.1773 0.0815589
149.424 21.0275 0.0845518
149.489 21.0355 0.0851879
149.473 21.0927 0.0881457
149.436 21.1188 0.086887
149.567 21.0257 0.0805111
149.462 21.0156 0.0862634
149.497 21.1071 0.0855575
149.544 21.2523 0.082925
149.52 21.2222 0.0853445
149.429 21.0854 0.0853101
149.468 21.0823 0.0848784
149.482 21.1193 0.0863493
149.514 21.1259 0.0837695
149.436 21.1469 0.0868247
149.479 21.0514 0.0866
149.379 21.0536 0.0853395
149.403 21.1354 0.0871112
149.462 21.1778 0.0874857
149.473 21.1023 0.0835208
149.516 21.0681 0.0780945
149.573 21.1925 0.0820659
149.388 21.0877 0.0840595
149.56 21.1445 0.0856948
149.455 21.0961 0.0830518
149.467 21.0942 0.0847298
149.461 21.0713 0.0873311
149.455 21.1679 0.0828601
149.404 21.1687 0.0872818
149.597 21.0767 0.0839072
149.401 21.2295 0.0884493
149.432 21.068 0.083192
149.541 21.0386 0.08235
149.487 21.242 0.0842497
149.464 21.0855 0.0824478
149.453 21.0281 0.0857266
149.446 21.0857 0.0840316
149.511 21.0606 0.0853256
149.526 21.1207 0.0814122
149.458 21.0901 0.0863747
149.501 21.1595 0.0845076
149.603 20.9965 0.0816783
149.474 21.1474 0.0860479
149.413 21.1102 0.0857481
149.445 21.1518 0.0847459
149.52 21.1264 0.0875379
149.462 21.1803 0.084358
149.472 21.2194 0.0856432
149.57 21.1053 0.0821872
149.406 21.0558 0.0848954
149.485 21.2129 0.082997
149.537 21.1028 0.0846108
149.445 20.9701 0.0842086
149.511 21.1084 0.0822817
149.523 21.0802 0.0826467
149.46 21.1107 0.0797601
149.432 21.1059 0.0844267
149.431 21.2408 0.0863337
149.485 21.0728 0.0805731
149.456 21.1574 0.0858168
149.554 21.1245 0.0844133
149.506 21.1025 0.0845081
149.484 21.1231 0.0842232
149.599 21.1417 0.0873181
149.446 21.1213 0.0862714
149.443 21.1201 0.0840476
149.443 21.1584 0.0864186
149.457 21.1749 0.0858493
149.452 20.9992 0.0828765
149.533 21.0689 0.0858294
149.493 21.1249 0.0835636
149.459 21.1117 0.0856835
149.432 21.1249 0.0853693
149.624 21.0164 0.083079
149.452 21.0641 0.0868927
149.473 21.0318 0.0840023
149.424 21.0797 0.083334
149.475 21.1696 0.082952
149.463 21.0316 0.0842314
149.481 21.1173 0.0843412
149.462 21.0956 0.0820717
149.454 21.0841 0.0849026
149.48 21.009 0.0899023
149.449 21.0598 0.0875743
149.504 21.1112 0.0856125
149.426 21.0496 0.0844981
149.404 21.0979 0.0849998
149.465 21.0652 0.086591
149.391 21.0364 0.0827954
149.576 21.1747 0.0836527
149.39 21.2137 0.0875072
149.439 21.1326 0.0873883
149.453 21.1345 0.0878948
149.565 20.9442 0.0848158
149.528 21.2231 0.0824399
149.517 21.0101 0.0830681
149.529 21.1207 0.083116
149.425 21.1316 0.0862763
149.465 21.1533 0.085365
149.422 21.1945 0.0869722
149.477 21.0951 0.0883076
149.561 21.0728 0.0860921
149.421 21.1394 0.0836079
149.397 21.104 0.0818568
149.481 21.1051 0.0850046
149.434 21.1483 0.0872935
149.482 21.1293 0.0875006
149.577 21.2194 0.0873679
149.473 21.0464 0.0856382
149.51 20.9627 0.0834256
149.403 21.0905 0.0848142
149.438 21.1302 0.0841179
149.5 21.1847 0.0843536
149.447 21.1906 0.0804515
149.439 21.1995 0.0831829
149.453 21.1767 0.0831578
149.456 21.1216 0.08824
149.423 21.1464 0.0894803
149.518 21.0618 0.0856124
149.579 21.0789 0.0828051
149.59 21.0384 0.0858648
149.433 21.1688 0.0839147
149.466 21.1295 0.0843488
149.481 21.1614 0.0868373
149.48 21.0873 0.0847197
149.443 21.0745 0.0853676
149.497 21.2205 0.0871347
149.566 21.0315 0.0840148
149.494 21.0712 0.0878319
149.538 21.0279 0.0858449
149.481 21.1129 0.0850258
149.444 21.0596 0.0810242
149.542 21.0928 0.085995
149.498 21.1624 0.0873306
149.471 21.1623 0.0840346
149.543 21.1019 0.0869909
149.531 21.1895 0.0827964
149.406 21.15 0.0861237
149.482 21.1786 0.0851858
149.465 21.0736 0.0854514
149.475 21.0422 0.0793636
149.476 21.1244 0.0816723
149.452 21.121 0.0888549
149.481 21.286 0.086237
149.411 21.167 0.0869094
149.462 21.0833 0.0864887
149.513 21.0331 0.0903307
149.5 21.0539 0.0844995
149.505 21.2273 0.0870041
149.46 21.1593 0.084713
149.406 21.1686 0.0845139
149.42 21.0333 0.0867248
149.496 21.028 0.0823962
149.537 21.2169 0.0814361
149.449 21.1927 0.0835233
149.44 21.141 0.0878691
149.467 21.0448 0.0858674
149.376 21.1791 0.0877425
149.517 21.1195 0.0864004
149.462 21.1 0.0822287
149.474 21.1556 0.0892077
149.506 21.0601 0.0820378
149.501 21.1368 0.0825656
149.505 21.1345 0.0808831
149.479 21.212 0.0852614
149.407 21.0744 0.0825683
149.568 21.0985 0.0831594
149.436 21.0802 0.0848394
149.455 21.1319 0.0846869
149.509 21.0444 0.0850873
149.584 21.0425 0.0864748
149.571 21.0542 0.0828569
149.473 21.1307 0.0801325
149.436 21.0812 0.0834859
149.409 21.1268 0.0852305
149.583 21.0655 0.0858511
149.573 21.1031 0.0852343
149.584 21.1642 0.0869696
149.43 21.0303 0.0795288
149.548 21.1003 0.0852771
149.597 21.2186 0.0848261
149.421 21.1028 0.0809305
149.458 21.1735 0.0830915
149.529 21.2234 0.0852946
149.527 21.0302 0.0867785
149.475 21.0166 0.0846636
149.475 21.038 0.082856
149.486 21.1177 0.0823332
149.492 21.1246 0.0842534
149.497 21.1706 0.0848946
149.532 21.0441 0.0833182
149.53 21.0567 0.0833275
149.505 21.118 0.0868562
149.437 21.0659 0.0837599
149.467 21.1269 0.0865574
149.444 21.1863 0.0836844
149.482 21.0707 0.084056
149.405 21.1177 0.0849626
149.459 21.1854 0.0849054
149.562 21.1698 0.0861749
149.537 21.1699 0.0873256
149.488 21.0731 0.0865162
149.491 21.1199 0.0841686
149.526 21.0613 0.0838326
149.428 21.1135 0.0878968
149.402 21.1318 0.0843208
149.539 21.0905 0.0834779
149.58 21.0509 0.0800899
149.447 21.0956 0.0853275
149.508 21.032 0.0846664
149.519 21.197 0.0883261
149.428 21.0779 0.0844954
149.545 21.1696 0.0866036
149.521 21.2108 0.0854758
149.622 21.1929 0.0820398
149.398 21.0915 0.0848277
149.442 21.0394 0.0859944
149.445 21.0533 0.0832259
149.433 21.1066 0.0809294
149.499 21.0837 0.0866674
149.455 21.1115 0.0799425
149.532 21.2317 0.0854357
149.605 21.0864 0.085102
149.551 21.0664 0.0871364
149.491 21.0663 0.0863503
149.504 21.1265 0.0816711
149.469 21.1531 0.0847135
149.453 21.1709 0.0838141
149.413 21.1579 0.0826685
149.458 21.0932 0.0870815
149.473 21.0069 0.0838155
149.524 21.1113 0.0866418
149.562 21.1146 0.0825358
149.605 21.1984 0.0829139
149.448 21.1853 0.0854953
149.495 21.1406 0.0849659
149.437 21.082 0.0867141
149.478 21.0687 0.0855883
149.466 21.1627 0.0845869
149.471 21.1672 0.0855695
149.484 21.1313 0.0827916
149.452 21.1316 0.0847437
149.452 21.083 0.0887875
149.508 21.0867 0.0829262
149.485 21.0586 0.0873897
149.589 21.0728 0.0828654
149.487 21.2335 0.0873634
149.426 21.15 0.0837601
149.42 21.1199 0.0856176
149.443 21.1806 0.0856549
149.545 21.0048 0.0847043
149.469 21.0774 0.0857834
149.388 21.2268 0.0837692
149.56 21.0923 0.0826093
149.498 21.1248 0.0844755
149.567 21.08 0.0838117
149.45 21.0665 0.0842939
149.607 21.1221 0.0874562
149.591 21.0758 0.0790582
149.431 21.1491 0.0854691
149.514 21.1209 0.0840047
149.424 21.0724 0.0863019
149.454 21.0057 0.0860396
149.443 21.0909 0.0881013
149.475 21.0582 0.0843776
149.46 21.167 0.0859552
149.557 21.1323 0.0833508
149.557 21.1942 0.0836058
149.45 21.167 0.081992
149.486 21.1231 0.084666
149.549 21.1777 0.0880405
149.598 21.0462 0.08552
149.518 21.0769 0.0841756
149.458 21.2072 0.0846651
149.478 21.1908 0.0858124
149.468 21.0757 0.0852311
149.521 21.1889 0.0853387
149.457 21.2315 0.086708
149.501 21.092 0.0813274
149.531 21.1723 0.0853345
149.49 21.2243 0.0840976
149.5 21.08 0.0847397
149.397 20.9873 0.0825921
149.447 21.0742 0.0817982
149.526 21.1957 0.0843981
149.443 21.1225 0.084131
149.493 21.0708 0.0874569
149.393 21.0497 0.0817117
149.518 21.1646 0.0816454
149.431 21.2292 0.0809951
149.582 21.1427 0.0806617
149.446 21.1819 0.0880242
149.424 21.062 0.0823028
149.385 21.0635 0.0815108
149.457 21.225 0.0841809
149.493 21.1794 0.0846716
149.491 21.1215 0.086747
149.521 21.1461 0.0824202
149.462 21.1149 0.0825719
149.562 21.0055 0.0832
149.508 21.1314 0.0804279
149.525 21.1558 0.0861054
149.471 21.1068 0.087988
149.557 21.0549 0.0822822
149.444 21.1469 0.085844
149.388 21.1135 0.0870648
149.381 21.1248 0.0873834
149.385 21.1276 0.0860062
149.471 21.1777 0.0841345
149.449 21.2514 0.0820377
149.498 21.2448 0.0847703
149.49 21.1568 0.082883
149.488 21.0682 0.0850186
149.489 21.0249 0.0800921
149.451 21.1129 0.0841729
149.468 21.1632 0.0844829
149.518 21.1962 0.0856286
149.513 21.1973 0.0855455
149.518 21.2253 0.0844607
149.555 21.0718 0.082237
149.54 21.1147 0.0859724
149.53 21.0836 0.0879089
149.512 21.0506 0.084105
149.448 21.1361 0.0845778
149.522 21.0709 0.0856866
149.474 21.0941 0.0853345
149.504 21.1307 0.085115
149.516 21.1369 0.0845062
149.466 21.1327 0.0845325
149.439 21.2188 0.0844008
149.467 21.1997 0.0843988
149.378 21.1424 0.0856951
149.502 21.1526 0.0858318
149.49 21.1676 0.0850907
149.553 21.0839 0.0846693
149.46 21.0586 0.0842735
149.449 21.1072 0.0830452
149.503 21.0135 0.0828805
149.454 21.0264 0.0827711
149.552 21.1145 0.0822351
149.578 21.1154 0.0839256
149.499 21.0979 0.0821466
149.541 21.1562 0.0832495
149.485 21.0761 0.0841024
149.488 21.0715 0.085193
149.568 21.1989 0.0862075
149.478 21.0166 0.0848588
149.512 21.1534 0.0831429
149.379 21.0887 0.0852011
149.46 21.0737 0.0833967
149.489 21.0428 0.0882883
149.471 21.053 0.0809323
149.469 21.0826 0.0847982
149.484 21.0901 0.0825645
149.535 21.0241 0.0828044
149.499 21.0156 0.086208
149.477 21.1024 0.0851235
149.523 21.0286 0.0841922
149.433 21.1265 0.0841311
149.45 21.0832 0.0832159
149.547 21.1134 0.0834499
149.55 21.02 0.0817383
149.504 21.0641 0.0812834
149.56 21.0405 0.0826017
149.446 21.2338 0.0866951
149.546 21.1639 0.0820297
149.44 21.1619 0.0861649
149.461 21.0888 0.0859596
149.493 21.1238 0.0879471
149.488 21.0904 0.0823614
149.502 21.0965 0.0840415
149.517 21.0717 0.082728
149.484 21.2597 0.0836665
149.422 21.1048 0.0837953
149.393 21.1598 0.0840456
149.548 21.0946 0.0832456
149.484 21.1238 0.0839428
149.41 21.1424 0.0829771
149.567 20.9629 0.0827428
149.553 21.042 0.0862052
149.394 21.1913 0.0899951
149.567 21.0762 0.0862352
149.453 21.1029 0.0848415
149.498 21.1622 0.0822837
149.539 21.1845 0.0864635
149.459 21.1258 0.0859985
149.479 21.0829 0.0873454
149.466 21.0749 0.084898
149.477 21.1262 0.0846393
149.509 21.2317 0.0853341
149.419 21.0538 0.0867311
149.398 20.9956 0.086972
149.485 21.1096 0.0843838
149.499 21.0291 0.0818618
149.491 21.0007 0.0859661
149.492 20.9835 0.0871054
149.474 21.1303 0.0837311
149.434 21.1198 0.0824076
149.502 21.0701 0.0862712
149.503 21.1398 0.0867824
149.5 21.0429 0.0866165
149.454 21.0876 0.087492
149.464 21.0993 0.084078
149.516 21.1339 0.0819324
149.511 20.9058 0.0882896
149.512 21.1204 0.0885955
149.434 21.2401 0.0863052
149.471 21.0715 0.0842979
149.578 21.2078 0.0831545
149.515 21.087 0.0856774
149.439 21.0958 0.0853436
149.494 21.1819 0.0827865
149.527 21.0743 0.0825304
149.493 21.1087 0.0856927
149.449 21.0899 0.0852615
149.466 21.0727 0.0847959
149.501 21.1173 0.0831357
149.42 21.2628 0.082287
149.566 21.124 0.0814702
149.417 21.0562 0.0816583
149.419 21.1527 0.0891587
149.427 21.0898 0.0851505
149.452 21.0883 0.0836869
149.481 21.1172 0.081916
149.453 21.1023 0.0805533
149.427 21.2281 0.0825836
149.572 21.1539 0.081742
149.465 21.0766 0.0893366
149.511 21.1308 0.0841439
149.49 21.185 0.0831082
149.502 21.0311 0.0845441
149.459 21.0656 0.0854761
149.533 21.1506 0.0843419
149.499 21.2057 0.0838915
149.463 21.1206 0.079851
149.435 21.1489 0.0856119
149.438 21.0982 0.085916
149.401 21.1579 0.0845691
149.516 21.0954 0.0866064
149.457 21.1446 0.0829368
149.458 21.2283 0.0851334
149.521 21.0679 0.0842546
149.51 21.0932 0.0839694
149.532 21.216 0.0851076
149.444 21.1106 0.0822316
149.547 21.2582 0.0837081
149.468 21.0806 0.0836871
149.494 21.2004 0.0835081
149.855 23.0077 0.0864948
149.43 21.0876 0.0821816
149.459 21.168 0.0850862
149.499 21.0921 0.0843804
149.578 21.1717 0.0832297
149.54 21.1143 0.0856425
149.457 21.0048 0.0815159
149.449 21.0816 0.0832383
149.465 21.1527 0.0838898
149.57 21.0847 0.0833
149.467 21.1496 0.0830657
149.48 21.1346 0.082826
149.516 21.1444 0.0832551
149.525 21.0968 0.0843511
149.433 21.0462 0.0836882
149.573 21.1181 0.0832532
149.37 21.0741 0.0858995
149.526 21.138 0.0841351
149.539 21.1402 0.0848637
149.492 21.052 0.0813526
149.428 21.1691 0.0822544
149.596 21.1196 0.0794056
149.501 20.9746 0.0844528
149.486 21.1905 0.0826934
149.569 21.0518 0.0825364
149.467 20.9563 0.0837336
149.449 21.1325 0.0837246
149.437 21.1126 0.0833395
149.445 21.0711 0.0812034
149.637 21.1019 0.0845799
149.533 21.123 0.0821734
149.508 21.1511 0.0844864
149.458 21.1248 0.083606
149.511 21.1553 0.0828546
149.495 21.1075 0.0867494
149.496 21.1915 0.0857821
149.505 21.1805 0.0864004
149.517 21.2683 0.0833345
149.554 21.1099 0.0838952
149.573 21.0757 0.0860866
149.413 21.0965 0.0857086
149.508 21.0592 0.0837517
149.537 21.1207 0.0808411
149.458 21.1359 0.0838029
149.391 21.1874 0.0855459
149.422 20.9691 0.0858514
149.46 21.0732 0.0833895
149.424 21.0851 0.0847913
149.438 20.9869 0.0854716
149.513 21.1154 0.0879806
149.427 21.0738 0.0814104
149.456 21.1543 0.0824819
149.422 21.0307 0.0878093
149.462 21.1142 0.0849398
149.575 21.1306 0.0820214
149.536 21.0935 0.0859946
149.495 21.1872 0.0814317
149.52 21.1844 0.0826462
149.503 21.1506 0.0849033
149.535 21.1372 0.0850946
149.58 21.1638 0.0848185
149.452 21.2396 0.0848399
149.536 21.1212 0.0836954
149.564 21.0818 0.0831306
149.449 21.0314 0.0847118
149.445 21.1858 0.0848245
149.524 21.1231 0.0845035
149.486 21.0672 0.0820885
149.575 21.1347 0.0858869
149.485 21.1312 0.083505
149.524 21.0655 0.0837753
149.472 21.2415 0.0843881
149.585 21.1205 0.0839734
149.524 21.1161 0.0859374
149.391 21.0777 0.0825348
149.422 21.0808 0.0813267
149.54 21.0966 0.084252
149.542 21.166 0.0829176
149.492 21.1138 0.084205
149.55 21.1708 0.0849268
149.553 21.1688 0.0805874
149.487 21.2205 0.0844234
149.409 21.0597 0.0850936
149.406 21.1279 0.0859843
149.448 21.0795 0.0840731
149.518 21.1046 0.0862967
149.512 21.0381 0.0885122
149.52 21.2073 0.0853942
149.584 21.1036 0.084977
149.441 21.0804 0.0823197
149.46 21.1016 0.0831496
149.558 21.1158 0.0906611
149.554 21.112 0.0829318
149.473 21.019 0.0827304
149.502 21.1412 0.0878105
149.465 20.9706 0.0853888
149.503 21.1241 0.0851848
149.504 21.1189 0.0834106
149.531 21.1114 0.0835538
149.461 21.1355 0.0850354
149.456 21.166 0.083755
149.442 21.0669 0.0831829
149.457 21.0838 0.0900686
149.459 21.1229 0.0847523
149.56 21.0679 0.0835351
149.559 21.0255 0.0826741
149.49 21.0307 0.0827272
149.538 21.0822 0.0842878
149.509 21.0676 0.085068
149.438 21.0967 0.0846271
149.466 21.0803 0.0843958
149.569 21.0243 0.0828819
149.403 21.1564 0.0876841
149.466 21.1664 0.0856835
149.448 21.1445 0.0864393
149.482 21.184 0.0855586
149.485 21.1269 0.0840021
149.482 21.1608 0.0828447
149.465 21.1219 0.0872742
149.482 21.0716 0.0829032
149.456 21.2065 0.0848615
149.525 21.1027 0.0840849
149.466 21.1047 0.0867552
149.451 21.1142 0.0881968
149.47 21.1648 0.0835361
149.437 21.1171 0.0845597
149.551 20.9952 0.0857538
149.408 21.0153 0.0862045
149.605 21.2118 0.0814849
149.451 21.098 0.0853269
149.453 21.0828 0.0839173
149.413 21.1371 0.0841688
149.491 21.0994 0.0849035
149.412 21.1288 0.0849374
149.5 21.1216 0.0841111
149.437 21.1056 0.0879693
149.422 21.0548 0.0860493
149.473 21.1293 0.0827414
149.527 21.1035 0.0817175
149.482 21.0607 0.0826407
149.53 21.0344 0.0843133
149.49 21.1868 0.083141
149.51 21.0999 0.085614
149.564 21.0849 0.08313
149.535 21.1505 0.0841115
149.525 21.051 0.0811204
149.558 21.0833 0.0824962
149.552 21.1815 0.0822599
149.427 21.0923 0.0858186
149.493 21.1269 0.0846479
149.433 21.0917 0.0863753
149.443 21.1441 0.0839536
149.534 21.1745 0.0835372
149.474 21.123 0.0828624
149.439 21.1256 0.0813249
149.54 21.2072 0.0814467
149.501 21.1006 0.085776
149.421 21.1242 0.0832957
149.421 21.143 0.0833562
149.55 21.0604 0.0807736
149.594 21.0937 0.0880749
149.381 21.0367 0.0837701
149.463 20.9257 0.0843306
149.434 21.1151 0.0852415
149.437 21.1606 0.0843499
149.504 21.1876 0.0843578
149.526 21.152 0.0867374
149.479 21.1762 0.0844215
149.477 21.1924 0.0857995
149.488 21.1855 0.0855058
149.414 21.004 0.082007
149.526 21.0861 0.08478
149.565 21.0967 0.0851194
149.509 21.0632 0.0862504
149.435 21.041 0.0835821
149.47 21.1515 0.0847759
149.492 21.0269 0.0867994
149.467 21.0836 0.0850846
149.456 20.9471 0.0825513
149.551 21.1492 0.085559
149.465 21.0859 0.0832489
149.433 21.1124 0.0863842
149.485 21.1781 0.0848559
149.464 21.0948 0.0842529
149.498 21.0297 0.0850299
149.511 21.0896 0.0823828
149.582 21.2684 0.0845247
149.384 21.0624 0.0858611
149.476 21.1316 0.084681
149.578 21.1428 0.0858781
149.567 21.136 0.0848446
149.566 21.1568 0.0840136
149.539 20.9354 0.0850852
149.48 21.1279 0.0842463
149.524 21.1577 0.0826894
149.504 21.0031 0.0841445
149.47 21.1213 0.0825612
149.55 21.1381 0.0822612
149.483 21.1798 0.085019
149.501 21.0052 0.0855256
149.545 21.1261 0.0841775
149.462 21.1061 0.081892
149.454 21.1715 0.0842269
149.53 21.0828 0.0855887
149.464 21.0519 0.0841899
149.478 21.0569 0.0835418
149.492 21.1016 0.0819023
149.5 21.1155 0.0848972
149.489 21.0772 0.0843869
149.57 21.1052 0.0827214
149.504 21.1361 0.082641
149.522 21.1533 0.0817852
149.519 21.1297 0.0838232
149.466 21.0324 0.0880189
149.568 21.1787 0.0835296
149.469 21.1205 0.0828072
149.503 21.0234 0.0887304
149.49 21.1284 0.0856293
149.478 21.2462 0.0831807
149.44 21.0887 0.08139
149.508 21.1634 0.0864541
149.492 21.0648 0.0842638
149.425 21.0264 0.0864519
149.462 21.1238 0.0843227
149.462 21.0634 0.0866248
149.482 21.0859 0.0847391
149.528 21.091 0.0850291
149.513 21.1487 0.0825979
149.472 21.0867 0.080521
149.475 21.1073 0.0838954
149.408 21.1038 0.0826691
149.581 21.1429 0.0878
149.568 21.1026 0.0830529
149.576 21.0744 0.0864419
149.472 21.0072 0.084642
149.559 21.1823 0.08666
149.452 21.0246 0.0853168
149.479 21.137 0.0850369
149.489 21.1934 0.0860363
149.559 21.1675 0.0845837
149.456 21.1772 0.0832089
149.452 21.1543 0.0828756
149.433 21.0715 0.0904236
149.486 21.0652 0.0856813
149.431 21.0571 0.0837426
149.474 21.1646 0.0826229
149.51 21.089 0.0806911
149.574 21.0685 0.0839291
149.484 21.1063 0.0842751
149.558 21.1412 0.0838922
149.504 21.1169 0.0841096
149.431 21.0871 0.0845827
149.567 21.1327 0.0844215
149.454 21.1061 0.0845376
149.395 21.0894 0.0868161
149.45 21.1506 0.0852534
149.509 21.1948 0.0837953
149.523 21.0825 0.0815164
149.526 21.1425 0.0847548
149.515 21.1654 0.0837223
149.507 21.0344 0.0853952
149.338 21.1656 0.0844375
149.604 21.122 0.0813964
149.452 21.0127 0.0854838
149.493 21.0794 0.0859211
149.518 21.0797 0.0879536
149.533 21.0332 0.0860903
149.523 21.0556 0.0848075
149.431 21.047 0.0849444
149.368 21.0217 0.0851387
149.544 21.144 0.0843158
149.497 21.1156 0.0852345
149.469 21.0581 0.0837632
149.52 21.0964 0.0847078
149.446 21.0981 0.0844797
149.424 21.0828 0.083019
149.523 21.1279 0.0847016
149.371 21.0617 0.0854757
149.488 21.1365 0.0812143
149.471 21.1725 0.0834206
149.652 21.1552 0.0850571
149.461 21.1201 0.0832056
149.492 21.0699 0.083739
149.554 21.1978 0.0851422
149.511 21.1277 0.0838842
149.42 21.0474 0.0838231
149.472 21.0539 0.0837809
149.494 21.1043 0.0836837
149.417 20.9797 0.0826608
149.549 21.0729 0.0828648
149.476 20.9488 0.0859226
149.521 21.0651 0.0838792
149.451 21.0481 0.0869425
149.481 21.1861 0.0824243
149.534 21.1567 0.0845462
149.452 21.0439 0.0841373
149.556 21.1881 0.0853321
149.421 21.1389 0.0836899
149.457 21.0782 0.0834956
149.524 21.0918 0.0848828
149.445 21.064 0.0826845
149.512 21.2048 0.0844557
149.619 21.1198 0.0859912
149.541 21.1077 0.0851565
149.543 21.242 0.0879272
149.517 21.2216 0.0840332
149.474 21.0114 0.0832845
149.46 21.1825 0.0812986
149.471 21.2476 0.0815788
149.546 21.057 0.0863368
149.469 21.0976 0.0842682
149.464 21.1389 0.0855629
149.449 21.0994 0.0867145
149.451 21.0188 0.0839457
149.385 21.0983 0.0838619
149.467 21.1314 0.0851505
149.457 20.9733 0.0843934
149.428 21.0591 0.0852963
149.554 21.0981 0.0833228
149.562 21.0859 0.0885215
149.428 21.1261 0.0894755
149.531 21.0798 0.0891477
149.469 20.9729 0.0854024
149.605 21.0443 0.079498
149.59 21.0114 0.0837083
149.49 21.1719 0.0848444
149.499 21.1072 0.086556
149.605 21.0604 0.0834248
149.518 21.13 0.0851195
149.483 21.0802 0.0821887
149.41 21.0972 0.0864605
149.551 21.0684 0.0845039
149.509 21.0399 0.0847643
149.453 21.1408 0.0822979
149.444 20.975 0.0873495
149.6 21.0034 0.0831118
149.427 21.1518 0.0851991
149.472 21.1111 0.0827794
149.461 21.0265 0.0835826
149.519 21.0975 0.0826623
149.492 21.1464 0.0858509
149.441 21.0487 0.0865031
149.6 21.2355 0.0829756
149.485 21.0448 0.0815453
149.464 21.0921 0.0834424
149.474 21.0075 0.087752
149.451 21.0553 0.0854882
149.509 21.0412 0.0862151
149.445 21.2161 0.0851222
149.555 21.0239 0.0816841
149.458 21.0306 0.0850684
149.482 21.037 0.0879526
149.447 21.1543 0.0817832
149.513 21.0281 0.0868739
149.465 21.0777 0.0864405
149.469 21.1768 0.083467
149.45 21.0731 0.0847316
149.563 21.1961 0.0829469
149.462 21.0806 0.0826647
149.548 21.0485 0.0856583
149.499 21.0957 0.0860426
149.561 21.1762 0.0818697
149.551 21.0935 0.0873982
149.465 21.1819 0.0851042
149.487 20.9792 0.0865846
149.528 20.9826 0.0830658
149.498 21.0441 0.0842898
149.508 21.1021 0.0824466
149.494 21.1363 0.0843118
149.529 21.0705 0.0818456
149.484 21.1156 0.0819186
149.547 21.1289 0.0833613
149.542 21.1796 0.0825991
149.551 21.0758 0.0813363
149.471 21.1342 0.0856878
149.55 21.0637 0.0826046
149.457 21.0463 0.0831215
149.506 21.0973 0.0835949
149.43 21.0508 0.0852747
149.524 21.0671 0.0879941
149.581 21.0082 0.0832221
149.65 21.173 0.0830715
149.503 21.0277 0.0827449
149.53 21.1602 0.0836924
149.506 21.1088 0.083851
149.389 21.047 0.0869567
149.46 21.1793 0.0850274
149.487 21.1725 0.0865867
149.42 21.1944 0.0850488
149.531 21.1658 0.0847341
149.516 21.1213 0.0842289
149.512 21.1224 0.0815326
149.43 21.0905 0.0837907
149.527 21.0847 0.0849123
149.531 21.0958 0.0887223
149.45 21.0533 0.0887069
149.445 21.1081 0.08393
149.523 21.0919 0.0862001
149.541 21.0986 0.0852817
149.543 21.1177 0.087246
149.476 21.0764 0.0853034
149.531 21.0796 0.0839026
149.583 21.2654 0.0816357
149.457 21.0918 0.0839316
149.504 21.0411 0.0859731
149.482 20.9966 0.0857911
149.504 21.0939 0.086214
149.564 20.9904 0.0861581
149.506 21.0424 0.0838833
149.511 21.0492 0.0842296
149.538 21.0366 0.0835775
149.578 21.0852 0.08005
149.49 21.1265 0.0865398
149.477 21.1027 0.0869551
149.496 21.1304 0.0808762
149.415 21.0179 0.0850382
149.397 21.0955 0.0833512
149.54 21.1645 0.0840978
149.536 21.0965 0.0841536
149.6 21.0067 0.0820664
149.526 21.0562 0.0828771
149.491 21.1154 0.0834983
149.461 21.0786 0.0830588
149.469 20.9864 0.0822325
149.548 21.1849 0.0876756
149.597 21.0611 0.0824952
149.534 21.0859 0.0841578
149.458 21.0203 0.0825067
149.47 21.1558 0.0883717
149.547 21.1844 0.087579
149.484 21.133 0.0858161
149.532 21.1153 0.083779
149.444 20.9526 0.0845668
149.445 21.1407 0.084417
149.562 21.0821 0.0831155
149.449 21.0161 0.0830913
149.418 21.0604 0.0841236
149.453 21.0726 0.0854142
149.475 21.0675 0.0842139
149.58 21.1462 0.0845523
149.475 21.1635 0.0812952
149.398 21.2524 0.0868164
149.387 21.1976 0.0882398
149.454 21.1464 0.0815628
149.549 21.0402 0.0820627
149.452 21.1576 0.0852977
149.506 20.9861 0.0832189
149.552 21.0936 0.0859306
149.526 21.1806 0.0852975
149.446 21.1001 0.0861756
149.458 21.0572 0.0869519
149.407 21.088 0.0855401
149.418 21.0653 0.0865222
149.508 21.0985 0.0878602
149.544 21.0685 0.0841004
149.408 21.1003 0.0870285
149.511 21.1898 0.0840989
149.467 21.1432 0.0822036
149.472 21.2154 0.0847125
149.499 21.1338 0.083409
149.465 21.1603 0.0833312
149.54 21.1985 0.0833645
149.496 21.1474 0.0810486
149.481 21.1776 0.0829866
149.461 21.0966 0.0846379
149.514 21.1607 0.0856204
149.543 21.1937 0.0876888
149.522 21.2098 0.0849164
149.54 20.9679 0.0835712
149.494 21.0759 0.0796298
149.46 21.0991 0.0841633
149.491 21.0901 0.0857183
149.433 21.0918 0.0840981
149.534 21.144 0.0839751
149.568 21.052 0.0842861
149.47 21.0546 0.0825931
149.403 21.1358 0.0840291
149.56 21.1463 0.0891343
149.507 21.0851 0.0845227
149.434 21.1492 0.0841225
149.456 21.1008 0.0844131
149.487 21.0333 0.0826161
149.5 21.1082 0.0830489
149.536 21.096 0.0832349
149.426 21.1824 0.0828388
149.574 21.1509 0.0839248
149.525 21.095 0.0842889
149.469 21.0722 0.0847954
149.451 21.155 0.0812503
149.518 21.0525 0.0866383
149.534 21.1515 0.0830119
149.458 21.1909 0.0837212
149.497 21.0314 0.0827656
149.467 21.1379 0.0891965
149.454 21.026 0.0882852
149.494 21.0763 0.0849139
149.444 21.0631 0.0879086
149.532 21.063 0.0844421
149.565 21.0696 0.081855
149.586 21.0854 0.0816287
147.333 25.6457 0.107302
149.54 21.157 0.0837776
149.561 21.0913 0.0847945
149.555 21.097 0.0863625
149.46 21.0118 0.0857664
149.44 21.1027 0.0839286
149.427 21.2052 0.0833446
149.562 20.9877 0.082196
149.519 21.041 0.07938
149.431 21.0047 0.0854201
149.51 21.0323 0.084191
149.536 21.181 0.086788
149.466 21.0059 0.0815133
149.52 21.2053 0.0850789
149.532 21.206 0.0851584
149.544 21.2229 0.0859937
149.529 21.2441 0.0839946
149.436 21.1022 0.0843823
149.393 21.0713 0.0811586
149.645 21.1322 0.0845861
149.546 21.0776 0.0811737
149.503 21.0513 0.087589
149.516 21.1321 0.0857842
149.52 20.9764 0.0842165
149.488 21.0396 0.0844345
149.521 21.0957 0.0845094
149.496 21.1464 0.0868178
149.557 21.0552 0.0856739
149.567 21.1388 0.0856659
149.459 21.1832 0.0886804
149.546 21.1222 0.0827956
149.398 21.1883 0.0806013
149.415 21.2189 0.0845044
149.473 21.1677 0.0845663
149.381 21.1127 0.0863309
149.535 21.1938 0.0844518
149.579 21.0758 0.0821061
149.549 20.9957 0.0830284
149.492 21.2538 0.0839508
149.482 21.1733 0.085793
149.49 21.1223 0.0847372
149.466 21.1367 0.0805427
149.545 21.1703 0.0820594
149.401 21.1414 0.0830673
149.54 21.1378 0.0813555
149.478 21.126 0.082703
149.492 21.0734 0.0843889
149.593 21.1197 0.081453
149.567 21.0562 0.085005
149.598 21.1986 0.0843935
149.405 21.1454 0.0832521
149.471 21.1681 0.0852871
149.473 21.1716 0.0858778
149.588 21.1796 0.0849267
149.483 21.0569 0.0854531
149.511 21.0082 0.0838643
149.491 21.0669 0.0847956
149.454 21.0818 0.0856866
149.548 21.0344 0.0851974
149.501 21.041 0.0814264
149.453 21.2807 0.0812862
149.412 21.1601 0.0842158
149.406 21.1746 0.0870445
149.595 21.149 0.0833044
149.59 21.1196 0.0823936
149.571 21.1258 0.0826891
149.498 21.1213 0.0832739
149.488 21.0193 0.0887936
149.507 21.1064 0.0835025
149.495 21.0589 0.0866427
149.45 21.0964 0.0828832
149.382 21.1731 0.0837854
149.506 21.1023 0.0866822
149.555 21.1932 0.0853196
149.514 21.0028 0.0834375
149.593 21.1128 0.0842248
149.54 21.0726 0.0835915
149.437 21.1134 0.0854717
149.439 21.1171 0.0848236
149.457 21.0862 0.0852313
149.487 21.058 0.0829626
149.531 21.1128 0.0838293
149.433 21.1846 0.0869896
149.501 21.1089 0.0855423
149.453 21.2109 0.0840391
149.521 21.0898 0.0858293
149.454 21.1815 0.0841611
149.464 21.0721 0.0866385
149.487 21.0842 0.0849193
149.498 21.0957 0.0813333
149.595 21.1303 0.0823262
149.539 21.1155 0.0809372
149.462 21.1362 0.0860214
149.491 21.0993 0.0833927
149.523 20.9918 0.0826372
149.531 21.0162 0.0849125
149.441 21.061 0.0847649
149.496 21.048 0.0800191
149.46 21.2322 0.0836162
149.494 21.1628 0.0836448
149.528 21.0316 0.0828224
149.494 21.1653 0.0825138
149.538 21.1548 0.08353
149.478 21.1742 0.0861033
149.525 21.1811 0.0816172
149.45 21.0048 0.0871224
149.497 21.076 0.0815358
149.563 21.0945 0.0866489
149.549 21.0663 0.0854988
149.511 21.1443 0.0834764
149.42 21.0903 0.0886188
149.429 21.186 0.083849
149.582 21.0444 0.0862963
149.419 21.1581 0.084184
149.514 21.0755 0.0849046
149.451 21.1401 0.0861596
149.469 21.0822 0.0839963
149.577 21.1461 0.082954
149.637 21.1187 0.0818947
149.435 21.1189 0.0841778
149.539 21.147 0.0845217
149.563 21.0449 0.0866026
149.469 21.1172 0.0824091
149.496 21.2835 0.083886
149.427 21.093 0.0828432
149.412 21.0709 0.0844217
149.493 21.0304 0.0829032
149.516 21.1596 0.0867722
149.542 21.1557 0.0815849
149.481 21.0216 0.0826719
149.498 21.0423 0.0836467
149.478 21.218 0.0850771
149.526 21.1729 0.0858439
149.546 21.102 0.085913
149.507 21.1508 0.0856037
149.538 21.0676 0.0802511
149.472 21.0847 0.0832451
149.516 21.1247 0.0836927
149.411 21.1407 0.0830212
149.42 21.159 0.0855926
149.507 21.1694 0.0837241
149.438 21.0877 0.0853544
149.412 21.014 0.0831719
149.564 21.1602 0.0816281
149.536 21.1606 0.0807507
149.51 21.0363 0.0838928
149.603 21.0915 0.0853065
149.612 21.1424 0.0837307
149.422 21.1779 0.0841771
149.494 21.1873 0.0849914
149.57 20.9103 0.0858211
149.468 21.1374 0.0840739
149.497 21.0913 0.0835334
149.489 21.0826 0.0863489
149.553 21.0674 0.0900854
149.551 21.1127 0.0830151
149.548 21.0927 0.0840122
149.517 21.2408 0.087468
149.514 21.0503 0.0847837
149.451 21.0677 0.0842989
149.522 21.068 0.0829035
149.487 21.164 0.0870858
149.497 21.1334 0.0870707
149.542 21.0115 0.0854323
149.51 21.1118 0.0867507
149.432 21.0378 0.0839085
149.432 21.039 0.0809609
149.374 21.0373 0.0819588
149.457 21.0927 0.0817324
149.488 21.1092 0.0815597
149.534 21.153 0.0815318
149.443 21.2351 0.0849716
149.496 20.977 0.0846478
149.559 21.1675 0.08552
149.423 21.1285 0.0862788
149.517 21.0721 0.0842065
149.401 21.1976 0.0836448
149.369 21.2355 0.0847971
149.54 21.0872 0.084427
149.486 21.0759 0.0870839
149.528 21.1139 0.0855653
149.641 21.2025 0.0840993
149.446 20.9428 0.0855693
149.456 21.0267 0.0802572
149.43 21.15 0.0843599
149.442 21.0746 0.0851409
149.553 21.0802 0.0836353
149.449 21.2249 0.0818481
149.41 21.077 0.0830314
149.571 21.0695 0.0859528
149.541 21.066 0.0820893
149.561 21.1039 0.0798543
149.54 21.188 0.0851848
149.382 21.0258 0.0800903
149.56 21.1232 0.0850537
149.508 21.2345 0.0838814
149.496 21.2709 0.0846441
149.414 21.1806 0.0856412
149.547 21.1922 0.0875867
149.563 21.0972 0.084677
149.481 21.1251 0.0877033
149.478 21.0374 0.082325
149.475 21.1077 0.0832066
149.52 21.1243 0.0811635
149.553 21.1004 0.0817475
149.586 21.1425 0.0807787
149.436 21.2274 0.0828835
149.392 21.0933 0.0907277
149.512 21.1683 0.0805968
149.47 21.1861 0.0846873
149.541 21.1771 0.0835904
149.559 21.1579 0.0811177
149.557 21.109 0.0825722
149.535 21.1251 0.0830606
149.462 21.094 0.0831154
149.412 21.2022 0.0827212
149.412 21.2331 0.0822416
149.537 21.1902 0.0822535
149.394 21.1186 0.0827055
149.462 21.038 0.0852572
149.569 21.1808 0.0882252
149.529 21.0673 0.0846533
149.472 21.0643 0.0869008
149.511 21.0585 0.0830387
149.551 21.1997 0.0823711
149.471 21.1078 0.0862301
149.537 21.1026 0.0846215
149.522 21.1105 0.0819788
149.595 21.1573 0.0858072
149.361 21.0468 0.0854896
149.418 21.054 0.085653
149.423 21.0487 0.0879021
149.437 21.2354 0.0840672
149.522 21.0475 0.0854897
149.536 20.989 0.0858146
149.479 21.0346 0.083791
149.515 21.0845 0.0859684
149.515 21.1886 0.0868702
149.529 21.1321 0.0848768
149.526 21.036 0.0878051
149.491 21.1707 0.0854508
149.512 21.1415 0.084803
149.597 21.0877 0.0855805
149.523 21.1294 0.0838283
149.435 21.0297 0.083916
149.478 21.1117 0.0840818
149.449 21.1763 0.0829056
149.436 21.1716 0.0818361
149.524 21.0851 0.0844473
149.4 21.2047 0.0839978
149.354 21.18 0.0841481
149.532 21.2002 0.0824502
149.534 21.12 0.0879961
149.451 21.1115 0.0849649
149.515 21.2288 0.0825772
149.468 21.1329 0.087104
149.417 21.1213 0.0859559
149.56 21.0886 0.0824456
149.489 21.0857 0.0852002
149.431 21.1482 0.0814837
149.488 21.0687 0.0861529
149.404 21.2228 0.0826367
149.544 21.1597 0.0822233
149.554 21.1267 0.0884551
149.526 21.0776 0.0851019
149.543 21.0879 0.0838292
149.506 21.0509 0.0804936
149.536 21.0962 0.0826899
149.498 21.2029 0.0830554
149.43 21.1214 0.0841587
149.477 21.1325 0.0844301
149.507 21.1352 0.0885255
149.548 21.1671 0.0845585
149.559 21.2016 0.0826837
149.609 21.1149 0.085887
149.554 21.0907 0.0860362
149.48 20.9746 0.0835597
149.458 21.0356 0.0818249
149.517 21.0466 0.0839204
149.521 21.1864 0.0816406
149.419 21.2451 0.0843251
149.426 21.1825 0.0837566
149.53 21.0183 0.0844388
149.53 21.0951 0.0836757
149.539 21.0482 0.0828449
149.521 21.068 0.0842283
149.512 21.1181 0.0839317
149.427 21.2012 0.0838948
149.559 20.9846 0.0852795
149.511 21.0808 0.0847362
149.601 21.2051 0.0822388
149.498 21.0562 0.0860705
149.47 21.0487 0.0838984
149.48 21.1935 0.0840204
149.559 21.0672 0.0834004
149.477 21.0819 0.0858274
149.433 21.0734 0.0856802
149.56 21.0931 0.0844576
149.571 21.0297 0.0847778
149.495 21.191 0.0844902
149.48 21.1196 0.0853072
149.632 21.076 0.0848785
149.621 21.1417 0.0830857
149.546 21.1332 0.0846055
149.497 21.0584 0.0845586
149.619 21.0811 0.084575
149.444 21.1783 0.0857906
149.457 21.1932 0.0849418
149.497 21.0442 0.0874153
149.504 21.1791 0.0857205
149.519 21.1234 0.0827339
149.559 21.1786 0.0799875
149.523 21.1051 0.0875248
149.544 21.1669 0.083228
149.587 21.1224 0.0832952
149.514 21.1042 0.0821189
149.482 21.0821 0.0839349
149.562 21.1147 0.0813736
149.458 21.1938 0.0839066
149.465 21.1877 0.085262
149.477 21.1355 0.083626
149.517 21.2385 0.0814313
149.541 21.1085 0.0826845
149.575 21.145 0.0858912
149.468 21.1516 0.0861297
149.543 21.1942 0.0844463
149.562 21.0865 0.0878031
149.592 21.1249 0.0844408
149.544 21.1206 0.0855747
149.521 21.1287 0.080485
149.51 21.0971 0.0825614
149.538 20.998 0.0854117
149.492 21.122 0.0831708
149.536 21.0496 0.084802
149.511 21.0687 0.0852577
149.451 21.1198 0.0853061
149.542 21.0932 0.0826819
149.533 21.1943 0.0858487
149.481 21.1258 0.0848198
149.426 21.0653 0.0829607
149.453 21.0722 0.0814646
149.455 21.0903 0.0839294
149.491 21.1858 0.0886288
149.505 21.1372 0.0851803
149.539 21.1973 0.0841095
149.493 21.115 0.0859797
149.487 21.0767 0.0867228
149.54 21.1751 0.0885141
149.451 21.1288 0.0833844
149.492 21.0999 0.0843367
149.498 21.1359 0.0877921
149.456 21.1495 0.0859854
149.498 21.0664 0.0907035
149.561 21.0233 0.0861564
149.525 21.0534 0.0818205
149.42 21.1679 0.0812589
149.461 21.2469 0.0848515
149.454 21.1831 0.0845013
149.478 21.1845 0.08167
149.552 21.1887 0.0832498
149.574 21.2165 0.0856367
149.591 21.1619 0.0825479
149.571 21.2403 0.0872866
149.445 21.2353 0.0835675
149.445 21.2433 0.0830393
149.448 21.1432 0.0832828
149.491 21.1093 0.0827869
149.479 21.0982 0.085123
149.574 21.0568 0.0840065
149.485 21.1136 0.0797733
149.452 21.187 0.0811494
149.42 21.1118 0.0886621
149.506 21.0336 0.0854612
149.55 21.1573 0.0814177
149.486 21.1273 0.0835206
149.456 21.1958 0.0832797
149.427 21.204 0.0841875
149.413 21.1655 0.085236
149.463 21.1626 0.0853587
149.507 21.1709 0.0870325
149.528 21.2513 0.0812966
149.411 21.0848 0.0834989
149.471 21.0936 0.0860751
149.506 21.067 0.085961
149.476 21.0703 0.0814605
149.48 21.0447 0.085859
149.582 21.156 0.0833929
149.43 21.0653 0.0841551
149.481 21.2022 0.0854873
149.472 21.1418 0.086245
149.55 21.2144 0.0813325
149.503 21.0319 0.0848477
149.429 21.0388 0.0855217
149.4 21.1894 0.0855638
149.412 21.2728 0.0840724
149.559 21.1055 0.0846583
149.469 21.2464 0.0817531
149.498 21.1011 0.0851689
149.548 21.139 0.0829768
149.514 21.259 0.0842346
149.467 21.1119 0.0855796
149.562 21.1536 0.0826309
149.492 21.0702 0.0860465
149.471 21.1142 0.0846402
149.499 21.134 0.0847919
149.496 21.1324 0.0838279
149.545 21.1159 0.0824382
149.515 21.1728 0.0831376
149.474 21.0113 0.0815671
149.553 21.0033 0.0828952
149.473 21.1601 0.0850777
149.533 21.0094 0.0823926
149.548 21.0627 0.08221
149.512 21.1846 0.0826014
149.469 21.1224 0.085413
149.516 21.1083 0.0842198
149.492 21.1397 0.0822831
149.493 21.0323 0.0843335
149.523 21.1188 0.0819658
149.54 21.1533 0.0806474
149.495 21.0879 0.0869891
149.518 21.037 0.0826436
149.499 21.193 0.0842945
149.576 21.1698 0.0820646
149.594 21.1026 0.0842034
149.561 21.1761 0.0829033
149.538 21.0836 0.0831886
149.54 21.1152 0.0833866
149.467 21.0959 0.0840454
149.505 21.0968 0.0844467
149.598 21.1361 0.0797441
149.398 21.1919 0.0830982
149.386 21.1943 0.0832114
149.419 21.2293 0.0859003
149.455 21.1599 0.0830016
149.519 21.0734 0.0846551
149.462 21.052 0.0845952
149.487 21.0339 0.0832249
149.448 21.052 0.0830221
149.584 21.1229 0.0823863
149.426 21.0587 0.087996
149.474 21.0775 0.0857785
149.586 21.1642 0.0818598
149.557 21.1725 0.0839365
149.529 21.0255 0.0860639
149.477 21.1753 0.0828622
149.456 21.1405 0.0834115
149.506 21.0588 0.0840763
149.512 20.9843 0.0813896
149.384 21.1529 0.0826144
149.441 21.1241 0.0851487
149.507 21.0531 0.0822797
149.485 21.1586 0.0844302
149.543 21.0349 0.0885309
149.516 21.0948 0.0841359
149.547 21.0956 0.0835481
149.541 21.0647 0.0752602
149.572 21.1541 0.0872098
149.573 21.0798 0.0821139
149.513 21.1825 0.0863082
149.529 21.053 0.0862338
149.548 21.1305 0.0860454
149.538 21.049 0.0831988
149.482 21.1806 0.0856075
149.538 21.1363 0.0829412
149.55 21.0774 0.0838546
149.513 21.1341 0.0848351
149.497 21.0994 0.0836486
149.535 21.0219 0.0874102
149.532 21.1344 0.0834023
149.539 21.091 0.0867697
149.551 21.1039 0.08632
149.403 21.2409 0.0851526
149.556 21.091 0.0886137
149.502 21.1652 0.082865
149.483 21.1331 0.0852145
149.476 21.1254 0.0868999
149.533 21.1921 0.0845537
149.537 21.1596 0.0856001
149.555 21.1142 0.0845957
149.462 21.1469 0.0847894
149.465 21.1747 0.0835512
149.562 21.0549 0.0824948
149.501 21.0644 0.0850002
149.502 21.1023 0.0827852
149.491 21.1107 0.0848433
149.481 21.2177 0.0847236
149.53 21.1269 0.0857836
149.471 21.0871 0.0843986
149.52 21.1321 0.0825303
149.605 21.0263 0.0851686
149.528 21.0955 0.0810028
149.415 21.1498 0.0819111
149.412 21.1186 0.0828243
149.482 21.0902 0.084933
149.558 21.1736 0.0871737
149.533 21.1905 0.0832072
149.461 21.0576 0.0860783
149.573 21.0708 0.0823056
149.436 21.0941 0.0807875
148.758 17.5076 0.0414891
149.491 21.1411 0.0832501
149.458 21.1274 0.0826133
149.434 21.1938 0.0882798
149.497 21.1564 0.0806197
149.474 21.0309 0.0876979
149.474 21.1983 0.0839392
149.534 21.1381 0.0845519
149.562 21.1246 0.0824889
149.433 21.112 0.0869396
149.521 21.1345 0.0864996
149.52 21.1127 0.0839107
149.465 21.2191 0.0839499
149.504 21.1392 0.0828266
149.455 21.116 0.0847698
149.444 21.1733 0.0829573
149.503 21.027 0.0877296
149.441 21.1525 0.0861076
149.492 21.1051 0.0859928
149.416 21.137 0.0858853
149.45 21.061 0.0828805
149.442 21.1111 0.0816726
149.524 21.1809 0.0816546
149.419 21.121 0.0834755
149.575 20.99 0.0844146
149.506 20.9616 0.0840727
149.495 21.0711 0.0810439
149.452 21.1932 0.0853803
149.486 21.0725 0.0886544
149.45 21.1299 0.086024
149.501 21.0382 0.0850551
149.487 21.0487 0.0837824
149.453 21.1245 0.0872238
149.463 21.111 0.0828319
149.485 21.1109 0.0821465
149.41 21.1861 0.0840253
149.492 21.0753 0.0847015
149.515 21.1599 0.0856459
149.511 20.9467 0.0893395
149.445 21.1253 0.0857461
149.448 21.0766 0.0848252
149.465 21.0179 0.083063
149.445 21.0347 0.0845055
149.497 21.0695 0.0863645
149.479 21.0159 0.0894028
149.635 21.1095 0.0827456
149.457 21.0328 0.0881934
149.455 20.9979 0.0871351
149.558 21.0695 0.0845443
149.542 21.1125 0.0834949
149.559 21.0771 0.0825191
149.602 21.1778 0.0811718
149.565 21.1457 0.0841626
149.43 21.1321 0.0841262
149.537 21.1187 0.0859373
149.48 21.1556 0.0887631
149.509 21.1529 0.0852405
149.57 21.0822 0.0862672
149.393 21.1224 0.0900673
149.458 21.1579 0.0834748
149.527 21.1551 0.0882226
149.587 21.2455 0.0837858
149.543 21.1858 0.0825364
149.427 21.1832 0.0876824
149.438 21.212 0.0877544
149.494 21.2253 0.0878482
149.51 21.1101 0.0842907
149.627 21.1868 0.0850052
149.567 20.9832 0.0815369
149.512 21.0493 0.0847962
149.449 21.074 0.0837639
149.47 21.103 0.0855763
149.509 21.1001 0.0824273
149.505 21.0167 0.0832129
149.498 21.0883 0.088986
149.448 21.1769 0.0852792
149.414 21.1861 0.0877336
149.459 21.1556 0.0826553
149.497 20.9826 0.0836391
149.546 21.0837 0.0885005
149.492 21.1429 0.0848284
149.504 21.1195 0.0841998
149.505 21.0421 0.0856288
149.488 21.1096 0.0839208
149.547 21.072 0.0835938
149.404 21.1611 0.08427
149.445 21.17 0.0849386
149.454 21.1278 0.0844476
149.55 21.0419 0.0819026
149.504 21.015 0.0811093
149.429 21.0597 0.0836327
149.494 21.1042 0.0842301
149.448 21.0729 0.0812705
149.441 21.1497 0.0848695
149.466 21.1929 0.0845006
149.587 21.1456 0.0851633
149.503 21.0777 0.0816201
149.406 21.0545 0.087959
149.405 21.1255 0.0847037
149.537 21.0154 0.0853285
149.509 20.9555 0.0868223
149.521 21.0513 0.0851402
149.421 21.1839 0.0837754
149.424 21.1786 0.0848212
149.578 21.1979 0.0866745
149.612 21.147 0.083023
149.606 21.1843 0.0824446
149.515 21.0637 0.0839902
149.496 21.1882 0.0856139
149.546 21.0257 0.0859568
149.553 21.0692 0.0851695
149.482 21.2428 0.084307
149.466 21.1606 0.0869032
149.579 21.0991 0.0835149
149.422 21.0877 0.0865785
149.495 21.073 0.0830396
149.5 20.9936 0.084129
149.566 21.1307 0.0832069
149.59 21.1381 0.0834844
149.524 21.2379 0.0826574
149.4 21.128 0.0862461
149.581 20.974 0.0841986
149.576 21.0754 0.0813558
149.536 21.1565 0.0827178
149.445 21.095 0.0864329
149.526 21.1217 0.0851269
149.507 21.0554 0.0825712
149.442 21.1046 0.0875199
149.442 21.1184 0.0862817
149.456 21.1449 0.0869505
149.509 21.1967 0.0839054
149.522 21.0802 0.0870371
149.548 21.2257 0.0854817
149.5 21.1463 0.0863646
149.557 21.024 0.0847546
149.42 21.1321 0.0865763
149.452 21.1475 0.0859914
149.456 21.077 0.0852067
149.495 21.0506 0.0855151
149.514 21.0973 0.0879531
149.501 21.1568 0.086571
149.466 21.187 0.0830061
149.528 21.0546 0.0872325
149.461 21.1094 0.0854219
149.455 21.1168 0.0858729
149.419 21.1137 0.0838445
149.402 21.0959 0.0825238
149.447 21.1308 0.0855776
149.479 21.1468 0.0834097
149.467 21.1457 0.0843502
149.457 20.9605 0.0854417
149.44 21.0731 0.0850869
149.482 21.1624 0.0859185
149.443 21.1909 0.0829983
149.492 21.1368 0.0823861
149.438 21.0847 0.0886854
149.467 21.0952 0.0846334
149.472 21.0396 0.0837148
149.494 21.1418 0.085798
149.486 21.1293 0.0849507
149.512 21.2283 0.0848985
149.47 21.0497 0.0853487
149.493 21.0487 0.0829379
149.597 21.1331 0.0863949
149.437 21.04 0.0837154
149.476 21.0159 0.0847725
149.524 21.024 0.08467
149.494 21.1474 0.0850662
149.544 21.1149 0.0825732
149.54 21.2171 0.0836805
149.565 21.0188 0.0850513
149.448 21.0763 0.0893806
149.438 21.0203 0.0870614
149.535 21.0613 0.0860702
149.537 21.1045 0.0842222
149.489 21.0688 0.0838774
149.54 21.2267 0.0828174
149.553 21.1831 0.0832724
149.418 21.1131 0.0821653
149.441 21.1095 0.0837494
149.516 21.0666 0.0849145
149.409 21.2082 0.087918
149.568 21.1347 0.0853663
149.498 21.2056 0.0854551
149.556 21.1818 0.0831385
149.54 21.0922 0.0830403
149.52 21.1546 0.0847874
149.514 21.2206 0.0881121
149.526 21.0284 0.0842577
149.543 20.9822 0.0847306
149.462 21.0512 0.0850861
149.428 20.9701 0.0845858
149.558 21.0569 0.0845119
149.489 21.1222 0.086742
149.428 21.0268 0.0863485
149.433 21.0732 0.0861149
149.428 21.1168 0.088048
149.431 21.1842 0.0867872
149.464 21.1292 0.0880359
149.559 21.1353 0.0858265
149.615 21.1625 0.0789733
149.497 21.1016 0.0855364
149.437 21.0872 0.0841508
149.428 21.1542 0.082727
149.448 21.1337 0.0820072
149.509 21.1679 0.0842961
149.539 21.1076 0.0830105
149.456 21.0263 0.0819919
149.516 21.1397 0.0818831
149.486 21.1063 0.0830529
149.484 21.197 0.082492
149.526 21.093 0.0864531
149.418 21.0551 0.0837992
149.442 21.0363 0.0868256
149.425 21.1556 0.0856917
149.443 21.0965 0.0855973
149.532 21.0848 0.083144
149.538 21.067 0.0822303
149.507 21.0237 0.0832213
149.471 20.9871 0.0839036
149.503 21.1714 0.083558
149.468 21.1183 0.0842058
149.599 21.1117 0.0859934
149.472 20.9842 0.0837653
149.453 21.0666 0.0886064
149.472 21.015 0.0852552
149.552 21.0865 0.0882226
149.5 21.0911 0.0837152
149.409 21.1347 0.0855384
149.493 21.1605 0.0829575
149.49 21.0751 0.0837576
149.572 21.0043 0.082748
149.467 21.1512 0.0865675
149.569 21.1991 0.0839146
149.552 21.1589 0.0878824
149.487 20.9417 0.0835169
149.473 21.0666 0.0881816
149.512 21.1636 0.0863393
149.53 21.0568 0.0835884
149.431 21.1498 0.0883856
149.47 21.1014 0.0868498
149.537 21.1803 0.0824181
149.611 21.1344 0.0833481
149.522 21.0951 0.0856207
149.472 21.158 0.0880795
149.587 21.1335 0.0813055
149.537 21.0129 0.0869847
149.555 21.1132 0.0814535
149.51 21.0268 0.0837164
149.436 21.0707 0.0851538
149.409 21.1729 0.085949
149.486 21.1437 0.0843828
149.492 21.0272 0.0844907
149.461 21.2469 0.0853428
149.426 21.0524 0.0887437
149.463 21.063 0.088755
149.487 21.0477 0.0887291
149.462 21.209 0.0827689
149.466 21.1972 0.0866116
149.495 21.1775 0.0820197
149.516 21.1186 0.0790742
149.52 21.0704 0.0853615
149.51 20.9742 0.0821358
149.552 21.0596 0.0790329
149.444 21.1209 0.0850003
149.427 21.127 0.085199
149.45 21.1201 0.0819887
149.44 21.2097 0.079741
149.479 21.1329 0.0847472
149.442 21.1389 0.0856313
149.385 21.148 0.0857238
149.401 21.1559 0.0860633
149.498 21.1006 0.0818581
149.445 21.0523 0.0856138
149.456 21.0894 0.086989
149.424 21.1118 0.086367
149.511 21.0391 0.0842587
149.514 21.0693 0.0858377
149.489 21.0687 0.0836235
149.431 21.1411 0.0861168
149.42 21.0909 0.0865111
149.526 21.1326 0.0872251
149.481 21.0962 0.0850533
149.46 21.0346 0.0829755
149.576 21.003 0.0804614
149.563 21.108 0.0843348
149.443 21.147 0.0841801
149.568 21.0261 0.083478
149.46 21.1499 0.0853593
149.389 20.9993 0.0896976
149.536 21.0215 0.0841751
149.511 21.1144 0.084452
149.551 21.1044 0.0831481
149.5 21.0987 0.0858995
149.495 21.1053 0.088226
149.446 21.0705 0.0899564
149.437 21.1006 0.0855007
149.511 21.1122 0.0842067
149.444 21.0915 0.0839704
149.479 21.1017 0.0870604
149.501 21.1934 0.0829834
149.496 21.1239 0.0839378
149.541 21.0744 0.0850011
149.451 21.1295 0.0813077
149.573 21.1933 0.0837027
149.492 21.2066 0.0845813
149.456 21.1708 0.0846482
149.51 21.0435 0.0828919
149.604 21.0734 0.0844272
149.44 21.1311 0.0913163
149.452 21.1406 0.0886618
149.53 21.1458 0.0830372
149.467 21.1666 0.0854721
149.561 21.0668 0.086644
149.59 21.1835 0.0832451
149.419 21.0625 0.0852184
149.447 21.0198 0.0818292
149.522 21.1346 0.0872436
149.554 21.0758 0.0866205
149.494 21.1046 0.082683
149.524 21.2074 0.0824961
149.519 21.0146 0.0844718
149.532 21.0902 0.0841955
149.495 21.126 0.0864438
149.488 21.0686 0.0850219
149.429 21.1252 0.0831553
149.414 21.1371 0.0833921
149.446 21.1045 0.0853934
149.562 21.132 0.08387
149.512 21.1107 0.0837485
149.46 21.0792 0.082173
149.515 21.1052 0.0845131
149.453 21.2211 0.0819166
149.482 21.0764 0.0869584
149.433 21.0775 0.0815834
149.415 21.028 0.0872744
149.43 21.13 0.0850459
149.428 21.1082 0.0861277
149.462 21.112 0.0852191
149.52 21.096 0.0836698
149.525 21.0019 0.0871822
149.466 21.0369 0.0830629
149.587 21.1532 0.082773
149.521 21.1187 0.0851061
149.522 21.1243 0.0833237
149.456 21.1247 0.0845751
149.453 21.1187 0.0809756
149.587 21.1112 0.0840278
149.519 21.0969 0.0867441
149.522 20.9905 0.084235
149.597 21.1968 0.0894995
149.551 21.0108 0.0826778
149.505 21.2031 0.0852741
149.548 21.122 0.0853371
149.544 21.116 0.0825451
149.489 21.1231 0.0827115
149.487 21.1018 0.0833574
149.493 21.1627 0.0846143
149.528 21.1325 0.0841871
149.609 21.0976 0.0805806
149.564 21.0937 0.0823556
149.45 21.1652 0.08605
149.52 21.1569 0.0858603
149.487 21.08 0.090006
149.577 21.1279 0.0856372
149.526 21.1438 0.083224
149.458 21.0173 0.0810191
149.5 21.1006 0.0859786
149.492 21.1419 0.0831718
149.513 21.2127 0.0825557
149.511 21.2283 0.0819009
149.439 21.0874 0.0852328
149.551 21.1783 0.0814261
149.487 21.2093 0.0879096
149.49 21.1041 0.0837587
149.513 21.1255 0.0835127
149.471 20.9879 0.0820231
149.409 21.0949 0.0859314
149.442 21.1079 0.0847822
149.525 21.1247 0.0857893
149.437 21.0536 0.0864797
149.413 21.036 0.0888492
149.477 21.0936 0.083242
149.446 21.1107 0.0822131
149.463 21.132 0.0853277
149.432 21.1559 0.0813885
149.448 21.0967 0.0827547
149.478 21.1293 0.0820418
149.55 21.036 0.0825962
149.458 21.1577 0.0868129
149.473 21.1276 0.0812563
149.437 21.115 0.08203
149.451 21.1932 0.0795779
149.431 21.0983 0.0854332
149.512 20.9494 0.0842483
149.504 21.0266 0.0830891
149.505 21.1595 0.0829554
149.47 21.0606 0.0869164
149.462 21.2267 0.0813692
149.486 21.2301 0.0848213
149.449 21.0866 0.0813675
149.517 21.1679 0.0814999
149.567 20.9802 0.0839401
149.469 21.1229 0.0828645
149.45 21.0558 0.0826755
149.569 21.2121 0.0847241
149.473 21.0096 0.0843456
149.463 21.214 0.0871287
149.484 21.1519 0.0826837
149.486 21.1272 0.0806916
149.515 21.0864 0.0855649
149.516 21.0277 0.0875251
149.569 21.0238 0.0826093
149.451 21.0401 0.0821319
149.501 21.0614 0.0843937
149.579 21.1025 0.0809653
149.487 21.0516 0.0845946
149.525 21.1552 0.086813
149.542 21.1507 0.0838822
149.547 21.1427 0.0853129
149.601 21.1128 0.0857402
149.433 21.1953 0.0847624
149.459 21.0634 0.0858587
149.558 21.1184 0.0815652
149.43 21.0761 0.0834357
149.476 21.0146 0.0832709
149.462 21.1611 0.0858034
149.516 21.064 0.0842119
149.557 21.1456 0.0826488
149.45 21.1836 0.0848009
149.453 21.1765 0.0873387
149.537 21.0839 0.0871502
149.593 21.1706 0.0830058
149.562 21.2019 0.0841518
149.451 21.1343 0.0847448
149.448 20.9951 0.0833565
149.487 21.15 0.0871198
149.468 21.0636 0.0858736
149.486 21.1006 0.084971
149.406 21.1878 0.0818106
149.492 20.9683 0.0880587
149.496 21.0046 0.0830091
149.444 21.1552 0.0838003
149.4 21.1061 0.0837228
149.443 21.1369 0.0834847
149.423 21.1566 0.0838547
149.52 21.0915 0.0816112
149.462 21.0719 0.0826656
149.431 21.1616 0.0816899
149.428 21.2164 0.0825298
149.572 21.0771 0.083551
149.454 21.0939 0.0816664
149.562 21.0938 0.0856422
149.483 21.1164 0.0849036
149.406 21.166 0.0863406
149.572 21.0714 0.0828233
149.498 21.1205 0.0820771
149.563 21.0396 0.0841201
149.48 21.186 0.0837825
149.491 21.1762 0.0845028
149.575 21.1399 0.083258
149.505 21.1314 0.0846232
149.487 21.0286 0.0864922
149.51 21.0716 0.0856349
149.492 21.1772 0.0861906
149.478 21.0176 0.0860286
149.485 21.044 0.0871742
149.551 21.0545 0.0830776
149.568 21.1374 0.0838866
149.557 21.1448 0.0874457
149.492 21.1785 0.0827482
149.459 21.168 0.0822456
149.497 21.179 0.0844667
149.575 21.208 0.0839056
149.525 20.997 0.0812469
149.601 21.0842 0.0829687
149.55 21.1501 0.0828634
149.467 21.1307 0.0856091
149.502 21.0364 0.0822612
149.486 21.0091 0.0834033
149.496 21.0428 0.0846265
149.526 21.2077 0.0846002
149.505 21.033 0.0811983
149.588 21.1008 0.0841136
149.554 21.1207 0.0815545
149.545 21.1256 0.0861642
149.469 21.1617 0.0823608
149.414 21.1713 0.0839064
149.518 21.0349 0.0852758
149.5 21.1136 0.0812947
149.6 21.1864 0.0815575
149.521 21.0164 0.0820027
149.419 21.0699 0.0846271
149.448 21.1887 0.0868531
149.454 21.1271 0.087189
149.494 21.0523 0.0869445
149.474 21.0624 0.0864127
149.386 21.0195 0.0857897
149.46 21.156 0.0839555
149.503 21.0617 0.0878965
148.988 21.0838 0.0845835
