-41.1806 -49.2202 1.57545
-41.3018 -49.3335 1.57239
-41.2364 -49.3669 1.56882
-41.2041 -49.2828 1.57475
-41.2214 -49.3207 1.57277
-41.1815 -49.3283 1.57138
-41.2482 -49.4335 1.57333
-41.229 -49.4745 1.57254
-41.2775 -49.4158 1.57474
-41.1315 -49.3925 1.5738
-41.2135 -49.3426 1.57553
-41.196 -49.296 1.57689
-41.2878 -49.3838 1.57552
-41.2196 -49.4119 1.57457
-41.2508 -49.3388 1.57472
-41.2883 -49.3226 1.57389
-41.1847 -49.3656 1.57581
-41.2024 -49.3377 1.57519
-41.1789 -49.473 1.57455
-41.2108 -49.3648 1.57442
-41.2646 -49.3293 1.57146
-41.1971 -49.2816 1.57594
-41.1372 -49.4318 1.57542
-41.2385 -49.3798 1.57377
-41.2069 -49.3769 1.57414
-41.0758 -49.3326 1.57757
-41.1431 -49.3127 1.57459
-41.2241 -49.3019 1.57521
-41.1468 -49.4119 1.57855
-41.1986 -49.3225 1.57315
-41.1667 -49.3679 1.57404
-41.2292 -49.3694 1.57381
-41.2455 -49.3439 1.57617
-41.2762 -49.3276 1.57613
-41.1585 -49.3249 1.57385
-41.3438 -49.4886 1.57494
-41.2701 -49.323 1.5743
-41.1781 -49.3215 1.57526
-41.1504 -49.3852 1.57273
-41.2558 -49.3158 1.57496
-41.1334 -49.2544 1.57365
-41.2771 -49.3871 1.5781
-41.157 -49.3558 1.57281
-41.2444 -49.3259 1.57398
-41.1679 -49.3919 1.57637
-41.3092 -49.3584 1.57553
-41.2116 -49.2948 1.57265
-41.2118 -49.3161 1.57332
-41.2116 -49.3361 1.57359
-41.1766 -49.35 1.57122
-41.207 -49.2974 1.57438
-41.2203 -49.3877 1.57479
-41.1587 -49.3633 1.5752
-41.1648 -49.3011 1.5755
-41.2204 -49.374 1.57642
-41.1591 -49.307 1.57476
-41.2827 -49.4841 1.57801
-41.156 -49.2922 1.57428
-41.1431 -49.2849 1.57523
-41.2081 -49.3327 1.56926
-41.1669 -49.3755 1.57689
-41.3076 -49.4104 1.57465
-41.2185 -49.3637 1.57475
-41.224 -49.2967 1.57416
-41.2011 -49.2893 1.57383
-41.2587 -49.3869 1.57386
-41.2499 -49.3589 1.57266
-41.2655 -49.4039 1.57658
-41.1938 -49.346 1.57319
-41.26 -49.3811 1.5745
-41.2155 -49.3802 1.57905
-41.1748 -49.3151 1.57332
-41.1916 -49.3389 1.57018
-41.1219 -49.3655 1.57422
-41.2755 -49.3181 1.57335
-41.2158 -49.3073 1.56989
-41.1639 -49.3444 1.57735
-41.1417 -49.3179 1.57639
-41.2289 -49.4827 1.57417
-41.2045 -49.255 1.57342
-41.2352 -49.3572 1.57487
-41.2879 -49.4094 1.58023
-41.2215 -49.4366 1.57638
-41.1552 -49.3792 1.57659
-41.2356 -49.3863 1.57685
-41.1803 -49.3292 1.57538
-41.2289 -49.2599 1.57417
-41.2558 -49.3382 1.57269
-41.1534 -49.3339 1.57465
-41.1907 -49.3336 1.57552
-41.2608 -49.3125 1.57325
-41.2707 -49.3338 1.57286
-41.2367 -49.3125 1.57636
-41.1725 -49.2841 1.57374
-41.2196 -49.429 1.5722
-41.2581 -49.4457 1.57201
-41.2567 -49.3266 1.5739
-41.2658 -49.4526 1.57635
-41.1797 -49.3777 1.572
-41.1553 -49.3205 1.57389
-41.2016 -49.3478 1.57573
-41.2104 -49.372 1.57315
-41.1685 -49.3986 1.57508
-41.2404 -49.4105 1.57425
-41.2285 -49.3872 1.57263
-41.22 -49.2697 1.57512
-41.2015 -49.2599 1.57244
-41.2155 -49.2826 1.57534
-41.2381 -49.504 1.5764
-41.2117 -49.2665 1.5695
-41.1546 -49.2877 1.57473
-41.2265 -49.2872 1.57454
-41.165 -49.2583 1.57459
-41.2175 -49.3524 1.5724
-41.2525 -49.2601 1.57531
-41.23 -49.439 1.5751
-41.2169 -49.3149 1.5756
-41.1536 -49.3024 1.57466
-41.2553 -49.4336 1.57596
-41.2581 -49.3498 1.57676
-41.2809 -49.3652 1.57345
-41.1191 -49.2545 1.57577
-41.1321 -49.3127 1.57408
-41.1693 -49.2319 1.57631
-41.2604 -49.3175 1.57748
-41.1358 -49.2834 1.57272
-41.2507 -49.3181 1.57439
-41.2627 -49.3857 1.57716
-41.2623 -49.3445 1.57172
-41.2109 -49.292 1.57489
-41.2434 -49.2691 1.57575
-41.1628 -49.2331 1.5752
-41.2069 -49.3129 1.57044
-41.2397 -49.3121 1.57484
-41.2232 -49.367 1.57238
-41.082 -49.4585 1.57639
-41.1616 -49.3102 1.56896
-41.3135 -49.428 1.57706
-41.147 -49.3492 1.57136
-41.2795 -49.3024 1.57322
-41.2892 -49.4705 1.57758
-41.2251 -49.3161 1.57283
-41.2044 -49.383 1.57353
-41.1552 -49.3321 1.57622
-41.1949 -49.3747 1.57441
-41.1896 -49.4056 1.57478
-41.2445 -49.4151 1.57911
-41.2195 -49.2853 1.57474
-41.1567 -49.3128 1.57321
-41.1588 -49.2618 1.5724
-41.2372 -49.3677 1.57558
-41.1702 -49.3988 1.57661
-41.2785 -49.3704 1.57598
-41.1329 -49.3778 1.57491
-41.2237 -49.4009 1.57639
-41.2642 -49.3306 1.57537
-41.1592 -49.4039 1.57335
-41.219 -49.2627 1.57363
-41.2029 -49.348 1.57284
-41.2302 -49.2806 1.57628
-41.1722 -49.4221 1.57806
-41.3013 -49.3454 1.57318
-41.2081 -49.291 1.57669
-41.2757 -49.3092 1.57637
-41.2779 -49.3548 1.57425
-41.1778 -49.3723 1.57655
-41.2554 -49.3497 1.57256
-41.2986 -49.3787 1.5743
-41.0978 -49.3343 1.57298
-41.2344 -49.5107 1.576
-41.284 -49.3935 1.57889
-41.1521 -49.3511 1.57514
-41.2077 -49.3285 1.57243
-41.2103 -49.2461 1.57395
-41.2786 -49.3512 1.57564
-41.2034 -49.3511 1.57497
-41.1629 -49.2985 1.57052
-41.1809 -49.2498 1.57339
-41.2335 -49.4093 1.57888
-41.1319 -49.2709 1.57371
-41.2945 -49.3285 1.57243
-41.2487 -49.3488 1.57723
-41.1808 -49.3284 1.57327
-41.2604 -49.3032 1.57236
-41.191 -49.3689 1.5709
-41.2166 -49.4045 1.57419
-41.186 -49.3835 1.57327
-41.2536 -49.3825 1.57495
-41.1181 -49.3189 1.57494
-41.1793 -49.2106 1.57359
-41.1781 -49.2859 1.5742
-41.2708 -49.4656 1.58019
-41.2309 -49.3472 1.57447
-41.2015 -49.368 1.5749
-41.3007 -49.345 1.57247
-41.2724 -49.4183 1.57333
-41.0712 -49.2733 1.57486
-41.0865 -49.2596 1.57608
-41.2103 -49.2596 1.57057
-41.2079 -49.4796 1.57611
-41.2406 -49.2477 1.57505
-41.2269 -49.22 1.57599
-41.178 -49.4733 1.57602
-41.2312 -49.348 1.57652
-41.2655 -49.4285 1.57211
-41.2522 -49.2736 1.57127
-41.3003 -49.3362 1.57479
-41.0536 -49.2503 1.57303
-41.1389 -49.2372 1.57721
-41.2667 -49.3609 1.57441
-41.234 -49.3225 1.57322
-41.2403 -49.3833 1.57612
-41.2877 -49.4568 1.57615
-41.2219 -49.3158 1.57299
-41.2698 -49.2804 1.57301
-41.2657 -49.2846 1.57181
-41.1697 -49.2616 1.57236
-41.122 -49.4135 1.57504
-41.2213 -49.3724 1.57249
-41.2666 -49.4496 1.57616
-41.1366 -49.2775 1.57108
-41.1728 -49.4123 1.57628
-41.294 -49.4426 1.57167
-41.1942 -49.4808 1.57535
-41.1281 -49.2935 1.57293
-41.2406 -49.2617 1.57218
-41.2111 -49.428 1.57771
-41.2761 -49.4378 1.57788
-41.1618 -49.395 1.57298
-41.1859 -49.4133 1.577
-41.1882 -49.3602 1.57609
-41.2903 -49.5235 1.5773
-41.2853 -49.351 1.57636
-41.2168 -49.3356 1.57534
-41.1452 -49.3576 1.57308
-41.132 -49.2777 1.57328
-41.1962 -49.3527 1.57456
-41.1337 -49.424 1.57533
-41.1723 -49.4233 1.57719
-41.2438 -49.4368 1.57494
-41.2476 -49.4407 1.57607
-41.2577 -49.2903 1.57577
-41.182 -49.3666 1.57418
-41.1768 -49.3759 1.57584
-41.1074 -49.2706 1.57439
-41.3217 -49.3668 1.57402
-41.3344 -49.3915 1.57619
-41.16 -49.3059 1.57269
-41.2749 -49.4402 1.57904
-41.2012 -49.3316 1.57265
-41.2661 -49.3313 1.57436
-41.1556 -49.3216 1.57287
-41.1763 -49.2948 1.57608
-41.2371 -49.3275 1.57521
-41.2382 -49.291 1.57432
-41.2661 -49.3597 1.5734
-41.1744 -49.388 1.5777
-41.1571 -49.261 1.57417
-41.2488 -49.3304 1.57433
-41.2098 -49.324 1.57418
-41.1629 -49.3754 1.57656
-41.1301 -49.3124 1.57093
-41.2524 -49.2808 1.57292
-41.2844 -49.3818 1.57579
-41.0964 -49.3704 1.57499
-41.1664 -49.2761 1.57452
-41.263 -49.424 1.57423
-41.2645 -49.2882 1.57418
-41.2891 -49.4505 1.57329
-41.2928 -49.4292 1.57715
-41.1248 -49.2842 1.57491
-41.1786 -49.2383 1.57429
-41.1968 -49.4533 1.57599
-41.2214 -49.3857 1.57346
-41.2179 -49.4079 1.57335
-41.081 -49.2616 1.57213
-41.2663 -49.3432 1.57352
-41.2213 -49.3016 1.57405
-41.1678 -49.4888 1.57357
-41.1672 -49.3692 1.5724
-41.1493 -49.2922 1.574
-41.2348 -49.3602 1.57645
-41.2935 -49.411 1.57754
-41.2994 -49.4176 1.57513
-41.1927 -49.35 1.57357
-41.2672 -49.2991 1.57351
-41.1679 -49.3307 1.57048
-41.188 -49.3334 1.57601
-41.1797 -49.3741 1.56922
-41.2174 -49.4362 1.57487
-41.205 -49.3094 1.57489
-41.2885 -49.3845 1.57991
-41.1742 -49.3615 1.57618
-41.1663 -49.3506 1.57251
-41.1929 -49.4251 1.57608
-41.2992 -49.3839 1.5774
-41.2176 -49.3987 1.57541
-41.1808 -49.3876 1.57311
-41.1606 -49.3595 1.57349
-41.2419 -49.4736 1.57638
-41.1663 -49.3227 1.57528
-41.1725 -49.3896 1.57018
-41.235 -49.4598 1.57654
-41.2735 -49.4468 1.57667
-41.141 -49.2884 1.57579
-41.1989 -49.3405 1.57497
-41.2764 -49.2951 1.57412
-41.2294 -49.2707 1.57037
-41.2343 -49.2811 1.57525
-41.1898 -49.4173 1.57437
-41.339 -49.3632 1.5763
-41.2585 -49.4888 1.57674
-41.2202 -49.3357 1.57308
-41.1073 -49.3695 1.57287
-41.133 -49.2408 1.57469
-41.072 -49.2584 1.57269
-41.2418 -49.36 1.57491
-41.2668 -49.4297 1.57115
-41.2943 -49.381 1.57226
-41.1821 -49.2523 1.56981
-41.0737 -49.3887 1.57541
-41.2333 -49.3597 1.57591
-41.2522 -49.4059 1.57183
-41.1993 -49.3573 1.57353
-41.1768 -49.3075 1.57328
-41.2642 -49.3079 1.5749
-41.1515 -49.2947 1.57602
-41.2092 -49.2787 1.57405
-41.1371 -49.3175 1.57288
-41.193 -49.359 1.57473
-41.0705 -49.5675 1.57471
-41.1603 -49.2902 1.57556
-41.2591 -49.4574 1.57756
-41.2384 -49.4282 1.5773
-41.1741 -49.3944 1.5746
-41.2445 -49.3752 1.57248
-41.3134 -49.4762 1.57348
-41.2004 -49.2665 1.57097
-41.2276 -49.3935 1.57576
-41.1974 -49.3027 1.57303
-41.1699 -49.3793 1.57302
-41.2073 -49.2446 1.57615
-41.2005 -49.3755 1.57576
-41.3094 -49.3302 1.5753
-41.2133 -49.2526 1.57216
-41.2192 -49.4014 1.5773
-41.1876 -49.3365 1.56969
-41.2045 -49.5038 1.57383
-41.1245 -49.2999 1.57288
-41.2512 -49.4107 1.57413
-41.3943 -49.5434 1.57736
-41.1913 -49.341 1.5775
-41.2204 -49.3188 1.57479
-41.1673 -49.3995 1.57496
-41.2364 -49.3481 1.57422
-41.1897 -49.3385 1.57055
-41.1503 -49.4581 1.57847
-41.1864 -49.2924 1.5739
-41.1905 -49.3641 1.57418
-41.2028 -49.3774 1.57396
-41.2409 -49.3431 1.57346
-41.1818 -49.32 1.57426
-41.2339 -49.252 1.57542
-41.2558 -49.3502 1.57211
-41.2848 -49.4161 1.57416
-41.2334 -49.334 1.57667
-41.2338 -49.2686 1.57523
-41.1692 -49.3285 1.57624
-41.1891 -49.3659 1.57675
-41.1928 -49.4059 1.57704
-41.2864 -49.2608 1.57385
-41.2277 -49.2809 1.57279
-41.2089 -49.4103 1.57932
-41.1449 -49.3114 1.57323
-41.1941 -49.2809 1.57424
-41.2424 -49.3445 1.57241
-41.1182 -49.3225 1.57158
-41.2188 -49.2828 1.57257
-41.2347 -49.3742 1.57855
-41.1748 -49.2355 1.57485
-41.112 -49.2798 1.57456
-41.2699 -49.3645 1.57258
-41.2465 -49.5317 1.57475
-41.3077 -49.3264 1.57436
-41.222 -49.3398 1.57388
-41.2172 -49.2692 1.5728
-41.2156 -49.3147 1.57383
-41.2361 -49.2988 1.57451
-41.2565 -49.3151 1.57701
-41.1654 -49.2851 1.57402
-41.1921 -49.3913 1.5742
-41.2345 -49.3235 1.575
-41.197 -49.3342 1.57661
-41.1236 -49.3263 1.57252
-41.2061 -49.3383 1.57628
-41.1362 -49.304 1.57702
-41.1601 -49.2242 1.57764
-41.2211 -49.3438 1.57849
-41.1769 -49.3078 1.57024
-41.2387 -49.3574 1.5766
-41.2034 -49.4138 1.57318
-41.1253 -49.2428 1.57391
-41.203 -49.3078 1.57162
-41.1639 -49.3434 1.57378
-41.1814 -49.3231 1.57343
-41.1931 -49.428 1.57463
-41.3018 -49.4315 1.57584
-41.3413 -49.4488 1.57947
-41.1294 -49.3536 1.57392
-41.226 -49.4791 1.57573
-41.1713 -49.3425 1.57929
-41.2145 -49.2749 1.57682
-41.303 -49.3579 1.57576
-41.1733 -49.2594 1.57409
-41.2343 -49.4187 1.57756
-41.1805 -49.3563 1.57592
-41.162 -49.3285 1.57101
-41.3621 -49.4447 1.57767
-41.2056 -49.3382 1.57581
-41.2133 -49.3082 1.57549
-41.1939 -49.491 1.57646
-41.1913 -49.222 1.57239
-41.1739 -49.3284 1.57167
-41.2372 -49.3721 1.57203
-41.1787 -49.5139 1.57295
-41.1051 -49.3329 1.57647
-41.2292 -49.3863 1.57603
-41.1906 -49.2999 1.57448
-41.1491 -49.2438 1.57328
-41.2708 -49.3562 1.57281
-41.3757 -49.436 1.5757
-41.1656 -49.4317 1.57543
-41.2239 -49.3942 1.57927
-41.2274 -49.4167 1.57873
-41.2355 -49.3142 1.57667
-41.2302 -49.2607 1.57442
-41.1827 -49.3872 1.573
-41.116 -49.2644 1.57107
-41.248 -49.349 1.57476
-41.1331 -49.2617 1.57413
-41.3019 -49.4198 1.57759
-41.1827 -49.2851 1.57502
-41.0873 -49.2887 1.57562
-41.2479 -49.4309 1.57838
-41.204 -49.3383 1.5732
-41.2524 -49.3598 1.57171
-41.2641 -49.3316 1.57369
-41.1192 -49.3769 1.57659
-41.2848 -49.3732 1.57273
-41.3114 -49.4673 1.57796
-41.2308 -49.3411 1.57577
-41.2464 -49.4083 1.57569
-41.2068 -49.3226 1.57557
-41.1738 -49.3482 1.57527
-41.0606 -49.328 1.57651
-41.2232 -49.2262 1.57219
-41.1826 -49.3998 1.57758
-41.1889 -49.4562 1.57717
-41.2058 -49.3019 1.57465
-41.2535 -49.3668 1.5725
-41.2552 -49.4091 1.57574
-41.0955 -49.3449 1.57444
-41.1542 -49.2756 1.57676
-41.2238 -49.2637 1.56996
-41.2939 -49.4303 1.57153
-41.1881 -49.2844 1.57501
-41.2901 -49.3402 1.57633
-41.2478 -49.3785 1.57687
-41.2524 -49.378 1.58
-41.281 -49.3924 1.5787
-41.2525 -49.4491 1.57227
-41.2342 -49.434 1.57294
-41.0823 -49.4133 1.57481
-41.2337 -49.4577 1.57455
-41.1544 -49.333 1.57392
-41.2366 -49.3116 1.57664
-41.2464 -49.4141 1.57737
-41.1764 -49.377 1.57488
-41.302 -49.4246 1.57523
-41.2305 -49.3617 1.57397
-41.1393 -49.398 1.57549
-41.2027 -49.4131 1.57788
-41.2984 -49.3008 1.57554
-41.1695 -49.3935 1.5724
-41.2182 -49.294 1.57274
-41.2135 -49.3328 1.57222
-41.2029 -49.2535 1.5773
-41.2334 -49.4563 1.57723
-41.2161 -49.3928 1.57347
-41.3279 -49.3243 1.57693
-41.239 -49.2771 1.57442
-41.0976 -49.4195 1.57525
-41.2581 -49.3044 1.57458
-41.2139 -49.373 1.57426
-41.2002 -49.3318 1.5723
-41.2389 -49.4498 1.57618
-41.226 -49.3656 1.57136
-41.1594 -49.3324 1.57016
-41.2672 -49.3083 1.57204
-40.0292 -53.814 1.55971
