-18.1907 -5.67301 0.666052
-18.1567 -5.70138 0.665179
-18.1288 -5.70068 0.661644
-18.063 -5.70066 0.6607
-18.0974 -5.60651 0.664714
-18.2146 -5.78458 0.670022
-18.1246 -5.7531 0.666242
-18.2365 -5.63861 0.666403
-18.1163 -5.72444 0.666341
-18.2113 -5.62177 0.668274
-18.299 -5.70905 0.665651
-18.1635 -5.6978 0.663854
-18.2312 -5.69215 0.665552
-18.1988 -5.64059 0.664745
-18.2439 -5.63691 0.665201
-18.1346 -5.61639 0.666497
-18.1363 -5.62088 0.66645
-18.1714 -5.73555 0.666691
-18.1724 -5.7398 0.666537
-18.1848 -5.72108 0.666424
-18.2193 -5.60475 0.662931
-18.0945 -5.70489 0.664876
-18.1113 -5.62053 0.665102
-18.2348 -5.72321 0.666797
-18.2806 -5.68278 0.664593
-18.2366 -5.68598 0.661727
-18.0937 -5.62697 0.665042
-18.1295 -5.59656 0.664005
-18.1638 -5.59982 0.665806
-18.244 -5.67895 0.664707
-18.171 -5.64398 0.670147
-18.1975 -5.63421 0.663155
-18.1919 -5.65448 0.667075
-18.1184 -5.64413 0.663163
-18.2624 -5.72619 0.665871
-18.2678 -5.72516 0.665768
-18.1629 -5.70727 0.665385
-18.1469 -5.65358 0.661012
-18.1621 -5.73437 0.662624
-18.0643 -5.63018 0.6642
-18.1885 -5.66583 0.66457
-18.1456 -5.64616 0.66339
-18.2055 -5.57379 0.666372
-18.0818 -5.6824 0.664088
-18.1694 -5.61897 0.667212
-18.1657 -5.65223 0.66333
-18.0876 -5.69373 0.662919
-18.0685 -5.69083 0.663745
-18.1437 -5.60379 0.66422
-18.1416 -5.60825 0.664239
-18.2056 -5.69594 0.665649
-18.1769 -5.71193 0.667932
-18.0825 -5.62604 0.665747
-18.0837 -5.64357 0.663843
-18.1127 -5.65806 0.665813
-18.1368 -5.67852 0.662171
-18.1899 -5.64151 0.664068
-18.0915 -5.64985 0.659502
-18.2046 -5.66137 0.667001
-18.1612 -5.58357 0.659562
-18.2258 -5.62703 0.665197
-17.9819 -5.65494 0.663183
-18.2046 -5.65053 0.665994
-18.1861 -5.68713 0.66386
-18.1778 -5.62515 0.668619
-18.2115 -5.65261 0.665365
-18.153 -5.66218 0.666754
-18.2277 -5.63471 0.666165
-18.1746 -5.6198 0.66359
-18.1822 -5.61985 0.663868
-18.149 -5.60914 0.66338
-18.0666 -5.65303 0.665718
-18.2535 -5.68094 0.666711
-18.1503 -5.71268 0.666934
-18.1476 -5.74011 0.665399
-18.1459 -5.66647 0.662672
-18.2225 -5.65904 0.665237
-18.1855 -5.60837 0.665139
-18.0114 -5.65425 0.66233
-18.2477 -5.74349 0.665199
-18.2167 -5.64987 0.664431
-18.1262 -5.70141 0.661939
-18.0932 -5.61147 0.665871
-18.1561 -5.63718 0.665096
-18.123 -5.66646 0.662724
-18.1301 -5.67358 0.662748
-18.2287 -5.57518 0.665976
-18.1341 -5.62773 0.664111
-18.1802 -5.71458 0.665819
-18.1768 -5.71023 0.665793
-18.2017 -5.70354 0.668457
-18.2343 -5.71243 0.664113
-18.1365 -5.63929 0.66424
-18.137 -5.63809 0.664301
-18.1313 -5.6298 0.66371
-18.1312 -5.62873 0.663552
-18.1773 -5.64124 0.66568
-18.1777 -5.70896 0.669596
-18.146 -5.63103 0.661447
-18.2141 -5.65353 0.664186
-18.2325 -5.62068 0.664908
-18.1544 -5.7756 0.669209
-18.2215 -5.61278 0.664717
-18.1313 -5.71607 0.669296
-18.1341 -5.72974 0.664582
-18.1474 -5.70208 0.665028
-18.1471 -5.70304 0.665027
-18.1206 -5.57922 0.666545
-18.2424 -5.7727 0.667073
-18.1299 -5.56356 0.663554
-18.1141 -5.61879 0.666222
-18.2563 -5.66256 0.663798
-18.2579 -5.65967 0.663906
-18.2841 -5.7241 0.664099
-18.1296 -5.66595 0.666913
-18.2237 -5.67548 0.666122
-18.2282 -5.66776 0.664854
-18.143 -5.60398 0.664285
-18.0962 -5.6412 0.661776
-18.0989 -5.63396 0.664874
-18.1274 -5.70341 0.663544
-18.213 -5.60516 0.663913
-18.136 -5.64223 0.664396
-18.1213 -5.71392 0.663951
-18.1222 -5.70974 0.66395
-18.1246 -5.70803 0.663965
-18.1414 -5.60167 0.665234
-18.1877 -5.66512 0.66619
-18.157 -5.69542 0.664943
-18.1051 -5.66959 0.664622
-18.2159 -5.77984 0.669994
-18.2209 -5.78804 0.669989
-18.2305 -5.63664 0.666362
-18.0873 -5.66826 0.667643
-18.1337 -5.63393 0.664379
-18.1621 -5.69546 0.663778
-18.0987 -5.66464 0.667078
-18.2332 -5.69953 0.665583
-18.1374 -5.66616 0.669005
-18.147 -5.64659 0.664721
-18.242 -5.65325 0.670946
-18.2487 -5.64789 0.667792
-18.1072 -5.66146 0.667297
-18.2233 -5.6067 0.662921
-18.1272 -5.63981 0.66016
-18.232 -5.72095 0.666709
-18.1478 -5.62797 0.66266
-18.2036 -5.59036 0.66564
-18.1253 -5.60543 0.658659
-18.19 -5.71502 0.660273
-18.2417 -5.67584 0.664697
-18.25 -5.57083 0.663445
-18.1798 -5.61382 0.665891
-18.1119 -5.64472 0.664552
-18.1909 -5.65582 0.667102
-18.1897 -5.66032 0.667091
-18.2365 -5.71736 0.667202
-18.0982 -5.68964 0.66616
-18.1483 -5.65356 0.661156
-18.1133 -5.64699 0.664126
-18.1693 -5.73404 0.662669
-18.1312 -5.61635 0.665624
-18.1876 -5.66631 0.664459
-18.2476 -5.69513 0.662897
-18.1906 -5.67609 0.664225
-18.1899 -5.59316 0.665474
-18.1803 -5.59993 0.664865
-18.3055 -5.58752 0.662886
-18.084 -5.69809 0.662801
-18.2043 -5.61911 0.664571
-18.1971 -5.69647 0.665687
-18.1941 -5.70166 0.665472
-18.1902 -5.75125 0.664118
-18.1124 -5.69561 0.666433
-18.1009 -5.68902 0.666791
-18.295 -5.67036 0.669974
-18.2049 -5.63611 0.665772
-18.2493 -5.63184 0.667801
-18.1244 -5.68579 0.663361
-18.0906 -5.65053 0.659462
-18.12 -5.62594 0.663788
-18.2059 -5.7124 0.665156
-18.1314 -5.63962 0.664609
-18.2224 -5.67593 0.665907
-18.2187 -5.71584 0.663765
-18.0557 -5.6288 0.663189
-18.1908 -5.63072 0.66715
-18.2206 -5.66215 0.664281
-18.1386 -5.6174 0.66309
-18.1881 -5.69006 0.664173
-18.1131 -5.65093 0.663582
-18.2318 -5.62841 0.668407
-18.1265 -5.58941 0.661492
-18.1312 -5.66001 0.668709
-18.1438 -5.7132 0.666942
-18.0735 -5.69505 0.665187
-18.135 -5.60794 0.665319
-18.1318 -5.62774 0.662462
-18.1971 -5.62539 0.663043
-18.0498 -5.66279 0.663162
-18.0554 -5.61907 0.661912
-18.243 -5.74256 0.66531
-18.2106 -5.65492 0.664242
-18.1816 -5.61806 0.658706
-18.0841 -5.65849 0.66483
-18.1977 -5.67547 0.663872
-18.1642 -5.69311 0.666081
-18.0879 -5.60823 0.66454
-18.0748 -5.68901 0.665262
-18.1122 -5.66677 0.664479
-18.138 -5.63331 0.664317
-18.1558 -5.67318 0.663382
-18.1658 -5.67508 0.663703
-18.1739 -5.71048 0.669691
-18.1598 -5.59884 0.664545
-18.1908 -5.62034 0.667884
-18.1889 -5.62126 0.667659
-18.0714 -5.73904 0.6623
-18.2297 -5.62391 0.66493
-18.1574 -5.77419 0.669189
-18.1588 -5.70176 0.663182
-18.1578 -5.70729 0.66335
-18.1286 -5.71393 0.669254
-18.1343 -5.61476 0.664774
-18.0458 -5.69069 0.663097
-18.0476 -5.59455 0.661819
-18.2685 -5.6391 0.664635
-18.1651 -5.65467 0.664876
-18.1654 -5.65638 0.664962
-18.1066 -5.68443 0.661895
-18.2404 -5.6404 0.662961
-18.1114 -5.61237 0.663222
-18.1595 -5.61173 0.668582
-18.2811 -5.71291 0.664102
-18.1367 -5.66452 0.666953
-18.2298 -5.66553 0.665084
-18.1998 -5.70023 0.667065
-18.1912 -5.70231 0.665983
-18.1924 -5.70706 0.665889
-18.2019 -5.63597 0.664154
-18.1529 -5.62161 0.663697
-18.1392 -5.74973 0.666566
-18.2131 -5.60363 0.663918
-18.1847 -5.68439 0.668241
-18.2518 -5.6424 0.666384
-18.1246 -5.64266 0.664456
-18.1299 -5.64048 0.664366
-18.1388 -5.60429 0.66521
-18.1828 -5.6376 0.664914
-18.1354 -5.62954 0.661151
-18.181 -5.64986 0.665432
-18.1217 -5.75379 0.666298
-18.125 -5.75431 0.666207
-18.1133 -5.72836 0.666285
-18.2167 -5.62019 0.668292
-18.1392 -5.64204 0.664389
-18.2964 -5.70853 0.66592
-18.1516 -5.66896 0.665421
-18.1517 -5.67312 0.665422
-18.1559 -5.67546 0.665393
-18.2402 -5.70279 0.665697
-18.1523 -5.59165 0.662642
-18.0672 -5.68937 0.664259
-18.1406 -5.65497 0.664812
-18.137 -5.70979 0.667611
-18.1731 -5.73185 0.666545
-18.1106 -5.66365 0.667272
-18.1076 -5.61932 0.66502
-18.15 -5.62693 0.662679
-18.2371 -5.68162 0.662067
-18.1724 -5.67534 0.666594
-18.1274 -5.59644 0.65859
-18.1372 -5.65043 0.666234
-18.1201 -5.64756 0.664336
-18.1152 -5.69726 0.667958
-18.1901 -5.69046 0.663585
-18.1847 -5.629 0.664034
-18.1558 -5.66131 0.666879
-18.2734 -5.61834 0.664844
-18.2342 -5.7142 0.667086
-18.1649 -5.70959 0.665443
-18.0083 -5.62271 0.662549
-18.2112 -5.62227 0.666184
-18.2072 -5.61884 0.666151
-18.1249 -5.64099 0.665858
-18.136 -5.61933 0.665633
-18.1882 -5.66529 0.664778
-18.1457 -5.64597 0.663395
-18.1581 -5.67518 0.667544
-18.1566 -5.67368 0.667641
-18.0666 -5.59256 0.662464
-18.1903 -5.64363 0.664326
-18.1612 -5.65295 0.660517
-18.1644 -5.65867 0.660795
-18.0872 -5.6929 0.662747
-18.0844 -5.69135 0.662962
-18.2168 -5.62787 0.663945
-18.2075 -5.71695 0.664415
-18.2103 -5.62308 0.664678
-18.1759 -5.62181 0.666594
-18.0212 -5.64871 0.663492
-18.1362 -5.6182 0.665979
-18.1131 -5.68885 0.666458
-18.2316 -5.65347 0.665246
-18.2399 -5.63448 0.666868
-18.205 -5.64116 0.665896
-18.1926 -5.64691 0.664173
-18.229 -5.74952 0.662217
-18.2093 -5.66027 0.667033
-18.135 -5.63662 0.66452
-18.1432 -5.66032 0.661324
-18.2227 -5.67593 0.665774
-18.1433 -5.64129 0.666115
-18.1262 -5.62929 0.662819
-18.2293 -5.65608 0.664112
-18.155 -5.66025 0.666803
-18.1567 -5.66062 0.666902
-18.1824 -5.68192 0.664054
-18.1773 -5.61834 0.663564
-18.1622 -5.60738 0.661336
-18.1862 -5.67223 0.663918
-18.1857 -5.67185 0.664165
-18.1002 -5.61371 0.66281
-18.2617 -5.70243 0.669948
-18.2562 -5.65807 0.666588
-18.1498 -5.74969 0.665309
-18.1532 -5.75012 0.66551
-18.0001 -5.63099 0.665691
-18.1362 -5.60863 0.665285
-18.2255 -5.66323 0.66531
-18.2184 -5.66052 0.665427
-18.2168 -5.66051 0.665227
-18.1377 -5.63055 0.662614
-18.0722 -5.61815 0.663833
-18.0469 -5.66805 0.663254
-18.2485 -5.74809 0.665235
-18.2412 -5.74719 0.665332
-18.2495 -5.75079 0.665417
-18.2182 -5.65046 0.6644
-18.1254 -5.70462 0.662043
-18.1103 -5.68639 0.665057
-18.1971 -5.67128 0.663957
-18.1305 -5.67393 0.662617
-18.2247 -5.57568 0.666259
-18.1835 -5.72063 0.665923
-18.2813 -5.63501 0.666929
-18.0806 -5.68297 0.665313
-18.1702 -5.60236 0.664254
-18.2345 -5.71544 0.664097
-18.1831 -5.68588 0.667006
-18.1563 -5.66617 0.663459
-18.164 -5.67784 0.663635
-18.0993 -5.71475 0.663199
-18.1445 -5.62849 0.661445
-18.1386 -5.69693 0.663936
-18.1375 -5.6897 0.663933
-18.2176 -5.64859 0.66418
-18.1537 -5.65243 0.666393
-18.12 -5.63627 0.662284
-18.1166 -5.61472 0.661873
-18.159 -5.70419 0.663183
-18.1568 -5.70127 0.663214
-18.1339 -5.61907 0.664846
-18.0393 -5.68789 0.663236
-18.1431 -5.69815 0.664874
-18.1229 -5.69528 0.66677
-18.1634 -5.65774 0.664791
-18.2372 -5.76829 0.667245
-18.1269 -5.56817 0.663813
-18.1736 -5.63681 0.665371
-18.062 -5.61771 0.664248
-18.1313 -5.68334 0.664905
-18.1243 -5.628 0.661444
-18.1955 -5.69827 0.665915
-18.202 -5.66039 0.663618
-18.2065 -5.66245 0.663807
-18.1041 -5.65195 0.662492
-18.1018 -5.63603 0.664749
-18.1341 -5.7424 0.666281
-18.2124 -5.60658 0.663925
-18.1396 -5.66711 0.664239
-18.2529 -5.63702 0.666419
-18.125 -5.71122 0.663956
-18.179 -5.63487 0.665237
-18.1553 -5.69803 0.664893
-18.1526 -5.69758 0.664978
-18.0705 -5.69925 0.66095
-18.2138 -5.78501 0.670099
-18.2155 -5.78099 0.670056
-18.2178 -5.78561 0.670136
-18.1128 -5.72969 0.666374
-18.1136 -5.72663 0.66634
-18.1696 -5.63003 0.665704
-18.0896 -5.66399 0.66766
-18.2155 -5.62307 0.668181
-18.2013 -5.71589 0.66186
-18.2967 -5.673 0.665623
-18.1626 -5.69065 0.663907
-18.2381 -5.69559 0.665493
-18.1925 -5.60004 0.663198
-18.2409 -5.65155 0.671034
-18.1726 -5.73823 0.666748
-18.2419 -5.64397 0.66764
-18.1121 -5.68264 0.666849
-18.0475 -5.58016 0.664275
-18.1266 -5.63882 0.660125
-18.143 -5.62329 0.662131
-18.2324 -5.72305 0.666918
-18.1459 -5.62337 0.662654
-18.1677 -5.68121 0.666399
-18.3155 -5.67154 0.664434
-18.1859 -5.6158 0.664104
-18.1438 -5.65807 0.666322
-18.1352 -5.65682 0.666211
-18.1755 -5.61994 0.668896
-18.119 -5.69624 0.667988
-18.1407 -5.58849 0.663339
-18.1879 -5.6591 0.666976
-18.2397 -5.71744 0.667238
-18.2315 -5.71822 0.667112
-18.1623 -5.70461 0.665378
-18.123 -5.64622 0.663994
-18.1909 -5.67085 0.667518
-18.1698 -5.66307 0.666572
-18.2751 -5.64364 0.666026
-18.1912 -5.66598 0.664646
-18.1083 -5.70325 0.661714
-18.2063 -5.57162 0.666277
-18.2033 -5.57334 0.666502
-18.2093 -5.61369 0.666027
-18.3052 -5.67496 0.665753
-18.1684 -5.65701 0.663129
-18.0854 -5.69762 0.662921
-18.0849 -5.70387 0.662795
-18.2111 -5.58379 0.664123
-18.1574 -5.55882 0.664331
-18.1986 -5.69156 0.665561
-18.1767 -5.71969 0.668027
-18.3125 -5.59185 0.665968
-18.1291 -5.5967 0.661363
-18.1126 -5.69692 0.666677
-18.1834 -5.6292 0.665912
-18.2332 -5.64717 0.665382
-18.2317 -5.62217 0.664959
-18.122 -5.68542 0.66355
-18.127 -5.62642 0.663927
-18.2041 -5.7127 0.665024
-18.0985 -5.57618 0.662576
-18.2255 -5.67029 0.665739
-18.2219 -5.71875 0.663819
-18.1827 -5.68055 0.663738
-18.1889 -5.62011 0.666952
-18.1961 -5.65263 0.666198
-18.195 -5.65352 0.666322
-18.1921 -5.65218 0.665984
-18.185 -5.65287 0.666008
-18.1793 -5.68468 0.66396
-18.1811 -5.62046 0.663694
-18.1773 -5.61672 0.663608
-18.1253 -5.70386 0.666752
-18.1832 -5.58206 0.663667
-18.0713 -5.64933 0.665741
-18.2587 -5.68237 0.666581
-18.2569 -5.6569 0.666493
-18.1495 -5.75 0.665303
-18.182 -5.71609 0.67052
-18.2099 -5.65397 0.663572
-18.1334 -5.60331 0.665309
-18.1325 -5.62712 0.662537
-18.0076 -5.65879 0.662313
-18.1697 -5.54762 0.663669
-18.1428 -5.64019 0.665457
-18.189 -5.54796 0.66215
-18.156 -5.63961 0.665022
-18.1628 -5.69364 0.666047
-18.1295 -5.63401 0.664091
-18.1355 -5.63243 0.664838
-18.0783 -5.68896 0.665236
-18.2078 -5.70013 0.668387
-18.2347 -5.71799 0.664062
-18.1762 -5.63511 0.663595
-18.2144 -5.6384 0.662714
-18.2356 -5.67166 0.665193
-18.1742 -5.71359 0.669673
-18.2312 -5.632 0.666028
-18.2142 -5.65314 0.664509
-18.1543 -5.77735 0.669433
-18.1533 -5.77642 0.669361
-18.1587 -5.70354 0.662969
-18.1298 -5.72953 0.664665
-18.0744 -5.66413 0.661804
-18.11 -5.64192 0.661738
-18.2422 -5.76822 0.667066
-18.2386 -5.76893 0.667177
-18.0653 -5.73957 0.665762
-18.2611 -5.65928 0.663985
-18.2106 -5.69256 0.668018
-18.1327 -5.6648 0.667231
-18.1379 -5.67834 0.664918
-19.6743 -6.84711 0.683859
