123.185 19.0495 0.0664807
123.246 19.1845 0.0638056
123.334 19.0276 0.0671718
123.272 19.1685 0.0642487
123.272 19.1685 0.0642487
123.199 19.1403 0.064422
123.284 19.1893 0.0673586
123.284 19.1893 0.0673586
123.316 19.0987 0.0670291
123.265 19.0903 0.0664907
123.277 19.1109 0.0667738
123.277 19.1109 0.0667738
123.277 19.1109 0.0667738
123.308 19.0525 0.0665169
123.271 19.1373 0.0661787
123.271 19.1373 0.0661787
123.34 19.1059 0.0658212
123.323 19.1978 0.0678586
123.259 19.0826 0.0677924
123.246 19.1154 0.0677748
123.177 19.0361 0.0676295
123.177 19.0361 0.0676295
123.178 18.97 0.0687239
123.269 19.0754 0.0641951
123.237 19.1204 0.0660511
123.26 19.0948 0.0640767
123.242 19.1227 0.0647557
123.19 19.0924 0.0655244
123.306 19.1993 0.0624018
123.325 19.1585 0.0651949
123.273 19.1748 0.0641777
123.224 19.125 0.0650448
123.324 19.0589 0.0677943
123.252 18.9997 0.0671597
123.298 19.1358 0.0680811
123.188 19.1981 0.0682518
123.361 19.1623 0.0656796
123.376 19.1638 0.0674514
123.376 19.1638 0.0674514
123.308 19.1701 0.0685207
123.353 19.1892 0.0655004
123.264 19.143 0.067209
123.377 19.1021 0.064973
123.222 19.089 0.0686505
123.193 19.1239 0.0670199
123.193 19.1239 0.0670199
123.327 19.0322 0.0650743
123.327 19.0322 0.0650743
123.261 19.1721 0.0707284
123.295 19.1177 0.0661677
123.308 19.0753 0.067363
123.284 19.0905 0.0679419
123.325 19.0912 0.0686093
123.282 19.0567 0.0670528
123.282 19.0567 0.0670528
123.325 19.193 0.0610913
123.289 19.0924 0.0649755
123.285 19.0648 0.0627575
123.285 19.0648 0.0627575
123.212 18.9973 0.0631724
123.304 19.1724 0.0662625
123.298 19.0943 0.0651332
123.314 19.116 0.0681533
123.19 19.0868 0.0650504
123.274 19.1639 0.0646406
123.288 19.07 0.062952
123.288 19.07 0.062952
123.373 19.0414 0.0687897
123.306 19.0568 0.0672229
123.355 19.1319 0.0714252
123.355 19.1319 0.0714252
123.118 19.1263 0.0680553
123.118 19.1263 0.0680553
123.191 19.1765 0.0675586
123.259 19.1544 0.0644115
123.259 19.1544 0.0644115
123.364 19.0951 0.0671383
123.301 19.046 0.0650657
123.254 19.0682 0.0665024
123.254 19.0682 0.0665024
123.159 19.1188 0.0696535
123.274 19.1951 0.0697995
123.28 19.0781 0.0661051
123.205 19.1727 0.0661185
123.353 19.1612 0.0650119
123.285 19.0913 0.0697151
123.278 19.0914 0.0673863
123.297 19.0726 0.0669058
123.297 19.0726 0.0669058
123.226 19.1379 0.0677107
123.278 19.1576 0.067307
123.163 19.111 0.0677365
123.407 19.1464 0.0672433
123.325 19.1498 0.0671901
123.325 19.1498 0.0671901
123.167 19.0772 0.0678376
123.336 19.1101 0.0657357
123.178 19.1554 0.0666945
123.21 19.2381 0.0679107
123.319 19.0053 0.0663918
123.33 19.1862 0.0657799
123.296 19.0475 0.062624
123.301 19.0862 0.0674744
123.301 19.0862 0.0674744
123.249 19.157 0.0656712
123.264 19.1749 0.069196
123.264 19.1749 0.069196
123.311 19.1596 0.0659173
123.131 19.1144 0.0644356
123.332 19.2188 0.0670896
123.232 19.1331 0.065514
123.262 19.0942 0.0681097
123.215 19.1357 0.0670871
123.265 19.1106 0.0657413
123.273 19.0952 0.0690264
123.249 19.1001 0.0690639
123.249 19.1001 0.0690639
123.294 19.0751 0.0654359
123.294 19.0751 0.0654359
123.347 19.0859 0.0665692
123.236 19.0682 0.0674427
123.227 19.1581 0.0678942
123.227 19.1581 0.0678942
123.177 19.1364 0.066589
123.285 19.1183 0.0663755
123.25 19.0845 0.0672895
123.311 19.066 0.0647622
123.291 19.1537 0.0717493
123.247 19.0156 0.0692834
123.24 19.2631 0.0692274
123.092 19.0774 0.0674922
123.388 19.1062 0.0670388
123.388 19.1062 0.0670388
123.292 19.1127 0.0650271
123.258 19.1539 0.0702031
123.258 19.1539 0.0702031
123.298 19.1587 0.0668655
123.267 19.1515 0.0680968
123.267 19.1515 0.0680968
123.274 19.1521 0.0661196
123.341 19.1144 0.0631653
123.341 19.1144 0.0631653
123.39 19.1255 0.0661324
123.321 19.0493 0.066417
123.337 19.1516 0.0640895
123.267 19.2017 0.0620151
123.256 19.1855 0.0655211
123.256 19.1855 0.0655211
123.213 19.0626 0.0688307
123.364 19.1341 0.0679111
123.303 19.1335 0.0679622
123.24 19.0614 0.0684843
123.382 19.122 0.0650922
123.382 19.122 0.0650922
123.339 19.1788 0.0643273
123.368 19.1111 0.0657523
123.298 19.0884 0.0664187
123.29 19.1486 0.0666106
123.205 19.0145 0.0714931
123.21 19.1525 0.0647734
123.21 19.1525 0.0647734
123.21 19.1525 0.0647734
123.283 19.0391 0.0670344
123.317 19.1671 0.0682732
123.317 19.1671 0.0682732
123.144 19.075 0.0677256
123.29 19.1853 0.064888
123.291 19.0842 0.0645975
123.291 19.0842 0.0645975
123.325 19.0799 0.0673777
123.308 19.0771 0.064235
123.295 19.0776 0.0657926
123.337 19.1362 0.0674346
123.337 19.1362 0.0674346
123.257 19.1094 0.0675028
123.257 19.1094 0.0675028
123.257 19.1094 0.0675028
123.338 19.1346 0.0637603
123.297 19.1194 0.0660403
123.297 19.1194 0.0660403
123.297 19.1194 0.0660403
123.288 19.1602 0.0653957
123.288 19.1602 0.0653957
123.297 19.1111 0.0662011
123.226 19.1466 0.0661163
123.357 19.15 0.0669202
123.357 19.15 0.0669202
123.216 19.0968 0.0711464
123.245 19.1203 0.0648041
123.278 19.1481 0.065283
123.322 19.3122 0.0652811
123.322 19.3122 0.0652811
123.322 19.3122 0.0652811
123.243 19.1888 0.0649693
123.392 19.0256 0.0672994
123.299 19.266 0.065992
123.299 19.266 0.065992
123.229 19.0764 0.0663803
123.239 19.2067 0.0670648
123.239 19.2067 0.0670648
123.239 19.2067 0.0670648
123.204 19.1584 0.0678402
123.204 19.1584 0.0678402
123.269 19.1712 0.0653107
123.269 19.1712 0.0653107
123.238 19.0864 0.0670407
123.288 19.0525 0.0691494
123.277 18.9975 0.0686095
123.309 19.0924 0.0670839
123.39 19.0901 0.0667936
123.312 19.1815 0.0639693
123.27 19.0855 0.0646528
123.279 19.1208 0.0654012
123.279 19.1208 0.0654012
123.234 19.116 0.0642186
123.315 19.1763 0.0664986
123.31 19.1437 0.067638
123.345 19.1373 0.0653395
123.224 19.0659 0.0682092
123.224 19.0659 0.0682092
123.258 19.1036 0.0677663
123.2 19.1521 0.0676405
123.156 19.127 0.0676746
123.253 19.2525 0.0660054
123.34 19.0495 0.064905
123.314 19.064 0.0678846
123.214 19.1759 0.0666409
123.269 19.0742 0.0653238
123.269 19.0742 0.0653238
123.163 19.1134 0.0636756
123.269 19.2045 0.063179
123.337 19.1297 0.0662233
123.337 19.1297 0.0662233
123.337 19.1297 0.0662233
123.258 19.1084 0.0648871
123.246 19.1153 0.0680724
123.231 19.0895 0.0666975
123.241 19.1375 0.072108
123.289 19.3321 0.0681606
123.32 19.1501 0.0667877
123.318 19.0783 0.0695467
123.273 19.0843 0.0677374
123.237 19.2358 0.0641537
123.385 19.119 0.0674397
123.345 19.0747 0.0664735
123.347 19.1835 0.0660395
123.324 18.9896 0.0681082
123.324 18.9896 0.0681082
123.264 19.1917 0.0693033
123.264 19.1917 0.0693033
123.236 19.2338 0.064657
123.313 19.0374 0.0623497
123.241 19.0178 0.0646729
123.205 19.1664 0.0694257
123.129 19.1156 0.0692626
123.238 19.2031 0.0689718
123.331 19.2039 0.0656254
123.303 19.1351 0.0682926
123.303 19.1351 0.0682926
123.303 19.1351 0.0682926
123.261 19.1954 0.0647601
123.303 19.0331 0.0677791
123.305 19.118 0.0678256
123.271 19.1141 0.06704
123.19 19.0332 0.0643865
123.213 19.1386 0.0678061
123.282 19.1337 0.0657599
123.256 19.1066 0.0691662
123.305 19.1651 0.0677574
123.33 19.1713 0.064932
123.33 19.1713 0.064932
123.271 19.0742 0.0682038
123.348 19.117 0.0659042
123.348 19.117 0.0659042
123.252 19.1396 0.0671657
123.265 19.126 0.0661581
123.188 19.1302 0.0666375
123.185 19.0495 0.0664807
123.246 19.1845 0.0638056
123.246 19.1845 0.0638056
123.232 19.0631 0.0667804
123.272 19.1685 0.0642487
123.284 19.1893 0.0673586
123.316 19.0987 0.0670291
123.316 19.0987 0.0670291
123.221 19.1074 0.0675781
123.308 19.0525 0.0665169
123.271 19.1373 0.0661787
123.323 19.1978 0.0678586
123.298 19.1386 0.0668793
123.246 19.1154 0.0677748
123.19 19.1488 0.0685198
123.288 19.112 0.0681279
123.286 19.2053 0.0625686
123.237 19.1204 0.0660511
123.206 19.2617 0.0690985
123.306 19.1993 0.0624018
123.325 19.1585 0.0651949
123.211 19.0591 0.0651526
123.273 19.1748 0.0641777
123.224 19.125 0.0650448
123.303 19.0904 0.0709832
123.312 19.1268 0.0685367
123.312 19.1268 0.0685367
123.298 19.1358 0.0680811
123.29 19.2052 0.068369
123.29 19.2052 0.068369
123.361 19.1623 0.0656796
123.197 19.1107 0.0694008
123.376 19.1638 0.0674514
123.353 19.1892 0.0655004
123.353 19.1892 0.0655004
123.264 19.143 0.067209
123.264 19.143 0.067209
123.377 19.1021 0.064973
123.222 19.089 0.0686505
123.193 19.1239 0.0670199
123.272 19.0921 0.0646255
123.272 19.0921 0.0646255
123.249 19.1866 0.064875
123.261 19.1721 0.0707284
123.295 19.1177 0.0661677
123.317 19.0666 0.06849
123.282 19.0567 0.0670528
123.203 19.0357 0.0655587
123.203 19.1762 0.0649992
123.289 19.0924 0.0649755
123.285 19.0648 0.0627575
123.28 19.0632 0.0669673
123.304 19.1724 0.0662625
123.304 19.1724 0.0662625
123.304 19.1724 0.0662625
123.319 19.1847 0.0670491
123.319 19.1847 0.0670491
123.279 19.1308 0.0679359
123.279 19.1308 0.0679359
123.31 19.0626 0.0667048
123.31 19.0626 0.0667048
123.203 19.171 0.0646245
123.288 19.07 0.062952
123.306 19.0568 0.0672229
123.355 19.1319 0.0714252
123.118 19.1263 0.0680553
123.191 19.1765 0.0675586
123.191 19.1765 0.0675586
123.259 19.1544 0.0644115
123.346 19.1897 0.0658151
123.165 19.1869 0.0688808
123.255 19.0424 0.0687263
123.205 19.1188 0.0673385
123.254 19.0682 0.0665024
123.289 19.028 0.067288
123.28 19.0781 0.0661051
123.28 19.0781 0.0661051
123.205 19.1727 0.0661185
123.244 19.0859 0.0708988
123.278 19.0914 0.0673863
123.23 19.0775 0.0661601
123.23 19.0775 0.0661601
123.243 19.0472 0.069101
123.347 19.0856 0.0702953
123.163 19.111 0.0677365
123.33 19.0966 0.0664959
123.407 19.1464 0.0672433
123.407 19.1464 0.0672433
123.307 19.1904 0.0693277
123.328 19.0548 0.0662789
123.336 19.1101 0.0657357
123.303 19.1185 0.065526
123.254 19.093 0.0642013
123.21 19.2381 0.0679107
123.23 19.2379 0.0671558
123.319 19.0053 0.0663918
123.33 19.1862 0.0657799
123.33 19.1862 0.0657799
123.295 19.1618 0.0686042
123.295 19.1618 0.0686042
123.295 19.1618 0.0686042
123.249 19.157 0.0656712
123.252 19.0528 0.0677783
123.311 19.1596 0.0659173
123.321 19.121 0.0682482
123.131 19.1144 0.0644356
123.131 19.1144 0.0644356
123.308 19.175 0.0668928
123.332 19.2188 0.0670896
123.198 19.1538 0.0689912
123.262 19.0942 0.0681097
123.25 19.1796 0.0649206
123.215 19.1357 0.0670871
123.215 19.1357 0.0670871
123.273 19.0952 0.0690264
123.158 19.1031 0.0684892
123.249 19.1001 0.0690639
123.249 19.1001 0.0690639
123.303 19.1122 0.0683626
123.303 19.1122 0.0683626
123.236 19.1462 0.0683808
123.236 19.1462 0.0683808
123.184 19.0842 0.0638255
123.222 19.1799 0.0684001
123.177 19.1364 0.066589
123.177 19.1364 0.066589
123.285 19.0328 0.0681406
123.294 19.0687 0.0682268
123.311 19.066 0.0647622
123.342 19.1132 0.0629358
123.274 19.1342 0.068877
123.274 19.1342 0.068877
123.275 19.0565 0.0668401
123.388 19.1062 0.0670388
123.272 19.1316 0.0633544
123.272 19.1316 0.0633544
123.284 19.111 0.068036
123.298 19.1587 0.0668655
123.298 19.1587 0.0668655
123.267 19.1515 0.0680968
123.267 19.1515 0.0680968
123.274 19.1521 0.0661196
123.319 19.1505 0.0623
123.142 19.1369 0.066854
123.31 19.0735 0.0658011
123.285 19.1306 0.0649484
123.337 19.1516 0.0640895
123.267 19.2017 0.0620151
123.13 19.1717 0.0667856
123.242 19.1767 0.0698188
123.228 19.1997 0.0672996
123.303 19.1335 0.0679622
123.303 19.1335 0.0679622
123.382 19.122 0.0650922
123.382 19.122 0.0650922
123.339 19.1788 0.0643273
123.303 19.0541 0.0699427
123.29 19.1486 0.0666106
123.363 19.05 0.0684724
123.281 18.9911 0.063988
123.281 18.9911 0.063988
123.317 19.1671 0.0682732
123.349 19.213 0.0690613
123.29 19.1853 0.064888
123.325 19.0799 0.0673777
123.206 19.1234 0.0656046
123.337 19.1362 0.0674346
123.186 19.0968 0.0640963
123.257 19.1094 0.0675028
123.257 19.1094 0.0675028
123.338 19.1346 0.0637603
123.251 19.0749 0.0670126
123.251 19.0749 0.0670126
123.251 19.0749 0.0670126
123.288 19.1602 0.0653957
123.297 19.1111 0.0662011
123.226 19.1466 0.0661163
123.337 19.172 0.0683188
123.337 19.172 0.0683188
123.216 19.0968 0.0711464
123.245 19.1203 0.0648041
123.278 19.1481 0.065283
123.278 19.1481 0.065283
123.221 19.1128 0.0619706
123.243 19.1888 0.0649693
123.382 19.067 0.0657705
123.299 19.266 0.065992
123.274 19.2087 0.0687965
123.274 19.2087 0.0687965
123.239 19.2067 0.0670648
123.16 19.2037 0.0659255
123.325 19.1001 0.0674656
123.325 19.1001 0.0674656
123.238 19.0864 0.0670407
123.23 19.3348 0.0676936
123.277 18.9975 0.0686095
123.309 19.0924 0.0670839
123.39 19.0901 0.0667936
123.39 19.0901 0.0667936
123.39 19.0901 0.0667936
123.27 19.0855 0.0646528
123.279 19.1208 0.0654012
123.279 19.1208 0.0654012
123.334 19.1677 0.0677417
123.334 19.1677 0.0677417
123.315 19.1763 0.0664986
123.315 19.1763 0.0664986
123.315 19.1763 0.0664986
123.315 19.1763 0.0664986
123.243 19.1792 0.067007
123.224 19.0659 0.0682092
123.224 19.0659 0.0682092
123.224 19.0659 0.0682092
123.252 19.1141 0.0639935
123.258 19.1036 0.0677663
123.273 19.1566 0.0656524
123.261 19.1273 0.0683893
123.221 19.1316 0.0691685
123.232 19.1775 0.0667445
123.269 19.1327 0.0646381
123.254 19.0513 0.0662576
123.269 19.0742 0.0653238
121.392 20.4954 0.0849903
123.258 19.0704 0.0659541
123.296 19.1727 0.0682187
123.355 19.1268 0.0666983
123.318 19.0948 0.0667065
123.327 19.0928 0.0665135
123.319 19.0949 0.0666552
123.323 19.0996 0.0667383
123.287 19.1415 0.0625319
123.277 19.1312 0.0655303
123.276 19.1288 0.065469
123.178 19.05 0.0665271
123.338 19.0795 0.0677849
123.353 19.1797 0.0687259
123.397 19.1703 0.066066
123.394 19.1701 0.0659643
123.258 19.0154 0.0635927
123.284 19.2172 0.0635436
123.277 19.1115 0.0682555
123.321 19.1651 0.0665305
123.186 19.1152 0.0671263
123.258 19.187 0.0682563
123.251 19.1899 0.0679902
123.22 19.1826 0.0700901
123.263 19.2262 0.0685131
123.259 19.2182 0.06847
123.3 19.1133 0.0690399
123.342 19.0861 0.0658977
123.31 19.0532 0.0685306
123.213 19.19 0.0662794
123.243 19.2025 0.0659026
123.241 19.2023 0.0657962
123.218 19.1394 0.0691734
123.262 19.0154 0.0690592
123.221 19.0548 0.0664242
123.332 19.1502 0.0650801
123.297 19.1655 0.0644519
123.211 19.1356 0.0650226
123.219 19.135 0.0648616
123.297 19.1101 0.0684656
123.304 19.1123 0.068563
123.297 19.1075 0.068367
123.288 19.2064 0.0682767
123.288 19.2043 0.0683828
123.311 19.1761 0.0650154
123.297 19.2205 0.071292
123.319 19.128 0.0665177
123.245 19.1452 0.0681238
123.269 19.1851 0.0627164
123.322 19.1235 0.0668217
123.324 19.1206 0.066856
123.311 19.1025 0.0677514
123.277 19.1304 0.0653789
123.339 19.1044 0.066425
123.344 19.1147 0.0663176
123.22 19.0925 0.0687979
123.216 19.0918 0.0684316
123.342 19.1585 0.0678276
123.329 19.1726 0.0681405
123.318 19.1083 0.0674247
123.284 19.1079 0.0708018
123.271 19.056 0.0688089
123.252 19.0638 0.0670154
123.304 19.0526 0.065445
123.299 19.0436 0.0656407
123.273 19.0784 0.0691368
123.233 19.1506 0.0691027
123.305 19.2388 0.0688136
123.241 19.1455 0.0681265
123.241 19.148 0.068298
123.213 19.2032 0.0692936
123.21 19.2109 0.0693621
123.316 19.1816 0.0689022
123.27 19.15 0.0686157
123.276 19.0737 0.0693183
123.181 19.227 0.0635745
123.329 19.0198 0.0661646
123.328 19.0689 0.0665219
123.265 19.1009 0.0698524
123.239 19.1194 0.0681098
123.241 19.0948 0.0668878
123.344 19.1676 0.0690608
123.347 19.1612 0.0688985
123.281 19.1607 0.0685629
123.328 19.1099 0.0659742
123.297 19.1648 0.0641702
123.297 19.1643 0.0643956
123.284 19.159 0.066652
123.151 19.135 0.0697759
123.296 19.1405 0.0663837
123.296 19.1423 0.066482
123.244 19.0311 0.0692824
123.152 19.1435 0.0666844
123.268 19.0096 0.0660236
123.322 19.0848 0.0654225
123.369 19.0167 0.066501
123.372 19.0222 0.0665496
123.31 19.131 0.0685552
123.166 19.1837 0.0678439
123.324 19.1463 0.0657205
123.295 19.1569 0.0670807
123.348 19.1891 0.0678894
123.331 19.1219 0.0653962
123.317 19.1481 0.0710552
123.326 19.0935 0.0669823
123.39 19.1369 0.0661905
123.2 19.1716 0.0631977
123.133 19.1546 0.0689514
123.246 19.0919 0.0653667
123.226 19.0401 0.0660686
123.316 19.1442 0.0696198
123.322 19.1145 0.0676391
123.426 19.1389 0.065953
123.254 19.1062 0.0686527
123.276 19.0989 0.0692867
123.218 19.1756 0.0670103
123.198 19.0977 0.0719564
123.243 19.1091 0.0682078
123.328 19.1399 0.0678155
123.324 19.0478 0.0681982
123.326 19.0961 0.0655057
123.417 19.094 0.0637334
123.338 19.0973 0.0661442
123.376 19.1345 0.0667415
123.378 19.1348 0.0666951
123.29 19.2052 0.065826
123.319 19.1607 0.0646626
123.081 19.0274 0.0683385
123.292 19.2259 0.0673046
123.296 19.2205 0.067357
123.23 19.1007 0.0651008
123.326 19.0987 0.06925
123.334 18.9851 0.0631248
123.26 19.0289 0.0640577
123.263 19.0317 0.064019
123.356 19.1485 0.0659019
123.305 19.1881 0.0690952
123.252 19.0783 0.0698512
123.276 19.1961 0.0684238
123.219 19.0826 0.0711484
123.337 19.0972 0.0654361
123.348 19.1115 0.0655244
123.351 19.1155 0.0653556
123.225 19.1838 0.070401
123.248 19.2063 0.0721729
123.302 19.0454 0.0643048
123.233 19.1301 0.0680572
123.242 19.0997 0.071095
123.168 19.13 0.0690913
123.294 19.0878 0.0682091
123.22 19.0861 0.0679038
123.335 19.1061 0.0643867
123.314 19.098 0.0677783
123.265 19.1482 0.0656591
123.266 19.15 0.0656834
123.257 19.1018 0.067995
123.231 19.2682 0.0647549
123.236 19.1319 0.0689384
123.269 19.1859 0.0680366
123.268 19.1789 0.067997
123.272 19.1877 0.0681174
123.186 19.2235 0.0682872
123.184 19.2232 0.0683102
123.292 19.0897 0.0667918
123.178 19.1779 0.0648871
123.177 19.1786 0.0649001
123.17 19.1881 0.0687997
123.283 19.1297 0.0664275
123.304 19.0855 0.0679984
123.234 19.0118 0.0672911
123.213 19.1167 0.0684599
123.212 19.1585 0.0656549
123.326 19.0821 0.063837
123.342 19.083 0.067189
123.155 19.0998 0.06665
123.241 19.1067 0.0686668
123.324 19.039 0.0684158
123.326 19.0367 0.0681404
123.283 19.1997 0.0664532
123.101 19.1034 0.06739
123.203 19.2227 0.0700744
123.311 19.1061 0.0648935
123.311 19.1068 0.0647198
123.178 19.1529 0.0668679
123.284 19.1237 0.0684448
123.222 19.16 0.0686934
123.256 18.9837 0.0669687
123.298 19.0487 0.0660138
123.194 19.2162 0.0670126
123.238 19.0856 0.0679063
123.244 19.15 0.067088
123.236 19.1794 0.067772
123.296 19.1411 0.0682436
123.315 19.1337 0.0665969
123.245 19.1474 0.0714207
123.36 19.1113 0.0662348
123.36 19.1178 0.0663467
123.341 19.1321 0.0676227
123.238 19.1213 0.0653785
123.356 19.0936 0.0666564
123.342 19.153 0.0654486
123.256 19.0973 0.0665552
123.246 19.1485 0.0660542
123.193 19.1308 0.0650702
123.215 19.1743 0.0693865
123.212 19.1423 0.0673816
123.336 19.0223 0.0652508
123.328 19.0502 0.0647188
123.313 19.1198 0.0690725
123.336 19.0553 0.0691706
123.137 19.1496 0.0650311
123.142 19.0893 0.0653145
123.296 19.1998 0.0639863
123.226 19.105 0.0668641
123.275 19.1171 0.0676168
123.29 19.1322 0.0666039
123.265 19.1002 0.0691867
123.358 19.1158 0.0685027
123.241 19.1425 0.0696417
123.258 19.1237 0.0666256
123.377 19.1316 0.0647043
123.277 19.112 0.0655568
123.257 19.1264 0.0685181
123.293 18.984 0.065059
123.286 19.2286 0.0679029
123.267 19.0605 0.0700446
123.3 19.1517 0.0672124
123.262 19.0434 0.0669674
123.293 19.0996 0.0658106
123.302 19.1637 0.066954
123.344 19.2435 0.0670737
123.348 19.2384 0.0666718
123.234 19.0694 0.0668343
123.318 19.1709 0.0673616
123.319 19.167 0.0672361
123.261 19.1218 0.0681194
123.265 19.1204 0.0682399
123.284 19.1654 0.0691558
123.296 19.1635 0.0692106
123.287 19.1172 0.0681748
123.268 19.0791 0.0693931
123.208 19.0295 0.0645963
123.193 19.1381 0.0658339
123.196 19.1392 0.0657372
123.189 19.2091 0.0657526
123.199 19.0988 0.0684207
123.255 19.1916 0.0669606
123.283 19.0087 0.0678078
123.319 19.081 0.0660579
123.353 19.2135 0.0687033
123.236 19.0675 0.0634512
123.292 19.1201 0.0683521
123.302 19.1153 0.068211
123.315 19.0629 0.0660184
123.301 19.1515 0.0670399
123.299 19.1529 0.0672401
123.186 19.1271 0.0629651
123.274 19.1547 0.0642381
123.266 19.1466 0.0667399
123.298 19.1451 0.0639126
123.28 19.1173 0.0699003
123.231 19.2464 0.0683961
123.265 19.1779 0.0648013
123.257 19.1804 0.0646942
123.281 19.1094 0.0688046
123.344 19.0842 0.0680444
123.345 19.0816 0.0681024
123.299 19.1141 0.065498
123.343 19.144 0.0669534
123.243 18.9991 0.0674602
123.336 19.0372 0.0669997
123.329 19.0556 0.067034
123.343 19.0468 0.0667881
123.298 19.172 0.0681012
123.214 19.172 0.0691064
123.297 19.1087 0.0691661
123.28 19.1332 0.0655196
123.276 19.1395 0.0691061
123.279 19.134 0.0693269
123.265 19.1485 0.0662813
123.272 19.1405 0.0685053
123.34 19.0799 0.0676373
123.344 19.0763 0.0676361
123.245 19.0814 0.0659776
123.396 19.1615 0.0662595
123.394 19.1639 0.0660069
123.397 19.1663 0.0662367
123.283 19.2189 0.0633931
123.278 19.1153 0.0682211
123.273 19.1094 0.0683592
123.212 19.0619 0.068811
123.167 19.2562 0.0662962
123.327 19.1618 0.0664609
123.251 19.1895 0.0680559
123.291 19.1305 0.0669016
123.265 19.2165 0.0683378
123.175 19.1893 0.0648817
123.345 19.0821 0.066043
123.313 19.0585 0.06697
123.213 19.1914 0.0663285
123.243 19.2006 0.0659338
123.267 19.1384 0.0632944
123.265 19.1314 0.0633253
123.214 19.1405 0.0691098
123.301 19.1903 0.0693176
123.265 19.0109 0.0691212
123.446 19.0074 0.0654353
123.28 19.1171 0.0651687
123.287 19.1188 0.0650623
123.297 19.1102 0.0684268
123.286 19.2041 0.0683011
123.298 19.2149 0.0711493
123.191 19.2074 0.0662689
123.322 19.1275 0.0666309
123.272 19.1457 0.0666041
123.21 19.1073 0.0693272
123.154 19.0658 0.0692609
123.324 19.1215 0.0668759
123.272 19.2055 0.0662148
123.305 19.097 0.0676575
123.283 19.1345 0.0654153
123.278 19.1332 0.065469
123.342 19.1081 0.0664334
123.305 19.2242 0.0704709
123.32 19.1765 0.0681049
123.32 19.099 0.0673759
123.206 19.1284 0.0669558
123.26 19.0698 0.067119
123.267 19.0805 0.069186
123.239 19.1501 0.0691586
123.378 19.1291 0.0712676
123.269 19.1437 0.0665289
123.262 19.1434 0.066555
123.218 19.2074 0.0692905
123.317 19.1316 0.0680015
123.319 19.1294 0.068105
123.315 19.1724 0.0688968
123.242 19.1363 0.0671976
123.282 19.0674 0.0693416
123.182 19.223 0.0638061
123.331 19.0202 0.066281
123.334 19.1257 0.0680079
123.333 19.0718 0.0664412
123.257 19.1228 0.0684938
123.255 19.1193 0.0683039
123.266 19.0942 0.0697914
123.302 19.1645 0.0628529
123.24 19.1173 0.0681008
123.23 19.1508 0.0660143
123.24 19.0944 0.0671011
123.313 19.1204 0.0680301
123.315 19.1333 0.0681333
123.288 19.1563 0.0686408
123.281 19.1524 0.0686762
123.349 19.039 0.0668239
123.335 19.1044 0.0659454
123.33 19.1136 0.0658307
123.345 19.1313 0.0632267
123.299 19.1627 0.0642527
123.276 19.1617 0.0668261
123.196 19.1007 0.0652128
123.297 19.1421 0.0665486
123.292 19.141 0.066402
123.157 19.1458 0.0668303
123.419 19.1606 0.0694129
123.315 19.0749 0.0654848
123.235 19.1766 0.0687626
123.31 19.1272 0.0686395
123.162 19.1811 0.0677627
123.327 19.1449 0.0657996
123.345 19.1864 0.0679149
123.332 19.1221 0.0655085
123.324 19.1292 0.0650975
123.22 19.1177 0.0644735
123.323 19.117 0.0666948
123.325 19.1126 0.0669174
123.331 19.0908 0.0671296
123.234 19.1694 0.0666874
123.255 19.1341 0.0668634
123.251 19.0953 0.0650981
123.204 19.196 0.0673368
123.265 19.1064 0.0663569
123.312 19.144 0.0695243
123.319 19.1192 0.0676712
123.43 19.1382 0.0659967
123.131 19.2414 0.06946
123.252 19.0994 0.0688511
123.282 19.1006 0.0691416
123.352 19.1601 0.0674753
123.215 19.1694 0.066897
123.189 19.0986 0.0683152
123.192 19.0988 0.0684328
123.27 19.0721 0.0656341
123.247 19.1064 0.0684063
123.316 19.1277 0.0678605
123.214 19.1901 0.0677471
123.325 19.0473 0.0681442
123.217 19.1145 0.0651688
123.33 19.1054 0.0655656
123.33 19.107 0.0653925
123.379 19.0961 0.0692335
123.373 19.1341 0.066591
123.286 19.2023 0.0657747
123.288 19.1993 0.0661534
123.288 19.2011 0.0656883
123.319 19.1533 0.0648616
123.318 19.1581 0.0649957
123.217 19.1926 0.0650966
123.295 19.2238 0.0672624
123.229 19.0984 0.0651361
123.269 19.1664 0.0684902
123.27 19.1715 0.06846
123.293 19.0917 0.0668867
123.297 19.0936 0.0667703
123.298 19.0909 0.0665964
123.311 19.0473 0.0681616
123.306 19.1865 0.0691857
123.202 19.1521 0.0668325
123.276 19.227 0.0692574
123.348 19.1128 0.0654768
123.234 19.188 0.0703323
123.239 19.072 0.0665356
123.167 19.1989 0.0685785
123.254 19.1929 0.0661685
123.301 19.0451 0.0642789
123.237 19.128 0.0682643
123.239 19.1021 0.0710811
123.188 19.1955 0.0645908
123.17 19.133 0.0691068
123.334 19.1069 0.0645646
123.267 19.1512 0.0656111
123.265 19.1484 0.0658263
123.253 19.1185 0.066852
123.236 19.1141 0.065217
123.28 19.2878 0.0701352
123.185 19.2254 0.0682911
123.291 19.0901 0.0667535
123.282 19.1469 0.069494
123.245 19.1219 0.0674612
123.277 19.1229 0.0665776
123.296 19.0915 0.0680416
123.286 19.0676 0.0682691
123.226 19.1085 0.0684254
123.235 19.0703 0.0672268
123.198 19.1452 0.0655447
123.202 19.1429 0.0656638
123.334 19.0804 0.0641035
123.346 19.0802 0.0670686
123.271 19.1638 0.0684154
123.235 19.1532 0.0673218
123.324 19.0487 0.0682936
123.16 19.1229 0.0660172
123.277 19.204 0.0662768
123.239 19.1075 0.0658723
123.21 19.2126 0.069804
123.312 19.1011 0.064578
123.371 18.961 0.068149
123.232 19.1544 0.0685372
123.296 19.0531 0.0658773
123.237 19.0941 0.067987
123.236 19.1821 0.0676048
123.262 19.0832 0.0687707
123.315 19.1374 0.0666197
123.312 19.1305 0.0664624
123.318 19.1639 0.070565
123.291 19.1524 0.0671658
123.358 19.1175 0.0664493
123.365 19.1164 0.0663458
123.338 19.1289 0.0675127
123.236 19.1258 0.0650914
123.24 19.1198 0.0652962
123.138 19.1757 0.0644521
123.346 19.149 0.0655069
123.248 19.147 0.0660126
123.346 19.1375 0.0641663
123.189 19.1394 0.0651691
123.211 19.1406 0.0673436
123.21 19.1354 0.0671906
123.332 19.0472 0.0646927
123.187 19.1998 0.0641725
123.217 19.0782 0.0664173
123.21 19.0861 0.0666147
123.131 19.109 0.0695036
123.147 19.0913 0.0653518
123.144 19.0899 0.0651964
123.223 19.1121 0.0670658
123.228 19.1094 0.0667432
123.276 19.1161 0.0676342
123.278 19.114 0.0677367
123.29 19.1303 0.0667221
123.242 19.1498 0.066077
123.291 19.0983 0.0665547
123.289 19.0962 0.0662974
123.361 19.1133 0.0684218
123.219 19.1627 0.0653937
123.192 19.103 0.0664219
123.19 19.0987 0.0666755
123.381 19.1349 0.0645791
123.285 19.1076 0.0653529
123.212 19.1774 0.0691938
123.478 20.695 0.0822089
123.239 19.1234 0.0658858
123.169 19.0309 0.0641901
123.258 19.2079 0.0741984
123.283 19.063 0.0658209
123.241 19.2115 0.0635596
123.242 19.2143 0.0635138
123.273 18.9787 0.0629622
123.33 19.0779 0.0652737
123.233 19.0739 0.0686837
123.297 19.1413 0.0645542
123.202 19.0704 0.0691808
123.326 19.1797 0.0648575
123.292 19.1853 0.068178
123.287 19.1905 0.0683978
123.283 19.1485 0.0660366
123.262 19.2012 0.0652638
123.266 19.2083 0.0651254
123.282 19.0044 0.0635355
123.261 19.2027 0.0697395
123.179 19.2262 0.0704132
123.327 19.0545 0.0659762
123.315 19.104 0.0694513
123.23 19.2134 0.0670376
123.263 19.2403 0.0690067
123.187 19.1875 0.0639631
123.228 19.1577 0.0656398
123.263 19.1352 0.0661139
123.228 19.2638 0.0667108
123.222 19.1993 0.0660767
123.283 19.0726 0.0701762
123.253 19.0887 0.0676975
123.387 19.1641 0.0660901
123.298 19.1957 0.0666753
123.235 19.1293 0.0648157
123.272 19.2619 0.0686638
123.3 19.1148 0.0704838
123.306 19.1815 0.0673466
123.282 19.099 0.0684764
123.275 19.1017 0.068532
123.167 19.1728 0.0685775
123.245 19.1608 0.0671396
123.241 19.1367 0.0677803
123.248 19.187 0.0684293
123.309 19.1679 0.0687164
123.228 19.1274 0.0670503
123.235 19.1682 0.0692415
123.29 19.1037 0.0652686
123.275 19.21 0.0671156
123.344 19.0123 0.0652079
123.264 19.1792 0.0664597
123.255 19.165 0.067592
123.22 19.0545 0.067224
123.262 19.1725 0.0665668
123.257 19.1769 0.0667045
123.26 19.1716 0.0666841
123.381 19.3 0.0660192
123.231 19.1652 0.0664497
123.221 19.1971 0.0660229
123.205 19.1139 0.0705615
123.292 19.1498 0.0675945
123.291 19.1585 0.0676476
123.216 19.228 0.0654457
123.216 19.2187 0.0652096
123.359 19.2495 0.0656143
123.359 19.2453 0.0654829
123.298 19.002 0.0702132
123.28 19.1853 0.0692998
123.325 19.2272 0.0683888
123.328 19.2291 0.0683235
123.316 19.0523 0.0630829
123.229 19.1551 0.0662883
123.357 19.2408 0.0636524
123.354 19.2422 0.0636166
123.213 19.1524 0.0652014
123.265 19.1486 0.0655719
123.347 19.225 0.0677788
123.345 19.2258 0.067781
123.269 19.1557 0.0669001
123.28 19.058 0.069042
123.373 19.1676 0.0622884
123.19 19.1273 0.0680595
123.282 19.1127 0.0634435
123.285 19.1135 0.0633798
123.28 19.1144 0.0635524
123.282 19.1118 0.0634942
123.278 19.0918 0.0648978
123.239 19.0765 0.068325
123.167 19.2239 0.0671338
123.215 19.0389 0.0683227
123.303 19.2186 0.0660508
123.278 19.2015 0.0688839
123.24 19.232 0.0659916
123.227 19.2134 0.0676162
123.252 19.1168 0.0664534
123.333 19.1477 0.0670779
123.335 19.1515 0.0669201
123.238 19.1077 0.0674668
123.24 19.1122 0.0673499
123.226 19.1819 0.064652
123.342 19.0697 0.0687578
123.15 19.1456 0.0661156
123.143 19.1444 0.0660713
123.172 19.2145 0.0667617
123.166 19.2135 0.0668786
123.283 19.1238 0.0672109
123.328 19.2388 0.0650385
123.255 19.2217 0.0689471
123.397 19.0629 0.0680703
123.343 19.0748 0.0655662
123.335 19.0739 0.0656523
123.287 19.1781 0.0673165
123.201 19.0821 0.0674745
123.206 19.0788 0.067282
123.203 19.0713 0.0648576
123.352 18.9858 0.070941
123.275 19.1835 0.067291
123.271 19.1711 0.0670257
123.205 19.1691 0.0690074
123.205 19.1684 0.0689482
123.325 19.142 0.068359
123.239 19.0544 0.067901
123.256 19.0867 0.0676261
123.394 19.1819 0.0662981
123.252 19.119 0.0683595
123.24 19.1711 0.0645531
123.31 19.1646 0.0689286
123.285 19.1839 0.0668017
123.282 19.18 0.0667849
123.28 19.184 0.0668622
123.175 19.1769 0.0680855
123.228 19.1227 0.0657229
123.241 19.1207 0.0631479
123.216 19.1277 0.0666702
123.318 19.0673 0.0629447
123.312 19.1693 0.0676277
123.296 19.1059 0.0699768
123.185 19.0159 0.0674375
123.34 19.0191 0.0671071
123.179 19.1315 0.068886
123.457 19.1898 0.0672048
123.293 19.1025 0.0665971
123.237 19.1891 0.067229
123.27 19.3074 0.0681638
123.185 18.9882 0.065392
123.369 19.1954 0.0679015
123.275 19.1965 0.066276
123.149 19.1169 0.0664428
123.207 19.1514 0.0697526
123.316 19.2156 0.065629
123.312 19.0869 0.0652681
123.335 19.1086 0.0641195
123.245 19.0497 0.0688014
123.197 19.0964 0.0675634
123.268 19.2325 0.0670556
123.265 19.1718 0.0663757
123.254 19.2022 0.0648093
123.256 19.2012 0.064789
123.257 19.1544 0.0744936
123.255 19.1794 0.0671132
123.231 19.1834 0.0683884
123.177 19.1979 0.0723436
123.265 19.0891 0.0634781
123.226 19.1078 0.07071
123.237 19.1108 0.0705485
123.25 19.0642 0.0663583
123.188 19.045 0.0674538
123.373 19.2044 0.0654439
123.126 19.2181 0.0695098
123.231 19.0779 0.0663275
123.232 19.076 0.0661307
123.177 19.3207 0.0658074
123.267 19.0955 0.0677575
123.287 19.0636 0.0697352
123.296 19.0954 0.0657128
123.276 19.2418 0.0664589
123.385 19.0588 0.0670973
123.307 19.1729 0.0659318
123.274 19.0353 0.0664742
123.256 19.2568 0.0694862
123.249 19.2194 0.0641804
123.332 19.059 0.0652112
123.29 19.0725 0.0635995
123.339 19.0776 0.0643295
123.241 19.1727 0.0669597
123.251 19.0756 0.0672746
123.253 19.0716 0.0670715
123.378 19.2232 0.0651939
123.314 19.2617 0.0710097
123.284 19.0977 0.0679482
123.255 19.0121 0.0680198
123.309 19.068 0.0670985
123.359 19.1555 0.0667804
123.361 19.1574 0.0668608
123.384 19.1324 0.0653251
123.293 19.089 0.0698802
123.224 19.0493 0.0681844
123.23 19.0461 0.0681767
123.112 19.2473 0.06803
123.269 19.0116 0.066987
123.188 19.1154 0.0673258
123.242 19.1486 0.0682986
123.255 19.1673 0.0683959
123.198 19.1102 0.0662543
123.196 19.115 0.0662202
123.348 19.1838 0.0675382
123.354 19.1758 0.0674778
123.309 19.0559 0.0688398
123.234 19.0797 0.070139
123.26 19.0888 0.0659633
123.182 19.1402 0.0655211
123.209 19.1562 0.0653165
123.367 19.1577 0.0644185
123.373 19.1579 0.0644727
123.391 19.1622 0.0642657
123.24 19.1878 0.0665216
123.153 19.1765 0.0689682
123.321 19.1681 0.0648588
123.186 19.2352 0.0688053
123.282 19.2291 0.0677643
123.325 19.0591 0.0698613
123.379 19.0684 0.0666832
123.324 19.0722 0.064035
123.272 19.1137 0.0671163
123.265 19.113 0.0673611
123.334 19.1626 0.0692779
123.342 19.1913 0.0713559
123.252 19.1861 0.0674035
123.245 19.1859 0.0674977
123.243 19.2647 0.0672819
123.279 19.1825 0.0659651
123.247 19.1609 0.0682327
123.354 19.1648 0.0673329
123.317 19.1696 0.0656522
123.221 19.0308 0.0714378
123.304 19.1752 0.0670932
123.351 19.1152 0.068216
123.229 19.1342 0.0622621
123.257 19.1206 0.0629526
123.253 19.1572 0.067936
123.266 19.1925 0.063813
123.276 19.0932 0.0663188
123.233 19.1629 0.0670268
123.268 19.2667 0.0651571
123.36 19.2393 0.0678294
123.323 19.1608 0.0677537
123.162 19.0494 0.0682995
123.284 19.0669 0.0668459
123.291 19.0724 0.0669545
123.331 19.2077 0.0650812
123.412 19.2368 0.0673738
123.227 19.0362 0.0660777
123.241 19.1249 0.0656782
123.245 19.1209 0.0657438
123.146 19.0548 0.0645336
123.113 19.1425 0.0696049
123.238 19.2118 0.0638759
123.277 19.037 0.0660231
123.276 19.038 0.0661668
123.22 19.1616 0.0686812
123.329 19.2372 0.0650456
123.323 19.2395 0.0650248
123.214 19.0967 0.0677649
123.321 19.1797 0.0647236
123.151 19.1211 0.0674751
123.15 19.1212 0.0671813
123.291 19.1843 0.0682025
123.277 19.1517 0.0660137
123.282 19.1515 0.0658718
123.254 19.1991 0.0697817
123.229 19.0928 0.0632007
123.207 19.1817 0.0672891
123.327 19.0507 0.0660119
123.328 19.0482 0.0658121
123.273 19.1492 0.0682971
123.309 19.1033 0.0696043
123.321 19.1004 0.0695502
123.225 19.1209 0.0658816
123.265 19.0647 0.0674618
123.314 19.0834 0.067092
123.314 19.0782 0.0670987
123.261 19.1302 0.0610823
123.27 19.0313 0.0701204
123.236 19.0896 0.0668264
123.237 19.0864 0.0667625
123.236 19.0868 0.0666615
123.403 19.081 0.0608376
123.279 19.0747 0.070068
123.114 19.1596 0.0660531
123.255 19.0858 0.0675621
123.187 19.144 0.0659946
123.294 19.1997 0.0667454
123.379 19.0667 0.0709516
123.235 19.1214 0.0648105
123.281 19.2468 0.0676116
123.282 19.2433 0.067398
123.299 19.0968 0.0641786
123.304 19.1024 0.0641336
123.32 19.045 0.0649626
123.217 19.151 0.0648053
123.217 19.1448 0.0646658
123.307 19.1803 0.0673443
123.212 19.1283 0.0671264
123.18 19.2168 0.0649355
123.167 19.1715 0.0685893
123.244 19.1662 0.0670944
123.242 19.1411 0.0678332
123.244 19.1461 0.0677049
123.324 19.1677 0.0688164
123.313 19.1695 0.0687152
123.225 19.1289 0.0668489
123.284 19.1784 0.0667689
123.284 19.1837 0.0667743
123.275 19.2111 0.0672013
123.345 19.0102 0.0653085
123.268 19.033 0.0676109
123.265 19.1783 0.0664416
123.251 19.1686 0.0677356
123.214 19.0541 0.0674809
123.26 19.1698 0.0668115
123.235 19.165 0.0664438
123.227 19.197 0.0659014
123.295 19.1841 0.0681251
123.25 19.1561 0.0672027
123.337 19.2513 0.0680058
123.36 19.2488 0.0656107
123.279 19.1844 0.0690327
123.325 19.2211 0.0684415
123.321 19.0521 0.063123
123.236 19.1586 0.0660561
123.353 19.2362 0.0636354
123.208 19.1555 0.0652322
123.346 19.2279 0.0677716
123.276 19.1613 0.0667169
123.27 19.1582 0.066875
123.311 19.012 0.0646451
123.37 19.1679 0.0625045
123.19 19.1309 0.068066
123.283 19.1115 0.0635586
123.322 19.0872 0.0627715
123.284 19.0902 0.0648312
123.234 19.0377 0.0646796
123.241 19.0337 0.0647487
123.167 19.2195 0.0670164
123.214 19.0326 0.0683182
123.348 19.2578 0.0693609
123.195 19.1634 0.0657914
123.271 19.2069 0.0687946
123.28 19.2076 0.068792
123.235 19.2384 0.0661349
123.225 19.2182 0.0674333
123.246 19.1254 0.0663921
123.306 19.1319 0.0678561
123.337 19.1398 0.0670635
123.336 19.1479 0.0670567
123.235 19.106 0.0673571
123.331 19.0629 0.0686549
123.249 19.1821 0.0682333
123.161 19.126 0.0654023
123.273 19.0629 0.0674949
123.271 19.0621 0.0677963
123.336 19.2401 0.0651279
123.221 19.1285 0.0684835
123.256 19.2229 0.0690233
123.212 19.1878 0.0644077
123.342 19.0842 0.0671508
123.207 19.0775 0.0672302
123.285 19.0915 0.0681664
123.271 19.1883 0.0675147
123.268 19.1862 0.0673018
123.275 19.1847 0.067318
123.267 19.1672 0.0669538
123.237 19.1621 0.0686665
123.298 19.0745 0.0664749
123.326 19.1466 0.0682034
123.227 19.1227 0.0680309
123.241 19.1679 0.0646571
123.231 19.0521 0.0700553
123.239 19.0526 0.0699947
123.305 19.1715 0.0688408
123.284 19.1778 0.0667199
123.185 19.174 0.0679876
123.234 19.1265 0.0658064
123.303 19.0082 0.0678087
123.211 19.0868 0.0675758
123.214 19.1263 0.0667707
123.161 19.038 0.0651809
123.314 19.0607 0.0630269
123.314 19.0704 0.063121
123.188 19.258 0.0676096
123.31 19.1667 0.0676368
123.219 19.1714 0.0675889
123.259 19.1044 0.07058
123.251 19.023 0.0668424
123.175 19.1374 0.0690744
123.291 19.1046 0.0666116
123.237 19.1858 0.0674808
123.22 19.0245 0.0639841
123.235 19.0926 0.0655624
123.217 19.1458 0.065994
123.275 19.1968 0.0663785
123.267 19.0686 0.0687569
123.293 19.0953 0.0610941
123.292 19.0951 0.0611926
123.296 19.1606 0.0683984
123.323 19.2037 0.065632
123.32 19.2104 0.0656482
123.313 19.0899 0.0655554
123.249 19.1475 0.0648382
123.267 19.0504 0.0642088
123.268 19.0461 0.0641157
123.329 19.1056 0.0641109
123.198 19.1016 0.0675607
123.259 19.1776 0.066331
123.24 18.963 0.0662802
123.247 19.1796 0.0672437
123.348 19.1804 0.0665847
123.281 19.1213 0.0678052
123.203 18.9936 0.0658548
123.188 19.0409 0.0674856
123.124 19.2062 0.0693552
123.287 19.1156 0.0674672
123.289 19.1164 0.0675266
123.22 19.0992 0.0686038
123.22 19.0988 0.0685493
123.268 19.0903 0.0678248
123.203 19.1853 0.065007
123.201 19.186 0.0650531
123.259 19.1647 0.0689044
123.276 19.236 0.0664713
123.222 19.2015 0.0665824
123.38 19.0557 0.0671786
123.387 19.052 0.067194
123.304 19.1711 0.0658872
123.281 19.0384 0.0663792
123.246 19.2206 0.0639002
123.253 19.2216 0.0640216
123.252 19.0804 0.067936
123.342 19.0818 0.0644736
123.146 19.09 0.0689176
123.151 19.1429 0.0680775
123.211 19.1001 0.0671614
123.377 19.2196 0.0668673
123.377 19.2163 0.0668808
123.374 19.2138 0.0668054
123.17 19.1125 0.0696749
123.316 19.1173 0.0627247
123.31 19.0677 0.0672484
123.309 19.0674 0.0673762
123.268 19.1519 0.0697535
123.36 19.1611 0.0666894
123.36 19.1531 0.0667187
123.331 19.1493 0.0635573
123.148 19.0629 0.0690477
123.289 19.2323 0.0641786
123.191 19.1142 0.0674303
123.242 19.1503 0.0681818
123.232 18.9864 0.0659589
123.22 19.1054 0.0632024
123.249 19.1628 0.0682938
123.256 19.1657 0.0685075
123.197 19.1133 0.066193
123.193 19.1312 0.0633921
123.302 19.0495 0.0687024
123.307 19.0578 0.0683816
123.31 19.157 0.0663388
123.305 19.1513 0.0663257
123.276 19.0389 0.0668989
123.176 19.141 0.0654678
123.18 19.1444 0.0654523
123.295 19.1776 0.0689183
123.39 19.1627 0.0640802
123.116 19.1809 0.0664278
123.319 19.1703 0.0651647
123.208 19.1558 0.0651725
123.227 19.1305 0.0693944
123.279 19.2295 0.0679534
123.281 18.9908 0.0645601
123.268 19.0782 0.0678221
123.341 19.1158 0.0679433
123.339 19.1197 0.0679026
123.373 19.0627 0.0668989
123.224 19.1234 0.063577
123.266 19.1133 0.0672735
123.193 19.2074 0.0702876
123.303 19.2631 0.0666198
123.281 19.1794 0.0661698
123.249 19.1639 0.0681274
123.348 19.1614 0.0672517
123.325 19.1871 0.0675315
123.319 19.1609 0.0653587
123.248 19.1713 0.0677227
123.228 19.1325 0.0620003
123.256 19.1168 0.0631347
123.261 19.163 0.0678094
123.298 19.3007 0.0655218
123.23 19.1573 0.0670309
123.287 19.162 0.0700721
123.357 19.238 0.068084
123.205 19.0789 0.0688991
121.207 23.1624 0.0935727
123.377 19.1651 0.0660024
123.347 19.1223 0.0659418
123.355 19.2091 0.0706793
123.462 18.9896 0.0627429
123.357 19.0062 0.0655217
123.302 19.0143 0.0669148
123.363 19.2354 0.0645081
123.259 19.0737 0.06384
123.248 19.1349 0.0677995
123.29 19.1711 0.0660457
123.288 19.159 0.0661176
123.262 19.1247 0.0657968
123.324 19.156 0.0661972
123.294 19.1967 0.0637679
123.317 19.1248 0.0646766
123.33 19.2291 0.0668987
123.335 19.0926 0.0661151
123.301 19.2276 0.0689537
123.274 19.0739 0.0698579
123.227 19.0727 0.0661004
123.364 19.0932 0.0686397
123.279 19.2282 0.0664552
123.281 19.2546 0.0695388
123.241 19.1198 0.0672706
123.278 19.0989 0.0663971
123.26 19.0556 0.0694168
123.258 19.0742 0.0721244
123.362 19.1674 0.0632055
123.23 19.0903 0.0653001
123.272 19.1263 0.0660027
123.374 19.1331 0.0649724
123.276 19.0699 0.0665539
123.272 19.0723 0.0666317
123.277 19.1635 0.0673327
123.193 19.2388 0.0671622
123.313 19.1779 0.0686021
123.311 19.1774 0.0686549
123.31 19.087 0.0675922
123.385 19.0981 0.0654866
123.381 19.0983 0.0656373
123.312 19.1164 0.0667898
123.306 19.1145 0.066751
123.329 19.181 0.0727368
123.194 19.1398 0.0675174
123.32 19.1105 0.0691433
123.377 19.1603 0.0682939
123.195 19.1113 0.0680579
123.35 19.0534 0.065411
123.086 19.1231 0.0669252
123.246 19.1381 0.0678096
123.24 19.1859 0.0672165
123.392 19.1031 0.0667115
123.3 19.1588 0.0657894
123.306 19.1126 0.0694039
123.257 19.0379 0.0662254
123.31 19.0878 0.0700294
123.311 19.0328 0.0644109
123.259 19.061 0.0683955
123.168 19.1201 0.0681645
123.162 19.1263 0.0681463
123.345 19.1601 0.0648953
123.278 19.1665 0.0708574
123.298 19.0326 0.0695617
123.283 19.1621 0.0648238
123.32 19.0913 0.0671778
123.319 19.0926 0.0672495
123.336 19.1162 0.0661541
123.341 19.1175 0.0662736
123.263 19.1209 0.0657944
123.268 19.1285 0.0658348
123.269 19.1255 0.0656797
123.27 19.1262 0.0656826
123.215 19.0877 0.0673248
123.342 19.063 0.0657789
123.304 19.1678 0.0682837
123.382 19.0501 0.0682765
123.333 19.1983 0.0655016
123.36 19.0864 0.0618401
123.277 19.1909 0.0672425
123.165 19.0866 0.0671697
123.259 19.1413 0.0663511
123.161 19.0991 0.0679034
123.319 19.0975 0.0668386
123.323 19.0996 0.0671979
123.401 19.1033 0.0659468
123.228 19.1755 0.0668149
123.232 19.1785 0.0665244
123.284 19.126 0.0673147
123.284 19.124 0.0672568
123.275 19.121 0.0644881
123.27 19.1205 0.0644038
123.268 19.1205 0.0646287
123.357 19.1295 0.0657635
123.334 19.0641 0.0711889
123.226 19.1252 0.062843
123.277 19.1757 0.0658993
123.278 19.1721 0.0658583
123.163 19.0933 0.0661236
123.337 19.188 0.0669485
123.347 19.1803 0.065629
123.349 19.1837 0.0652822
123.292 19.2216 0.0668854
123.295 19.2201 0.0669809
123.297 19.2161 0.0668491
123.186 19.1555 0.0684524
123.369 19.0768 0.0673992
123.37 19.0784 0.0672131
123.369 19.1223 0.0656652
123.311 19.1093 0.065265
123.196 19.1126 0.0669881
123.38 19.1412 0.0658591
123.31 19.0759 0.0667859
123.301 19.123 0.0673075
123.321 19.1099 0.0651714
123.318 19.111 0.0650658
123.25 19.0574 0.0673709
123.439 19.1764 0.0661562
123.431 19.1755 0.0663315
123.433 19.178 0.0662246
123.283 19.0753 0.0693679
123.306 19.1309 0.067889
123.145 19.192 0.0611029
123.323 19.1163 0.0683773
123.307 19.0931 0.0643383
123.319 19.2149 0.0660073
123.271 19.0834 0.0671855
123.189 19.127 0.0633698
123.287 19.1083 0.0666462
123.279 19.0965 0.0661424
123.288 19.1312 0.0638567
123.29 19.1306 0.0640182
123.354 19.1773 0.0664728
123.314 19.2224 0.0663607
123.262 19.12 0.0655656
123.275 19.2861 0.0646002
123.282 19.2833 0.0643082
123.277 19.0508 0.0677701
123.22 19.191 0.0672479
123.344 19.092 0.069641
123.348 19.0902 0.0695313
123.395 19.1312 0.0655803
123.312 19.1197 0.0656378
123.314 19.1176 0.0656112
123.292 19.1326 0.0684086
123.168 19.0633 0.0680525
123.371 19.1316 0.0615088
123.271 19.1184 0.0667203
123.279 19.1043 0.0683007
123.28 19.1093 0.0659209
123.257 19.1227 0.064202
123.419 19.1449 0.067357
123.312 19.1577 0.0684719
123.31 19.1561 0.0656072
123.27 19.1779 0.0673778
123.361 19.0969 0.0670874
123.241 19.1128 0.0672205
123.416 19.1687 0.0656251
123.415 19.1627 0.0659406
123.264 19.1038 0.0677099
123.306 19.1168 0.0669356
123.284 19.1228 0.064821
123.309 19.0716 0.0655216
123.312 19.165 0.0614935
123.301 19.1319 0.0654008
123.296 19.1889 0.0646087
123.204 19.1586 0.0668494
123.377 19.2007 0.0626164
123.277 19.0831 0.0679346
123.293 19.0833 0.0681054
123.24 19.0722 0.0693366
123.236 19.0724 0.0696613
123.328 19.1867 0.0664204
123.356 19.1868 0.0697264
123.362 19.1713 0.0674243
123.334 19.1619 0.0666212
123.413 19.1777 0.0678643
123.314 19.1851 0.0683076
123.316 19.1886 0.0684297
123.289 19.2031 0.064998
123.289 19.1992 0.0649045
123.298 19.2091 0.0646314
123.318 19.0379 0.0701486
123.309 19.0329 0.0699623
123.242 19.1001 0.06765
123.321 19.1774 0.0652981
123.258 19.1256 0.0662869
123.258 19.1369 0.0662092
123.255 19.1316 0.0663327
123.203 19.1607 0.0651671
123.196 19.1581 0.0650689
123.203 19.1727 0.0667116
123.268 19.1562 0.0669233
123.351 19.2602 0.0690703
123.252 19.1408 0.0654891
123.286 19.1556 0.0672119
123.276 19.3019 0.064098
123.249 19.1473 0.0635025
123.249 19.1527 0.0634785
123.287 19.0301 0.0657582
123.258 19.099 0.0679775
123.327 19.1721 0.0650853
123.25 19.1631 0.0663395
123.263 19.1015 0.0667304
123.308 19.1194 0.0692828
123.27 19.0881 0.0674697
123.306 19.1226 0.0621347
123.246 19.0634 0.0651163
123.147 19.1698 0.0678529
123.371 19.0735 0.063392
123.297 19.0908 0.0662689
123.221 19.1147 0.0680124
123.223 19.1136 0.0684085
123.337 19.0621 0.0675449
123.27 19.1536 0.0693433
123.236 19.232 0.0680359
123.255 19.165 0.0634704
123.254 19.0313 0.0656528
123.241 19.0893 0.0680535
123.258 18.9952 0.0680913
123.332 19.1332 0.0676925
123.29 19.1051 0.0682702
123.257 19.1166 0.0664487
123.348 19.1856 0.0646045
123.249 19.1944 0.0680611
123.25 19.2023 0.0680483
123.253 19.1884 0.0680186
123.247 19.1993 0.0678776
123.239 19.0406 0.0620471
123.258 19.1315 0.0646323
123.237 19.0702 0.0663562
123.183 19.1225 0.0686591
123.105 19.1339 0.0699657
123.318 19.0158 0.0651669
123.339 19.2516 0.0659623
123.321 19.1598 0.0661977
123.249 19.1019 0.0636793
123.241 19.1006 0.0634919
123.341 19.0657 0.0660315
123.243 19.1596 0.0652901
123.245 19.1632 0.0652009
123.221 19.1026 0.0683683
123.393 19.0819 0.0680594
123.239 19.1654 0.0646548
123.329 19.176 0.0675447
123.353 19.1677 0.0683204
123.346 19.1726 0.0684664
123.396 19.2062 0.0653521
123.319 19.1159 0.0619311
123.319 19.1143 0.0619228
123.317 19.0745 0.0656134
123.291 19.1364 0.0659525
123.284 19.1523 0.0678855
123.369 19.0903 0.0684072
123.349 19.1656 0.0675324
123.316 19.0727 0.0654589
123.384 19.1722 0.0657052
123.239 19.0241 0.0685653
123.337 19.0934 0.0689019
123.301 19.051 0.0661096
123.161 19.0428 0.0721569
123.223 19.1189 0.0688994
123.225 19.1225 0.0687517
123.229 19.0322 0.0647133
123.377 19.2503 0.0611151
123.281 19.0947 0.0636293
123.329 19.1021 0.0674228
123.184 19.1705 0.0694835
123.18 19.1636 0.069654
123.36 19.1527 0.068321
123.297 19.0289 0.0662466
123.135 19.0743 0.0717001
123.321 19.1682 0.0652405
123.326 19.1675 0.0650917
123.271 19.1397 0.0711775
123.324 19.1718 0.0656823
123.344 19.028 0.0667658
123.26 19.1233 0.0686067
123.207 19.0277 0.0655405
123.218 19.1891 0.0674935
123.118 19.0998 0.0674982
123.178 19.1799 0.0691711
123.349 19.1253 0.066061
123.283 19.2297 0.0624907
123.295 19.0625 0.0634828
123.365 19.2398 0.0646937
123.218 19.1473 0.0661247
123.291 19.165 0.0661418
123.308 19.1622 0.0626653
123.168 19.1216 0.0698592
123.291 19.188 0.0638443
123.312 19.1484 0.0637355
123.325 19.2376 0.0667547
123.329 19.0249 0.0603501
123.206 19.1321 0.0678391
123.298 19.2334 0.068856
123.301 19.2352 0.0687456
123.301 19.2234 0.0687848
123.216 19.1676 0.0705777
123.261 19.0389 0.0691887
123.238 19.0636 0.0653751
123.308 18.9903 0.068911
123.372 19.094 0.0686044
123.37 19.1001 0.0688528
123.318 19.0372 0.0670042
123.259 19.089 0.0684032
123.258 19.0891 0.0684524
123.132 19.1349 0.0697879
123.254 19.0758 0.0660432
123.276 19.0976 0.0663163
123.362 19.167 0.0630818
123.21 19.1464 0.0677049
123.179 19.1234 0.0690839
123.177 19.0911 0.064038
123.269 19.1388 0.0698681
123.375 19.1305 0.0651811
123.28 19.0683 0.0665453
123.332 19.1885 0.0662758
123.325 19.1926 0.0662043
123.326 19.192 0.0663559
123.189 19.2361 0.0671383
123.301 19.1873 0.0689418
123.296 19.1851 0.0689569
123.303 19.1772 0.0690145
123.386 19.0952 0.0654794
123.317 19.1144 0.0667468
123.259 19.0861 0.0655519
123.349 19.121 0.068395
123.269 19.1263 0.0659802
123.245 19.1835 0.0667692
123.324 19.1234 0.0655874
123.375 19.0731 0.0677776
123.201 19.1035 0.0679413
123.352 19.1064 0.0649618
123.353 19.1095 0.0648077
123.351 19.1108 0.0648045
123.353 19.0571 0.0653457
123.227 19.0676 0.0645468
123.221 19.0668 0.0643505
123.225 19.0661 0.0644619
123.229 19.0681 0.0645608
123.298 19.1065 0.0652813
123.244 19.1789 0.0670794
123.213 19.0929 0.0648385
123.204 19.0908 0.0647402
123.32 19.0623 0.0656367
123.296 19.1542 0.0658517
123.303 19.1549 0.0659212
123.303 19.1083 0.069379
123.256 19.0367 0.0659329
123.279 19.1931 0.0639656
123.199 19.0983 0.0661758
123.343 19.1555 0.0648255
123.286 19.0745 0.071764
123.316 19.1032 0.0679826
123.28 19.1609 0.0645744
123.324 19.091 0.0670539
123.336 19.1089 0.066123
123.268 18.9889 0.0668257
123.337 19.128 0.0630599
123.276 19.0618 0.0642538
123.343 19.0648 0.0657887
123.305 19.1686 0.0681779
123.383 19.0474 0.0680484
123.328 19.2019 0.0654784
123.356 19.0881 0.06156
123.357 19.0902 0.0617305
123.275 19.1899 0.0671671
123.28 19.1934 0.0670763
123.303 19.0314 0.0655428
123.259 19.1358 0.0661279
123.253 19.0687 0.0667542
123.401 19.1078 0.0659048
123.286 19.1206 0.067064
123.27 19.1208 0.0644766
123.241 19.1317 0.0688169
123.329 19.0638 0.0714819
123.219 19.0244 0.0658901
123.239 19.1524 0.0652764
123.233 19.1761 0.0638579
123.279 19.1749 0.0658754
123.249 19.2025 0.0695139
123.339 19.1865 0.0668412
123.157 19.1515 0.0677026
123.354 19.1763 0.0653574
123.294 19.0995 0.0657334
123.29 19.2174 0.0669308
123.291 19.2288 0.0668011
123.38 19.1658 0.0675725
123.37 19.0802 0.0672474
123.369 19.1242 0.0656927
123.253 19.0641 0.0630412
123.257 19.0611 0.062927
123.37 19.1405 0.0658052
123.314 19.1986 0.0630908
123.297 19.1264 0.0673915
123.325 19.1033 0.065185
123.288 19.0997 0.064688
123.259 19.0598 0.0673862
123.34 19.01 0.0669356
123.312 19.1313 0.0679326
123.24 19.09 0.0679916
123.342 19.1359 0.067758
123.198 19.1799 0.0689691
123.163 19.0939 0.0681101
123.394 19.2438 0.0626016
123.394 19.2383 0.0625912
123.321 19.2021 0.0687443
123.329 19.2162 0.0661251
123.281 19.1101 0.0667389
123.275 19.093 0.0660338
123.312 19.1299 0.0646744
123.349 19.1784 0.0664106
123.469 19.0211 0.0661834
123.28 19.2835 0.0646489
123.282 19.2832 0.0645077
123.269 19.0543 0.067839
123.222 19.1887 0.0671899
123.224 19.1894 0.0671439
123.387 19.1344 0.0654686
123.323 19.117 0.0656671
123.291 19.1319 0.0683175
123.291 19.1343 0.0683438
123.164 19.1114 0.0666163
123.435 19.034 0.0698604
123.22 19.196 0.0654498
123.195 19.0474 0.0647211
123.271 19.1017 0.0660707
123.255 19.1242 0.0642954
123.293 19.1658 0.066949
123.426 19.1471 0.067194
123.317 19.1594 0.0685687
123.344 19.0767 0.0652858
123.33 19.1068 0.0684193
123.366 19.1011 0.0669797
123.362 19.1015 0.0670376
123.415 19.1703 0.0658276
123.302 19.1059 0.0668514
123.279 19.1199 0.0646591
123.308 19.0657 0.0654571
123.293 19.0982 0.0657081
123.297 19.1271 0.0652846
123.302 19.1887 0.0645961
123.207 19.168 0.0666963
123.276 19.0262 0.0676402
123.276 19.0279 0.0677419
123.312 19.0529 0.0675415
123.294 19.0848 0.0682196
123.294 19.0796 0.0679841
123.423 19.1006 0.0672671
123.168 19.0883 0.066707
123.359 19.1707 0.0673531
123.331 19.1575 0.0667041
123.252 19.0977 0.0691198
123.32 19.1885 0.0684972
123.319 19.1833 0.0683767
123.295 19.2014 0.0648102
123.287 19.1449 0.0669783
123.316 19.1787 0.065349
123.257 19.1303 0.0662843
123.262 19.1593 0.0670639
123.147 19.1534 0.0685886
123.149 19.1492 0.0686589
123.255 19.0553 0.0665533
123.253 19.0527 0.0665089
123.286 19.1559 0.0676811
123.289 19.1603 0.0675285
123.275 19.3064 0.0642408
123.286 19.0322 0.0657387
123.145 19.0578 0.0683227
123.321 19.1773 0.0650872
123.287 19.1059 0.0658976
123.265 19.1066 0.0665195
123.304 19.1177 0.0691555
123.304 19.1243 0.0690606
123.292 19.1311 0.0672878
123.313 19.1172 0.0621351
123.391 19.132 0.0651198
123.148 19.1694 0.0679206
123.372 19.0752 0.0634773
123.367 19.0762 0.0632933
123.216 19.1096 0.0683663
123.333 19.0924 0.069012
123.33 19.059 0.0676105
123.265 19.1508 0.0692129
123.292 19.0464 0.0676587
123.254 19.0282 0.065414
123.29 19.022 0.0677713
123.238 19.0947 0.0681427
123.368 19.0468 0.0654451
123.334 19.1344 0.0678662
123.257 19.1193 0.0662603
123.337 19.1912 0.0644434
123.346 19.1881 0.0646031
123.211 19.0708 0.0693395
123.341 19.1343 0.0648005
123.242 19.044 0.0619563
123.25 19.1264 0.064562
123.246 19.1288 0.0648187
123.243 19.0697 0.0664403
122.478 16.7194 0.0296655
123.416 19.0997 0.0644461
123.319 19.0919 0.0643767
123.219 19.1618 0.0704671
123.309 19.0799 0.0696297
123.128 19.0933 0.068738
123.28 19.0857 0.0666103
123.205 19.2702 0.0685
123.25 19.2129 0.067543
123.261 19.2169 0.0676319
123.257 19.096 0.0649485
123.231 19.0406 0.0656785
123.24 18.9783 0.0700261
123.34 19.1228 0.0661813
123.222 19.1755 0.0684955
123.173 19.0584 0.0710228
123.32 19.1315 0.0686145
123.238 19.033 0.0683506
123.239 19.0581 0.0640614
123.21 19.055 0.0643794
123.35 19.1383 0.0688493
123.285 19.0694 0.0662763
123.211 19.1124 0.0695954
123.263 19.1038 0.0704883
123.201 19.2486 0.0674748
123.181 19.1699 0.0678885
123.297 19.1659 0.0648884
123.287 19.0908 0.0638064
123.316 19.1664 0.0655385
123.318 19.1753 0.0654527
123.236 19.074 0.0686938
123.326 19.0567 0.0676684
123.211 19.1386 0.0646288
123.21 19.1338 0.0645485
123.258 19.0718 0.0695574
123.251 19.0758 0.0694206
123.358 19.0394 0.0691562
123.313 19.111 0.0665093
123.271 19.1759 0.0676765
123.188 19.1387 0.0653365
123.27 19.1084 0.0665902
123.27 19.1077 0.0666127
123.378 19.2222 0.0672492
123.173 19.1577 0.0700086
123.312 19.2067 0.066392
123.31 19.2104 0.0663675
123.276 19.1936 0.0657408
123.276 19.1946 0.0658577
123.185 19.1454 0.0698736
123.281 19.1675 0.0632681
123.167 19.1189 0.0669931
123.234 19.1199 0.0687002
123.284 19.1961 0.066402
123.193 19.0873 0.0687077
123.232 19.1233 0.0683093
123.232 19.0911 0.0628511
123.107 19.1948 0.0670407
123.26 19.1326 0.0654013
123.304 19.2321 0.0645495
123.308 19.2264 0.0659427
123.304 19.2354 0.0659478
123.276 19.051 0.0689954
123.284 19.0529 0.0695998
123.191 19.1133 0.0667314
123.216 19.0703 0.0683467
123.29 19.2048 0.0676982
123.278 19.0893 0.0628961
123.345 19.07 0.0650171
123.349 19.0644 0.0649291
123.26 19.0145 0.0697232
123.278 19.0823 0.0680264
123.251 19.0881 0.0675691
123.254 19.0869 0.0675941
123.251 19.1279 0.0670665
123.331 19.0195 0.0676166
123.312 19.0657 0.0643142
123.129 19.0614 0.066764
123.301 19.0062 0.0651604
123.25 19.1939 0.0679616
123.136 19.0748 0.0702839
123.312 19.0837 0.064632
123.227 19.0755 0.0651649
123.24 19.1634 0.0657792
123.238 19.1578 0.0660259
123.24 19.1134 0.0647628
123.239 19.108 0.0646954
123.24 19.1802 0.0689867
123.337 19.1314 0.0644656
123.244 19.218 0.0671737
123.246 19.2188 0.0670521
123.211 19.0584 0.0673732
123.426 19.0426 0.0678753
123.197 19.1345 0.0662242
123.199 19.1325 0.0663395
123.181 19.232 0.0677735
123.304 19.1088 0.0652985
123.306 19.1134 0.0655733
123.241 19.1301 0.0653289
123.303 19.0692 0.068669
123.28 19.1043 0.0654573
123.302 19.1317 0.0670104
123.224 19.1375 0.0691371
123.131 19.0334 0.0648661
123.15 19.1252 0.0669094
123.345 19.2018 0.0673768
123.35 19.1992 0.067265
123.247 19.1834 0.0661796
123.194 19.1496 0.06731
123.286 19.1028 0.0671966
123.317 19.0733 0.0681313
123.307 19.1765 0.0643944
123.273 19.1273 0.0665195
123.364 19.1254 0.0721039
123.306 19.0877 0.0683419
123.327 19.1538 0.0668944
123.332 19.1534 0.0669985
123.23 19.1986 0.0685596
123.301 19.1988 0.0656163
123.16 19.0835 0.0699955
123.364 19.0444 0.0656552
123.257 19.1278 0.0673284
123.261 19.1292 0.0672155
123.255 19.1282 0.0673952
123.313 19.1268 0.0706983
123.13 19.1283 0.067206
123.249 19.1792 0.066305
123.251 19.1796 0.0661813
123.256 19.1089 0.0616297
123.263 19.1069 0.0616748
123.24 19.0967 0.0683446
123.243 19.1599 0.0620117
123.234 19.1794 0.0690647
123.277 18.9889 0.068435
123.271 19.1939 0.0687478
123.293 19.1824 0.0646938
123.295 19.1859 0.064465
123.298 19.0554 0.0644893
123.286 19.0822 0.0640625
123.404 19.0922 0.0647369
123.107 19.1464 0.0664995
123.264 19.1695 0.0674888
123.264 19.1681 0.0676557
123.268 19.1716 0.0673424
123.288 19.06 0.0661426
123.267 19.1785 0.0681227
123.273 19.171 0.0682223
123.262 19.1736 0.0683278
123.296 19.1527 0.0677624
123.298 19.1478 0.0675561
123.213 19.2208 0.0628064
123.211 19.0555 0.0662374
123.176 19.0105 0.067742
123.211 19.1815 0.0655307
123.312 19.1839 0.0715222
123.281 19.1681 0.0706031
123.309 19.1617 0.0663264
123.31 19.1673 0.0663994
123.309 19.1646 0.0662934
123.284 19.0754 0.0676213
123.28 19.077 0.0677664
123.278 19.178 0.068579
123.198 19.0666 0.0665265
123.214 19.0792 0.0663786
123.244 19.2612 0.070414
123.282 19.16 0.0701349
123.325 19.109 0.0705807
123.325 19.106 0.070586
123.346 19.0948 0.0664537
123.384 19.1824 0.0635972
123.221 19.1003 0.0670207
123.272 19.0853 0.0682878
123.274 19.0851 0.068553
123.249 19.1683 0.0696911
123.249 19.137 0.0716781
123.252 19.1896 0.0666303
123.255 19.1882 0.0666757
123.292 19.0549 0.0700587
123.149 19.2283 0.0700951
123.15 19.231 0.0701796
123.127 19.0553 0.0657842
123.252 19.1394 0.0707251
123.341 19.147 0.0665854
123.174 19.2108 0.0678695
123.261 19.1871 0.0665801
123.271 19.1816 0.0664382
123.211 19.0959 0.0686539
123.332 19.1234 0.0623418
123.338 19.1207 0.062216
123.235 19.0763 0.0665397
123.218 19.0893 0.0680765
123.248 19.1021 0.0680548
123.369 19.2263 0.0635031
123.376 19.2241 0.0634286
123.247 19.1176 0.0637317
123.249 19.1119 0.0638723
123.275 19.1631 0.0678367
123.28 19.2767 0.0717939
123.189 19.1317 0.0704307
123.309 19.1782 0.0655588
123.297 19.1727 0.0656616
123.282 19.0958 0.0675952
123.287 19.1022 0.0675503
123.326 19.1744 0.0690919
123.24 19.1804 0.0670374
123.264 19.0845 0.0664025
123.298 19.1122 0.0630086
123.338 19.1285 0.0704185
123.242 19.0564 0.0629683
123.277 18.999 0.067743
123.272 18.9924 0.0674489
123.161 19.033 0.0673723
123.177 19.0318 0.0672715
123.324 19.2236 0.0663657
123.268 19.1773 0.0648602
123.157 19.1817 0.0679944
123.268 19.0922 0.0699663
123.27 19.0936 0.0700124
123.266 19.0982 0.0701605
123.394 19.245 0.0658794
123.304 19.1298 0.068286
123.267 19.0932 0.0628354
123.261 19.1973 0.0640412
123.27 19.0926 0.0675163
123.336 19.118 0.0672526
123.202 19.0985 0.0686735
123.206 19.1006 0.0686728
123.334 19.0666 0.0661177
123.333 19.0659 0.0661022
123.387 19.111 0.0679664
123.298 19.2139 0.0658065
123.299 19.2121 0.0658553
123.226 19.1292 0.0655068
123.314 19.231 0.0661836
123.202 19.076 0.0670467
123.231 19.0856 0.0684856
123.199 19.0709 0.0707554
123.214 19.0404 0.0703861
123.218 19.0399 0.0664628
123.337 19.0362 0.0622558
123.332 19.0651 0.0639685
123.236 19.0619 0.0672865
123.353 19.1289 0.0644932
123.292 19.1378 0.0692461
123.271 19.0928 0.0645966
123.248 19.2299 0.0665703
123.224 19.1976 0.0684765
123.192 19.2082 0.0648505
123.14 19.1221 0.0656222
123.144 19.0827 0.0667424
123.137 19.0799 0.0669889
123.309 19.0751 0.0665742
123.412 19.1045 0.0645805
123.227 19.0837 0.0671824
123.247 19.1692 0.067183
123.25 19.1689 0.0672123
123.247 19.1678 0.0671845
123.251 19.1643 0.0670713
123.211 19.0489 0.0655404
123.158 19.0665 0.0688623
123.285 19.0701 0.0642152
123.204 19.2726 0.0684918
123.313 19.1211 0.0657362
123.255 19.1036 0.0649249
123.206 19.0286 0.0671266
123.204 19.0228 0.0669255
123.351 19.1297 0.0659822
123.318 19.108 0.068681
123.322 19.1305 0.0685543
123.268 19.1862 0.0665784
123.247 19.0643 0.0636959
123.353 19.1412 0.0687105
123.354 19.1425 0.0689236
123.279 19.063 0.0663247
123.277 19.0757 0.0660937
123.203 19.2522 0.0675024
123.182 19.1681 0.0677669
123.264 19.0759 0.0701657
123.173 19.1925 0.0670703
123.162 19.1841 0.0669494
123.31 19.0588 0.0630325
123.309 19.0557 0.0629401
123.316 19.1705 0.0655074
123.155 19.0135 0.0669054
123.27 19.1548 0.0622136
123.208 19.1369 0.064663
123.283 19.076 0.0694475
123.278 19.0769 0.0693201
123.26 19.071 0.0693925
123.266 19.0864 0.0682661
123.413 19.1255 0.0609407
123.358 19.0438 0.0690282
123.272 19.1754 0.0676487
123.255 19.2299 0.0670013
123.256 19.2325 0.0701525
123.378 19.2222 0.0674271
123.275 19.2185 0.0704864
123.309 19.2081 0.0664098
123.293 19.1795 0.0632497
123.248 19.1518 0.0699887
123.271 19.1114 0.0683919
123.212 19.078 0.0665003
123.288 19.1936 0.0665133
123.229 19.1281 0.0684731
123.159 19.1538 0.0679848
123.261 19.1272 0.0654866
123.351 19.0936 0.0645692
123.353 19.0959 0.0647607
123.353 19.1003 0.0646998
123.294 19.2381 0.0647612
123.296 19.2417 0.0646989
123.318 19.1859 0.0661427
123.25 19.0688 0.0662624
123.278 19.0484 0.0690942
123.156 19.0532 0.0706849
123.198 19.1461 0.069294
123.189 19.1128 0.0666777
123.328 19.0333 0.0632788
123.243 19.1608 0.0668119
123.286 19.2038 0.0677296
123.289 19.1999 0.0674799
123.364 19.0417 0.0632
123.347 19.0612 0.0648928
123.252 19.1029 0.0630282
123.271 19.0817 0.068151
123.254 19.1291 0.0670255
123.333 19.0159 0.0677441
123.352 19.1037 0.065118
123.354 19.1029 0.0651872
123.316 19.0677 0.06423
123.302 19.009 0.0651993
123.251 19.208 0.0683075
123.185 19.0518 0.066842
123.227 19.0744 0.0651267
123.296 19.1155 0.0661193
123.195 19.0601 0.065416
123.245 19.0726 0.0642
123.232 19.1832 0.069035
123.335 19.1323 0.0646293
123.247 19.2185 0.0669139
123.207 19.0583 0.0671958
123.226 19.0856 0.0630124
123.273 19.0803 0.0697993
123.198 19.1314 0.0663673
123.197 19.1407 0.0692168
123.256 19.1798 0.0677849
123.288 19.0471 0.0684289
123.3 19.0734 0.0688467
123.158 19.1291 0.0685865
123.22 19.1332 0.0690367
123.135 19.0372 0.064687
123.147 19.1254 0.0666944
123.108 19.1465 0.068647
123.276 19.1108 0.0654186
123.343 19.1963 0.0674182
123.185 19.0906 0.0689321
123.195 19.1612 0.0673595
123.308 19.0775 0.0680598
123.28 19.1029 0.0672787
123.316 19.0795 0.0662084
123.311 19.1718 0.0643387
123.265 19.1243 0.0664744
123.29 19.1439 0.067424
123.307 19.0865 0.0682074
123.305 19.0855 0.0681494
123.326 19.1533 0.0671029
123.301 19.1976 0.065615
123.151 19.1317 0.0662968
123.366 19.0409 0.0655857
123.36 19.0405 0.066602
123.32 19.1196 0.070613
123.147 19.1812 0.0689511
123.122 19.1755 0.0686354
123.25 19.1791 0.0663385
123.327 19.2131 0.0635043
123.228 19.0555 0.0691569
123.257 19.0807 0.0683021
123.25 19.0672 0.0664042
123.245 19.0683 0.0665109
123.403 19.0263 0.0669684
123.269 19.1918 0.068626
123.29 19.1927 0.068668
123.292 19.1889 0.0646433
123.295 19.0464 0.064671
123.366 19.0525 0.0640758
123.271 19.0839 0.0626176
123.206 19.0081 0.0697591
123.258 19.1706 0.0675587
123.299 19.108 0.0660274
123.216 19.0779 0.0686753
123.325 19.0417 0.0665386
123.291 19.1489 0.0676887
123.212 19.2189 0.0628169
123.294 19.2678 0.0659383
123.29 19.23 0.0680623
123.289 19.2315 0.0678782
123.254 19.1151 0.0681083
123.216 19.182 0.0655754
123.266 19.1254 0.0685351
123.309 19.1642 0.0660796
123.309 19.1596 0.066166
123.287 19.0761 0.067769
123.274 19.1741 0.0685834
123.244 19.0837 0.0667017
123.152 19.1821 0.0679378
123.217 19.0778 0.0664306
123.239 19.1823 0.0677953
123.377 19.0731 0.0684601
123.205 19.095 0.069846
123.348 19.0942 0.0662382
123.388 19.1733 0.0636557
123.213 19.2017 0.0662607
123.294 19.2044 0.0676049
123.266 19.0876 0.0684518
123.305 19.1476 0.0648117
123.302 19.1405 0.0648961
123.242 19.1666 0.0695911
123.256 19.1474 0.0616411
123.203 19.1669 0.0651232
123.254 19.1296 0.0705384
123.343 19.1456 0.0665247
123.223 19.2089 0.0636497
123.261 19.1922 0.0665949
123.244 19.0629 0.0686037
123.334 19.1174 0.0622238
123.264 19.2097 0.0685691
123.15 19.1205 0.0674557
123.279 19.104 0.0676824
123.375 19.2206 0.0634574
123.278 19.1626 0.0678285
123.274 19.1603 0.0677292
123.346 19.1523 0.0697588
123.186 19.1321 0.0704921
123.154 19.1523 0.0661545
123.151 19.1524 0.0661556
123.304 19.1791 0.0657284
123.283 19.1022 0.0673563
123.211 19.0402 0.0694446
123.234 19.1831 0.0672931
123.269 19.0809 0.066483
123.293 19.111 0.0631463
123.337 19.1336 0.0706401
123.329 19.1345 0.0640461
123.332 19.1296 0.063937
123.256 19.1449 0.0669031
123.261 19.1463 0.0666852
123.16 19.025 0.0672807
123.228 19.0615 0.0656945
123.231 19.0616 0.0656486
123.221 19.0446 0.0657004
123.173 19.0538 0.0670477
123.314 19.2295 0.0663413
123.27 19.1733 0.064853
123.249 19.1415 0.0698093
123.305 19.1308 0.0680686
123.304 19.1296 0.0684676
123.244 19.1181 0.0695841
123.272 19.0998 0.0629493
123.309 19.1125 0.064332
123.318 19.1168 0.0643868
123.222 19.1113 0.0693077
123.202 19.0912 0.0687447
123.334 19.0706 0.0659363
123.385 19.1123 0.0681289
123.198 19.0988 0.0667098
123.3 19.2119 0.0657995
123.2 19.0752 0.0670783
123.231 19.0842 0.0683031
123.232 19.0851 0.0684515
123.305 19.1716 0.064578
123.307 19.1741 0.0647143
123.216 19.0455 0.0664653
123.331 19.0618 0.0637811
123.24 19.0624 0.067564
123.355 19.1293 0.0646129
123.36 19.0838 0.0646606
123.232 19.0763 0.0656885
123.25 19.2964 0.0671565
123.249 19.2274 0.0665596
123.242 19.2219 0.0665469
123.211 19.1698 0.0663932
123.215 19.1666 0.0663318
123.186 19.2052 0.0647378
123.202 19.0668 0.0687678
123.241 19.0399 0.0637866
123.321 19.0996 0.0645178
123.228 19.0844 0.0671738
123.221 19.0832 0.0671191
123.244 19.1625 0.06716
123.214 19.0494 0.0655864
123.284 19.0839 0.0663716
123.288 19.0641 0.0643738
123.312 19.1155 0.0657702
123.314 19.1149 0.0656745
123.178 19.1309 0.0626053
123.237 19.0347 0.0656139
123.203 19.0255 0.0667452
123.232 19.1703 0.0685954
123.318 19.1103 0.0686854
123.15 19.1213 0.0693612
123.275 19.1916 0.0667672
122.571 19.3187 0.0702697
