3.03083 -95.4599 3.26418
3.04435 -95.5714 3.26813
3.08626 -95.6019 3.26861
3.03801 -95.478 3.26614
3.06105 -95.4462 3.26746
3.0302 -95.6744 3.26217
3.0575 -95.5724 3.26298
2.97295 -95.7227 3.26658
3.10074 -95.5087 3.26364
3.17661 -95.696 3.26425
3.18648 -95.5016 3.26804
3.27893 -95.5587 3.26388
3.06944 -95.5518 3.26725
2.92694 -95.6404 3.26134
3.01008 -95.5029 3.2672
3.06377 -95.4129 3.26112
3.03061 -95.4737 3.26366
3.06085 -95.4605 3.26348
3.09926 -95.5578 3.26265
3.10013 -95.4976 3.26551
3.08844 -95.704 3.2665
2.98024 -95.4959 3.26527
3.11648 -95.4488 3.2647
3.00988 -95.6437 3.26092
3.0774 -95.4767 3.26452
2.92902 -95.754 3.25752
3.03532 -95.6015 3.26444
3.09356 -95.4852 3.26579
3.10619 -95.4654 3.26571
3.18954 -95.5155 3.26255
3.05417 -95.4609 3.26639
3.11853 -95.6346 3.26817
3.07657 -95.4215 3.26551
3.09543 -95.6432 3.2685
3.0892 -95.5462 3.26349
3.03879 -95.4801 3.2652
3.09231 -95.6165 3.26117
2.96893 -95.631 3.25985
2.9591 -95.7109 3.25688
2.98899 -95.6828 3.25992
2.98574 -95.6794 3.26401
3.15981 -95.6156 3.26225
2.96296 -95.6431 3.2686
3.17649 -95.5477 3.26859
3.04838 -95.4821 3.26715
3.05444 -95.5816 3.25983
3.05313 -95.6241 3.26159
2.97573 -95.666 3.26522
2.92727 -95.6157 3.2669
3.19459 -95.68 3.26212
3.19701 -95.5259 3.26497
3.02259 -95.5148 3.26876
3.0622 -95.5294 3.26635
3.04572 -95.4901 3.26755
3.06 -95.6333 3.26405
2.96659 -95.4923 3.26632
3.09379 -95.4536 3.26584
3.12687 -95.5393 3.26534
3.07456 -95.5337 3.26716
3.05458 -95.514 3.26308
3.08423 -95.3709 3.26762
2.99684 -95.6901 3.2612
2.91581 -95.5547 3.26332
3.01667 -95.6715 3.26063
3.04855 -95.668 3.2627
2.92368 -95.6885 3.26241
3.17041 -95.6346 3.26411
3.23617 -95.5358 3.26276
2.98929 -95.5268 3.26608
3.00893 -95.4592 3.2661
3.07135 -95.4709 3.26478
2.97001 -95.433 3.26615
3.16954 -95.5161 3.26342
3.09448 -95.4818 3.26649
3.05123 -95.6127 3.26208
2.97981 -95.7499 3.26229
3.09852 -95.4855 3.26483
3.01112 -95.6225 3.25718
3.08592 -95.6793 3.25963
2.97287 -95.7072 3.26422
3.08422 -95.4674 3.2661
3.08015 -95.4875 3.26745
3.07624 -95.5818 3.2647
2.98207 -95.6943 3.26116
3.00864 -95.4934 3.26622
3.13102 -95.6449 3.26162
3.04746 -95.3567 3.26447
3.13935 -95.5736 3.25985
3.01796 -95.4599 3.26291
3.15845 -95.6572 3.26517
3.00862 -95.6086 3.26833
3.04149 -95.4956 3.26501
3.06534 -95.4836 3.26519
3.07361 -95.4912 3.26809
3.10683 -95.4948 3.26896
3.21906 -95.6204 3.26245
3.17128 -95.4524 3.26814
2.96965 -95.7155 3.26071
2.88192 -95.5607 3.26268
3.09463 -95.6393 3.2624
2.98175 -95.7086 3.25793
3.06249 -95.5968 3.25996
2.90789 -95.6588 3.26042
2.98381 -95.7073 3.26209
3.08384 -95.442 3.26463
3.10678 -95.5252 3.26306
3.10791 -95.4066 3.26642
2.93208 -95.4386 3.26502
3.18059 -95.4131 3.26264
3.14526 -95.7214 3.26223
3.06798 -95.5329 3.26744
3.10091 -95.5897 3.26705
3.06675 -95.7273 3.25762
3.04032 -95.6521 3.26572
3.01406 -95.6685 3.26454
3.18228 -95.6619 3.2667
3.02825 -95.6854 3.26527
3.15517 -95.6481 3.26136
3.0502 -95.5107 3.26882
3.01174 -95.4745 3.26707
3.16572 -95.5628 3.26317
3.01632 -95.5615 3.2635
3.05689 -95.6445 3.25937
3.07027 -95.6126 3.26946
3.19332 -95.653 3.26682
3.1034 -95.6602 3.26377
3.03947 -95.5873 3.26567
2.96096 -95.6977 3.26024
3.11821 -95.6975 3.26387
3.16769 -95.6927 3.26517
3.03381 -95.6858 3.26519
3.24326 -95.4856 3.26645
3.00485 -95.4392 3.26815
3.00534 -95.6327 3.2675
3.02985 -95.421 3.26613
3.13927 -95.4341 3.26784
3.10939 -95.6813 3.26421
2.96219 -95.783 3.26081
3.05997 -95.774 3.26157
3.0715 -95.5784 3.25985
3.00032 -95.5966 3.26023
3.10125 -95.6214 3.26981
3.03083 -95.4878 3.26745
3.07847 -95.5409 3.26517
3.19322 -95.5517 3.2653
3.15842 -95.5113 3.26601
3.09296 -95.4636 3.2647
3.0058 -95.7172 3.26358
3.0951 -95.4699 3.26471
3.17794 -95.6154 3.26597
3.16759 -95.5152 3.26746
3.10416 -95.5678 3.26752
3.08884 -95.5786 3.26322
3.02724 -95.5313 3.26717
3.15773 -95.4314 3.26142
3.06163 -95.5738 3.26352
3.10637 -95.7003 3.26498
3.02033 -95.4109 3.26669
3.0422 -95.5168 3.26477
3.12749 -95.5467 3.26356
3.24348 -95.6033 3.2633
3.14636 -95.5994 3.26858
3.08941 -95.4774 3.2646
3.04609 -95.5117 3.26598
2.99252 -95.5009 3.26263
3.15969 -95.6517 3.26514
3.09647 -95.4569 3.2679
3.23506 -95.6417 3.26455
2.96515 -95.6148 3.26411
2.94973 -95.6289 3.26437
3.11612 -95.7657 3.25949
3.15918 -95.6358 3.26545
3.00641 -95.6818 3.26093
3.06214 -95.5915 3.26228
3.07351 -95.6903 3.26301
3.08159 -95.6194 3.26357
3.10466 -95.4905 3.26471
3.02515 -95.4629 3.26473
2.95056 -95.6926 3.26428
3.03224 -95.4724 3.26671
3.07262 -95.4907 3.26597
3.02134 -95.6667 3.26819
2.98143 -95.6945 3.26487
3.049 -95.6943 3.26666
3.02567 -95.6068 3.26413
3.13596 -95.601 3.26428
3.20463 -95.5273 3.26708
3.00078 -95.5024 3.26563
2.93804 -95.7569 3.25821
3.11286 -95.4145 3.26528
3.08494 -95.6241 3.26253
3.01396 -95.6641 3.26504
3.07153 -95.4722 3.26554
3.07141 -95.4261 3.26418
3.08193 -95.5042 3.26711
3.27428 -95.5777 3.26592
3.02727 -95.6671 3.26101
3.0725 -95.6814 3.25961
3.0601 -95.5343 3.26578
3.03143 -95.4746 3.26517
3.11211 -95.3933 3.2668
3.03128 -95.485 3.26623
3.14145 -95.6211 3.26441
3.06643 -95.7061 3.26215
3.09727 -95.5203 3.26395
3.08959 -95.6298 3.26618
3.20352 -95.6477 3.26288
3.04594 -95.771 3.26486
3.08018 -95.4874 3.26504
3.26039 -95.5364 3.26549
3.08233 -95.6474 3.25923
3.1447 -95.5464 3.26472
3.04465 -95.512 3.269
3.08747 -95.6104 3.25944
3.23993 -95.6982 3.26569
2.98983 -95.4983 3.26393
2.98152 -95.6062 3.26026
3.08726 -95.4161 3.26533
3.07537 -95.4764 3.26806
3.09317 -95.4418 3.26545
3.14194 -95.7672 3.26316
3.07288 -95.4517 3.2657
3.22914 -95.4408 3.2658
3.22804 -95.473 3.26592
3.14252 -95.4626 3.26617
3.00908 -95.6675 3.26852
2.9937 -95.7354 3.26746
3.11921 -95.4061 3.26795
3.058 -95.5259 3.26755
3.02222 -95.5545 3.26354
3.18519 -95.5246 3.26753
3.09389 -95.4608 3.26989
3.08118 -95.4469 3.2686
3.01419 -95.482 3.26687
3.02202 -95.5307 3.26617
2.92484 -95.5999 3.26019
3.05101 -95.7018 3.26316
3.14343 -95.5739 3.26568
3.20589 -95.5738 3.26735
3.02657 -95.7186 3.25968
3.09104 -95.4767 3.26379
2.98761 -95.8572 3.26488
2.96944 -95.4377 3.2667
3.19657 -95.5239 3.26117
3.03524 -95.5769 3.26476
2.97043 -95.6248 3.26669
2.95065 -95.6286 3.26741
3.12754 -95.7285 3.26313
3.01974 -95.441 3.26593
2.99543 -95.6669 3.2655
3.15113 -95.5985 3.26661
3.18512 -95.4714 3.2655
3.08284 -95.5347 3.26769
3.11632 -95.4307 3.26461
3.07254 -95.5309 3.26368
3.14937 -95.5103 3.26954
3.08353 -95.4834 3.26387
2.95989 -95.6517 3.25946
2.96724 -95.4872 3.26781
3.14216 -95.5023 3.26193
3.08197 -95.5537 3.26737
3.13077 -95.6727 3.25975
3.17041 -95.5646 3.26722
3.14195 -95.5915 3.26643
3.12003 -95.6383 3.26693
3.1032 -95.6728 3.26531
3.02455 -95.5786 3.26519
3.11739 -95.4584 3.2649
3.26866 -95.6466 3.26743
3.19176 -95.5662 3.26483
3.07894 -95.7026 3.26188
3.14645 -95.5854 3.26675
3.00382 -95.6059 3.25778
3.12017 -95.525 3.26599
3.04068 -95.4191 3.26582
3.02788 -95.4688 3.26749
3.09256 -95.3964 3.26506
2.97755 -95.703 3.26267
2.89256 -95.604 3.26008
3.11199 -95.4783 3.26548
3.11108 -95.5843 3.26737
3.08661 -95.6177 3.26821
3.13539 -95.4049 3.26368
3.00908 -95.6411 3.26109
3.16862 -95.6469 3.26539
3.10726 -95.5732 3.26776
3.00189 -95.5608 3.26902
3.03904 -95.5406 3.26946
3.11061 -95.4189 3.2672
3.09739 -95.5777 3.26608
3.01367 -95.5168 3.26416
3.00018 -95.6378 3.26213
3.08781 -95.4445 3.26571
3.03672 -95.4565 3.26683
3.0743 -95.4567 3.26509
3.07839 -95.4857 3.26435
3.14996 -95.6413 3.2633
3.19371 -95.6356 3.267
2.96152 -95.4847 3.26514
2.94255 -95.4953 3.2661
3.13005 -95.4276 3.26659
3.19135 -95.6668 3.26524
3.20609 -95.5994 3.26442
3.05971 -95.7241 3.2602
3.08759 -95.7149 3.26683
3.16121 -95.6592 3.26343
3.11613 -95.6452 3.26674
3.11835 -95.6888 3.2661
3.0329 -95.4772 3.26481
3.14575 -95.6208 3.26499
3.12777 -95.566 3.25812
3.17283 -95.6449 3.26218
3.09486 -95.4795 3.26266
2.9932 -95.615 3.2603
3.27213 -95.5528 3.26546
3.00434 -95.4716 3.26743
3.06672 -95.7148 3.26693
3.06212 -95.4991 3.26376
3.05926 -95.6565 3.26557
3.03965 -95.4949 3.26535
2.98738 -95.521 3.26674
3.1095 -95.6187 3.26141
2.94454 -95.6608 3.26583
3.06446 -95.5406 3.26757
3.05505 -95.55 3.26753
3.04129 -95.55 3.26112
2.96361 -95.4195 3.26601
3.21373 -95.6078 3.26244
3.05855 -95.437 3.26623
3.06049 -95.4652 3.26509
3.02444 -95.5393 3.25817
3.11788 -95.7422 3.26138
3.15127 -95.7688 3.25992
3.06729 -95.4947 3.26469
3.06718 -95.4903 3.26748
3.04306 -95.3647 3.26471
3.02749 -95.5694 3.26938
3.07571 -95.7546 3.2599
3.13493 -95.7718 3.26185
2.98174 -95.6922 3.26513
3.0472 -95.464 3.26558
3.0067 -95.3838 3.26322
3.08873 -95.528 3.26096
3.03876 -95.6382 3.26074
3.08109 -95.6288 3.2582
3.19091 -95.5594 3.2605
3.10397 -95.4742 3.26451
2.97063 -95.6909 3.26052
3.02462 -95.4562 3.26637
3.04559 -95.4846 3.26627
3.14248 -95.4931 3.26591
3.1494 -95.5695 3.26459
3.02565 -95.6201 3.26621
3.07548 -95.5567 3.26475
3.07829 -95.6558 3.26292
3.09057 -95.6201 3.26011
2.97971 -95.6311 3.26041
3.24949 -95.5297 3.26576
3.04196 -95.4953 3.26325
3.22509 -95.602 3.26586
3.13715 -95.4114 3.26672
3.16917 -95.4237 3.26538
3.09473 -95.665 3.26398
3.03825 -95.692 3.26936
3.00215 -95.4444 3.26412
3.04295 -95.4385 3.26853
3.08837 -95.4712 3.26819
3.14668 -95.47 3.26644
3.1201 -95.5386 3.26879
3.15968 -95.5062 3.26744
3.04928 -95.4795 3.26763
3.21633 -95.5965 3.26328
3.06407 -95.4216 3.26681
3.1216 -95.4246 3.26806
3.06386 -95.5053 3.26596
3.11436 -95.5771 3.26592
3.224 -95.6557 3.2628
2.98686 -95.7054 3.25764
3.19747 -95.5507 3.26507
3.07064 -95.4647 3.26512
2.9913 -95.6291 3.26001
3.01216 -95.4553 3.26617
3.10056 -95.493 3.26751
3.08048 -95.5557 3.26279
3.0873 -95.4465 3.26598
3.19644 -95.652 3.26583
3.03925 -95.554 3.2637
3.0119 -95.5167 3.26462
2.97469 -95.4179 3.26622
2.9987 -95.4142 3.264
3.04575 -95.4987 3.26608
3.02878 -95.6732 3.26242
3.06585 -95.6606 3.26101
3.13762 -95.7218 3.26694
3.28678 -95.7444 3.26526
3.16233 -95.4479 3.26524
2.99636 -95.6714 3.26607
3.04099 -95.4417 3.26595
3.03709 -95.4932 3.26749
3.04282 -95.6292 3.26639
3.08525 -95.5818 3.26829
3.08892 -95.4858 3.26482
3.0904 -95.5781 3.25974
3.09478 -95.576 3.26007
3.17418 -95.5875 3.26892
3.16358 -95.6049 3.26714
3.00717 -95.5671 3.26531
3.07239 -95.5889 3.26449
3.03511 -95.3569 3.26455
3.03183 -95.5568 3.2615
3.19429 -95.6237 3.26594
3.21459 -95.5835 3.26851
3.1658 -95.7127 3.26205
3.22999 -95.5303 3.26451
3.01065 -95.7054 3.26203
3.01983 -95.6845 3.25973
2.95943 -95.5874 3.26737
3.11038 -95.6871 3.26505
3.1248 -95.5318 3.26324
3.14262 -95.5583 3.26345
3.23564 -95.4145 3.26275
3.16683 -95.5895 3.2609
3.11606 -95.6063 3.25854
3.04534 -95.655 3.26937
3.10581 -95.6614 3.26343
3.07996 -95.4803 3.2638
3.05226 -95.5356 3.26684
3.15157 -95.5714 3.26562
3.02261 -95.4998 3.26604
3.04377 -95.5161 3.26516
2.9308 -95.6713 3.25832
2.96245 -95.6636 3.26344
3.18561 -95.4921 3.26709
3.07069 -95.7113 3.26007
3.09649 -95.5613 3.26596
3.15748 -95.6091 3.26583
3.10846 -95.5633 3.26643
3.04982 -95.5514 3.2688
3.06215 -95.4589 3.26578
3.08463 -95.4834 3.26745
3.04321 -95.4678 3.26697
3.05682 -95.5037 3.26578
3.08837 -95.6575 3.26661
2.98638 -95.4354 3.26658
3.19349 -95.6337 3.26297
3.02254 -95.7104 3.26561
3.06194 -95.4448 3.26433
2.98758 -95.5609 3.2646
3.16446 -95.6356 3.26537
3.07919 -95.4594 3.26363
3.12905 -95.4255 3.26481
3.02527 -95.7642 3.26195
3.03426 -95.6209 3.26591
3.16622 -95.6447 3.26648
3.02468 -95.4971 3.26491
3.06848 -95.5963 3.26838
2.97379 -95.5016 3.26683
3.06796 -95.4935 3.26705
3.06301 -95.658 3.26536
3.04918 -95.4415 3.26432
3.01897 -95.6252 3.26295
3.02295 -95.5036 3.2669
3.10279 -95.6738 3.26594
3.00025 -95.7053 3.26465
3.09717 -95.5123 3.26664
3.22409 -95.5546 3.26679
3.0031 -95.6931 3.26551
3.0537 -95.6166 3.26264
3.0676 -95.5087 3.26583
3.12555 -95.4428 3.26217
2.99682 -95.4937 3.26263
2.99306 -95.6492 3.26651
2.95072 -95.627 3.26492
3.01731 -95.6941 3.26504
3.20527 -95.6846 3.26315
3.07163 -95.5266 3.26749
3.09676 -95.4973 3.26563
3.05885 -95.4665 3.26629
3.07456 -95.516 3.26862
3.12001 -95.7057 3.26169
3.2117 -95.547 3.26459
3.10681 -95.4526 3.26339
3.08524 -95.4614 3.26601
3.10152 -95.5449 3.26579
3.14039 -95.4215 3.26823
3.19553 -95.8295 3.26612
3.11134 -95.8326 3.2602
3.09092 -95.5062 3.26644
3.07304 -95.4438 3.26523
2.99191 -95.3937 3.26528
3.168 -95.6227 3.26127
3.02926 -95.4026 3.26697
3.01276 -95.5106 3.2645
3.01864 -95.4181 3.2654
3.1375 -95.5291 3.2635
3.05349 -95.4819 3.26623
3.13623 -95.5006 3.26202
3.0455 -95.4806 3.26574
3.0284 -95.4188 3.26599
3.48647 -92.1708 3.26873
