13.3518 7.35747 0.23352
13.3302 7.35948 0.231078
13.3871 7.34896 0.234139
13.3246 7.28123 0.234056
13.3155 7.35851 0.230856
13.2548 7.30163 0.232655
13.2447 7.34729 0.23573
13.2929 7.33122 0.235557
13.3162 7.3849 0.235874
13.3425 7.25513 0.233738
13.3204 7.31619 0.233353
13.3421 7.3047 0.232709
13.374 7.42573 0.23629
13.3194 7.41118 0.233396
13.4058 7.27992 0.237591
13.2291 7.34658 0.236248
13.3908 7.28431 0.234816
13.32 7.42455 0.232906
13.3212 7.47168 0.233649
13.3666 7.4834 0.234114
13.2633 7.28103 0.234673
13.3331 7.32887 0.231404
13.2505 7.23951 0.233269
13.4369 7.39175 0.229747
13.3047 7.3279 0.235915
13.2804 7.40279 0.232808
13.3017 7.42304 0.236857
13.3168 7.38999 0.236742
13.3895 7.22181 0.235741
13.2621 7.31097 0.231538
13.3711 7.31885 0.237331
13.3005 7.33797 0.237469
13.2724 7.3006 0.235426
13.3015 7.39118 0.233681
13.27 7.40193 0.234155
13.3477 7.2576 0.231608
13.2632 7.40159 0.235027
13.2988 7.31568 0.231577
13.2946 7.40572 0.23136
13.2907 7.44085 0.231544
13.3333 7.28216 0.233658
13.2971 7.32106 0.229621
13.2899 7.44095 0.234796
13.3696 7.41772 0.235015
13.1944 7.34437 0.234634
13.3293 7.34848 0.23482
13.3555 7.38854 0.234452
13.2722 7.27132 0.232475
13.4609 7.25245 0.23167
13.3782 7.38709 0.230931
13.2465 7.37338 0.232494
13.3181 7.3931 0.231333
13.3471 7.24834 0.23357
13.3913 7.40987 0.232754
13.2674 7.38913 0.235772
13.2631 7.31103 0.229659
13.3234 7.32895 0.236867
13.228 7.29235 0.23703
13.2392 7.24195 0.238128
13.293 7.32947 0.233477
13.3379 7.32863 0.233209
13.2974 7.31443 0.23501
13.2457 7.28798 0.234125
13.3841 7.34873 0.232317
13.4212 7.356 0.233831
13.4564 7.34752 0.230904
13.3199 7.30122 0.232882
13.3143 7.26623 0.237846
13.3482 7.26084 0.234296
13.363 7.36042 0.23367
13.3168 7.30373 0.233656
13.2893 7.33791 0.234981
13.2954 7.40165 0.236214
13.2535 7.43477 0.233029
13.2585 7.44408 0.236179
13.3666 7.3416 0.237985
13.3282 7.24115 0.234778
13.278 7.41034 0.234686
13.2424 7.33458 0.229476
13.3476 7.26108 0.234325
13.3271 7.30454 0.234073
13.2763 7.31132 0.236245
13.2752 7.33797 0.23331
13.3779 7.37493 0.232874
13.2825 7.33927 0.233975
13.2242 7.36838 0.234222
13.3753 7.31773 0.234044
13.3103 7.27434 0.230529
13.3204 7.39282 0.233447
13.2819 7.29589 0.230712
13.3854 7.28878 0.235031
13.3099 7.33157 0.235908
13.3797 7.27774 0.235379
13.3157 7.4041 0.235676
13.2812 7.3596 0.230564
13.3132 7.38519 0.229387
13.2837 7.42127 0.229852
13.2952 7.37559 0.234061
13.3053 7.30073 0.235516
13.3625 7.3632 0.235098
13.2821 7.30506 0.235379
13.2995 7.32398 0.236387
13.3189 7.42934 0.23615
13.3153 7.2625 0.233905
13.3181 7.35933 0.234411
13.2835 7.31351 0.234149
13.3642 7.2028 0.235042
13.2958 7.33896 0.234656
13.2741 7.39921 0.236754
13.3062 7.37754 0.237466
13.3615 7.46259 0.2343
13.3943 7.27503 0.233865
13.2683 7.37623 0.233514
13.2457 7.38779 0.232069
13.3429 7.36918 0.234562
13.3116 7.26723 0.233352
13.3353 7.34103 0.234445
13.2997 7.36032 0.236537
13.3172 7.2516 0.235785
13.3508 7.25251 0.235315
13.2909 7.15213 0.231313
13.3107 7.37427 0.229927
13.3131 7.42865 0.235376
13.2838 7.36943 0.23521
13.2898 7.43543 0.232688
13.1852 7.34448 0.234127
13.2485 7.4067 0.234798
13.27 7.32649 0.236065
13.3135 7.32507 0.236049
13.2902 7.4 0.235644
13.3105 7.31384 0.232869
13.2619 7.29416 0.234728
13.253 7.51236 0.236055
13.2468 7.32831 0.23327
13.375 7.2592 0.233931
13.3799 7.36575 0.23633
13.3712 7.32839 0.234932
13.3284 7.29646 0.231678
13.3878 7.37654 0.23728
13.3186 7.26774 0.230819
13.3651 7.37534 0.233644
13.3444 7.33009 0.231734
13.2967 7.33968 0.228945
13.3289 7.33114 0.23509
13.2632 7.36646 0.234972
13.2086 7.34502 0.232325
13.3178 7.26215 0.232902
13.392 7.38042 0.231926
13.4177 7.32145 0.230866
13.2653 7.18842 0.235152
13.3497 7.35577 0.233102
13.3453 7.36421 0.234769
13.2253 7.36102 0.231187
13.3004 7.40996 0.233782
13.4232 7.25392 0.231945
13.2454 7.41096 0.233693
13.3216 7.30755 0.234014
13.2781 7.3637 0.234647
13.3174 7.35563 0.233284
13.2761 7.38256 0.234286
13.2762 7.36843 0.233194
13.3973 7.30021 0.233272
13.2407 7.36646 0.23403
13.2078 7.38009 0.232963
13.3013 7.2966 0.237281
13.331 7.3428 0.235737
13.3226 7.34525 0.234166
13.443 7.42983 0.236867
13.2563 7.42829 0.236917
13.3857 7.34938 0.234985
13.2795 7.50211 0.235869
13.3067 7.33071 0.233868
13.2287 7.40309 0.234328
13.3221 7.40764 0.231734
13.3285 7.31049 0.232637
13.311 7.2163 0.232013
13.3273 7.37262 0.232746
13.3493 7.29756 0.234013
13.2772 7.41421 0.233677
13.3055 7.36289 0.230842
13.3455 7.38445 0.235381
13.3563 7.40982 0.231187
13.2985 7.39928 0.236888
13.3275 7.37246 0.233823
13.3401 7.42152 0.230542
13.267 7.35547 0.233578
13.2368 7.37355 0.234552
13.2421 7.39695 0.235277
13.3721 7.36692 0.233815
13.3219 7.37378 0.231529
13.2908 7.40052 0.229975
13.26 7.3781 0.234632
13.2398 7.27951 0.231394
13.4037 7.362 0.233022
13.4226 7.34388 0.234765
13.3454 7.30795 0.235225
13.2246 7.3028 0.233218
13.2533 7.56319 0.238255
13.2773 7.4013 0.229767
13.2921 7.39665 0.229685
13.2629 7.36691 0.229097
13.3286 7.36794 0.23426
13.2301 7.34645 0.231963
13.2825 7.27819 0.235338
13.3778 7.23742 0.230571
13.3398 7.26997 0.2334
13.3311 7.39965 0.233476
13.33 7.27585 0.232803
13.3408 7.35371 0.229733
13.282 7.33649 0.235635
13.3293 7.32577 0.234066
13.2267 7.40243 0.234859
13.224 7.34306 0.235991
13.2669 7.2295 0.232143
13.478 7.24986 0.231933
13.3339 7.46924 0.233442
13.3517 7.26301 0.232725
13.2731 7.37586 0.238758
13.2368 7.33244 0.233832
13.3594 7.37258 0.234849
13.2565 7.29974 0.234276
13.2744 7.26837 0.232421
13.2944 7.23805 0.233226
13.2988 7.33152 0.229172
13.3519 7.20144 0.238106
13.3278 7.41294 0.234885
13.3614 7.3229 0.234636
13.3706 7.24418 0.232875
13.2669 7.36642 0.235733
13.3102 7.36043 0.234369
13.3054 7.35163 0.23388
13.2659 7.42817 0.23549
13.2958 7.48015 0.234584
13.3228 7.4295 0.237414
13.3112 7.41543 0.235287
13.3301 7.38226 0.233041
13.2243 7.3942 0.233488
13.2885 7.28992 0.234559
13.2821 7.3157 0.230611
13.2647 7.31068 0.232856
13.2848 7.36064 0.234235
13.2896 7.26426 0.236281
13.345 7.39098 0.234625
13.3312 7.30524 0.233345
13.3319 7.26325 0.237432
13.2691 7.33235 0.239702
13.3109 7.25741 0.23338
13.2942 7.32018 0.231528
13.3246 7.32785 0.236995
13.3025 7.33337 0.232285
13.3334 7.29945 0.235709
13.3389 7.3572 0.233675
13.3729 7.3594 0.233795
13.3423 7.19696 0.231224
13.4468 7.41615 0.230686
13.3805 7.31858 0.230815
13.3444 7.24476 0.233101
13.297 7.39845 0.233749
13.3144 7.30701 0.232263
13.3476 7.32944 0.233897
13.2978 7.32666 0.236957
13.2911 7.31932 0.235683
13.2795 7.30278 0.236355
13.2714 7.27344 0.232819
13.3173 7.32859 0.233986
13.3265 7.26285 0.234643
13.2697 7.36142 0.236981
13.2808 7.27101 0.232634
13.3063 7.27927 0.233658
13.3498 7.2283 0.235373
13.2563 7.39977 0.237057
13.3349 7.37585 0.234157
13.2975 7.25765 0.233633
13.3006 7.32361 0.236286
13.2852 7.30016 0.233111
13.2255 7.4247 0.234726
13.2653 7.35805 0.234534
13.3557 7.41711 0.233587
13.3175 7.40645 0.232343
13.355 7.33064 0.232319
13.29 7.36961 0.231962
13.2994 7.30526 0.232891
13.2621 7.30108 0.234363
13.3001 7.41134 0.233499
13.296 7.49967 0.233934
13.2301 7.35316 0.231529
13.3247 7.32817 0.233371
13.3243 7.36209 0.230431
13.383 7.28903 0.234563
13.2952 7.3623 0.235238
13.423 7.24475 0.237548
13.3181 7.28096 0.236297
13.3396 7.29891 0.232556
13.3152 7.29568 0.233976
13.2886 7.37842 0.23064
13.3269 7.41348 0.232015
13.3899 7.3637 0.232672
13.3853 7.34744 0.236094
13.2715 7.24857 0.231839
13.3097 7.42892 0.231037
13.304 7.40057 0.231969
13.2284 7.38802 0.23133
13.2452 7.4016 0.229808
13.2146 7.28252 0.237556
13.2604 7.37453 0.234029
13.3137 7.39785 0.230569
13.3763 7.30131 0.234212
13.422 7.23017 0.233845
13.3571 7.29532 0.2367
13.3682 7.37789 0.232117
13.2857 7.30723 0.235511
13.2692 7.26848 0.233169
13.2555 7.39669 0.233874
13.3371 7.4813 0.235402
13.3186 7.37798 0.23754
13.3356 7.24837 0.231796
13.3056 7.39342 0.23249
13.2974 7.39075 0.231577
13.337 7.33759 0.232708
13.3432 7.359 0.232806
13.3096 7.36545 0.230759
13.3455 7.35201 0.233467
13.2939 7.25892 0.233774
13.4114 7.34604 0.234153
13.3143 7.23278 0.234505
13.3788 7.39521 0.230519
13.285 7.39016 0.236555
13.4203 7.2759 0.234921
13.2872 7.4203 0.233158
13.2246 7.48107 0.233417
13.211 7.29119 0.236574
13.2211 7.31897 0.237977
13.3369 7.41203 0.237371
13.3583 7.43345 0.233457
13.3246 7.28159 0.23513
13.2195 7.4058 0.234066
13.2658 7.35416 0.232935
13.3426 7.38019 0.23642
13.2474 7.28202 0.235104
13.3821 7.36758 0.234597
13.3971 7.37738 0.2314
13.334 7.40515 0.237028
13.3022 7.38512 0.235623
13.3425 7.43367 0.231771
13.2403 7.36415 0.233156
13.2968 7.36664 0.232368
13.3589 7.43564 0.234352
13.3877 7.33698 0.234579
13.2512 7.29648 0.235204
13.4239 7.32984 0.23612
13.2354 7.28228 0.233185
13.2994 7.33532 0.231774
13.3276 7.32963 0.234142
13.3468 7.4401 0.23453
13.2501 7.34959 0.232714
13.3424 7.31239 0.233885
13.3278 7.29678 0.232684
13.359 7.37139 0.230563
13.2376 7.38263 0.232823
13.2531 7.29957 0.232086
13.4041 7.35572 0.236362
13.3182 7.31804 0.233637
13.309 7.29604 0.232271
13.2061 7.34212 0.233179
13.3549 7.31394 0.231448
13.3049 7.27502 0.235972
13.318 7.29781 0.234527
13.3135 7.40814 0.235777
13.3472 7.42803 0.236842
13.2862 7.29325 0.232632
13.3356 7.3805 0.235529
13.2668 7.39436 0.236403
13.2474 7.31443 0.235687
13.3269 7.26411 0.234579
13.3522 7.33337 0.234149
13.3164 7.34542 0.231066
13.2562 7.3928 0.229789
13.2619 7.31443 0.231618
13.3735 7.31653 0.232574
13.3103 7.4174 0.233325
13.2857 7.43276 0.235127
13.2479 7.49461 0.233614
13.2748 7.3107 0.234226
13.3173 7.34486 0.236665
13.297 7.39054 0.231217
13.4173 7.27425 0.234899
13.2956 7.35982 0.236289
13.4397 7.35675 0.233825
13.3828 7.26561 0.238024
13.266 7.31017 0.233152
13.3393 7.3178 0.233009
13.376 7.28737 0.230971
13.251 7.3893 0.230352
13.3195 7.36136 0.233717
13.2834 7.35873 0.233669
13.3147 7.294 0.233022
13.3614 7.44879 0.236046
13.3074 7.44216 0.229728
13.3176 7.40855 0.231673
13.2155 7.39133 0.229043
13.3486 7.31314 0.236111
13.2588 7.26603 0.234732
13.2999 7.31196 0.237541
13.3378 7.29939 0.236519
13.3715 7.18836 0.232368
13.3395 7.24287 0.233931
13.2635 7.36514 0.235977
13.3282 7.41364 0.229864
13.2845 7.35827 0.236058
13.2949 7.33244 0.235956
13.3993 7.38035 0.232484
13.3699 7.30524 0.235375
13.2851 7.56825 0.236288
13.4634 7.28862 0.232238
13.3578 7.49054 0.231418
13.2834 7.3197 0.233954
13.2639 7.33959 0.232792
13.2713 7.39203 0.229968
13.3678 7.41914 0.233954
13.274 7.27326 0.232079
13.2815 7.32452 0.232395
13.2362 7.26569 0.231983
13.3206 7.43636 0.229356
13.254 7.3752 0.236028
13.3545 7.37474 0.23305
13.2471 7.417 0.235626
13.2395 7.46016 0.234018
13.2189 7.28885 0.239576
13.3661 7.43574 0.235488
13.3075 7.36713 0.234145
13.2687 7.54683 0.236128
13.3726 7.29502 0.233363
13.3348 7.32025 0.232092
13.3698 7.38555 0.233831
13.339 7.32359 0.232844
13.358 7.36277 0.237385
13.291 7.26282 0.236051
13.3235 7.36289 0.235663
13.3865 7.33113 0.232919
13.2892 7.29145 0.234621
13.3203 7.37608 0.236738
13.3462 7.2774 0.235113
13.3379 7.35939 0.236662
13.293 7.46528 0.235216
13.2764 7.34722 0.230692
13.346 7.31996 0.234218
13.3744 7.31913 0.23475
13.2243 7.25399 0.235116
13.3124 7.31727 0.231645
13.2762 7.34007 0.232251
13.3127 7.30348 0.233317
13.3895 7.30249 0.231438
13.3842 7.31645 0.233544
13.3647 7.44593 0.235202
13.3097 7.4007 0.231533
13.2256 7.47543 0.232992
13.2661 7.38246 0.233714
13.3116 7.37396 0.231923
13.3734 7.33349 0.231788
13.3435 7.30881 0.232586
13.247 7.3927 0.2352
13.2523 7.2767 0.233483
13.3074 7.38254 0.236937
13.2531 7.31668 0.235463
13.2567 7.35622 0.233739
13.2853 7.34649 0.235234
13.2603 7.32319 0.234118
13.3062 7.30758 0.2379
13.26 7.3718 0.234683
13.2698 7.35053 0.234461
13.2858 7.37814 0.233832
13.2613 7.34735 0.234125
13.2623 7.27171 0.234246
13.3478 7.38277 0.23383
13.3729 7.29782 0.232262
13.2949 7.34499 0.230417
13.2657 7.33825 0.233861
13.3448 7.35188 0.232613
13.338 7.41116 0.234146
13.3159 7.41006 0.233996
13.3337 7.40706 0.235714
13.3069 7.39581 0.236096
13.285 7.39674 0.236867
13.3214 7.32831 0.233661
13.2897 7.35759 0.233741
13.4099 7.35136 0.236964
13.2075 7.3463 0.235223
13.4094 7.34778 0.237993
13.3172 7.3906 0.237231
13.285 7.20003 0.23602
13.3905 7.33408 0.23377
13.3787 7.31681 0.234706
13.3312 7.25214 0.233355
13.2878 7.39649 0.231658
13.2903 7.40103 0.232728
13.338 7.42109 0.235544
13.257 7.40095 0.235153
13.2917 7.3464 0.232025
13.3623 7.2654 0.234136
12.204 10.0213 0.219384
