139.299 -15.88 3.37301
139.29 -15.8904 3.37207
139.343 -15.8765 3.37028
139.408 -15.8713 3.37759
139.357 -15.8422 3.37276
139.314 -15.8759 3.37126
139.336 -15.81 3.37324
139.362 -15.8973 3.37769
139.299 -15.8216 3.37492
139.422 -15.8867 3.37453
139.307 -15.9181 3.37457
139.33 -15.9337 3.37443
139.399 -15.8348 3.37332
139.275 -15.8813 3.37159
139.352 -15.8376 3.37584
139.345 -15.8421 3.37603
139.383 -15.9344 3.37464
139.392 -15.8635 3.37665
139.3 -15.9059 3.37025
139.337 -15.8759 3.37763
139.348 -15.9012 3.3766
139.391 -15.9059 3.37249
139.364 -15.8853 3.3755
139.371 -15.9592 3.37232
139.293 -15.9097 3.36952
139.289 -15.9131 3.3696
139.379 -15.8666 3.37657
139.378 -15.8645 3.37626
139.302 -15.8964 3.37143
139.404 -15.8191 3.37209
139.466 -15.8708 3.37344
139.367 -15.8425 3.37548
139.311 -15.9179 3.37353
139.402 -15.8789 3.37367
139.427 -15.7844 3.37518
139.334 -15.8508 3.37351
139.275 -15.8942 3.37191
139.366 -15.7989 3.37648
139.48 -15.971 3.37662
139.293 -15.9547 3.37402
139.4 -15.8656 3.37124
139.383 -15.9305 3.37493
139.338 -15.8744 3.37425
139.42 -15.8998 3.37447
139.397 -15.9105 3.37366
139.385 -15.8804 3.37805
139.367 -15.8807 3.37188
139.321 -15.8011 3.37232
139.382 -15.8473 3.37459
139.406 -15.9697 3.37209
139.378 -15.8533 3.37395
139.28 -15.9386 3.37165
139.274 -15.9361 3.3715
139.402 -15.8901 3.37786
139.4 -15.8853 3.37809
139.36 -15.8379 3.3765
139.334 -15.8604 3.37534
139.342 -15.9549 3.3733
139.341 -15.9747 3.37239
139.372 -15.8745 3.37246
139.32 -15.899 3.37285
139.374 -15.9226 3.37364
139.306 -15.8659 3.37446
139.421 -15.8197 3.37345
139.273 -15.9318 3.37239
139.287 -15.8792 3.37289
139.401 -15.9113 3.37549
139.29 -15.889 3.3718
139.371 -15.9266 3.37232
139.351 -15.9566 3.37646
139.384 -15.9328 3.37449
139.318 -15.9837 3.37236
139.36 -15.8979 3.37755
139.368 -15.92 3.37427
139.294 -15.8256 3.37491
139.367 -15.8359 3.37359
139.31 -15.9207 3.37443
139.437 -15.8138 3.37612
139.381 -15.8303 3.36939
139.268 -15.8787 3.37165
139.321 -15.9091 3.37199
139.37 -15.8435 3.37387
139.414 -15.8929 3.37776
139.341 -15.881 3.37754
139.325 -15.8631 3.37749
139.321 -15.8648 3.37727
139.351 -15.8903 3.37669
139.354 -15.883 3.37198
139.396 -15.8001 3.37543
139.468 -15.8344 3.37024
139.322 -15.7656 3.37609
139.493 -15.9593 3.37866
139.482 -15.9496 3.3784
139.3 -15.9201 3.37386
139.407 -15.8192 3.37201
139.423 -15.778 3.37277
139.442 -15.8458 3.36934
139.386 -15.9057 3.37352
139.345 -15.8569 3.37018
139.327 -15.961 3.37516
139.331 -15.9474 3.36972
139.366 -15.9409 3.37316
139.471 -15.9064 3.37793
139.348 -15.8464 3.37669
139.434 -15.8478 3.37241
139.401 -15.8321 3.37576
139.322 -15.9102 3.37282
139.334 -15.8806 3.37412
139.341 -15.8737 3.37404
139.338 -15.9724 3.37218
139.37 -15.8272 3.37321
139.316 -15.8687 3.37426
139.326 -15.9592 3.37303
139.319 -15.7989 3.37257
139.323 -15.8019 3.37238
139.389 -15.8457 3.37317
139.417 -15.8956 3.37476
139.266 -15.8938 3.37087
139.353 -15.8995 3.37308
139.334 -15.8599 3.37531
139.337 -15.8604 3.3755
139.344 -15.8336 3.37022
139.347 -15.9835 3.37232
139.377 -15.9149 3.37304
139.353 -15.9048 3.37611
139.447 -15.8971 3.37423
139.394 -15.8631 3.37537
139.349 -15.8602 3.37456
139.356 -15.855 3.37445
139.348 -15.8531 3.37433
139.273 -15.9321 3.37243
139.39 -15.8168 3.37359
139.387 -15.9814 3.37622
139.332 -15.9509 3.37218
139.389 -15.8777 3.37284
139.342 -15.953 3.37629
139.351 -15.8455 3.37282
139.5 -15.892 3.375
139.337 -15.8035 3.37321
139.363 -15.9239 3.37437
139.332 -15.9545 3.37337
139.334 -15.9559 3.37366
139.311 -15.9525 3.37405
139.31 -15.9114 3.37454
139.308 -15.923 3.37446
139.425 -15.8202 3.37586
139.412 -15.8244 3.37689
139.323 -15.9046 3.37212
139.397 -15.8581 3.3767
139.334 -15.877 3.37774
139.328 -15.8678 3.37726
139.348 -15.8992 3.37661
139.373 -15.8899 3.37558
139.393 -15.7991 3.37552
139.391 -15.8304 3.3729
139.322 -15.7645 3.376
139.343 -15.9274 3.37164
139.438 -15.9555 3.37535
139.303 -15.9136 3.37382
139.34 -15.9802 3.37392
139.433 -16.0634 3.3725
139.321 -15.9596 3.37252
139.389 -15.8684 3.37654
139.385 -15.9059 3.37368
139.333 -15.8718 3.37071
139.342 -15.8754 3.37076
139.35 -15.8628 3.36993
139.417 -15.8587 3.37492
139.35 -15.9114 3.37701
139.338 -15.8531 3.37354
139.469 -15.9029 3.37777
139.272 -15.9042 3.37213
139.387 -15.7919 3.3778
139.428 -15.8445 3.37229
139.358 -15.8534 3.37253
139.409 -15.8893 3.37562
139.387 -15.9209 3.37475
139.34 -15.9215 3.36972
139.337 -15.8734 3.3743
139.342 -15.9769 3.37218
139.388 -15.8848 3.37306
139.388 -15.8025 3.37812
139.318 -15.8647 3.37449
139.414 -15.8218 3.37426
139.37 -15.89 3.37541
139.411 -15.8968 3.37469
139.36 -15.8427 3.37644
139.384 -15.8702 3.37158
139.335 -15.8464 3.37058
139.345 -15.9422 3.3734
139.366 -15.8936 3.37695
139.472 -15.8705 3.37144
139.347 -15.8685 3.37349
139.44 -15.9374 3.37335
139.391 -15.865 3.37552
139.31 -15.8644 3.37435
139.425 -15.8381 3.37194
139.269 -15.9336 3.37234
139.282 -15.8789 3.37314
139.339 -16.0085 3.371
139.453 -15.887 3.37105
139.287 -15.8851 3.37206
139.441 -15.9233 3.37556
139.356 -15.8443 3.3727
139.337 -15.8053 3.3734
139.338 -15.8047 3.37327
139.297 -15.826 3.37507
139.359 -15.8331 3.37356
139.308 -15.9197 3.3745
139.368 -15.9105 3.37587
139.412 -15.8248 3.37681
139.343 -15.8333 3.37596
139.382 -15.9473 3.37452
139.393 -15.8665 3.37657
139.34 -15.8808 3.37756
139.354 -15.8963 3.37642
139.398 -15.8013 3.37541
139.29 -15.9207 3.36959
139.313 -15.7669 3.37622
139.31 -15.761 3.3758
139.408 -15.9381 3.37645
139.374 -15.8979 3.37714
139.368 -15.9459 3.37139
139.436 -15.9707 3.37428
139.316 -15.9127 3.37344
139.364 -15.8741 3.37432
139.434 -15.8937 3.37459
139.441 -15.8982 3.37445
139.344 -15.9126 3.37692
139.437 -15.926 3.37249
139.367 -15.8564 3.37478
139.276 -15.9011 3.37202
139.348 -15.8524 3.37665
139.295 -15.954 3.37418
139.403 -15.757 3.37366
139.323 -15.9096 3.37301
139.372 -15.8738 3.37281
139.348 -15.9268 3.37331
139.403 -15.9166 3.3734
139.384 -15.7966 3.37804
139.542 -15.9009 3.37565
139.411 -15.772 3.37382
139.386 -15.844 3.37332
139.381 -15.8516 3.37401
139.274 -15.9382 3.37179
139.356 -15.8385 3.37644
139.407 -15.9352 3.37549
139.33 -15.8665 3.37532
139.375 -15.7739 3.37205
139.36 -15.9202 3.37562
139.38 -15.9102 3.373
139.319 -15.9019 3.3728
139.33 -15.8989 3.37074
139.409 -15.9365 3.37655
139.38 -15.8469 3.37437
139.377 -15.842 3.37441
139.445 -15.8666 3.37786
139.275 -15.9391 3.37258
139.397 -15.8138 3.37469
139.31 -15.9371 3.37137
139.404 -15.9097 3.37554
139.289 -15.8825 3.37198
139.337 -15.9534 3.37226
139.369 -15.9362 3.37228
139.344 -15.9523 3.3764
139.382 -15.9317 3.37453
139.343 -15.804 3.3733
139.339 -15.9629 3.37086
139.296 -15.8244 3.37485
139.361 -15.8315 3.37331
139.365 -15.8352 3.37325
139.275 -15.9298 3.36945
139.305 -15.9145 3.37441
139.43 -15.816 3.37595
139.334 -15.8908 3.37263
139.331 -15.8911 3.37271
139.376 -15.9468 3.37539
139.264 -15.8819 3.37178
139.319 -15.9091 3.37224
139.344 -15.8338 3.37577
139.413 -15.8975 3.37766
139.33 -15.8644 3.37724
139.353 -15.8837 3.37182
139.273 -15.9357 3.37416
139.378 -15.8905 3.37387
139.377 -15.8226 3.3745
139.302 -15.9138 3.374
139.373 -15.9453 3.37154
139.472 -15.9533 3.37474
139.365 -15.8448 3.37568
139.42 -15.8402 3.37616
139.346 -15.8776 3.37084
139.35 -15.8606 3.37006
139.354 -15.8651 3.37326
139.351 -15.9112 3.37696
139.314 -15.8944 3.3702
139.369 -15.9265 3.37264
139.277 -15.9056 3.37194
139.353 -15.8471 3.37692
139.293 -15.9427 3.37413
139.468 -16.0271 3.37626
139.432 -15.9472 3.37161
139.361 -15.9497 3.3747
139.47 -15.8989 3.37463
139.386 -15.8871 3.37789
139.324 -15.9549 3.37294
139.403 -15.9485 3.37743
139.439 -15.8123 3.37299
139.274 -15.9361 3.37153
139.266 -15.8987 3.37114
139.352 -15.8374 3.37665
139.352 -15.9014 3.37305
139.336 -15.8641 3.37538
139.353 -15.9116 3.37578
139.384 -15.917 3.37304
139.351 -15.8725 3.37338
139.305 -15.8667 3.37439
139.35 -15.86 3.3744
139.267 -15.9363 3.37253
139.289 -15.8849 3.3732
139.364 -15.8184 3.37289
139.3 -15.8886 3.37316
139.463 -15.9856 3.37373
139.442 -15.9022 3.37533
139.432 -15.9549 3.37368
139.315 -15.9852 3.37242
139.342 -15.8096 3.37339
139.337 -15.9521 3.37361
139.315 -15.95 3.37424
139.31 -15.9144 3.37439
139.307 -15.9178 3.37451
139.328 -15.9373 3.37413
139.393 -15.8519 3.37506
139.416 -15.8272 3.37688
139.364 -15.9766 3.37427
139.393 -15.86 3.3765
139.305 -15.9024 3.37005
139.328 -15.8627 3.37718
139.369 -15.8957 3.37358
139.282 -15.9258 3.37415
139.377 -15.9506 3.37237
139.38 -15.8957 3.37399
139.373 -15.8218 3.37302
139.381 -15.8626 3.37635
139.41 -15.9553 3.37279
139.414 -15.9578 3.37284
139.362 -15.9112 3.37301
139.319 -15.963 3.37264
139.421 -15.841 3.3762
139.385 -15.8712 3.37631
139.37 -16.0048 3.37196
139.348 -15.8721 3.371
139.348 -15.9176 3.37677
139.365 -15.8848 3.37262
139.367 -15.8608 3.37473
139.279 -15.8944 3.37199
139.279 -15.8982 3.37206
139.352 -15.8809 3.37337
139.409 -15.769 3.37545
139.388 -15.8171 3.37325
139.442 -15.95 3.37372
139.381 -15.8616 3.37382
139.37 -15.9253 3.37306
139.364 -15.8222 3.37332
139.379 -15.8956 3.37452
139.377 -15.8915 3.37441
139.325 -15.8037 3.37221
139.39 -15.8404 3.37346
139.275 -15.9364 3.37157
139.351 -15.8992 3.37293
139.351 -15.9017 3.37309
139.335 -15.8655 3.3755
139.36 -15.9166 3.37583
139.344 -15.9546 3.37335
139.367 -15.8937 3.37697
139.402 -15.8671 3.37317
139.344 -15.8643 3.37342
139.313 -15.867 3.37445
139.27 -15.9336 3.37233
139.388 -15.8172 3.37345
139.385 -15.8473 3.3752
139.298 -15.8803 3.37311
139.291 -15.8889 3.37188
139.431 -15.9237 3.37562
139.351 -15.8469 3.37284
139.341 -15.8064 3.37338
139.298 -15.8224 3.37487
139.31 -15.9505 3.37411
139.376 -15.8675 3.37273
139.413 -15.8881 3.3751
139.435 -15.8168 3.37625
139.33 -15.8879 3.37269
139.429 -15.8267 3.37578
139.265 -15.8821 3.37159
139.362 -15.8384 3.3738
139.325 -15.8932 3.37126
139.366 -15.8992 3.37359
139.28 -15.9333 3.37424
139.37 -15.8865 3.37542
139.408 -15.8631 3.3723
139.378 -15.8936 3.37403
139.378 -15.8302 3.37456
139.409 -15.9288 3.37649
139.303 -15.8989 3.37148
139.374 -15.8945 3.37736
139.368 -15.9445 3.37155
139.363 -15.8423 3.37566
139.309 -15.9184 3.37359
139.384 -15.8384 3.37242
139.357 -15.8574 3.37318
139.353 -15.9221 3.37681
139.422 -15.9485 3.37264
139.317 -15.9 3.36997
139.339 -15.8538 3.37349
139.37 -15.9393 3.37314
139.373 -15.8046 3.37645
139.398 -15.9244 3.37385
139.295 -15.948 3.37403
139.458 -15.7943 3.37329
139.442 -15.9505 3.3741
139.395 -15.8219 3.37313
139.32 -15.8678 3.37263
139.342 -15.8781 3.37404
139.393 -15.8829 3.37299
139.376 -15.8938 3.37428
139.379 -15.8966 3.37436
139.317 -15.871 3.37425
139.326 -15.7999 3.37258
139.387 -15.8465 3.37348
139.512 -15.9213 3.37491
139.321 -15.9672 3.37259
139.359 -15.8427 3.37642
139.404 -15.9073 3.37555
139.379 -15.7813 3.37202
139.347 -15.9536 3.37335
139.367 -15.8956 3.37676
139.375 -15.8755 3.37244
139.356 -15.9083 3.37611
139.345 -15.8676 3.37341
139.393 -15.8661 3.37534
139.397 -15.8645 3.37543
139.428 -15.8148 3.37346
139.288 -15.8763 3.37306
139.368 -15.8251 3.37295
139.293 -15.8802 3.3731
139.375 -15.9316 3.37227
139.528 -15.8498 3.38094
139.406 -15.8699 3.37756
139.387 -15.9351 3.37452
139.354 -15.9194 3.37174
139.342 -15.8057 3.37339
139.345 -15.9646 3.37103
139.31 -15.952 3.37431
139.272 -15.9314 3.36971
139.335 -15.8887 3.37266
139.414 -15.8295 3.37696
139.344 -15.8316 3.376
139.483 -15.8945 3.37279
139.323 -15.8615 3.37735
139.429 -15.884 3.37469
139.277 -15.9367 3.37404
139.28 -15.9303 3.37413
139.28 -15.9358 3.37408
139.475 -15.9226 3.37419
139.506 -15.8829 3.37286
139.382 -15.9179 3.37718
139.296 -15.8975 3.37112
139.391 -15.8897 3.37132
139.393 -15.8607 3.37593
139.428 -15.8899 3.37577
139.352 -15.9142 3.37268
139.372 -16.0071 3.37202
139.352 -15.8612 3.37326
139.325 -15.966 3.37513
139.32 -15.8929 3.37022
139.438 -15.9256 3.37269
139.372 -15.9275 3.37264
139.273 -15.8939 3.37213
139.375 -15.8053 3.37654
139.348 -15.8448 3.37673
139.393 -15.9266 3.37393
139.296 -15.9602 3.37394
139.358 -15.8582 3.37235
139.363 -15.8498 3.37232
139.32 -15.8758 3.37256
139.321 -15.8772 3.37264
139.363 -15.9518 3.37472
139.339 -15.9748 3.37227
139.429 -15.9004 3.37352
139.383 -15.8889 3.37797
139.331 -15.962 3.37288
139.388 -15.8421 3.37336
139.277 -15.9364 3.37154
139.265 -15.9033 3.37096
139.354 -15.8932 3.37306
139.405 -15.9092 3.37554
139.335 -15.8658 3.37534
139.331 -15.8435 3.37074
139.445 -15.9314 3.3754
140.267 -18.8711 3.37441
