69.4813 -43.3066 3.81095
69.5334 -43.1878 3.81116
69.545 -43.1451 3.81612
69.5018 -43.1478 3.81328
69.4528 -43.1353 3.80999
69.4991 -43.1484 3.81082
69.5616 -43.1168 3.81335
69.4683 -43.2672 3.81103
69.5134 -43.2177 3.81169
69.507 -43.332 3.8108
69.5053 -43.1331 3.81401
69.5159 -43.1399 3.81288
69.5121 -43.0754 3.81319
69.5966 -43.234 3.81077
69.5703 -43.1461 3.81216
69.4654 -43.139 3.81002
69.5627 -43.1826 3.81494
69.3915 -43.1733 3.81
69.4371 -43.1886 3.81152
69.5204 -43.2775 3.81137
69.511 -43.121 3.81433
69.5558 -43.0918 3.81447
69.4474 -43.1168 3.81639
69.486 -43.1945 3.8133
69.5486 -43.1186 3.81188
69.5317 -43.1944 3.81236
69.5476 -43.1134 3.81524
69.4947 -43.1507 3.81458
69.5473 -43.1685 3.8108
69.487 -43.2033 3.81436
69.4458 -43.0549 3.81251
69.4822 -43.1208 3.81177
69.5113 -43.29 3.81492
69.4773 -43.1985 3.81352
69.5061 -43.1962 3.81205
69.5554 -43.2712 3.8158
69.5508 -43.0707 3.81089
69.5593 -43.1582 3.8133
69.5516 -43.2256 3.81286
69.4981 -43.174 3.80965
69.5154 -43.1955 3.81404
69.5668 -43.1939 3.81401
69.5272 -43.0898 3.81413
69.5321 -43.2298 3.81435
69.5104 -43.1209 3.81337
69.4965 -43.2067 3.81769
69.5592 -43.156 3.81476
69.4898 -43.2503 3.81283
69.4911 -43.2048 3.81153
69.4767 -43.1365 3.81405
69.4873 -43.2597 3.813
69.4212 -43.1787 3.81337
69.5126 -43.1375 3.81478
69.4837 -43.185 3.81426
69.511 -43.239 3.8135
69.5523 -43.1373 3.81062
69.5273 -43.068 3.81486
69.4338 -43.1975 3.81575
69.4774 -43.0364 3.81381
69.4956 -43.2227 3.81316
69.4973 -43.1911 3.81295
69.3905 -43.1474 3.8096
69.5495 -43.1047 3.81347
69.4805 -43.1963 3.81452
69.5673 -43.1154 3.81512
69.4996 -43.1446 3.81484
69.5724 -43.22 3.81435
69.6295 -43.1978 3.81418
69.5469 -43.0097 3.81818
69.5292 -43.1209 3.8114
69.4562 -43.2413 3.81494
69.4787 -43.1059 3.81419
69.451 -43.1106 3.81226
69.4605 -43.2252 3.80859
69.5037 -43.1593 3.8144
69.4794 -43.1644 3.81168
69.5288 -43.1686 3.81487
69.5479 -43.1608 3.8117
69.5234 -43.2104 3.81035
69.4711 -43.224 3.81458
69.5417 -43.105 3.81539
69.5439 -43.1473 3.81261
69.5323 -43.1346 3.81158
69.615 -43.1676 3.80753
69.4737 -43.1477 3.81306
69.4471 -43.1399 3.81337
69.5782 -43.2748 3.81235
69.549 -43.169 3.81369
69.5178 -43.211 3.81046
69.5666 -43.1158 3.81356
69.4961 -43.2435 3.81426
69.5105 -43.1872 3.81249
69.4336 -43.0481 3.81406
69.5481 -43.1303 3.81402
69.5899 -43.1292 3.81162
69.5115 -43.2328 3.81293
69.5447 -43.2549 3.81228
69.4893 -43.1607 3.81498
69.5685 -43.1226 3.81569
69.4879 -43.249 3.81122
69.5217 -43.0912 3.81224
69.5206 -43.165 3.81224
69.5192 -43.1532 3.81325
69.5069 -43.0838 3.81363
69.4824 -43.1765 3.81097
69.4852 -43.193 3.81035
69.4859 -43.205 3.81522
69.5345 -43.1892 3.81157
69.4827 -43.3017 3.81101
69.5158 -43.1962 3.81272
69.4798 -43.2052 3.81202
69.4458 -43.0944 3.81322
69.516 -43.1282 3.81451
69.5653 -43.184 3.81358
69.4157 -43.0805 3.81128
69.4809 -43.0452 3.81038
69.4766 -43.1916 3.81378
69.5447 -43.1138 3.81018
69.5188 -43.124 3.81177
69.5804 -43.1987 3.81586
69.6242 -43.1546 3.81451
69.6661 -43.118 3.81426
69.5055 -43.1658 3.81101
69.3673 -43.0716 3.8121
69.588 -43.1773 3.81066
69.5483 -43.2719 3.81333
69.5295 -43.1761 3.80997
69.4597 -43.1196 3.81414
69.4177 -43.1448 3.81199
69.5306 -43.1644 3.81306
69.5339 -43.1336 3.81322
69.5493 -43.1364 3.81401
69.5777 -43.2287 3.80976
69.4642 -43.1924 3.81153
69.5279 -43.1856 3.81403
69.485 -43.0858 3.81241
69.4466 -43.2013 3.81354
69.5038 -43.1899 3.81509
69.4041 -43.159 3.81348
69.4508 -43.1553 3.81493
69.5066 -43.1225 3.81314
69.5523 -43.2876 3.81434
69.5973 -43.1918 3.8128
69.5231 -43.0768 3.81243
69.4235 -43.1197 3.81166
69.6021 -43.0984 3.81174
69.4793 -43.1661 3.80985
69.4313 -43.0893 3.81144
69.576 -43.2731 3.81411
69.5579 -43.2129 3.81343
69.4368 -43.0929 3.81456
69.4072 -43.226 3.81329
69.5767 -43.0958 3.81439
69.5324 -43.1024 3.81404
69.4694 -43.1568 3.81469
69.5046 -43.2195 3.81299
69.5489 -43.2465 3.81167
69.518 -43.1891 3.81229
69.5143 -43.1821 3.8133
69.5886 -43.1812 3.81336
69.5489 -43.2279 3.81057
69.4885 -43.1537 3.81016
69.5557 -43.1809 3.81479
69.488 -43.0913 3.81404
69.5259 -43.1445 3.81303
69.5495 -43.2793 3.81192
69.5168 -43.1905 3.81177
69.4877 -43.0871 3.81129
69.457 -43.1408 3.81384
69.5582 -43.1636 3.81048
69.4751 -43.1641 3.81374
69.4388 -43.1464 3.81401
69.6109 -43.2709 3.81503
69.5596 -43.1581 3.81822
69.6184 -43.1452 3.81788
69.5049 -43.0829 3.81231
69.5289 -43.1893 3.81274
69.5726 -43.2109 3.81117
69.5697 -43.225 3.8126
69.4105 -43.264 3.81376
69.5145 -43.28 3.81426
69.5857 -43.2709 3.81267
69.5097 -43.1515 3.8114
69.4371 -43.1866 3.81101
69.5128 -43.1942 3.81712
69.5272 -43.155 3.81081
69.5445 -43.161 3.81616
69.5152 -43.0878 3.81191
69.4564 -43.1636 3.81238
69.5114 -43.1872 3.81142
69.5388 -43.1148 3.81142
69.6172 -43.1573 3.81134
69.536 -43.1988 3.81123
69.5019 -43.1965 3.80879
69.5373 -43.1208 3.81344
69.5418 -43.1901 3.81612
69.5103 -43.1971 3.81652
69.4876 -43.181 3.81047
69.4681 -43.2281 3.8125
69.5014 -43.1226 3.8145
69.4735 -43.1225 3.81198
69.5394 -43.1615 3.81066
69.5417 -43.1739 3.81221
69.5202 -43.1659 3.81323
69.459 -43.167 3.81356
69.4398 -43.0338 3.81492
69.5052 -43.1028 3.81282
69.4559 -43.2441 3.81203
69.5242 -43.2408 3.81272
69.4614 -43.164 3.8132
69.5044 -43.1264 3.81441
69.5042 -43.0839 3.81252
69.5573 -43.1496 3.81249
69.5359 -43.2416 3.81306
69.6089 -43.1378 3.81395
69.4807 -43.1438 3.81479
69.5 -43.1148 3.81378
69.4621 -43.1794 3.81273
69.4993 -43.1294 3.81547
69.5289 -43.2633 3.81512
69.5229 -43.1972 3.81279
69.5267 -43.1925 3.81457
69.4682 -43.0906 3.80934
69.5962 -43.0916 3.81369
69.5943 -43.1663 3.81486
69.4855 -43.0644 3.81217
69.4937 -43.1873 3.81223
69.4689 -43.2284 3.81083
69.4764 -43.148 3.81424
69.5251 -43.1564 3.81398
69.4785 -43.2854 3.81046
69.5091 -43.1802 3.81042
69.4865 -43.1824 3.81113
69.4334 -43.1784 3.81311
69.5216 -43.1588 3.81253
69.5208 -43.0837 3.81302
69.5351 -43.1453 3.81173
69.4522 -43.2118 3.81279
69.5911 -43.2192 3.81586
69.5317 -43.1891 3.81361
69.3981 -43.2043 3.81209
69.4476 -43.116 3.81284
69.547 -43.076 3.8135
69.5622 -43.1523 3.8106
69.5034 -43.1834 3.80844
69.5265 -43.1898 3.80767
69.499 -43.1801 3.81333
69.5344 -43.1973 3.81109
69.4538 -43.081 3.81314
69.5617 -43.1489 3.81243
69.4807 -43.0972 3.81244
69.5139 -43.1141 3.81439
69.5254 -43.1765 3.81366
69.5961 -43.0582 3.81368
69.4691 -43.155 3.81216
69.4944 -43.075 3.81136
69.4783 -43.1162 3.81442
69.5374 -43.1485 3.8161
69.4952 -43.2223 3.8115
69.4127 -43.1678 3.81209
69.5972 -43.2325 3.81222
69.641 -43.2059 3.81436
69.4207 -43.1347 3.81559
69.5851 -43.0913 3.81117
69.5335 -43.1462 3.8164
69.5159 -43.1907 3.81662
69.5233 -43.1341 3.81452
69.5627 -43.1833 3.81397
69.5707 -43.1701 3.8114
69.3826 -43.0927 3.81226
69.5432 -43.139 3.8114
69.5203 -43.2761 3.8129
69.4924 -43.1993 3.81335
69.4917 -43.1331 3.81624
69.4728 -43.2084 3.81121
69.4773 -43.0663 3.81334
69.5621 -43.1378 3.81125
69.4938 -43.1901 3.8117
69.5461 -43.2788 3.81248
69.5707 -43.2174 3.81448
69.5412 -43.1852 3.81341
69.568 -43.1997 3.81183
69.5008 -43.1961 3.8118
69.5134 -43.1556 3.81183
69.5325 -43.2974 3.81103
69.5736 -43.1441 3.8137
69.4702 -43.161 3.81395
69.5399 -42.997 3.81647
69.495 -43.1359 3.81106
69.563 -43.1428 3.81232
69.5164 -43.18 3.81209
69.5075 -43.2388 3.81057
69.4575 -43.1287 3.80983
69.4718 -43.188 3.81144
69.5227 -43.1298 3.81175
69.5029 -43.1397 3.81531
69.4813 -43.1147 3.81181
69.4055 -43.2695 3.81046
69.5581 -43.119 3.81526
69.5098 -43.1425 3.80895
69.5544 -43.1936 3.80936
69.5173 -43.1529 3.81379
69.5027 -43.1487 3.81274
69.5291 -43.146 3.80887
69.5356 -43.177 3.81079
69.4853 -43.1303 3.81302
69.5311 -43.1578 3.81385
69.5181 -43.3085 3.80768
69.5094 -43.2669 3.81052
69.5334 -43.0992 3.81177
69.5477 -43.1977 3.81285
69.5396 -43.2871 3.81454
69.4566 -43.1288 3.81538
69.523 -43.2154 3.81235
69.5133 -43.2374 3.81308
69.5115 -43.236 3.80958
69.5037 -43.0826 3.81318
69.495 -43.2105 3.81327
69.561 -43.1501 3.81444
69.5261 -43.172 3.81445
69.4306 -43.1411 3.81286
69.5175 -43.205 3.81217
69.477 -43.1512 3.8144
69.552 -43.2337 3.8146
69.5271 -43.1494 3.81365
69.4187 -43.2719 3.80955
69.5491 -43.0855 3.81552
69.4779 -43.1039 3.812
69.4316 -43.0686 3.81222
69.683 -43.1983 3.81207
69.396 -43.1462 3.81414
69.459 -43.1543 3.81369
69.4624 -43.1689 3.81253
69.4558 -43.2063 3.81299
69.5422 -43.093 3.81427
69.4866 -43.0974 3.81423
69.4972 -43.2564 3.81354
69.4647 -43.1857 3.81609
69.4382 -43.1157 3.81084
69.5726 -43.2043 3.8113
69.5291 -43.1381 3.81122
69.5868 -43.1459 3.81162
69.5068 -43.196 3.81223
69.5391 -43.2409 3.81651
69.4921 -43.1762 3.81244
69.5113 -43.2942 3.81502
69.5846 -43.0839 3.8153
69.5611 -43.2064 3.81164
69.5503 -43.1516 3.8103
69.4952 -43.1496 3.81466
69.5614 -43.1888 3.81157
69.5337 -43.0896 3.81408
69.5516 -43.1959 3.81273
69.4476 -43.1762 3.81402
69.5179 -43.1963 3.81336
69.4585 -43.1017 3.81253
69.4605 -43.1342 3.814
69.4833 -43.2837 3.81491
69.5229 -43.0829 3.814
69.4533 -43.1588 3.81349
69.5313 -43.2374 3.81565
69.5313 -43.1014 3.81487
69.5371 -43.2251 3.81031
69.5465 -43.1875 3.81307
69.4962 -43.1884 3.8119
69.579 -43.2172 3.81334
69.6012 -43.1895 3.81229
69.5523 -43.1324 3.81548
69.4862 -43.2147 3.80813
69.4595 -43.2529 3.81227
69.4919 -43.2328 3.81608
69.5093 -43.2391 3.81347
69.4995 -43.1171 3.81498
69.4998 -43.191 3.81507
69.5505 -43.1721 3.816
69.4138 -43.1311 3.81283
69.5836 -43.202 3.81397
69.5292 -43.1628 3.81552
69.5623 -43.178 3.81473
69.4685 -43.2078 3.81438
69.5171 -43.2624 3.81437
69.516 -43.1998 3.81312
69.5172 -43.2138 3.81416
69.4877 -43.122 3.81468
69.5445 -43.1876 3.81259
69.5742 -43.0856 3.81346
69.3922 -43.1365 3.81197
69.4616 -43.0628 3.81243
69.513 -43.1338 3.81458
69.5895 -43.1086 3.81377
69.5776 -43.1584 3.81276
69.5532 -43.1272 3.81645
69.4258 -43.2664 3.80874
69.5173 -43.2834 3.81173
69.5431 -43.1066 3.81411
69.5212 -43.1903 3.81291
69.5553 -43.0365 3.81431
69.4834 -43.1496 3.81371
69.5075 -43.1041 3.81151
69.5575 -43.1181 3.81183
69.6176 -43.2287 3.81297
69.3727 -43.2847 3.81045
69.5531 -43.0984 3.81187
69.454 -43.1334 3.81505
69.4296 -43.1814 3.81119
69.4974 -43.208 3.81307
69.5389 -43.1319 3.81598
69.5177 -43.132 3.81219
69.5045 -43.2184 3.81188
69.4092 -43.205 3.81338
69.4042 -43.1728 3.81299
69.4835 -43.1019 3.80972
69.4863 -43.1263 3.81476
69.5044 -43.1412 3.81289
69.5898 -43.2755 3.81449
69.5133 -43.1813 3.81376
69.4623 -43.1088 3.81276
69.5318 -43.1929 3.81705
69.5583 -43.2081 3.81234
69.5496 -43.2266 3.81258
69.4761 -43.1218 3.81482
69.517 -43.2586 3.81174
69.5095 -43.184 3.81211
69.4629 -43.202 3.81567
69.471 -43.2257 3.8174
69.4722 -43.2455 3.81461
69.5758 -43.1633 3.81378
69.5043 -43.1872 3.8111
69.5311 -43.1454 3.81555
69.5023 -43.1299 3.81319
69.4868 -43.1641 3.81296
69.4997 -43.1953 3.81352
69.5018 -43.3056 3.80924
69.5932 -43.1259 3.81628
69.5581 -43.2006 3.81242
69.5588 -43.2266 3.81309
69.4817 -43.1792 3.80948
69.4897 -43.1321 3.80997
69.513 -43.2053 3.8143
69.5405 -43.1481 3.81107
69.5222 -43.1573 3.816
69.5169 -43.1847 3.8188
69.4518 -43.1416 3.81291
69.4808 -43.134 3.81494
69.4889 -43.161 3.81204
69.556 -43.2032 3.81199
69.4704 -43.1779 3.81295
69.473 -43.1518 3.81173
69.6288 -43.1844 3.81483
69.4958 -43.1171 3.81477
69.6434 -43.2221 3.81222
69.4479 -43.0815 3.81359
69.4976 -43.1946 3.81289
69.5845 -43.2214 3.81055
69.468 -43.1615 3.81666
69.4284 -43.1681 3.81602
69.513 -43.1335 3.81293
69.4034 -43.1735 3.81278
69.5557 -43.1994 3.81265
69.5387 -43.1528 3.8143
69.5268 -43.1215 3.81405
69.3978 -43.1429 3.81142
69.4869 -43.1413 3.81155
69.4581 -43.1281 3.814
69.5677 -43.2502 3.81137
69.5939 -43.2834 3.80913
69.4526 -43.1909 3.81386
69.4167 -43.211 3.81234
69.5501 -43.1892 3.81674
69.4478 -43.1917 3.81418
69.5636 -43.1324 3.81317
69.4745 -43.1797 3.81115
69.4882 -43.2021 3.8104
69.4934 -43.2695 3.80768
69.4486 -43.0727 3.81283
69.5474 -43.1787 3.8116
69.3976 -43.1583 3.81092
69.4943 -43.218 3.81328
69.4974 -43.2302 3.81147
69.6154 -43.2827 3.81081
69.5244 -43.2215 3.81217
69.482 -43.1633 3.81301
69.5039 -43.2415 3.81425
69.533 -43.268 3.81482
69.5546 -43.1908 3.81503
69.5568 -43.1636 3.81715
69.3773 -43.242 3.81167
69.525 -43.2096 3.81428
69.5267 -43.1085 3.81535
69.4598 -43.1592 3.81593
69.4995 -43.1063 3.81139
69.5129 -43.1707 3.81493
69.5144 -43.211 3.81295
69.531 -43.0849 3.81192
69.5257 -43.2506 3.81376
69.4929 -43.2537 3.81625
69.4606 -43.1103 3.81475
69.5221 -43.0588 3.81445
69.5145 -43.0256 3.8132
69.6362 -39.1846 3.81235
