266.296 -15.3752 3.70681
266.403 -15.4475 3.70641
266.512 -15.4818 3.70948
266.363 -15.53 3.70767
266.57 -15.4234 3.71225
266.385 -15.6049 3.70614
266.374 -15.3247 3.7072
266.403 -15.4219 3.70621
266.393 -15.3202 3.70956
266.378 -15.4928 3.70511
266.399 -15.3555 3.71056
266.438 -15.333 3.71037
266.375 -15.5468 3.7057
266.335 -15.4158 3.70684
266.369 -15.3808 3.70665
266.384 -15.398 3.70709
266.339 -15.333 3.70747
266.395 -15.4081 3.70857
266.416 -15.4704 3.70646
266.217 -15.3695 3.70501
266.383 -15.452 3.70468
266.363 -15.3209 3.7098
266.396 -15.3334 3.70405
266.372 -15.3917 3.70255
266.305 -15.3947 3.70367
266.542 -15.3313 3.70757
266.335 -15.3573 3.70774
266.448 -15.4418 3.70852
266.475 -15.4111 3.7105
266.389 -15.4149 3.70635
266.443 -15.4623 3.70777
266.366 -15.4382 3.71168
266.341 -15.3138 3.70693
266.396 -15.4994 3.70774
266.399 -15.4503 3.70745
266.454 -15.4448 3.70757
266.441 -15.4155 3.70889
266.336 -15.3582 3.70407
266.328 -15.4756 3.70833
266.292 -15.3364 3.70558
266.389 -15.2561 3.70762
266.423 -15.5213 3.70991
266.439 -15.3825 3.70807
266.449 -15.3466 3.70513
266.447 -15.2895 3.70651
266.372 -15.5094 3.70734
266.429 -15.3844 3.71039
266.352 -15.4546 3.70986
266.411 -15.3864 3.70879
266.37 -15.413 3.70891
266.313 -15.3819 3.70711
266.457 -15.4305 3.70756
266.378 -15.3202 3.70622
266.456 -15.2899 3.71164
266.466 -15.4317 3.70777
266.42 -15.3992 3.70525
266.465 -15.4514 3.70515
266.353 -15.2015 3.70815
266.361 -15.2563 3.70831
266.414 -15.3846 3.70667
266.375 -15.3618 3.70465
266.389 -15.4122 3.70186
266.344 -15.3402 3.70266
266.474 -15.3288 3.71165
266.349 -15.401 3.70216
266.399 -15.3878 3.7079
266.392 -15.4626 3.70958
266.324 -15.4057 3.70775
266.406 -15.4248 3.70594
266.497 -15.5106 3.70836
266.288 -15.3553 3.70413
266.403 -15.4698 3.71315
266.409 -15.2918 3.70618
266.399 -15.3664 3.70801
266.495 -15.3734 3.70701
266.529 -15.395 3.70819
266.503 -15.3431 3.7079
266.375 -15.3444 3.706
266.552 -15.3852 3.71075
266.459 -15.4244 3.7071
266.416 -15.31 3.7095
266.501 -15.3689 3.71017
266.282 -15.453 3.70432
266.447 -15.4475 3.70632
266.528 -15.4655 3.71081
266.411 -15.2782 3.70523
266.425 -15.4245 3.70696
266.375 -15.4612 3.70365
266.369 -15.4429 3.70828
266.472 -15.3882 3.70855
266.442 -15.4584 3.70692
266.48 -15.3862 3.7099
266.419 -15.4065 3.70757
266.337 -15.3967 3.7079
266.327 -15.4428 3.70775
266.401 -15.3642 3.70499
266.461 -15.4 3.70565
266.438 -15.3215 3.70443
266.437 -15.4298 3.7066
266.362 -15.2768 3.70491
266.331 -15.4169 3.70412
266.437 -15.3278 3.70785
266.432 -15.4898 3.70828
266.455 -15.3957 3.70747
266.371 -15.3767 3.70963
266.362 -15.3511 3.70592
266.391 -15.3496 3.70645
266.503 -15.3702 3.70549
266.433 -15.3586 3.70958
266.345 -15.3797 3.70921
266.421 -15.4097 3.70607
266.445 -15.4566 3.70612
266.294 -15.4964 3.70999
266.426 -15.3947 3.70641
266.431 -15.2959 3.70873
266.369 -15.4705 3.70864
266.494 -15.4481 3.70808
266.405 -15.3085 3.70435
266.42 -15.4018 3.70349
266.269 -15.4714 3.71056
266.535 -15.4364 3.70278
266.466 -15.4914 3.70453
266.505 -15.4616 3.70526
266.356 -15.4183 3.70687
266.383 -15.3922 3.70602
266.418 -15.4464 3.71013
266.47 -15.3607 3.71186
266.223 -15.3831 3.7059
266.372 -15.3444 3.70432
266.456 -15.4215 3.70357
266.358 -15.4505 3.70301
266.281 -15.4599 3.70406
266.3 -15.3359 3.70296
266.224 -15.3505 3.70535
266.392 -15.4042 3.70558
266.314 -15.4729 3.71003
266.333 -15.415 3.70689
266.386 -15.3899 3.70861
266.501 -15.4484 3.71043
266.434 -15.3101 3.7099
266.435 -15.5316 3.70463
266.45 -15.3955 3.70744
266.384 -15.5057 3.70737
266.393 -15.3859 3.70528
266.451 -15.4 3.71018
266.433 -15.3684 3.71026
266.457 -15.3831 3.71118
266.428 -15.4278 3.70572
266.461 -15.4799 3.70627
266.449 -15.4252 3.70631
266.489 -15.4468 3.70593
266.439 -15.5236 3.70646
266.531 -15.3662 3.71083
266.361 -15.2495 3.70995
266.313 -15.4486 3.70595
266.377 -15.3686 3.70386
266.356 -15.4216 3.70658
266.348 -15.3308 3.70764
266.404 -15.4007 3.70814
266.54 -15.4368 3.7092
266.471 -15.2687 3.70745
266.303 -15.3861 3.70932
266.276 -15.4454 3.70939
266.495 -15.392 3.70331
266.358 -15.4711 3.70977
266.313 -15.3954 3.70619
266.48 -15.3804 3.71085
266.285 -15.4458 3.70643
266.404 -15.4407 3.70486
266.365 -15.4056 3.70978
266.354 -15.3692 3.70733
266.519 -15.3609 3.70819
266.435 -15.361 3.70613
266.436 -15.3461 3.70995
266.4 -15.4683 3.7055
266.305 -15.3799 3.70724
266.431 -15.3797 3.70519
266.42 -15.3253 3.70766
266.329 -15.4021 3.70485
266.384 -15.2979 3.7082
266.478 -15.5253 3.70869
266.338 -15.3552 3.70628
266.393 -15.3471 3.70473
266.236 -15.3595 3.70545
266.443 -15.4517 3.70498
266.463 -15.4348 3.70606
266.416 -15.3857 3.7037
266.375 -15.337 3.70681
266.442 -15.3676 3.71079
266.422 -15.3257 3.70946
266.381 -15.4184 3.70513
266.456 -15.3427 3.70631
266.452 -15.4004 3.70959
266.4 -15.4204 3.70843
266.375 -15.4316 3.70501
266.384 -15.4486 3.70569
266.442 -15.3619 3.71012
266.411 -15.4323 3.70833
266.279 -15.3107 3.70556
266.421 -15.3491 3.70669
266.323 -15.4412 3.70437
266.427 -15.4927 3.70603
266.343 -15.3735 3.70708
266.362 -15.2766 3.70699
266.321 -15.3336 3.70508
266.327 -15.3667 3.70581
266.353 -15.3402 3.70789
266.343 -15.4938 3.70709
266.36 -15.3529 3.70978
266.385 -15.3799 3.70816
266.451 -15.5002 3.70527
266.351 -15.4141 3.7078
266.346 -15.4924 3.70997
266.513 -15.3853 3.71161
266.384 -15.3568 3.70637
266.341 -15.3499 3.70365
266.408 -15.3529 3.70475
266.438 -15.3902 3.70729
266.401 -15.413 3.70894
266.401 -15.4291 3.70891
266.307 -15.5081 3.7064
266.412 -15.3931 3.70624
266.348 -15.4645 3.70859
266.466 -15.3461 3.70631
266.314 -15.5106 3.70455
266.48 -15.4606 3.70958
266.434 -15.3906 3.70996
266.385 -15.3399 3.7071
266.417 -15.4344 3.70819
266.292 -15.3697 3.70395
266.396 -15.3661 3.70753
266.381 -15.3897 3.70625
266.463 -15.3803 3.70973
266.603 -15.4047 3.70529
266.432 -15.3708 3.70828
266.39 -15.4249 3.70919
266.39 -15.4331 3.70687
266.466 -15.3447 3.70583
266.371 -15.4098 3.70492
266.307 -15.3251 3.70401
266.335 -15.3473 3.70434
266.325 -15.4602 3.71136
266.514 -15.4823 3.70185
266.457 -15.3674 3.70862
266.332 -15.4207 3.70573
266.396 -15.3541 3.70698
266.477 -15.3432 3.70956
266.418 -15.397 3.71009
266.392 -15.4125 3.70841
266.329 -15.3863 3.70282
266.379 -15.383 3.7037
266.364 -15.4166 3.70367
266.43 -15.3035 3.70631
266.324 -15.4874 3.70849
266.339 -15.3942 3.70687
266.489 -15.3628 3.71259
266.484 -15.4636 3.71494
266.434 -15.4545 3.70939
266.54 -15.4188 3.71085
266.39 -15.4518 3.70553
266.372 -15.3803 3.70796
266.419 -15.3773 3.70532
266.404 -15.3911 3.70911
266.325 -15.3837 3.70761
266.382 -15.3421 3.70647
266.461 -15.3747 3.70537
266.353 -15.3145 3.71161
266.452 -15.3972 3.70771
266.318 -15.4042 3.70722
266.476 -15.3963 3.70688
266.483 -15.2773 3.70731
266.403 -15.3495 3.70866
266.388 -15.3942 3.70287
266.345 -15.2561 3.70567
266.399 -15.4678 3.70901
266.367 -15.3279 3.70753
266.397 -15.448 3.70586
266.422 -15.4358 3.70576
266.47 -15.392 3.71101
266.393 -15.3626 3.70618
266.304 -15.3775 3.70461
266.352 -15.4495 3.70663
266.337 -15.4202 3.70492
266.39 -15.3712 3.70792
266.332 -15.3209 3.705
266.605 -15.3439 3.7067
266.489 -15.3546 3.71063
266.473 -15.2798 3.70885
266.24 -15.272 3.70198
266.352 -15.4815 3.70912
266.524 -15.4007 3.70922
266.517 -15.3161 3.70529
266.437 -15.3827 3.70588
266.372 -15.4466 3.70414
266.391 -15.4237 3.70934
266.397 -15.4207 3.71
266.459 -15.3682 3.71344
266.446 -15.4504 3.70618
266.437 -15.4772 3.70527
266.461 -15.5056 3.70522
266.405 -15.4075 3.70772
266.354 -15.3359 3.7048
266.229 -15.4045 3.71005
266.373 -15.3803 3.70519
266.453 -15.3936 3.70385
266.241 -15.3577 3.70767
266.404 -15.3843 3.70747
266.353 -15.4583 3.7039
266.25 -15.3829 3.70567
266.384 -15.459 3.70791
266.371 -15.4569 3.70712
266.458 -15.4897 3.7096
266.488 -15.4276 3.71177
266.509 -15.4329 3.70624
266.508 -15.3444 3.7072
266.429 -15.3633 3.70918
266.307 -15.303 3.70599
266.352 -15.3539 3.70678
266.431 -15.3746 3.70834
266.4 -15.4349 3.70544
266.427 -15.3734 3.70841
266.547 -15.3553 3.70993
266.49 -15.415 3.70622
266.346 -15.4399 3.70515
266.489 -15.3552 3.70906
266.403 -15.3759 3.70421
266.383 -15.4225 3.70533
266.431 -15.3969 3.70742
266.413 -15.3114 3.70648
266.504 -15.4825 3.7083
266.424 -15.4359 3.70527
266.402 -15.4813 3.70825
266.377 -15.5078 3.70609
266.412 -15.4504 3.71002
266.398 -15.5741 3.70805
266.388 -15.4258 3.70423
266.311 -15.4195 3.70407
266.445 -15.4564 3.70813
266.364 -15.4363 3.70652
266.406 -15.2855 3.70764
266.469 -15.3186 3.70657
266.247 -15.32 3.70519
266.398 -15.4819 3.70847
266.477 -15.4906 3.70547
266.474 -15.3369 3.70672
266.391 -15.3373 3.70854
266.389 -15.4514 3.70303
266.428 -15.3326 3.70897
266.299 -15.3473 3.70287
266.295 -15.3685 3.70333
266.329 -15.3225 3.70424
266.337 -15.4303 3.70677
266.513 -15.4679 3.70688
266.383 -15.3611 3.70494
266.408 -15.3547 3.70395
266.454 -15.3764 3.70976
266.533 -15.4483 3.70786
266.359 -15.4559 3.70559
266.401 -15.3663 3.70365
266.374 -15.3927 3.70075
266.414 -15.3624 3.70827
266.364 -15.3629 3.70745
266.436 -15.3471 3.70848
266.343 -15.3405 3.70206
266.381 -15.3466 3.70673
266.315 -15.4822 3.70769
266.41 -15.4007 3.70633
266.329 -15.5146 3.71165
266.418 -15.4857 3.70626
266.431 -15.4711 3.70872
266.387 -15.4107 3.7077
266.391 -15.4302 3.70691
266.37 -15.2909 3.71078
266.488 -15.4136 3.70646
266.436 -15.5009 3.70551
266.509 -15.4427 3.70956
266.423 -15.3512 3.70771
266.333 -15.3713 3.70657
266.465 -15.357 3.70919
266.38 -15.3217 3.70454
266.41 -15.5709 3.70714
266.482 -15.4421 3.70594
266.396 -15.3447 3.70699
266.545 -15.3873 3.70915
266.39 -15.3609 3.70413
266.351 -15.3666 3.70525
266.365 -15.4558 3.70842
266.37 -15.3589 3.70824
266.552 -15.4524 3.70859
266.465 -15.4761 3.70757
266.448 -15.4355 3.70617
266.464 -15.3287 3.70543
266.33 -15.5415 3.70571
266.309 -15.3176 3.70507
266.341 -15.357 3.71072
266.261 -15.3886 3.70638
266.301 -15.4402 3.70585
266.4 -15.5085 3.70761
266.388 -15.3304 3.7066
266.34 -15.4263 3.70681
266.446 -15.337 3.7081
266.351 -15.3319 3.70773
266.439 -15.3426 3.70756
266.407 -15.5241 3.7079
266.492 -15.3542 3.70566
266.409 -15.4649 3.70529
266.347 -15.3528 3.70384
266.504 -15.3534 3.71022
266.525 -15.4096 3.7085
266.308 -15.3512 3.70501
266.38 -15.4651 3.70753
266.278 -15.3271 3.70819
266.454 -15.4686 3.70487
266.347 -15.3987 3.70371
266.337 -15.3877 3.70278
266.354 -15.3722 3.70394
266.511 -15.3283 3.71147
266.317 -15.4231 3.70271
266.373 -15.3376 3.70432
266.472 -15.2226 3.70806
266.308 -15.4364 3.70293
266.35 -15.4547 3.70442
266.438 -15.5109 3.70671
266.398 -15.4783 3.70753
266.411 -15.4794 3.71042
266.319 -15.4299 3.70904
266.34 -15.4315 3.70617
266.507 -15.4827 3.70577
266.466 -15.3881 3.70841
266.393 -15.3599 3.70795
266.317 -15.3361 3.70677
266.347 -15.4294 3.70763
266.447 -15.4741 3.70558
266.462 -15.4823 3.70619
266.457 -15.3516 3.70718
266.307 -15.3812 3.70627
266.433 -15.4659 3.70688
266.393 -15.4417 3.70832
266.356 -15.3721 3.70732
266.351 -15.3969 3.70799
266.411 -15.4797 3.70948
266.441 -15.3571 3.70504
266.446 -15.3041 3.70391
266.321 -15.3512 3.70594
266.391 -15.4158 3.70615
266.411 -15.4854 3.70629
266.328 -15.3834 3.70589
266.372 -15.36 3.70675
266.496 -15.3483 3.70776
266.395 -15.3245 3.70591
266.425 -15.4178 3.70724
266.295 -15.3276 3.70511
266.331 -15.4196 3.70911
266.412 -15.3589 3.7089
266.427 -15.4297 3.70789
266.341 -15.3753 3.70267
266.295 -15.3059 3.70804
266.359 -15.4519 3.70592
266.384 -15.3715 3.7044
266.442 -15.2782 3.70797
266.477 -15.4293 3.70581
266.508 -15.4601 3.71119
266.385 -15.4006 3.70156
266.362 -15.3284 3.70617
266.441 -15.4009 3.7092
266.341 -15.4039 3.70374
266.304 -15.3812 3.70664
266.427 -15.4508 3.70494
266.384 -15.4147 3.71053
266.399 -15.4363 3.7078
266.3 -15.4515 3.70547
266.299 -15.4238 3.70386
266.415 -15.4318 3.70773
266.401 -15.4289 3.70737
266.325 -15.3884 3.70756
266.363 -15.4822 3.70563
266.337 -15.3765 3.70777
266.388 -15.3278 3.71
266.365 -15.4445 3.70785
266.421 -15.3609 3.70382
266.325 -15.3858 3.70695
266.413 -15.4012 3.70711
266.34 -15.3388 3.70778
266.368 -15.3348 3.71039
266.339 -15.314 3.70664
266.43 -15.4562 3.71129
266.374 -15.3832 3.70865
266.451 -15.4596 3.70614
266.413 -15.4387 3.70668
266.574 -15.3984 3.70906
266.481 -15.4264 3.71196
266.396 -15.4105 3.70527
266.421 -15.3543 3.70238
266.399 -15.4345 3.70663
266.394 -15.2318 3.70788
266.36 -15.4002 3.70859
266.384 -15.3913 3.70623
266.41 -15.4252 3.7086
266.357 -15.3405 3.70748
266.39 -10.0189 3.71244
