28.3407 -84.1205 3.8267
28.4458 -84.1351 3.82827
28.4395 -84.1966 3.82994
28.3459 -84.1079 3.82852
28.4922 -84.0968 3.83263
28.3808 -84.1123 3.82933
28.4744 -84.1256 3.8277
28.3328 -84.1672 3.82748
28.3744 -84.2152 3.82976
28.3693 -84.1013 3.82853
28.3459 -84.0915 3.82937
28.3145 -84.0051 3.82892
28.4094 -84.0196 3.82959
28.375 -84.1052 3.82739
28.3315 -84.0828 3.82927
28.2683 -84.1023 3.83054
28.3342 -84.1273 3.82761
28.3496 -84.2036 3.82975
28.4319 -84.0954 3.8274
28.3988 -84.1224 3.82721
28.3744 -84.1316 3.82674
28.3474 -83.9895 3.82923
28.3894 -84.0855 3.82882
28.4394 -84.0545 3.83332
28.3501 -84.0085 3.82805
28.5042 -84.1823 3.83009
28.3525 -84.0734 3.83113
28.3012 -84.1649 3.82959
28.5069 -84.1647 3.83087
28.3521 -84.0255 3.8274
28.3947 -84.0902 3.82903
28.3549 -84.16 3.82934
28.3883 -84.1707 3.82905
28.4334 -84.0845 3.83037
28.386 -84.0794 3.83082
28.4694 -84.1886 3.83142
28.3696 -84.119 3.82775
28.3867 -84.1534 3.82951
28.5014 -84.1382 3.82698
28.4223 -84.1707 3.83228
28.3315 -84.0126 3.82717
28.4018 -84.101 3.83177
28.4864 -84.2686 3.83191
28.3768 -84.1142 3.82925
28.4045 -83.983 3.82928
28.5085 -84.173 3.82882
28.3784 -84.1578 3.82836
28.4462 -84.1051 3.82816
28.3788 -84.1241 3.82977
28.322 -84.1247 3.83297
28.4375 -84.0521 3.82739
28.4254 -84.1817 3.8296
28.3444 -84.0699 3.82766
28.3911 -84.1602 3.8278
28.419 -84.0984 3.8311
28.4451 -84.0937 3.83029
28.3329 -84.0209 3.82786
28.36 -84.1412 3.82895
28.4701 -84.1066 3.83663
28.4411 -84.1808 3.82571
28.4889 -84.1823 3.83245
28.415 -84.1612 3.82906
28.3568 -84.0968 3.82745
28.2858 -84.0962 3.82901
28.3687 -84.1451 3.83247
28.372 -84.1136 3.83154
28.3867 -84.1632 3.82936
28.35 -84.1063 3.82957
28.3697 -84.1971 3.82646
28.4014 -83.9887 3.82909
28.3842 -84.0569 3.83035
28.3464 -84.0588 3.83124
28.4216 -84.1412 3.82758
28.4372 -84.182 3.83103
28.3935 -84.1194 3.83101
28.4154 -84.0899 3.8272
28.4063 -84.0948 3.82702
28.4326 -84.0456 3.82712
28.3912 -84.1219 3.82898
28.3922 -84.1774 3.82834
28.4361 -83.9623 3.82886
28.4596 -84.131 3.82659
28.4331 -84.0374 3.82748
28.3499 -84.0415 3.82927
28.494 -84.1466 3.82902
28.4607 -84.2064 3.83055
28.4185 -84.1559 3.82655
28.4835 -84.0927 3.82938
28.3442 -83.9884 3.82746
28.4449 -84.0885 3.82806
28.3937 -84.0122 3.82838
28.3388 -84.1342 3.82795
28.3636 -84.0494 3.82857
28.4794 -84.2005 3.82558
28.3179 -84.1014 3.82622
28.4384 -84.1183 3.83095
28.3741 -84.1039 3.82785
28.4099 -84.0386 3.82899
28.3362 -84.1482 3.83102
28.4744 -84.128 3.83092
28.3865 -84.1588 3.8288
28.4395 -84.133 3.83108
28.4401 -84.1126 3.82999
28.3997 -84.1638 3.83253
28.4562 -84.2299 3.82696
28.381 -84.2209 3.83158
28.4829 -84.0889 3.8284
28.4761 -84.1126 3.83372
28.3863 -84.1803 3.82892
28.3886 -84.2196 3.82963
28.4031 -84.0297 3.82986
28.43 -84.0382 3.82746
28.2919 -84.1149 3.82883
28.3157 -84.2001 3.82638
28.3642 -84.0699 3.82989
28.4415 -84.1848 3.82717
28.4064 -84.1788 3.82769
28.3838 -84.2773 3.83032
28.3823 -84.09 3.82567
28.3352 -84.0951 3.82944
28.4124 -84.0983 3.82989
28.4453 -84.1629 3.83239
28.4331 -84.0811 3.83121
28.4618 -84.0879 3.83056
28.3897 -84.0496 3.82802
28.3594 -83.9778 3.82763
28.4092 -84.0433 3.82631
28.4303 -84.1647 3.82739
28.454 -84.1242 3.82973
28.2633 -84.0526 3.82594
28.4518 -84.0743 3.82726
28.4331 -84.1577 3.8316
28.4107 -84.14 3.83203
28.4026 -84.2067 3.8283
28.4345 -84.0272 3.82957
28.4605 -84.0495 3.82939
28.4259 -84.2373 3.83036
28.4751 -84.1547 3.83081
28.481 -84.1223 3.82569
28.4802 -84.1594 3.82973
28.3037 -84.0658 3.82878
28.2941 -84.0424 3.82636
28.4355 -84.1444 3.83113
28.4017 -84.084 3.82706
28.3733 -84.0872 3.8253
28.3554 -84.0341 3.82994
28.3647 -84.1167 3.82729
28.3298 -84.1062 3.82733
28.4535 -84.0898 3.83177
28.4195 -84.1092 3.82896
28.4578 -84.1868 3.82964
28.433 -84.2348 3.82917
28.4508 -84.1562 3.83113
28.4362 -84.1474 3.82759
28.3653 -84.023 3.83102
28.3466 -84.1666 3.8284
28.3101 -84.091 3.82781
28.3559 -84.0674 3.82818
28.4492 -84.0767 3.82831
28.4258 -84.027 3.82627
28.4168 -84.1284 3.83165
28.45 -84.1205 3.8292
28.4059 -84.0442 3.82776
28.4039 -84.0104 3.82646
28.4385 -83.9169 3.82775
28.4313 -84.1265 3.82991
28.2767 -83.9884 3.8277
28.3396 -84.1982 3.83239
28.4211 -84.0977 3.83314
28.3654 -84.0466 3.82784
28.4187 -84.1044 3.82911
28.3453 -84.1154 3.82871
28.4044 -84.1228 3.82829
28.2895 -84.1836 3.82931
28.2604 -84.1402 3.82782
28.4285 -84.1457 3.82982
28.3255 -84.1279 3.83158
28.3966 -84.0964 3.82902
28.3973 -84.1186 3.82945
28.3786 -84.1511 3.82981
28.403 -84.1572 3.82826
28.365 -84.1024 3.82882
28.4939 -84.196 3.83087
28.3314 -84.1637 3.82671
28.4501 -84.0866 3.83101
28.4049 -84.1167 3.82477
28.4057 -84.0474 3.82758
28.3583 -84.123 3.83012
28.3053 -84.0539 3.82726
28.392 -84.0417 3.82824
28.3242 -84.086 3.82965
28.3442 -84.1278 3.82966
28.4363 -84.1075 3.83312
28.4527 -84.0933 3.83125
28.4872 -84.1423 3.83095
28.4149 -84.1114 3.82898
28.4402 -84.1754 3.82834
28.2886 -84.0922 3.82741
28.316 -84.0246 3.8289
28.3933 -84.1121 3.82804
28.3317 -84.1647 3.8297
28.3718 -84.0152 3.82694
28.3525 -84.0151 3.82706
28.4663 -84.1176 3.82875
28.4485 -84.1137 3.82957
28.4967 -84.1675 3.82726
28.4187 -84.0423 3.82589
28.4083 -84.1444 3.82869
28.4183 -84.126 3.82932
28.365 -84.0451 3.83105
28.3621 -84.203 3.82642
28.4737 -84.0945 3.82884
28.3947 -84.1406 3.8303
28.3814 -84.1488 3.82898
28.3804 -84.1033 3.82993
28.3786 -84.0149 3.82815
28.4876 -84.1702 3.8279
28.4317 -84.1798 3.83064
28.427 -84.0954 3.83012
28.489 -84.0611 3.82741
28.4376 -84.0912 3.82925
28.4134 -84.073 3.82771
28.3964 -84.048 3.82909
28.3534 -84.0621 3.82772
28.4267 -84.1977 3.83028
28.3789 -84.0968 3.82585
28.3622 -84.1771 3.82695
28.4093 -84.0725 3.83017
28.3903 -84.0362 3.82842
28.409 -84.0519 3.82955
28.4623 -84.1436 3.82956
28.4558 -84.1195 3.831
28.4763 -84.0696 3.829
28.4227 -84.0286 3.82982
28.3644 -84.0926 3.8302
28.3866 -84.1687 3.83054
28.3399 -84.1045 3.82695
28.4199 -84.2851 3.82993
28.4355 -84.2621 3.82767
28.3862 -84.1043 3.82964
28.4721 -84.0022 3.82585
28.4935 -84.1574 3.83068
28.3704 -84.0174 3.82554
28.4236 -84.0697 3.82811
28.3856 -84.1645 3.8291
28.4395 -84.1818 3.82968
28.4812 -84.0906 3.8307
28.4242 -84.0327 3.83052
28.439 -84.0343 3.82924
28.399 -84.0674 3.82696
28.4079 -84.1548 3.82888
28.4113 -84.1548 3.8299
28.39 -84.0025 3.82842
28.3279 -84.1145 3.82668
28.3662 -84.0551 3.82756
28.2711 -84.192 3.82557
28.404 -84.0536 3.82801
28.4136 -84.0652 3.82913
28.4015 -84.1217 3.82707
28.4341 -84.1197 3.8283
28.4346 -84.1639 3.82815
28.4664 -84.0049 3.83102
28.3848 -84.166 3.8275
28.4451 -84.1698 3.83028
28.452 -84.1331 3.8304
28.2848 -84.2342 3.83002
28.3664 -84.0536 3.82856
28.3767 -84.1063 3.82778
28.3538 -84.1147 3.82862
28.4637 -84.1683 3.83248
28.4211 -84.0995 3.82857
28.3255 -84.1518 3.82759
28.3503 -84.1354 3.82682
28.3706 -84.0298 3.8282
28.4181 -84.0466 3.82852
28.4495 -84.0268 3.8275
28.4084 -84.0954 3.8289
28.3383 -84.0669 3.82785
28.3095 -84.057 3.82936
28.4249 -84.2094 3.83236
28.3147 -84.1339 3.82892
28.4483 -84.1144 3.82953
28.3349 -84.2193 3.82627
28.3592 -84.0847 3.8289
28.4456 -84.2145 3.83161
28.3706 -84.1104 3.82897
28.4233 -84.1458 3.82929
28.479 -84.0645 3.83056
28.3825 -84.1501 3.82901
28.3654 -84.1343 3.82689
28.4387 -84.0586 3.82779
28.3743 -84.1082 3.82699
28.3745 -84.126 3.82744
28.4808 -84.1131 3.83156
28.2751 -84.2071 3.82815
28.4461 -84.1844 3.82965
28.416 -84.1159 3.83065
28.4437 -84.0947 3.82901
28.2954 -83.9951 3.8276
28.4999 -84.1523 3.82692
28.4119 -84.0602 3.82634
28.4629 -84.0822 3.82645
28.3628 -84.1202 3.82646
28.3707 -83.9819 3.8271
28.4011 -84.0546 3.8291
28.3873 -84.069 3.8303
28.4597 -84.1334 3.83003
28.4117 -84.1183 3.82767
28.3474 -84.0585 3.82525
28.4418 -84.107 3.82683
28.4447 -84.1744 3.83101
28.3646 -84.1139 3.82969
28.3968 -84.0694 3.82549
28.2773 -84.06 3.8294
28.3524 -84.1294 3.83043
28.3682 -84.1788 3.82907
28.4909 -84.1911 3.82959
28.3667 -83.9909 3.82717
28.4006 -84.1283 3.82968
28.4379 -84.1884 3.82715
28.3285 -84.0855 3.8297
28.3543 -83.9884 3.82935
28.3338 -84.1609 3.82633
28.3494 -84.0888 3.82763
28.295 -84.1593 3.82869
28.3785 -84.2216 3.8313
28.4876 -84.1504 3.82923
28.408 -84.1027 3.83051
28.4178 -84.1141 3.82766
28.4897 -84.1393 3.83074
28.4053 -84.1114 3.8277
28.3948 -84.1765 3.82697
28.3247 -84.0598 3.82772
28.4417 -83.999 3.8308
28.4028 -84.0562 3.83122
28.3719 -84.0322 3.82993
28.4135 -84.1665 3.82911
28.3182 -84.0639 3.82775
28.4389 -84.2064 3.83281
28.4333 -84.1341 3.82786
28.3448 -84.172 3.82587
28.4508 -84.093 3.82654
28.3146 -84.0859 3.83134
28.4187 -84.2134 3.83311
28.3577 -84.1118 3.8284
28.4765 -84.1491 3.83098
28.391 -84.1346 3.83011
28.4439 -84.172 3.83317
28.4393 -84.1339 3.83052
28.3037 -84.0007 3.82574
28.3905 -84.1186 3.83291
28.3387 -84.1939 3.82677
28.5002 -84.2478 3.83195
28.3762 -84.0517 3.82687
28.3451 -83.9766 3.82811
28.4349 -84.0554 3.82881
28.4301 -84.1247 3.82885
28.4625 -84.138 3.8294
28.5121 -84.16 3.82776
28.2795 -84.2664 3.82666
28.4738 -84.0815 3.83085
28.4027 -84.0957 3.82715
28.4159 -84.1061 3.82824
28.3859 -84.0284 3.8303
28.3936 -84.0811 3.83315
28.4122 -84.0738 3.82769
28.4094 -84.0127 3.82886
28.4565 -84.0688 3.82673
28.4619 -84.1718 3.83034
28.4711 -84.1485 3.82975
28.3626 -84.0968 3.82741
28.4138 -84.0421 3.82905
28.343 -84.1247 3.83109
28.3826 -84.1193 3.83035
28.352 -84.116 3.831
28.3826 -84.1254 3.83304
28.4048 -84.2168 3.82857
28.4229 -84.1776 3.82873
28.3541 -84.1345 3.82665
28.4763 -84.1355 3.82942
28.4331 -84.1611 3.83229
28.423 -84.1985 3.8286
28.3019 -84.0613 3.82761
28.3187 -84.1091 3.82692
28.378 -84.0496 3.82556
28.4048 -83.9926 3.82818
28.3521 -84.0165 3.83183
28.3379 -84.1065 3.83032
28.3542 -84.0467 3.82958
28.3172 -84.0398 3.82992
28.4619 -84.154 3.827
28.2531 -84.2196 3.82844
28.4517 -84.2217 3.83174
28.4394 -84.0894 3.83008
28.3307 -84.0929 3.83028
28.4434 -84.0555 3.83019
28.4444 -84.0792 3.82727
28.4299 -84.0667 3.8286
28.4629 -84.1323 3.8319
28.474 -84.0412 3.82757
28.4076 -84.0959 3.82798
28.5267 -84.1544 3.82854
28.4779 -84.093 3.82895
28.4197 -84.0681 3.82963
28.5334 -84.0966 3.83045
28.4179 -84.0439 3.82634
28.4113 -84.0382 3.82862
28.41 -83.9971 3.83224
28.449 -84.1825 3.83034
28.3879 -84.2021 3.82976
28.3298 -84.0542 3.82727
28.3549 -84.085 3.8286
28.3842 -84.1278 3.83127
28.4202 -84.1658 3.82972
28.3962 -84.179 3.8273
28.3314 -84.0677 3.83316
28.4659 -84.1462 3.82762
28.4502 -84.2192 3.82897
28.4736 -84.0038 3.82908
28.391 -84.0868 3.82666
28.3804 -84.0802 3.82678
28.4872 -84.1377 3.83131
28.4267 -84.1288 3.82732
28.2563 -83.9609 3.82831
28.3479 -84.0268 3.83095
28.4069 -83.9988 3.82761
28.2757 -84.0831 3.82954
28.323 -84.0405 3.82635
28.3785 -84.0649 3.83169
28.4243 -84.1696 3.82734
28.4086 -84.0867 3.82951
28.4205 -84.1189 3.82619
28.35 -84.0327 3.82669
28.4583 -84.1906 3.83163
28.4111 -84.0975 3.83023
28.3988 -84.1457 3.82976
28.3633 -84.0927 3.82905
28.3714 -84.0193 3.82708
28.4409 -84.1477 3.82882
28.4589 -84.1014 3.82872
28.4717 -84.0246 3.82666
28.3948 -84.0796 3.82923
28.4142 -84.0843 3.83145
28.3682 -84.0906 3.83188
28.3758 -84.1562 3.82889
28.3401 -84.1185 3.82806
28.4844 -84.0447 3.8297
28.4522 -84.1785 3.82803
28.3094 -84.0836 3.82634
28.5027 -84.1655 3.8299
28.4743 -84.1621 3.8297
28.4355 -84.0931 3.82879
28.3065 -84.0285 3.82513
28.3421 -84.0714 3.82897
28.3943 -84.0834 3.82911
28.4098 -84.1084 3.83152
28.4598 -84.2721 3.83007
28.4337 -84.068 3.83089
28.4505 -83.9744 3.83126
28.3901 -84.1228 3.82929
28.2747 -84.0094 3.82915
28.4471 -84.0646 3.82691
28.4348 -84.0871 3.82741
28.4118 -84.1184 3.82992
28.3973 -83.9955 3.82765
28.4252 -84.0019 3.83117
28.4013 -84.0945 3.82742
28.3166 -84.1815 3.83127
28.4495 -84.0894 3.8321
28.372 -84.1969 3.83025
28.4602 -84.2593 3.83311
28.3839 -84.0195 3.8278
28.4361 -84.0799 3.82942
28.418 -84.0801 3.82671
28.4457 -84.1414 3.8289
28.2933 -84.107 3.82963
28.2309 -84.0954 3.82773
28.3728 -84.0906 3.82816
28.4952 -84.121 3.83178
28.3759 -84.0991 3.82908
28.389 -84.1034 3.82801
28.365 -84.0992 3.82852
28.4496 -84.1588 3.82921
28.4325 -84.059 3.8274
28.4589 -84.1362 3.82977
28.3916 -84.0796 3.82707
28.4058 -84.0492 3.82793
28.2981 -84.0921 3.82934
28.3531 -84.0821 3.82901
28.3967 -84.0409 3.82812
28.3428 -84.0892 3.82829
28.3935 -84.0747 3.83007
28.3502 -84.0735 3.82972
28.3179 -84.0578 3.82863
28.4648 -84.108 3.82952
28.4926 -84.1792 3.83268
28.4667 -84.1193 3.82644
28.2881 -84.0767 3.82788
28.3186 -84.1057 3.82629
30.0566 -83.6842 3.83295
