97.0796 18.4377 0.0734056
97.1278 18.4816 0.0692918
97.0964 18.547 0.0649528
97.0406 18.5634 0.0676475
97.1777 18.3733 0.0672359
97.0397 18.3968 0.0691744
97.2297 18.468 0.0648278
97.168 18.5568 0.0771018
97.1761 18.5228 0.0757682
97.0727 18.5431 0.0696141
97.1569 18.5448 0.0708749
97.019 18.4079 0.0665744
97.1695 18.5301 0.0670665
97.141 18.6398 0.0694164
97.1849 18.5249 0.0628911
97.1024 18.4872 0.0655207
97.12 18.5226 0.0663547
97.0744 18.5368 0.0684416
97.137 18.5494 0.0657537
97.0592 18.4438 0.0656819
96.9873 18.437 0.0684577
97.1713 18.634 0.0714341
97.0086 18.5186 0.0685511
97.081 18.501 0.0699362
97.2069 18.4148 0.0666002
97.1768 18.583 0.0693315
97.0156 18.4162 0.0676515
97.0558 18.6205 0.0670826
97.0631 18.5152 0.0693774
97.0424 18.3492 0.0647304
96.9869 18.3866 0.0703322
97.098 18.5538 0.0679367
97.1142 18.5446 0.0707515
97.1352 18.5131 0.0643759
97.1169 18.4755 0.0685125
97.1246 18.4878 0.074463
97.1556 18.5385 0.073245
97.1342 18.4095 0.0629872
97.0254 18.5604 0.0643031
97.1274 18.6311 0.0694537
97.0879 18.4713 0.0674061
97.0837 18.4578 0.0688748
97.0958 18.4854 0.0691886
97.0518 18.5519 0.0645883
96.9309 18.5561 0.0668666
97.0773 18.5629 0.0626275
97.132 18.5947 0.0685795
97.0933 18.5284 0.0671431
97.0731 18.4839 0.0660926
97.1008 18.4265 0.0673794
97.2078 18.5022 0.0671387
96.9958 18.4449 0.0681013
97.0023 18.5338 0.0688224
97.035 18.4901 0.0666823
97.1463 18.5312 0.0632576
97.0723 18.4812 0.0719802
97.0089 18.4109 0.06843
97.077 18.5445 0.0661443
96.9351 18.5325 0.0698152
97.0436 18.4732 0.0676682
97.0579 18.4493 0.0689587
97.1479 18.61 0.0687953
97.076 18.6038 0.0689726
97.144 18.494 0.0699522
97.1806 18.5075 0.0694061
97.1542 18.5713 0.0673849
97.0865 18.5064 0.0678213
97.0812 18.5175 0.0683912
97.1377 18.4303 0.0659985
97.1093 18.439 0.0663742
97.0519 18.4756 0.0646085
96.9709 18.5268 0.0711658
97.0452 18.4686 0.0648391
97.1185 18.5077 0.0649932
97.0458 18.6303 0.0702868
97.1615 18.5079 0.0657092
96.9229 18.4309 0.0667161
97.1784 18.5142 0.0688691
97.1402 18.5135 0.0688794
97.0938 18.4508 0.0663596
97.102 18.4802 0.0650115
97.0852 18.4122 0.0651648
97.2148 18.5573 0.0703115
97.1285 18.4251 0.0705149
97.1551 18.4779 0.069387
97.1152 18.5031 0.0690859
97.1008 18.4178 0.069932
97.1837 18.3938 0.0679051
97.1821 18.4201 0.0688786
97.0452 18.5974 0.0693318
97.1255 18.5434 0.072483
97.112 18.5061 0.063294
97.0601 18.5658 0.0663642
97.0212 18.5256 0.0690902
97.0316 18.4889 0.0645655
97.0303 18.4331 0.0630614
97.1185 18.5754 0.0671393
97.0127 18.5126 0.0643335
97.0298 18.4506 0.0685195
97.0083 18.504 0.0665214
97.0974 18.5578 0.0688608
97.0739 18.527 0.0667695
97.082 18.3541 0.0681299
97.1493 18.5989 0.0704201
97.0063 18.5699 0.0634266
97.0375 18.6087 0.0679304
97.0382 18.6074 0.0690306
97.0549 18.5417 0.0748121
97.1869 18.4443 0.0642515
97.2045 18.4325 0.0668869
97.1693 18.6014 0.0751198
97.1171 18.5686 0.0738314
97.0565 18.374 0.0670811
96.9703 18.6402 0.0686743
97.1453 18.5161 0.0707629
97.1689 18.3582 0.0651206
97.1496 18.6188 0.0666553
97.0658 18.4188 0.0685744
97.0794 18.5991 0.0665857
97.0163 18.597 0.0695174
97.1466 18.4387 0.0712565
97.1311 18.524 0.0679319
97.1212 18.4872 0.0652123
97.0924 18.4961 0.0681797
97.0632 18.5373 0.064389
97.1603 18.549 0.0735549
97.0897 18.5666 0.069105
97.1407 18.5369 0.0646234
97.1588 18.4119 0.0619844
97.0999 18.4619 0.0662027
97.133 18.6656 0.0689166
97.155 18.5989 0.0648023
97.0755 18.4743 0.0715226
97.0156 18.3431 0.0646824
97.2128 18.5218 0.0719391
97.1029 18.6699 0.0675353
97.0665 18.5227 0.0653378
97.0681 18.4674 0.0667809
97.1791 18.5812 0.0710379
97.0474 18.4325 0.0680401
97.0718 18.4594 0.0649531
97.0532 18.5472 0.0669277
97.0617 18.4568 0.0678034
97.0702 18.5663 0.0694111
96.9166 18.6366 0.0661855
97.2057 18.5027 0.0630138
97.0819 18.4535 0.0658976
97.1369 18.5254 0.0683904
97.0159 18.5432 0.0646674
97.1323 18.4769 0.0697257
97.1584 18.4812 0.0684623
97.1164 18.5058 0.0658362
96.9727 18.5821 0.0700087
97.1221 18.5019 0.067305
97.0818 18.4848 0.0680096
96.9839 18.5919 0.067736
97.0279 18.4532 0.0672168
97.0093 18.4921 0.0685907
97.0814 18.5293 0.0710862
97.1037 18.5324 0.0646385
96.9994 18.4865 0.0675982
97.1647 18.4953 0.0704905
97.1046 18.5221 0.0702104
97.0201 18.3481 0.0666316
96.9264 18.4654 0.0688065
97.0471 18.5933 0.0663926
97.1947 18.6184 0.0662227
97.2503 18.5525 0.0694222
97.2667 18.484 0.0679647
97.2938 18.5044 0.0680055
97.2903 18.4964 0.0681564
97.0093 18.5174 0.0676035
97.1333 18.4502 0.0694878
97.044 18.4359 0.0640781
97.0848 18.4402 0.0650897
97.1783 18.5483 0.069935
97.1714 18.5301 0.0695765
97.0764 18.4977 0.0667211
97.1083 18.5255 0.0667519
97.0652 18.4766 0.0660106
97.1405 18.5574 0.0698841
97.1823 18.4287 0.0684902
97.2322 18.4168 0.0650561
97.0365 18.4829 0.0652206
97.1842 18.4954 0.0744023
97.0493 18.5664 0.068378
97.164 18.512 0.0675054
97.1763 18.5487 0.0662251
97.0234 18.4859 0.0664475
97.0793 18.4283 0.0703557
97.1694 18.5773 0.065956
97.1486 18.4958 0.070538
97.043 18.5551 0.0664546
97.1068 18.5253 0.067733
97.0967 18.4773 0.0676193
97.1101 18.5091 0.0689618
97.0999 18.5372 0.0690811
97.16 18.5114 0.0659941
96.9969 18.4448 0.0682026
97.2083 18.5861 0.0684976
97.2251 18.5471 0.0614883
97.1518 18.4449 0.0657617
97.0891 18.4377 0.0654718
97.1925 18.3896 0.0653003
97.0712 18.6153 0.0697837
97.0532 18.4439 0.0650052
97.0917 18.4186 0.0679776
97.1486 18.5144 0.0691933
97.0336 18.3532 0.0642786
97.0272 18.4461 0.0683353
97.0088 18.441 0.0681045
97.0379 18.5749 0.0678255
97.1929 18.5144 0.0717116
97.0527 18.5898 0.0671522
97.1035 18.5123 0.0646547
96.9531 18.4913 0.0673293
97.197 18.465 0.0727417
97.1778 18.4904 0.0736624
97.0656 18.5546 0.0654432
97.1348 18.5561 0.0634564
97.099 18.6037 0.0704248
97.0501 18.5574 0.0678746
97.1244 18.5164 0.0650472
97.0393 18.509 0.0693313
97.161 18.5287 0.0662717
97.0619 18.5718 0.0641275
97.0041 18.5634 0.0680902
97.0503 18.5028 0.0720705
97.0579 18.5207 0.0671282
97.1765 18.4871 0.071155
97.0083 18.4595 0.0690074
97.0869 18.496 0.0700141
97.1572 18.501 0.0663472
97.1899 18.5707 0.0700597
97.0346 18.3205 0.0678416
97.0252 18.4421 0.0676886
97.1742 18.5017 0.0677773
97.1038 18.5045 0.0660316
97.0032 18.5392 0.0748385
97.0965 18.4994 0.0653347
97.0952 18.5284 0.0696083
97.0398 18.3853 0.071431
97.1982 18.4464 0.0650686
97.1962 18.4667 0.0654075
97.0216 18.5409 0.0667258
97.0914 18.5264 0.0692558
97.0902 18.5708 0.0694002
97.1123 18.3571 0.0641409
97.1138 18.3565 0.0641696
97.1777 18.433 0.0707846
97.0963 18.4545 0.0644987
97.0116 18.5706 0.0681579
97.0277 18.3696 0.0699696
97.0486 18.5028 0.0685128
97.0872 18.4537 0.0644285
97.0755 18.4454 0.071227
97.0859 18.537 0.0691264
97.0962 18.4657 0.0679965
97.1201 18.4752 0.0668434
97.078 18.5406 0.0660717
97.1315 18.5751 0.0714641
97.1865 18.5072 0.0648191
97.1365 18.5108 0.0705297
97.0845 18.5775 0.0673306
96.9592 18.5467 0.0678014
97.1499 18.5297 0.0675473
97.1662 18.5717 0.0700234
97.1981 18.4834 0.0650619
97.1949 18.5444 0.0672873
97.2047 18.4476 0.0680369
97.1502 18.4353 0.0662796
97.0122 18.5075 0.0673297
97.1586 18.4594 0.0673786
96.9966 18.5413 0.0663976
97.0212 18.5056 0.066563
97.0616 18.476 0.0647692
97.2248 18.3922 0.0669058
97.1124 18.5957 0.0687805
97.1351 18.4561 0.0697174
97.09 18.4778 0.0707472
97.1107 18.48 0.0666689
97.1864 18.5632 0.0730233
97.0658 18.5014 0.0707896
97.1116 18.5124 0.0685747
97.0278 18.4796 0.0704262
97.1823 18.4864 0.0714381
97.2038 18.4675 0.0720133
97.1541 18.5347 0.0677397
97.145 18.4722 0.0689725
97.0994 18.5384 0.0707276
97.0182 18.5515 0.0707186
97.1339 18.4819 0.0661408
97.1475 18.519 0.0655457
97.1334 18.5313 0.0668669
97.1689 18.4694 0.0690611
97.0178 18.6362 0.0662426
97.096 18.444 0.0671258
97.0383 18.4425 0.0669669
97.245 18.6168 0.0681731
97.1764 18.495 0.065676
97.1397 18.3767 0.066658
97.2268 18.4125 0.0658222
97.1291 18.5018 0.0672215
97.2247 18.4996 0.0722959
97.1599 18.481 0.0649991
97.132 18.52 0.0691909
97.0143 18.3597 0.0677371
97.1356 18.5488 0.0642769
97.1218 18.5262 0.0677034
97.0868 18.5395 0.0647099
97.1423 18.4673 0.0721658
96.9877 18.5457 0.0683995
97.0487 18.4645 0.0701207
97.2044 18.4037 0.0633051
97.3276 18.5925 0.0642734
97.1004 18.5402 0.071249
97.1113 18.5112 0.0648335
97.1127 18.5368 0.0710718
97.0268 18.5046 0.0702042
97.1348 18.5353 0.0715677
97.0814 18.4214 0.064068
97.1449 18.5371 0.0626916
97.0725 18.4845 0.064697
97.1095 18.4614 0.0652209
97.1268 18.6024 0.0690553
97.0263 18.4155 0.0678853
97.1779 18.4815 0.0667357
97.0556 18.5388 0.0633732
97.1272 18.5186 0.0647684
97.1237 18.5749 0.0648533
97.0875 18.5422 0.0688019
97.1287 18.65 0.0738998
97.0833 18.4478 0.0674585
97.0874 18.5019 0.0653369
97.0854 18.5341 0.0659592
97.1741 18.5024 0.0692377
96.9283 18.5428 0.0710745
97.2827 18.5843 0.0646639
97.0966 18.4981 0.0676344
97.1004 18.5136 0.0632914
97.043 18.5214 0.0692813
97.2178 18.5042 0.0661924
97.1136 18.41 0.0662257
97.0588 18.6426 0.0615023
97.088 18.5298 0.0676709
97.0451 18.4693 0.0645417
97.0394 18.4371 0.0674392
97.1171 18.553 0.0654881
97.0963 18.5503 0.063257
97.1141 18.4994 0.0665742
97.1028 18.5781 0.0726765
97.0256 18.5426 0.0686975
96.9955 18.5373 0.0713937
97.1501 18.4838 0.0652819
97.2 18.5998 0.0685533
97.1093 18.5038 0.0693562
97.0513 18.4598 0.0723397
97.0417 18.4557 0.0647738
97.2185 18.5937 0.0648343
97.2223 18.5037 0.0697236
97.1194 18.512 0.0701922
96.9971 18.4521 0.0669079
97.0722 18.4379 0.0660774
97.0789 18.4702 0.0647322
97.1408 18.4013 0.0683748
97.1632 18.4367 0.0706035
97.111 18.4589 0.071166
97.2149 18.4809 0.0651345
97.0603 18.4789 0.0710889
97.0686 18.5466 0.068269
97.0969 18.5757 0.0699938
97.1143 18.5003 0.0714657
97.018 18.422 0.0652861
97.0299 18.4679 0.0624162
97.0224 18.5475 0.0702167
97.0434 18.4594 0.0670766
97.0418 18.595 0.0704813
97.0875 18.4887 0.0689644
97.0587 18.5101 0.0668594
96.9933 18.508 0.0675839
96.9817 18.4832 0.0674649
97.1552 18.5191 0.0680642
97.0618 18.539 0.0671541
96.9759 18.5125 0.0703925
97.2143 18.5546 0.0678556
97.2666 18.6626 0.0671132
97.1964 18.6355 0.0720268
97.1274 18.523 0.0695049
97.1749 18.4749 0.0631954
97.1207 18.5685 0.0733506
97.043 18.4724 0.0699534
97.2089 18.4237 0.0657054
97.088 18.5823 0.0687409
97.0919 18.339 0.0676985
97.1686 18.4497 0.0616012
97.1674 18.6231 0.0709405
97.0209 18.3442 0.0669303
97.0635 18.409 0.0681296
97.2226 18.686 0.0655389
96.9937 18.407 0.0697978
97.0192 18.6513 0.0671936
97.083 18.528 0.0638575
97.0283 18.4482 0.0631377
97.0789 18.5168 0.0689995
97.151 18.4648 0.0714699
96.9835 18.6668 0.0698471
97.116 18.5067 0.068503
97.0491 18.5013 0.0688104
97.1934 18.3857 0.0631909
97.1359 18.5819 0.071225
97.1392 18.5202 0.0678758
97.0319 18.5301 0.0688954
96.9939 18.4124 0.062574
97.1331 18.4595 0.0676783
96.9991 18.5025 0.0680092
97.1725 18.5565 0.0705508
97.0217 18.5832 0.0659291
97.1637 18.5797 0.0674298
97.0444 18.528 0.0665881
97.0879 18.3436 0.0694463
97.1486 18.5256 0.0696383
97.1726 18.4909 0.0676815
97.0542 18.5696 0.0689078
97.0988 18.5146 0.0746287
97.0746 18.4746 0.0716824
97.0934 18.5363 0.0639641
97.1217 18.5601 0.0654218
97.1726 18.4936 0.0646782
97.2499 18.4935 0.0629789
97.0881 18.4893 0.066445
97.1314 18.4456 0.0668512
97.0534 18.6152 0.0701882
97.0932 18.5392 0.0663177
97.0697 18.4792 0.0706974
97.1152 18.463 0.0698667
97.1818 18.5299 0.0668214
97.15 18.5003 0.0662761
97.1018 18.4589 0.0647896
97.0803 18.5374 0.0680446
97.027 18.6002 0.0683381
97.0895 18.5047 0.0680713
97.1056 18.3931 0.0674138
97.0359 18.4683 0.0707571
97.1155 18.496 0.0675787
97.0413 18.5712 0.0713258
97.0093 18.3473 0.0677106
97.0226 18.5346 0.0637802
97.1627 18.5725 0.0706505
97.1141 18.6095 0.0723437
97.238 18.5112 0.0655329
97.1092 18.5185 0.0690986
97.0572 18.518 0.0640185
97.043 18.4843 0.0691463
97.0849 18.4462 0.0725152
97.0492 18.5534 0.0654507
97.0442 18.4762 0.063975
97.0413 18.3857 0.0702813
97.0489 18.4961 0.0708072
97.1975 18.5337 0.0642917
97.1981 18.5523 0.0745708
97.1769 18.5847 0.0748708
97.1423 18.4788 0.07014
97.0752 18.6118 0.0690573
97.1622 18.4277 0.0720895
97.1424 18.6474 0.0688187
97.1781 18.5625 0.0680966
97.0685 18.6407 0.0691476
97.0484 18.559 0.072029
97.1602 18.5742 0.0687246
97.11 18.4449 0.0674291
97.0707 18.5466 0.0652044
97.1307 18.5458 0.0648076
97.0316 18.497 0.0698979
97.1796 18.5027 0.0696229
97.0311 18.4129 0.0651052
97.1064 18.5218 0.0737142
97.0419 18.4602 0.0693141
97.0781 18.5097 0.0669618
97.0557 18.3615 0.0679617
97.0701 18.3889 0.0694383
97.1577 18.5038 0.0699347
97.0957 18.5895 0.0692444
97.1963 18.6431 0.0713198
97.0368 18.3702 0.0683663
97.1114 18.5041 0.0715194
97.1049 18.4969 0.0703738
97.1647 18.5075 0.0716264
97.0569 18.5247 0.0652494
97.0845 18.5363 0.0651295
97.0866 18.5415 0.0657776
97.2087 18.3948 0.0611112
97.0148 18.5157 0.0665974
97.0262 18.4362 0.06776
97.0419 18.5484 0.0697433
97.0575 18.4486 0.0691769
97.1248 18.5226 0.0695893
97.0932 18.5389 0.0691879
97.0875 18.5681 0.0693102
97.0401 18.6095 0.0699132
95.7319 20.3648 0.0460564
