227.85 27.4971 0.0742657
227.827 27.6436 0.0742157
227.781 27.6459 0.0729234
227.905 27.5265 0.0765323
227.949 27.5503 0.0751388
227.921 27.5576 0.0735215
227.898 27.6612 0.0742224
227.842 27.541 0.0739609
227.912 27.5139 0.0738887
227.864 27.5465 0.0754902
227.838 27.4572 0.0731328
227.878 27.6223 0.0749564
227.96 27.578 0.0721874
227.89 27.4351 0.0725633
227.878 27.6413 0.074697
227.787 27.5729 0.073775
227.816 27.4783 0.0749845
227.976 27.6626 0.074791
227.885 27.6642 0.0737851
227.806 27.5872 0.0755823
227.817 27.5624 0.0761229
227.823 27.6253 0.0737988
227.833 27.6085 0.0729559
227.823 27.504 0.0774128
227.941 27.4777 0.0762817
227.914 27.5516 0.0726959
227.957 27.6631 0.0721693
227.77 27.5334 0.0748382
227.766 27.5678 0.0703165
227.856 27.5876 0.075368
227.864 27.5 0.0744169
227.937 27.5019 0.0713149
227.906 27.6072 0.0756417
227.957 27.6067 0.0748281
227.887 27.6151 0.0724981
227.864 27.5981 0.0722895
227.944 27.5281 0.07345
227.899 27.5218 0.0731866
227.872 27.5757 0.0721108
227.868 27.5803 0.0760469
227.878 27.5848 0.0690657
227.865 27.5362 0.0760318
227.845 27.5541 0.0732616
227.862 27.564 0.0734682
227.893 27.5282 0.0732052
227.956 27.5878 0.0731572
227.851 27.4566 0.0742035
227.873 27.5357 0.0759279
227.927 27.5363 0.0748799
227.868 27.6753 0.0729393
227.844 27.6095 0.0739069
227.864 27.5837 0.0718132
227.907 27.5268 0.0735003
227.89 27.5336 0.0712038
227.945 27.5799 0.0685205
228.025 27.4895 0.0735838
227.824 27.5831 0.0737108
227.889 27.5649 0.0732298
227.914 27.5422 0.0713807
227.811 27.5216 0.073636
227.799 27.5093 0.0716305
227.919 27.5717 0.0738115
227.921 27.4946 0.0705994
227.895 27.4951 0.0730383
227.903 27.5115 0.0728692
227.861 27.6338 0.073084
227.921 27.6202 0.0719878
227.876 27.5539 0.0759218
227.889 27.5341 0.0716754
227.806 27.6633 0.0739968
227.821 27.6265 0.0724708
227.885 27.5558 0.0759538
227.848 27.558 0.0752114
227.856 27.5631 0.0738618
227.931 27.486 0.0746632
227.836 27.5534 0.0737211
227.93 27.5459 0.0751389
227.927 27.4863 0.0746286
227.864 27.5758 0.0691406
227.788 27.6006 0.0750564
227.914 27.6095 0.0694938
227.837 27.688 0.0729124
227.994 27.587 0.0749671
227.8 27.4652 0.0765292
227.77 27.4928 0.0742959
227.773 27.5181 0.0741867
227.766 27.5337 0.0719426
227.908 27.4867 0.0703226
227.915 27.6594 0.0729193
227.815 27.6611 0.0737581
227.844 27.5635 0.0709369
227.872 27.5435 0.0777794
227.896 27.745 0.0744131
227.87 27.6224 0.0729065
227.894 27.4369 0.0736506
227.983 27.6425 0.0737866
227.877 27.6233 0.0748473
227.879 27.6019 0.072211
227.898 27.5584 0.0755219
227.867 27.6584 0.073989
227.719 27.5945 0.0735623
227.876 27.5438 0.0764689
227.867 27.5521 0.0722894
227.809 27.6112 0.0713897
227.949 27.4672 0.0732467
227.837 27.5624 0.0734991
227.879 27.5488 0.070355
227.909 27.6343 0.073983
227.945 27.427 0.0714694
227.895 27.4997 0.0737432
227.791 27.6055 0.0738747
227.894 27.5813 0.0745138
227.833 27.7019 0.0745463
227.931 27.5265 0.0741703
227.935 27.4845 0.0725084
227.846 27.4916 0.0720341
227.838 27.6372 0.0770484
227.84 27.5499 0.0759091
227.814 27.6003 0.0716311
227.871 27.6106 0.0733108
227.867 27.6669 0.0727971
227.854 27.7069 0.0704433
227.866 27.5794 0.0749719
227.804 27.5989 0.0717617
227.868 27.5655 0.0721782
227.928 27.5441 0.072403
227.957 27.5051 0.0768939
227.816 27.6021 0.0774956
227.981 27.5689 0.0748404
227.868 27.5177 0.075511
227.858 27.6117 0.0729006
227.864 27.5461 0.0737466
227.885 27.5396 0.0740051
227.922 27.5441 0.0744117
227.862 27.5386 0.0750909
227.877 27.5418 0.074342
227.79 27.7016 0.0741746
227.967 27.5711 0.0734694
227.904 27.4801 0.0739296
227.88 27.5789 0.0760829
227.947 27.4578 0.0736954
227.929 27.5634 0.0765991
227.933 27.6213 0.0729323
227.946 27.6198 0.0694276
227.782 27.675 0.0752138
227.777 27.732 0.075564
227.884 27.6083 0.0770269
227.785 27.5943 0.0740625
227.911 27.5282 0.0707212
227.812 27.5342 0.0738115
227.907 27.5888 0.0749788
227.887 27.5501 0.0700233
227.901 27.4702 0.0729759
227.884 27.6326 0.0755986
227.741 27.476 0.0742775
228 27.5505 0.0759345
227.798 27.5564 0.0766652
227.887 27.5295 0.074038
227.937 27.5905 0.0727881
227.863 27.5393 0.0738354
227.86 27.5952 0.0750392
227.947 27.5169 0.0763168
227.807 27.6222 0.0731306
227.861 27.5477 0.073521
227.859 27.5184 0.0720038
227.952 27.5604 0.0710507
227.866 27.6114 0.0733886
227.908 27.5942 0.0730789
227.877 27.6126 0.077447
227.874 27.4783 0.0749435
227.893 27.5813 0.0735333
227.917 27.5685 0.0705848
227.93 27.6305 0.0726975
227.949 27.525 0.0751693
227.951 27.6019 0.0743609
227.897 27.5468 0.0726844
227.871 27.5532 0.0741889
227.825 27.6234 0.0731977
227.958 27.6024 0.0736218
227.819 27.5978 0.0718051
227.879 27.5328 0.0739426
227.893 27.5107 0.0734731
227.912 27.6008 0.0762067
227.867 27.4123 0.074093
227.849 27.6302 0.0758656
227.838 27.5765 0.0755356
227.918 27.5352 0.0751913
227.845 27.606 0.0747123
227.851 27.6424 0.0737487
227.815 27.5815 0.0746209
227.95 27.6613 0.0731074
227.83 27.5559 0.0779661
227.916 27.5116 0.0731187
227.866 27.5646 0.0714299
227.839 27.4712 0.0746324
227.902 27.4665 0.0720005
227.886 27.6196 0.0724346
227.867 27.5352 0.0715078
227.952 27.6147 0.0753512
227.814 27.5266 0.078246
227.847 27.4512 0.0727906
227.895 27.5537 0.070788
227.903 27.5378 0.0748625
227.844 27.5641 0.0759295
227.92 27.6021 0.0755504
227.921 27.6307 0.0718112
227.837 27.558 0.0776715
227.941 27.5569 0.0756211
227.822 27.6259 0.0773944
227.817 27.6735 0.0744135
227.888 27.6192 0.0751635
227.799 27.5532 0.0742821
227.85 27.6141 0.0764879
227.882 27.6326 0.0731656
227.989 27.6081 0.0747096
227.863 27.552 0.0770218
227.9 27.6276 0.0740012
227.925 27.6143 0.0728661
227.766 27.5354 0.0721279
227.915 27.6833 0.0742051
227.947 27.5776 0.0713278
227.934 27.4453 0.0737367
227.828 27.6268 0.0748243
227.884 27.5509 0.0731377
227.833 27.5376 0.0726431
227.819 27.5857 0.075572
227.923 27.5336 0.0735937
227.963 27.5289 0.0748847
227.898 27.5194 0.0764881
227.743 27.5961 0.0760034
227.892 27.6058 0.0770602
227.867 27.571 0.0768008
227.874 27.5595 0.0718601
227.907 27.5668 0.0679376
227.737 27.5914 0.0730147
227.931 27.5766 0.0741948
227.924 27.5541 0.0735004
227.961 27.565 0.072638
227.904 27.5667 0.0706346
227.942 27.5394 0.0708655
227.893 27.5705 0.0731021
227.861 27.5401 0.0731567
227.922 27.5733 0.0742199
227.896 27.6351 0.0725605
227.88 27.5181 0.0744371
227.967 27.5549 0.072548
227.841 27.585 0.0735851
227.927 27.6123 0.0775583
227.876 27.5696 0.0752238
227.82 27.5259 0.0739848
227.944 27.5589 0.0770278
227.89 27.6086 0.0745309
227.878 27.6092 0.0719638
227.871 27.5305 0.07464
227.868 27.5748 0.0697239
227.859 27.5415 0.0774307
227.801 27.6544 0.0712929
227.894 27.5771 0.0709658
227.936 27.5406 0.0710634
227.794 27.6216 0.0703663
227.839 27.5238 0.0716075
227.784 27.6383 0.0740318
227.915 27.5735 0.0713508
227.777 27.6734 0.0769772
227.862 27.6714 0.0734996
227.861 27.5307 0.0722197
227.912 27.5427 0.074879
227.835 27.5622 0.0723473
227.931 27.7135 0.0758785
227.914 27.5172 0.0760442
227.765 27.5939 0.0722685
227.881 27.5397 0.0728185
227.893 27.4897 0.0732422
227.873 27.5679 0.0766546
227.847 27.6068 0.0755343
227.931 27.6786 0.0706037
227.905 27.5084 0.0745805
227.971 27.4532 0.0717529
227.844 27.6395 0.0747301
227.8 27.4722 0.074481
227.801 27.4634 0.0748971
227.741 27.5014 0.074032
227.898 27.5532 0.0771323
227.903 27.5539 0.0750217
227.887 27.5115 0.0735717
227.964 27.5442 0.0743729
227.809 27.5865 0.0730531
227.892 27.5561 0.0768311
227.96 27.5497 0.0745448
227.835 27.6195 0.0786579
227.913 27.5766 0.0713935
227.818 27.5838 0.0759384
227.819 27.5712 0.0751919
227.909 27.6755 0.0780321
227.858 27.5324 0.0770922
227.822 27.6433 0.074913
227.762 27.6377 0.074315
227.835 27.6384 0.0769811
227.926 27.5755 0.073007
227.999 27.5785 0.0754005
227.778 27.64 0.0736619
227.84 27.5958 0.0725632
227.921 27.5206 0.0739303
227.939 27.5872 0.0726618
227.827 27.5364 0.0741091
227.928 27.5795 0.0755496
227.868 27.5647 0.0722146
227.863 27.4783 0.0732947
227.88 27.6449 0.0737391
227.919 27.5822 0.0768882
227.81 27.5459 0.0741811
227.806 27.5012 0.0738615
227.93 27.4774 0.0766168
228.017 27.5944 0.0726874
227.857 27.5949 0.0746252
227.859 27.6871 0.0732625
227.895 27.6202 0.0744605
227.868 27.5833 0.0737047
227.867 27.6371 0.0707096
227.75 27.653 0.0731155
227.907 27.4915 0.0739738
227.911 27.6693 0.0739825
227.837 27.6177 0.0720093
227.808 27.5427 0.0730664
227.859 27.6065 0.0761711
227.968 27.4706 0.0727428
227.774 27.6871 0.0763104
227.844 27.5878 0.0735497
227.887 27.5639 0.0747078
227.895 27.6445 0.0722984
227.934 27.5553 0.0727504
227.875 27.6029 0.0717162
227.924 27.5636 0.0717497
227.819 27.5783 0.0763513
227.853 27.5715 0.0771143
227.856 27.5537 0.0768723
227.952 27.5787 0.0725194
227.894 27.5615 0.0703961
227.928 27.5419 0.0721415
227.973 27.5311 0.0732672
227.763 27.6754 0.0725248
227.794 27.4881 0.0744619
227.726 27.5288 0.0744984
227.959 27.5025 0.071709
227.852 27.5579 0.0735802
227.829 27.5732 0.0743099
227.923 27.6038 0.0722868
227.874 27.6578 0.0751664
227.923 27.5566 0.0728578
227.98 27.5514 0.076105
227.928 27.5644 0.0775592
227.886 27.5496 0.0747137
227.819 27.5627 0.0758224
227.814 27.564 0.0750762
227.855 27.5905 0.076447
227.9 27.5144 0.0729141
227.801 27.6027 0.0734093
227.85 27.6339 0.0775007
227.902 27.474 0.0725829
227.927 27.5044 0.0738217
227.905 27.4418 0.0750757
227.883 27.5619 0.0764608
227.92 27.5564 0.0759608
227.977 27.5963 0.0712926
227.868 27.5314 0.0708468
227.858 27.608 0.0720038
227.834 27.5923 0.0731672
228.004 27.5916 0.0730531
227.921 27.585 0.0781547
227.936 27.6124 0.0717583
227.866 27.4207 0.0729844
227.936 27.6459 0.0741591
227.807 27.5962 0.0759163
227.86 27.596 0.076094
227.958 27.6226 0.0732651
227.871 27.5635 0.0729304
227.891 27.6303 0.0720229
227.863 27.7059 0.0719269
227.857 27.5865 0.0725399
227.961 27.6202 0.0716012
227.818 27.4626 0.0761719
227.834 27.5444 0.0735069
227.884 27.5495 0.0740928
227.959 27.5064 0.0707848
227.841 27.5719 0.0753589
227.869 27.5194 0.0726947
227.774 27.6118 0.0748876
227.926 27.5499 0.0741993
227.776 27.5537 0.0709454
227.832 27.6011 0.0730635
227.907 27.5223 0.069285
227.946 27.4987 0.0705401
227.962 27.6092 0.0740838
227.959 27.585 0.074
227.928 27.5585 0.073226
227.907 27.5556 0.0686263
227.858 27.5611 0.074523
227.828 27.5274 0.0780995
227.964 27.5892 0.0732981
227.891 27.5429 0.0762236
227.949 27.6713 0.0764451
227.915 27.5392 0.0716503
227.828 27.4935 0.0758442
227.927 27.5671 0.0746368
227.904 27.6026 0.0743895
227.8 27.5226 0.0733319
227.853 27.5707 0.0742857
227.902 27.4927 0.0736206
227.837 27.5195 0.0727489
227.944 27.608 0.0721907
227.813 27.5595 0.0708409
227.842 27.5194 0.073078
227.768 27.4371 0.0749931
227.81 27.4648 0.0748421
227.934 27.5722 0.0744429
227.919 27.577 0.0734431
227.847 27.504 0.0734333
227.921 27.4949 0.074349
227.818 27.5644 0.0763956
227.747 27.6055 0.0760373
227.771 27.601 0.0726511
227.8 27.6051 0.0713351
227.877 27.5618 0.0725601
227.77 27.6015 0.0734403
227.914 27.5711 0.0725714
227.796 27.5573 0.073026
227.883 27.5702 0.0721772
227.82 27.5661 0.0686185
227.888 27.52 0.074753
227.88 27.5722 0.0751565
227.945 27.4874 0.0738291
227.89 27.5228 0.070679
227.973 27.4973 0.0721993
227.887 27.4428 0.0735682
227.878 27.6361 0.0740673
227.88 27.5924 0.0727428
227.86 27.5264 0.0764904
227.919 27.6003 0.07273
227.937 27.5684 0.077895
227.866 27.5769 0.0752792
227.923 27.5436 0.079091
227.899 27.6615 0.0726653
227.95 27.5442 0.0716262
227.838 27.5954 0.0714433
227.859 27.5892 0.0708294
227.821 27.5814 0.0682688
227.788 27.6724 0.07362
227.777 27.637 0.0716689
227.926 27.5004 0.0722363
227.819 27.5069 0.0748336
227.794 27.6608 0.07196
227.953 27.5896 0.0754235
227.867 27.6573 0.0769743
227.837 27.564 0.0735029
227.863 27.5161 0.072368
227.872 27.5099 0.0759815
227.888 27.5537 0.0739405
227.801 27.5931 0.0712678
227.888 27.5996 0.0735716
227.866 27.6304 0.0751943
227.821 27.5487 0.0749456
227.843 27.6184 0.0749256
227.809 27.6065 0.0774927
227.881 27.5526 0.0750716
227.893 27.4238 0.0739591
227.914 27.5423 0.0732443
227.901 27.6632 0.0767686
227.831 27.6309 0.0748812
227.962 27.4993 0.0710229
227.809 27.6502 0.0725329
227.82 27.5292 0.0738721
227.872 27.5252 0.0758266
227.852 27.5201 0.0727672
227.837 27.6177 0.0753616
227.83 27.5961 0.0754163
227.865 27.6765 0.0745406
227.844 27.7096 0.0727106
227.792 27.6368 0.0788113
227.838 27.5595 0.0756406
227.886 27.4886 0.0754931
227.902 27.4863 0.0755077
227.928 27.5639 0.0733238
227.813 27.5876 0.0768885
227.801 27.6094 0.0764006
227.86 27.4836 0.0768243
227.894 27.5356 0.0722871
227.896 27.5438 0.0749146
227.933 27.5605 0.0704349
227.861 27.5306 0.0741666
227.878 27.6201 0.0718609
227.925 27.5332 0.0750144
227.892 27.6624 0.0734086
227.949 27.6312 0.073715
228.012 27.4948 0.0737008
227.886 27.5462 0.0744284
227.874 27.5341 0.0746091
227.922 27.503 0.0760703
227.898 27.5568 0.0750141
227.959 27.6381 0.070291
226.1 25.906 0.042679
