36.3493 11.3009 0.167349
36.3503 11.3283 0.168243
36.3791 11.2541 0.164801
36.3328 11.206 0.165639
36.3209 11.2813 0.166212
36.3138 11.2734 0.165732
36.3715 11.2947 0.166042
36.3627 11.2472 0.165603
36.4355 11.2826 0.163076
36.4373 11.2809 0.163037
36.4373 11.2603 0.164798
36.3457 11.3102 0.16218
36.4088 11.2697 0.162547
36.4099 11.2619 0.162755
36.3242 11.3613 0.166404
36.2113 11.3174 0.167007
36.2916 11.2895 0.166087
36.3317 11.2388 0.165357
36.3125 11.2853 0.165818
36.316 11.2682 0.166197
36.3288 11.2605 0.164426
36.3169 11.326 0.164749
36.3581 11.2429 0.163171
36.3516 11.3137 0.167011
36.2837 11.3303 0.168312
36.3034 11.3168 0.167282
36.2987 11.2625 0.165234
36.2454 11.2385 0.165394
36.3628 11.2537 0.165247
36.3805 11.2494 0.164449
36.3372 11.2989 0.167409
36.2247 11.3337 0.165825
36.3901 11.3316 0.166226
36.3997 11.2597 0.167843
36.3543 11.2972 0.161306
36.3481 11.2969 0.167003
36.3453 11.301 0.167448
36.2815 11.3142 0.168594
36.3799 11.2542 0.164885
36.2635 11.3088 0.166703
36.2763 11.3202 0.16794
36.377 11.3057 0.166027
36.328 11.2143 0.165946
36.3615 11.2516 0.165669
36.3597 11.2437 0.165815
36.4406 11.2515 0.164828
36.3409 11.2625 0.169016
36.2493 11.3318 0.167996
36.2965 11.2828 0.165915
36.3266 11.309 0.165423
36.3127 11.2472 0.165993
36.2893 11.2375 0.166344
36.3044 11.2621 0.167304
36.2408 11.3323 0.16406
36.3267 11.3212 0.165537
36.3255 11.2716 0.162998
36.3733 11.2695 0.166748
36.3736 11.2702 0.166695
36.258 11.269 0.167534
36.3228 11.2937 0.164235
36.3162 11.3044 0.166563
36.3249 11.2651 0.162021
36.2579 11.3507 0.16687
36.2845 11.2691 0.166153
36.3785 11.2978 0.159866
36.4763 11.2149 0.164502
36.4798 11.2171 0.164572
36.236 11.2623 0.167075
36.4027 11.2629 0.167888
36.3313 11.3227 0.167805
36.349 11.3038 0.167161
36.2801 11.3166 0.168356
36.2802 11.313 0.167912
36.3513 11.2823 0.166145
36.3661 11.2947 0.166195
36.3644 11.2963 0.166129
36.3433 11.2952 0.164291
36.3851 11.1864 0.164147
36.4383 11.2566 0.164911
36.2948 11.2721 0.164734
36.2822 11.2594 0.168226
36.3361 11.3086 0.16514
36.3439 11.2451 0.164112
36.2388 11.2909 0.165842
36.2873 11.2824 0.165065
36.3348 11.2625 0.166952
36.2116 11.2828 0.165489
36.3039 11.289 0.164649
36.3445 11.3108 0.166765
36.3754 11.2632 0.166741
36.3746 11.2653 0.166611
36.3311 11.2622 0.163693
36.2433 11.2337 0.165409
36.2275 11.2575 0.166132
36.3154 11.2967 0.166379
36.3313 11.2962 0.167343
36.328 11.2992 0.167608
36.4732 11.2151 0.164529
36.3845 11.3364 0.166397
36.3942 11.255 0.167729
36.3833 11.3291 0.163484
36.3494 11.2996 0.167162
36.2388 11.2631 0.166637
36.3609 11.269 0.161878
36.3791 11.2566 0.16473
36.2805 11.269 0.162972
36.3562 11.2919 0.166135
36.3056 11.2801 0.166432
36.4345 11.2616 0.16467
36.4197 11.2624 0.162695
36.3162 11.2845 0.162478
36.3737 11.2463 0.162747
36.2337 11.2472 0.166666
36.237 11.2387 0.166181
36.3507 11.2674 0.164841
36.3172 11.3407 0.165147
36.4699 11.2089 0.159521
36.3162 11.3316 0.164794
36.3493 11.3091 0.166927
36.2827 11.3289 0.168377
36.3783 11.2719 0.166815
36.3005 11.3211 0.167119
36.2894 11.2744 0.165744
36.353 11.2514 0.165265
36.3057 11.3292 0.164487
36.252 11.352 0.166678
36.3277 11.2772 0.164892
36.3842 11.3333 0.166537
36.3816 11.3294 0.166407
36.3967 11.2584 0.167969
36.3776 11.3283 0.163662
36.3832 11.3283 0.1637
36.3308 11.3235 0.167615
36.3467 11.309 0.167247
36.3788 11.2537 0.164517
36.2747 11.3131 0.167996
36.3715 11.2999 0.166187
36.3293 11.2178 0.165956
36.4342 11.2802 0.163159
36.4365 11.2583 0.16499
36.2886 11.3046 0.165916
36.2881 11.2773 0.166878
36.3546 11.2489 0.163024
36.2229 11.2589 0.165214
36.2636 11.2856 0.166421
36.316 11.327 0.165761
36.3828 11.3001 0.163485
36.341 11.2749 0.165099
36.2479 11.3042 0.165635
36.3331 11.3214 0.16537
36.284 11.177 0.16606
36.3314 11.1959 0.166003
36.2548 11.3031 0.166679
36.3764 11.2511 0.164432
36.2825 11.2912 0.165754
36.3168 11.2598 0.161059
36.1719 11.3776 0.164766
36.4727 11.2152 0.164454
36.4 11.2606 0.167848
36.3537 11.283 0.165324
36.3586 11.2854 0.165311
36.3528 11.3025 0.167263
36.3521 11.3334 0.164956
36.3759 11.251 0.16494
36.3165 11.2757 0.165888
36.3044 11.2773 0.166573
36.3836 11.1881 0.163877
36.2781 11.2984 0.165895
36.4353 11.2581 0.16507
36.2972 11.2724 0.164704
36.2276 11.2582 0.166392
36.2389 11.2867 0.165627
36.3198 11.2762 0.165383
36.2647 11.2456 0.166233
36.3782 11.2218 0.164432
36.3314 11.3031 0.16514
36.2589 11.2912 0.164856
36.2404 11.2892 0.16992
36.2753 11.2243 0.166044
36.3447 11.2658 0.165016
36.3342 11.2494 0.16463
36.3366 11.3232 0.165338
36.3741 11.2917 0.163291
36.3168 11.209 0.163856
36.3036 11.3229 0.167103
36.3636 11.2867 0.163109
36.3273 11.2687 0.16373
36.254 11.3023 0.16648
36.3031 11.328 0.164161
36.3799 11.2499 0.164636
36.3265 11.2822 0.164839
36.4808 11.2177 0.164432
36.3864 11.3311 0.166545
36.3442 11.2943 0.163464
36.3475 11.3335 0.168085
36.2869 11.3154 0.168229
36.3235 11.2706 0.163344
36.3837 11.2311 0.161289
36.3774 11.2526 0.164737
36.317 11.276 0.165747
36.2212 11.2836 0.165086
36.3538 11.2827 0.165914
36.3694 11.2978 0.166079
36.4349 11.2837 0.163201
36.2909 11.3032 0.165635
36.2118 11.3886 0.167294
36.3328 11.3601 0.166311
36.3281 11.3117 0.165414
36.3115 11.2459 0.165976
36.3372 11.2706 0.164915
36.3144 11.34 0.16503
36.3303 11.2648 0.166906
36.3267 11.2906 0.167401
36.352 11.3119 0.166725
36.3178 11.2562 0.165271
36.3118 11.205 0.164102
36.2913 11.2694 0.166457
36.2946 11.2932 0.16531
36.3109 11.246 0.166281
36.2519 11.2381 0.167012
36.3323 11.3026 0.167407
36.3315 11.3023 0.167539
36.3798 11.3284 0.166436
36.3813 11.3348 0.166586
36.341 11.246 0.162939
36.3463 11.2964 0.167185
36.3472 11.3277 0.168324
36.3582 11.3389 0.164725
36.3792 11.2519 0.164727
36.3 11.2051 0.165395
36.2678 11.3195 0.167812
36.3566 11.2838 0.166075
36.3542 11.2872 0.166019
36.3646 11.2932 0.166006
36.4371 11.2863 0.16326
36.2948 11.2762 0.164709
36.3393 11.2626 0.168959
36.4126 11.2611 0.162578
36.3247 11.3585 0.16626
36.32 11.2859 0.163911
36.335 11.3042 0.165239
36.3477 11.2665 0.164735
36.3887 11.2998 0.163545
36.3323 11.2946 0.16419
36.3013 11.2705 0.167208
36.2817 11.3083 0.166147
36.3428 11.3127 0.166739
36.2745 11.1808 0.166253
36.3773 11.2907 0.163295
36.3693 11.2631 0.166415
36.3723 11.2735 0.166751
36.2978 11.3506 0.164425
36.3218 11.2924 0.164234
36.3637 11.2599 0.165271
36.3121 11.2434 0.166115
36.3341 11.297 0.167538
36.4768 11.2184 0.164652
36.4012 11.2649 0.167811
36.3778 11.3292 0.163607
36.3485 11.2979 0.166988
36.3441 11.3036 0.167222
36.3497 11.3341 0.168264
36.3507 11.3323 0.16826
36.3626 11.3329 0.164818
36.2831 11.2346 0.165972
36.3556 11.2827 0.166235
36.3661 11.2958 0.166061
36.434 11.2915 0.162996
36.4354 11.2608 0.164961
36.2451 11.1822 0.166827
36.3257 11.2395 0.164891
36.225 11.2576 0.165265
36.342 11.2431 0.163894
36.3101 11.2802 0.165706
36.337 11.2919 0.164212
36.3252 11.2872 0.167439
36.3281 11.295 0.167452
36.2253 11.3366 0.169276
36.3505 11.3129 0.166802
36.2822 11.2558 0.168325
36.3712 11.262 0.166536
36.3277 11.201 0.16587
36.3533 11.2596 0.164865
36.3137 11.301 0.16653
36.3127 11.2467 0.166264
36.4796 11.2103 0.164611
36.3802 11.3285 0.166292
36.385 11.3361 0.16648
36.3943 11.2609 0.167556
36.3356 11.209 0.166644
36.3453 11.2949 0.163612
36.3288 11.3239 0.167919
36.3518 11.3287 0.168288
36.3554 11.2699 0.161994
36.3557 11.34 0.164559
36.3661 11.271 0.164675
36.3672 11.2727 0.16466
36.3684 11.2908 0.166285
36.3673 11.299 0.166142
36.4375 11.2818 0.163273
36.4391 11.256 0.164937
36.2112 11.3885 0.167194
36.3271 11.2824 0.165555
36.3274 11.2429 0.165074
36.3161 11.2822 0.162452
36.3773 11.2239 0.164254
36.2862 11.3087 0.165714
36.2887 11.3054 0.165381
36.2165 11.3181 0.167078
36.3376 11.2428 0.164015
36.32 11.2599 0.166169
36.259 11.2209 0.16498
36.3394 11.2716 0.164848
36.3405 11.2724 0.164876
36.3299 11.2591 0.16436
36.328 11.2535 0.164354
36.3177 11.3288 0.164664
36.3503 11.3065 0.166862
36.3755 11.2757 0.166822
36.372 11.2683 0.166792
36.3109 11.2569 0.16622
36.3025 11.3182 0.167247
36.3757 11.1216 0.162614
36.2936 11.2906 0.163601
36.2967 11.2762 0.166512
36.2468 11.2876 0.166338
36.3269 11.3172 0.161655
36.3333 11.2955 0.167406
36.1584 11.229 0.167205
36.4767 11.2172 0.16473
36.3838 11.3372 0.166404
36.2345 11.2643 0.166735
36.3772 11.3296 0.163637
36.3821 11.3261 0.16366
36.3462 11.303 0.16717
36.3525 11.3255 0.168109
36.2761 11.3205 0.163324
36.291 11.232 0.165804
36.3539 11.2831 0.166098
36.357 11.2844 0.166122
36.3056 11.2863 0.166527
36.4403 11.2822 0.162903
36.4377 11.2574 0.164849
36.3353 11.2531 0.168934
36.288 11.2789 0.166971
36.3014 11.2853 0.165864
36.3299 11.306 0.165241
36.3566 11.2659 0.165093
36.3128 11.2634 0.166305
36.3113 11.2336 0.16637
36.2453 11.2947 0.163613
36.3127 11.341 0.165047
36.3424 11.2916 0.16427
36.3148 11.3267 0.164644
36.3545 11.2412 0.16287
36.3404 11.1932 0.164886
36.3734 11.2641 0.166692
36.3627 11.2918 0.163179
36.2636 11.2953 0.16685
36.3154 11.3007 0.166305
36.2941 11.265 0.165879
36.3243 11.2482 0.165444
36.2816 11.2715 0.166151
36.379 11.3293 0.166404
36.4038 11.2634 0.167735
36.3976 11.2608 0.167891
36.3348 11.3235 0.167926
36.348 11.3014 0.167234
36.3523 11.3327 0.168061
36.38 11.2558 0.164909
36.3196 11.2866 0.166055
36.268 11.3227 0.167932
36.3637 11.297 0.166085
36.431 11.2832 0.162919
36.3359 11.2539 0.169066
36.3257 11.355 0.166272
36.3571 11.2547 0.162804
36.2057 11.3262 0.166717
36.2636 11.2875 0.166577
36.3128 11.2765 0.165596
36.3017 11.2668 0.167298
36.3249 11.2904 0.16725
36.3091 11.2917 0.164632
36.2012 11.1311 0.169391
36.2373 11.3216 0.165964
36.253 11.2739 0.167852
36.2648 11.2773 0.164626
36.3119 11.2498 0.166031
36.3311 11.2967 0.167453
36.3841 11.3362 0.166642
36.3803 11.3347 0.16635
36.3778 11.332 0.163818
36.3293 11.3197 0.16787
36.2255 11.2177 0.169694
36.3561 11.3383 0.164557
36.3198 11.2841 0.166164
36.3668 11.2997 0.166384
36.3619 11.2467 0.165722
36.434 11.2863 0.163083
36.341 11.2547 0.168891
36.2914 11.2707 0.167042
36.3455 11.3179 0.162321
36.3031 11.2831 0.165796
36.324 11.2911 0.164048
36.3349 11.3051 0.165397
36.2653 11.2798 0.16631
36.3101 11.3247 0.165746
36.3543 11.2685 0.165132
36.3142 11.3444 0.16492
36.3396 11.2914 0.164148
36.3174 11.1728 0.165942
36.2041 11.2907 0.16729
36.3511 11.3129 0.166857
36.325 11.26 0.165104
36.2776 11.2827 0.166581
36.2901 11.2722 0.166403
36.3751 11.2094 0.160514
36.3805 11.2504 0.164397
36.3319 11.2997 0.167361
36.4796 11.2171 0.164481
36.3995 11.2619 0.167811
36.3543 11.2854 0.165232
36.3486 11.3297 0.168264
36.3516 11.331 0.168206
36.3301 11.2103 0.165833
36.3585 11.2819 0.166061
36.3661 11.298 0.166225
36.3607 11.2494 0.165721
36.3882 11.1853 0.163763
36.3393 11.261 0.168982
36.3298 11.3669 0.166192
36.3344 11.3035 0.165175
36.3328 11.3053 0.165213
36.246 11.2838 0.167159
36.3563 11.2741 0.164892
36.3251 11.2537 0.164126
36.3165 11.339 0.16513
36.4684 11.2116 0.159523
36.2276 11.231 0.166759
36.2375 11.2279 0.166756
36.3481 11.3103 0.166955
36.372 11.2883 0.163242
36.3714 11.2631 0.166639
36.3044 11.268 0.165246
36.2952 11.2676 0.166345
36.2619 11.2806 0.164303
36.2883 11.2392 0.165446
36.3825 11.2543 0.16462
36.3206 11.2482 0.165346
36.3363 11.2988 0.167353
36.3241 11.2782 0.164979
36.382 11.3329 0.166476
36.4023 11.2603 0.167764
36.3588 11.2862 0.165155
36.3348 11.3194 0.167735
36.3534 11.3323 0.168281
36.3519 11.3382 0.164452
36.3558 11.3388 0.164462
36.2861 11.3 0.164495
36.3679 11.2704 0.164692
36.2437 11.2546 0.164314
36.3029 11.2963 0.167523
36.3615 11.2402 0.165657
36.4352 11.2634 0.164832
36.3271 11.2817 0.165542
36.3255 11.2447 0.165073
36.2676 11.3077 0.166968
36.2486 11.3428 0.166992
36.3185 11.2437 0.165883
36.3774 11.2899 0.160699
36.3108 11.2779 0.16563
36.3137 11.2375 0.166233
36.2822 11.3027 0.166406
36.4711 11.2098 0.159621
36.3263 11.3214 0.165238
36.336 11.3179 0.165436
36.3498 11.3145 0.166782
36.3483 11.3113 0.166796
36.3734 11.2668 0.166812
36.3709 11.2666 0.166724
36.3706 11.2656 0.166533
36.3069 11.2297 0.160689
36.3244 11.2977 0.164225
36.3385 11.2689 0.164264
36.2465 11.288 0.166173
36.3741 11.2526 0.16453
36.3229 11.2794 0.165038
36.3806 11.328 0.166193
36.3953 11.2584 0.167617
36.3834 11.3309 0.163742
36.336 11.2122 0.166698
36.341 11.3036 0.167208
36.3491 11.3306 0.168277
36.3262 11.2681 0.163217
36.3559 11.3356 0.164771
36.3713 11.2741 0.164838
36.3514 11.2786 0.166181
36.3413 11.2992 0.164449
36.3018 11.2935 0.167517
34.3267 11.5042 0.184549
