275.017 18.9677 5.36013
275.018 18.9674 5.36023
275.019 18.9448 5.35991
275.059 19.0202 5.36045
275.016 18.9233 5.35953
275.052 19.0414 5.36048
275.059 19.0439 5.36035
275.013 18.9507 5.36095
274.982 18.9395 5.36115
274.984 18.9371 5.36123
275.049 19.0387 5.35525
275.016 18.9541 5.36063
275.017 18.955 5.36058
275.015 18.9541 5.3608
275.056 19.051 5.35965
275.057 19.054 5.35984
274.995 18.9654 5.3603
275.02 19.0349 5.35897
275.019 19.0352 5.35866
275.019 18.9487 5.36039
275.028 18.9618 5.36054
275.029 19.0012 5.36122
275.063 19.0349 5.3568
275.054 19.036 5.35896
275.032 19.0045 5.35856
275.021 19.0209 5.35858
275.004 18.9034 5.35901
275.005 18.9601 5.36186
275.006 18.9601 5.3618
275.015 18.9583 5.35883
275.035 18.9488 5.36025
275.014 19.0268 5.35914
275.021 18.9741 5.36006
275.017 18.9433 5.35983
275.05 19.0206 5.36049
275.022 18.9193 5.35953
275.034 19.0035 5.35619
275.008 18.952 5.36081
274.991 18.8923 5.36048
275.02 18.9532 5.36042
275.029 18.9401 5.35962
275.035 18.94 5.35954
274.995 18.9683 5.36031
275.02 18.9496 5.36024
275.03 18.965 5.36046
275.03 18.9662 5.36047
275.031 19.0084 5.36145
275.059 19.0302 5.35717
275.037 19.0014 5.35878
275.063 19.0495 5.35672
274.991 18.8867 5.35954
275.015 19.0442 5.35743
275.004 18.9564 5.36188
275.025 18.9629 5.36054
275.026 18.9583 5.36032
275.016 18.9723 5.36002
275.024 18.9446 5.35981
275.05 19.0506 5.35836
275.015 18.9196 5.35956
275.02 18.9223 5.35965
275.059 19.0425 5.36041
274.982 18.9339 5.36121
274.999 18.8854 5.36025
275.015 18.9531 5.36062
275.029 18.9365 5.35958
274.997 18.9655 5.36019
275.023 19.0376 5.35894
275.023 18.9454 5.36036
275.033 18.9628 5.36061
274.998 18.9623 5.35984
275.019 18.9877 5.36053
275.061 19.0337 5.35879
275.034 19.0034 5.35849
275.031 19.004 5.35865
275.016 19.0218 5.35847
274.988 18.8849 5.35962
275.017 19.118 5.35732
275.004 18.9072 5.35919
274.989 19.0082 5.35831
275.029 18.9608 5.36032
275.028 18.95 5.36032
275.01 19.0315 5.359
275.018 18.9721 5.3602
275.018 18.9401 5.35995
275.001 18.9023 5.35892
275.012 18.9196 5.3596
274.973 18.997 5.36034
275.013 18.9479 5.36111
274.977 18.9437 5.36098
274.993 18.8917 5.36032
275.018 18.9595 5.3607
275.014 18.9496 5.36072
275.015 18.9536 5.36057
275.026 18.9606 5.35783
275.03 18.9377 5.35955
275.026 18.9342 5.35945
274.997 18.9648 5.36045
274.995 18.9657 5.36024
275.025 18.9496 5.36
275.021 18.9469 5.36027
274.997 18.9659 5.35983
275.036 19.0063 5.36112
275.026 18.9897 5.36045
275.022 19.0749 5.35635
275.013 19.0443 5.35939
275.062 19.0346 5.3587
275.039 19.033 5.36101
275.035 19.0344 5.36076
274.987 18.8848 5.35967
275.004 18.9113 5.35914
275.003 18.9061 5.35909
274.98 19.0557 5.35682
275.017 18.9557 5.359
275.038 18.9624 5.36035
275.036 19.0235 5.36087
275.033 19.0207 5.36064
275.014 19.0319 5.35886
275.021 18.9659 5.35998
275.014 18.968 5.36003
275.028 19.038 5.35975
275.023 18.9413 5.35987
275.028 18.947 5.35617
275.043 19.0491 5.35602
275.035 18.9622 5.35284
275.013 18.9521 5.36093
274.987 18.9415 5.36142
274.991 18.8901 5.36026
275.038 18.9987 5.35535
275.019 18.9539 5.36051
275.013 18.951 5.36067
275.056 19.0554 5.35974
275.016 19.0356 5.35884
275.014 19.041 5.35882
275.021 18.9462 5.36029
275.028 18.9486 5.36015
274.997 18.9608 5.35981
275.061 19.0313 5.35679
275.021 19.0784 5.35646
275.059 19.0368 5.35869
275.034 19.0053 5.3587
274.994 18.8807 5.35958
275.015 19.0423 5.3574
275.01 18.9608 5.36216
275.001 18.9559 5.36184
274.977 19.0573 5.35683
275.029 18.9594 5.36049
275.036 19.0294 5.36074
275.033 18.9557 5.36026
275.022 18.9707 5.36003
275.016 18.9456 5.35968
275.004 18.9058 5.35899
275.056 19.0178 5.36039
275.017 18.9262 5.3596
275.053 19.0488 5.36026
275.053 19.0443 5.36028
274.984 18.9404 5.36126
274.994 18.8972 5.36028
275.034 18.9601 5.35773
275.033 18.9406 5.35967
275.023 18.9624 5.35522
275.028 18.9647 5.36059
274.993 18.9642 5.35994
275.025 18.9916 5.36049
275.059 19.0298 5.35855
275.034 19.006 5.35863
275.068 19.0616 5.35757
274.985 18.8888 5.35968
275.02 19.1155 5.35737
275.007 18.9572 5.36192
275.015 18.9616 5.35872
275.03 18.9596 5.36027
275.038 19.0282 5.36072
275.055 19.0403 5.36014
275.027 19.0399 5.35977
275.02 18.9409 5.35986
275.027 18.9448 5.35995
275.053 19.0222 5.36044
275.018 18.9256 5.35956
275.054 19.0459 5.36033
274.988 18.9414 5.36102
274.993 18.8905 5.36035
274.995 18.8916 5.36042
275.042 18.9975 5.35506
275.021 18.948 5.36075
275.023 18.9565 5.36063
275.04 18.9637 5.35796
275.056 19.0309 5.35379
274.995 18.9668 5.3604
275.022 18.9379 5.36037
275.028 18.9666 5.36048
275.036 19.0059 5.36122
275.026 19.0765 5.35637
275.032 19.0374 5.3609
274.986 18.8797 5.35958
274.987 18.8881 5.35975
275.005 18.9574 5.36181
274.996 19.0852 5.35891
275.017 18.9642 5.35901
275.031 19.0229 5.36077
275.045 19.0429 5.36005
275.048 19.0425 5.35995
275.023 18.9721 5.36007
275.018 18.9453 5.35985
274.999 18.9057 5.35891
275.002 18.9043 5.35905
275.034 18.9445 5.35613
275.018 18.9215 5.35952
275.038 19.0495 5.35759
274.971 19.0031 5.36048
275.066 19.0469 5.36035
275.009 18.9493 5.36085
274.98 18.9451 5.36115
274.992 18.8978 5.36033
274.994 18.8902 5.36032
274.989 18.8876 5.36017
275.016 18.9513 5.36042
275.031 18.9345 5.35962
274.997 18.9645 5.36042
274.995 18.9604 5.36044
275.026 18.9656 5.35513
275.021 18.946 5.36036
275.025 18.9634 5.36057
275.034 19.003 5.36103
275.002 19.0366 5.35956
275.058 19.0316 5.35886
275.035 19.0347 5.36095
275.022 19.0231 5.35859
275.046 18.9988 5.3565
274.984 18.8832 5.35963
274.989 18.8831 5.35954
275.001 18.9011 5.3592
275.011 18.9532 5.36186
275.027 18.9623 5.36032
275.028 18.9598 5.36032
275.03 18.9557 5.3604
275.014 18.9717 5.35984
275.027 19.0378 5.35961
275.018 18.9408 5.35974
275.037 18.943 5.35614
275.017 18.9273 5.35965
274.969 19.0018 5.36026
275.014 18.9442 5.36104
274.983 18.9425 5.36099
274.992 18.8931 5.36023
274.992 18.888 5.36034
275.029 18.9622 5.35792
275.034 18.9384 5.35972
274.996 18.965 5.36029
274.997 18.9618 5.36028
275.029 18.9471 5.36014
275.001 18.9619 5.35996
274.996 18.9677 5.35981
275.027 19.0073 5.3614
275.028 18.9853 5.36051
275.064 19.0289 5.35861
275.032 19.03 5.36088
275.02 19.0238 5.35864
275.023 19.0218 5.35861
275.061 19.0492 5.35686
274.99 18.8811 5.35947
275.007 18.9553 5.36194
275.015 18.9566 5.35889
275.034 19.0277 5.36062
275.026 18.9567 5.36047
275.016 19.0345 5.35911
275.031 19.0371 5.35959
275 18.899 5.35899
275.056 19.0168 5.36042
274.974 19.0075 5.3602
275.013 18.9439 5.36092
275.01 18.9571 5.36096
274.98 18.9381 5.36129
275.036 18.9924 5.35511
275.026 18.9557 5.35775
274.996 18.9667 5.36031
275.001 18.9655 5.36045
275.035 19.0103 5.35712
274.995 18.9664 5.35983
275.027 18.9889 5.3605
275.059 19.0318 5.35887
275.029 19.056 5.35721
275.005 18.904 5.35887
274.988 19.0139 5.35832
275.041 19.0312 5.36077
275.03 18.961 5.36047
275.027 18.9586 5.36013
275.024 18.9711 5.35998
275.018 18.9369 5.35971
275.022 18.9412 5.3597
275.051 19.0445 5.35834
275.038 18.9456 5.35611
275.012 18.9257 5.35952
274.969 19.005 5.36037
275.012 18.9483 5.36095
275.039 19.0895 5.35839
274.997 18.8924 5.36032
274.996 18.8857 5.36035
275.014 18.9534 5.36068
275.027 18.9372 5.35949
275.03 18.9377 5.35944
275.024 18.9583 5.35504
275.028 18.9426 5.36037
275.032 19.0109 5.35694
275.028 18.9668 5.36059
275.025 18.9851 5.36047
275.058 19.0363 5.35891
275.059 19.0313 5.35869
275.066 19.0641 5.35757
275.047 19.0005 5.35656
275.026 19.0477 5.35704
274.99 18.885 5.35941
275.006 18.9016 5.35903
275.014 18.958 5.35882
275.03 18.9559 5.36051
275.036 19.0293 5.36074
275.051 19.0419 5.36016
275.03 19.0365 5.35961
274.997 18.9064 5.35907
275.055 19.0206 5.36064
275.038 19.0393 5.35744
275.054 19.0427 5.36033
274.982 18.9385 5.36124
274.998 18.892 5.36023
274.995 18.8844 5.36027
275.015 18.9537 5.3607
275.052 19.0568 5.35989
274.997 18.9645 5.3605
275.027 18.9605 5.35498
275.028 18.9667 5.36054
275.032 19.0088 5.36134
275.022 18.9927 5.36042
275.027 19.0791 5.35632
275.005 19.0399 5.35955
275.066 19.0343 5.35877
275.024 19.027 5.36078
274.986 18.8826 5.35943
275.009 18.9602 5.36182
275.019 18.9615 5.35871
275.037 18.9642 5.36031
275.025 18.9533 5.36022
275.022 18.9699 5.36013
275.026 18.9795 5.3601
275.056 19.0455 5.35828
274.997 18.9014 5.35887
275.035 18.9356 5.35608
275.04 19.0466 5.35745
275.059 19.043 5.36053
275.014 18.9463 5.36087
275.034 19.0923 5.35865
274.99 18.8899 5.36031
275.009 19.0162 5.3561
275.03 18.9353 5.35968
274.996 18.9682 5.36038
275.027 18.9643 5.35509
275.02 18.9516 5.36007
274.992 18.9637 5.35997
274.996 18.9613 5.35976
275.033 19.003 5.36136
275.028 18.9998 5.36124
275.019 18.9929 5.3605
275.036 19.0075 5.35879
275.033 19.0063 5.35874
275.05 19.043 5.35615
275.063 19.0511 5.35687
274.997 18.9078 5.35905
274.994 19.0852 5.35886
275.041 19.0276 5.3609
275.019 19.0343 5.35898
275.021 18.9761 5.35988
275.03 18.9736 5.36027
275.023 18.9444 5.35975
275.006 18.9022 5.35886
275.033 18.9408 5.3561
275.013 18.9247 5.3596
275.043 19.0388 5.35635
274.976 18.9952 5.3603
275.014 18.9536 5.3608
275.045 19.087 5.35838
274.992 18.8872 5.3604
275.054 19.0313 5.35315
275.005 19.0089 5.3558
275.029 18.937 5.35955
275.033 19.0555 5.35628
275.014 19.0297 5.35868
275.019 18.9452 5.3603
274.998 18.9665 5.35982
275.038 19.0557 5.35436
275.024 19.0772 5.35616
275.043 19.0489 5.35692
275.028 19.031 5.36076
275.043 18.9937 5.35644
275.005 18.9062 5.35901
275.003 18.9067 5.35909
275.006 18.9566 5.36177
274.994 19.0891 5.35895
275.038 19.0323 5.36079
275.026 18.953 5.36042
275.041 19.0409 5.36002
274.95 19.035 5.35744
275.055 19.044 5.35834
275.057 19.0204 5.36037
275.055 19.0209 5.36052
274.973 19.0068 5.36046
275.057 19.045 5.3604
275.008 18.946 5.36088
274.982 18.9449 5.36132
274.989 18.8934 5.3602
274.996 18.892 5.36026
275.028 18.9639 5.35788
275.036 18.9387 5.3595
274.993 18.9677 5.36029
275.02 18.9431 5.36013
275.037 19.0133 5.35691
274.993 18.9715 5.35989
275.029 19.0125 5.36123
275.01 19.0401 5.35954
275.034 19.0093 5.35875
275.035 19.0326 5.36076
275.018 19.0185 5.35872
275.007 18.9019 5.359
275.005 18.9575 5.36201
274.992 19.0104 5.35839
275.029 18.9526 5.36043
275.031 18.9548 5.36005
275.049 19.0394 5.36015
275.023 18.9679 5.36002
275.021 18.9438 5.35983
275.057 19.039 5.35832
274.998 18.8987 5.35885
275.035 18.9462 5.35619
275.054 19.022 5.36052
275.032 19.0018 5.35638
274.967 19.0033 5.36031
275.012 18.9512 5.36113
275.039 19.0385 5.35524
274.994 18.8915 5.36021
275.017 18.9521 5.3606
275.031 18.9603 5.35778
275.033 18.9356 5.35975
274.996 18.9664 5.36023
274.999 18.9651 5.36037
275.022 18.9461 5.36026
274.999 18.9639 5.35985
275.021 18.9873 5.36038
275.061 19.0344 5.35694
275.038 19.0075 5.35865
275.043 18.9933 5.35658
274.987 18.881 5.35951
274.991 18.8854 5.35958
274.997 18.9022 5.35897
275.004 18.9536 5.36175
275.002 18.9564 5.3619
275.034 18.9594 5.36039
275.033 18.9659 5.36055
275.033 18.9596 5.36047
275.028 18.9576 5.36046
275.028 18.9525 5.36053
275.019 19.0696 5.35552
275.024 18.9697 5.36002
274.953 19.0316 5.35759
275.019 18.9421 5.35964
275.001 18.9029 5.35908
274.995 18.9088 5.35884
275.007 18.9007 5.35896
275.013 18.9242 5.35962
274.969 18.9982 5.3604
275.05 19.0656 5.35771
275.004 18.9513 5.36088
275.007 18.9483 5.36089
275.012 18.9558 5.3608
275.009 18.9495 5.36091
274.983 18.9459 5.36111
274.998 18.8871 5.36039
275.016 18.9546 5.36063
275.062 19.0481 5.35397
275.03 19.0515 5.35645
275.029 19.0576 5.35628
275.021 18.9597 5.35521
275.029 18.9645 5.36064
275 18.9637 5.35984
275.024 18.9899 5.3603
275.044 19.04 5.35692
275.03 19.005 5.35885
275.019 19.0238 5.35875
274.992 18.8857 5.3596
275 18.9 5.35909
275.008 18.9582 5.36197
274.988 19.0152 5.35846
274.991 19.0896 5.35893
275.033 18.9606 5.36058
275.028 18.9581 5.36053
275.026 18.9747 5.36017
275.024 18.9411 5.35985
275.037 18.9447 5.3562
275.026 19.0059 5.3561
275.015 18.9459 5.36084
275.027 19.0987 5.35664
275.042 19.0066 5.35525
275.017 18.9493 5.36041
273.161 24.558 5.36298
