31.152 -81.8565 3.86325
31.154 -81.9748 3.86522
31.1398 -81.91 3.85998
31.0909 -82.0238 3.86378
31.0843 -82.0544 3.86553
31.1191 -81.9414 3.86271
31.039 -81.9337 3.86055
31.1117 -81.8981 3.85945
31.0414 -81.7805 3.86149
31.0277 -81.8022 3.8624
31.0672 -81.963 3.86531
31.09 -81.9215 3.86365
30.9659 -81.8657 3.85929
31.1035 -82.0341 3.86237
31.0736 -81.8742 3.8618
31.1962 -81.938 3.8609
31.1908 -81.9259 3.86035
31.0546 -81.9462 3.86215
31.0864 -82.0082 3.86304
31.0694 -81.9247 3.86228
31.1637 -81.9414 3.86263
31.1625 -81.8299 3.86565
31.1631 -81.9235 3.86469
31.1653 -81.9185 3.86213
31.1773 -81.9317 3.86329
30.997 -81.9228 3.86291
31.114 -81.8929 3.86341
31.0494 -81.9353 3.86343
31.0076 -81.8832 3.86183
31.1106 -81.8897 3.8632
31.0518 -81.8416 3.86088
31.0423 -81.8177 3.86034
31.0212 -81.7806 3.86147
30.9933 -81.8345 3.86297
31.0387 -81.815 3.86224
31.144 -81.9689 3.86504
31.0025 -81.9358 3.8619
31.0316 -81.9238 3.86289
31.0508 -81.9476 3.86275
31.1313 -82.023 3.86242
31.0742 -81.9142 3.85937
31.1087 -81.9616 3.8624
31.04 -81.9358 3.86371
31.0628 -81.9515 3.86377
31.0874 -81.9476 3.86204
31.1944 -81.9161 3.86157
31.1573 -81.9821 3.86231
31.1069 -81.9952 3.86562
31.1422 -81.7685 3.8618
31.0676 -81.9914 3.85731
31.0412 -81.9183 3.86094
31.1045 -81.8256 3.8623
31.0834 -81.9764 3.85984
31.1118 -81.9741 3.86421
31.1078 -81.9861 3.86386
31.0695 -81.9157 3.86232
31.0988 -81.9152 3.86368
30.9412 -81.8055 3.86216
31.0168 -81.9755 3.86258
31.1699 -81.9825 3.86325
31.1918 -81.9415 3.86161
31.0078 -82.0191 3.86003
31.1155 -81.8875 3.86241
31.1246 -81.8233 3.86057
31.2186 -81.9627 3.86358
31.0622 -81.9755 3.864
31.0963 -81.9402 3.86428
30.9997 -81.9471 3.86036
31.0563 -81.9223 3.86071
31.0496 -81.9999 3.85952
31.0404 -82.0255 3.86299
31.1478 -82.0327 3.86571
31.0763 -81.9817 3.86394
31.1979 -81.9171 3.86192
31.147 -81.9464 3.86008
31.1363 -81.8493 3.86066
31.0006 -81.9654 3.86208
31.0594 -82.0252 3.8626
31.0468 -81.8827 3.86205
31.1757 -81.8746 3.86223
31.1716 -81.8588 3.86407
31.0912 -81.9463 3.86313
31.0369 -82.0086 3.858
31.1197 -82.0326 3.86297
31.1486 -81.9756 3.8607
31.1366 -82.0074 3.86338
31.1479 -81.8632 3.8644
31.1274 -81.8579 3.86532
31.1619 -81.8767 3.86424
31.0583 -81.8225 3.8614
31.1928 -81.9131 3.86538
31.0419 -81.9029 3.86405
31.0945 -81.9049 3.86423
31.0827 -81.8716 3.86093
31.1379 -81.8314 3.85945
31.1882 -81.9502 3.86206
31.1299 -81.8954 3.86635
31.2248 -81.9739 3.86113
31.0691 -81.9459 3.85759
31.1046 -81.91 3.86495
31.1384 -81.8798 3.86191
30.9845 -81.9039 3.86044
31.307 -81.9732 3.86738
31.1242 -81.8717 3.86024
31.1895 -81.8588 3.86032
31.0966 -81.7922 3.86141
31.1001 -81.8546 3.86002
31.0375 -81.7847 3.85906
31.1776 -81.9869 3.86632
31.0428 -81.9586 3.86008
31.0426 -81.8557 3.8605
31.0462 -81.8572 3.86215
31.0986 -81.9485 3.86358
31.0593 -81.7664 3.86149
31.1263 -81.9161 3.86392
31.0933 -81.9535 3.86352
31.1818 -81.8206 3.86329
31.1292 -81.8548 3.86101
31.0677 -81.9761 3.86366
31.0934 -81.9851 3.86345
31.1203 -81.9259 3.8617
31.1775 -81.9805 3.86688
31.02 -81.8407 3.85989
31.0008 -81.8868 3.86017
31.2494 -81.9836 3.86355
31.1758 -81.9473 3.86261
31.0266 -81.9591 3.86482
31.0528 -81.9108 3.8633
31.1945 -81.9854 3.86416
31.118 -81.8343 3.86359
31.0669 -81.9647 3.86197
31.1683 -81.9904 3.86229
31.1177 -81.9825 3.85879
31.1261 -81.8473 3.86155
31.0803 -81.8113 3.86157
31.0673 -81.7627 3.86257
31.091 -81.9501 3.86441
31.1422 -81.9065 3.86726
31.1691 -81.9832 3.8616
31.011 -81.8546 3.85941
31.0151 -81.9273 3.86201
31.0826 -81.9761 3.86298
31.0722 -82.0004 3.8646
31.068 -81.8712 3.86187
31.1353 -81.9072 3.86004
31.0234 -81.8859 3.8593
31.0647 -81.8519 3.86216
30.9928 -81.9286 3.86225
31.1343 -81.7712 3.863
31.0531 -81.9886 3.86274
31.1284 -81.8978 3.86268
31.0691 -81.9327 3.86349
31.0655 -81.9921 3.86179
31.0741 -81.9087 3.86126
31.0333 -81.9108 3.86053
31.2009 -81.9594 3.86479
31.0391 -82.0344 3.86228
31.0943 -81.992 3.86124
31.1445 -81.8968 3.86244
31.1753 -81.9264 3.86227
31.1356 -81.8875 3.86344
31.1424 -81.9565 3.8623
31.1263 -81.9051 3.86225
31.2071 -81.9591 3.86583
30.9649 -81.9974 3.86325
31.0444 -81.9215 3.86079
31.1361 -81.8402 3.86179
31.1017 -81.8075 3.86106
31.0381 -81.7911 3.86084
31.2006 -81.9728 3.86102
31.2516 -81.9527 3.86491
31.1238 -81.9285 3.86141
31.1384 -82.0031 3.86173
31.0538 -81.9098 3.8602
31.11 -82.015 3.86118
30.9983 -81.9162 3.86288
31.0932 -81.9563 3.86428
31.1462 -81.8846 3.86006
31.1192 -82.1033 3.86401
31.1424 -81.924 3.86961
31.1044 -82.0097 3.86205
31.0078 -81.8754 3.85954
31.0924 -81.7998 3.85813
31.089 -81.9392 3.86149
31.0847 -81.9864 3.86232
31.0691 -81.937 3.8613
31.1144 -82.0062 3.86483
31.0832 -81.8475 3.86132
31.0919 -82.0229 3.85878
31.0988 -81.9762 3.86226
31.0741 -81.9542 3.86215
31.1931 -82.0776 3.86426
31.0603 -81.8955 3.8624
31.1116 -81.9109 3.86339
31.2132 -81.8928 3.86697
31.1951 -81.9931 3.86726
31.0051 -81.8633 3.86261
31.0851 -81.9214 3.85918
31.1835 -81.7848 3.86241
31.1556 -81.9087 3.866
31.1209 -81.9284 3.86562
31.1831 -81.9121 3.86184
31.0137 -81.9125 3.86527
31.15 -81.9697 3.86118
31.1092 -81.9311 3.86587
31.0494 -81.8321 3.8629
31.0959 -81.8745 3.86293
31.2535 -81.9996 3.86636
31.1593 -82.0196 3.8623
31.1454 -82.055 3.86449
31.0211 -81.998 3.86162
31.0465 -81.9495 3.86422
31.0578 -81.9156 3.86334
31.0732 -82.0348 3.86224
31.0196 -81.9053 3.86113
31.0322 -81.9807 3.86246
30.9917 -81.9446 3.8608
31.1333 -81.9859 3.86391
31.0474 -82.0657 3.86233
31.0063 -81.9014 3.86186
31.1254 -81.9821 3.86443
31.1149 -81.8821 3.86462
31.1523 -81.92 3.86522
31.1259 -81.8412 3.8625
31.1142 -81.983 3.8623
31.0475 -81.9714 3.86439
31.0993 -81.9369 3.86184
31.1218 -81.8892 3.85945
31.0884 -81.9865 3.86385
31.0357 -81.9363 3.86013
31.0132 -81.9358 3.86818
31.1007 -81.9112 3.8595
31.097 -81.9098 3.85944
31.1662 -81.9694 3.8667
31.0951 -81.9109 3.86747
30.9952 -81.8358 3.8601
31.1444 -81.8978 3.86214
31.1251 -81.9182 3.86233
31.0544 -81.9453 3.85953
31.0335 -81.9823 3.86305
31.0896 -81.926 3.86505
31.0257 -81.9963 3.86104
31.1152 -81.9712 3.86056
31.2164 -81.889 3.86622
31.054 -81.9105 3.86486
31.0969 -81.9825 3.86245
31.0878 -81.8973 3.86374
31.0239 -81.8443 3.86298
31.1659 -81.9691 3.86445
31.0182 -81.9116 3.86187
30.9871 -81.8935 3.8622
31.0536 -81.8954 3.86128
31.1857 -82.0339 3.8614
31.1443 -81.9536 3.86164
31.2196 -81.9407 3.86293
31.0256 -81.9265 3.86098
31.0683 -82.0398 3.86124
31.1873 -81.9836 3.86756
31.0998 -81.9875 3.86142
31.175 -81.9724 3.86239
31.1066 -81.997 3.86081
31.1006 -81.7891 3.8622
30.9957 -81.9112 3.85944
31.1356 -81.8538 3.86127
31.1932 -81.9866 3.86398
31.1014 -82.0154 3.86228
31.0176 -81.8214 3.86105
31.0397 -81.9017 3.85979
31.0978 -81.9647 3.86364
31.1588 -81.8742 3.86223
31.1627 -81.8542 3.86209
31.1929 -81.814 3.86096
31.1769 -81.8392 3.86194
31.2106 -81.9532 3.86476
31.0198 -81.9919 3.86553
31.1529 -82.0017 3.86311
31.14 -81.965 3.86456
31.135 -81.837 3.86557
31.0716 -82.0051 3.86068
31.0998 -81.9796 3.86204
31.0244 -81.9128 3.8643
31.1086 -81.9997 3.86362
31.1519 -81.9176 3.86257
31.1465 -81.9847 3.86202
31.127 -81.8742 3.86321
31.0735 -81.9776 3.86257
31.1212 -82.0515 3.86438
31.0416 -81.9786 3.86205
31.1443 -81.9145 3.8632
31.1794 -81.818 3.86411
31.108 -81.8721 3.86234
31.1249 -81.9353 3.86347
31.1214 -81.9744 3.86126
31.1729 -81.9265 3.86364
31.0465 -81.9865 3.86088
31.2248 -81.9302 3.86394
31.108 -81.9541 3.86262
31.1761 -81.9359 3.86413
31.1972 -81.905 3.8646
31.0622 -81.8363 3.86136
31.0158 -81.8451 3.86279
31.1113 -81.9334 3.86294
31.0664 -81.864 3.86149
31.1953 -81.9376 3.86518
31.1035 -81.9839 3.8642
31.0847 -81.9953 3.86424
31.1475 -81.9297 3.86208
31.2021 -81.9856 3.86208
31.0733 -81.9665 3.86558
31.2593 -81.9342 3.86374
31.1557 -81.9269 3.8605
31.1689 -81.8866 3.86568
31.1387 -81.9544 3.86288
31.1813 -81.9469 3.86558
31.1664 -81.8034 3.86083
31.0858 -81.9205 3.86513
30.9693 -81.8647 3.85896
31.0719 -81.9735 3.85943
31.0776 -81.8467 3.8614
31.0332 -81.9191 3.86317
30.987 -81.9013 3.85988
31.1125 -81.83 3.86044
31.0769 -81.9046 3.86392
31.041 -81.9346 3.86246
31.1223 -81.9326 3.86346
31.0777 -81.9859 3.86417
31.1368 -81.9024 3.86145
31.0488 -81.8533 3.86233
31.1394 -81.9333 3.86361
31.1955 -81.9416 3.86317
31.1656 -81.9897 3.86271
31.2418 -81.9533 3.86782
31.1142 -82.0699 3.86308
31.0781 -82.0092 3.86415
31.1391 -81.8683 3.86316
31.2126 -81.9218 3.86452
31.0412 -81.9077 3.86537
31.2266 -81.98 3.86154
31.2261 -81.9137 3.86368
31.0091 -81.9265 3.8621
31.15 -81.7944 3.86143
31.0899 -81.869 3.86256
31.157 -81.9186 3.86115
31.1595 -81.9302 3.86289
31.0526 -81.8262 3.8614
31.075 -81.96 3.86279
31.1109 -81.9158 3.86042
31.1039 -81.8386 3.85869
31.045 -81.917 3.86081
31.0579 -81.898 3.86092
31.1186 -81.8612 3.86161
31.0749 -81.9473 3.86482
30.9952 -82.0141 3.86265
31.0364 -81.9177 3.86228
31.1258 -82.008 3.86268
31.1416 -81.9592 3.86109
31.1033 -81.9758 3.86414
31.1722 -81.9578 3.86562
30.9912 -81.9293 3.86537
30.9806 -81.9789 3.86435
31.0986 -82.0231 3.8585
31.1423 -81.9316 3.86174
31.1531 -81.9643 3.86359
31.2045 -81.8843 3.8635
31.1125 -81.8835 3.86512
31.0877 -82.0472 3.865
31.0977 -81.826 3.86163
31.0813 -81.8491 3.86088
31.0259 -82.0468 3.86548
31.024 -81.9653 3.86146
31.0655 -81.918 3.86252
31.1299 -81.829 3.86233
31.086 -81.8936 3.86159
31.0911 -81.9137 3.86254
31.1085 -81.9166 3.86293
31.181 -81.9743 3.86616
31.1189 -81.9709 3.86027
31.114 -81.9231 3.85954
31.1083 -81.9883 3.86371
31.0087 -81.9361 3.86278
31.0178 -82.0391 3.86186
31.0757 -82.0208 3.8619
31.1043 -81.9309 3.86393
31.0233 -81.9679 3.86189
31.1459 -81.9379 3.86209
31.1058 -81.9151 3.86442
31.1954 -81.9476 3.86211
31.0484 -81.9153 3.86366
31.2965 -81.8375 3.86809
31.0519 -81.8539 3.86146
31.1072 -81.926 3.86177
31.0807 -81.8428 3.86171
31.0914 -82.0002 3.86218
31.1161 -81.911 3.86068
31.165 -81.9705 3.86413
31.1393 -81.8967 3.86254
31.1293 -81.9568 3.86223
31.1308 -81.8979 3.86357
31.0465 -81.8268 3.86225
31.2281 -82.0039 3.86216
31.0479 -81.9159 3.86006
30.9535 -81.8663 3.85838
31.1086 -81.9363 3.86435
31.1967 -81.9392 3.86636
31.0913 -81.935 3.86357
31.1623 -81.8773 3.86359
31.2145 -81.9665 3.86417
31.0207 -81.9652 3.86513
31.1989 -81.8666 3.86224
31.0743 -81.9836 3.86139
31.1205 -82.0292 3.86482
31.1542 -81.9822 3.86308
31.0536 -81.9159 3.86397
31.0505 -81.9778 3.86232
31.0726 -81.9522 3.85906
30.9863 -81.8924 3.85929
31.0038 -81.9566 3.86224
31.0625 -82.0013 3.86146
31.0221 -81.9033 3.86158
31.2422 -81.9065 3.86684
31.0366 -81.8892 3.86156
31.0532 -81.9592 3.86249
31.151 -81.9368 3.86403
31.09 -81.9782 3.86469
31.1613 -81.9787 3.86421
31.0244 -81.933 3.86249
31.2081 -81.9365 3.86412
30.994 -81.9455 3.86272
31.1467 -81.8589 3.86562
31.1041 -81.8043 3.86319
31.1356 -82.0302 3.86507
31.1585 -82.0188 3.86496
31.0846 -81.9163 3.86537
31.1662 -81.899 3.86045
31.0437 -81.9712 3.86062
31.0636 -81.9192 3.86094
31.0545 -81.8746 3.85998
31.0441 -81.9509 3.86562
31.0891 -81.92 3.86439
31.0961 -81.8746 3.85785
31.0079 -81.919 3.86415
31.1412 -81.9879 3.86532
31.1216 -81.8878 3.86651
30.9515 -81.8808 3.85832
31.1454 -81.899 3.86106
31.0854 -81.9764 3.86187
31.0636 -81.9624 3.86558
31.0513 -81.9911 3.8674
31.0381 -81.9846 3.86729
31.0741 -81.9522 3.8639
31.0831 -82.0213 3.86417
30.993 -81.962 3.86335
31.1672 -81.874 3.86334
31.0941 -81.9956 3.86384
31.1834 -81.969 3.86593
31.2061 -81.9788 3.86262
31.2198 -81.9215 3.86075
31.0907 -81.8907 3.86384
31.0063 -81.8535 3.86091
30.9892 -81.8512 3.85997
31.0657 -81.7991 3.86201
31.2002 -82.0032 3.86602
31.0472 -81.9701 3.86355
31.0459 -81.9354 3.86156
31.0537 -81.8748 3.86022
30.9556 -81.9554 3.86064
31.1565 -82.0023 3.863
31.0747 -82.0425 3.8665
31.0075 -81.9335 3.86094
31.0831 -81.9162 3.86133
31.0943 -81.9653 3.86225
31.1637 -81.9304 3.86147
31.1633 -81.9287 3.86496
31.1098 -81.8669 3.86064
31.1998 -81.8586 3.86009
31.1726 -81.8237 3.86038
31.0193 -81.9394 3.86156
31.1696 -81.8015 3.86213
31.1144 -81.9781 3.86484
31.1292 -81.8281 3.862
31.1501 -81.8792 3.86196
31.1948 -82.012 3.8635
31.0364 -81.9413 3.86184
31.043 -81.91 3.86118
31.15 -81.7883 3.86372
31.2239 -81.9922 3.86237
31.1267 -82.0241 3.86402
31.2058 -81.9542 3.86298
31.1311 -81.9753 3.86352
31.1651 -81.9441 3.86459
31.1068 -81.9823 3.8623
31.0335 -81.902 3.8592
31.0767 -82.0198 3.86139
31.1998 -81.9712 3.86444
31.0937 -81.8999 3.86169
31.0921 -81.9083 3.86271
31.0506 -81.9494 3.86292
31.113 -81.8574 3.86253
31.1489 -81.8451 3.86223
32.6592 -81.3995 3.86401
