259.078 -17.8572 3.44705
259.248 -17.9438 3.44914
259.233 -17.8564 3.4497
259.21 -17.8125 3.44949
259.212 -17.8857 3.44987
259.173 -17.8569 3.45079
259.102 -17.8676 3.44707
259.111 -17.8175 3.44625
259.083 -17.8053 3.44355
259.129 -17.7347 3.44748
259.066 -17.8708 3.44863
259.18 -17.9659 3.4478
259.117 -17.8517 3.44559
259.183 -17.7694 3.44977
259.237 -17.8777 3.4496
259.087 -17.8351 3.44644
259.143 -17.7614 3.44732
259.207 -17.8417 3.44655
259.266 -17.8141 3.45173
259.243 -17.6491 3.44746
259.165 -17.7975 3.44632
259.155 -17.8373 3.44814
259.121 -17.8561 3.44871
259.104 -17.7729 3.44896
259.11 -17.9795 3.44729
259.034 -17.8341 3.44477
259.147 -17.7554 3.4464
259.028 -17.9453 3.44916
259.14 -17.6835 3.44379
259.125 -17.8748 3.44407
259.183 -17.8844 3.44612
259.208 -17.8669 3.4469
259.366 -17.8863 3.44802
259.131 -17.814 3.44974
259.11 -17.8745 3.4462
259.237 -17.8346 3.44649
259.177 -17.8428 3.44836
259.256 -17.8845 3.4486
259.117 -17.9299 3.4465
259.038 -17.904 3.44739
259.105 -17.7211 3.44615
259.093 -17.7803 3.44568
259.058 -17.7716 3.44723
259.221 -17.8313 3.44543
259.178 -17.7963 3.44695
259.279 -17.8731 3.44843
259.168 -17.8798 3.44848
259.16 -17.9212 3.44718
259.185 -17.7389 3.44762
259.088 -17.7803 3.44512
259.097 -17.9427 3.44617
259.242 -17.8573 3.44798
259.09 -17.7643 3.44592
259.153 -17.7003 3.4434
259.073 -17.89 3.4469
259.074 -17.8766 3.44728
259.057 -17.9459 3.44524
259.203 -17.8505 3.45415
259.211 -17.923 3.4504
259.281 -17.8305 3.44707
259.121 -17.8448 3.44704
259.183 -17.7979 3.44717
259.149 -17.8031 3.44425
259.055 -17.9254 3.44956
259.091 -17.8272 3.44755
259.134 -17.811 3.44616
259.104 -17.7208 3.44856
259.147 -17.7242 3.44709
259.2 -17.9148 3.44854
259.122 -17.8304 3.4492
259.198 -17.845 3.45094
259.229 -17.8552 3.44877
259.197 -17.8929 3.44857
259.141 -17.8606 3.44521
259.208 -17.8101 3.44643
259.192 -17.8285 3.44678
259.181 -17.8019 3.44719
259.281 -17.7167 3.44789
259.175 -17.9363 3.45023
259.232 -17.8252 3.44872
259.044 -17.9163 3.44798
259.258 -17.862 3.44995
259.216 -17.7987 3.44938
259.177 -17.7897 3.44993
259.121 -17.8677 3.44884
259.317 -17.8337 3.45112
259.201 -17.9299 3.4496
259.145 -17.8518 3.44552
259.15 -17.8186 3.44785
259.08 -17.7966 3.44554
259.113 -17.837 3.44787
259.247 -17.8635 3.4524
259.159 -17.8212 3.45004
259.139 -17.8365 3.44713
259.388 -17.7288 3.45135
259.316 -17.9265 3.44855
259.235 -17.9562 3.44891
259.206 -17.9275 3.44772
259.233 -17.891 3.4485
259.257 -17.9184 3.45217
259.28 -17.8587 3.45039
259.049 -17.9049 3.44304
259.276 -17.8471 3.45014
259.154 -17.8366 3.44928
259.135 -17.8067 3.44499
259.114 -17.8594 3.44685
259.148 -17.8712 3.44568
259.109 -17.8024 3.44562
259.251 -17.8661 3.44725
259.313 -17.8539 3.44966
259.178 -18.0047 3.44307
259.176 -17.8489 3.44431
259.324 -17.7841 3.44954
259.095 -17.8882 3.44579
259.095 -17.8973 3.44737
259.163 -17.8321 3.44672
259.131 -17.7597 3.44584
259.134 -17.8353 3.44923
259.191 -17.8497 3.45105
259.124 -17.8185 3.44471
259.119 -17.7148 3.44525
259.043 -17.8188 3.44652
259.12 -17.8165 3.44831
259.197 -17.8856 3.44605
259.263 -17.9077 3.44455
259.096 -17.8581 3.44974
259.089 -17.9179 3.44426
259.347 -17.8407 3.45008
259.222 -17.847 3.44962
259.094 -17.832 3.44826
259.118 -17.7913 3.44797
259.264 -17.8058 3.44519
259.241 -17.9199 3.44852
259.17 -17.8653 3.44658
259.192 -17.8391 3.44619
259.28 -17.8512 3.44809
259.158 -17.8715 3.44836
259.17 -17.8544 3.44542
259.259 -17.885 3.45079
259.178 -17.8569 3.45106
259.023 -17.8533 3.44728
259.027 -17.8638 3.44792
259.103 -17.8588 3.4449
259.059 -17.7726 3.44467
259.154 -17.7903 3.44551
259.154 -17.771 3.44896
259.058 -17.7651 3.44678
259.122 -17.8306 3.44679
259.291 -17.8482 3.44884
259.219 -17.9012 3.44904
259.205 -17.8949 3.44707
259.33 -17.9389 3.45007
259.243 -17.8772 3.45131
259.189 -17.8536 3.44774
259.095 -17.8271 3.44669
259.193 -17.7841 3.44767
259.157 -17.7951 3.44655
259.136 -17.878 3.4452
259.073 -17.8043 3.44701
259.195 -17.8174 3.44956
259.131 -17.8162 3.44332
259.118 -17.9307 3.44891
259.139 -17.9376 3.44768
259.139 -17.7863 3.4482
259.16 -17.9099 3.44772
259.259 -17.9211 3.45194
259.264 -17.951 3.44808
259.201 -17.8839 3.4458
259.267 -17.9143 3.45435
259.119 -17.8519 3.44552
259.108 -17.9092 3.44367
259.209 -17.739 3.44491
259.11 -17.7308 3.44559
259.095 -17.7515 3.44797
259.18 -17.9314 3.44609
259.217 -17.8412 3.44764
259.145 -17.8596 3.45041
259.138 -17.8593 3.44864
259.261 -18.0263 3.44908
259.152 -17.8223 3.44608
259.286 -17.8772 3.44746
259.164 -17.7879 3.44852
259.224 -17.755 3.44439
259.175 -17.6976 3.45011
259.203 -17.9016 3.44728
259.241 -17.7753 3.45116
259.206 -17.8106 3.45147
259.239 -17.917 3.4482
259.294 -17.9369 3.44832
259.267 -17.9351 3.45039
259.122 -17.8374 3.44773
259.206 -17.8041 3.44617
259.157 -17.8036 3.44883
259.174 -17.8252 3.44652
259.19 -17.9439 3.44977
259.202 -17.8595 3.44226
259.079 -17.9292 3.4477
259.057 -17.8171 3.44712
259.271 -17.8726 3.44887
259.099 -17.8798 3.45072
259.119 -17.9689 3.44719
259.164 -17.8265 3.44689
259.169 -17.8438 3.4486
259.185 -17.8539 3.44409
259.173 -17.8088 3.45275
259.189 -17.7923 3.45467
259.208 -17.861 3.44605
259.224 -17.8095 3.44647
259.079 -17.8733 3.44749
258.993 -17.8296 3.44589
259.267 -17.9082 3.45127
259.12 -17.731 3.44761
259.115 -17.9478 3.44958
259.158 -17.9557 3.45232
259.205 -17.8488 3.45013
259.182 -17.8284 3.44839
259.211 -17.855 3.44868
259.294 -17.9376 3.44821
259.333 -17.7282 3.44875
259.176 -17.9256 3.44855
259.239 -17.7758 3.44773
259.2 -17.9319 3.44945
259.275 -17.7798 3.44877
259.161 -17.8462 3.44941
259.132 -17.8574 3.44949
259.109 -17.8966 3.44975
259.256 -17.8885 3.45163
259.203 -17.946 3.45079
259.197 -17.9713 3.44594
259.162 -17.8061 3.4489
259.221 -17.8636 3.45013
259.151 -17.8459 3.44853
259.254 -17.8994 3.45003
259.171 -17.873 3.44663
259.309 -17.8033 3.44525
259.226 -17.9995 3.45297
259.215 -17.7601 3.45053
259.186 -17.9023 3.44691
259.279 -17.8565 3.4475
259.195 -17.9047 3.44832
259.291 -17.9268 3.45072
259.358 -17.8582 3.4541
259.277 -17.8452 3.45221
259.173 -17.8935 3.44872
259.191 -17.8066 3.44681
259.178 -17.7579 3.44344
259.047 -17.9867 3.44778
259.144 -17.8665 3.44507
259.162 -17.8837 3.44496
259.138 -17.7864 3.44766
259.252 -17.8072 3.44901
259.201 -17.878 3.44773
259.186 -17.8606 3.44672
259.076 -17.8676 3.44825
259.241 -17.9539 3.44949
259.197 -17.8297 3.44912
259.143 -17.8051 3.4483
259.138 -17.8933 3.44845
259.247 -17.8548 3.44423
259.18 -17.894 3.446
259.167 -17.7622 3.44762
259.053 -17.8255 3.44678
259.168 -17.8447 3.44653
259.107 -17.802 3.44763
259.219 -17.8716 3.44591
259.239 -17.8349 3.45025
259.162 -17.752 3.44601
259.222 -17.8466 3.44974
259.248 -17.8516 3.44753
259.178 -17.9087 3.44927
259.151 -17.7755 3.44688
259.093 -17.8587 3.44418
259.251 -17.7686 3.44759
259.136 -17.8035 3.44612
259.186 -17.8719 3.44991
259.235 -17.8948 3.44878
259.142 -17.8949 3.44404
259.172 -17.7711 3.44722
259.142 -17.8277 3.44596
259.112 -17.9616 3.44857
259.147 -17.994 3.44871
259.293 -17.8463 3.45029
259.186 -17.8504 3.45215
259.05 -17.8581 3.44707
259.135 -17.7713 3.44555
259.278 -17.9292 3.44863
259.327 -17.8768 3.44822
259.12 -17.7739 3.44659
259.087 -17.8905 3.44866
259.302 -17.8362 3.4449
259.236 -17.865 3.4516
259.217 -17.8884 3.44909
259.228 -17.8776 3.45176
259.069 -17.8846 3.44483
259.154 -17.7964 3.44642
259.178 -17.9054 3.44471
259.191 -17.8403 3.44713
259.06 -17.8651 3.44665
259.165 -17.7273 3.44647
259.239 -17.6893 3.44931
259.155 -17.8081 3.44521
259.148 -17.8201 3.44763
259.291 -17.8491 3.44925
259.369 -17.7752 3.44979
259.093 -17.8395 3.44573
259.178 -17.7765 3.44691
259.15 -17.8335 3.44579
259.115 -17.8851 3.44858
259.32 -17.9952 3.45041
259.105 -17.7226 3.44632
259.123 -17.7608 3.4453
259.071 -17.9067 3.44881
259.214 -17.8714 3.44847
259.254 -17.8203 3.44982
259.136 -17.9371 3.45004
259.129 -17.7964 3.44832
259.133 -17.8998 3.44949
259.195 -17.8062 3.45342
259.303 -17.8662 3.44805
259.116 -17.7984 3.44809
259.212 -17.7626 3.4452
259.173 -17.7952 3.44681
259.185 -17.8338 3.4473
259.129 -17.7574 3.44795
259.164 -17.8125 3.44679
259.134 -17.708 3.44723
259.196 -17.8098 3.44827
259.22 -17.9103 3.44731
259.03 -17.8394 3.44444
259.185 -17.7515 3.44638
259.215 -17.7772 3.44534
259.118 -17.7994 3.44734
259.114 -17.8504 3.44773
259.276 -17.8457 3.45136
259.159 -17.9343 3.44913
259.075 -17.7527 3.44578
259.257 -17.8277 3.44913
259.124 -17.7729 3.4457
259.127 -17.7496 3.44628
259.221 -17.9177 3.4464
259.158 -17.8741 3.44869
259.156 -17.9338 3.44792
259.182 -17.8168 3.44701
259.168 -17.847 3.44609
259.233 -17.8454 3.44973
259.072 -17.8461 3.44759
259.194 -17.9694 3.45049
259.216 -17.9305 3.44961
259.226 -17.9275 3.44882
259.139 -17.7444 3.44687
259.272 -17.83 3.44893
259.144 -17.7734 3.44745
259.162 -17.967 3.44649
259.164 -17.9529 3.45357
259.117 -17.7893 3.44903
259.08 -17.888 3.44801
259.351 -17.9541 3.44995
259.239 -17.8532 3.44623
259.163 -17.8342 3.44631
259.12 -17.889 3.44678
259.154 -17.8902 3.45182
259.42 -17.9101 3.45312
259.143 -17.8637 3.44929
259.111 -17.9063 3.44917
259.154 -17.8134 3.44976
259.143 -17.803 3.44424
259.196 -17.9367 3.45102
259.175 -17.8546 3.44776
259.157 -17.8312 3.44617
259.201 -17.8731 3.44875
259.196 -17.8249 3.44637
259.091 -17.7814 3.44892
259.118 -17.8262 3.45015
259.204 -17.9216 3.44608
259.437 -17.8234 3.45511
259.2 -17.8469 3.4477
259.224 -17.7975 3.45159
259.228 -17.8497 3.44639
259.205 -17.9231 3.44706
259.174 -17.9014 3.44789
259.115 -17.8419 3.44759
259.21 -17.8767 3.44898
259.12 -17.9214 3.44848
259.233 -17.8556 3.44873
259.213 -17.8454 3.45168
259.304 -17.8048 3.44917
259.214 -17.8942 3.45119
259.165 -17.8031 3.44725
259.147 -17.8008 3.44496
259.155 -17.7795 3.44438
258.996 -17.9338 3.44709
259.101 -17.9296 3.4404
259.246 -17.8705 3.45003
259.155 -17.8156 3.44735
259.25 -17.7906 3.4471
259.197 -17.8807 3.45032
259.169 -17.8121 3.44849
259.347 -17.869 3.44908
259.173 -17.8682 3.44617
259.321 -17.942 3.45057
259.183 -17.9074 3.44745
259.112 -17.7389 3.44466
259.071 -17.8056 3.44645
259.168 -17.8541 3.44785
259.167 -17.9342 3.44898
259.191 -17.9382 3.44695
259.077 -17.8556 3.44284
259.28 -17.9462 3.44554
259.261 -17.9562 3.44784
259.264 -17.8462 3.44847
259.267 -17.887 3.44857
259.195 -17.8681 3.45115
259.149 -17.8013 3.44575
259.139 -17.7693 3.4449
259.185 -17.8787 3.44708
259.166 -17.8386 3.44808
259.077 -17.8146 3.44642
259.151 -17.8712 3.44619
259.358 -17.7744 3.44915
259.171 -17.8833 3.44724
259.277 -17.9008 3.44937
259.007 -17.8559 3.4468
259.124 -17.8054 3.44565
259.128 -17.7246 3.44917
259.135 -17.7877 3.44775
259.096 -17.8068 3.44731
259.085 -17.783 3.44499
259.15 -17.8442 3.4483
259.133 -17.9263 3.44531
259.323 -17.8442 3.44988
259.213 -17.8715 3.44793
259.159 -17.8717 3.44831
259.237 -17.901 3.45036
259.162 -17.8214 3.44302
259.187 -17.8427 3.44592
259.289 -17.8274 3.44703
259.099 -17.8607 3.44714
259.175 -17.8608 3.44747
259.21 -17.8224 3.44989
259.094 -17.7853 3.44646
259.113 -17.7942 3.44415
259.121 -17.8632 3.44655
259.049 -17.8823 3.44482
259.288 -17.9922 3.45216
259.239 -17.8888 3.44991
259.197 -17.8481 3.44689
259.191 -17.7773 3.44499
259.11 -17.9643 3.44766
259.152 -17.9364 3.44726
259.088 -17.7771 3.44483
259.176 -17.8731 3.44982
259.241 -17.8674 3.44878
259.171 -17.9327 3.44759
259.108 -17.9182 3.4488
259.142 -17.8371 3.44764
259.073 -17.8576 3.44589
259.068 -17.8586 3.44667
259.275 -17.8793 3.44854
259.23 -17.9189 3.4493
259.221 -17.8263 3.44771
259.055 -17.8577 3.44735
259.075 -17.7347 3.44641
259.178 -17.8647 3.4473
259.299 -17.8588 3.44825
259.23 -17.8355 3.44773
259.161 -17.9003 3.44857
259.199 -17.7605 3.44808
259.095 -17.8399 3.44775
259.135 -17.9513 3.44684
259.297 -17.8717 3.45043
259.157 -17.9393 3.44693
259.112 -17.947 3.44814
259.138 -17.8142 3.44567
259.223 -17.876 3.44674
259.123 -17.9612 3.4473
259.127 -17.8244 3.44669
259.08 -17.9372 3.44495
259.17 -17.8495 3.45305
259.106 -17.8146 3.44668
259.179 -17.8543 3.44432
259.103 -17.886 3.44725
259.138 -17.9472 3.44976
259.074 -17.8285 3.44711
259.254 -17.9179 3.44895
259.246 -17.932 3.44571
259.108 -17.7162 3.45007
259.175 -17.8432 3.44495
259.11 -17.8712 3.44746
259.293 -17.9574 3.45212
259.241 -17.8436 3.44849
259.228 -17.9368 3.45303
259.091 -17.8931 3.4448
259.129 -17.9876 3.44622
259.189 -17.8868 3.44678
259.175 -17.897 3.44642
259.105 -17.9163 3.44852
259.123 -17.9554 3.45179
259.197 -17.8997 3.45067
259.163 -17.7859 3.44994
259.111 -20.6876 3.44116
