-15.1067 -2.53181 0.558216
-15.0603 -2.57251 0.560165
-15.0419 -2.5643 0.55846
-15.0571 -2.43766 0.561666
-15.1928 -2.60758 0.559965
-15.1567 -2.54707 0.559294
-15.0296 -2.6096 0.560061
-15.1244 -2.48826 0.559051
-15.1291 -2.52615 0.561549
-15.1006 -2.47498 0.558167
-15.1165 -2.51563 0.557865
-15.0805 -2.60649 0.558137
-15.1147 -2.51905 0.555653
-15.0943 -2.52787 0.555225
-15.0272 -2.50275 0.558955
-14.9695 -2.55662 0.557199
-15.1351 -2.55885 0.559021
-15.0507 -2.50024 0.556717
-15.0209 -2.65778 0.563352
-15.0905 -2.47031 0.557957
-15.0815 -2.57549 0.557636
-15.1072 -2.61984 0.558815
-15.1214 -2.56655 0.554877
-15.1285 -2.51269 0.557256
-15.0724 -2.5001 0.556635
-15.0873 -2.49 0.558209
-15.0804 -2.40195 0.561148
-15.0693 -2.53762 0.556837
-15.1247 -2.57926 0.558698
-15.0829 -2.56265 0.560489
-15.144 -2.56149 0.553558
-15.0777 -2.54161 0.55364
-15.0767 -2.45997 0.557709
-15.0576 -2.54591 0.560671
-15.0835 -2.52192 0.560226
-14.9432 -2.5341 0.55812
-15.1575 -2.61734 0.559477
-15.1939 -2.57909 0.553944
-15.2612 -2.5365 0.556368
-15.1006 -2.40669 0.5539
-15.1042 -2.45381 0.558952
-15.0527 -2.45883 0.555391
-15.0354 -2.44389 0.558093
-15.1638 -2.49302 0.56065
-15.0693 -2.49345 0.559977
-15.1059 -2.52926 0.556161
-15.1006 -2.48784 0.555966
-15.1548 -2.57832 0.558026
-14.961 -2.56081 0.558507
-15.0554 -2.65248 0.555954
-15.0617 -2.56678 0.554381
-15.0453 -2.57649 0.55815
-15.0743 -2.58129 0.562255
-15.2662 -2.56153 0.558198
-15.069 -2.48031 0.555483
-15.0482 -2.47665 0.558213
-14.9634 -2.51525 0.557467
-15.0862 -2.40833 0.557954
-15.1799 -2.54284 0.559411
-15.1744 -2.54379 0.55633
-15.1872 -2.58582 0.559599
-15.0718 -2.55766 0.558254
-15.1798 -2.51286 0.559223
-15.1459 -2.60621 0.553942
-15.1526 -2.60064 0.552627
-15.0772 -2.51584 0.556846
-15.0753 -2.50375 0.556943
-15.0852 -2.48899 0.556481
-14.9781 -2.45698 0.559744
-15.0502 -2.43952 0.559498
-15.1226 -2.4673 0.557025
-15.0659 -2.43072 0.559441
-15.1261 -2.57524 0.559732
-15.1853 -2.49558 0.558024
-15.0837 -2.64044 0.558866
-15.0651 -2.59434 0.560948
-15.0594 -2.50743 0.5587
-15.0136 -2.47393 0.557312
-15.0169 -2.44853 0.559014
-15.1417 -2.49109 0.555631
-15.1028 -2.54699 0.55956
-15.1473 -2.52322 0.561806
-15.1026 -2.57099 0.559435
-15.1064 -2.51042 0.557804
-15.0518 -2.58689 0.554928
-15.0606 -2.52043 0.557195
-15.053 -2.56137 0.557745
-15.0974 -2.52767 0.557541
-15.074 -2.49339 0.556845
-15.0146 -2.52682 0.555525
-15.0354 -2.57271 0.554439
-15.1421 -2.53767 0.559261
-15.079 -2.51616 0.554299
-15.1617 -2.63087 0.558248
-15.1019 -2.4996 0.55968
-15.1142 -2.54352 0.55836
-15.0692 -2.55701 0.557798
-15.1903 -2.55774 0.556406
-15.155 -2.54926 0.557151
-15.1148 -2.48412 0.558897
-15.1398 -2.57949 0.559588
-14.9892 -2.58117 0.556405
-15.0274 -2.48726 0.559017
-15.1517 -2.447 0.556227
-15.0007 -2.40826 0.559652
-15.1459 -2.50552 0.556722
-15.1776 -2.59136 0.559861
-15.1807 -2.52108 0.55599
-15.1649 -2.53041 0.5562
-15.095 -2.54491 0.558077
-15.0801 -2.51647 0.555936
-15.1164 -2.47023 0.557692
-15.0788 -2.4711 0.557897
-15.0591 -2.48394 0.559854
-15.0216 -2.5886 0.560201
-15.1875 -2.60518 0.564452
-15.1623 -2.44608 0.555757
-15.0321 -2.51795 0.557433
-15.1381 -2.4227 0.555315
-15.101 -2.41514 0.555658
-15.0938 -2.47904 0.555911
-15.1153 -2.61106 0.553099
-15.0662 -2.5967 0.55985
-15.1192 -2.59822 0.561734
-15.0215 -2.46244 0.556809
-15.1393 -2.62681 0.558053
-15.1504 -2.59891 0.559665
-15.0696 -2.56223 0.559827
-15.0534 -2.48523 0.55873
-15.0379 -2.44407 0.557354
-15.0513 -2.39077 0.559261
-15.0625 -2.45839 0.559111
-15.1065 -2.56557 0.562075
-15.097 -2.65349 0.563459
-15.0223 -2.59599 0.55724
-15.0683 -2.54504 0.557173
-15.0328 -2.56547 0.558783
-15.1299 -2.54782 0.55802
-15.0637 -2.55992 0.558033
-15.1367 -2.55921 0.558047
-15.0339 -2.54947 0.559289
-15.17 -2.65387 0.557278
-15.1581 -2.44971 0.562159
-15.075 -2.59703 0.551559
-15.1265 -2.581 0.559968
-15.1231 -2.65174 0.557946
-15.0542 -2.48028 0.559697
-15.0574 -2.50192 0.557899
-15.1674 -2.46726 0.55953
-15.1187 -2.52272 0.560363
-15.1456 -2.48366 0.555733
-15.0216 -2.49069 0.558949
-15.1469 -2.64361 0.559532
-15.2039 -2.45574 0.555193
-15.2345 -2.49673 0.557748
-15.2196 -2.455 0.555586
-15.0645 -2.61359 0.554414
-14.9852 -2.60513 0.558556
-15.0377 -2.5276 0.55962
-15.1963 -2.43432 0.55895
-14.9713 -2.48918 0.559391
-15.0499 -2.52655 0.559788
-15.2442 -2.55836 0.556622
-15.1179 -2.47241 0.557054
-15.1252 -2.47261 0.560358
-14.9869 -2.47649 0.556961
-15.0566 -2.58694 0.556455
-15.142 -2.56015 0.558001
-15.1589 -2.53082 0.559696
-14.9926 -2.57719 0.555296
-15.0271 -2.58238 0.556987
-15.0114 -2.54835 0.557305
-15.0619 -2.5581 0.555031
-15.041 -2.59334 0.556676
-14.9982 -2.50163 0.555611
-15.1563 -2.55699 0.556627
-15.2042 -2.50854 0.559831
-15.1365 -2.61732 0.558906
-15.1605 -2.66543 0.557513
-15.0334 -2.42468 0.556519
-15.1325 -2.50759 0.559356
-15.1569 -2.54839 0.556393
-15.0646 -2.52331 0.556379
-15.141 -2.65025 0.561873
-15.0647 -2.55678 0.557992
-15.2383 -2.51084 0.556546
-15.0407 -2.51354 0.55663
-15.0454 -2.50137 0.554654
-15.0826 -2.65059 0.55977
-15.111 -2.56532 0.556477
-15.0244 -2.56124 0.555764
-15.1751 -2.60721 0.558505
-15.0288 -2.49492 0.55886
-15.1562 -2.47388 0.556376
-15.0938 -2.52433 0.557019
-15.1403 -2.51885 0.563648
-15.0757 -2.46914 0.55575
-15.0796 -2.56618 0.559245
-14.984 -2.53732 0.554537
-15.0397 -2.50876 0.5551
-15.0738 -2.58302 0.55631
-15.0533 -2.42333 0.558544
-15.08 -2.5123 0.557097
-15.0942 -2.67004 0.557401
-15.0707 -2.59375 0.55952
-15.0733 -2.49116 0.555006
-15.1005 -2.40146 0.557489
-15.1693 -2.49903 0.557054
-15.0302 -2.49214 0.556623
-15.0658 -2.44881 0.55865
-15.0741 -2.41276 0.554689
-15.1135 -2.49937 0.560974
-15.1326 -2.56966 0.557515
-15.0939 -2.46486 0.55901
-15.1574 -2.48042 0.555857
-15.0781 -2.48695 0.557947
-15.0168 -2.44252 0.55803
-15.098 -2.54088 0.555884
-15.0951 -2.58424 0.558709
-15.067 -2.58507 0.557482
-15.0198 -2.60687 0.558801
-15.1779 -2.57255 0.561743
-15.226 -2.39481 0.555987
-15.176 -2.48254 0.556833
-15.1707 -2.55682 0.556743
-15.038 -2.46657 0.559159
-15.2567 -2.65186 0.559626
-15.241 -2.5297 0.554986
-15.071 -2.51388 0.555877
-15.11 -2.49516 0.554388
-15.1497 -2.53061 0.55713
-15.0956 -2.50116 0.55803
-15.1874 -2.59027 0.557348
-15.0869 -2.57298 0.555719
-14.9796 -2.53342 0.558491
-15.1307 -2.63856 0.562094
-15.0927 -2.49221 0.55619
-15.0573 -2.52399 0.558891
-15.1738 -2.41232 0.556954
-15.1456 -2.4192 0.558906
-15.009 -2.55661 0.559685
-15.1097 -2.42622 0.558114
-15.1648 -2.6021 0.55494
-15.0924 -2.49525 0.557229
-15.0873 -2.57194 0.55802
-15.1037 -2.50002 0.556299
-15.1669 -2.52214 0.555765
-14.9398 -2.53846 0.556854
-15.1509 -2.45222 0.558579
-15.1644 -2.56812 0.555831
-15.2218 -2.49222 0.55784
-15.1162 -2.4536 0.554999
-15.1138 -2.55372 0.56063
-15.1496 -2.49052 0.558197
-15.0329 -2.52985 0.562548
-15.0216 -2.49784 0.55683
-15.1192 -2.49159 0.555197
-15.0993 -2.41119 0.556982
-15.0293 -2.41805 0.555729
-15.0727 -2.50229 0.559167
-15.1336 -2.53747 0.55723
-15.1177 -2.57445 0.557206
-15.135 -2.53153 0.558638
-15.2281 -2.53047 0.558091
-14.9584 -2.60917 0.558095
-15.0818 -2.57936 0.556459
-15.038 -2.45828 0.559152
-15.2212 -2.59082 0.557808
-15.0504 -2.49873 0.554136
-14.9779 -2.57283 0.556744
-15.1307 -2.43972 0.559536
-15.2233 -2.56874 0.556931
-15.1061 -2.49422 0.558969
-15.1173 -2.55672 0.559115
-15.1869 -2.65727 0.558028
-15.1303 -2.49499 0.560002
-15.104 -2.57183 0.55803
-15.0428 -2.44535 0.555959
-14.998 -2.51223 0.559129
-15.201 -2.49669 0.56225
-14.9624 -2.4381 0.558996
-14.9884 -2.46202 0.55846
-15.1605 -2.50436 0.557667
-15.1395 -2.43271 0.558681
-15.1955 -2.43706 0.557919
-15.1522 -2.49006 0.561239
-15.1874 -2.51731 0.562006
-15.1178 -2.53709 0.558802
-15.0916 -2.5375 0.558931
-15.1228 -2.6395 0.558915
-15.028 -2.60544 0.558398
-15.0847 -2.47666 0.558677
-15.0803 -2.58015 0.555757
-15.0905 -2.58312 0.55511
-15.0858 -2.52985 0.558714
-15.1561 -2.58528 0.559945
-15.0674 -2.50418 0.554557
-15.014 -2.48449 0.55684
-15.012 -2.47967 0.554118
-15.0362 -2.53819 0.554405
-15.0623 -2.5344 0.560251
-15.0788 -2.5577 0.558629
-15.0716 -2.48204 0.558243
-14.9963 -2.53294 0.555868
-15.0028 -2.53533 0.556706
-15.1425 -2.55467 0.558517
-15.0707 -2.5236 0.556034
-15.0899 -2.58823 0.554589
-15.1137 -2.54806 0.559637
-15.0353 -2.54202 0.558968
-15.0811 -2.56397 0.558825
-15.0818 -2.44802 0.559258
-15.01 -2.45911 0.56127
-15.1332 -2.48247 0.557076
-15.0968 -2.55759 0.558439
-15.1308 -2.50045 0.559422
-15.211 -2.4979 0.55832
-15.1876 -2.49975 0.555112
-15.095 -2.53839 0.555708
-15.1727 -2.52312 0.560649
-15.1483 -2.54201 0.560591
-15.1124 -2.51478 0.558546
-15.0189 -2.54859 0.556913
-14.9764 -2.61286 0.55593
-14.945 -2.59317 0.559673
-15.1543 -2.564 0.563308
-15.1222 -2.48791 0.557058
-15.1686 -2.47836 0.556745
-15.2154 -2.53449 0.560149
-15.037 -2.47694 0.557275
-15.1288 -2.52786 0.559885
-15.2066 -2.55912 0.557684
-15.1981 -2.57337 0.558878
-15.1758 -2.581 0.558481
-15.1964 -2.51552 0.559968
-14.953 -2.48883 0.557611
-15.1552 -2.58471 0.557324
-14.9793 -2.44293 0.557591
-15.0238 -2.55572 0.560166
-15.0837 -2.38976 0.558183
-15.1365 -2.50747 0.556845
-15.0424 -2.46043 0.558561
-15.0462 -2.42202 0.559803
-15.0962 -2.52494 0.557888
-15.0772 -2.50454 0.55639
-15.0063 -2.52901 0.55824
-15.0185 -2.48408 0.557428
-15.1166 -2.60383 0.560736
-15.0182 -2.61791 0.556416
-15.0691 -2.43124 0.555583
-15.0884 -2.56132 0.55866
-15.0562 -2.51047 0.558411
-15.0741 -2.59734 0.563171
-15.1103 -2.45873 0.560523
-15.0393 -2.60046 0.558282
-15.1766 -2.61335 0.555559
-15.0915 -2.5447 0.554994
-15.1354 -2.5356 0.55688
-15.037 -2.41845 0.557058
-15.0836 -2.64297 0.558984
-14.9956 -2.55533 0.557136
-15.1482 -2.51563 0.55707
-15.037 -2.59837 0.557958
-14.9924 -2.5532 0.558478
-15.0893 -2.50928 0.559255
-15.2062 -2.57396 0.556562
-15.0829 -2.5986 0.557865
-15.0414 -2.6529 0.559434
-15.0444 -2.66527 0.558149
-15.1056 -2.53508 0.560631
-15.1319 -2.48349 0.560983
-15.0706 -2.55591 0.5594
-15.0574 -2.63761 0.555659
-15.0425 -2.5271 0.557429
-15.0933 -2.53416 0.559563
-15.1179 -2.61704 0.560109
-15.0917 -2.60253 0.558205
-15.015 -2.44822 0.554981
-15.0647 -2.42062 0.554451
-15.1448 -2.36392 0.553077
-15.0666 -2.38301 0.551911
-15.0893 -2.50383 0.560614
-15.1066 -2.53367 0.559943
-15.1273 -2.57168 0.557328
-15.0404 -2.52193 0.558784
-15.0441 -2.59685 0.557033
-15.0961 -2.48121 0.560593
-15.1564 -2.47815 0.560357
-15.0378 -2.51285 0.558294
-14.9435 -2.57376 0.557418
-15.1213 -2.62147 0.561296
-15.1288 -2.54823 0.553236
-15.155 -2.61271 0.557842
-15.1171 -2.52893 0.55922
-15.1224 -2.54217 0.560358
-15.1281 -2.62438 0.560844
-14.9086 -2.52242 0.559321
-15.1891 -2.56248 0.558801
-15.0642 -2.56801 0.556461
-15.0801 -2.57539 0.558899
-15.209 -2.54991 0.557704
-15.0938 -2.57567 0.556868
-14.9829 -2.46665 0.553538
-15.0887 -2.5235 0.558447
-15.0941 -2.5229 0.558228
-14.9513 -2.54742 0.555732
-14.9964 -2.49121 0.555577
-15.1736 -2.60248 0.557819
-15.0231 -2.5312 0.560646
-15.1153 -2.57415 0.559426
-15.109 -2.49296 0.555794
-15.1591 -2.67672 0.562309
-14.9897 -2.50596 0.557815
-15.0622 -2.45009 0.558268
-15.0823 -2.4683 0.559633
-14.9497 -2.50894 0.55377
-14.9933 -2.5788 0.554932
-15.0095 -2.59826 0.554978
-15.2162 -2.6017 0.559221
-15.0741 -2.4623 0.555284
-15.0774 -2.54943 0.55465
-15.0812 -2.61033 0.554417
-15.1043 -2.60585 0.556852
-15.1051 -2.57139 0.557489
-15.0347 -2.55821 0.557298
-14.9299 -2.48328 0.556342
-15.0836 -2.49182 0.559685
-15.0801 -2.52583 0.558078
-15.1067 -2.47708 0.557708
-15.0748 -2.5025 0.554318
-15.0694 -2.56835 0.558266
-15.092 -2.63231 0.559033
-15.0505 -2.39512 0.554142
-15.1112 -2.51212 0.560643
-15.0976 -2.51889 0.559044
-15.1707 -2.49761 0.558181
-15.0994 -2.42016 0.557606
-15.125 -2.56175 0.558031
-15.0505 -2.52364 0.557074
-15.0964 -2.55894 0.556836
-15.0981 -2.54757 0.556397
-15.0649 -2.4369 0.559638
-15.1874 -2.55172 0.558049
-15.1163 -2.55179 0.560826
-15.0608 -2.51485 0.557833
-15.014 -2.52579 0.56143
-15.0216 -2.5326 0.560951
-15.0659 -2.55985 0.558433
-15.134 -2.49581 0.561063
-15.105 -2.40666 0.556798
-15.0829 -2.46664 0.556513
-15.0049 -2.50348 0.558278
-15.09 -2.50479 0.558302
-15.0744 -2.53436 0.558234
-15.0887 -2.50036 0.559938
-15.0187 -2.52346 0.558395
-15.0729 -2.60867 0.561609
-15.0692 -2.52003 0.557789
-15.0665 -2.59311 0.555932
-15.094 -2.51951 0.556904
-15.1146 -2.4975 0.554979
-15.1279 -2.50625 0.559988
-15.1191 -2.59374 0.559074
-15.1042 -2.51766 0.557659
-15.0917 -2.55365 0.557475
-15.0364 -2.52804 0.558558
-15.0829 -2.57755 0.562743
-14.9839 -2.43266 0.556906
-14.9667 -2.47321 0.558764
-15.1053 -2.58723 0.558115
-15.0188 -2.47439 0.553991
-15.0557 -2.54295 0.559824
-15.0361 -2.50985 0.556369
-15.0673 -2.47545 0.555734
-14.9656 -2.57549 0.559375
-15.1693 -2.45457 0.559028
-15.0756 -2.48562 0.559336
-15.114 -2.50939 0.557373
-15.0258 -2.53136 0.552906
-15.1059 -2.54781 0.559658
-15.0505 -2.55752 0.555094
-15.0561 -2.60091 0.558134
-15.0832 -2.52815 0.559251
-15.1894 -2.55777 0.557394
-15.1846 -2.52474 0.557844
-15.1502 -2.49367 0.55867
-15.1173 -2.45951 0.556741
-15.0601 -2.50216 0.55588
-15.1632 -2.50365 0.555887
-15.1082 -2.43633 0.557217
-15.1424 -2.53382 0.56034
-15.1828 -2.65736 0.559403
-15.0706 -2.62202 0.559161
-15.0794 -2.52272 0.55878
-14.9411 -2.50932 0.558019
-15.0645 -2.53801 0.557798
-14.9966 -2.54139 0.559161
-15.045 -2.44971 0.555114
-14.9886 -2.48511 0.559118
-15.8978 -0.128699 0.547321
