270.423 -11.5781 3.94601
270.483 -11.5183 3.9448
270.207 -11.6029 3.9435
270.273 -11.565 3.93852
270.264 -11.5124 3.93688
270.367 -11.682 3.94574
270.431 -11.6138 3.94355
270.168 -11.696 3.94056
270.418 -11.6927 3.94465
270.358 -11.6965 3.94506
270.55 -11.6523 3.94537
270.303 -11.6519 3.94219
270.332 -11.6123 3.94214
270.251 -11.5879 3.94062
270.357 -11.5721 3.94125
270.37 -11.5819 3.9445
270.391 -11.6136 3.93948
270.378 -11.6084 3.94018
270.378 -11.601 3.94216
270.469 -11.6367 3.94367
270.435 -11.6884 3.94527
270.292 -11.5438 3.94283
270.366 -11.6821 3.94245
270.312 -11.5531 3.94029
270.296 -11.5763 3.9418
270.43 -11.6011 3.94359
270.423 -11.5683 3.94131
270.456 -11.5779 3.94396
270.442 -11.6126 3.94447
270.463 -11.6196 3.94447
270.447 -11.6361 3.94243
270.401 -11.5822 3.94333
270.188 -11.6738 3.93699
270.446 -11.6276 3.9419
270.371 -11.631 3.94491
270.389 -11.642 3.93886
270.367 -11.6227 3.9395
270.431 -11.6089 3.9415
270.369 -11.5705 3.94228
270.386 -11.5362 3.94031
270.492 -11.6397 3.94849
270.282 -11.7015 3.94156
270.505 -11.6146 3.94354
270.421 -11.6104 3.94469
270.435 -11.7081 3.9441
270.413 -11.6798 3.94353
270.461 -11.634 3.9453
270.372 -11.7302 3.94464
270.485 -11.6425 3.94798
270.49 -11.6619 3.94694
270.313 -11.6174 3.94236
270.363 -11.6412 3.94086
270.301 -11.6547 3.9421
270.392 -11.6366 3.94781
270.443 -11.6863 3.94584
270.347 -11.5482 3.94572
270.524 -11.6524 3.94646
270.415 -11.6234 3.94684
270.358 -11.5559 3.9421
270.364 -11.7482 3.94382
270.312 -11.5949 3.93986
270.499 -11.6643 3.94569
270.261 -11.6565 3.94401
270.287 -11.7884 3.94547
270.393 -11.704 3.94207
270.462 -11.5937 3.94432
270.359 -11.6315 3.94425
270.429 -11.5997 3.94199
270.462 -11.6289 3.94341
270.378 -11.6052 3.94062
270.332 -11.7129 3.94368
270.444 -11.6428 3.94298
270.555 -11.6377 3.94348
270.348 -11.6412 3.94292
270.371 -11.6381 3.94424
270.282 -11.6077 3.94339
270.264 -11.6154 3.9403
270.391 -11.5775 3.94067
270.485 -11.5713 3.94399
270.514 -11.6444 3.94437
270.417 -11.6167 3.94627
270.469 -11.6809 3.94464
270.325 -11.688 3.94371
270.27 -11.6172 3.93911
270.345 -11.6812 3.94081
270.422 -11.5361 3.93884
270.438 -11.732 3.94581
270.403 -11.6839 3.94185
270.437 -11.647 3.94633
270.362 -11.6741 3.94399
270.379 -11.6167 3.94266
270.5 -11.5675 3.94505
270.438 -11.5747 3.94551
270.45 -11.627 3.94341
270.436 -11.5472 3.94532
270.494 -11.6419 3.94514
270.416 -11.6235 3.94487
270.373 -11.5848 3.94359
270.414 -11.5751 3.94308
270.492 -11.6226 3.94442
270.283 -11.6221 3.94295
270.365 -11.5681 3.94184
270.341 -11.7037 3.94518
270.416 -11.6508 3.94075
270.458 -11.6545 3.94313
270.342 -11.6283 3.94069
270.29 -11.5915 3.94323
270.186 -11.5958 3.93792
270.387 -11.7083 3.93929
270.172 -11.7218 3.94009
270.376 -11.6618 3.943
270.396 -11.5939 3.93954
270.381 -11.5285 3.94147
270.428 -11.7262 3.94894
270.274 -11.6173 3.93829
270.331 -11.5755 3.94268
270.229 -11.5884 3.94002
270.415 -11.5866 3.94414
270.379 -11.5902 3.94482
270.387 -11.6495 3.94087
270.399 -11.6713 3.94307
270.438 -11.7206 3.94537
270.564 -11.6012 3.94674
270.503 -11.6106 3.9463
270.559 -11.6386 3.94875
270.194 -11.5867 3.94236
270.409 -11.6131 3.94489
270.49 -11.7092 3.94718
270.386 -11.5819 3.94423
270.373 -11.66 3.94483
270.516 -11.6646 3.9444
270.484 -11.5641 3.94498
270.381 -11.5749 3.94194
270.414 -11.5419 3.94047
270.436 -11.6094 3.94304
270.396 -11.6372 3.94057
270.434 -11.5952 3.94631
270.445 -11.5891 3.94092
270.552 -11.758 3.94479
270.359 -11.6375 3.94028
270.473 -11.6443 3.94612
270.508 -11.6616 3.94233
270.348 -11.554 3.93756
270.386 -11.7978 3.93967
270.267 -11.6435 3.93785
270.433 -11.6262 3.94417
270.442 -11.62 3.94381
270.303 -11.7311 3.94014
270.377 -11.6068 3.94268
270.394 -11.7011 3.94681
270.36 -11.6137 3.94459
270.393 -11.6034 3.94224
270.287 -11.6931 3.94463
270.365 -11.5599 3.94719
270.473 -11.6914 3.94394
270.374 -11.6361 3.94137
270.456 -11.705 3.94554
270.401 -11.76 3.94397
270.475 -11.6247 3.946
270.332 -11.5748 3.94384
270.404 -11.6598 3.94461
270.274 -11.6778 3.94242
270.355 -11.6114 3.94295
270.418 -11.6368 3.9429
270.406 -11.5854 3.94228
270.466 -11.6472 3.94837
270.493 -11.7321 3.94371
270.415 -11.6454 3.94179
270.248 -11.7819 3.94105
270.304 -11.5771 3.94196
270.516 -11.58 3.94827
270.262 -11.5901 3.93807
270.194 -11.6005 3.93811
270.389 -11.6337 3.94448
270.42 -11.6104 3.9414
270.336 -11.5684 3.94573
270.375 -11.6057 3.94101
270.316 -11.5546 3.93917
270.34 -11.6198 3.93903
270.336 -11.5946 3.93763
270.414 -11.5928 3.93872
270.514 -11.6849 3.94747
270.335 -11.6641 3.94395
270.382 -11.6319 3.94365
270.271 -11.6676 3.9454
270.233 -11.572 3.94279
270.425 -11.741 3.94801
270.203 -11.7353 3.93986
270.276 -11.6579 3.94467
270.438 -11.5206 3.94526
270.464 -11.6392 3.94635
270.407 -11.6597 3.94384
270.456 -11.6366 3.94269
270.448 -11.5978 3.94271
270.41 -11.5058 3.94472
270.382 -11.5273 3.9443
270.352 -11.5152 3.9425
270.341 -11.575 3.94284
270.383 -11.5436 3.9435
270.362 -11.5945 3.93976
270.369 -11.6722 3.94004
270.451 -11.5893 3.94494
270.291 -11.5734 3.93704
270.262 -11.5544 3.93722
270.241 -11.5334 3.93902
270.35 -11.6785 3.94331
270.506 -11.6242 3.94705
270.383 -11.6833 3.94356
270.386 -11.6718 3.94157
270.275 -11.634 3.9405
270.422 -11.6059 3.94071
270.339 -11.6903 3.94245
270.37 -11.6591 3.94231
270.357 -11.6265 3.94059
270.376 -11.6666 3.942
270.297 -11.6978 3.94243
270.312 -11.6371 3.94173
270.354 -11.5862 3.94197
270.369 -11.5703 3.94059
270.363 -11.5246 3.93998
270.288 -11.5482 3.94185
270.362 -11.648 3.94124
270.542 -11.6138 3.94454
270.54 -11.545 3.94595
270.473 -11.7411 3.94232
270.462 -11.5966 3.94637
270.266 -11.6495 3.94291
270.411 -11.6244 3.94195
270.339 -11.6413 3.94217
270.37 -11.679 3.94387
270.282 -11.6406 3.94438
270.363 -11.7194 3.94431
270.432 -11.5336 3.94362
270.233 -11.6211 3.94305
270.353 -11.6163 3.9421
270.363 -11.6768 3.94314
270.46 -11.692 3.95016
270.308 -11.6611 3.93645
270.488 -11.543 3.94664
270.384 -11.6688 3.94494
270.382 -11.635 3.94648
270.491 -11.6657 3.94006
270.361 -11.643 3.94317
270.492 -11.6586 3.94332
270.207 -11.5932 3.94283
270.313 -11.7264 3.94422
270.336 -11.6336 3.94379
270.438 -11.6723 3.94235
270.44 -11.6102 3.94209
270.362 -11.5742 3.94553
270.447 -11.6554 3.94536
270.34 -11.6511 3.9443
270.364 -11.7765 3.94229
270.186 -11.6033 3.94004
270.442 -11.6204 3.94395
270.413 -11.6254 3.94383
270.431 -11.6518 3.94975
270.428 -11.6526 3.94355
270.335 -11.5731 3.94518
270.386 -11.6001 3.94796
270.371 -11.5442 3.94559
270.352 -11.668 3.94315
270.196 -11.6132 3.93733
270.3 -11.5887 3.94037
270.366 -11.5681 3.94815
270.365 -11.7254 3.94179
270.391 -11.6235 3.9438
270.35 -11.5298 3.94415
270.37 -11.5779 3.94038
270.494 -11.6659 3.94749
270.45 -11.6238 3.9446
270.442 -11.6041 3.94483
270.215 -11.691 3.93956
270.431 -11.7387 3.94598
270.445 -11.6995 3.94039
270.283 -11.6736 3.94233
270.174 -11.5936 3.94114
270.429 -11.6658 3.94499
270.59 -11.7331 3.94893
270.313 -11.6853 3.94197
270.268 -11.5971 3.93995
270.379 -11.5539 3.94572
270.445 -11.6003 3.94625
270.416 -11.5799 3.9447
270.361 -11.6318 3.94666
270.379 -11.622 3.9433
270.35 -11.5554 3.94181
270.377 -11.5494 3.94579
270.343 -11.6472 3.94174
270.352 -11.583 3.94126
270.364 -11.5069 3.94032
270.445 -11.5452 3.94115
270.399 -11.6277 3.94273
270.442 -11.5841 3.94715
270.261 -11.5164 3.93774
270.404 -11.6188 3.94191
270.503 -11.7307 3.95028
270.5 -11.6976 3.94759
270.491 -11.6469 3.94435
270.38 -11.6874 3.94225
270.365 -11.6298 3.94372
270.308 -11.5759 3.9402
270.361 -11.5841 3.94197
270.41 -11.6031 3.94405
270.374 -11.6617 3.94339
270.373 -11.6521 3.94243
270.349 -11.7281 3.94304
270.347 -11.7611 3.94454
270.334 -11.6007 3.94242
270.367 -11.5823 3.94033
270.46 -11.6991 3.9429
270.418 -11.6481 3.94755
270.472 -11.6098 3.94189
270.386 -11.5542 3.94428
270.399 -11.6802 3.94783
270.475 -11.553 3.94375
270.391 -11.6055 3.9453
270.264 -11.616 3.94591
270.294 -11.5845 3.94352
270.421 -11.543 3.94168
270.388 -11.569 3.94252
270.416 -11.5114 3.94227
270.355 -11.725 3.93993
270.307 -11.6629 3.9413
270.298 -11.6646 3.94515
270.318 -11.6498 3.94016
270.432 -11.5971 3.94267
270.398 -11.7777 3.94476
270.46 -11.6943 3.94286
270.452 -11.6676 3.94471
270.556 -11.6835 3.94494
270.366 -11.6985 3.94604
270.366 -11.6589 3.94269
270.375 -11.5975 3.94487
270.421 -11.6869 3.94102
270.27 -11.5846 3.9439
270.339 -11.6252 3.94467
270.331 -11.682 3.94409
270.481 -11.6702 3.94821
270.368 -11.5373 3.93941
270.41 -11.6266 3.94358
270.303 -11.6169 3.94404
270.225 -11.6755 3.94196
270.252 -11.7164 3.94401
270.506 -11.6189 3.94676
270.459 -11.7133 3.94698
270.404 -11.5779 3.94436
270.406 -11.6203 3.94425
270.332 -11.5434 3.947
270.429 -11.6469 3.9432
270.445 -11.6647 3.9435
270.382 -11.644 3.94234
270.257 -11.6091 3.93677
270.413 -11.5442 3.94452
270.472 -11.749 3.94062
270.362 -11.6435 3.94293
270.265 -11.5887 3.9398
270.532 -11.5971 3.94389
270.514 -11.6367 3.94366
270.38 -11.6637 3.94196
270.193 -11.68 3.93825
270.455 -11.6857 3.94513
270.343 -11.7139 3.94254
270.464 -11.772 3.94077
270.283 -11.6326 3.94214
270.412 -11.6982 3.94422
270.354 -11.6872 3.94441
270.461 -11.6238 3.9456
270.451 -11.6716 3.94703
270.233 -11.6219 3.94065
270.437 -11.5604 3.94308
270.479 -11.6635 3.94395
270.443 -11.5764 3.9446
270.407 -11.626 3.94485
270.318 -11.621 3.93983
270.396 -11.5682 3.94361
270.426 -11.5956 3.94139
270.296 -11.5059 3.9435
270.36 -11.5842 3.94139
270.293 -11.6312 3.94552
270.518 -11.5924 3.9451
270.429 -11.552 3.94739
270.471 -11.5303 3.94705
270.279 -11.5843 3.93776
270.479 -11.5825 3.94653
270.385 -11.6006 3.94434
270.307 -11.6693 3.94334
270.352 -11.6852 3.94224
270.477 -11.5218 3.94044
270.393 -11.7338 3.94101
270.379 -11.5415 3.94089
270.332 -11.6082 3.94334
270.387 -11.6179 3.94122
270.347 -11.6838 3.94232
270.302 -11.5806 3.94098
270.308 -11.5336 3.94062
270.339 -11.5825 3.93868
270.458 -11.6702 3.94617
270.509 -11.7303 3.94408
270.382 -11.6768 3.94848
270.399 -11.7204 3.94008
270.436 -11.6192 3.94197
270.218 -11.5473 3.94205
270.496 -11.5927 3.94711
270.355 -11.6516 3.94456
270.413 -11.6335 3.94174
270.303 -11.6518 3.94541
270.205 -11.6415 3.93815
270.424 -11.6018 3.94493
270.363 -11.6605 3.94825
270.409 -11.6747 3.94123
270.427 -11.5667 3.94228
270.536 -11.6221 3.94479
270.35 -11.6874 3.93886
270.332 -11.6211 3.94184
270.265 -11.6925 3.94017
270.44 -11.5801 3.94025
270.361 -11.6334 3.94363
270.277 -11.693 3.93932
270.296 -11.6507 3.93833
270.332 -11.6356 3.94139
270.585 -11.6574 3.94755
270.41 -11.5481 3.94241
270.337 -11.7487 3.94049
270.445 -11.6471 3.94299
270.419 -11.5433 3.94262
270.422 -11.6198 3.94646
270.354 -11.575 3.94731
270.342 -11.6694 3.94391
270.35 -11.6598 3.94331
270.366 -11.6229 3.94464
270.365 -11.6687 3.94691
270.304 -11.6435 3.94153
270.322 -11.6219 3.94271
270.314 -11.6754 3.93933
270.17 -11.5524 3.9425
270.162 -11.6026 3.94104
270.495 -11.6339 3.94405
270.507 -11.6511 3.94775
270.408 -11.6236 3.94435
270.509 -11.645 3.94779
270.301 -11.7774 3.94249
270.411 -11.7148 3.94242
270.285 -11.5822 3.94204
270.398 -11.5619 3.94712
270.304 -11.5955 3.94118
270.201 -11.6036 3.94055
270.457 -11.5905 3.94404
270.383 -11.7086 3.94579
270.357 -11.6543 3.94085
270.346 -11.6721 3.94503
270.372 -11.6305 3.94134
270.233 -11.6791 3.94086
270.297 -11.6458 3.94181
270.368 -11.713 3.94182
270.468 -11.6386 3.94653
270.365 -11.6041 3.94236
270.452 -11.6396 3.94399
270.354 -11.682 3.94005
270.486 -11.5609 3.94632
270.362 -11.6388 3.94354
270.396 -11.5777 3.94277
270.443 -11.6313 3.94503
270.388 -11.5281 3.94398
270.356 -11.5723 3.94265
270.328 -11.6273 3.9403
270.405 -11.5973 3.9417
270.358 -11.6963 3.94477
270.386 -11.6923 3.94219
270.334 -11.7015 3.942
270.186 -11.623 3.94215
270.41 -11.6037 3.94159
270.353 -11.5898 3.94005
270.434 -11.5807 3.9453
270.433 -11.6818 3.94476
270.377 -11.656 3.94362
270.299 -11.7498 3.94729
270.384 -11.7074 3.94343
270.405 -11.7316 3.94366
270.409 -11.6391 3.94262
270.365 -11.6342 3.94077
270.436 -11.5169 3.94202
270.473 -11.644 3.94379
270.421 -11.5428 3.943
270.322 -11.583 3.94297
270.385 -11.5899 3.94217
270.219 -11.6092 3.93967
270.367 -11.6457 3.94245
270.445 -11.5977 3.94115
270.366 -11.5703 3.9444
270.463 -11.7261 3.94579
270.254 -11.6211 3.93931
270.31 -11.5609 3.94073
270.439 -11.7236 3.9471
270.43 -11.6235 3.94452
270.241 -11.5953 3.94021
270.208 -11.6119 3.94057
270.201 -11.5978 3.93995
270.471 -11.6042 3.94598
269.74 -13.9619 3.93079
