69.3722 15.455 0.10015
69.4302 15.3889 0.103301
69.4014 15.4946 0.101904
69.4599 15.4227 0.103534
69.3848 15.3386 0.105268
69.4338 15.4767 0.103934
69.4341 15.4746 0.104056
69.4314 15.4788 0.104019
69.5029 15.4746 0.0998321
69.3743 15.4067 0.0982775
69.2872 15.3057 0.100016
69.4599 15.3754 0.0987821
69.4566 15.3968 0.103089
69.462 15.4018 0.102979
69.3975 15.377 0.0997677
69.3721 15.2446 0.103277
69.3826 15.4237 0.104219
69.2983 15.41 0.102962
69.3836 15.2956 0.103992
69.4131 15.451 0.105113
69.3744 15.4667 0.105261
69.3719 15.4288 0.102647
69.372 15.4329 0.102411
69.3823 15.4608 0.101096
69.3789 15.463 0.101071
69.414 15.3924 0.102803
69.4102 15.2661 0.0990029
69.4803 15.3956 0.10306
69.3888 15.4932 0.10687
69.3051 15.5487 0.100109
69.4113 15.3994 0.104063
69.4464 15.4497 0.103195
69.4423 15.284 0.100996
69.4963 15.3754 0.100492
69.3339 15.2722 0.102037
69.484 15.3004 0.101443
69.4337 15.3721 0.100022
69.3791 15.3666 0.104565
69.3807 15.3638 0.104359
69.3615 15.4877 0.10187
69.364 15.4928 0.101894
69.4133 15.4819 0.100796
69.5125 15.4447 0.104292
69.4401 15.3798 0.104192
69.3679 15.4651 0.106109
69.3946 15.29 0.101022
69.362 15.2848 0.100664
69.4731 15.4699 0.103163
69.3991 15.4214 0.102561
69.4768 15.3873 0.104583
69.4398 15.3491 0.0981376
69.4956 15.2002 0.101456
69.4404 15.3847 0.103244
69.3557 15.346 0.101468
69.3496 15.3451 0.101345
69.3332 15.4283 0.102589
69.4355 15.4681 0.105497
69.2652 15.4204 0.10536
69.4167 15.4271 0.103486
69.3542 15.3209 0.101677
69.4543 15.5444 0.102345
69.4618 15.2461 0.10081
69.4045 15.3205 0.104668
69.4074 15.3235 0.104752
69.3515 15.3531 0.105736
69.4118 15.3827 0.100336
69.3904 15.3165 0.101318
69.423 15.4137 0.103177
69.4877 15.3183 0.103135
69.4551 15.305 0.0995742
69.4581 15.4522 0.103689
69.4977 15.4634 0.105041
69.4985 15.4619 0.10498
69.4634 15.3797 0.105103
69.447 15.4489 0.104946
69.3909 15.4371 0.10679
69.4909 15.4076 0.103114
69.5484 15.3182 0.103336
69.3537 15.3811 0.10308
69.3332 15.3895 0.100355
69.379 15.293 0.0992599
69.4408 15.3364 0.101625
69.5137 15.3292 0.100512
69.4514 15.2952 0.104021
69.452 15.2962 0.103953
69.3926 15.3417 0.0967521
69.4285 15.2551 0.101417
69.3528 15.3564 0.0961549
69.4787 15.4152 0.104772
69.4848 15.4153 0.104934
69.5264 15.5162 0.103172
69.5266 15.5134 0.102915
69.5469 15.4589 0.102436
69.4347 15.395 0.105028
69.3914 15.3893 0.100028
69.4412 15.4777 0.104441
69.4696 15.4049 0.105304
69.4669 15.2847 0.102097
69.5022 15.4089 0.104104
69.5033 15.4007 0.10403
69.3916 15.4108 0.104166
69.366 15.3963 0.102979
69.3742 15.3879 0.102959
69.37 15.3944 0.103114
69.3151 15.4695 0.102628
69.4231 15.3571 0.098965
69.4081 15.3404 0.101597
69.4252 15.2616 0.101342
69.3814 15.3884 0.103807
69.4319 15.3573 0.10397
69.5218 15.4063 0.100644
69.5444 15.4401 0.0999185
69.3447 15.3771 0.105905
69.4209 15.3891 0.0994737
69.4285 15.4226 0.10197
69.4301 15.4138 0.10208
69.4576 15.4599 0.104466
69.383 15.2615 0.0981521
69.3847 15.2653 0.100968
69.4339 15.3343 0.10153
69.3845 15.3832 0.103151
69.4381 15.3317 0.100346
69.4744 15.3783 0.103682
69.5221 15.3584 0.0999375
69.4939 15.5489 0.101752
69.434 15.4744 0.0976977
69.5744 15.3658 0.0991061
69.4007 15.3757 0.103994
69.4658 15.3746 0.106938
69.4839 15.4976 0.10248
69.4615 15.494 0.101358
69.4296 15.4436 0.104077
69.4876 15.3625 0.104857
69.4795 15.3648 0.104745
69.4925 15.3615 0.10506
69.4232 15.454 0.103574
69.595 15.417 0.0991352
69.4037 15.3638 0.103912
69.3915 15.4112 0.103426
69.461 15.5113 0.101396
69.4489 15.3554 0.103012
69.4473 15.3537 0.102911
69.4547 15.3503 0.103029
69.4664 15.2398 0.105112
69.4156 15.4781 0.0970161
69.502 15.4673 0.0977341
69.4842 15.3731 0.101204
69.4371 15.4769 0.103941
69.4521 15.4096 0.0989329
69.4155 15.3161 0.106314
69.4135 15.3706 0.102699
69.3508 15.4239 0.101599
69.4733 15.3506 0.101704
69.4939 15.3831 0.104887
69.4153 15.4621 0.102269
69.3766 15.4695 0.102829
69.3756 15.3496 0.10136
69.4359 15.4193 0.102641
69.4283 15.4246 0.102548
69.4725 15.3667 0.101155
69.5299 15.3698 0.104435
69.5211 15.3884 0.101145
69.4052 15.2672 0.101423
69.3094 15.3916 0.100863
69.4249 15.4593 0.108406
69.3617 15.3718 0.102141
69.5011 15.261 0.103853
69.4466 15.4395 0.102531
69.4492 15.4353 0.102337
69.4635 15.3942 0.106229
69.3667 15.4023 0.1052
69.367 15.4096 0.105204
69.449 15.3804 0.101013
69.4509 15.2918 0.0989203
69.396 15.3921 0.101777
69.3964 15.3959 0.101825
69.4182 15.3351 0.101318
69.412 15.4723 0.102118
69.5175 15.2902 0.103351
69.3824 15.503 0.101047
69.3826 15.5001 0.101153
69.3332 15.5425 0.102659
69.3545 15.4179 0.101751
69.349 15.4217 0.101805
69.4391 15.4007 0.104411
69.5201 15.4113 0.104082
69.3962 15.3147 0.102184
69.4982 15.413 0.100174
69.4782 15.3645 0.104423
69.4788 15.3699 0.104631
69.3729 15.4012 0.103065
69.3793 15.4018 0.10311
69.3555 15.5352 0.102014
69.4753 15.4141 0.105698
69.4773 15.501 0.100891
69.4782 15.5052 0.101192
69.4189 15.4521 0.0998505
69.4171 15.4537 0.0997631
69.5398 15.3649 0.101066
69.4953 15.3548 0.103738
69.4945 15.3594 0.103731
69.4378 15.3842 0.100579
69.4427 15.3095 0.101323
69.4909 15.3257 0.10153
69.451 15.3598 0.101557
69.4541 15.3584 0.101533
69.4366 15.4581 0.100528
69.3868 15.4365 0.103026
69.4467 15.49 0.102685
69.3929 15.4384 0.101939
69.4439 15.4549 0.101627
69.3936 15.5078 0.100343
69.4404 15.3905 0.105097
69.3962 15.289 0.100819
69.498 15.337 0.102126
69.4976 15.4901 0.10529
69.3616 15.4529 0.102975
69.5923 15.4226 0.102597
69.5317 15.4701 0.103685
69.4035 15.409 0.0996051
69.4503 15.4146 0.103332
69.352 15.4317 0.0982998
69.4064 15.3681 0.103977
69.4354 15.4632 0.103884
69.474 15.423 0.100539
69.4763 15.4243 0.100657
69.515 15.3568 0.101811
69.5186 15.3182 0.103234
69.4081 15.3364 0.100475
69.462 15.4794 0.10326
69.3977 15.2992 0.0998543
69.3806 15.3132 0.10029
69.4304 15.3916 0.103204
69.402 15.4891 0.101869
69.4392 15.4329 0.100983
69.4409 15.436 0.1008
69.3802 15.3425 0.10517
69.4045 15.5279 0.100609
69.5627 15.4465 0.098439
69.489 15.4269 0.104648
69.4214 15.264 0.0999464
69.5426 15.3495 0.102818
69.5216 15.4022 0.100123
69.2643 15.455 0.100358
69.4601 15.3984 0.102929
69.3751 15.2438 0.103379
69.3832 15.4278 0.104246
69.4172 15.3115 0.101988
69.3867 15.2879 0.104017
69.471 15.2964 0.103672
69.3609 15.43 0.102305
69.4707 15.4369 0.102357
69.4731 15.4353 0.102688
69.3756 15.4648 0.101038
69.4136 15.3961 0.103034
69.4263 15.4427 0.101938
69.4287 15.447 0.101952
69.4313 15.4494 0.102111
69.47 15.2842 0.100024
69.4752 15.423 0.103107
69.4396 15.3726 0.100768
69.3906 15.4938 0.106912
69.4097 15.4588 0.103877
69.4066 15.397 0.104137
69.4067 15.3963 0.104227
69.5746 15.4272 0.104975
69.4869 15.3754 0.10052
69.4278 15.4716 0.101881
69.4539 15.284 0.100513
69.3615 15.4893 0.102096
69.3621 15.4948 0.102112
69.4613 15.5235 0.101263
69.4219 15.3623 0.10296
69.4245 15.3571 0.102885
69.5242 15.3785 0.101947
69.5095 15.446 0.104662
69.4412 15.3818 0.104009
69.3571 15.4709 0.105982
69.4381 15.4292 0.101674
69.4401 15.4243 0.101795
69.4801 15.4787 0.103244
69.3916 15.4222 0.102507
69.4047 15.3372 0.106616
69.3996 15.3205 0.101291
69.4981 15.2015 0.101799
69.5328 15.352 0.102233
69.4396 15.391 0.103442
69.4375 15.2905 0.10258
69.3622 15.2294 0.102738
69.4366 15.4563 0.103961
69.4394 15.4511 0.103996
69.442 15.4682 0.105322
69.3831 15.3398 0.0999361
69.3812 15.3428 0.0997006
69.5306 15.4328 0.105086
69.5365 15.4288 0.104929
69.4178 15.3181 0.0984205
69.4205 15.4458 0.105399
69.4244 15.4485 0.105483
69.4558 15.5375 0.10225
69.4736 15.3701 0.0989914
69.3533 15.354 0.105581
69.4126 15.2824 0.104572
69.4021 15.2872 0.105745
69.4601 15.3099 0.0994744
69.4595 15.3878 0.105465
69.4273 15.4248 0.101023
69.4583 15.3805 0.105229
69.4598 15.3773 0.104986
69.4462 15.4476 0.104862
69.3857 15.435 0.106673
69.4858 15.4117 0.102861
69.4895 15.4086 0.101167
69.5564 15.3359 0.102898
69.3558 15.3443 0.101627
69.3478 15.3415 0.101528
69.3511 15.3876 0.103247
69.3352 15.3899 0.100516
69.4801 15.3989 0.10103
69.3526 15.4794 0.103921
69.4419 15.3403 0.101483
69.5173 15.3253 0.100237
69.5142 15.3259 0.100591
69.5378 15.4986 0.100355
69.3459 15.3708 0.104996
69.4558 15.367 0.103581
69.4563 15.3733 0.103522
69.4555 15.3707 0.103654
69.4804 15.4165 0.104933
69.5327 15.5165 0.10314
69.5347 15.5126 0.103136
69.4361 15.2704 0.102843
69.326 15.4785 0.105222
69.3227 15.4746 0.105144
69.3266 15.4703 0.105257
69.5548 15.4612 0.102444
69.4361 15.5022 0.099892
69.4429 15.4802 0.104409
69.4757 15.4081 0.104963
69.4708 15.4136 0.105337
69.4067 15.2461 0.0987649
69.5052 15.4058 0.104007
69.3663 15.3455 0.103763
69.3553 15.3414 0.103812
69.3911 15.362 0.099316
69.3691 15.3949 0.1032
69.3188 15.471 0.102628
69.4017 15.3451 0.101584
69.3854 15.3917 0.103678
69.3872 15.3911 0.103631
69.3018 15.4732 0.103322
69.4591 15.2995 0.10372
69.4216 15.3466 0.100145
69.3995 15.5781 0.101633
69.4622 15.4629 0.104608
69.3834 15.265 0.0982116
69.3558 15.2882 0.10029
69.4414 15.3366 0.100543
69.4676 15.3708 0.103901
69.4982 15.5458 0.101562
69.4258 15.4679 0.0976717
69.464 15.3723 0.106965
69.5544 15.4649 0.104302
69.484 15.4982 0.102459
69.4603 15.4952 0.101298
69.4303 15.4468 0.10411
69.4879 15.3591 0.104828
69.3773 15.4491 0.102515
69.5934 15.4179 0.0992263
69.5961 15.42 0.0990339
69.4498 15.3281 0.102023
69.3944 15.4101 0.103721
69.3877 15.4102 0.103835
69.4036 15.4275 0.0998083
69.459 15.5066 0.101525
69.4741 15.3817 0.0988307
69.4738 15.3804 0.0988205
69.3943 15.461 0.10485
69.4724 15.3769 0.101202
69.432 15.4651 0.103834
69.4167 15.4421 0.103474
69.3826 15.2751 0.101423
69.4212 15.3733 0.10276
69.412 15.3723 0.102882
69.4116 15.3741 0.102658
69.4773 15.392 0.100105
69.494 15.3844 0.104943
69.4944 15.3837 0.104709
69.3892 15.4263 0.101648
69.3806 15.3574 0.101448
69.437 15.4207 0.102518
69.5013 15.3894 0.102985
69.531 15.3741 0.104417
69.5241 15.4438 0.103249
69.4035 15.2685 0.10133
69.521 15.292 0.101521
69.4239 15.4562 0.108183
69.471 15.2656 0.104246
69.3203 15.4263 0.104146
69.326 15.4244 0.104121
69.4566 15.4232 0.101844
69.469 15.3956 0.106209
69.3775 15.4127 0.105318
69.3695 15.4109 0.105238
69.3904 15.4568 0.10698
69.4438 15.4245 0.103832
69.4878 15.3141 0.100449
69.3981 15.4021 0.101699
69.3516 15.3592 0.100691
69.4092 15.4734 0.102076
69.4183 15.4717 0.102058
69.3911 15.2508 0.104039
69.3958 15.3317 0.101204
69.4785 15.2378 0.10049
69.3498 15.4187 0.101704
69.4276 15.3583 0.102347
69.439 15.4034 0.104339
69.3472 15.2513 0.102239
69.3792 15.4023 0.103046
69.3587 15.5405 0.102042
69.4823 15.4977 0.100989
69.5337 15.3167 0.102959
69.4453 15.3539 0.103258
69.3954 15.379 0.103871
69.3978 15.3754 0.10398
69.4206 15.5026 0.0997836
69.4892 15.3306 0.101401
69.3529 15.4178 0.0992644
69.4384 15.457 0.100545
69.4332 15.4577 0.10051
69.4523 15.4913 0.10258
69.3258 15.3894 0.102525
69.3465 15.4295 0.102768
69.3537 15.4283 0.102904
69.4444 15.3888 0.104984
69.4568 15.4071 0.100724
69.4693 15.3416 0.103037
69.3668 15.4438 0.102951
69.5206 15.3331 0.100987
69.3635 15.3815 0.103422
69.5272 15.4698 0.103664
69.3714 15.4496 0.101492
69.3912 15.2429 0.102012
69.4712 15.4496 0.100612
69.4508 15.414 0.103479
69.3528 15.4361 0.0982916
69.5116 15.3249 0.101119
69.4994 15.3842 0.0977038
69.5026 15.3888 0.0978249
69.3621 15.3858 0.101499
69.4339 15.4611 0.103872
69.4354 15.4553 0.103665
69.4299 15.4586 0.103879
69.4224 15.4016 0.105256
69.4222 15.4321 0.0997305
69.4725 15.3034 0.103831
69.4085 15.3373 0.100524
69.3993 15.3611 0.103419
69.3962 15.2988 0.0998958
69.4329 15.397 0.103076
69.3993 15.494 0.102018
69.4724 15.2772 0.102454
69.4358 15.4749 0.104181
69.4037 15.532 0.100678
69.4831 15.4219 0.104691
69.4329 15.2736 0.101185
69.3703 15.3986 0.0983579
69.5217 15.4068 0.100146
69.4584 15.3936 0.103025
69.3232 15.3964 0.103969
69.3261 15.3924 0.104113
69.3997 15.3755 0.0998261
69.4215 15.3345 0.101563
69.3676 15.2558 0.10343
69.3742 15.4304 0.10414
69.3756 15.4275 0.104249
69.3986 15.2867 0.101123
69.4082 15.4473 0.105408
69.4096 15.4511 0.105262
69.48 15.3017 0.103585
69.3736 15.4362 0.102444
69.3692 15.4263 0.102965
69.3585 15.3563 0.102249
69.3711 15.3872 0.0998716
69.4113 15.3904 0.10279
69.4696 15.29 0.0999384
69.4442 15.3744 0.100788
69.5365 15.2876 0.101194
69.4122 15.4602 0.103821
69.4109 15.4626 0.103795
69.4077 15.3949 0.103968
69.3373 15.2732 0.10207
69.5073 15.2756 0.10261
69.5054 15.2696 0.102688
69.3809 15.3617 0.104368
69.3608 15.4884 0.102123
69.4096 15.4841 0.100453
69.4128 15.4783 0.100517
69.5176 15.4497 0.10438
67.5344 16.1107 0.12328
