48.1988 13.0094 0.138957
48.1167 12.9601 0.133546
48.2544 13.0029 0.138455
48.264 13.1146 0.138525
48.2792 13.1043 0.136726
48.2544 13.0165 0.139258
48.1742 13.1135 0.137642
48.27 13.0014 0.137332
48.2765 12.9993 0.137411
48.2701 13.0005 0.137521
48.2327 13.0597 0.135995
48.2487 12.9963 0.134843
48.2733 13.0535 0.139226
48.2265 12.9255 0.134968
48.2256 12.926 0.135158
48.2324 13.0154 0.139134
48.1913 13.0323 0.137555
48.2196 12.9352 0.136859
48.2198 12.9385 0.136903
48.1092 12.9929 0.140585
48.1605 13.0589 0.13834
48.2122 13.0676 0.137051
48.2956 13.0825 0.135594
48.1822 13.0687 0.138382
48.1946 13.0214 0.138237
48.1809 13.0936 0.138299
48.2776 13.0752 0.136333
48.2252 13.0893 0.141195
48.2087 13.0732 0.136669
48.2421 13.0085 0.137803
48.2398 13.0115 0.137682
48.29 13.0668 0.136876
48.249 13.0111 0.136928
48.1826 13.0978 0.141797
48.2986 13.0799 0.137052
48.302 13.0789 0.137057
48.3023 13.0813 0.13695
48.2535 13.0074 0.137532
48.1891 13.0104 0.140742
48.282 12.994 0.13764
48.2127 13.0394 0.138682
48.2084 13.039 0.138529
48.1911 13.0512 0.136422
48.1438 13.0188 0.139912
48.1596 13.0574 0.139477
48.282 13.0447 0.138303
48.2169 13.0122 0.138151
48.2431 13.0779 0.137216
48.276 13.0746 0.135922
48.175 13.1195 0.136877
48.1164 13.1355 0.139519
48.2255 13.0653 0.138985
48.2639 12.9917 0.13746
48.1858 12.9648 0.139869
48.1903 13.0688 0.136052
48.1495 13.0109 0.13739
48.2254 13.0259 0.137332
48.1888 13.1175 0.141959
48.2309 13.0807 0.135468
48.2373 13.1037 0.138953
48.1773 13.1818 0.136689
48.227 13.0565 0.138023
48.232 13.0571 0.139119
48.2278 13.0607 0.139099
48.1336 13.137 0.139671
48.2075 13.0448 0.140182
48.2258 13.0782 0.1387
48.2758 13.0871 0.13644
48.2272 13.0483 0.138301
48.2226 13.0602 0.136115
48.2609 13.0297 0.138046
48.2126 13.0424 0.136183
48.2014 13.1405 0.138284
48.2568 12.9929 0.137934
48.213 12.9724 0.140696
48.2633 13.0234 0.138507
48.1916 13.0583 0.139546
48.2758 13.0282 0.140041
48.235 13.04 0.136991
48.2404 12.9755 0.136893
48.2667 12.9836 0.138415
48.1583 13.0519 0.138549
48.2037 13.049 0.141283
48.1662 12.9737 0.141584
48.2556 12.9407 0.137347
48.2908 13.0118 0.13569
48.2903 13.0117 0.135818
48.2587 13.0677 0.136416
48.2232 13.1157 0.138816
48.218 13.0224 0.138128
48.2341 13.0933 0.137525
48.2695 12.9696 0.136684
48.274 12.9716 0.136857
48.279 13.067 0.138566
48.2077 12.9712 0.135581
48.2058 12.971 0.135657
48.2648 13.0942 0.141025
48.2508 13.0872 0.138167
48.3158 13.0516 0.138009
48.3136 13.0443 0.13773
48.3147 13.0474 0.137972
48.2373 13.0687 0.137577
48.2352 13.0127 0.138258
48.2403 13.0284 0.135856
48.1993 13.0912 0.138677
48.2263 13.0599 0.141268
48.1904 13.0395 0.137485
48.2388 13.0019 0.136256
48.1792 13.0621 0.136177
48.2526 12.9993 0.135994
48.2635 13.126 0.135013
48.2148 13.0071 0.136889
48.1862 13.0305 0.136166
48.1657 13.1381 0.139082
48.1352 13.1567 0.139457
48.2123 13.0965 0.137781
48.2569 13.0282 0.138982
48.2512 13.0256 0.138789
48.2854 13.0149 0.139279
48.2238 12.9577 0.138529
48.2273 12.9548 0.138504
48.1218 13.053 0.138392
48.2637 12.9559 0.137234
48.2308 13.0859 0.141181
48.1948 13.0172 0.138773
48.2559 13.0829 0.135659
48.2101 12.9907 0.136394
48.2705 12.978 0.138726
48.2686 12.9741 0.138611
48.245 13.0501 0.137842
48.1243 13.0464 0.139557
48.2024 13.0135 0.138939
48.235 13.1095 0.136208
48.194 13.144 0.136618
48.2552 12.9994 0.138384
48.2591 13.0025 0.13842
48.2607 13.121 0.138545
48.2565 13.1169 0.14155
48.2191 12.9878 0.137656
48.2099 12.98 0.137628
48.2738 13.0004 0.137459
48.2299 13.0638 0.135931
48.2729 12.98 0.137964
48.2771 12.9807 0.137879
48.2001 13.0154 0.137574
48.2001 13.0096 0.13746
48.2799 13.0524 0.139524
48.2457 13.0612 0.138446
48.2144 13.1342 0.137816
48.226 12.9253 0.135211
48.2392 13.0138 0.138983
48.2344 13.0081 0.138964
48.2674 13.1553 0.140946
48.2549 13.1097 0.135625
48.2655 13.0594 0.137291
48.1373 13.1578 0.138543
48.2986 13.074 0.135513
48.2268 13.1021 0.138124
48.2454 13.0724 0.138423
48.2775 13.0812 0.136298
48.2461 12.9502 0.140055
48.1633 12.9784 0.141103
48.2553 12.9268 0.136241
48.1746 13.0619 0.140468
48.2413 13.0142 0.137718
48.2908 13.0685 0.137086
48.2547 13.0094 0.13711
48.2494 13.0115 0.137059
48.1719 13.0573 0.136169
48.2992 13.0808 0.137069
48.2572 13.003 0.137667
48.1973 13.008 0.140886
48.2757 12.9927 0.137441
48.1728 13.0624 0.139009
48.1805 13.0362 0.136553
48.2362 12.9192 0.135088
48.2364 13.1319 0.135138
48.2624 13.0445 0.141416
48.26 12.9962 0.136456
48.1881 13.0448 0.138473
48.214 13.0064 0.138145
48.1426 12.9811 0.138213
48.2051 12.9158 0.139453
48.2267 13.0602 0.138959
48.1991 12.9966 0.139861
48.2614 12.986 0.1372
48.2652 12.9894 0.137477
48.2579 13.1325 0.136068
48.1821 12.9669 0.1366
48.1993 12.9643 0.135685
48.227 13.0262 0.137346
48.1901 13.082 0.1379
48.2262 13.0562 0.138187
48.1313 13.0653 0.139687
48.2493 13.056 0.137456
48.1887 13.0601 0.139129
48.2629 13.1101 0.141365
48.2303 13.0741 0.138785
48.2769 13.0919 0.136492
48.2255 13.06 0.135977
48.2453 13.0945 0.137625
48.1954 13.0613 0.138746
48.2619 13.0002 0.137807
48.254 13.0009 0.137895
48.2394 13.0502 0.138704
48.1424 13.0613 0.139086
48.2247 13.1141 0.139688
48.1767 13.0207 0.138076
48.2764 13.0287 0.139978
48.2676 13.0441 0.13637
48.2407 13.0366 0.13712
48.2394 12.9767 0.136935
48.1935 13.038 0.138912
48.2152 12.9855 0.135399
48.2221 13.0026 0.135682
48.1266 13.0741 0.139382
48.204 12.9458 0.138499
48.2411 13.1063 0.142502
48.2431 13.1853 0.137312
48.23 13.0824 0.138994
48.2172 13.0146 0.138311
48.2213 13.0215 0.138384
48.2187 13.0082 0.135802
48.2783 13.0652 0.138562
48.2571 13.0879 0.137963
48.3106 13.0422 0.138087
48.2982 13.0462 0.136019
48.2279 13.0215 0.138145
48.2277 13.0225 0.137956
48.2772 13.0577 0.138965
48.2364 12.9573 0.138176
48.2232 12.9876 0.13525
48.2421 13.0073 0.136142
48.2315 13.017 0.138971
48.2678 13.1261 0.135172
48.2054 12.996 0.139575
48.2155 13.0125 0.136728
48.2171 13.079 0.13825
48.229 13.0158 0.140771
48.176 12.9342 0.134783
48.1968 13.0852 0.139073
48.2095 12.9988 0.135896
48.2147 13.0906 0.137805
48.2096 13.0768 0.137209
48.2632 13.0267 0.138945
48.2878 13.0191 0.139213
48.2101 13.0243 0.137542
48.1377 13.0178 0.138835
48.2677 12.9591 0.137007
48.2611 12.9631 0.137
48.1923 13.0149 0.138659
48.2575 13.0594 0.139126
48.2478 13.047 0.13449
48.2127 12.9888 0.136575
48.1563 13.0772 0.138716
48.1944 13.1023 0.137137
48.1989 13.1023 0.137224
48.2442 13.1093 0.140272
48.2149 13.0517 0.138251
48.233 13.0628 0.136439
48.2514 13.0477 0.13784
48.2024 13.0396 0.140006
48.2043 13.0718 0.138265
48.2114 13.0115 0.139055
48.2324 13.1089 0.136516
48.2621 13.1215 0.138674
48.281 13.109 0.136796
48.2861 13.1148 0.136769
48.2727 13.0926 0.139015
48.2178 12.9861 0.137653
48.2172 13.0721 0.135826
48.272 12.9982 0.137462
48.1962 13.045 0.13587
48.2791 12.9818 0.137687
48.2798 12.9758 0.137821
48.2755 12.9757 0.137781
48.2487 12.9993 0.135084
48.2774 13.0536 0.139331
48.2489 13.0586 0.138528
48.2271 12.9304 0.135026
48.2338 13.0115 0.134651
48.213 13.0853 0.139157
48.1659 12.9694 0.136674
48.2521 13.1109 0.135849
48.2645 13.0656 0.137365
48.2672 13.0567 0.13818
48.2111 13.0691 0.136945
48.2992 13.0799 0.135517
48.1592 13.0074 0.138262
48.2203 13.0985 0.138239
48.2342 12.9516 0.138135
48.1505 13.0517 0.139062
48.1858 13.0855 0.138496
48.1718 13.0152 0.138539
48.1798 12.982 0.13997
48.2095 12.9008 0.136795
48.2413 13.0083 0.13777
48.2919 13.073 0.137091
48.2522 13.0084 0.137232
48.1781 13.0999 0.141817
48.2966 13.083 0.137068
48.2011 13.0947 0.139878
48.2587 13.0035 0.137502
48.1917 12.9244 0.138558
48.2794 12.9953 0.137561
48.2717 12.9953 0.137467
48.1694 13.0616 0.138668
48.1846 13.0296 0.136489
48.2544 13.1229 0.137395
48.1568 13.0475 0.138765
48.2627 13.0559 0.141371
48.2677 13.0483 0.141381
48.1985 13.0941 0.13945
48.1972 13.0937 0.139477
48.1659 13.0416 0.138075
48.213 13.0055 0.138223
48.2154 13.0063 0.138204
48.1178 13.0696 0.139286
48.149 13.0239 0.137514
48.2245 13.0616 0.138895
48.2578 12.9888 0.137307
48.2624 12.9958 0.137356
48.2467 13.0583 0.138416
48.1727 13.065 0.137921
48.2203 13.2028 0.139747
48.2594 12.9824 0.137107
48.1995 12.9704 0.135824
48.224 13.0845 0.135759
48.1938 13.0751 0.137763
48.1713 13.0863 0.139743
48.2238 13.0557 0.1382
48.2238 13.05 0.138057
48.1916 13.0606 0.136253
48.2481 13.0585 0.137487
48.204 13.0507 0.140383
48.1727 13.0092 0.136354
48.276 13.0913 0.136261
48.2222 13.0152 0.140142
48.2263 13.0184 0.139913
48.2553 13.0327 0.137965
48.2582 13.0339 0.137873
48.2461 13.0907 0.137606
48.2557 12.9989 0.13775
48.2369 13.0526 0.138742
48.2848 13.0831 0.139823
48.2629 13.0267 0.138557
48.1972 13.0215 0.138086
48.275 13.0314 0.140047
48.2684 13.0499 0.136419
48.2766 13.0433 0.136537
48.2356 13.0431 0.137323
48.2278 13.0116 0.136314
48.2435 12.9756 0.136985
48.1701 13.0403 0.136216
48.2053 13.0565 0.135526
48.2197 13.008 0.135568
48.2011 13.046 0.137071
48.2023 12.9423 0.138529
48.2053 13.0462 0.141085
48.2921 13.0115 0.135631
48.2976 13.0093 0.135532
48.2601 13.0644 0.137091
48.218 13.0509 0.138144
48.1848 13.0761 0.137372
48.2681 12.9733 0.136794
48.2709 12.9741 0.136821
48.2733 13.0686 0.13869
48.2523 13.0829 0.138129
48.2035 12.975 0.139196
48.2951 13.0412 0.136104
48.2362 13.0217 0.138025
48.2318 13.0276 0.135796
48.1172 13.1308 0.138045
48.241 12.9573 0.137939
48.2237 12.9945 0.135218
48.2369 13.0015 0.136251
48.2261 12.9904 0.141797
48.1587 13.0573 0.140477
48.2497 12.9974 0.135698
48.2995 13.033 0.139082
48.2203 13.0984 0.138487
48.2073 13.0603 0.137666
48.1316 13.1616 0.139361
48.2209 13.0039 0.137932
48.2058 13.0908 0.137911
48.2605 13.0318 0.139082
48.1916 13.0224 0.138023
48.2423 13.0091 0.139893
48.1975 13.0193 0.138812
48.2543 13.0617 0.139176
48.2515 13.0523 0.13432
48.2466 13.1199 0.140193
48.2336 13.0449 0.138045
48.2477 13.0555 0.13767
48.1849 13.0331 0.137045
48.2661 12.9748 0.136836
48.2317 13.0993 0.136451
48.2551 12.9953 0.138559
48.2828 13.1101 0.1368
48.2775 13.093 0.13907
48.2764 13.0854 0.138948
48.2591 13.0167 0.139055
48.2244 13.0706 0.135758
48.2241 13.0721 0.135988
48.2697 12.9995 0.13727
48.2431 13.0535 0.136437
48.2732 12.9793 0.137937
48.2753 13.0517 0.139319
48.1046 13.0635 0.136656
48.2423 13.013 0.134649
48.1678 12.9669 0.136393
48.2228 12.9378 0.137031
48.2657 13.0628 0.137363
48.2729 13.0599 0.137757
48.272 13.0577 0.138091
48.1967 13.0011 0.137525
48.1985 13.0071 0.137707
48.2314 12.9481 0.138028
48.1945 13.0162 0.138233
48.1818 13.1567 0.136994
48.2813 13.0735 0.136261
48.2473 12.9439 0.139995
48.2054 13.0799 0.13733
48.2092 13.0796 0.137418
48.209 13.0662 0.136656
48.2064 13.065 0.136397
48.2886 13.0687 0.137065
48.2524 13.0089 0.137207
48.1691 13.0563 0.136265
48.2161 13.1039 0.138634
48.2731 13.0187 0.139736
48.1849 13.0834 0.140368
48.1995 13.0129 0.140653
48.2117 12.984 0.138357
48.1833 13.0343 0.136549
48.2417 12.9229 0.135256
48.2575 13.0489 0.141373
48.1194 13.0406 0.139774
48.262 13.0016 0.136629
48.2582 13.0025 0.136598
48.1967 13.0432 0.138456
48.188 13.04 0.138269
48.1882 13.0352 0.138563
48.2248 12.9706 0.137268
48.2272 12.9689 0.137169
48.2763 13.0739 0.136148
48.2775 13.0759 0.13602
48.2838 13.0213 0.137431
48.2301 13.0535 0.138063
48.2604 12.989 0.13732
48.2595 12.9873 0.137553
48.1853 12.9604 0.140011
48.1337 13.043 0.137291
48.2463 13.0602 0.138018
48.1927 13.0668 0.135925
48.2308 13.1299 0.140895
48.2584 12.9868 0.137197
48.2338 13.026 0.137343
48.1487 13.0232 0.13881
48.1795 13.0322 0.138519
48.2181 13.0843 0.136694
48.2451 13.0552 0.137524
48.2518 13.0427 0.136976
48.1718 13.0084 0.1365
48.2292 13.1138 0.136799
48.2612 13.0293 0.138158
48.2171 13.0449 0.136139
48.2559 12.9948 0.137835
48.2618 12.9978 0.137845
48.2256 13.0018 0.137602
48.236 13.0452 0.138688
48.2168 12.9791 0.140559
48.2821 13.078 0.139684
48.2666 13.0306 0.138528
48.2634 13.0268 0.138401
48.186 13.0525 0.139476
48.2685 13.0422 0.13649
48.2408 13.0375 0.137009
48.2339 13.0401 0.137088
48.2377 13.0402 0.137052
48.1507 13.057 0.139802
48.2415 12.9761 0.137058
48.2388 12.9783 0.137023
48.2003 13.0375 0.139003
48.1979 13.0366 0.13875
48.2711 12.9866 0.138521
48.198 13.0454 0.137093
48.1745 13.0771 0.137452
48.2046 12.9449 0.138491
48.1247 13.0921 0.139909
48.2996 13.0092 0.135637
48.2255 13.1089 0.13877
48.2178 13.0534 0.138149
48.2214 13.0515 0.138126
48.2314 13.0939 0.137405
48.1888 13.0696 0.137701
48.2019 13.1637 0.140829
48.2668 12.9773 0.136613
48.2592 13.0858 0.140856
46.2946 13.4674 0.156076
