268.613 24.5888 5.69078
268.571 24.6049 5.68739
268.558 24.6066 5.68976
268.66 24.6457 5.69392
268.627 24.6925 5.69052
268.583 24.6149 5.68614
268.668 24.6202 5.69168
268.691 24.6248 5.69052
268.573 24.6542 5.68688
268.591 24.7279 5.68517
268.609 24.6214 5.69011
268.606 24.6488 5.69155
268.518 24.6628 5.69228
268.559 24.6063 5.68679
268.575 24.6173 5.68816
268.605 24.5175 5.68667
268.643 24.6839 5.68951
268.615 24.7087 5.68553
268.627 24.5595 5.68659
268.621 24.561 5.68662
268.624 24.5751 5.68689
268.583 24.5674 5.68807
268.593 24.6782 5.69193
268.652 24.6318 5.68901
268.651 24.6339 5.68899
268.674 24.645 5.68911
268.689 24.5879 5.68689
268.551 24.6545 5.6876
268.556 24.6451 5.69
268.631 24.5528 5.69168
268.654 24.6437 5.68786
268.605 24.7365 5.68773
268.58 24.685 5.68805
268.593 24.5973 5.69052
268.652 24.7237 5.68913
268.636 24.6571 5.68694
268.536 24.6231 5.68676
268.506 24.609 5.68818
268.605 24.606 5.69055
268.575 24.6187 5.69245
268.528 24.5766 5.68851
268.567 24.5325 5.69034
268.629 24.7143 5.69027
268.575 24.5974 5.68893
268.633 24.6062 5.68782
268.609 24.5827 5.68808
268.658 24.6754 5.68864
268.615 24.6841 5.68897
268.493 24.6531 5.69192
268.689 24.5879 5.68889
268.613 24.607 5.68931
268.495 24.6103 5.69413
268.578 24.6896 5.69066
268.616 24.6084 5.69011
268.577 24.6606 5.68832
268.659 24.608 5.68663
268.574 24.5607 5.69272
268.639 24.6783 5.69236
268.53 24.5772 5.68968
268.63 24.5813 5.68677
268.639 24.6026 5.69298
268.641 24.7013 5.68668
268.581 24.6583 5.69147
268.679 24.5266 5.69136
268.58 24.6435 5.69235
268.591 24.5816 5.68923
268.598 24.576 5.69092
268.599 24.5809 5.69002
268.542 24.6024 5.69074
268.628 24.6159 5.6879
268.63 24.6145 5.68794
268.642 24.7035 5.68849
268.535 24.627 5.68754
268.565 24.6554 5.69383
268.594 24.5003 5.69273
268.622 24.637 5.68979
268.543 24.5805 5.69151
268.535 24.5836 5.69143
268.615 24.5966 5.68728
268.616 24.5993 5.68741
268.651 24.5638 5.68764
268.649 24.5704 5.68741
268.568 24.6097 5.6892
268.592 24.5463 5.68826
268.674 24.6057 5.69094
268.696 24.6433 5.68882
268.615 24.4922 5.69169
268.613 24.4865 5.6916
268.535 24.4805 5.69066
268.521 24.6282 5.68901
268.721 24.6475 5.68626
268.604 24.541 5.69222
268.487 24.7455 5.68986
268.595 24.6209 5.69146
268.65 24.5497 5.68453
268.638 24.5801 5.6872
268.488 24.5977 5.69451
268.68 24.6008 5.68862
268.645 24.6174 5.69119
268.604 24.6524 5.68869
268.534 24.6251 5.68906
268.533 24.6208 5.68928
268.536 24.6198 5.68915
268.536 24.6166 5.6894
268.588 24.6364 5.68796
268.623 24.6787 5.68831
268.637 24.6021 5.69175
268.633 24.5971 5.69172
268.596 24.5828 5.69076
268.649 24.7102 5.69433
268.532 24.6155 5.68625
268.616 24.6121 5.69083
268.594 24.5735 5.69039
268.582 24.6571 5.69218
268.498 24.5638 5.68696
268.554 24.5987 5.69101
268.621 24.6361 5.69358
268.643 24.7192 5.68777
268.565 24.6787 5.68888
268.581 24.5967 5.68767
268.641 24.6386 5.69011
268.622 24.5456 5.68726
268.567 24.6447 5.6914
268.554 24.5814 5.69146
268.521 24.6833 5.69075
268.52 24.5921 5.69165
268.518 24.5955 5.69157
268.596 24.6413 5.69221
268.614 24.537 5.68914
268.653 24.6312 5.68729
268.598 24.7064 5.69131
268.617 24.695 5.68762
268.69 24.6422 5.69263
268.61 24.5579 5.6919
268.627 24.6212 5.68937
268.578 24.5969 5.69064
268.643 24.6314 5.6892
268.584 24.5195 5.69047
268.606 24.5338 5.69162
268.583 24.5843 5.69312
268.597 24.5165 5.69038
268.565 24.5493 5.69197
268.612 24.5978 5.68838
268.51 24.6364 5.69122
268.587 24.6226 5.69055
268.609 24.5438 5.69106
268.578 24.5972 5.68748
268.555 24.6117 5.6885
268.557 24.6079 5.68948
268.58 24.6061 5.69151
268.533 24.5888 5.68566
268.67 24.6278 5.69175
268.619 24.6562 5.68663
268.592 24.5416 5.69007
268.604 24.6466 5.69171
268.563 24.6254 5.69081
268.554 24.6054 5.68683
268.557 24.611 5.68679
268.572 24.6809 5.69077
268.582 24.6209 5.68815
268.608 24.5159 5.68684
268.643 24.6742 5.6918
268.555 24.6421 5.68562
268.63 24.5638 5.68657
268.619 24.5753 5.68696
268.62 24.5775 5.68699
268.6 24.5721 5.68752
268.604 24.5753 5.68734
268.675 24.6202 5.68821
268.535 24.596 5.68841
268.536 24.6747 5.69231
268.544 24.6731 5.69413
268.669 24.6408 5.68921
268.688 24.5828 5.68676
268.644 24.5788 5.68798
268.551 24.6315 5.68935
268.618 24.5567 5.69146
268.653 24.6432 5.68764
268.475 24.5928 5.68977
268.698 24.6248 5.68762
268.647 24.7313 5.68892
268.577 24.6335 5.68804
268.464 24.5961 5.6886
268.535 24.6225 5.68635
268.642 24.6189 5.68886
268.601 24.5997 5.69038
268.501 24.5663 5.69075
268.663 24.6437 5.69121
268.566 24.5389 5.6903
268.605 24.5912 5.69014
268.581 24.5947 5.68609
268.584 24.6342 5.69115
268.613 24.6935 5.69047
268.611 24.5772 5.68816
268.611 24.5793 5.68826
268.58 24.5995 5.68765
268.597 24.6206 5.68711
268.641 24.5896 5.69158
268.685 24.5964 5.69151
268.684 24.5901 5.68889
268.59 24.5847 5.68965
268.619 24.6097 5.68952
268.499 24.6137 5.69435
268.579 24.7063 5.68941
268.625 24.6096 5.6901
268.628 24.605 5.69021
268.57 24.6577 5.6885
268.629 24.5912 5.69038
268.577 24.558 5.69256
268.531 24.5761 5.68981
268.628 24.5896 5.68677
268.627 24.5869 5.68693
268.559 24.5885 5.69077
268.649 24.6929 5.68675
268.584 24.6546 5.69134
268.582 24.6431 5.69224
268.589 24.5826 5.68923
268.618 24.6591 5.691
268.654 24.645 5.69039
268.581 24.6454 5.69151
268.676 24.635 5.68821
268.678 24.6421 5.68823
268.549 24.6016 5.69078
268.566 24.559 5.69112
268.658 24.6236 5.68802
268.575 24.5598 5.69073
268.569 24.65 5.69367
268.652 24.6019 5.6915
268.536 24.5847 5.69153
268.612 24.6024 5.68739
268.616 24.6 5.6875
268.591 24.5518 5.68828
268.66 24.623 5.68859
268.589 24.677 5.69116
268.632 24.6626 5.69032
268.531 24.6759 5.68782
268.583 24.5773 5.69126
268.539 24.4764 5.69076
268.527 24.475 5.69058
268.528 24.6294 5.68881
268.674 24.5934 5.68941
268.72 24.6433 5.68634
268.698 24.7274 5.6901
268.489 24.7431 5.68972
268.588 24.668 5.69141
268.595 24.6795 5.68885
268.57 24.6129 5.68939
268.648 24.6191 5.69134
268.574 24.7232 5.68732
268.592 24.5824 5.69062
268.648 24.6652 5.68868
268.648 24.6056 5.6879
268.655 24.5616 5.6916
268.657 24.5689 5.69134
268.618 24.6191 5.69083
268.612 24.6558 5.69031
268.499 24.6225 5.68757
268.578 24.5452 5.68651
268.583 24.5489 5.68664
268.499 24.5603 5.68698
268.558 24.6011 5.69104
268.506 24.7024 5.69402
268.562 24.6763 5.68877
268.584 24.6386 5.68925
268.574 24.6 5.68649
268.579 24.6018 5.6878
268.637 24.6328 5.69018
268.569 24.646 5.69133
268.532 24.5744 5.69146
268.587 24.6419 5.69231
268.616 24.711 5.68827
268.612 24.5373 5.68903
268.56 24.5889 5.69021
268.57 24.6645 5.68988
268.585 24.614 5.69091
268.579 24.5398 5.69453
268.654 24.6559 5.68945
268.69 24.6347 5.6927
268.695 24.6365 5.69237
268.602 24.5539 5.69174
268.626 24.6236 5.68933
268.573 24.6531 5.69014
268.46 24.795 5.6917
268.58 24.5179 5.6904
268.608 24.5385 5.69159
268.599 24.519 5.69045
268.566 24.5515 5.69191
268.481 24.6488 5.69028
268.543 24.6626 5.69244
268.579 24.6516 5.68983
268.588 24.6161 5.69037
268.581 24.6176 5.69078
268.612 24.5436 5.69122
268.625 24.5928 5.69088
268.663 24.6529 5.68722
268.478 24.5199 5.68802
268.567 24.6112 5.68957
268.541 24.5982 5.69274
268.607 24.7882 5.69022
268.512 24.6964 5.68792
268.532 24.5857 5.68571
268.611 24.6553 5.6864
268.62 24.6551 5.68643
268.596 24.5459 5.69004
268.624 24.6551 5.69095
268.718 24.5986 5.6903
268.619 24.6823 5.6862
268.518 24.6537 5.6919
268.521 24.655 5.69189
268.521 24.6509 5.692
268.56 24.6767 5.69106
268.61 24.5159 5.68694
268.608 24.5083 5.68672
268.709 24.5402 5.69272
268.61 24.7021 5.68686
268.548 24.6277 5.68535
268.618 24.5725 5.68696
268.621 24.5801 5.68701
268.579 24.5634 5.68817
268.668 24.6173 5.68849
268.648 24.6337 5.68915
268.585 24.7308 5.69008
268.648 24.6095 5.68645
268.466 24.7027 5.69468
268.645 24.5821 5.68808
268.623 24.5581 5.69162
268.625 24.5579 5.6914
268.674 24.6142 5.68659
268.63 24.6501 5.68829
268.65 24.6491 5.6907
268.665 24.6472 5.68688
268.632 24.6575 5.68668
268.499 24.6126 5.68825
268.579 24.6612 5.68931
268.605 24.5982 5.69042
268.72 24.6182 5.68936
268.721 24.6185 5.6895
268.593 24.6224 5.68608
268.522 24.5709 5.68858
268.547 24.6593 5.69052
268.594 24.5904 5.68823
268.601 24.5821 5.69026
268.563 24.6942 5.68981
268.576 24.6033 5.68884
268.593 24.5958 5.68591
268.579 24.59 5.68613
268.609 24.6911 5.69055
268.658 24.6744 5.68863
268.613 24.6779 5.68902
268.494 24.6586 5.6919
268.686 24.5953 5.68894
268.596 24.5879 5.68966
268.676 24.5694 5.68895
268.559 24.6813 5.68652
268.529 24.6295 5.68975
268.539 24.63 5.68953
268.641 24.6369 5.68634
268.63 24.68 5.68626
268.64 24.5734 5.68853
268.633 24.585 5.68668
268.602 24.7265 5.68682
268.643 24.6036 5.69277
268.645 24.605 5.69288
268.643 24.6042 5.69293
268.583 24.6616 5.6914
268.52 24.6943 5.68954
268.67 24.5328 5.69116
268.624 24.4827 5.68932
268.624 24.6806 5.68738
268.654 24.644 5.69045
268.63 24.6289 5.69132
268.584 24.6392 5.69147
268.58 24.6379 5.69139
268.602 24.5793 5.69005
268.632 24.6111 5.68784
268.542 24.6272 5.68728
268.591 24.5023 5.69279
268.629 24.633 5.68978
268.559 24.6866 5.68857
268.567 24.5772 5.68773
268.616 24.598 5.68732
268.571 24.6041 5.68914
268.589 24.5502 5.68823
268.684 24.716 5.68595
268.535 24.6759 5.68759
268.613 24.4833 5.69185
268.632 24.6418 5.68682
268.611 24.5393 5.69222
268.605 24.5409 5.69226
268.595 24.673 5.69136
268.64 24.5567 5.68473
268.636 24.5792 5.68729
268.567 24.6115 5.68967
268.682 24.5999 5.68875
268.642 24.6578 5.68624
268.571 24.7173 5.6873
268.595 24.5808 5.69071
268.601 24.5741 5.69068
268.656 24.67 5.6886
268.532 24.6139 5.68626
268.576 24.6812 5.69171
268.585 24.5693 5.69029
268.559 24.5512 5.69238
268.505 24.6281 5.68753
268.581 24.5499 5.68653
268.575 24.5459 5.68657
268.499 24.553 5.68678
268.602 24.6269 5.69104
268.589 24.6289 5.69105
268.648 24.6593 5.68838
268.573 24.6028 5.68667
268.583 24.5984 5.68766
268.568 24.6579 5.68959
268.514 24.6557 5.69243
268.619 24.5504 5.68739
268.568 24.6412 5.69126
268.613 24.6536 5.68749
268.524 24.5977 5.69158
268.604 24.5329 5.68913
268.608 24.5362 5.68895
268.608 24.5335 5.68916
268.56 24.5873 5.69004
268.668 24.6499 5.68808
268.668 24.6468 5.68824
268.652 24.631 5.68743
268.654 24.6301 5.68731
268.606 24.6807 5.69008
268.713 24.5707 5.68823
268.571 24.5451 5.69454
268.578 24.5388 5.69437
268.655 24.6549 5.68962
268.627 24.6167 5.68936
268.568 24.6527 5.69007
268.646 24.6317 5.6891
268.62 24.6553 5.68981
268.644 24.6844 5.68823
268.614 24.5321 5.69166
268.597 24.5191 5.69046
268.569 24.5489 5.69203
268.617 24.5952 5.68855
268.553 24.6421 5.68872
268.58 24.651 5.6898
268.586 24.6211 5.69041
268.607 24.5396 5.69128
268.623 24.5882 5.69102
268.55 24.6115 5.68833
268.638 24.6338 5.69118
268.588 24.682 5.69137
268.672 24.6233 5.69168
268.693 24.6214 5.69061
268.598 24.5469 5.69004
268.565 24.6226 5.6906
268.561 24.6247 5.69062
268.718 24.5995 5.69039
268.685 24.6819 5.68528
268.548 24.6016 5.6867
268.613 24.5165 5.68691
268.613 24.5191 5.68703
268.646 24.6687 5.69178
268.547 24.6317 5.68552
268.616 24.5709 5.68697
268.604 24.5698 5.68745
268.615 24.7048 5.68516
268.587 24.6743 5.69198
268.585 24.5872 5.68517
268.651 24.6358 5.68884
268.656 24.675 5.6888
268.589 24.7332 5.68993
268.537 24.6725 5.69231
268.665 24.642 5.68911
268.686 24.5894 5.68699
268.519 24.6705 5.68747
268.645 24.5781 5.68798
268.485 24.6534 5.6912
268.599 24.6403 5.69078
268.629 24.6544 5.68825
268.582 24.7031 5.69145
268.676 24.6428 5.68685
268.666 24.6451 5.69249
268.577 24.6368 5.68799
268.534 24.6277 5.68644
268.571 24.6546 5.68934
268.621 24.6392 5.68936
268.522 24.5718 5.68838
268.667 24.6433 5.69136
268.567 24.5327 5.69023
268.585 24.5958 5.68814
268.601 24.5909 5.69021
268.576 24.5944 5.68883
268.608 24.6211 5.68883
268.604 24.5753 5.68823
268.587 24.5972 5.68779
268.638 24.6547 5.68603
268.543 24.6174 5.68862
268.645 24.5889 5.69147
268.495 24.6573 5.69185
268.617 24.6514 5.69311
268.687 24.5981 5.69148
268.678 24.5638 5.68878
267.112 22.1375 5.67873
