151.362 21.8493 0.0780388
151.345 21.9096 0.0752111
151.447 21.9813 0.0754753
151.358 21.8398 0.0740802
151.355 21.8758 0.0737569
151.307 21.8979 0.0774068
151.335 21.9289 0.0788903
151.319 21.8747 0.0776995
151.402 21.8315 0.0760413
151.359 21.8629 0.0753791
151.463 21.8231 0.07717
151.407 21.7819 0.0796017
151.427 21.8333 0.0744805
151.318 21.8383 0.0744928
151.387 21.8071 0.0763257
151.302 21.9359 0.0788117
151.403 21.9194 0.0770815
151.404 21.8316 0.0752474
151.347 21.9164 0.0782872
151.413 21.9455 0.0748356
151.43 21.787 0.0750718
151.412 21.9915 0.0756081
151.398 21.8224 0.0789499
151.448 21.9037 0.0763622
151.421 21.8889 0.0766558
151.316 21.8697 0.0777791
151.505 21.7411 0.0777205
151.366 21.8579 0.0766665
151.456 21.777 0.074956
151.434 21.9196 0.076671
151.32 21.9758 0.0765354
151.415 21.8579 0.0801109
151.328 21.8481 0.0774937
151.378 21.7944 0.0758681
151.328 21.8911 0.0745442
151.404 21.9575 0.0780239
151.325 21.8548 0.0717803
151.433 21.988 0.0792132
151.367 21.8254 0.077993
151.276 21.8033 0.0802353
151.327 21.8536 0.0793177
151.309 21.8269 0.079049
151.345 21.8406 0.080922
151.353 21.9186 0.0767408
151.29 21.9406 0.0748053
151.351 21.8566 0.0799
151.289 21.8395 0.0791393
151.407 21.9691 0.0752357
151.286 21.8673 0.0784797
151.396 21.8405 0.0732522
151.326 21.8498 0.0776652
151.228 21.9047 0.0809038
151.462 21.9028 0.0764569
151.294 21.9476 0.0760292
151.415 21.8348 0.0779046
151.415 21.9319 0.0765255
151.352 21.7418 0.0811014
151.301 21.9203 0.0789029
151.38 21.8414 0.0768604
151.406 21.8556 0.0763572
151.488 21.8087 0.0776398
151.376 21.8734 0.0779266
151.45 21.9736 0.0751302
151.36 21.8772 0.0766419
151.299 21.8411 0.0711789
151.425 21.8831 0.0727423
151.463 21.7585 0.0767144
151.362 21.8449 0.0754515
151.321 21.8132 0.0813947
151.284 21.7997 0.0781127
151.398 21.7945 0.0780489
151.443 21.8634 0.080573
151.411 21.8661 0.0800184
151.383 21.9391 0.0792004
151.412 21.87 0.0784896
151.399 21.9102 0.077579
151.411 21.7096 0.0768481
151.483 21.9524 0.07628
151.439 21.9207 0.0751947
151.355 21.8612 0.077918
151.381 21.8567 0.0795223
151.329 21.8201 0.0754476
151.402 21.8063 0.0757919
151.342 21.9063 0.0773981
151.46 21.8904 0.0770967
151.313 21.9116 0.0753169
151.318 21.863 0.074859
151.43 21.9235 0.0753887
151.347 21.9307 0.0746687
151.531 21.8485 0.077328
151.366 21.8697 0.0789343
151.315 21.8466 0.0776617
151.399 22.0802 0.0772107
151.364 21.8136 0.0797141
151.428 21.8795 0.0767116
151.418 21.7716 0.0771165
151.439 21.8161 0.0770029
151.373 21.919 0.0774477
151.385 21.7957 0.0756355
151.362 21.926 0.0746986
151.336 21.8138 0.0795067
151.455 21.9224 0.076465
151.392 21.8195 0.0772569
151.385 21.9055 0.0773629
151.38 21.819 0.0794531
151.363 21.8021 0.0800957
151.378 21.9886 0.0739725
151.401 21.8248 0.0759222
151.444 21.8799 0.0769955
151.452 21.6897 0.0798438
151.44 21.9062 0.0766435
151.384 21.8327 0.0771917
151.264 21.8315 0.0803431
151.302 21.8448 0.0802647
151.403 21.9177 0.0781164
151.417 21.8519 0.0812885
151.354 21.8479 0.081778
151.391 21.7933 0.075668
151.272 21.8292 0.0787079
151.412 21.7862 0.0773631
151.435 21.9321 0.0769225
151.255 21.9429 0.0796271
151.418 21.955 0.0778724
151.461 21.9525 0.0787312
151.364 21.8397 0.0751643
151.365 21.8164 0.0769878
151.326 21.8221 0.0771809
151.455 21.8745 0.0759536
151.457 21.8727 0.078772
151.33 21.9777 0.0772228
151.347 21.9042 0.0790875
151.424 21.9876 0.0795057
151.385 21.9135 0.0757965
151.298 21.8261 0.0736175
151.438 21.93 0.0758114
151.313 21.8926 0.0791318
151.331 21.891 0.0734852
151.476 21.6985 0.0768133
151.422 21.842 0.0758068
151.315 21.7644 0.078894
151.361 21.9844 0.075199
151.288 21.9544 0.076621
151.442 21.8033 0.0747533
151.376 21.8317 0.0797095
151.369 21.8436 0.0784433
151.359 21.9633 0.0749423
151.373 21.9076 0.0735996
151.399 21.8995 0.077264
151.467 21.8557 0.0753115
151.323 21.8826 0.0785674
151.345 21.8777 0.076586
151.464 21.7867 0.0771861
151.455 21.6911 0.0805368
151.386 21.9275 0.0760852
151.306 21.8619 0.0755133
151.37 21.8147 0.0789844
151.316 22.0052 0.077726
151.411 21.887 0.0747879
151.379 21.7695 0.0716472
151.376 21.8069 0.0764748
151.389 21.8657 0.0769829
151.354 21.8969 0.0792739
151.375 21.916 0.0794549
151.365 21.8249 0.0754578
151.378 21.8523 0.0790814
151.446 21.8737 0.0783149
151.313 21.9406 0.0784868
151.284 21.7949 0.0793221
151.426 21.878 0.079136
151.353 21.9258 0.0774684
151.414 21.8524 0.0766556
151.235 21.96 0.0742981
151.359 21.8983 0.075956
151.375 21.8602 0.0751666
151.418 21.9 0.0769593
151.41 21.8707 0.0768522
151.421 21.8109 0.076385
151.388 21.8358 0.0803011
151.432 21.8164 0.0757417
151.505 21.833 0.0751766
151.477 21.9053 0.0755213
151.34 21.8771 0.0780801
151.327 21.9102 0.0735299
151.378 21.894 0.0778035
151.454 21.8502 0.0734526
151.544 21.9888 0.0747421
151.389 21.8259 0.0818046
151.38 21.8046 0.0734742
151.264 21.915 0.0787244
151.286 21.8656 0.0770683
151.408 21.8467 0.0740251
151.391 21.9516 0.0762594
151.271 21.9677 0.0809716
151.241 21.8353 0.0745668
151.372 21.8512 0.0755092
151.437 21.9792 0.074405
151.405 21.8001 0.080866
151.361 21.9568 0.0735801
151.361 21.8604 0.0780512
151.26 21.8895 0.0757282
151.403 21.7959 0.0765526
151.356 21.914 0.078005
151.394 21.7823 0.0764363
151.387 21.8548 0.0770581
151.426 21.9209 0.0770292
151.314 22.0086 0.0767673
151.29 21.9052 0.0775424
151.336 21.9075 0.0783004
151.441 21.8223 0.0774124
151.302 21.7844 0.0786893
151.475 21.7917 0.0755383
151.421 21.8571 0.0789024
151.411 21.8258 0.0755171
151.397 21.8632 0.0757113
151.279 21.8725 0.0769996
151.356 21.8585 0.0768197
151.365 21.8356 0.0778165
151.476 21.7971 0.0776173
151.458 21.7421 0.0790374
151.457 21.6936 0.0776731
151.339 21.8686 0.0749017
151.321 21.9621 0.0761131
151.474 21.8467 0.074628
151.26 21.8932 0.0779956
151.338 21.9317 0.0797741
151.405 21.8867 0.0733203
151.416 21.8013 0.0763832
151.365 21.7698 0.0794878
151.376 21.8243 0.0803364
151.393 21.9427 0.0756905
151.402 21.8304 0.0764225
151.368 21.7322 0.0794375
151.486 21.6957 0.0771323
151.379 21.7617 0.0783969
151.432 21.6461 0.0763394
151.337 21.8786 0.0787678
151.399 21.9118 0.0773456
151.417 21.9754 0.0784401
151.439 21.8226 0.0773391
151.397 21.849 0.0802029
151.371 21.8858 0.0742236
151.389 21.8802 0.0738196
151.44 21.9009 0.0778823
151.426 21.9049 0.0777649
151.354 21.8583 0.0791025
151.403 21.8231 0.0812118
151.488 21.8739 0.0766199
151.355 21.8606 0.0810853
151.328 21.8843 0.0817982
151.27 21.817 0.077149
151.346 21.7097 0.0775268
151.338 21.8545 0.0800792
151.369 21.8622 0.0788869
151.418 21.9493 0.0777729
151.371 21.6986 0.0788494
151.254 21.8764 0.0776601
151.422 21.9442 0.0760818
151.396 21.8679 0.0778778
151.261 21.8885 0.0804464
151.377 21.934 0.0739169
151.439 21.8126 0.0746097
151.397 21.8996 0.0738878
151.45 21.9633 0.0734809
151.412 21.7646 0.0756713
151.392 21.824 0.0720362
151.498 21.8945 0.0761937
151.326 21.7938 0.0797736
151.285 21.901 0.0781882
151.477 21.8654 0.0746513
151.314 21.907 0.0733913
151.429 22.0871 0.0793939
151.313 21.8648 0.0741349
151.354 21.9014 0.0754321
151.474 21.9822 0.0749062
151.46 21.8871 0.0738988
151.409 21.8301 0.0775112
151.341 21.8031 0.0780366
151.376 21.7945 0.0794717
151.367 21.8771 0.0797908
151.357 21.8761 0.0745113
151.302 21.8475 0.0755473
151.353 21.8882 0.0774512
151.524 21.9974 0.0762008
151.397 21.7964 0.0742199
151.354 21.8873 0.0778026
151.408 21.9443 0.074715
151.477 21.7436 0.0792652
151.341 21.9828 0.0768481
151.363 21.9265 0.0777398
151.351 21.8008 0.0770851
151.327 21.9619 0.0774958
151.317 21.916 0.0765237
151.362 21.7991 0.0770974
151.384 21.8436 0.0770362
151.466 21.9518 0.0778365
151.434 21.8102 0.0761595
151.391 21.8478 0.0766073
151.362 21.9062 0.0750547
151.385 21.8213 0.0800521
151.368 22.004 0.0806188
151.42 21.824 0.0769518
151.345 21.9496 0.0775178
151.36 21.8786 0.077353
151.381 21.8545 0.0753302
151.387 21.9026 0.0771302
151.423 21.8392 0.0757474
151.431 21.8596 0.0760759
151.402 21.8265 0.0768722
151.438 21.8703 0.0733679
151.358 21.9028 0.0741459
151.397 21.7889 0.07774
151.372 21.929 0.0781749
151.378 21.7919 0.0749033
151.364 21.916 0.0786886
151.299 21.7982 0.0806105
151.316 21.8666 0.0802347
151.394 21.865 0.0772526
151.394 21.8314 0.0749351
151.326 21.8337 0.078591
151.277 21.7752 0.0766497
151.35 21.8438 0.0745747
151.496 21.9647 0.076829
151.467 21.9467 0.0775476
151.346 21.8441 0.072869
151.26 21.8647 0.0771519
151.279 21.7989 0.0781408
151.311 21.8629 0.07709
151.221 21.962 0.0799906
151.23 21.9125 0.0813823
151.47 21.7485 0.0767126
151.345 21.8603 0.0753731
151.429 21.9303 0.0807366
151.464 21.9593 0.079349
151.368 21.7658 0.0780392
151.353 21.8689 0.0765396
151.446 21.791 0.0763104
151.444 21.7907 0.0758033
151.433 21.9451 0.0757564
151.363 21.8006 0.0765899
151.393 21.8137 0.0797261
151.455 21.8483 0.0775079
151.468 21.9013 0.079596
151.359 21.8316 0.0781856
151.41 21.8939 0.0768298
151.337 21.8806 0.0750733
151.352 21.903 0.0756801
151.434 21.9564 0.0784178
151.375 21.869 0.0747985
151.408 21.8193 0.076785
151.3 21.9633 0.0772164
151.301 21.8952 0.0788103
151.249 21.9061 0.0780743
151.291 21.8638 0.0786815
151.371 21.8105 0.0788669
151.404 21.7733 0.0796131
151.444 21.8121 0.0784973
151.376 21.8734 0.0749842
151.449 21.9101 0.0792263
151.348 21.8569 0.0755746
151.371 21.8746 0.0752319
151.406 21.932 0.0780434
151.39 21.9064 0.0769987
151.344 21.8517 0.075644
151.424 21.8583 0.0766017
151.322 21.9174 0.0766972
151.391 21.8845 0.0808879
151.264 21.9178 0.0769594
151.419 21.7508 0.0807103
151.341 21.9321 0.0775501
151.441 21.7777 0.0785012
151.374 21.8435 0.0771312
151.356 21.9414 0.0798253
151.321 21.867 0.0778373
151.348 21.9485 0.0788927
151.415 21.8631 0.0749359
151.423 21.8659 0.079317
151.362 21.8475 0.0805166
151.39 21.9078 0.0791973
151.383 21.8116 0.073954
151.402 21.9662 0.0748023
151.29 21.8031 0.079078
151.443 21.8196 0.0760612
151.373 22.0056 0.0773528
151.327 21.9073 0.0769591
151.311 21.8032 0.0783269
151.516 21.9794 0.0752817
151.412 21.9562 0.0740867
151.429 21.8649 0.0723018
151.283 21.9021 0.074721
151.381 21.7368 0.0770864
151.439 21.8615 0.0778097
151.353 21.793 0.0737099
151.41 21.896 0.0764755
151.22 21.8608 0.080853
151.398 21.9568 0.0765019
151.392 21.8953 0.0739623
151.341 21.8231 0.0788103
151.315 21.9318 0.0756349
151.437 21.9356 0.0756436
151.346 21.8748 0.0778827
151.392 21.851 0.0761996
151.447 21.8166 0.0770637
151.396 21.9501 0.0761295
151.379 21.8752 0.0786984
151.354 21.9069 0.0790416
151.42 21.9796 0.0757052
151.401 21.9385 0.0756407
151.375 22.0053 0.0784649
151.389 21.8932 0.0755209
151.375 21.7593 0.0786857
151.47 22.0146 0.0783191
151.334 21.89 0.0743018
151.476 21.8859 0.0763314
151.399 21.9248 0.0764632
151.375 22.0294 0.0775806
151.44 22.0033 0.0796043
151.488 21.8783 0.0752294
151.358 21.8391 0.0734811
151.311 21.9344 0.0762534
151.381 21.8206 0.0756006
151.345 21.9352 0.0770443
151.415 21.8657 0.0742966
151.45 21.8872 0.07544
151.357 21.9063 0.0767958
151.445 21.8875 0.0774695
151.424 21.8501 0.075713
151.42 21.8394 0.079469
151.36 21.8146 0.0777119
151.378 21.8187 0.0768358
151.42 21.8381 0.0746808
151.419 21.8896 0.0762313
151.388 21.8627 0.0762399
151.385 21.8352 0.0773768
151.28 21.8463 0.0771853
151.378 21.847 0.0754165
151.34 21.8665 0.0772453
151.396 21.8819 0.0757974
151.442 21.833 0.0779698
151.482 21.8656 0.0746124
151.372 21.9105 0.07613
151.373 21.8962 0.0773692
151.503 21.8 0.0771995
151.446 21.8095 0.0773762
151.421 21.8707 0.0778207
151.355 21.7945 0.0771815
151.342 21.8565 0.0759947
151.339 21.9109 0.0805625
151.379 22.0437 0.0784746
151.301 22.0442 0.0791843
151.328 21.8474 0.0751437
151.474 21.7558 0.07604
151.406 21.9352 0.0777183
151.44 21.7638 0.0778682
151.479 21.8413 0.0773784
151.407 21.8195 0.0781687
151.404 21.804 0.0766079
151.375 21.9649 0.0790894
151.385 21.9787 0.0790605
151.354 21.8574 0.0728906
151.367 21.8672 0.0746179
151.337 21.9034 0.0765472
151.401 21.921 0.0750813
151.357 21.817 0.0800602
151.326 21.8986 0.0749001
151.395 21.9569 0.0796576
151.413 21.9271 0.0770377
151.437 21.8532 0.079206
151.466 21.7843 0.0729573
151.332 21.83 0.0803817
151.374 21.9321 0.0769303
151.424 21.8909 0.07604
151.4 21.9604 0.0735505
151.323 21.8554 0.0775738
151.332 21.8432 0.078753
151.412 21.7586 0.0801594
151.321 21.8949 0.0761099
151.336 21.8038 0.0781549
151.363 21.9084 0.0774713
151.387 21.9419 0.0763641
151.389 21.8311 0.0783415
151.405 21.7612 0.0782521
151.528 21.8905 0.0761159
151.391 21.8651 0.076985
151.357 21.7708 0.0801595
151.249 21.9373 0.0766005
151.31 21.8316 0.0740463
151.365 21.7973 0.0760832
151.364 21.9449 0.0747424
151.471 22.0069 0.0774327
151.396 21.7307 0.0770652
151.372 21.8157 0.0751065
151.425 21.877 0.0748048
151.277 21.9242 0.0793276
151.328 21.8484 0.0789742
151.285 21.8664 0.078119
151.341 21.9105 0.0783597
151.302 21.9082 0.0789329
151.381 21.7439 0.0778628
151.37 21.8411 0.0761264
150.359 22.2749 0.0567648
