-3.58459 2.66044 0.341722
-3.56926 2.63452 0.33821
-3.7782 2.66106 0.343286
-3.76052 2.60208 0.343624
-3.63224 2.58927 0.345649
-3.76652 2.53147 0.344426
-3.56676 2.66827 0.339803
-3.58542 2.72487 0.341591
-3.59061 2.66631 0.34005
-3.62889 2.61464 0.337748
-3.62452 2.61682 0.339221
-3.56251 2.64143 0.344154
-3.63034 2.62833 0.33881
-3.66856 2.65873 0.338623
-3.55505 2.62717 0.341573
-3.61755 2.69483 0.346405
-3.71936 2.52778 0.339388
-3.59079 2.5854 0.342995
-3.70124 2.53119 0.341346
-3.59909 2.64439 0.338715
-3.63028 2.54907 0.340716
-3.6479 2.61067 0.341201
-3.66463 2.68432 0.346033
-3.63685 2.61728 0.343079
-3.57963 2.571 0.341562
-3.58982 2.65421 0.342406
-3.61862 2.72767 0.345381
-3.61685 2.68208 0.343205
-3.71287 2.60419 0.339683
-3.55805 2.6978 0.341735
-3.54568 2.59811 0.336798
-3.64211 2.69759 0.339523
-3.59254 2.6377 0.342394
-3.65699 2.56925 0.341026
-3.60789 2.64754 0.343541
-3.58482 2.65013 0.342164
-3.74992 2.74503 0.336648
-3.58882 2.732 0.338077
-3.67995 2.59129 0.342133
-3.68647 2.53285 0.340182
-3.63599 2.64645 0.341944
-3.52872 2.69782 0.343523
-3.51371 2.49577 0.343451
-3.52792 2.48762 0.342243
-3.64638 2.63025 0.339095
-3.75546 2.66616 0.340179
-3.68025 2.60258 0.336958
-3.63736 2.64654 0.346798
-3.58636 2.54663 0.337481
-3.69178 2.6028 0.341315
-3.67623 2.68494 0.342859
-3.67031 2.4811 0.342665
-3.61922 2.60066 0.339845
-3.6784 2.50881 0.339897
-3.66315 2.56817 0.341401
-3.63956 2.66055 0.342227
-3.6106 2.57585 0.340995
-3.60162 2.7471 0.344093
-3.59127 2.51324 0.344581
-3.58134 2.54164 0.341554
-3.5991 2.54084 0.342251
-3.75216 2.5574 0.341114
-3.60364 2.72172 0.341518
-3.73331 2.68924 0.342485
-3.65695 2.57467 0.341899
-3.5329 2.55415 0.343121
-3.6671 2.62147 0.339557
-3.64287 2.61432 0.344128
-3.68209 2.52901 0.341017
-3.65054 2.5277 0.343659
-3.65119 2.54469 0.341983
-3.58888 2.71343 0.338878
-3.70696 2.55664 0.341992
-3.75134 2.57942 0.345346
-3.70876 2.60639 0.343019
-3.64382 2.75235 0.345315
-3.57285 2.62472 0.34318
-3.61436 2.6329 0.343572
-3.56163 2.55273 0.343841
-3.68389 2.66091 0.343284
-3.64987 2.57908 0.343566
-3.60334 2.57225 0.341118
-3.63486 2.61694 0.339742
-3.62204 2.60469 0.338394
-3.6077 2.60231 0.33825
-3.69885 2.63103 0.338959
-3.63831 2.60918 0.338081
-3.54633 2.49748 0.341196
-3.64017 2.53146 0.344558
-3.67068 2.6015 0.344299
-3.62466 2.63524 0.345274
-3.64281 2.64716 0.340037
-3.62165 2.57809 0.34006
-3.63457 2.59041 0.341397
-3.51151 2.58071 0.340982
-3.50612 2.56785 0.342559
-3.56911 2.64407 0.339071
-3.58397 2.55513 0.345938
-3.56395 2.50992 0.343316
-3.74447 2.51153 0.343094
-3.64749 2.61082 0.343026
-3.76587 2.53436 0.343639
-3.7955 2.53524 0.340926
-3.64414 2.6833 0.343146
-3.61303 2.70283 0.343878
-3.76507 2.59168 0.340126
-3.59703 2.59667 0.342584
-3.65533 2.81945 0.341814
-3.66644 2.5935 0.343274
-3.58744 2.51693 0.34228
-3.64071 2.62071 0.341625
-3.7294 2.52275 0.342758
-3.65191 2.60589 0.340637
-3.67528 2.65528 0.338119
-3.59034 2.57089 0.342098
-3.60067 2.67316 0.341519
-3.53531 2.587 0.339184
-3.77892 2.6479 0.33897
-3.61702 2.6682 0.339808
-3.59216 2.66043 0.344806
-3.64618 2.75109 0.340694
-3.57409 2.61013 0.335859
-3.72389 2.6183 0.341438
-3.55577 2.68292 0.340363
-3.61306 2.73146 0.340931
-3.65254 2.56359 0.342432
-3.66314 2.49423 0.339307
-3.57918 2.59286 0.344304
-3.54673 2.60859 0.339742
-3.64629 2.54396 0.343068
-3.70576 2.53732 0.344277
-3.4986 2.59786 0.345412
-3.63681 2.73086 0.34002
-3.64124 2.56006 0.340621
-3.60324 2.60204 0.341254
-3.71133 2.49859 0.342172
-3.62887 2.64866 0.343019
-3.67683 2.64292 0.344023
-3.67596 2.62533 0.343617
-3.69536 2.58331 0.341615
-3.66044 2.61637 0.343349
-3.68284 2.7037 0.345114
-3.68875 2.59983 0.340534
-3.6863 2.60634 0.343618
-3.62759 2.68178 0.341511
-3.64572 2.5498 0.339726
-3.63534 2.62233 0.34364
-3.54639 2.57055 0.341923
-3.73034 2.55656 0.340173
-3.63454 2.45013 0.342719
-3.63723 2.58765 0.341872
-3.6084 2.6581 0.339376
-3.66884 2.57462 0.340509
-3.68525 2.6805 0.341742
-3.69179 2.67925 0.338937
-3.59362 2.66079 0.340999
-3.55193 2.6792 0.341725
-3.72314 2.60549 0.341112
-3.60094 2.61548 0.343292
-3.62864 2.6056 0.344509
-3.59362 2.58892 0.343068
-3.58794 2.58515 0.343633
-3.63747 2.58455 0.340351
-3.5757 2.53503 0.342086
-3.53035 2.6284 0.344674
-3.50232 2.69274 0.343345
-3.60878 2.65809 0.339043
-3.61551 2.71442 0.341766
-3.72759 2.62888 0.340773
-3.65446 2.65289 0.344916
-3.61101 2.57229 0.345098
-3.54854 2.55132 0.342447
-3.6797 2.64951 0.343067
-3.7655 2.58471 0.343829
-3.68953 2.62849 0.339773
-3.62305 2.54402 0.338435
-3.71392 2.63809 0.340697
-3.68114 2.68571 0.338284
-3.74797 2.55281 0.345566
-3.61681 2.68073 0.339231
-3.57741 2.7147 0.336828
-3.59948 2.6443 0.339907
-3.66009 2.60537 0.343217
-3.63594 2.64587 0.340135
-3.5823 2.52777 0.341215
-3.66412 2.58475 0.339255
-3.52858 2.54551 0.342768
-3.71832 2.57974 0.34054
-3.71089 2.60099 0.343993
-3.62539 2.5906 0.343185
-3.60837 2.5391 0.343966
-3.64656 2.53672 0.340704
-3.65232 2.58329 0.340643
-3.70505 2.57557 0.340215
-3.66078 2.63535 0.340454
-3.72878 2.66654 0.346011
-3.58132 2.61578 0.339873
-3.65049 2.5454 0.342666
-3.70183 2.58305 0.339162
-3.6063 2.55173 0.344851
-3.62953 2.65179 0.341002
-3.72022 2.59732 0.347099
-3.59286 2.57054 0.34183
-3.60054 2.62172 0.343572
-3.63336 2.62496 0.339544
-3.71249 2.56739 0.340361
-3.61737 2.75557 0.342193
-3.58772 2.608 0.342574
-3.72955 2.57153 0.341126
-3.6365 2.69458 0.345466
-3.75197 2.60511 0.339146
-3.54028 2.64493 0.34459
-3.60827 2.56359 0.335373
-3.69021 2.63784 0.342296
-3.66093 2.6687 0.343705
-3.60521 2.63092 0.344335
-3.63672 2.67309 0.342627
-3.65224 2.60939 0.340334
-3.59388 2.58189 0.342421
-3.66885 2.51226 0.343367
-3.70778 2.58496 0.338802
-3.65692 2.49074 0.339678
-3.75232 2.59043 0.343991
-3.67893 2.70891 0.343592
-3.56867 2.64173 0.337318
-3.62626 2.77679 0.340373
-3.71179 2.56946 0.34073
-3.61342 2.56722 0.34118
-3.63334 2.71757 0.337564
-3.54342 2.63298 0.340574
-3.69777 2.63973 0.343152
-3.68843 2.68697 0.344463
-3.71348 2.66523 0.342848
-3.71477 2.61089 0.341532
-3.53569 2.54619 0.342679
-3.55163 2.597 0.343542
-3.65231 2.62049 0.340942
-3.64297 2.61139 0.34048
-3.70156 2.67472 0.343965
-3.59621 2.61045 0.336557
-3.6966 2.64139 0.339219
-3.66447 2.64336 0.342857
-3.65553 2.5937 0.340475
-3.61136 2.56593 0.340249
-3.65347 2.51136 0.339616
-3.70726 2.58221 0.338787
-3.65603 2.66312 0.344944
-3.67491 2.64675 0.343703
-3.57578 2.61847 0.342859
-3.57934 2.51124 0.343691
-3.66373 2.57909 0.341376
-3.52882 2.62758 0.341595
-3.63001 2.59538 0.34273
-3.63954 2.63013 0.340173
-3.66835 2.65232 0.341456
-3.69211 2.73441 0.343652
-3.63194 2.6561 0.340877
-3.51205 2.55246 0.343551
-3.64539 2.59922 0.342864
-3.65507 2.58349 0.344791
-3.71243 2.55224 0.341562
-3.75216 2.66716 0.342383
-3.60293 2.64657 0.338454
-3.67129 2.5532 0.343988
-3.60875 2.60898 0.340705
-3.67276 2.64978 0.342445
-3.66881 2.70806 0.345564
-3.66239 2.67674 0.343623
-3.71244 2.67148 0.345208
-3.77051 2.60217 0.341323
-3.61528 2.57607 0.344227
-3.62993 2.61341 0.339587
-3.62256 2.61346 0.340491
-3.7205 2.59624 0.340483
-3.65639 2.69751 0.342274
-3.67426 2.57875 0.340677
-3.60695 2.4962 0.342433
-3.6327 2.4955 0.341999
-3.56461 2.65088 0.342354
-3.61894 2.63353 0.344152
-3.69816 2.60276 0.342852
-3.69759 2.58747 0.344165
-3.64742 2.58194 0.341594
-3.691 2.57476 0.340331
-3.59908 2.5503 0.337462
-3.74083 2.64496 0.344876
-3.59694 2.54945 0.343937
-3.53314 2.54063 0.342393
-3.69584 2.56392 0.340448
-3.59392 2.64582 0.343494
-3.66507 2.64528 0.343554
-3.58099 2.57975 0.342321
-3.70906 2.60372 0.343292
-3.68157 2.71084 0.340765
-3.60593 2.49886 0.343551
-3.60303 2.57033 0.343272
-3.78247 2.61305 0.341571
-3.61369 2.59769 0.342385
-3.613 2.54292 0.339512
-3.71082 2.50433 0.34189
-3.65697 2.62794 0.342837
-3.66824 2.59856 0.338934
-3.62996 2.6654 0.344738
-3.62703 2.66726 0.344121
-3.48216 2.64003 0.339487
-3.67904 2.56254 0.345016
-3.55811 2.67312 0.342609
-3.64278 2.4975 0.336289
-3.74864 2.63933 0.339384
-3.64694 2.63774 0.340522
-3.69707 2.65126 0.340286
-3.61585 2.5781 0.343315
-3.58857 2.5123 0.33987
-3.64766 2.62931 0.344853
-3.60602 2.64219 0.344292
-3.60213 2.66374 0.343538
-3.51717 2.60942 0.340423
-3.71179 2.52982 0.340084
-3.67024 2.4949 0.343642
-3.62952 2.67294 0.339283
-3.70084 2.58556 0.344525
-3.61605 2.54417 0.337094
-3.58081 2.67351 0.341546
-3.59952 2.59768 0.339793
-3.57055 2.6484 0.340504
-3.63461 2.65992 0.345013
-3.72416 2.55682 0.339823
-3.70899 2.60683 0.341672
-3.64553 2.53031 0.341699
-3.68636 2.64578 0.339493
-3.64171 2.55539 0.340056
-3.62001 2.65582 0.3442
-3.63121 2.54553 0.339695
-3.66063 2.57649 0.341426
-3.65694 2.66063 0.342488
-3.66716 2.47762 0.345546
-3.72638 2.59028 0.342833
-3.66457 2.51398 0.34291
-3.6546 2.62325 0.342108
-3.67671 2.64877 0.340793
-3.55821 2.58596 0.342784
-3.66166 2.70048 0.344052
-3.66565 2.72455 0.341075
-3.52983 2.55824 0.339951
-3.60178 2.55705 0.342269
-3.54294 2.70571 0.342811
-3.70362 2.54124 0.341966
-3.60267 2.59211 0.342392
-3.65753 2.55235 0.340195
-3.67819 2.55048 0.338489
-3.68955 2.55054 0.339123
-3.63445 2.51512 0.341663
-3.56333 2.60226 0.346014
-3.65433 2.61811 0.340436
-3.5836 2.62252 0.341862
-3.6383 2.63879 0.342025
-3.62673 2.57122 0.343752
-3.62432 2.62612 0.343106
-3.78394 2.57949 0.339473
-3.68155 2.64521 0.343586
-3.77624 2.64257 0.345405
-3.68719 2.58582 0.340539
-3.65808 2.70056 0.339314
-3.593 2.60843 0.339146
-3.64538 2.57899 0.341316
-3.60804 2.62222 0.34135
-3.72984 2.62246 0.340484
-3.43174 2.52079 0.337345
-3.55785 2.73103 0.337661
-3.62315 2.60818 0.342854
-3.68102 2.56524 0.343821
-3.64537 2.63189 0.340413
-3.5915 2.566 0.340285
-3.6366 2.6347 0.344446
-3.64565 2.65446 0.339399
-3.60231 2.58436 0.337569
-3.56622 2.53507 0.342433
-3.64034 2.67114 0.342967
-3.68057 2.62773 0.342788
-3.67834 2.51811 0.340506
-3.75557 2.57251 0.340402
-3.7217 2.52322 0.344217
-3.62564 2.52682 0.340989
-3.6344 2.66242 0.343144
-3.64777 2.69101 0.339671
-3.67056 2.65587 0.339336
-3.66696 2.65582 0.341002
-3.59978 2.77157 0.343459
-3.61498 2.65321 0.341826
-3.61834 2.6757 0.342656
-3.5936 2.59417 0.340585
-3.71499 2.66955 0.34438
-3.67789 2.65221 0.343644
-3.67376 2.55905 0.345056
-3.60588 2.5722 0.345197
-3.7754 2.64324 0.340609
-3.6934 2.62368 0.343082
-3.66495 2.57947 0.34707
-3.5932 2.65111 0.34127
-3.65962 2.66171 0.343531
-3.56732 2.60975 0.341246
-3.69123 2.55745 0.339712
-3.58688 2.59624 0.341241
-3.72748 2.55114 0.340245
-3.62073 2.60383 0.346177
-3.59249 2.59298 0.340311
-3.67882 2.52909 0.341893
-3.67032 2.54011 0.340919
-3.6101 2.65035 0.339668
-3.66524 2.66542 0.342342
-3.64831 2.63599 0.338148
-3.64241 2.61498 0.342973
-3.64618 2.61653 0.340627
-3.59752 2.71828 0.342492
-3.66047 2.72597 0.338288
-3.68511 2.69053 0.343619
-3.51734 2.66437 0.34197
-3.71752 2.54969 0.340823
-3.55683 2.72728 0.339067
-3.57836 2.6102 0.342479
-3.58525 2.60331 0.34196
-3.65381 2.63371 0.340406
-3.56544 2.58626 0.343141
-3.58845 2.61669 0.341443
-3.58658 2.6904 0.343787
-3.66901 2.58604 0.342882
-3.67661 2.62193 0.337714
-3.58206 2.60355 0.343114
-3.6571 2.54557 0.339161
-3.70651 2.6174 0.342614
-3.69171 2.67988 0.342315
-3.68961 2.58683 0.336691
-3.63173 2.56316 0.338198
-3.63916 2.70623 0.343978
-3.61968 2.59804 0.34183
-3.73361 2.56301 0.340398
-3.64153 2.63038 0.341967
-3.54133 2.66459 0.340959
-3.59761 2.66148 0.34311
-3.6081 2.48246 0.344893
-3.63346 2.63251 0.341206
-3.56693 2.602 0.340411
-3.51608 2.58158 0.343854
-3.59278 2.54676 0.343445
-3.68272 2.527 0.34188
-3.6971 2.6525 0.342618
-3.60446 2.63399 0.339966
-3.71276 2.61878 0.340963
-3.6633 2.66706 0.341904
-3.57846 2.53973 0.343018
-3.66245 2.65091 0.344273
-3.69584 2.56904 0.342514
-3.60984 2.69221 0.337814
-3.68982 2.59994 0.341969
-3.69137 2.56639 0.340953
-3.6633 2.63017 0.340581
-3.67463 2.58433 0.345584
-3.61619 2.66725 0.341589
-3.65954 2.63702 0.342709
-3.59703 2.56974 0.340836
-3.69953 2.60322 0.343291
-3.63264 2.59922 0.344517
-3.60117 2.6087 0.344049
-3.59377 2.67361 0.337721
-3.59047 2.50299 0.34097
-3.64875 2.61903 0.339879
-3.66141 2.62941 0.338418
-3.71023 2.66532 0.339097
-3.65214 2.64144 0.339195
-3.67715 2.61082 0.340086
-3.83405 2.58315 0.343486
-3.6576 2.50148 0.343201
-3.66758 2.49844 0.343368
-3.6872 2.59731 0.340872
-3.59079 2.62618 0.344667
-3.65928 2.56693 0.341913
-3.65061 2.74049 0.343974
-3.57149 2.62396 0.340076
-3.61321 2.55476 0.338554
-3.59653 2.53698 0.340739
-3.4852 2.60395 0.342346
-3.62371 2.60484 0.339564
-3.71978 2.63553 0.342301
-3.58803 2.52716 0.345006
-3.70604 2.53539 0.3422
-3.69769 2.65119 0.345471
-3.53505 2.65001 0.344209
-3.60973 2.61864 0.341812
-3.626 2.6914 0.344837
-3.61175 2.58694 0.339935
-3.69044 2.69235 0.34102
-3.64994 2.77002 0.345164
-3.69364 2.75844 0.341818
-3.61047 2.59636 0.342909
-3.56723 2.54312 0.338958
-3.6178 2.52011 0.338487
-3.61581 2.5525 0.343268
-3.66446 2.58873 0.340361
-3.57351 2.60934 0.342733
-4.59798 5.15787 0.329661
