179.152 -9.86742 3.19637
179.254 -9.90527 3.20104
179.198 -9.93501 3.1952
179.138 -9.92133 3.20084
179.169 -9.88382 3.20173
179.217 -9.94 3.19891
179.275 -10.0126 3.1978
179.218 -9.87465 3.20268
179.199 -9.97573 3.20047
179.211 -9.89302 3.19764
179.26 -9.96723 3.20186
179.201 -9.82828 3.1985
179.152 -9.95694 3.2023
179.293 -9.90755 3.20169
179.251 -9.91201 3.19592
179.228 -9.89621 3.19839
179.149 -9.90658 3.19719
179.162 -9.9247 3.19776
179.245 -9.87075 3.19819
179.148 -9.92209 3.19939
179.127 -9.94077 3.19847
179.15 -9.97126 3.20083
179.165 -9.92025 3.1994
179.241 -9.89361 3.19605
179.084 -9.94433 3.19829
179.16 -9.88804 3.20005
179.097 -9.78615 3.19484
179.146 -9.93844 3.19222
179.197 -9.83828 3.19818
179.201 -9.96407 3.1994
179.252 -9.89859 3.19892
179.114 -10.0316 3.20159
179.26 -9.95237 3.20089
179.229 -9.95773 3.20118
179.241 -9.97209 3.20396
179.149 -10.039 3.19742
179.209 -10.0213 3.19856
179.281 -9.86688 3.19609
179.171 -9.8911 3.1994
179.132 -9.95872 3.19928
179.108 -9.88455 3.19543
179.279 -9.92592 3.2002
179.166 -9.93059 3.19911
179.324 -9.92532 3.19921
179.216 -9.98139 3.19852
179.202 -9.90706 3.19899
179.18 -9.89456 3.20058
179.201 -9.87462 3.20198
179.157 -9.87586 3.19887
179.24 -10.0108 3.20387
179.315 -9.9525 3.19968
179.203 -9.96744 3.19706
179.238 -9.83595 3.19979
179.238 -10.0176 3.20098
179.193 -9.86841 3.20027
179.24 -10.0044 3.19992
179.136 -9.90811 3.19688
179.16 -9.86564 3.20163
179.19 -10.0403 3.19918
179.167 -9.90488 3.19648
179.225 -9.96612 3.19505
179.1 -9.83894 3.1991
179.167 -9.98979 3.19604
179.127 -9.99123 3.19843
179.27 -9.95275 3.19916
179.217 -9.92669 3.20261
179.151 -9.95865 3.19868
179.146 -9.93746 3.19735
179.152 -9.95631 3.19882
179.179 -9.95332 3.20114
179.206 -10.0195 3.20019
179.157 -9.88783 3.19673
179.085 -9.88882 3.19685
179.134 -9.97233 3.19774
179.152 -9.8982 3.19806
179.123 -9.87979 3.1981
179.25 -9.87337 3.19821
179.16 -9.87242 3.19835
179.251 -10.0239 3.19919
179.202 -9.99016 3.2006
179.195 -9.85275 3.20198
179.182 -9.82867 3.19773
179.227 -9.94936 3.20094
179.241 -9.86692 3.19718
179.19 -9.87564 3.19916
179.278 -9.93062 3.20136
179.227 -9.90424 3.2004
179.152 -10.0297 3.20112
179.293 -10.0479 3.19811
179.186 -9.95881 3.19866
179.153 -9.82718 3.19833
179.26 -9.83889 3.19685
179.173 -9.90289 3.19986
179.178 -9.89327 3.20109
179.232 -9.88097 3.19822
179.186 -9.9387 3.20037
179.182 -9.87149 3.20212
179.338 -9.96598 3.20029
179.122 -9.9395 3.19945
179.171 -9.85275 3.20139
179.153 -10.0145 3.20004
179.17 -9.88137 3.20221
179.21 -9.90073 3.19885
179.208 -9.96279 3.19938
179.11 -9.88769 3.19796
179.154 -10.0084 3.19973
179.133 -9.96346 3.20298
179.082 -9.87512 3.19554
179.139 -9.93119 3.19372
179.146 -9.92336 3.19338
179.161 -9.88031 3.19384
179.105 -9.79897 3.1995
179.184 -9.95644 3.20029
179.307 -9.9686 3.19949
179.283 -9.8853 3.19794
179.226 -10.0201 3.19758
179.187 -10.015 3.19834
179.103 -9.83762 3.19566
179.104 -9.91633 3.19956
179.145 -9.93399 3.19725
179.149 -9.92931 3.19841
179.341 -9.86999 3.20017
179.185 -9.94396 3.19671
179.199 -9.8847 3.2005
179.175 -9.87181 3.19757
179.135 -9.90551 3.20032
179.177 -9.82562 3.20012
179.239 -9.96263 3.19993
179.194 -10.0049 3.19811
179.237 -9.81203 3.19775
179.353 -9.94118 3.19883
179.191 -9.90167 3.20149
179.16 -9.90737 3.19521
179.198 -9.82904 3.19756
179.148 -10.0465 3.19798
179.22 -9.98541 3.19655
179.212 -9.95926 3.19624
179.146 -9.88784 3.1982
179.148 -9.94119 3.19832
179.183 -9.91789 3.19731
179.247 -9.97394 3.19962
179.131 -9.89983 3.19993
179.15 -9.87026 3.19875
179.191 -9.94595 3.19993
179.163 -9.93468 3.19682
179.106 -9.92476 3.19701
179.215 -9.86482 3.19952
179.181 -9.90478 3.19833
179.178 -9.90116 3.19986
179.274 -10.0328 3.19755
179.225 -10.0105 3.19708
179.225 -10.0328 3.19906
179.181 -9.90472 3.20038
179.208 -9.96405 3.19887
179.181 -9.91273 3.19973
179.18 -9.92496 3.20173
179.142 -9.91901 3.19659
179.176 -9.96972 3.20119
179.207 -9.86153 3.19916
179.205 -9.93036 3.19852
179.134 -9.83311 3.20142
179.149 -9.85085 3.20039
179.233 -9.94502 3.20236
179.171 -9.95895 3.20084
179.169 -9.92745 3.19978
179.191 -9.8927 3.19929
179.243 -9.89014 3.20017
179.278 -9.90839 3.20198
179.144 -9.86633 3.19613
179.213 -9.89943 3.2029
179.228 -9.93939 3.20021
179.212 -9.83607 3.19903
179.296 -9.9051 3.1973
179.125 -9.83968 3.1994
179.115 -9.98604 3.19782
179.263 -9.93376 3.19742
179.177 -9.94894 3.19865
179.074 -10.006 3.19934
179.045 -9.9739 3.19992
179.31 -9.88608 3.19991
179.18 -10.0089 3.19865
179.205 -9.94693 3.19898
179.158 -9.80359 3.19689
179.241 -9.85879 3.19696
179.13 -9.94525 3.19772
179.163 -9.89599 3.19833
179.071 -9.92228 3.20158
179.16 -9.88966 3.19942
179.144 -9.89573 3.19576
179.122 -9.88597 3.19782
179.289 -9.99911 3.19926
179.296 -10.0172 3.1999
179.291 -9.87911 3.19934
179.17 -10.0143 3.19682
179.227 -9.89557 3.19785
179.208 -9.95672 3.20072
179.277 -9.92692 3.19828
179.121 -9.86626 3.1955
179.213 -10.0053 3.19792
179.216 -9.89184 3.19918
179.223 -9.87366 3.19795
179.158 -9.95035 3.20021
179.181 -9.82811 3.2006
179.167 -9.92005 3.20096
179.24 -9.95845 3.20269
179.18 -10.0276 3.19763
179.222 -9.97768 3.19561
179.253 -9.9834 3.20094
179.238 -10.0234 3.20081
179.155 -9.93529 3.19985
179.351 -9.94784 3.19851
179.288 -9.8471 3.19661
179.253 -9.947 3.20044
179.168 -10.0766 3.19807
179.209 -9.94773 3.19717
179.182 -9.93982 3.1958
179.165 -10.003 3.19833
179.22 -9.8827 3.19803
179.199 -9.90847 3.19842
179.185 -9.88537 3.19658
179.153 -9.93206 3.19677
179.192 -9.93406 3.19689
179.056 -9.93937 3.19719
179.067 -9.89799 3.19636
179.119 -9.88075 3.20031
179.093 -9.89862 3.19738
179.248 -9.85019 3.20249
179.258 -10.0081 3.19834
179.118 -10.0213 3.19987
179.212 -9.9002 3.19745
179.176 -9.8554 3.1962
179.148 -10.0342 3.19951
179.142 -9.93668 3.19874
179.13 -9.83327 3.19869
179.249 -9.90128 3.20243
179.244 -9.8215 3.20004
179.272 -9.89665 3.20059
179.197 -9.9674 3.19977
179.174 -9.95107 3.19931
179.277 -10.0059 3.19568
179.071 -10.0694 3.19908
179.201 -9.8916 3.20228
179.127 -9.92986 3.19928
179.191 -9.90703 3.19745
179.119 -9.88313 3.19821
179.295 -9.95002 3.20162
179.12 -9.93985 3.20064
179.197 -9.91185 3.19702
179.222 -9.85112 3.19959
179.239 -9.95678 3.19998
179.166 -9.99379 3.20003
179.215 -9.87466 3.19726
179.295 -9.86038 3.20007
179.199 -9.93534 3.19806
179.2 -9.99561 3.19985
179.118 -9.91761 3.20237
179.077 -9.9224 3.20245
179.106 -9.85276 3.19958
179.105 -9.97752 3.19358
179.274 -9.88194 3.20294
179.223 -9.91799 3.19906
179.196 -9.92092 3.19802
179.201 -9.90699 3.20127
179.064 -9.90373 3.19879
179.296 -9.92293 3.19864
179.175 -10.014 3.19929
179.213 -10.0063 3.1976
179.258 -9.8167 3.19853
179.13 -9.93984 3.1996
179.148 -9.92643 3.19912
179.189 -9.82519 3.19791
179.106 -9.87191 3.19585
179.333 -9.90996 3.20175
179.309 -9.88599 3.19865
179.199 -9.90138 3.20052
179.147 -9.91684 3.20203
179.235 -9.90348 3.19931
179.116 -10.0007 3.19728
179.227 -10.0519 3.20162
179.206 -10.0276 3.20098
179.201 -9.98191 3.19918
179.361 -9.94626 3.19988
179.289 -9.89424 3.19802
179.235 -9.8718 3.19655
179.151 -10.0944 3.19549
179.205 -9.90901 3.19748
179.176 -9.87387 3.20022
179.158 -10.0021 3.1983
179.198 -9.84552 3.19918
179.166 -9.91801 3.19998
179.215 -9.90656 3.19909
179.12 -9.90894 3.19633
179.181 -9.90942 3.19792
179.092 -9.91243 3.20028
179.199 -9.95945 3.20155
179.19 -9.96702 3.1973
179.082 -9.88247 3.19539
179.127 -9.83752 3.20055
179.214 -9.8894 3.20187
179.215 -9.83627 3.19973
179.21 -9.85209 3.19654
179.179 -9.87352 3.19899
179.089 -9.92135 3.20295
179.2 -9.87762 3.20001
179.201 -9.98192 3.20287
179.196 -9.91635 3.19712
179.219 -9.99062 3.20121
179.174 -9.99947 3.19934
179.217 -10.0223 3.20058
179.176 -9.86006 3.19711
179.187 -9.90899 3.19633
179.121 -9.92342 3.19549
179.28 -9.86616 3.20144
179.149 -9.89331 3.20012
179.107 -9.84237 3.1984
179.187 -9.94673 3.19999
179.077 -9.85122 3.19897
179.117 -10.0426 3.1981
179.099 -9.98874 3.20032
179.188 -9.90251 3.20118
179.204 -9.89499 3.19873
179.222 -9.97367 3.19913
179.304 -10.01 3.1983
179.115 -9.96841 3.20163
179.238 -9.86215 3.19698
179.164 -9.9225 3.20378
179.214 -9.92135 3.19685
179.201 -9.83342 3.20112
179.151 -9.97475 3.19789
179.17 -9.90631 3.19978
179.147 -9.90814 3.20256
179.238 -9.85826 3.20067
179.119 -9.81961 3.19579
179.166 -9.84005 3.20397
179.151 -9.96383 3.2003
179.2 -9.90131 3.20492
179.276 -9.94698 3.2044
179.135 -9.87555 3.19887
179.15 -9.93454 3.20025
179.068 -9.89448 3.20014
179.249 -10.1167 3.19829
179.151 -9.95129 3.19308
179.152 -9.85095 3.19518
179.214 -10.005 3.19923
179.151 -9.89222 3.20153
179.082 -9.8753 3.19933
179.222 -9.8293 3.20042
179.242 -9.96023 3.19684
179.17 -10.0131 3.19792
179.12 -9.9696 3.20042
179.277 -9.86657 3.19665
179.169 -9.87541 3.20383
179.13 -9.84573 3.19963
179.142 -9.86563 3.19561
179.196 -9.88116 3.20148
179.212 -9.93637 3.19773
179.21 -9.91944 3.19805
179.198 -9.88781 3.20182
179.302 -9.83204 3.2
179.212 -9.97987 3.19837
179.156 -9.99801 3.20043
179.22 -9.9525 3.20083
179.289 -9.85884 3.19934
179.185 -9.90569 3.19397
179.224 -9.83631 3.19914
179.184 -9.85446 3.19973
179.189 -9.92218 3.19826
179.192 -9.98262 3.19834
179.183 -9.92384 3.19669
179.162 -9.99132 3.19443
179.215 -9.84665 3.20076
179.093 -9.8555 3.19587
179.138 -10.0259 3.19912
179.275 -9.93338 3.20085
179.182 -9.91115 3.19825
179.087 -9.98255 3.20018
179.252 -9.95265 3.20086
179.2 -9.88062 3.19766
179.137 -9.93905 3.19569
179.156 -9.89311 3.20046
179.23 -9.91849 3.19806
179.26 -10.0693 3.20237
179.251 -9.94731 3.19878
179.194 -9.8855 3.19892
179.186 -9.83785 3.19436
179.148 -9.8221 3.20174
179.185 -9.90506 3.19886
179.282 -9.91764 3.19703
179.108 -9.89083 3.19802
179.129 -9.84473 3.19842
179.227 -9.97641 3.20051
179.117 -9.93319 3.19728
179.133 -9.91916 3.19848
179.151 -9.94123 3.1954
179.193 -9.85587 3.19808
179.212 -9.89952 3.19969
179.23 -9.85599 3.20019
179.24 -9.91507 3.19787
179.155 -9.94963 3.20256
179.275 -10.0008 3.19751
179.117 -9.93342 3.19863
179.187 -9.92817 3.20085
179.174 -10.0171 3.2003
179.126 -9.86915 3.20051
179.267 -9.98038 3.20172
179.242 -9.83058 3.19732
179.075 -9.93703 3.1986
179.201 -9.95425 3.19486
179.14 -9.96167 3.19915
179.142 -9.96155 3.19873
179.26 -9.93009 3.19778
179.233 -9.93012 3.19868
179.184 -9.88493 3.19955
179.18 -9.90974 3.20066
179.186 -9.87378 3.20098
179.154 -10.0455 3.19777
179.128 -10.0023 3.19935
179.129 -9.91548 3.19892
179.141 -9.86518 3.19628
179.286 -10.0445 3.19859
179.212 -9.90456 3.1986
179.107 -9.78423 3.20187
179.182 -9.90464 3.20079
179.188 -9.91482 3.19967
179.323 -9.964 3.19949
179.265 -9.80971 3.19891
179.135 -9.89182 3.2017
179.211 -9.97255 3.19987
179.091 -9.90441 3.1981
179.321 -9.88205 3.20165
179.263 -9.97222 3.19795
179.234 -9.97303 3.19786
179.262 -9.95936 3.19705
179.236 -9.93001 3.19915
179.181 -9.97937 3.19741
179.15 -9.85314 3.20125
179.195 -9.93142 3.19826
179.245 -9.8169 3.19836
179.187 -9.90991 3.20074
179.209 -9.81892 3.1976
179.217 -9.99291 3.19911
179.173 -10.0411 3.2022
179.146 -9.95245 3.20282
179.163 -9.9387 3.19443
179.203 -9.88815 3.19834
179.178 -9.87965 3.19599
179.163 -9.98205 3.1985
179.24 -9.96614 3.19604
179.209 -10.0379 3.19768
179.094 -9.98952 3.19764
179.266 -9.88335 3.19868
179.121 -9.94925 3.19853
179.212 -9.8544 3.20004
179.183 -9.94396 3.19664
179.241 -9.95328 3.20102
179.2 -9.90458 3.19689
179.157 -9.932 3.19748
179.14 -9.89365 3.19873
179.167 -9.91409 3.19778
179.242 -9.82628 3.19931
179.236 -9.87646 3.20037
179.281 -9.99606 3.1973
179.143 -9.82303 3.19902
179.294 -9.94193 3.19882
179.182 -9.85085 3.20063
179.269 -9.95084 3.20321
179.26 -9.88752 3.20136
179.173 -9.79313 3.19887
179.17 -9.91898 3.19625
179.141 -9.78777 3.20108
179.225 -9.95306 3.19929
179.259 -9.93938 3.19884
179.169 -9.99589 3.19933
179.137 -9.85945 3.19894
179.201 -9.93796 3.19766
179.142 -9.90272 3.20048
179.224 -9.90607 3.20056
179.135 -9.8663 3.20245
179.194 -9.89723 3.20086
179.253 -9.97109 3.19671
179.103 -9.96953 3.1987
179.19 -10.0159 3.20074
179.19 -9.87532 3.19927
179.167 -9.9261 3.19832
179.266 -9.91972 3.19862
179.135 -9.8903 3.20096
179.051 -9.86868 3.19599
179.136 -9.94695 3.19458
179.053 -9.90844 3.19822
179.219 -9.98369 3.19804
179.209 -9.92327 3.19953
179.209 -9.92337 3.20108
179.265 -9.94463 3.19961
179.247 -9.93512 3.19838
179.134 -9.91415 3.19898
179.197 -10.0547 3.19799
179.234 -9.87936 3.20102
179.235 -9.95102 3.20029
179.256 -9.81041 3.20165
180.022 -12.8399 3.20067
