191.043 24.5289 0.0675665
191.092 24.4921 0.067783
191.089 24.5019 0.0677985
191.145 24.5502 0.0680741
191.146 24.5468 0.0680388
191.147 24.5664 0.0674599
191.088 24.5102 0.0681219
190.987 24.6195 0.0669867
191.128 24.5583 0.0648307
191.086 24.6611 0.0648602
190.969 24.59 0.0689661
190.989 24.5173 0.0682329
191.023 24.5901 0.0644735
191.025 24.5961 0.0679561
191.056 24.4098 0.0642741
191.049 24.4374 0.0652232
191.046 24.5775 0.0672372
191.003 24.5929 0.0697693
191.097 24.6092 0.0658494
191.02 24.5129 0.0690819
191.061 24.5891 0.0681719
191.094 24.6262 0.0685952
191.142 24.5542 0.0651195
191.135 24.555 0.0653423
191.079 24.5111 0.0696023
191.008 24.4856 0.0686684
191.039 24.4984 0.0668516
191.023 24.5443 0.0686242
191.026 24.6087 0.0663747
191.014 24.595 0.0682092
190.974 24.5449 0.068284
191.013 24.5998 0.0646898
191.059 24.6144 0.0677825
191.058 24.6442 0.0686741
191.036 24.5717 0.0687618
191.064 24.6187 0.0656064
190.977 24.5436 0.0685996
191.107 24.6188 0.0664864
191.08 24.614 0.0662472
191.028 24.6305 0.0662867
191.034 24.6327 0.0662765
191.112 24.5314 0.0652217
191.113 24.5276 0.0652668
190.998 24.574 0.0668154
191.072 24.6597 0.0672111
190.973 24.5823 0.0693363
191.087 24.5164 0.0696474
190.973 24.4798 0.0663792
191.043 24.5931 0.064384
190.964 24.5858 0.0661661
191.098 24.553 0.0677752
191.107 24.5333 0.0636613
191.062 24.6168 0.0680047
191.089 24.5254 0.0688613
191.053 24.6649 0.0681023
191.123 24.6171 0.0673181
191.057 24.6063 0.0662796
191.095 24.5542 0.0685261
191.025 24.5911 0.0685854
191.126 24.4244 0.063319
191.061 24.4759 0.0655234
191.11 24.5699 0.0660995
191.217 24.5592 0.0663275
191.029 24.5554 0.0702168
191.033 24.5649 0.0701501
191.088 24.5058 0.0653888
191.112 24.5693 0.0653775
191.106 24.6137 0.0632507
190.978 24.6153 0.0680389
191.103 24.4765 0.0638168
191.104 24.581 0.070426
191.107 24.5428 0.0676839
191.105 24.545 0.0678774
191.114 24.5605 0.0628433
191.014 24.5128 0.0681645
191.024 24.4803 0.0676794
191.022 24.48 0.0678895
191.067 24.5246 0.0686066
191.062 24.553 0.0640218
191.037 24.5371 0.0680735
191.067 24.5834 0.0635436
191.026 24.5461 0.0663422
191.081 24.6934 0.0693962
191.084 24.5942 0.0642678
191.082 24.5932 0.0641574
191.058 24.5302 0.0673318
191.088 24.5991 0.0650445
191.053 24.5503 0.0700534
191.116 24.5267 0.068792
191.07 24.6231 0.0661713
191.134 24.5713 0.0685883
191.102 24.5707 0.06728
191.052 24.5538 0.0664048
191.118 24.639 0.0662923
191.077 24.5772 0.0705705
191.067 24.523 0.0692599
191.06 24.5143 0.0688519
191.083 24.5874 0.0674316
191.134 24.5933 0.0672718
191.112 24.5494 0.0679798
191.121 24.5592 0.0635045
191.112 24.5905 0.0642186
191.043 24.6016 0.0656885
191.046 24.6031 0.0655966
190.993 24.5861 0.0684168
191.06 24.5319 0.0664648
191.039 24.6182 0.0670084
191.04 24.6146 0.0668815
191.029 24.5391 0.0687087
191.039 24.5075 0.0685445
191.011 24.5033 0.0679966
190.99 24.5899 0.0658812
191.078 24.4666 0.0679313
191.06 24.6148 0.0667192
191.119 24.5333 0.0686002
191.056 24.603 0.0670549
191.042 24.5605 0.0660411
191.006 24.5063 0.0642986
191.072 24.6389 0.0640531
191.092 24.4993 0.0678487
191.093 24.5938 0.0706946
191.129 24.6832 0.066555
191.077 24.6073 0.0681883
191.135 24.5552 0.0649607
191.139 24.633 0.0666369
191.016 24.6497 0.0691808
190.977 24.5807 0.0669631
191.066 24.6259 0.066441
191.065 24.6231 0.0664503
191.164 24.6905 0.0659892
191.031 24.4415 0.0656911
191.002 24.5937 0.0697708
191.065 24.5645 0.0670656
191.066 24.563 0.0672141
190.99 24.6054 0.0664598
191.068 24.5936 0.0683518
191.072 24.567 0.067557
191.013 24.5264 0.0693846
191.136 24.5634 0.0654495
191.022 24.4904 0.0672005
191.001 24.4809 0.0684649
190.997 24.5189 0.0668784
191.111 24.5973 0.0686771
191.03 24.5001 0.0689563
190.963 24.5377 0.0670866
191.114 24.6363 0.0679983
191.011 24.5521 0.069624
191.097 24.5581 0.0658621
191.082 24.6182 0.0682192
191.041 24.4237 0.0675193
191.049 24.5838 0.0664724
191.072 24.5483 0.0657629
191.092 24.5005 0.0671842
191.051 24.6293 0.0670037
191.066 24.554 0.0690043
191.01 24.5185 0.0697134
191.11 24.5308 0.06491
191.033 24.5758 0.0640173
191.031 24.58 0.0640793
190.969 24.5749 0.069343
191.09 24.6361 0.0661072
190.981 24.4812 0.0662836
191.067 24.516 0.0687877
191.063 24.6408 0.0676533
191.116 24.5355 0.0667744
191.116 24.5404 0.0636592
191.013 24.6364 0.068784
191.09 24.5244 0.068715
191.089 24.5234 0.0686821
191.123 24.6195 0.0671291
191.154 24.6182 0.0689435
191.148 24.5914 0.0639953
191.059 24.478 0.0655135
191.058 24.4786 0.0655497
191.037 24.5551 0.0660214
191.119 24.6963 0.0687608
191.121 24.5 0.0678909
191.219 24.5567 0.0663287
191.073 24.4982 0.0683964
191.054 24.5016 0.0669355
191.093 24.502 0.0651958
191.037 24.5217 0.0699375
191.086 24.6687 0.0684344
191.024 24.6175 0.0666745
191.152 24.5481 0.0701538
191.035 24.5456 0.0710934
191.008 24.5919 0.0682304
191.064 24.5127 0.0690293
191.064 24.5105 0.0688872
191.096 24.4743 0.0637339
191.107 24.5766 0.0663126
191.105 24.5807 0.066529
191.124 24.4876 0.0673937
191.108 24.546 0.06767
191.118 24.5603 0.0626409
191.115 24.5632 0.062794
191.023 24.4763 0.067928
191.038 24.5303 0.0682469
191.011 24.5557 0.0682395
190.995 24.5599 0.0678072
191.066 24.5898 0.0637489
191.065 24.609 0.0668797
191.086 24.5832 0.0676081
191.089 24.6475 0.0701147
190.99 24.5743 0.066656
191.013 24.4966 0.0668719
191.09 24.5966 0.0648462
191.147 24.6 0.0656975
191.151 24.5315 0.0673007
191.041 24.6845 0.0664247
191.053 24.5559 0.0666733
191.1 24.5103 0.0669232
191.06 24.6216 0.0658039
191.17 24.5988 0.0655701
191.167 24.5966 0.0655672
191.067 24.5955 0.0661542
190.982 24.595 0.0676878
191.038 24.6171 0.066755
191.097 24.5662 0.0681873
191.097 24.5683 0.068
190.961 24.5316 0.0665192
191.032 24.6317 0.0688575
191.124 24.5656 0.0633623
191.113 24.5602 0.0656223
191.01 24.5769 0.0689754
191.081 24.5272 0.0679265
191.051 24.6034 0.0657194
191.097 24.5022 0.064527
191.058 24.6308 0.0684286
191.03 24.5302 0.0652408
191.073 24.4373 0.0673689
191.008 24.6162 0.0686389
191.016 24.5043 0.0679481
191.06 24.6291 0.0666478
190.977 24.5441 0.0678829
191.066 24.6387 0.0679772
191.032 24.5308 0.0678974
191.085 24.5802 0.0687857
191.111 24.4377 0.0673927
191.141 24.4367 0.0653426
190.997 24.5403 0.0676701
190.99 24.6457 0.0689171
190.988 24.619 0.0667582
191.088 24.5506 0.0656688
191.121 24.5216 0.0687668
190.986 24.5139 0.0679801
191.055 24.6044 0.067595
191.066 24.6233 0.06669
190.941 24.5525 0.0682599
191.038 24.6205 0.0693188
191.044 24.5169 0.0669073
191.112 24.5807 0.0694032
191.191 24.6329 0.0657973
191.09 24.6092 0.0678953
191.132 24.569 0.070385
191.059 24.6077 0.0696688
191.024 24.4922 0.0673585
191.038 24.4939 0.0667715
190.999 24.5191 0.0669374
191.088 24.514 0.0691338
191.081 24.5369 0.0682043
191.019 24.5995 0.0645438
191.098 24.5551 0.0658817
191.042 24.5659 0.0686346
191.046 24.5843 0.0667078
191.074 24.5516 0.065732
191.074 24.5463 0.0658023
191.024 24.577 0.0671367
191.061 24.5479 0.0690504
191.022 24.5657 0.0649037
191.086 24.6131 0.0663538
191.111 24.5287 0.0651762
191.101 24.5864 0.0681385
191.033 24.5801 0.0640597
191.026 24.5728 0.0641964
190.998 24.5733 0.0669024
191.083 24.411 0.0682244
191.076 24.6181 0.0693874
191.094 24.6358 0.0659554
191.046 24.591 0.0643699
191.111 24.5335 0.0666973
191.058 24.675 0.0672343
191.087 24.6333 0.0645073
191.018 24.518 0.0692338
191.015 24.5166 0.0692661
191.089 24.4971 0.0672365
191.059 24.6026 0.0660778
191.027 24.6175 0.0691603
190.983 24.5953 0.0675874
191.122 24.4274 0.0632393
191.063 24.4818 0.0655791
191.058 24.4767 0.065708
191.064 24.4763 0.0655898
191.06 24.4779 0.0655228
190.992 24.5719 0.0669025
190.989 24.5736 0.0666756
191.213 24.5638 0.066376
191.077 24.4882 0.0684345
191.057 24.5073 0.0671228
191.035 24.5167 0.0700261
191.109 24.6121 0.0634467
190.977 24.6151 0.0679475
191.062 24.5108 0.0690788
191.105 24.4736 0.0635208
191.107 24.5826 0.0664488
191.091 24.5869 0.0677272
191.116 24.5567 0.0626779
190.966 24.5974 0.0643242
191.102 24.5003 0.0697792
191.052 24.5684 0.0683095
191.064 24.5595 0.0642503
191.011 24.5577 0.068303
191.048 24.5474 0.0680913
191.059 24.5489 0.0676651
191.07 24.612 0.0667608
191.098 24.5135 0.0662993
191.079 24.5903 0.0642872
191.084 24.593 0.0648997
191.143 24.6097 0.0655437
191.069 24.6219 0.0660811
191.061 24.4602 0.0684341
191.123 24.5768 0.0687504
191.124 24.5744 0.0684437
191.056 24.5527 0.0664356
191.106 24.5137 0.0668473
191.027 24.5415 0.067258
191.167 24.5989 0.0653924
191.058 24.5249 0.0687199
191.06 24.5207 0.0688264
191.028 24.55 0.0667683
191.134 24.5971 0.0673434
191.046 24.5537 0.0661192
191.067 24.4839 0.0690967
191.114 24.5561 0.0655135
191.116 24.5548 0.0657017
191.114 24.5592 0.0655752
191.114 24.5952 0.0639885
191.108 24.5921 0.064093
191.027 24.5757 0.0689733
191.078 24.5303 0.067789
191.073 24.5371 0.0679979
191.096 24.5083 0.0643392
191.052 24.554 0.0683259
191.067 24.5164 0.0673832
191.028 24.5309 0.06516
191.03 24.5306 0.068562
191.13 24.4966 0.0691242
191.016 24.5027 0.068098
190.991 24.5951 0.0660682
190.962 24.542 0.0701583
191.067 24.5381 0.0673209
191.068 24.634 0.0679454
191.043 24.5587 0.0659572
191.074 24.6372 0.0640019
191.14 24.6171 0.0688496
191.089 24.4977 0.0675258
191.148 24.7058 0.0649646
191.149 24.5458 0.0678279
191.135 24.5913 0.0687399
191.084 24.5116 0.06766
191.074 24.6522 0.0725385
191.088 24.6568 0.064868
191.089 24.5457 0.0655979
191.036 24.58 0.0665826
191.02 24.5881 0.0645186
191.06 24.6044 0.0679129
191.063 24.6285 0.066293
191.025 24.4376 0.0655894
191.053 24.4328 0.0650257
191.046 24.4373 0.0648769
191.028 24.5556 0.0681667
191.031 24.5547 0.0679836
191.038 24.5916 0.0679003
191.062 24.5953 0.0682752
191.135 24.5547 0.0654344
191.084 24.5469 0.0688275
191.098 24.6431 0.0669491
191.103 24.4719 0.0666829
190.996 24.522 0.0670746
191.091 24.5113 0.0689128
190.96 24.5355 0.0669557
190.968 24.5326 0.0670696
191.083 24.5369 0.0679751
191.086 24.586 0.0689352
191.09 24.6154 0.0682265
191.105 24.432 0.0662746
191.099 24.4327 0.0663513
191.121 24.5493 0.0652932
191.094 24.5024 0.067147
190.982 24.543 0.0698676
191.078 24.6104 0.0664442
191.008 24.5182 0.0696387
191.107 24.5312 0.0652506
191.033 24.5793 0.0641607
191 24.5186 0.0653487
191.065 24.6556 0.0672912
191.09 24.6405 0.0659115
191.044 24.5901 0.0642759
191.121 24.5362 0.0667915
191.118 24.5344 0.0638046
191.06 24.616 0.0680129
191.004 24.6225 0.0698275
191.095 24.5045 0.067377
191.054 24.6582 0.0682211
190.991 24.5585 0.0674262
191.15 24.5947 0.0642688
191.122 24.4239 0.0633959
191.106 24.6329 0.0688922
191.218 24.5623 0.0663961
191.176 24.6557 0.0658289
191.058 24.5076 0.066875
191.091 24.5065 0.0651317
191.091 24.5062 0.0654528
191.094 24.5074 0.0654083
191.046 24.6611 0.068966
191.037 24.5199 0.0700384
191.09 24.5601 0.0676171
190.985 24.4736 0.067196
190.987 24.4757 0.0673054
190.984 24.474 0.0672924
191.015 24.5866 0.068231
191.094 24.4811 0.0635422
191.11 24.581 0.0662815
191.121 24.494 0.0674044
191.114 24.5583 0.0627695
191.048 24.5686 0.0682763
191.067 24.554 0.0640633
191.045 24.5446 0.0682054
191.05 24.5437 0.0680362
191.068 24.5835 0.0638299
191.033 24.5468 0.0664357
191.097 24.5203 0.0662369
191.012 24.4992 0.0669217
191.082 24.5963 0.0648381
191.082 24.4223 0.0696536
191.147 24.5364 0.0671569
191.072 24.5917 0.0616014
191.08 24.6314 0.0684268
191.093 24.5095 0.0667658
191.054 24.6169 0.0658131
190.985 24.5409 0.0687097
191.095 24.6469 0.0679472
191.095 24.5695 0.0679359
191.084 24.5887 0.0675471
191.119 24.5642 0.0632738
191.114 24.5701 0.0633905
190.941 24.5747 0.0680323
190.997 24.5782 0.0693876
191.02 24.5706 0.0693009
191.099 24.5077 0.064527
191.073 24.5167 0.067287
191.064 24.5882 0.0695402
191.03 24.5363 0.0652826
191.043 24.6185 0.0669884
191.033 24.5094 0.0688662
190.995 24.6192 0.0676013
190.998 24.6166 0.0677283
190.987 24.5868 0.0657969
191.117 24.5307 0.0685118
191.09 24.4831 0.0685616
190.999 24.5147 0.0644387
191.02 24.5805 0.06757
191.082 24.5723 0.0690564
191.14 24.4378 0.0652853
191.134 24.6811 0.0666332
190.997 24.5365 0.0676384
191.148 24.5625 0.0673075
191.145 24.5663 0.0672352
191.131 24.6692 0.0682274
191.089 24.5141 0.0680015
191.055 24.503 0.0681359
191.13 24.5563 0.0649976
191.086 24.662 0.0646033
191.09 24.5543 0.0654004
191.125 24.5201 0.0686533
190.984 24.5091 0.0681331
191.065 24.5995 0.067538
191.152 24.533 0.0669767
191.11 24.5931 0.0686792
191.047 24.5165 0.066938
191.046 24.5098 0.0671058
191.074 24.5622 0.0671748
191.084 24.6179 0.0678645
191.066 24.6045 0.0693511
191.07 24.5688 0.0674225
191.132 24.5587 0.0653992
191.03 24.4957 0.0673747
191.043 24.4933 0.0668043
191.086 24.4672 0.0667099
190.972 24.5767 0.0676542
191.11 24.6064 0.0686783
191.123 24.5437 0.0656507
191.078 24.5401 0.0681218
191.121 24.5373 0.0714188
191.06 24.622 0.0678283
191.142 24.7275 0.0657269
191.074 24.5533 0.065765
191.117 24.5522 0.0651063
191.024 24.5713 0.0672704
188.25 28.8169 0.0818746
