101.472 17.5238 0.0742502
101.493 17.5046 0.0722619
101.583 17.6085 0.0732069
101.435 17.6173 0.0733699
101.441 17.5535 0.0759465
101.52 17.7907 0.073577
101.431 17.5718 0.0723581
101.596 17.6853 0.0762945
101.59 17.673 0.0774245
101.646 17.6565 0.0749244
101.611 17.5051 0.0725849
101.505 17.606 0.0695013
101.549 17.5757 0.0687136
101.504 17.6548 0.0750798
101.51 17.6801 0.0731317
101.558 17.5325 0.075774
101.539 17.5618 0.0717094
101.625 17.5542 0.0708851
101.586 17.4902 0.0726976
101.402 17.5453 0.0739226
101.426 17.6568 0.0763088
101.487 17.5461 0.0724364
101.508 17.5982 0.0689994
101.551 17.6438 0.0730781
101.565 17.5581 0.0697317
101.406 17.5995 0.0727271
101.586 17.5254 0.0738077
101.535 17.6782 0.0724771
101.505 17.5428 0.0735754
101.519 17.6525 0.0761164
101.552 17.4961 0.0697027
101.558 17.632 0.0752592
101.417 17.5823 0.0758929
101.552 17.4289 0.0679892
101.57 17.6026 0.0732672
101.568 17.6639 0.0728451
101.549 17.4663 0.0731399
101.643 17.5756 0.0736542
101.521 17.6591 0.0751917
101.602 17.5309 0.0717528
101.593 17.5219 0.0739516
101.402 17.6774 0.0754401
101.487 17.6758 0.0707478
101.535 17.6785 0.0725977
101.434 17.4634 0.0734865
101.61 17.6117 0.0763909
101.51 17.6219 0.0742538
101.569 17.58 0.0727389
101.607 17.6366 0.0762732
101.613 17.6701 0.0787695
101.59 17.6321 0.0715695
101.595 17.5597 0.0737406
101.534 17.6266 0.0756995
101.477 17.5822 0.0746787
101.531 17.6374 0.071339
101.482 17.5966 0.0716492
101.536 17.5896 0.0770179
101.595 17.5974 0.0696258
101.411 17.7127 0.0734559
101.498 17.56 0.0713884
101.376 17.5889 0.0765785
101.505 17.6698 0.0764981
101.491 17.669 0.0721724
101.534 17.6412 0.0743754
101.508 17.5796 0.0713457
101.553 17.6717 0.0778547
101.585 17.6089 0.0727991
101.56 17.6287 0.0724163
101.504 17.5731 0.0751829
101.489 17.5705 0.0720797
101.47 17.6056 0.0694047
101.415 17.666 0.0746468
101.479 17.5412 0.0777808
101.498 17.4954 0.0684481
101.532 17.6152 0.0738349
101.551 17.5896 0.0744552
101.525 17.5133 0.0737828
101.585 17.5536 0.0688312
101.482 17.5734 0.0723555
101.446 17.688 0.0724325
101.581 17.5875 0.0721817
101.54 17.5733 0.0729927
101.518 17.5847 0.0729596
101.586 17.6538 0.0747268
101.464 17.4948 0.0738995
101.507 17.4806 0.0746356
101.499 17.5915 0.0730655
101.527 17.5779 0.0719711
101.517 17.496 0.0735561
101.406 17.6216 0.0716812
101.512 17.5004 0.0732528
101.555 17.6896 0.0727329
101.507 17.6634 0.0723955
101.534 17.5373 0.0732793
101.498 17.5507 0.0744806
101.428 17.6454 0.0748938
101.537 17.6852 0.0728556
101.529 17.6666 0.071932
101.524 17.5612 0.0716118
101.553 17.564 0.0716157
101.541 17.4391 0.0699204
101.572 17.6134 0.0706324
101.615 17.6849 0.076656
101.558 17.5606 0.0704306
101.647 17.7071 0.0718347
101.612 17.528 0.0721084
101.484 17.6293 0.067131
101.516 17.5484 0.074746
101.67 17.5258 0.070902
101.556 17.6901 0.0756609
101.586 17.4909 0.0728664
101.522 17.4788 0.074564
101.576 17.5855 0.0724368
101.606 17.5513 0.0759648
101.58 17.5957 0.0722818
101.401 17.6999 0.0737897
101.443 17.6714 0.0741459
101.459 17.7408 0.0725612
101.477 17.5092 0.0735606
101.491 17.5736 0.0710764
101.537 17.6636 0.0724945
101.538 17.636 0.0716224
101.462 17.5686 0.071099
101.505 17.6322 0.0777346
101.585 17.5314 0.0727156
101.588 17.6318 0.0714323
101.548 17.5691 0.0741086
101.601 17.5485 0.0731472
101.481 17.4971 0.0741477
101.4 17.5944 0.0753763
101.574 17.6451 0.075924
101.58 17.5739 0.0762785
101.496 17.5678 0.0716627
101.414 17.4959 0.0718625
101.688 17.5152 0.070346
101.516 17.7491 0.0719189
101.559 17.629 0.0726487
101.543 17.6414 0.0748436
101.537 17.5369 0.0744128
101.541 17.579 0.0748947
101.561 17.6365 0.0724338
101.689 17.6562 0.073235
101.538 17.6606 0.0740593
101.486 17.6112 0.0741268
101.581 17.6759 0.0733728
101.505 17.6065 0.072627
101.538 17.4575 0.0748972
101.515 17.5676 0.0749757
101.388 17.5772 0.0747906
101.501 17.7054 0.0741326
101.528 17.762 0.0728972
101.491 17.6712 0.0717192
101.421 17.518 0.0755094
101.582 17.5611 0.073962
101.653 17.7201 0.0750024
101.666 17.6548 0.0753648
101.562 17.5573 0.0703164
101.61 17.643 0.0694121
101.546 17.4863 0.0716095
101.49 17.5995 0.0700636
101.56 17.6248 0.0740588
101.474 17.586 0.0736646
101.555 17.5849 0.0735292
101.466 17.6209 0.0732278
101.466 17.6394 0.0752375
101.575 17.6331 0.0711385
101.53 17.5924 0.0712124
101.435 17.6148 0.07194
101.436 17.5975 0.0742385
101.521 17.5675 0.0723563
101.525 17.5637 0.0734887
101.457 17.7399 0.0711175
101.645 17.5739 0.070458
101.551 17.5184 0.0716351
101.462 17.6493 0.0732052
101.617 17.7174 0.0765993
101.601 17.5016 0.0712504
101.56 17.5672 0.070596
101.396 17.6387 0.0699496
101.563 17.6996 0.0734678
101.508 17.5997 0.074766
101.596 17.5865 0.0732595
101.459 17.5602 0.0713908
101.66 17.5137 0.0719241
101.414 17.6093 0.0750326
101.513 17.6084 0.0769734
101.47 17.5983 0.0696558
101.566 17.5962 0.0735629
101.542 17.662 0.0733186
101.591 17.6601 0.0728398
101.518 17.6173 0.0707337
101.327 17.5689 0.0721299
101.46 17.7263 0.0699194
101.549 17.5638 0.072702
101.745 17.5461 0.0748017
101.648 17.4568 0.0723715
101.624 17.577 0.0681984
101.597 17.5162 0.0685474
101.568 17.6567 0.0740291
101.401 17.5782 0.0687229
101.454 17.5818 0.0706247
101.514 17.6398 0.0712401
101.523 17.6179 0.0743008
101.561 17.6467 0.0723868
101.6 17.6304 0.0751574
101.529 17.6534 0.0724606
101.57 17.5784 0.0740854
101.512 17.6144 0.0734579
101.553 17.6936 0.0699321
101.516 17.6216 0.0712751
101.468 17.5267 0.0717387
101.493 17.6796 0.072405
101.454 17.5405 0.0719425
101.63 17.6818 0.0774522
101.541 17.5743 0.072586
101.41 17.4923 0.0708734
101.658 17.5867 0.0706996
101.571 17.5793 0.0712899
101.688 17.6483 0.0703683
101.57 17.5749 0.0745419
101.604 17.5861 0.0708498
101.46 17.4889 0.0707504
101.551 17.532 0.0753719
101.626 17.6247 0.0753047
101.549 17.5622 0.0753067
101.454 17.5471 0.0690792
101.452 17.537 0.0721656
101.456 17.6201 0.0777966
101.598 17.6018 0.0733064
101.505 17.5377 0.0718404
101.515 17.6488 0.0740186
101.592 17.7 0.0762599
101.541 17.721 0.0759532
101.483 17.544 0.0726483
101.522 17.6171 0.0749217
101.537 17.6639 0.0705776
101.564 17.5768 0.0738548
101.549 17.6193 0.0727996
101.59 17.5759 0.0721025
101.397 17.5408 0.0700999
101.502 17.6286 0.0690783
101.538 17.4786 0.0730825
101.555 17.5902 0.0754664
101.63 17.6193 0.0753549
101.566 17.595 0.0733593
101.535 17.5496 0.0716271
101.495 17.6237 0.0708582
101.588 17.582 0.0712442
101.559 17.6307 0.0725962
101.521 17.6637 0.0746697
101.462 17.6289 0.0754382
101.683 17.5541 0.0687789
101.527 17.5598 0.0714081
101.456 17.5333 0.0738805
101.677 17.6119 0.0680136
101.56 17.6843 0.0711483
101.549 17.535 0.0727302
101.52 17.6383 0.0722676
101.481 17.6928 0.072914
101.524 17.6047 0.0727975
101.443 17.6816 0.0715821
101.391 17.6283 0.0759976
101.4 17.6163 0.0757182
101.456 17.6632 0.0766189
101.538 17.6657 0.0730232
101.511 17.6755 0.0715137
101.594 17.4569 0.0705735
101.646 17.6068 0.0760164
101.522 17.5886 0.0742685
101.526 17.6054 0.0697495
101.625 17.5842 0.0731181
101.611 17.656 0.0694885
101.413 17.468 0.0713825
101.603 17.6341 0.0729418
101.714 17.5625 0.0758276
101.474 17.6368 0.0733663
101.553 17.5934 0.0767753
101.594 17.6126 0.074937
101.499 17.5298 0.0717892
101.498 17.5581 0.0723087
101.496 17.6298 0.0746346
101.538 17.7315 0.072132
101.62 17.5733 0.0734891
101.683 17.5432 0.0718754
101.681 17.683 0.0719203
101.672 17.7248 0.0709711
101.555 17.5349 0.0728488
101.317 17.5949 0.0712455
101.514 17.599 0.0764822
101.557 17.5936 0.0732746
101.534 17.5724 0.0752547
101.596 17.5862 0.07124
101.461 17.5799 0.0763656
101.525 17.5853 0.0682144
101.579 17.6408 0.0750623
101.582 17.6129 0.0763509
101.617 17.598 0.0717947
101.572 17.6224 0.0720332
101.605 17.7429 0.0762727
101.443 17.6142 0.0711342
101.482 17.7047 0.0739009
101.517 17.7333 0.0722317
101.557 17.6238 0.0735322
101.513 17.5001 0.0746215
101.575 17.5607 0.0721254
101.589 17.5868 0.0718649
101.616 17.5387 0.0705414
101.62 17.6609 0.075632
101.537 17.6222 0.0730903
101.692 17.6172 0.0721416
101.561 17.6308 0.0715896
101.553 17.565 0.070033
101.485 17.642 0.071944
101.35 17.5297 0.0697648
101.463 17.5993 0.0762785
101.559 17.5757 0.0682842
101.439 17.4738 0.071829
101.55 17.6144 0.0757454
101.505 17.5121 0.0703086
101.425 17.4337 0.0693938
101.503 17.6992 0.0721682
101.613 17.7004 0.0707569
101.582 17.5829 0.0722025
101.503 17.6248 0.0726454
101.511 17.5863 0.0715204
101.489 17.5827 0.0746228
101.602 17.6455 0.0712372
101.541 17.6258 0.0714425
101.576 17.5172 0.0719767
101.484 17.6208 0.0729152
101.467 17.5143 0.074173
101.434 17.6471 0.0752342
101.48 17.7431 0.0715678
101.636 17.5368 0.0719696
101.664 17.6789 0.0689934
101.588 17.694 0.0763209
101.284 17.606 0.0720117
101.447 17.5097 0.0721542
101.605 17.5652 0.071342
101.47 17.4957 0.0710096
101.529 17.614 0.0747097
101.457 17.4905 0.0706291
101.535 17.5437 0.0685469
101.546 17.4783 0.0756113
101.647 17.5773 0.0703307
101.561 17.6413 0.0768564
101.468 17.5871 0.0721169
101.527 17.4973 0.0726555
101.591 17.5935 0.0706656
101.465 17.6987 0.0725272
101.509 17.7064 0.0737498
101.56 17.6832 0.0751282
101.558 17.5985 0.0720238
101.539 17.6692 0.073239
101.776 17.552 0.0748717
101.494 17.7207 0.0760623
101.481 17.5416 0.0722631
101.491 17.552 0.0728235
101.517 17.5604 0.0738677
101.511 17.6354 0.0755719
101.473 17.6375 0.0734521
101.477 17.481 0.0672044
101.547 17.5788 0.0699893
101.567 17.658 0.0720069
101.56 17.4851 0.0722224
101.389 17.5524 0.0765199
101.467 17.6206 0.0694133
101.431 17.4766 0.0715851
101.551 17.6725 0.0716297
101.546 17.7011 0.0716275
101.654 17.6158 0.0754465
101.639 17.6587 0.074436
101.578 17.6305 0.0711734
101.565 17.7295 0.0712478
101.531 17.5942 0.074828
101.646 17.6717 0.0760084
101.65 17.5187 0.0691205
101.634 17.6507 0.069897
101.502 17.6488 0.0734967
101.562 17.6058 0.0733487
101.677 17.6762 0.0755395
101.617 17.7029 0.0731949
101.573 17.5332 0.0741218
101.485 17.602 0.0701608
101.569 17.5926 0.0767353
101.577 17.575 0.0715554
101.534 17.6547 0.0765633
101.505 17.5194 0.0725147
101.47 17.6268 0.0733192
101.475 17.7344 0.0739043
101.527 17.6777 0.0763324
101.532 17.5743 0.0728049
101.502 17.7231 0.0735189
101.523 17.666 0.0731565
101.485 17.6878 0.0733538
101.582 17.5492 0.071279
101.522 17.5846 0.0714059
101.622 17.6058 0.0717798
101.463 17.4459 0.0713388
101.591 17.5582 0.0746034
101.521 17.6028 0.0707299
101.537 17.6109 0.0717172
101.596 17.5072 0.0723545
101.412 17.5581 0.0741677
101.404 17.6423 0.0753845
101.475 17.4822 0.0726108
101.604 17.5302 0.0700964
101.594 17.5459 0.0703915
101.473 17.6376 0.0745469
101.421 17.4835 0.0733277
101.594 17.5543 0.0727742
101.481 17.6093 0.0752549
101.639 17.5266 0.0718975
101.562 17.6819 0.0736315
101.617 17.6558 0.0755156
101.499 17.6584 0.0756024
101.573 17.5941 0.0684223
101.462 17.6729 0.0703733
101.546 17.5321 0.0741753
101.615 17.5138 0.070773
101.581 17.5077 0.07218
101.546 17.6858 0.0742951
101.477 17.631 0.0750248
101.46 17.6598 0.0756121
101.516 17.6169 0.0731116
101.558 17.6257 0.0741329
101.564 17.6149 0.0740732
101.546 17.673 0.0705549
101.494 17.6308 0.0738923
101.478 17.628 0.0723515
101.386 17.6197 0.0735548
101.475 17.6193 0.071503
101.439 17.5875 0.0753776
101.424 17.5673 0.0750186
101.595 17.4825 0.0725035
101.633 17.6917 0.0731013
101.495 17.525 0.0744131
101.542 17.6781 0.0722381
101.588 17.6899 0.0757704
101.591 17.5774 0.0695695
101.507 17.6917 0.0706557
101.581 17.5876 0.0734143
101.602 17.5242 0.0682584
101.669 17.6392 0.0770795
101.597 17.6694 0.0742653
101.488 17.605 0.0734614
101.453 17.5446 0.0765356
101.531 17.6334 0.076434
101.478 17.6147 0.0760038
101.578 17.5571 0.075475
101.423 17.6604 0.0747633
101.538 17.4971 0.0687711
101.448 17.6467 0.0745019
101.472 17.6971 0.0719975
101.482 17.6806 0.0753854
101.722 17.527 0.0695946
101.518 17.6729 0.0738173
101.534 17.4187 0.0707833
101.455 17.5657 0.0719486
101.48 17.5477 0.0709744
101.482 17.5735 0.074802
101.586 17.5428 0.0713652
101.528 17.5561 0.0675971
101.462 17.5591 0.0714237
101.47 17.6354 0.0719248
101.526 17.6327 0.0768362
101.576 17.5598 0.073492
101.559 17.7244 0.0739006
101.619 17.5584 0.0704934
101.501 17.6275 0.0732781
101.532 17.7349 0.0734197
101.563 17.6432 0.0760324
101.485 17.5561 0.0689389
101.51 17.6083 0.071991
101.52 17.6456 0.0725098
101.604 17.5759 0.0738756
101.558 17.5878 0.0742934
101.441 17.6153 0.075065
101.483 17.6404 0.0715461
101.502 17.4431 0.0696227
101.52 17.6545 0.074549
101.628 17.5614 0.0712987
101.565 17.6324 0.0721848
101.516 17.6514 0.0729633
101.411 17.7036 0.075561
101.485 17.5136 0.0735083
101.564 17.6702 0.0714262
101.542 17.5993 0.0729496
101.542 17.6476 0.0725335
101.631 17.6219 0.0745074
101.563 17.7299 0.0718209
101.533 17.5128 0.0741275
101.48 17.639 0.0725742
101.492 17.5665 0.0733819
101.501 17.6143 0.0724659
101.607 17.6459 0.0701668
101.598 17.4634 0.0726654
101.609 17.511 0.0699101
101.596 17.619 0.0762267
99.8642 18.7702 0.0904443
101.527 17.5891 0.0730252
101.523 17.5924 0.071842
101.532 17.6482 0.0729461
101.549 17.6975 0.0761927
101.577 17.6106 0.0718628
101.442 17.5849 0.0713828
101.573 17.5826 0.0717337
101.622 17.6594 0.0737304
101.637 17.5577 0.0743716
101.672 17.6675 0.0739738
101.557 17.563 0.0739942
101.614 17.565 0.0712331
101.599 17.5735 0.0729449
101.521 17.6287 0.0710596
101.548 17.5653 0.07298
101.491 17.627 0.0770307
101.536 17.5801 0.0758227
101.626 17.6657 0.0758663
101.554 17.5982 0.0729846
101.515 17.6132 0.071122
101.421 17.6192 0.0724128
101.599 17.6704 0.0750547
101.623 17.6415 0.0773725
101.517 17.6204 0.0731768
101.507 17.6532 0.0718907
101.513 17.6378 0.0751743
101.463 17.6144 0.0708032
101.643 17.6541 0.0719625
101.551 17.6818 0.0712818
101.624 17.4995 0.075234
101.514 17.5206 0.0768805
101.479 17.6737 0.0768295
101.432 17.6799 0.0756831
101.543 17.6025 0.0744831
101.568 17.5249 0.0725446
101.487 17.617 0.0710878
101.532 17.6048 0.0732128
101.399 17.6102 0.071141
101.542 17.5835 0.073046
101.678 17.7153 0.0717802
101.456 17.6047 0.0732706
101.528 17.5993 0.0734795
101.519 17.6729 0.0752306
101.6 17.6424 0.074021
101.539 17.6176 0.0696274
101.381 17.6309 0.0741967
101.575 17.6471 0.0726807
101.516 17.6071 0.0744042
101.566 17.5579 0.0719657
101.603 17.5117 0.0683038
101.442 17.5382 0.0708282
101.555 17.6969 0.0725324
101.602 17.5577 0.0707937
101.665 17.6942 0.0716776
101.658 17.6082 0.0711242
101.621 17.5892 0.0760341
101.663 17.5819 0.073749
101.693 17.6338 0.0666737
101.605 17.5099 0.074718
101.443 17.8958 0.073234
101.452 17.5952 0.0745668
101.479 17.5034 0.0742972
101.54 17.6275 0.0739968
101.561 17.5856 0.0742871
101.432 17.5382 0.0740863
101.499 17.55 0.0756952
101.494 17.4352 0.0704504
101.478 17.5753 0.0746228
101.583 17.7689 0.0738412
101.54 17.6613 0.0731641
101.518 17.5512 0.0745999
101.467 17.5658 0.0733457
101.461 17.6696 0.0739891
101.591 17.5671 0.0716529
101.547 17.6553 0.0694991
101.512 17.6656 0.0712939
101.466 17.7036 0.0757717
101.328 17.5938 0.069716
101.534 17.5083 0.0708504
101.588 17.6168 0.0708233
101.606 17.6976 0.0741501
101.489 17.559 0.0714073
101.573 17.6215 0.0747485
101.572 17.4895 0.0724837
101.557 17.5531 0.0724531
101.614 17.5344 0.0712946
101.518 17.6115 0.0706304
101.51 17.7382 0.0753086
101.555 17.5892 0.0767856
101.478 17.5559 0.0708141
101.449 17.6052 0.075313
101.572 17.7123 0.0772053
101.598 17.7157 0.0767907
101.568 17.6935 0.0748605
101.579 17.5883 0.0753579
101.475 17.5434 0.0745204
101.525 17.6077 0.0720465
101.519 17.6112 0.0748371
101.505 17.4893 0.0725728
101.55 17.7157 0.0711949
101.576 17.6012 0.0726179
101.469 17.5017 0.0746493
101.537 17.5881 0.0703414
101.526 17.7243 0.0756487
101.502 17.6017 0.07198
101.522 17.5475 0.0729028
101.464 17.5748 0.0707126
101.417 17.644 0.0714927
101.441 17.5998 0.076199
101.658 17.7145 0.0722844
101.518 17.6185 0.0717252
101.484 17.6666 0.0760348
101.541 17.5768 0.0718476
101.556 17.6375 0.0731455
101.534 17.6223 0.0730093
101.558 17.6349 0.0705804
101.552 17.6042 0.0714267
101.615 17.6586 0.0727071
101.483 17.6255 0.0727503
101.458 17.6045 0.0743275
101.508 17.6208 0.0775981
101.465 17.5645 0.0719144
101.482 17.5426 0.0686843
101.584 17.5088 0.0703563
101.729 17.6683 0.071365
101.46 17.5759 0.0750248
101.558 17.6231 0.0752518
101.593 17.6122 0.07174
101.458 17.7142 0.0742318
101.441 17.8732 0.0716749
101.521 17.6528 0.0728916
101.499 17.6004 0.0712236
101.388 17.5217 0.0729185
101.571 17.6164 0.0733735
101.606 17.5828 0.0737345
101.691 17.6604 0.0757384
101.555 17.7161 0.074698
101.342 17.65 0.0745193
101.464 17.609 0.0730362
101.584 17.6012 0.0715756
101.434 17.6433 0.0729971
101.492 17.6879 0.0776372
101.511 17.6877 0.0748122
101.574 17.5515 0.0737049
101.49 17.6528 0.0724342
101.547 17.6529 0.0768215
101.44 17.5316 0.0703232
101.546 17.6643 0.0720139
101.616 17.5326 0.0752565
101.492 17.6076 0.0725641
101.431 17.6259 0.0782526
101.516 17.5291 0.0713795
101.532 17.6193 0.073965
101.602 17.595 0.076588
101.304 17.6762 0.0735208
101.539 17.5125 0.0749347
101.501 17.471 0.0751001
101.593 17.59 0.0747124
101.595 17.5372 0.0768092
101.557 17.5219 0.0739494
101.522 17.6384 0.0762309
101.575 17.615 0.0751783
101.49 17.6943 0.0711001
101.506 17.5598 0.0713783
101.554 17.5665 0.0710916
101.502 17.6094 0.0738635
101.382 17.629 0.0741905
101.525 17.6167 0.0719208
101.545 17.6343 0.0740446
101.46 17.6669 0.0689929
101.52 17.4988 0.0722939
101.533 17.5092 0.0772947
101.489 17.7118 0.0732939
101.478 17.5919 0.0702509
101.497 17.634 0.0744425
101.495 17.5455 0.0712516
101.686 17.6855 0.0703979
101.425 17.6413 0.073184
101.492 17.632 0.0726017
101.557 17.5908 0.071052
101.398 17.5582 0.0759804
101.462 17.5372 0.071201
101.425 17.5668 0.0727971
101.4 17.55 0.0716746
101.468 17.5406 0.0765266
101.465 17.4931 0.0740463
101.349 17.6913 0.0753285
101.599 17.5607 0.0713593
101.526 17.5774 0.0728473
101.655 17.4332 0.0745669
101.503 17.6262 0.0751045
101.49 17.6405 0.0747211
101.509 17.5401 0.0717192
101.69 17.5503 0.0734753
101.508 17.5966 0.0717936
101.504 17.5422 0.07565
101.574 17.6065 0.0709431
101.536 17.5961 0.072514
101.64 17.5759 0.0703979
101.429 17.607 0.071799
101.496 17.6518 0.0738097
101.494 17.6364 0.0754054
101.627 17.7051 0.0753578
101.548 17.6575 0.0763394
101.605 17.4988 0.0732029
101.59 17.7419 0.0746451
101.601 17.564 0.0748624
101.431 17.5903 0.0740574
101.464 17.6245 0.0719767
101.578 17.5735 0.0751276
101.495 17.6652 0.0693371
101.574 17.6471 0.0763154
101.455 17.6394 0.074371
101.514 17.6851 0.0749303
101.516 17.6413 0.0748329
101.632 17.6797 0.0714748
101.662 17.5306 0.0735735
101.625 17.4975 0.0727328
101.347 17.6855 0.0725202
101.643 17.6748 0.0700779
101.616 17.623 0.0714917
101.583 17.6197 0.0714418
101.56 17.5337 0.0749794
101.567 17.578 0.0744191
101.489 17.6669 0.0738909
101.583 17.5686 0.0705946
101.554 17.6546 0.0750147
101.454 17.6052 0.0722654
101.658 17.5646 0.0676396
101.607 17.6085 0.0706188
101.453 17.5525 0.071286
101.395 17.6391 0.074506
101.583 17.6068 0.0727779
101.527 17.5161 0.0725753
101.685 17.5473 0.070162
101.59 17.4988 0.0779503
101.557 17.5378 0.073865
101.465 17.7448 0.0732203
101.491 17.5978 0.0732406
101.566 17.6065 0.0725194
101.594 17.7107 0.0696395
101.573 17.6108 0.0683044
101.527 17.5954 0.0700868
101.379 17.567 0.0767554
101.46 17.6131 0.0694161
101.54 17.7018 0.074127
101.515 17.6019 0.0752018
101.436 17.6667 0.076782
101.393 17.6654 0.0761655
101.53 17.6362 0.0712985
101.485 17.5827 0.0720683
101.418 17.5874 0.0737907
101.481 17.6454 0.0762095
101.573 17.6317 0.0746605
101.676 17.4826 0.0730911
101.568 17.7315 0.0730641
101.61 17.5234 0.0736194
101.469 17.5612 0.0731622
101.471 17.6245 0.0732061
101.622 17.5052 0.0758112
101.636 17.6637 0.0705491
101.618 17.5727 0.0720755
101.571 17.5343 0.0708657
101.514 17.8266 0.0718712
101.492 17.8486 0.0750838
101.534 17.9266 0.0725299
101.436 17.5841 0.0728089
101.561 17.6282 0.0723217
101.561 17.6366 0.071395
101.624 17.6424 0.0751959
101.603 17.652 0.0752149
101.554 17.6865 0.0748869
101.649 17.4947 0.0728208
101.53 17.7321 0.0743475
101.562 17.6947 0.0742044
101.544 17.7564 0.0738015
101.463 17.5868 0.0731817
101.541 17.6183 0.0731528
101.528 17.6778 0.0767012
101.61 17.525 0.0701914
101.605 17.5861 0.0746751
101.479 17.5949 0.0741548
101.52 17.6239 0.0753727
101.562 17.6394 0.0713926
101.505 17.5006 0.0737015
101.527 17.537 0.0700179
101.612 17.6368 0.0716308
101.562 17.6436 0.0723962
101.685 17.661 0.0750224
101.677 17.6661 0.0729842
101.549 17.5379 0.0759656
101.562 17.5506 0.0708038
101.584 17.5941 0.0758597
101.615 17.4799 0.0746609
101.484 17.5656 0.0719977
101.575 17.5885 0.0763702
101.662 17.5023 0.0722569
101.661 17.5581 0.0716466
101.534 17.6096 0.0732784
101.629 17.7114 0.0706393
101.562 17.6111 0.0725532
101.606 17.5357 0.0690079
101.586 17.7239 0.07816
101.471 17.6562 0.0736594
101.607 17.5197 0.0748667
101.356 17.5961 0.0787898
101.519 17.667 0.070489
101.679 17.5419 0.0694233
101.622 17.6196 0.072845
101.523 17.5773 0.072675
101.509 17.7255 0.0720306
101.457 17.6222 0.0710348
101.571 17.4919 0.0714782
101.496 17.6055 0.0733376
101.675 17.6095 0.070018
101.458 17.6036 0.0720286
101.491 17.6095 0.0747446
101.442 17.6131 0.0766229
101.517 17.5881 0.0729384
101.488 17.5929 0.0696312
101.503 17.6861 0.0736483
101.495 17.6336 0.0710443
101.591 17.5857 0.0702532
101.519 17.5743 0.0708397
101.527 17.5578 0.0723458
101.534 17.5715 0.0724434
101.524 17.5943 0.0738577
101.525 17.6643 0.0740856
101.535 17.5101 0.0745519
101.513 17.5575 0.0691526
101.63 17.6294 0.0723509
101.715 17.611 0.0721699
101.596 17.6016 0.0754721
101.465 17.5935 0.0763832
101.53 17.5324 0.0719853
101.488 17.9227 0.0717447
101.491 17.5105 0.073903
101.613 17.5415 0.0711854
101.551 17.5807 0.0715981
101.454 17.5939 0.0731318
101.621 17.7354 0.0749791
101.576 17.7332 0.0739762
101.44 17.5653 0.0743327
101.562 17.7825 0.0731262
101.508 17.7198 0.0739634
101.481 17.5616 0.0731455
101.585 17.5627 0.0763466
101.51 17.5734 0.073585
101.668 17.6273 0.0735238
101.577 17.6636 0.075503
101.654 17.5359 0.0711319
101.527 17.667 0.0731591
101.575 17.6465 0.0722704
101.516 17.7265 0.0762774
101.452 17.5266 0.0698897
101.581 17.648 0.0738463
101.588 17.7271 0.0738782
101.64 17.6698 0.0726015
101.578 17.641 0.0697292
101.63 17.544 0.072064
101.492 17.6527 0.0705116
101.584 17.5391 0.0779274
101.481 17.6819 0.074181
101.483 17.6222 0.0709324
101.475 17.6333 0.0716778
101.578 17.5775 0.0728515
101.582 17.5422 0.0724923
101.572 17.571 0.0749693
101.608 17.6066 0.073499
101.532 17.5168 0.0708235
101.704 17.5709 0.0671476
101.391 17.5774 0.0746009
101.558 17.6907 0.0777287
101.542 17.6208 0.0739251
101.582 17.6338 0.0696954
101.491 17.488 0.0765529
101.737 17.5652 0.0717543
101.515 17.7229 0.0732126
101.485 17.593 0.0728537
101.557 17.6711 0.075336
101.53 17.4391 0.0743353
101.485 17.5909 0.0747987
101.489 17.6336 0.0752568
101.479 17.6685 0.0739254
101.496 17.5888 0.0733485
101.446 17.4855 0.0707859
101.612 17.7149 0.0694018
101.543 17.5407 0.076462
101.489 17.4686 0.0752947
101.684 17.6943 0.0724619
101.644 17.67 0.0726355
101.486 17.4442 0.0678083
101.562 17.6637 0.074816
101.613 17.5265 0.0725498
101.519 17.6454 0.0698595
101.544 17.5859 0.0715924
101.451 17.6287 0.0743118
101.5 17.6608 0.0737154
101.542 17.4973 0.0729638
101.613 17.6532 0.0727548
101.484 17.6103 0.0711896
101.66 17.634 0.0728273
101.593 17.605 0.0728634
101.494 17.5518 0.0742454
101.652 17.605 0.0722489
101.481 17.664 0.0720111
101.452 17.5747 0.0693456
101.594 17.5816 0.0729544
101.508 17.4895 0.0765718
101.602 17.7089 0.0748099
101.575 17.621 0.0685986
101.461 17.6028 0.0722964
101.465 17.5259 0.0706715
101.544 17.7533 0.0760824
101.477 17.5625 0.0686891
101.496 17.7138 0.0711859
101.453 17.683 0.0702384
101.606 17.6422 0.0751634
101.545 17.6555 0.0740715
101.661 17.5652 0.0733462
101.512 17.6428 0.0715174
101.542 17.6664 0.0712354
101.484 17.5552 0.0714046
101.492 17.5459 0.071222
101.45 17.5619 0.0693291
101.615 17.4931 0.0724161
101.659 17.6744 0.0745583
101.498 17.5892 0.073714
101.481 17.604 0.0763179
101.576 17.6395 0.0739077
101.501 17.6152 0.0742157
101.458 17.6268 0.0715216
101.481 17.5802 0.0748554
101.471 17.6226 0.0703276
101.548 17.5319 0.0712399
101.61 17.5484 0.0723506
101.45 17.6936 0.0723191
101.555 17.5382 0.0692264
101.552 17.6343 0.0721598
101.326 17.5816 0.0782636
101.503 17.5796 0.073683
101.475 17.6046 0.0747251
101.553 17.5667 0.0702375
101.489 17.6063 0.0743041
101.459 17.7155 0.073893
101.483 17.6814 0.073337
101.495 17.6071 0.0695541
101.486 17.6359 0.0697262
101.672 17.6747 0.0725091
101.545 17.5262 0.0753792
101.582 17.6426 0.0752194
101.518 17.6015 0.071458
101.398 17.5675 0.0717997
101.574 17.5591 0.0703354
101.486 17.6498 0.0737514
101.577 17.5848 0.071081
101.582 17.6997 0.0718843
101.621 17.5077 0.0739785
101.563 17.6714 0.0743986
101.601 17.517 0.0679601
101.578 17.7064 0.0715758
101.624 17.6105 0.0715607
101.675 17.6047 0.0707356
101.49 17.553 0.0764792
101.593 17.6845 0.0725562
101.576 17.7143 0.0715252
101.629 17.6079 0.0727982
101.432 17.6953 0.0733893
101.456 17.4719 0.068294
101.519 17.5383 0.0727486
101.496 17.6441 0.0726939
101.614 17.597 0.0722691
101.534 17.5841 0.0670723
101.615 17.6779 0.0765885
101.641 17.7146 0.0752409
101.532 17.5262 0.0700588
101.569 17.6598 0.0750209
101.494 17.6064 0.0742229
101.521 17.5745 0.0751949
101.531 17.5643 0.0741094
101.487 17.7015 0.0744262
101.441 17.6115 0.0721074
101.419 17.6353 0.07323
101.459 17.6932 0.0715219
101.5 17.6665 0.0699053
101.538 17.5876 0.0747376
101.387 17.5073 0.0753984
101.501 17.5924 0.0731677
101.543 17.6871 0.0696142
101.614 17.6114 0.0760882
101.573 17.7001 0.0715169
101.419 17.5983 0.0768339
101.504 17.5576 0.0731368
101.659 17.578 0.07178
101.663 17.551 0.074394
101.531 17.5338 0.0744336
101.559 17.523 0.0740083
101.529 17.5437 0.0714339
101.559 17.6347 0.0716448
101.56 19.0307 0.0907637
101.487 17.6694 0.0740394
101.652 17.6625 0.0736681
101.586 17.6855 0.0753125
101.661 17.6151 0.0736435
101.384 17.689 0.0763552
101.466 17.629 0.0735422
101.562 17.5614 0.0726045
101.416 17.6451 0.0773367
101.558 17.6207 0.0749388
101.533 17.6199 0.0711529
101.494 17.5039 0.0746012
101.527 17.6649 0.0746659
101.582 17.6412 0.0737287
101.617 17.5847 0.0727676
101.444 17.7316 0.0753
101.608 17.6711 0.0728334
101.592 17.7339 0.0759202
101.484 17.5385 0.0721178
101.475 17.5958 0.0726943
101.586 17.5905 0.0732757
101.558 17.584 0.0722737
101.443 17.6026 0.0695419
101.629 17.7698 0.0725821
101.603 17.5922 0.0746188
101.472 17.5991 0.0735542
101.511 17.6515 0.0675721
101.508 17.4924 0.0736771
101.597 17.6093 0.0728106
101.557 17.6107 0.0718145
101.55 17.5889 0.0726795
101.474 17.5409 0.0722461
101.532 17.6314 0.0686243
101.631 17.6565 0.0737608
101.405 17.593 0.0714782
101.613 17.4878 0.0763218
101.635 17.503 0.0745255
101.621 17.6909 0.0723333
101.55 17.5816 0.0755326
101.447 17.7251 0.0699498
101.381 17.6757 0.071887
101.591 17.668 0.0745435
101.558 17.7051 0.0752113
101.512 17.6819 0.0754967
101.634 17.6038 0.069262
101.645 17.6405 0.0706293
101.497 17.6168 0.07132
101.425 17.6235 0.0755485
101.577 17.6694 0.0757698
101.535 17.5447 0.0735202
101.42 17.5645 0.074131
101.526 17.5479 0.07594
101.638 17.6198 0.0761836
101.664 17.6452 0.0714845
101.492 17.7338 0.072919
101.572 17.6262 0.0751838
101.454 17.6531 0.0718165
101.52 17.5925 0.0769207
101.426 17.5748 0.0739216
101.533 17.6317 0.0692227
101.585 17.7046 0.0717923
101.555 17.6137 0.0708857
101.557 17.6525 0.0732003
101.444 17.5249 0.067921
101.551 17.5708 0.0700626
101.549 17.5723 0.0717794
101.547 17.5402 0.0732545
101.525 17.6184 0.0732332
101.518 17.5687 0.0723058
101.406 17.7421 0.0753072
101.52 17.6195 0.0715046
101.58 17.7054 0.0735927
101.511 17.6144 0.071432
101.525 17.6812 0.0765396
101.641 17.7029 0.0712312
101.59 17.6236 0.0742092
101.502 17.5783 0.0766744
101.471 17.6972 0.0757449
101.528 17.4858 0.0775982
101.524 17.4873 0.0727375
101.462 17.6461 0.073996
101.646 17.6602 0.075596
101.635 17.6554 0.0737568
101.635 17.6454 0.0732496
101.522 17.6024 0.0703775
101.615 17.5588 0.0706908
101.531 17.6891 0.0739702
101.61 17.5023 0.0701564
101.623 17.5822 0.0692953
101.594 17.6903 0.0740185
101.479 17.546 0.068444
101.476 17.5899 0.0754645
101.571 17.6278 0.0720709
101.499 17.6226 0.0682758
101.512 17.673 0.0749381
101.548 17.7496 0.0750864
101.475 17.6801 0.0711029
101.647 17.6955 0.0718917
101.562 17.5578 0.0750821
101.613 17.6923 0.0733724
101.571 17.6606 0.0733289
101.537 17.4869 0.0747747
101.638 17.6535 0.0734555
101.501 17.4875 0.075012
101.637 17.5959 0.0780162
101.503 17.6433 0.0704086
101.517 17.7413 0.0687023
101.53 17.7308 0.0697999
101.579 17.5844 0.0709772
101.423 17.5873 0.0746976
101.581 17.6398 0.0738178
101.541 17.625 0.0722019
101.548 17.5875 0.0722622
101.619 17.663 0.0740925
101.546 17.697 0.0733285
101.617 17.6746 0.0733393
101.365 17.6804 0.0729446
101.564 17.546 0.0717173
101.569 17.6147 0.0730764
101.537 17.5267 0.0695837
101.595 17.6204 0.0727498
101.631 17.6467 0.069526
101.522 17.6533 0.0707848
101.543 17.6711 0.0776155
101.484 17.5553 0.0752681
101.425 17.642 0.0720912
101.591 17.5403 0.0729527
101.453 17.7565 0.0736599
101.581 17.5367 0.0700218
101.548 17.5911 0.0697538
101.351 17.6126 0.0775652
101.587 17.6266 0.072421
101.491 17.6358 0.074325
101.645 17.5511 0.07286
101.522 17.7067 0.0681772
101.561 17.7224 0.0741655
101.444 17.5235 0.0757593
101.341 17.5837 0.0690334
101.454 17.6954 0.0736996
101.47 17.5728 0.0736551
101.612 17.6993 0.0732853
101.55 17.6188 0.0719096
101.629 17.6365 0.0737252
101.397 17.5461 0.0721216
101.517 17.587 0.0724069
101.709 17.648 0.0699155
101.74 17.6371 0.0727571
101.536 17.5847 0.0743678
101.499 17.6798 0.0748327
101.633 17.6444 0.0733431
101.556 17.6344 0.0736439
101.451 17.5321 0.071955
101.398 17.5445 0.0755973
101.595 17.5746 0.0739963
101.451 17.5518 0.0749787
101.493 17.5851 0.0750318
101.571 17.7156 0.0743695
101.617 17.5452 0.0757212
101.574 17.5613 0.0727493
101.6 17.4882 0.0717905
101.566 17.569 0.0681708
101.484 17.67 0.0731939
101.46 17.6444 0.0737689
101.44 17.7153 0.0748304
101.553 17.7173 0.0739347
101.442 17.7311 0.0697383
101.478 17.756 0.0703817
101.609 17.6267 0.0720174
101.638 17.7119 0.072597
101.62 17.6209 0.0736744
101.575 17.5862 0.073293
101.403 17.6344 0.0716002
101.522 17.5265 0.0743656
101.431 17.6473 0.0724226
101.663 17.5203 0.0724853
101.534 17.6782 0.0747521
101.625 17.6423 0.0761517
101.499 17.6092 0.0711578
101.47 17.6038 0.0704265
101.575 17.7245 0.0715347
101.549 17.6971 0.0695051
101.438 17.5807 0.0747397
101.483 17.5573 0.0735665
101.529 17.6865 0.0706762
101.537 17.5805 0.0725134
101.502 17.69 0.0704648
101.588 17.6684 0.0743065
101.42 17.6968 0.0732378
101.386 17.6954 0.0725269
101.598 17.7753 0.0702827
101.56 17.7607 0.0687888
101.628 17.6753 0.0738403
101.499 17.6508 0.073153
101.541 17.7132 0.0743216
101.709 17.6052 0.0695547
101.536 17.5856 0.0780451
101.536 17.5771 0.0730994
101.546 17.5359 0.0735489
101.474 17.702 0.073214
101.459 17.6864 0.0734996
101.522 17.7073 0.0759823
101.57 17.7109 0.0753793
101.594 17.555 0.0709247
101.589 17.7227 0.0719401
101.416 17.6101 0.073106
101.564 17.5742 0.0729003
101.686 17.6566 0.0706365
101.357 17.5733 0.0786048
101.556 17.6233 0.0726636
101.317 17.6601 0.0750047
101.536 17.6319 0.0723732
101.536 17.5893 0.0727793
101.624 17.6584 0.0718354
101.48 17.557 0.0764441
101.515 17.5994 0.073466
101.551 17.5992 0.0730871
101.61 17.575 0.0748162
101.653 17.6331 0.0733209
101.439 17.7065 0.0773154
101.56 17.5804 0.0717688
101.498 17.6122 0.0727179
101.547 17.4812 0.0718521
101.504 17.6988 0.0753675
101.348 17.6234 0.0696951
101.693 17.5644 0.070664
101.753 17.594 0.072801
101.514 17.6629 0.0742363
101.62 17.6351 0.0703551
101.597 17.6959 0.0727993
101.56 17.6762 0.0736212
101.618 17.6105 0.0745675
101.668 17.664 0.0752858
101.513 17.4825 0.0740631
101.541 17.5356 0.0735234
101.611 17.5716 0.0721226
101.616 17.598 0.073314
101.494 17.5696 0.0748564
101.609 17.7387 0.0741831
101.519 17.6552 0.0747784
101.458 17.5909 0.0723934
101.543 17.7129 0.0726728
101.512 17.5875 0.0719119
101.515 17.5903 0.0756172
101.444 17.6804 0.0749826
101.572 17.7222 0.0752136
101.619 17.7776 0.072553
101.597 17.5947 0.0737291
101.578 17.6127 0.0687043
101.563 17.5611 0.0730761
101.612 17.6215 0.072332
101.695 17.7127 0.0729816
101.659 17.6185 0.0746319
101.473 17.6247 0.0746578
101.525 17.6333 0.0730593
101.511 17.6996 0.0750319
101.624 17.5909 0.0773727
101.486 17.6082 0.0742954
101.586 17.6064 0.0701124
101.567 17.6416 0.0711508
101.508 17.5137 0.0751746
101.456 17.613 0.0750767
101.529 17.6523 0.0707748
101.635 17.6072 0.0754615
101.529 17.6266 0.0715892
101.606 17.5525 0.0720385
101.631 17.5067 0.0756837
101.431 17.564 0.0721089
101.551 17.6301 0.0739859
101.649 17.7885 0.070371
101.606 17.7333 0.0703766
101.541 17.733 0.0744874
101.689 17.6153 0.071818
101.563 17.6336 0.0763091
101.386 17.5535 0.0747702
101.588 17.6063 0.070461
101.605 17.5708 0.0709923
101.413 17.6793 0.073622
101.524 17.5624 0.0735926
101.565 17.5395 0.0678612
101.49 17.5277 0.0699199
101.542 17.4734 0.074899
101.538 17.5566 0.0741774
101.477 17.6774 0.0715448
101.636 17.5792 0.0740672
101.411 17.7203 0.0753014
101.613 17.6203 0.0731153
101.662 17.627 0.0746897
101.444 17.6381 0.0700675
101.493 17.665 0.072602
101.495 17.6175 0.0688848
101.547 17.6487 0.06791
101.544 17.6528 0.0763725
101.588 17.5791 0.0759598
101.502 17.4681 0.0733551
101.433 17.6985 0.0763732
101.555 17.5709 0.0709852
101.518 17.5879 0.0720597
101.481 17.6691 0.0766931
101.642 17.6906 0.0738643
101.558 17.6556 0.0677266
101.477 17.6398 0.0734087
101.439 17.6166 0.0715774
101.546 17.6514 0.0697969
101.469 17.5881 0.0782094
101.609 17.5298 0.0687787
101.427 17.6126 0.0746782
101.579 17.6239 0.0707403
101.454 17.5693 0.078456
101.597 17.6233 0.0711994
101.561 17.6244 0.0733382
101.623 17.5896 0.0723761
101.585 17.5885 0.0732878
101.624 17.5224 0.0712153
101.556 17.5324 0.0729168
101.571 17.5586 0.0688704
101.571 17.5426 0.0765439
101.51 17.5505 0.0771952
101.582 17.6937 0.0736373
101.594 17.5501 0.0733241
101.561 17.6677 0.0723093
101.561 17.5621 0.0761213
101.418 17.737 0.073965
101.527 17.7349 0.0746936
101.579 17.7472 0.0750099
101.427 17.5968 0.073084
101.626 17.6024 0.0686908
101.452 17.5855 0.067656
101.664 17.6822 0.0711657
101.633 17.6629 0.0755954
101.529 17.5403 0.0697457
101.543 17.6021 0.069266
101.51 17.7005 0.0735933
101.542 17.5832 0.0712895
101.464 17.5091 0.0737941
101.574 17.7405 0.0689764
101.61 17.6954 0.0699882
101.628 17.6516 0.0739229
101.564 17.674 0.0716674
101.423 17.5854 0.0726187
101.475 17.5671 0.0736975
101.513 17.5983 0.0723442
101.582 17.694 0.072855
101.599 17.4879 0.0704055
101.619 17.7955 0.0701374
101.533 17.6694 0.0736994
101.644 17.5601 0.0729054
101.611 17.6003 0.0720073
101.534 17.6135 0.0759282
101.53 17.6013 0.0727694
101.63 17.5658 0.0712666
101.629 17.6562 0.0750315
101.565 17.7337 0.0767558
101.602 17.6693 0.072207
101.494 17.5617 0.0718547
101.609 17.61 0.0707461
101.368 17.6836 0.0824776
101.518 17.5856 0.0714376
101.604 17.6018 0.0729626
101.598 17.5673 0.0693514
101.53 17.5858 0.0739598
101.575 17.6024 0.0688965
101.622 17.5284 0.0705115
101.521 17.5206 0.0723491
101.643 17.6894 0.0737479
101.668 17.5882 0.0724843
101.664 17.5638 0.0729269
101.521 17.5674 0.0706425
101.564 17.6295 0.0722787
101.583 17.5359 0.0706587
101.575 17.5398 0.0736933
101.537 17.7195 0.0734123
101.631 17.6425 0.0716606
101.484 17.6601 0.0762774
101.434 17.6444 0.0697719
101.487 17.549 0.0771435
101.475 17.7063 0.0759018
101.526 17.5609 0.0728053
101.419 17.4895 0.0744234
101.493 17.6526 0.0754401
101.559 17.6585 0.0715305
101.501 17.6188 0.0724874
101.495 17.6053 0.0705083
101.558 17.599 0.0707631
101.615 17.561 0.072675
101.447 17.6445 0.071659
101.494 17.6126 0.0719155
101.498 17.6035 0.0708219
101.537 17.5378 0.0772451
101.517 17.6536 0.072372
101.561 17.4108 0.0724847
101.559 17.5716 0.0722246
101.496 17.5118 0.0733859
101.44 17.6788 0.0742612
101.552 17.7048 0.0747392
101.466 17.7354 0.0714275
101.641 17.6166 0.0729316
101.639 17.6174 0.0744959
101.629 17.5144 0.0734173
101.589 17.5551 0.0722353
101.545 17.6009 0.072921
101.667 17.6795 0.0723908
101.663 17.7014 0.0725985
101.498 17.6388 0.0777234
101.474 17.6551 0.074857
101.549 17.7052 0.0756768
101.507 17.6762 0.0739848
101.634 17.6435 0.0759304
101.534 17.6174 0.0713519
101.553 17.6515 0.0721395
101.468 17.5997 0.0722891
101.499 17.5178 0.0750604
101.601 17.5858 0.0710367
101.572 17.5724 0.0731236
101.412 17.6504 0.0702108
101.485 17.5631 0.0706254
101.624 17.5633 0.0729398
101.53 17.7217 0.0708033
101.587 17.582 0.0684459
101.54 17.6622 0.0759778
101.555 17.6736 0.0780758
101.517 17.5361 0.0764914
101.528 17.5481 0.076224
101.461 17.6255 0.0740509
101.523 17.5409 0.0729403
101.567 17.5414 0.0724147
101.447 17.6578 0.0727956
101.642 17.6756 0.0704765
101.545 17.5829 0.0713912
101.499 17.5579 0.0687551
101.449 17.5735 0.0716818
101.482 17.5141 0.0724745
101.475 17.6831 0.0671184
101.476 17.6174 0.0675369
101.649 17.6126 0.0677314
101.541 17.6725 0.0713873
101.446 17.6717 0.0713554
101.613 17.6356 0.0739483
101.504 17.4926 0.0767197
101.516 17.6101 0.0714883
101.652 17.6215 0.074937
101.477 17.5219 0.0721465
101.615 17.7215 0.0712388
101.492 17.6387 0.0654218
101.555 17.5636 0.074008
101.545 17.6739 0.0741167
101.62 17.6716 0.0683341
101.598 17.6804 0.0692544
101.503 17.6923 0.0758971
101.59 17.5304 0.0741091
101.441 17.6589 0.0727955
101.533 17.6648 0.076137
101.351 17.6285 0.0755361
101.542 17.5725 0.0684206
101.53 17.5771 0.0747937
101.509 17.5543 0.0708054
101.52 17.6134 0.0726117
101.59 17.6802 0.0748563
101.572 17.6173 0.0736112
101.412 17.6654 0.0738778
101.636 17.673 0.0742695
101.61 17.6349 0.0725068
101.493 17.5843 0.0744794
101.385 17.5372 0.0731127
101.441 17.5153 0.0709829
101.473 17.6592 0.0758931
101.566 17.575 0.0724487
101.523 17.5324 0.071893
101.623 17.544 0.0720581
101.47 17.5888 0.0763857
101.573 17.5202 0.0698493
101.544 17.735 0.0734588
101.507 17.5142 0.0707535
101.641 17.648 0.0722887
101.561 17.6134 0.07212
101.548 17.5894 0.0741657
101.637 17.7003 0.0735254
101.521 17.6039 0.0774808
101.569 17.607 0.0727965
101.525 17.6814 0.0758918
101.643 17.5989 0.078169
101.651 17.5655 0.0756362
101.546 17.5956 0.0731123
101.577 17.5813 0.0724996
101.524 17.6176 0.075012
101.619 17.7124 0.0704422
101.471 17.6148 0.0729446
101.486 17.5886 0.0712351
101.518 17.5534 0.0713236
101.527 17.6011 0.0727291
101.376 17.6418 0.0731482
101.558 17.5544 0.0683995
101.563 17.6867 0.0737714
101.607 17.5495 0.0723177
101.671 17.6144 0.0708976
101.504 17.6028 0.0723141
101.582 17.644 0.0756799
101.462 17.5926 0.0747356
101.544 17.5413 0.0750487
101.673 17.5398 0.075497
101.552 17.6054 0.0681375
99.7569 20.9648 0.103192
101.554 17.7096 0.0680843
101.619 17.5926 0.0727165
101.49 17.5652 0.0735518
101.514 17.6593 0.0756818
101.637 17.6416 0.0755029
101.514 17.6278 0.0746437
101.472 17.5913 0.0737664
101.551 17.5832 0.071977
101.538 17.4835 0.0744798
101.643 17.4944 0.07567
101.535 17.5678 0.0718556
101.623 17.5852 0.0713703
101.455 17.6553 0.0728412
101.582 17.6405 0.0747449
101.709 17.654 0.0706662
101.437 17.6894 0.0753235
101.56 17.6213 0.0702043
101.396 17.4612 0.075399
101.565 17.5287 0.0699068
101.52 17.5697 0.0731209
101.531 17.5953 0.0718471
101.538 17.6272 0.0769991
101.486 17.8372 0.0727715
101.549 17.6628 0.0757154
101.517 17.572 0.0734498
101.47 17.6192 0.0724269
101.464 17.5507 0.076732
101.486 17.6029 0.0755985
101.563 17.5966 0.0725274
101.556 17.455 0.0735439
101.418 17.6533 0.0764166
101.448 17.549 0.0729594
101.461 17.5707 0.0688571
101.52 17.5789 0.0701164
101.487 17.6219 0.0756707
101.536 17.572 0.073173
101.576 17.5658 0.073646
101.433 17.5812 0.070177
101.535 17.576 0.0734052
101.504 17.6077 0.0711871
101.499 17.6028 0.0754821
101.397 17.4892 0.0764888
101.441 17.6259 0.0707407
101.512 17.7263 0.0745038
101.583 17.5988 0.0752026
101.495 17.6209 0.0733488
101.454 17.545 0.0720445
101.473 17.5934 0.0753811
101.464 17.5575 0.0749253
101.407 17.676 0.0808428
101.484 17.6648 0.0742823
101.517 17.6114 0.073255
101.514 17.6285 0.072156
101.452 17.72 0.0757499
101.602 17.5149 0.0705981
101.54 17.593 0.0685011
101.38 17.5503 0.0732969
101.534 17.6056 0.0701611
101.49 17.6304 0.0764545
101.441 17.6138 0.0760617
101.451 17.6797 0.0754219
101.421 17.6507 0.0762859
101.518 17.569 0.0707504
101.65 17.5985 0.0768166
101.543 17.4872 0.0714309
101.692 17.6637 0.0718178
101.594 17.6356 0.0717049
101.547 17.5193 0.0759217
101.534 17.5261 0.0692308
101.551 17.5056 0.0727076
101.418 17.6393 0.072302
101.549 17.5486 0.074759
101.455 17.6552 0.0796842
101.587 17.5801 0.0746031
101.576 17.5003 0.076575
101.544 17.6704 0.0717879
101.546 17.5474 0.0783335
101.585 17.661 0.0750866
101.562 17.6044 0.0745044
101.494 17.5119 0.0713666
101.499 17.6625 0.0723936
101.615 17.6316 0.0758293
101.583 17.6048 0.0741853
101.646 17.607 0.0693708
101.452 17.6833 0.0754265
101.529 17.5441 0.0716155
101.572 17.6434 0.0725968
101.433 17.5894 0.0712022
101.527 17.5802 0.070105
101.583 17.6074 0.0770205
101.726 17.5743 0.0713327
101.532 17.5354 0.0717951
101.452 17.6497 0.0712085
101.726 17.6426 0.0699463
101.459 17.5211 0.0749464
101.485 17.6578 0.0788795
101.578 17.7416 0.0721959
101.532 17.6547 0.0761521
101.472 17.5441 0.0736382
101.543 17.6586 0.0691771
101.421 17.5514 0.0779215
101.464 17.5626 0.0732857
101.512 17.638 0.0772543
101.526 17.6783 0.0759001
101.545 17.6478 0.0733994
101.561 17.6961 0.0725322
101.457 17.5677 0.0664978
101.581 17.5461 0.0735757
101.481 17.5107 0.0739811
101.571 17.5803 0.0717143
101.59 17.5808 0.0762464
101.536 17.6683 0.0716522
101.456 17.5369 0.0738061
101.52 17.6132 0.0695891
101.534 17.6388 0.0754997
101.527 17.4674 0.0699375
101.567 17.5907 0.0749529
101.558 17.5918 0.0756341
101.485 17.5911 0.0722853
101.552 17.5774 0.0779245
101.526 17.5881 0.0717643
101.572 17.6133 0.0730008
101.446 17.7185 0.0790544
101.556 17.6115 0.0728376
101.546 17.6361 0.070579
101.544 17.505 0.0726119
101.581 17.5756 0.0744887
101.612 17.6014 0.0760438
101.455 17.6052 0.0744868
101.567 17.6557 0.0693283
101.381 17.6129 0.0754628
101.48 17.5552 0.0717527
101.45 17.5599 0.073488
101.444 17.6419 0.0748592
101.458 17.6337 0.0767401
101.453 17.5597 0.071549
101.523 17.5606 0.0721258
101.508 17.4876 0.0704529
101.42 17.6693 0.0749122
101.699 17.6469 0.0735027
101.511 17.6674 0.0737352
101.504 17.497 0.0707625
101.475 17.5862 0.0740694
101.565 17.6036 0.0717823
101.543 17.4949 0.0742114
101.541 17.4953 0.0757973
101.474 17.4948 0.0729626
101.368 17.6058 0.0751652
101.563 17.5216 0.0769871
101.522 17.5429 0.0782513
101.535 17.4739 0.0730875
101.634 17.596 0.0747546
101.638 17.6384 0.0714545
101.646 17.494 0.0731653
101.633 17.6605 0.0778625
101.574 17.6017 0.0775945
101.35 17.6829 0.0749465
101.59 17.6375 0.0722309
101.574 17.5702 0.0731456
101.591 17.5681 0.0766165
101.723 17.58 0.0711571
101.465 17.5663 0.0733529
101.479 17.6306 0.0789734
101.497 17.7835 0.0741426
101.454 17.6347 0.0755992
101.548 17.6616 0.0741512
101.551 17.6131 0.0740288
101.686 17.5624 0.0762697
101.533 17.6291 0.0715028
101.493 17.5321 0.0698825
101.504 17.5534 0.0714265
101.423 17.6125 0.072954
101.717 17.5531 0.0721775
101.611 17.6801 0.0754586
101.508 17.6222 0.0701293
101.488 17.6078 0.0729936
101.514 17.5694 0.0687311
101.601 17.6395 0.0700337
101.506 17.6035 0.0776702
101.493 17.6125 0.076127
101.566 17.494 0.0742596
101.645 17.4478 0.0727158
101.471 17.6881 0.070876
101.461 17.5985 0.0704576
101.488 17.5837 0.0761436
101.337 17.582 0.0744763
101.535 17.6116 0.0742476
101.47 17.5846 0.0771557
101.473 17.5322 0.0721904
101.422 17.7138 0.0732659
101.581 17.4619 0.0718993
101.533 17.617 0.0724385
101.47 17.4323 0.0744323
101.494 17.6475 0.0727948
101.545 17.6436 0.0726717
101.44 17.4581 0.0699422
101.552 17.5338 0.0768535
101.499 17.5812 0.074521
101.665 17.6449 0.0747042
101.629 17.5726 0.0734396
101.563 17.5689 0.0686406
101.441 17.5811 0.0725482
101.511 17.5554 0.072889
101.522 17.6709 0.074211
101.553 17.5509 0.0705817
101.512 17.6724 0.0747616
101.652 17.6027 0.0773136
101.625 17.5353 0.0708538
101.584 17.5443 0.073804
101.368 17.6983 0.0747847
101.492 17.5932 0.0731929
101.53 17.5907 0.0709325
101.516 17.5324 0.0707779
101.557 17.525 0.0732311
101.624 17.5532 0.0724655
101.425 17.5703 0.0717914
101.498 17.7034 0.0777658
101.483 17.6406 0.0769775
101.584 17.6201 0.0759282
101.473 17.5836 0.0721471
101.39 17.5971 0.0714854
101.493 17.5454 0.0727274
101.619 17.5067 0.0748213
101.665 17.5162 0.0745196
101.699 17.4982 0.0733778
101.463 17.6292 0.0748724
101.589 17.6086 0.0719452
101.53 17.5547 0.0715516
101.412 17.5768 0.0709512
101.599 17.5939 0.0721641
101.599 17.5602 0.071745
101.618 17.5764 0.0715102
101.541 17.5245 0.0723471
101.531 17.6373 0.0740851
101.522 17.6847 0.0733502
101.512 17.5763 0.0760414
101.585 17.8209 0.0736985
101.51 17.5666 0.0736492
101.518 17.6456 0.0760573
101.571 17.6724 0.0738386
101.52 17.6202 0.0710938
101.529 17.6246 0.0704602
101.553 17.6217 0.0719327
101.575 17.5038 0.0762775
101.449 17.6 0.0739765
101.529 17.5946 0.0745129
101.466 17.5345 0.0707053
101.729 17.6037 0.0733064
101.606 17.6824 0.0740646
101.41 17.5967 0.0754021
101.535 17.6354 0.072921
101.427 17.5954 0.0735123
101.583 17.5625 0.0710139
101.544 17.5055 0.0722624
101.419 17.5825 0.0725342
101.573 17.605 0.0731339
101.486 17.7328 0.0705696
101.543 17.6142 0.0768419
101.559 17.5763 0.0748603
101.579 17.6553 0.0736169
101.561 17.4935 0.0708777
101.494 17.6978 0.06578
101.435 17.6205 0.0706348
101.534 17.5305 0.0749607
101.506 17.6058 0.0736084
101.427 17.6486 0.0729564
101.451 17.6613 0.0738244
101.536 17.5789 0.0725923
101.557 17.6189 0.0723374
101.557 17.6255 0.0730935
101.432 17.4959 0.0718466
101.447 17.5796 0.0725774
101.56 17.5405 0.0786963
101.495 17.5654 0.0732598
101.483 17.7337 0.0755514
101.601 17.6185 0.0755967
101.489 17.6227 0.0699274
101.535 17.5677 0.0707004
101.583 17.5868 0.0741957
101.503 17.4819 0.0687267
101.428 17.5571 0.0719292
101.457 17.6521 0.0755914
101.407 17.6804 0.0752428
101.686 17.5468 0.0750064
101.458 17.5935 0.0716674
101.413 17.659 0.0696339
101.577 17.5966 0.0709952
101.501 17.5829 0.0729497
101.565 17.5518 0.0703756
101.413 17.6225 0.0716396
101.496 17.5985 0.0762053
101.543 17.6047 0.0730083
101.487 17.6244 0.0780372
101.595 17.5744 0.0733134
101.568 17.6351 0.0703271
101.542 17.4861 0.075901
101.471 17.5446 0.0736388
101.47 17.5057 0.0722
101.435 17.6725 0.0725047
101.529 17.6664 0.0727323
101.522 17.5292 0.0745122
101.605 17.5121 0.0714862
101.653 17.6405 0.0703045
101.592 17.678 0.0739193
101.361 17.6156 0.0747314
101.531 17.5625 0.0738591
101.515 17.6312 0.07185
101.548 17.5551 0.074219
101.618 17.5327 0.0699419
101.471 17.5002 0.0710533
101.527 17.6653 0.0736398
101.487 17.502 0.0729868
101.547 17.4912 0.0677357
101.426 17.6072 0.076924
101.592 17.6275 0.0732251
101.564 17.5718 0.0721954
101.47 17.5259 0.0730786
101.553 17.5957 0.0760233
101.758 17.574 0.0719975
101.558 17.7186 0.0729734
101.448 17.6508 0.0744841
101.584 17.6219 0.0728729
101.531 17.5072 0.0728872
101.572 17.5563 0.068304
101.532 17.5748 0.0758916
101.551 17.5856 0.0752465
101.548 17.6158 0.0725187
101.468 17.5277 0.0759137
101.55 17.5384 0.07741
101.335 17.6241 0.0753932
101.349 17.5469 0.0764641
101.502 17.6309 0.0745264
101.563 17.6051 0.0749973
101.545 17.654 0.0740567
101.474 17.6104 0.0755001
101.458 17.5728 0.0709297
101.593 17.5852 0.0691784
101.711 17.5113 0.0709273
101.602 17.5779 0.077511
101.52 17.6022 0.0744296
101.467 17.6518 0.0781534
101.451 17.6291 0.0754406
101.476 17.6081 0.0736528
101.502 17.6421 0.075251
101.443 17.5132 0.074315
101.532 17.5709 0.0693796
101.5 17.6549 0.0692336
101.58 17.5699 0.0712137
101.604 17.6227 0.0708559
101.685 17.5495 0.07281
101.46 17.6626 0.0741653
101.515 17.5766 0.0747294
101.417 17.6453 0.075453
101.463 17.6765 0.0742413
101.553 17.6047 0.0715702
101.659 17.5594 0.0760304
101.598 17.5864 0.0733577
101.743 17.6185 0.0706451
101.644 17.6229 0.0717027
101.673 17.5343 0.0704385
101.469 17.593 0.0716072
101.475 17.6474 0.0728131
101.455 17.4952 0.0737295
101.545 17.5137 0.0731789
101.526 17.527 0.0713971
101.453 17.5527 0.0731063
101.487 17.5994 0.0762226
101.598 17.6143 0.0745588
101.524 17.5145 0.0727786
101.633 17.5118 0.0717795
101.498 17.6449 0.0708629
101.671 17.495 0.0729552
101.694 17.6336 0.0735446
101.495 17.4893 0.0708825
101.614 17.6561 0.0746254
101.633 17.6603 0.074693
101.658 17.6403 0.0708776
101.597 17.601 0.0724721
101.578 17.5287 0.0717361
101.596 17.5705 0.0711077
101.536 17.5282 0.0735235
101.495 17.6294 0.0720635
101.452 17.5555 0.0742431
101.471 17.547 0.0742509
101.532 17.5127 0.072704
101.497 17.7596 0.0728911
101.546 17.7826 0.0734668
101.517 17.8038 0.0735147
101.513 17.6118 0.0734402
101.357 17.6457 0.0757172
101.609 17.6156 0.0733845
101.527 17.6706 0.0744787
101.679 17.6111 0.0749427
101.511 17.6649 0.0707533
101.525 17.5679 0.0755559
101.48 17.4475 0.0680757
101.463 17.5721 0.0718085
101.482 17.6459 0.0755985
101.613 17.7004 0.071855
101.481 17.5737 0.0718226
101.455 17.6244 0.0758623
101.459 17.6556 0.0777597
101.625 17.5526 0.0735229
101.557 17.6042 0.0740947
101.421 17.5476 0.0767344
101.558 17.4941 0.0762112
101.504 17.6483 0.0765229
101.554 17.6522 0.0724006
101.499 17.6854 0.0733242
101.519 17.6505 0.0758201
101.497 17.627 0.0710895
101.497 17.6215 0.0714447
101.698 17.5192 0.0727164
101.546 17.5822 0.0732692
101.469 17.7136 0.0795283
101.453 17.5162 0.071199
101.548 17.53 0.0721964
101.466 17.5189 0.0731147
101.494 17.4903 0.0755176
101.49 17.55 0.0712863
101.543 17.5567 0.0731505
101.502 17.5879 0.0753514
101.623 17.6555 0.0718423
101.53 17.6266 0.0759016
101.536 17.6551 0.0725001
101.566 17.6583 0.07286
101.406 17.5863 0.0738245
101.465 17.5635 0.0719987
101.636 17.5536 0.0744645
101.493 17.5678 0.0712704
101.651 17.7146 0.0701684
101.505 17.5511 0.071192
101.483 17.4807 0.0722294
101.488 17.5257 0.073862
101.51 17.5258 0.0709866
101.594 17.6321 0.0748248
101.46 17.565 0.0705731
101.558 17.6039 0.0741897
101.455 17.6054 0.0721215
101.542 17.6154 0.0726122
101.576 17.449 0.0774542
101.415 17.4975 0.0721972
101.477 17.6782 0.0708248
101.502 17.619 0.0710134
101.494 17.5954 0.0714327
101.598 17.6113 0.0755817
101.486 17.5298 0.0718224
101.63 17.6569 0.0689717
101.66 17.6657 0.0711718
101.543 17.6071 0.0761161
101.413 17.7105 0.0755352
101.464 17.5168 0.0734091
101.488 17.5856 0.0740601
101.605 17.5334 0.0728382
101.602 17.5684 0.0769043
101.559 17.6391 0.0771163
101.51 17.6098 0.0749599
101.553 17.6647 0.0737106
101.527 17.7041 0.0766496
101.469 17.6719 0.0769853
101.515 17.5753 0.0738977
101.483 17.5995 0.0761284
101.519 17.6564 0.0737445
101.687 17.6135 0.0726277
101.472 17.5917 0.0725893
101.517 17.5581 0.072242
101.517 17.5992 0.0709354
101.557 17.5206 0.0769543
101.421 17.6211 0.0748357
101.418 17.5781 0.0706811
101.63 17.4206 0.0709954
101.768 17.6078 0.0714556
101.643 17.6856 0.0750978
101.543 17.4787 0.0744091
101.497 17.6008 0.0749501
101.581 17.5286 0.0694502
101.552 17.6489 0.0725223
101.72 17.457 0.0702103
101.459 17.5047 0.0767054
101.536 17.6608 0.0722082
101.402 17.5432 0.0710972
101.452 17.5345 0.0738967
101.527 17.5247 0.0721352
101.534 17.5847 0.0697912
101.544 17.559 0.0760903
101.589 17.5895 0.0713041
101.474 17.6069 0.0731025
101.527 17.5263 0.0765857
101.635 17.6091 0.0737661
101.401 17.7672 0.0811547
101.441 17.6347 0.0736396
101.438 17.5675 0.073573
101.513 17.5429 0.0721239
101.463 17.6815 0.0740888
101.61 17.6003 0.0749153
101.617 17.6331 0.0759496
101.492 17.6032 0.0684649
101.519 17.6158 0.0715067
101.417 17.5507 0.0738089
100.563 15.9406 0.0295611
101.486 17.456 0.0741577
101.594 17.6077 0.0742906
101.498 17.654 0.0728692
101.588 17.5751 0.0724783
101.543 17.662 0.0706094
101.517 17.5225 0.0716153
101.672 17.671 0.0747137
101.44 17.6482 0.0746133
101.537 17.5313 0.0706374
101.556 17.5975 0.0746069
101.466 17.5782 0.0762458
101.566 17.5636 0.0698099
101.587 17.6489 0.077827
101.513 17.5416 0.0752564
101.493 17.5655 0.0728579
101.646 17.6311 0.0729906
101.59 17.6537 0.0717892
101.442 17.5708 0.0783835
101.538 17.6595 0.0742791
101.632 17.5227 0.0710352
101.458 17.5555 0.0731369
101.499 17.5678 0.071676
101.449 17.6559 0.0752214
101.455 17.6319 0.0746436
101.54 17.5556 0.0762992
101.493 17.5903 0.0744992
101.547 17.6084 0.074466
101.402 17.6509 0.0752643
101.387 17.5705 0.0749976
101.552 17.5916 0.0757146
101.636 17.5748 0.0721237
101.37 17.493 0.073081
101.559 17.5507 0.0729746
101.366 17.5064 0.0705064
101.562 17.426 0.0723522
101.644 17.5072 0.0706442
101.525 17.5934 0.0735396
101.503 17.4984 0.0705467
101.498 17.6933 0.0790965
101.546 17.5871 0.0792722
101.545 17.6138 0.073454
101.448 17.6397 0.0736688
101.486 17.6982 0.073491
101.589 17.403 0.0737158
101.407 17.5323 0.0734454
101.534 17.519 0.0759314
101.583 17.5724 0.0761844
101.564 17.5937 0.0717374
101.505 17.5703 0.0710441
101.524 17.5254 0.0692172
101.69 17.6481 0.0709664
101.535 17.595 0.074347
101.519 17.6794 0.0712694
101.582 17.612 0.0728655
101.501 17.5527 0.0717397
101.546 17.6145 0.0738989
101.538 17.5889 0.075543
101.471 17.6057 0.0787573
101.502 17.5581 0.0778098
101.505 17.5388 0.0745164
101.53 17.5727 0.0702187
101.501 17.5835 0.0724623
101.556 17.6391 0.0721946
101.446 17.5491 0.0767362
101.531 17.514 0.0758981
101.398 17.5841 0.0733763
101.482 17.5724 0.0726002
101.566 17.5012 0.0726656
101.5 17.5408 0.0724924
101.416 17.589 0.0728681
101.577 17.5237 0.0696903
101.603 17.53 0.0724463
101.507 17.6378 0.0778429
101.63 17.5081 0.0729184
101.588 17.5649 0.0780929
101.652 17.6248 0.0721895
101.679 17.5396 0.0707373
101.512 17.6667 0.0759268
101.511 17.5972 0.0742767
101.56 17.6826 0.0753653
101.622 17.6285 0.0725357
101.535 17.5673 0.0756133
101.373 17.6338 0.0751648
101.477 17.6343 0.0732381
101.619 17.5513 0.0749589
101.59 17.5371 0.0765063
101.466 17.4447 0.0741247
101.676 17.5994 0.0740253
101.504 17.5572 0.0729025
101.544 17.5447 0.0784097
101.43 17.5691 0.0714238
101.42 17.5672 0.0710489
101.461 17.5791 0.0764302
101.662 17.5466 0.0754039
101.551 17.5452 0.0756095
101.564 17.5198 0.0763089
101.551 17.6191 0.072905
101.547 17.5856 0.0714213
101.449 17.6099 0.072892
101.415 17.6421 0.0745634
101.4 17.6337 0.0723514
101.526 17.667 0.0757879
101.47 17.5286 0.0688357
101.572 17.4649 0.0747049
101.427 17.6131 0.0735356
101.659 17.5299 0.0747511
101.551 17.5485 0.073231
101.62 17.5396 0.0720851
101.573 17.5438 0.0743144
101.413 17.5252 0.073975
101.545 17.5392 0.071766
101.511 17.5691 0.0714287
101.634 17.6036 0.0722213
101.529 17.5266 0.0735013
101.414 17.6362 0.0708365
101.447 17.5705 0.0750964
101.539 17.6452 0.0752361
101.422 17.5606 0.0745716
101.575 17.6818 0.0714098
101.555 17.5527 0.0724569
101.58 17.6424 0.0714137
101.474 17.6335 0.0720519
101.558 17.553 0.0731327
101.531 17.5938 0.0711013
101.485 17.6541 0.0705774
101.413 17.6058 0.0779828
101.591 17.5372 0.0731551
101.492 17.555 0.0752196
101.509 17.5825 0.0779563
101.472 17.5302 0.0751893
101.575 17.5167 0.0735647
101.613 17.5014 0.072082
101.609 17.5363 0.0748208
101.608 17.5043 0.0757771
101.605 17.5876 0.070266
101.677 17.6369 0.0721395
101.607 17.6163 0.0742352
101.448 17.5507 0.0685188
101.528 17.6046 0.0759076
101.466 17.5445 0.0775163
101.514 17.6919 0.0758088
101.451 17.5423 0.0725569
101.512 17.5431 0.072786
101.54 17.6016 0.0709704
101.559 17.5735 0.0737585
101.43 17.5965 0.0742294
101.43 17.5944 0.0738543
101.428 17.6677 0.0740442
101.625 17.4949 0.0740333
101.476 17.5626 0.077146
101.466 17.5579 0.0720041
101.585 17.6077 0.0750883
101.492 17.6261 0.075243
101.445 17.6172 0.0696892
101.558 17.6456 0.0728074
101.554 17.707 0.0723619
101.417 17.5089 0.0747551
101.44 17.5929 0.0737013
101.593 17.5494 0.0730989
101.571 17.6183 0.0741771
101.563 17.6586 0.0750421
101.557 17.6667 0.0755878
101.491 17.4695 0.0733318
101.573 17.6402 0.0762353
101.543 17.5144 0.0720468
101.527 17.6472 0.0723042
101.48 17.6738 0.074434
101.509 17.5314 0.0721956
101.568 17.6018 0.0730912
101.499 17.5888 0.0754453
101.56 17.6476 0.0742461
101.571 17.5662 0.0726157
101.505 17.5609 0.0753425
101.681 17.6391 0.0744583
101.501 17.6143 0.0730293
101.601 17.6907 0.0734215
101.515 17.6031 0.0723186
101.365 17.4352 0.0747523
101.628 17.5512 0.0722192
101.516 17.7309 0.0691212
101.638 17.5828 0.07338
101.465 17.5863 0.0743224
101.633 17.5167 0.0736187
101.522 17.5912 0.0714754
101.529 17.5175 0.07536
101.624 17.465 0.0712401
101.57 17.5777 0.073238
101.62 17.594 0.0716949
101.532 17.5593 0.0791847
101.553 17.5985 0.0770277
101.503 17.6067 0.074927
101.505 17.531 0.0716054
101.55 17.5125 0.073374
101.555 17.5537 0.0751742
101.579 17.5653 0.0728061
101.534 17.5506 0.0722216
101.437 17.598 0.0694817
101.393 17.5914 0.0697252
101.681 17.5923 0.0711863
101.558 17.618 0.0713053
101.532 17.6256 0.0748539
101.496 17.7508 0.0750574
101.463 17.7191 0.0762999
101.633 17.6302 0.0721181
101.563 17.5299 0.0732934
101.496 17.6731 0.0732047
101.456 17.6563 0.072407
101.676 17.5929 0.0736247
101.583 17.6167 0.0739279
101.475 17.6319 0.0765953
101.446 17.5655 0.0714384
101.434 17.595 0.0733469
101.581 17.6341 0.0736238
101.498 17.522 0.0764435
101.509 17.5254 0.073431
101.589 17.5466 0.0695183
101.484 17.6642 0.0697016
101.491 17.5671 0.0725292
101.481 17.5931 0.0740367
101.593 17.5692 0.0742087
101.515 17.5477 0.0732222
101.529 17.5126 0.0744366
101.487 17.6437 0.0760098
101.513 17.5565 0.064491
101.533 17.5464 0.073374
101.595 17.5808 0.0706715
101.404 17.5464 0.074475
101.398 17.5825 0.0736576
101.521 17.7031 0.0710604
101.563 17.4597 0.073225
101.573 17.4947 0.0722437
101.498 17.4611 0.0731754
101.603 17.5784 0.0770492
101.582 17.582 0.0754058
101.495 17.5949 0.0762309
101.417 17.6304 0.0719564
101.567 17.66 0.07594
101.642 17.6547 0.0720862
101.475 17.5286 0.0735278
101.647 17.6046 0.0721518
101.601 17.5702 0.0721277
101.72 17.5949 0.0736793
101.576 17.6723 0.0724524
101.51 17.5901 0.0739838
101.508 17.5874 0.0750931
101.507 17.5629 0.0771298
101.451 17.6153 0.076826
101.572 17.6238 0.0722977
101.599 17.5852 0.0732038
101.515 17.692 0.0712644
101.525 17.7197 0.0689447
101.537 17.5405 0.073596
101.436 17.5315 0.0746907
101.438 17.6232 0.0729366
101.458 17.5538 0.0705942
101.53 17.6856 0.0717652
101.478 17.671 0.0722166
101.498 17.4425 0.0697877
101.38 17.597 0.0753657
101.485 17.5477 0.0758741
101.48 17.7132 0.0746278
101.442 17.4864 0.071146
101.482 17.6049 0.0714505
101.572 17.4791 0.0737529
101.561 17.5949 0.0724805
101.506 17.5391 0.0737332
101.632 17.5468 0.0745888
101.5 17.6768 0.0764464
101.45 17.5638 0.0731096
101.665 17.6899 0.0734736
101.448 17.5481 0.0748457
101.676 17.5627 0.0736063
101.435 17.6308 0.0738664
101.384 17.6443 0.069607
101.46 17.6371 0.0757523
101.516 17.6374 0.0717813
101.492 17.6219 0.0749206
101.656 17.5784 0.0761361
101.434 17.5847 0.0712813
101.566 17.5481 0.0732048
101.56 17.5626 0.0768213
101.557 17.5795 0.0754123
101.629 17.6611 0.0716988
101.523 17.5849 0.0754866
101.604 17.5317 0.0747855
101.519 17.5267 0.0731731
101.521 17.5632 0.0747005
101.462 17.5755 0.0728917
101.566 17.5892 0.070374
101.49 17.5596 0.0729911
101.58 17.5137 0.0731957
101.558 17.5156 0.0731084
101.456 17.5849 0.0748672
101.588 17.5153 0.0758468
101.482 17.7034 0.0775549
101.413 17.5635 0.0734525
101.458 17.5423 0.0755976
101.564 17.5708 0.0686822
101.623 17.5214 0.071764
101.535 17.5697 0.0695775
101.515 17.7097 0.0712775
101.577 17.5555 0.076644
101.65 17.5432 0.0709266
101.443 17.4388 0.0697285
101.552 17.5326 0.0737322
101.51 17.604 0.0733659
101.436 17.5884 0.071096
101.514 17.6472 0.0706826
101.554 17.6461 0.0740054
101.555 17.4204 0.0735958
101.642 17.6281 0.0699494
101.607 17.5527 0.0729501
101.595 17.6931 0.0729617
101.433 17.6379 0.0756204
101.522 17.5764 0.0775404
101.537 17.5298 0.0752435
101.564 17.6198 0.0718541
101.589 17.5279 0.0734985
101.561 17.6202 0.0717925
101.518 17.6683 0.0709216
101.477 17.5904 0.0722854
101.553 17.6533 0.0740461
101.475 17.4934 0.0738368
101.491 17.6847 0.0752469
101.574 17.505 0.0716845
101.611 17.5455 0.0730367
101.588 17.5043 0.0678758
101.378 17.6694 0.0734937
101.47 17.5659 0.080304
101.549 17.6501 0.0748447
101.496 17.7051 0.0763937
101.431 17.5758 0.0718296
101.411 17.681 0.0697449
101.592 17.5587 0.072674
101.51 17.596 0.0709723
101.444 17.561 0.0743126
101.377 17.7121 0.0735736
101.61 17.5952 0.0749033
101.389 17.5067 0.0739116
101.669 17.5643 0.0743671
101.575 17.5599 0.0723758
101.529 17.5826 0.0785432
101.538 17.6204 0.072805
101.38 17.5626 0.0730504
101.588 17.6553 0.0725363
101.464 17.6486 0.0759576
101.344 17.5209 0.0703967
101.506 17.5854 0.0734173
101.512 17.4818 0.0757377
101.425 17.6008 0.0713112
101.566 17.5658 0.0716779
101.623 17.5703 0.0720498
101.516 17.6012 0.0719112
101.564 17.6698 0.0766395
101.51 17.735 0.0767309
101.557 17.5865 0.0772843
101.571 17.5298 0.0692466
101.58 17.6047 0.0721423
101.605 17.683 0.0729892
101.441 17.6113 0.0748983
101.535 17.628 0.0734477
101.398 17.5007 0.0732655
101.424 17.6471 0.075576
101.432 17.5819 0.071834
101.521 17.5851 0.0734635
101.548 17.4293 0.0743686
101.541 17.6431 0.0753628
101.567 17.6308 0.0751888
101.549 17.5335 0.074514
101.549 17.5435 0.0740601
101.575 17.5674 0.0748498
101.429 17.6543 0.0715067
101.507 17.6178 0.0772208
101.392 17.5585 0.0753988
101.6 17.5809 0.0702614
101.478 17.5975 0.0732966
101.527 17.6652 0.0706961
101.436 17.5124 0.0740641
101.566 17.5173 0.0719886
101.453 17.5475 0.0698884
101.606 17.6094 0.0719244
101.405 17.5545 0.069978
101.533 17.5784 0.0720303
101.5 17.6273 0.0704226
101.521 17.5993 0.0727553
101.596 17.6122 0.0719482
101.54 17.5488 0.0719782
101.619 17.5404 0.0736583
101.617 17.5883 0.071003
101.523 17.5931 0.0772957
101.607 17.5309 0.0695229
101.376 17.5119 0.073652
101.491 17.6238 0.0733139
101.455 17.4592 0.0716266
101.595 17.5389 0.0696792
101.437 17.5301 0.0721455
101.488 17.5236 0.0725013
101.538 17.6396 0.071946
101.521 17.57 0.070858
101.541 17.6103 0.0746534
101.463 17.5596 0.0736253
101.626 17.539 0.0718832
101.605 17.614 0.0737139
101.566 17.618 0.0728715
101.499 17.59 0.070182
101.466 17.6246 0.0741309
101.571 17.5849 0.0731361
101.41 17.6344 0.0734525
101.399 17.5014 0.073476
101.498 17.6324 0.0768133
101.409 17.631 0.0736987
101.366 17.6256 0.0749996
101.608 17.6468 0.0734312
101.522 17.5796 0.0727288
101.467 17.5876 0.0731357
101.57 17.6021 0.075359
101.609 17.6283 0.0701716
101.546 17.5503 0.0719496
101.517 17.6027 0.0728811
101.516 17.5164 0.0696358
101.483 17.6772 0.0750082
101.547 17.5177 0.0727805
101.571 17.6051 0.0748984
101.599 17.5421 0.0692079
101.57 17.6163 0.0700561
101.496 17.6327 0.0737255
101.477 17.51 0.0715458
101.41 17.6853 0.073313
101.552 17.5215 0.0722051
101.544 17.4607 0.0702487
101.529 17.5233 0.075217
101.572 17.608 0.0717486
101.538 17.5717 0.0696687
101.474 17.5909 0.0743516
101.556 17.5896 0.076129
101.472 17.5412 0.0730564
101.429 17.569 0.0752927
101.601 17.7586 0.0720813
101.526 17.656 0.0729954
101.474 17.681 0.0708983
101.565 17.6203 0.0717763
101.45 17.5238 0.0729967
101.558 17.6668 0.0675344
101.48 17.6208 0.0748126
101.435 17.5102 0.0753054
101.543 17.4699 0.0680705
101.46 17.5478 0.0768621
101.546 17.6103 0.0731876
101.514 17.5579 0.0725986
101.547 17.625 0.0731834
101.563 17.5679 0.0728645
101.523 17.4815 0.0744285
101.439 17.7138 0.0733709
101.58 17.6149 0.0742021
101.453 17.6778 0.076835
101.547 17.581 0.0730079
101.412 17.6616 0.075071
101.61 17.6063 0.0718714
101.533 17.5941 0.0761456
101.518 17.6296 0.0736684
101.462 17.75 0.0754608
101.447 17.6909 0.0759387
101.409 17.5374 0.0718591
101.638 17.6288 0.0717298
101.485 17.5698 0.0690186
101.477 17.6785 0.0744165
101.344 17.6529 0.0711755
101.603 17.52 0.0707579
101.565 17.5411 0.0736735
101.748 17.5083 0.0725343
101.533 17.5708 0.0742513
101.415 17.6366 0.0760248
101.597 17.6115 0.0740514
101.469 17.6737 0.0775533
101.581 17.5654 0.0747191
101.591 17.5397 0.0724377
101.535 17.5513 0.0750167
101.564 17.682 0.0723279
101.381 17.5631 0.072452
101.534 17.5585 0.0750106
101.532 17.4656 0.071465
101.501 17.6455 0.0761823
101.642 17.5697 0.0721216
101.632 17.5547 0.0699882
101.533 17.6432 0.0753268
101.568 17.6305 0.0747761
101.514 17.6599 0.0736863
101.548 17.733 0.0726778
101.554 17.4934 0.0744354
101.542 17.5764 0.0737991
101.505 17.5299 0.0700307
101.409 17.5608 0.0699668
101.591 17.6939 0.0753977
101.595 17.4909 0.0722788
101.554 17.6108 0.0741567
101.572 17.5676 0.0747887
101.655 17.6127 0.0749685
101.471 17.5473 0.0738278
101.525 17.638 0.0726971
100.863 17.7269 0.0702475
