38.2925 -75.1131 3.92622
38.3791 -75.0443 3.92311
38.3905 -75.1016 3.92689
38.4173 -75.0621 3.92522
38.4153 -75.0668 3.92528
38.308 -75.04 3.92381
38.3109 -75.0472 3.92393
38.4253 -74.9602 3.92709
38.4301 -75.1601 3.92556
38.4254 -75.1582 3.92576
38.4102 -75.0429 3.92957
38.4152 -75.045 3.92961
38.4041 -75.0315 3.92834
38.422 -74.95 3.92544
38.4068 -75.024 3.92843
38.41 -74.9901 3.92777
38.4642 -75.0189 3.92708
38.3834 -75.0054 3.92668
38.4737 -75.0208 3.92702
38.3189 -75.0487 3.9239
38.3996 -75.0539 3.92561
38.4351 -75.0508 3.92514
38.4884 -75.0036 3.92699
38.3366 -75.052 3.9304
38.4214 -75.1109 3.92513
38.4257 -75.0769 3.92535
38.4665 -75.0646 3.92845
38.4235 -75.0462 3.92678
38.4308 -75.0428 3.92679
38.4229 -75.0419 3.92668
38.4244 -75.0354 3.9269
38.416 -74.98 3.92597
38.2995 -75.0379 3.92449
38.4762 -75.0896 3.92349
38.4263 -75.0859 3.92569
38.3301 -75.0162 3.92313
38.4179 -75.1402 3.92557
38.4174 -75.1415 3.9253
38.3247 -74.9673 3.92779
38.3938 -74.99 3.92544
38.3868 -75.0203 3.92456
38.3962 -75.0085 3.92773
38.3817 -75.0675 3.9277
38.4064 -75.0356 3.92418
38.4227 -75.0847 3.9261
38.4283 -75.078 3.92576
38.3605 -75.0194 3.92388
38.4412 -75.0825 3.9257
38.3993 -75.0939 3.92539
38.3804 -75.0833 3.92786
38.3855 -75.0814 3.92793
38.4521 -75.1196 3.92085
38.3585 -75.012 3.92714
38.2992 -75.0384 3.92436
38.5032 -75.0046 3.92897
38.399 -75.1067 3.92599
38.5388 -75.058 3.92703
38.3717 -75.0809 3.92276
38.3179 -75.0539 3.92293
38.4437 -75.0527 3.92568
38.4439 -75.0565 3.92575
38.5203 -75.0621 3.92677
38.4412 -75.1037 3.92555
38.4427 -75.1015 3.92553
38.4412 -75.1051 3.92572
38.3551 -75.0072 3.92264
38.3567 -75.0044 3.92269
38.3902 -75.0566 3.92518
38.3853 -75.0583 3.92533
38.3891 -75.0053 3.92524
38.4364 -75.0544 3.92595
38.402 -75.0191 3.92477
38.4123 -75.0733 3.92452
38.4141 -75.0735 3.92467
38.4138 -75.1016 3.92522
38.3831 -75.0784 3.92397
38.387 -75.0743 3.9239
38.437 -75.109 3.9263
38.4074 -75.0769 3.92478
38.437 -75.0457 3.92821
38.3687 -75.0895 3.92403
38.3705 -75.0845 3.92403
38.3961 -75.0428 3.9282
38.3673 -75.0885 3.92184
38.4557 -75.061 3.92418
38.456 -75.0559 3.92406
38.269 -75.07 3.92264
38.2725 -75.0703 3.92245
38.3752 -75.1045 3.92407
38.4507 -75.089 3.92507
38.4452 -75.0853 3.92504
38.4052 -75.0811 3.92427
38.4127 -75.0305 3.92902
38.4004 -75.0594 3.92686
38.4155 -75.165 3.92467
38.3871 -74.9533 3.92845
38.3867 -74.9566 3.92832
38.3828 -74.9541 3.92855
38.3696 -74.9488 3.92751
38.4869 -75.1283 3.92696
38.4229 -75.1317 3.92553
38.3712 -75.1899 3.92577
38.4017 -75.0323 3.92633
38.4965 -75.1483 3.92672
38.3337 -74.9724 3.92757
38.3352 -75.0805 3.92574
38.4131 -75.1125 3.92593
38.386 -75.0367 3.92694
38.3571 -75.0183 3.92758
38.3619 -75.0195 3.92749
38.3632 -75.0719 3.92534
38.3826 -75.044 3.92526
38.4166 -75.0753 3.92515
38.4146 -75.0736 3.92507
38.3984 -75.0915 3.92404
38.3786 -75.0817 3.92689
38.4303 -75.0452 3.92461
38.3446 -75.0591 3.92405
38.4733 -75.0562 3.9292
38.4743 -75.0509 3.92903
38.336 -75.1373 3.92649
38.4191 -75.0485 3.92625
38.4164 -75.049 3.9263
38.4505 -75.0466 3.92718
38.4977 -75.0991 3.92859
38.3997 -75.121 3.92439
38.4026 -75.0736 3.92546
38.3576 -75.0369 3.9264
38.3818 -75.1191 3.92507
38.3776 -75.0785 3.92496
38.4447 -75.0061 3.9258
38.444 -75.0021 3.92577
38.4028 -75.0861 3.92574
38.4077 -75.0848 3.92577
38.457 -75.1404 3.92527
38.4309 -74.9995 3.92888
38.4449 -75.0236 3.92886
38.4387 -75.0169 3.92897
38.4202 -75.0932 3.92771
38.4111 -75.106 3.92516
38.354 -75.0212 3.92398
38.3235 -75.0769 3.92693
38.3205 -75.0817 3.92671
38.4583 -74.9978 3.92568
38.4326 -75.0495 3.92489
38.3394 -75.0494 3.92354
38.3249 -75.0035 3.92536
38.3808 -75.0283 3.92409
38.3724 -75.1066 3.92643
38.3947 -75.1154 3.92642
38.3831 -75.0085 3.92307
38.4307 -75.1553 3.92632
38.2874 -74.9479 3.92537
38.3772 -75.0288 3.92622
38.3281 -75.1116 3.92465
38.4013 -75.0836 3.92764
38.3864 -74.9724 3.9255
38.429 -75.0599 3.92769
38.3701 -75.001 3.92237
38.3868 -74.9423 3.92644
38.4015 -75.0857 3.92682
38.4374 -75.0389 3.92729
38.4352 -75.0381 3.92723
38.468 -75.0946 3.92469
38.2765 -74.9847 3.9244
38.3988 -75.0965 3.92828
38.3996 -75.1012 3.92836
38.3637 -75.0496 3.92624
38.3577 -75.0414 3.92615
38.3578 -75.0966 3.92625
38.3464 -75.0894 3.92556
38.4215 -75.0532 3.92294
38.4291 -75.1412 3.92397
38.2945 -74.9678 3.92421
38.4199 -74.9858 3.9241
38.3048 -75.1793 3.9236
38.441 -75.0443 3.92329
38.388 -75.0822 3.92531
38.3882 -75.0811 3.92531
38.4241 -75.0496 3.92718
38.3557 -75.0756 3.92485
38.3939 -75.0709 3.9231
38.3591 -75.0305 3.92498
38.3565 -75.0305 3.92482
38.3577 -75.0281 3.92482
38.4213 -75.0661 3.92578
38.4158 -75.0558 3.926
38.3887 -74.9524 3.92617
38.3763 -75.126 3.92551
38.3713 -75.1289 3.92543
38.3702 -75.1437 3.92606
38.3701 -75.1437 3.92625
38.3873 -75.0971 3.92587
38.4756 -75.0854 3.92619
38.4406 -75.0853 3.9264
38.4432 -75.079 3.92653
38.4523 -75.0595 3.92718
38.3773 -75.0443 3.92914
38.341 -75.0638 3.92336
38.3733 -75.0781 3.92068
38.448 -75.0566 3.92165
38.4107 -75.0281 3.92492
38.4106 -74.9873 3.92376
38.3943 -75.0325 3.92859
38.4595 -75.068 3.92811
38.459 -75.076 3.92827
38.4517 -75.0899 3.92907
38.4349 -75.0947 3.92675
38.3631 -75.0107 3.92323
38.3352 -75.0272 3.92322
38.5013 -75.1255 3.92656
38.389 -75.1006 3.92595
38.3603 -75.1528 3.92568
38.3891 -75.1498 3.92423
38.2923 -75.0088 3.92455
38.3721 -74.9871 3.92475
38.4509 -75.0134 3.92637
38.4274 -75.0738 3.92795
38.4277 -75.0757 3.92792
38.4284 -75.1038 3.92619
38.3656 -75.0048 3.92375
38.3704 -75.0582 3.92467
38.4244 -75.0799 3.92478
38.4526 -75.1273 3.92603
38.4387 -75.1066 3.92548
38.3719 -74.8839 3.92343
38.4448 -75.0544 3.92247
38.4382 -75.0675 3.92342
38.5009 -75.0371 3.92714
38.409 -75.0188 3.92694
38.4339 -75.0222 3.92693
38.388 -75.0204 3.92631
38.4744 -75.0257 3.92908
38.4717 -75.0252 3.92901
38.381 -75.1282 3.9247
38.3819 -75.1355 3.92452
38.4705 -74.9721 3.92777
38.4711 -74.9673 3.92769
38.3419 -75.0704 3.92281
38.4624 -74.9859 3.92678
38.4297 -75.0669 3.92465
38.4004 -75.1622 3.92508
38.383 -75.0945 3.92647
38.4541 -75.123 3.92322
38.4173 -75.0239 3.92756
38.4725 -75.0546 3.92425
38.4638 -75.1379 3.92764
38.3245 -75.0482 3.92319
38.3592 -75.0669 3.9263
38.3455 -75.0076 3.92692
38.4268 -75.0286 3.92511
38.4295 -75.0279 3.92496
38.4393 -75.1012 3.92848
38.4195 -75.1458 3.92653
38.4184 -75.1459 3.92627
38.4383 -75.0825 3.9268
38.3376 -75.0241 3.92584
38.4666 -75.1087 3.92701
38.4681 -75.1079 3.927
38.3601 -75.0117 3.92354
38.4415 -75.1118 3.92791
38.3533 -75.0289 3.9255
38.4069 -75.1104 3.92366
38.4855 -75.0709 3.92694
38.3511 -75.0221 3.92562
38.3939 -75.0423 3.92436
38.418 -75.0722 3.92239
38.4468 -75.0895 3.92465
38.3913 -75.0803 3.92418
38.387 -75.0862 3.92409
38.424 -75.053 3.92688
38.3243 -75.1123 3.92763
38.322 -75.113 3.92746
38.4268 -75.0809 3.92691
38.3862 -75.0374 3.92388
38.3867 -75.0297 3.9238
38.3919 -75.0118 3.92703
38.4324 -75.0601 3.92094
38.3932 -75.0819 3.9228
38.3587 -75.0553 3.92836
38.3627 -75.0564 3.92831
38.4126 -75.1217 3.92429
38.4544 -75.0508 3.92533
38.394 -75.0109 3.92776
38.3553 -75.0018 3.92699
38.3674 -75.0283 3.92753
38.3513 -75.0048 3.92369
38.3593 -75.0058 3.92093
38.4167 -75.0683 3.92845
38.4201 -75.0728 3.92806
38.4048 -75.1158 3.92993
38.3796 -75.0896 3.92643
38.38 -75.0527 3.92321
38.3891 -75.1016 3.92692
38.3977 -75.1012 3.92689
38.4089 -75.0617 3.92548
38.423 -75.1049 3.92812
38.4142 -75.1048 3.92797
38.3898 -75.1583 3.92503
38.4266 -75.1205 3.92502
38.3462 -75.0351 3.92417
38.5007 -75.1323 3.92572
38.4275 -74.9519 3.9256
38.3912 -75.0648 3.92666
38.4046 -75.0332 3.92837
38.409 -75.0328 3.92845
38.4588 -75.0149 3.92713
38.3854 -74.9982 3.92663
38.462 -75.1213 3.9256
38.4455 -75.0322 3.92571
38.2809 -75.1011 3.92559
38.3973 -75.1171 3.92582
38.3977 -75.1156 3.92567
38.4064 -75.0505 3.92564
38.4066 -75.0514 3.92567
38.4112 -75.0708 3.92176
38.4052 -75.1065 3.92285
38.3621 -75.0269 3.92454
38.4281 -75.0801 3.925
38.4658 -75.0673 3.92843
38.3885 -75.0388 3.92372
38.4342 -75.1281 3.92528
38.2991 -75.0369 3.92462
38.4751 -75.0919 3.92366
38.4854 -75.0934 3.92349
38.333 -75.1123 3.92409
38.3254 -75.1019 3.92423
38.402 -75.1316 3.92697
38.4046 -75.1322 3.92716
38.3473 -75.0207 3.92236
38.3949 -75.1541 3.92725
38.3939 -74.994 3.9256
38.3928 -74.9922 3.92536
38.5129 -75.0945 3.92678
38.4063 -75.0119 3.92758
38.3826 -75.0668 3.92767
38.4077 -75.0348 3.92443
38.4424 -75.0896 3.92151
38.3599 -75.0263 3.9237
38.355 -75.0229 3.92365
38.3652 -75.0373 3.92458
38.4102 -75.0965 3.92547
38.455 -75.0505 3.92437
38.3839 -75.0777 3.92799
38.4425 -75.0882 3.92584
38.3611 -75.0088 3.92734
38.3584 -75.0101 3.92721
38.2995 -75.0361 3.92408
38.4036 -75.0633 3.92609
38.3989 -75.0695 3.92618
38.4033 -75.108 3.92571
38.532 -75.0573 3.92736
38.3989 -75.0325 3.92432
38.4988 -75.0188 3.92586
38.4408 -75.1796 3.92282
38.4457 -75.0529 3.92575
38.5228 -75.0665 3.92662
38.3336 -75.1245 3.9279
38.4383 -75.099 3.92567
38.3594 -74.9971 3.92282
38.3573 -75.0217 3.92296
38.3875 -75.0586 3.92521
38.4553 -75.0214 3.92506
38.3911 -75.0104 3.92512
38.4218 -75.0847 3.92719
38.4529 -75.0632 3.92641
38.4111 -75.0707 3.92431
38.4188 -75.0961 3.9254
38.4146 -75.0778 3.92676
38.4132 -75.0738 3.92676
38.4266 -75.042 3.92697
38.4462 -75.1682 3.92445
38.4112 -75.0804 3.9246
38.4441 -75.0385 3.92817
38.4442 -75.0415 3.92833
38.4422 -75.0401 3.92829
38.3654 -75.0832 3.92401
38.3291 -75.1805 3.92509
38.3957 -75.0392 3.92826
38.3907 -75.0408 3.92831
38.3384 -74.9928 3.92192
38.3042 -75.1024 3.92323
38.4629 -75.1702 3.92834
38.4145 -75.1193 3.92551
38.3757 -75.1064 3.92376
38.3768 -75.1046 3.92387
38.3911 -75.0511 3.92505
38.4208 -75.033 3.92896
38.4036 -75.0556 3.9268
38.3927 -75.0563 3.92674
38.3803 -75.0487 3.92526
38.3838 -74.9576 3.92838
38.3236 -75.051 3.92487
38.4888 -75.1268 3.92711
38.4183 -75.1375 3.92557
38.3418 -75.1409 3.9252
38.4855 -75.1673 3.9265
38.4974 -75.1459 3.92686
38.3349 -74.967 3.9276
38.3411 -75.0723 3.92574
38.3403 -75.0711 3.92561
38.4446 -75.0468 3.92614
38.5088 -75.1149 3.92443
38.3948 -75.0399 3.92684
38.3898 -75.0413 3.92682
38.3668 -75.0776 3.92525
38.3765 -75.0422 3.92527
38.4172 -75.0727 3.92512
38.3803 -75.0867 3.92679
38.3823 -75.0863 3.92703
38.4315 -75.0464 3.92452
38.4237 -75.1184 3.92596
38.4743 -75.0572 3.92894
38.4459 -75.1213 3.92892
38.3268 -75.1334 3.92644
38.415 -75.0464 3.92601
38.4095 -75.0499 3.92617
38.4908 -75.1066 3.92854
38.3761 -75.1593 3.92431
38.3769 -75.1797 3.92388
38.3226 -75.0192 3.9216
38.3288 -75.0438 3.92395
38.5295 -75.1536 3.92781
38.372 -75.0841 3.92509
38.3447 -74.9552 3.92047
38.4417 -75.0046 3.92583
38.403 -75.0882 3.92575
38.4597 -75.1416 3.92516
38.3253 -74.9801 3.92558
38.4339 -75.0033 3.92884
38.4344 -75.0048 3.92897
38.4425 -75.0214 3.92882
38.4145 -75.0924 3.92753
38.3849 -75.1453 3.92604
38.3844 -75.0704 3.92312
38.3668 -75.0436 3.92504
38.3701 -75.0469 3.92507
38.3679 -75.047 3.92494
38.3529 -75.0217 3.92417
38.3608 -75.0194 3.92398
38.3504 -75.0203 3.92408
38.4588 -74.9953 3.92563
38.4312 -75.0586 3.92489
38.3483 -75.0446 3.92354
38.3281 -74.996 3.92565
38.3262 -74.9983 3.92573
38.3707 -75.1052 3.92647
38.3972 -75.1097 3.92644
38.3799 -75.0091 3.92305
38.3454 -74.9653 3.92476
38.3821 -75.0314 3.92615
38.5136 -75.1659 3.92802
38.4183 -75.0424 3.92556
38.3212 -75.0466 3.92363
38.3265 -75.0437 3.9238
38.4266 -75.099 3.9243
38.4193 -75.0618 3.92781
38.4292 -75.0562 3.9277
38.426 -75.1071 3.92872
38.2572 -75.0662 3.92398
38.4363 -75.036 3.92705
38.4632 -75.0907 3.92483
38.4007 -75.0925 3.92829
38.361 -75.0445 3.92631
38.3916 -75.1008 3.9245
38.3528 -75.1021 3.92623
38.414 -74.9987 3.92417
38.4128 -74.9926 3.92428
38.4212 -75.1445 3.92396
38.4262 -75.0741 3.92351
38.2998 -74.9663 3.92421
38.3038 -75.1757 3.92386
38.431 -75.0453 3.92324
38.4834 -74.9576 3.92634
38.4294 -75.0504 3.92704
38.3464 -75.0803 3.92483
38.3508 -75.0762 3.92473
38.3553 -75.0277 3.92478
38.4107 -75.0835 3.92693
38.3453 -74.9846 3.92571
38.3451 -74.9852 3.92578
38.3759 -75.1307 3.9255
38.3925 -75.0946 3.92608
38.3779 -75.1995 3.9249
38.4367 -75.0773 3.92658
38.435 -75.0747 3.92658
38.4543 -75.0547 3.9271
38.381 -75.0516 3.92897
38.3397 -75.0659 3.92333
38.4037 -74.9948 3.92221
38.3547 -75.0906 3.92395
38.4495 -75.0389 3.92289
38.3979 -75.1202 3.92356
38.396 -75.1166 3.92331
38.4034 -75.1115 3.92351
38.3997 -75.1179 3.92332
38.3888 -75.0323 3.92883
38.3936 -75.0342 3.92876
38.2985 -74.9818 3.92259
39.8649 -74.3459 3.92839
