180.968 23.8097 0.0707457
180.972 23.8568 0.0714291
180.955 23.7921 0.0733983
180.983 23.7109 0.0703251
180.976 23.9614 0.0708909
180.979 23.9679 0.0711742
180.962 23.8269 0.0702463
180.898 23.9558 0.0702242
180.902 23.961 0.0700557
180.985 23.7939 0.0735309
180.891 23.7945 0.0714971
180.941 23.931 0.0721816
180.907 23.8851 0.0732687
180.894 23.794 0.0690931
180.898 23.7947 0.0691643
180.901 23.7998 0.0693146
180.903 23.7192 0.0705291
180.955 23.9243 0.0702792
180.912 23.7433 0.0710387
180.989 23.7873 0.0714715
180.959 23.7568 0.0710028
180.91 23.9034 0.0694163
181.015 23.7516 0.0672854
180.956 23.8281 0.072269
181.044 23.8473 0.0711851
180.976 23.8246 0.0701665
180.978 23.8203 0.0701921
180.916 23.7893 0.066983
181.083 23.7703 0.072717
180.984 23.8533 0.0724956
180.952 23.8512 0.073912
180.997 23.8414 0.0714899
181.006 23.9093 0.0708571
181.003 23.9046 0.0703188
181.015 23.9314 0.0702919
181.016 23.9278 0.0701137
181.074 23.7719 0.0689766
180.999 23.8978 0.0710946
180.879 23.8566 0.0690559
180.914 23.7753 0.0707343
180.869 23.8149 0.0707536
180.929 23.7935 0.0688037
180.998 23.7779 0.0692355
180.994 23.7824 0.0731567
181.031 23.7826 0.0662179
181.06 23.8103 0.071468
180.845 23.9257 0.0699678
180.93 23.8077 0.0721922
181.041 23.8295 0.0720407
180.931 23.8224 0.0723895
180.921 23.825 0.0721783
180.984 23.7619 0.0695035
180.98 23.7538 0.069365
181.019 23.7494 0.0709133
181.101 23.8407 0.0699708
181.097 23.8421 0.0700664
180.957 23.7232 0.0721227
180.929 23.7047 0.0683224
180.974 23.8478 0.0718857
180.92 23.8259 0.06746
180.935 23.7635 0.0712679
181.002 23.8044 0.0694367
181.015 23.7675 0.0746322
180.965 23.7778 0.0724365
180.978 23.8929 0.0710295
180.982 23.895 0.0712238
180.951 23.8425 0.0698599
181.007 23.8242 0.0697411
181.006 23.8487 0.067795
180.941 23.805 0.0715504
180.933 23.9893 0.0735687
180.949 23.7949 0.0712622
180.962 23.7947 0.0712372
180.939 23.8145 0.0700388
181.053 23.8716 0.0660777
180.919 23.875 0.0709275
180.981 23.8074 0.068136
181.03 23.8402 0.0694299
180.989 23.9225 0.0689274
181.088 23.8733 0.0719052
180.953 23.836 0.0714369
180.879 23.7377 0.073248
180.94 23.8293 0.0711864
180.907 23.8483 0.0690738
180.879 23.8494 0.0733053
181.028 23.6868 0.0715446
181.084 23.8928 0.0709432
181.09 23.798 0.0673953
181.001 23.8005 0.0704979
180.976 23.6758 0.0729735
181.06 23.755 0.0709284
180.939 23.8679 0.0682935
181.048 23.802 0.0684646
180.933 23.8257 0.0715972
180.939 23.8506 0.0698346
180.979 23.8056 0.0701753
180.944 23.7404 0.0663949
180.901 23.8239 0.0731134
180.837 23.7127 0.070017
181.055 23.879 0.0684413
181.001 23.7566 0.0679099
181.04 23.8654 0.0702672
180.897 23.8249 0.0696808
180.946 23.7698 0.0703375
180.942 23.8165 0.0718191
180.939 23.7876 0.0717771
180.933 23.7997 0.069853
180.941 23.7772 0.0670109
181.071 23.8479 0.067802
181.07 23.8544 0.067662
181.001 23.7234 0.0692321
180.95 23.8955 0.0707473
180.977 23.758 0.0717611
180.976 23.7646 0.0718724
180.986 23.7139 0.0721051
180.915 23.8736 0.0683221
180.911 23.7906 0.0692921
181.017 23.8035 0.0706767
180.99 23.954 0.0687155
181.022 23.7791 0.0706624
180.972 23.752 0.0722551
181.03 23.703 0.0677981
181.036 23.8436 0.0699065
181.038 23.8455 0.0699297
180.915 23.6618 0.0716811
180.879 23.8101 0.0723038
180.982 23.815 0.0723781
180.979 23.8264 0.067984
180.98 23.8199 0.0681416
180.983 23.8045 0.0741005
181.067 23.7833 0.0679993
180.929 23.825 0.0690423
180.903 23.7715 0.06905
180.966 23.8017 0.0702887
180.891 23.7328 0.0706871
180.96 23.8962 0.0716254
180.964 23.7619 0.0714142
181.059 23.7315 0.0695607
180.988 23.7489 0.0695641
180.945 23.6799 0.0726084
180.987 23.7455 0.0718741
180.985 23.7546 0.0716661
181.043 23.745 0.0676412
181.036 23.7361 0.0678172
181.072 23.7926 0.0696433
180.943 23.806 0.0717777
180.933 23.799 0.0715895
180.929 23.8575 0.0704268
181.001 23.8353 0.0658755
180.99 23.7883 0.0677822
180.995 23.785 0.0676504
180.927 23.8329 0.0694506
180.936 23.8817 0.0689968
180.951 23.8873 0.0651515
180.871 23.9008 0.0706298
180.91 23.8427 0.073116
180.896 23.8319 0.0710826
181.052 23.8034 0.068898
181.062 23.7642 0.0687307
181.058 23.7638 0.0688548
180.943 23.8282 0.0719214
180.94 23.7702 0.0728003
180.945 23.7694 0.0726921
180.949 23.7961 0.0706245
181.075 23.8182 0.06816
180.919 23.7974 0.0714639
180.873 23.8331 0.0728248
180.873 23.834 0.0727961
180.982 23.7721 0.0656764
181.022 23.7906 0.0710599
181.007 23.8063 0.0699278
181.026 23.839 0.071692
180.911 23.8538 0.0708778
180.916 23.8327 0.0708264
181.013 23.8552 0.0703354
180.979 23.8414 0.0696269
180.998 23.7764 0.0677368
180.996 23.7779 0.0676012
180.993 23.7802 0.0677539
181.017 23.7984 0.0712438
181.019 23.802 0.0712534
181.011 23.8848 0.068771
180.926 23.7713 0.0723176
181.051 23.7802 0.0693079
181.022 23.8691 0.0725073
180.961 23.9241 0.0696898
181.028 23.8294 0.0698456
181.063 23.7696 0.0699475
180.886 23.8393 0.0685835
180.97 23.8138 0.0710321
180.953 23.5996 0.0691283
180.878 23.8037 0.0718244
180.917 23.7132 0.0732471
180.989 23.7163 0.0704061
180.98 23.7985 0.0734255
180.958 23.8263 0.0701078
180.923 23.8226 0.0706191
181.074 23.8686 0.0708036
180.89 23.7845 0.0715057
180.871 23.841 0.067965
180.952 23.8411 0.0729379
180.999 23.8548 0.0664115
180.972 23.7709 0.0700367
180.937 23.795 0.070133
180.98 23.9813 0.0704819
180.981 23.982 0.0704514
181.085 23.7079 0.0692684
180.946 23.7681 0.0702265
180.94 23.8155 0.0738467
180.962 23.8049 0.0737036
180.968 23.7708 0.0683333
181.014 23.7539 0.067215
180.899 23.8524 0.0673243
181.01 23.7287 0.0698535
180.967 23.8257 0.0701908
181.008 23.7669 0.0709571
180.916 23.7938 0.0672873
180.98 23.8535 0.0725719
180.891 23.8446 0.06796
181.011 23.9098 0.0704973
181.007 23.9079 0.0705953
181.003 23.7855 0.0703463
181.07 23.7694 0.0687784
180.907 23.9638 0.0717461
180.966 23.8508 0.0701052
180.921 23.7743 0.070758
180.874 23.8113 0.0709684
180.96 23.8218 0.0690468
181.034 23.782 0.0666066
181.036 23.7859 0.0663838
180.907 23.7852 0.0717452
180.953 23.8557 0.0708223
180.927 23.8076 0.072102
181.037 23.8337 0.0722305
181.008 23.7635 0.0692534
180.961 23.8636 0.0705052
180.893 23.851 0.0680472
180.944 23.8223 0.0691412
181.026 23.7935 0.0715834
181.009 23.8331 0.0686266
180.922 23.8319 0.067369
180.933 23.7642 0.0711852
180.907 23.8733 0.0695924
180.905 23.9022 0.0701504
180.905 23.8909 0.0747374
180.986 23.7443 0.0713187
180.964 23.7842 0.0724257
180.984 23.8962 0.0713936
181.006 23.8458 0.0707807
181.002 23.848 0.0705478
181.008 23.8559 0.0680886
180.871 23.7402 0.0724357
180.87 23.7398 0.0724518
180.959 23.7952 0.0712617
180.91 23.6958 0.0720638
180.925 23.8255 0.0691483
181.052 23.8713 0.0660603
180.97 23.7314 0.0689233
180.92 23.8694 0.0708894
181.083 23.8626 0.0707939
180.974 23.8082 0.0683448
181.078 23.8549 0.0714599
180.866 23.7795 0.0724846
180.985 23.9234 0.0687346
180.986 23.9263 0.0687226
180.999 23.8624 0.070775
181.009 23.8608 0.070829
180.92 23.8078 0.0706248
180.916 23.854 0.0702352
180.939 23.8564 0.0719975
181.052 23.841 0.0691268
181.143 23.7558 0.0682657
181.084 23.7898 0.0674764
181.009 23.7973 0.0704049
181.062 23.756 0.0709548
181.049 23.8017 0.0684264
180.935 23.8235 0.0714654
180.946 23.8486 0.0698405
180.94 23.8108 0.0696811
180.938 23.8188 0.0697608
180.982 23.8087 0.0703475
180.944 23.7458 0.0667064
180.971 23.8274 0.0739631
180.899 23.8282 0.0732173
181.05 23.8845 0.0683709
181.05 23.8125 0.0727008
180.997 23.7583 0.0680508
181.072 23.7817 0.0699556
181.035 23.8698 0.0700424
180.913 23.7096 0.0706028
181.046 23.8731 0.0703496
181.046 23.8717 0.0704852
180.998 23.7503 0.0710352
180.871 23.7343 0.0748944
180.973 23.7615 0.0760016
181.006 23.8425 0.0692394
181.006 23.8414 0.0690037
180.937 23.778 0.0670775
180.964 23.9076 0.0715042
180.921 23.8551 0.0703434
181.002 23.7372 0.0703238
180.944 23.8311 0.069991
180.937 23.8339 0.0701171
181.089 23.73 0.0711084
180.91 23.7731 0.0735785
180.9 23.8961 0.0718414
181.003 23.8197 0.0724517
180.919 23.8721 0.0685056
180.918 23.7959 0.0689316
180.99 23.9572 0.0686412
180.933 23.7467 0.0693738
180.958 23.754 0.0690585
180.984 23.8158 0.0721722
180.977 23.82 0.0678811
180.98 23.8244 0.0678705
180.979 23.8528 0.0689872
180.884 23.8001 0.0671039
181.036 23.7919 0.07207
180.93 23.826 0.0693888
180.931 23.8222 0.069157
180.909 23.7744 0.0687979
180.968 23.7162 0.0666969
180.96 23.8035 0.0703385
180.964 23.8459 0.0731906
180.967 23.8012 0.0709395
180.959 23.8016 0.0709821
180.951 23.8006 0.0732167
180.946 23.927 0.0711785
181.104 23.7347 0.0664268
180.993 23.7735 0.070965
181.054 23.7313 0.0695991
180.99 23.7475 0.0694211
180.939 23.7985 0.0726287
180.988 23.8556 0.0682912
180.923 23.8563 0.0702476
180.937 23.8275 0.0717181
180.991 23.7759 0.0676619
180.915 23.7785 0.0708237
180.909 23.8094 0.0739221
180.951 23.8122 0.0712493
180.956 23.8921 0.0653359
180.876 23.8969 0.0703864
180.871 23.9021 0.0707748
181.008 23.8209 0.0676688
181.049 23.8063 0.068694
180.94 23.821 0.0718157
180.94 23.7753 0.0725845
181.08 23.8137 0.0684269
180.965 23.7228 0.0706332
180.997 23.8188 0.0699379
180.968 23.6718 0.0717536
181.047 23.8208 0.0709308
180.991 23.7751 0.0657273
181.002 23.8052 0.0700814
181.025 23.8389 0.0717132
180.994 23.6605 0.0659711
180.92 23.8373 0.070665
180.924 23.8404 0.0704722
180.969 23.8406 0.0697281
180.971 23.8346 0.0695519
181.062 23.7114 0.0686813
181.013 23.8889 0.0689685
181.024 23.8061 0.0682212
181.028 23.81 0.0684209
180.965 23.929 0.0696775
180.988 23.8012 0.069651
180.986 23.8079 0.0696877
180.991 23.8134 0.071325
181.061 23.7707 0.0697717
181.009 23.7428 0.0735837
181.01 23.7438 0.073519
180.995 23.7505 0.0714003
180.976 23.8015 0.0710282
180.971 23.8011 0.0709914
180.98 23.8942 0.0735526
180.95 23.7515 0.0742021
180.899 23.7711 0.0695914
180.917 23.7135 0.0731947
180.972 23.7921 0.0734055
180.959 23.8232 0.070233
180.897 23.9576 0.0701475
180.985 23.7959 0.0737456
180.955 23.8425 0.0686757
180.951 23.8602 0.0698409
180.95 23.8625 0.0697895
180.937 23.9303 0.0721965
180.953 23.8406 0.0730536
181 23.8511 0.066435
180.948 23.7854 0.066239
180.948 23.7846 0.0663659
180.951 23.9274 0.0703255
180.977 23.9841 0.0705536
180.984 23.9798 0.0704873
180.957 23.776 0.070812
181.089 23.7114 0.0692011
181.09 23.702 0.0694226
180.962 23.7551 0.0708155
180.967 23.7641 0.0682299
181.014 23.7508 0.067086
180.931 23.7889 0.0693713
180.933 23.7909 0.0695104
181.016 23.7266 0.069896
181.089 23.7773 0.0727226
180.897 23.8524 0.0679829
180.928 23.8755 0.0717791
181.017 23.9282 0.0701298
181.023 23.7421 0.0713943
180.994 23.9009 0.0710113
180.968 23.8463 0.0702067
180.953 23.8649 0.07589
180.941 23.6691 0.0683008
180.937 23.7862 0.0687719
181.002 23.7541 0.0694352
181.002 23.7842 0.0731387
181.029 23.6822 0.0672457
180.849 23.9289 0.0702159
180.951 23.8585 0.0709009
181.018 23.753 0.0718677
180.926 23.6808 0.0696118
180.954 23.7556 0.0698075
180.953 23.8473 0.0742325
180.958 23.9038 0.0701992
180.983 23.7583 0.069409
180.884 23.8631 0.0735124
180.875 23.7246 0.0681151
181.018 23.7582 0.0708292
181.02 23.749 0.0708111
180.888 23.8452 0.0679682
181.098 23.8379 0.0701497
181.097 23.8478 0.0701138
181.027 23.7904 0.0713804
181.005 23.8304 0.0685867
180.929 23.833 0.0674973
181.047 23.7988 0.0709361
181.002 23.8055 0.0694948
180.907 23.9047 0.0701155
180.902 23.8917 0.0746095
180.986 23.7487 0.0713692
180.989 23.7546 0.0714298
180.947 23.8379 0.0701704
180.946 23.8483 0.0700463
181.011 23.8511 0.0681711
180.946 23.8077 0.071827
180.97 23.7651 0.070559
180.946 23.7127 0.0708789
180.971 23.713 0.0715278
181.056 23.8693 0.0661155
180.936 23.7781 0.073118
181.033 23.8405 0.0695455
181.036 23.8388 0.0694802
180.99 23.7359 0.0691963
180.99 23.7366 0.0693912
180.98 23.924 0.0690031
180.883 23.7227 0.0687601
181 23.861 0.0708218
180.955 23.838 0.0715551
180.954 23.8427 0.0714734
180.959 23.8393 0.071376
180.972 23.6983 0.0685688
180.915 23.8492 0.0702384
180.936 23.8289 0.0711604
180.938 23.8255 0.0711249
180.9 23.8508 0.0690407
181.04 23.7272 0.0714166
181.076 23.8868 0.0708645
181.004 23.8101 0.0705104
181.01 23.8047 0.0705171
181.04 23.8252 0.0714414
181.039 23.8303 0.0715846
181.059 23.7583 0.0709743
181.028 23.9317 0.0717181
181.045 23.799 0.0685645
180.917 23.7797 0.0704198
180.943 23.8194 0.0716323
180.968 23.7997 0.0691861
180.984 23.8071 0.0702888
180.974 23.8223 0.0740622
180.955 23.7951 0.0679816
181.052 23.8787 0.0684444
181.045 23.8111 0.0727949
181.071 23.7855 0.0699516
180.895 23.8233 0.0696321
181.002 23.7513 0.0708923
180.975 23.7967 0.0698082
180.976 23.8036 0.0697961
180.97 23.7586 0.0758246
180.948 23.7896 0.0718913
180.933 23.7156 0.0717328
181.005 23.8389 0.0689543
181.005 23.8361 0.0690932
181.003 23.8378 0.0690318
180.971 23.9083 0.0712455
180.92 23.856 0.0703534
180.995 23.7275 0.0691969
181.001 23.7273 0.0692674
180.934 23.8081 0.0743387
180.934 23.8112 0.0745541
180.997 23.7847 0.0727265
180.935 23.7686 0.0657181
178.268 27.9157 0.0867034
