257.765 -19.6624 3.30535
257.841 -19.7054 3.30576
257.807 -19.707 3.30278
257.86 -19.6653 3.30459
257.755 -19.6546 3.30406
257.689 -19.6739 3.30455
257.798 -19.7714 3.30275
257.774 -19.6725 3.30274
257.812 -19.6696 3.3062
257.789 -19.6273 3.30775
257.806 -19.6856 3.3054
257.797 -19.6784 3.30399
257.817 -19.7147 3.30632
257.808 -19.7192 3.3061
257.764 -19.8138 3.30232
257.812 -19.7914 3.3041
257.82 -19.7097 3.3055
257.762 -19.736 3.30115
257.846 -19.7513 3.30446
257.806 -19.7832 3.30756
257.906 -19.7857 3.30801
257.746 -19.7405 3.30567
257.866 -19.7464 3.30337
257.839 -19.6546 3.30491
257.752 -19.6129 3.30496
257.693 -19.6935 3.30616
257.867 -19.8002 3.30478
257.837 -19.6881 3.30627
257.782 -19.8031 3.3068
257.929 -19.7243 3.30348
257.746 -19.6485 3.30408
257.682 -19.6129 3.30805
257.768 -19.7285 3.30449
257.812 -19.657 3.30354
257.886 -19.7491 3.30549
257.938 -19.7131 3.30425
257.745 -19.6521 3.30912
257.711 -19.6061 3.30397
257.855 -19.8336 3.30498
257.763 -19.7044 3.3053
257.848 -19.6859 3.30487
257.767 -19.7356 3.30509
257.736 -19.8034 3.30504
257.662 -19.6573 3.30275
257.698 -19.7991 3.3038
257.875 -19.7205 3.30797
257.766 -19.7535 3.30386
257.862 -19.6477 3.30637
257.784 -19.8342 3.30242
257.883 -19.7228 3.30691
257.84 -19.6979 3.30677
257.709 -19.7299 3.30657
257.816 -19.6601 3.3042
257.842 -19.8082 3.30427
257.746 -19.7761 3.30443
257.794 -19.6568 3.30435
257.908 -19.8319 3.30574
257.825 -19.756 3.30547
257.762 -19.7851 3.3067
257.704 -19.7413 3.30511
257.864 -19.7848 3.30763
257.841 -19.7054 3.30567
257.69 -19.7332 3.30302
257.92 -19.7347 3.30441
257.748 -19.6499 3.30303
257.742 -19.6608 3.30359
257.821 -19.6276 3.3064
257.793 -19.7061 3.30681
257.79 -19.6063 3.30569
257.789 -19.7695 3.30714
257.721 -19.8463 3.30614
257.795 -19.6922 3.30679
257.75 -19.6583 3.30438
257.783 -19.6955 3.30643
257.821 -19.7429 3.30225
257.808 -19.681 3.3064
257.866 -19.604 3.30796
257.815 -19.7787 3.30267
257.881 -19.7551 3.30739
257.868 -19.7322 3.30453
257.805 -19.639 3.30341
257.723 -19.7019 3.30549
257.784 -19.7783 3.30431
257.788 -19.6389 3.30269
257.85 -19.7516 3.30516
257.727 -19.6261 3.30367
257.793 -19.6525 3.30571
257.748 -19.6875 3.30172
257.789 -19.7318 3.30442
257.855 -19.7009 3.3058
257.738 -19.6276 3.30475
257.802 -19.6752 3.30618
257.706 -19.7111 3.30526
257.732 -19.7995 3.30672
257.806 -19.8193 3.30404
257.78 -19.7276 3.30526
257.839 -19.6725 3.30571
257.745 -19.7985 3.30182
257.883 -19.6504 3.3071
257.866 -19.5782 3.30675
257.702 -19.7084 3.30399
257.782 -19.8029 3.30615
257.896 -19.725 3.30428
257.791 -19.7319 3.30514
257.794 -19.6433 3.30508
257.89 -19.6933 3.30787
257.817 -19.6174 3.30259
257.711 -19.7311 3.30294
257.766 -19.7083 3.30319
257.787 -19.613 3.30328
257.938 -19.7104 3.30588
257.744 -19.7786 3.30444
257.857 -19.6515 3.30305
257.845 -19.6308 3.3078
257.799 -19.7044 3.30181
257.787 -19.7138 3.30381
257.81 -19.6971 3.30587
257.766 -19.7102 3.30407
257.688 -19.7079 3.30598
257.807 -19.7298 3.30779
257.815 -19.6889 3.30353
257.788 -19.8175 3.30528
257.788 -19.6744 3.30551
257.779 -19.6901 3.3035
257.796 -19.6974 3.30155
257.77 -19.6766 3.30627
257.78 -19.7597 3.30616
257.875 -19.7111 3.30605
257.781 -19.7114 3.30512
257.785 -19.6511 3.30356
257.733 -19.6823 3.30472
257.79 -19.6856 3.30424
257.835 -19.7634 3.30652
257.773 -19.6631 3.30467
257.771 -19.7514 3.30356
257.847 -19.7279 3.30487
257.79 -19.8184 3.30621
257.838 -19.6324 3.30261
257.782 -19.656 3.30296
257.837 -19.7108 3.3058
257.856 -19.6359 3.30428
257.891 -19.7728 3.30416
257.81 -19.6938 3.30318
257.742 -19.6829 3.30777
257.781 -19.6784 3.30738
257.801 -19.666 3.30566
257.828 -19.8123 3.30413
257.832 -19.7609 3.30366
257.811 -19.6362 3.30403
257.747 -19.7409 3.30413
257.799 -19.725 3.29963
257.748 -19.6896 3.30346
257.719 -19.7259 3.30361
257.901 -19.7228 3.30509
257.752 -19.7608 3.30691
257.787 -19.8519 3.3054
257.871 -19.6509 3.30433
257.792 -19.7118 3.3079
257.725 -19.7581 3.30543
257.786 -19.7501 3.3042
257.743 -19.69 3.30395
257.74 -19.7147 3.30504
257.753 -19.7588 3.30764
257.82 -19.6847 3.30684
257.765 -19.7087 3.30475
257.747 -19.6725 3.30321
257.824 -19.691 3.30645
257.701 -19.7619 3.30295
257.774 -19.8926 3.30566
257.714 -19.8079 3.30256
257.767 -19.6135 3.30326
257.788 -19.8039 3.30417
257.888 -19.7598 3.30766
257.742 -19.742 3.30263
257.762 -19.7144 3.30609
257.852 -19.6832 3.30641
257.734 -19.757 3.30392
257.763 -19.6873 3.30514
257.784 -19.7546 3.30505
257.84 -19.673 3.3049
257.762 -19.6473 3.30475
257.785 -19.6937 3.30511
257.742 -19.6774 3.30451
257.717 -19.7301 3.30398
257.826 -19.7152 3.30564
257.787 -19.7354 3.30323
257.748 -19.7506 3.3053
257.76 -19.6944 3.30511
257.778 -19.6987 3.30497
257.764 -19.6455 3.30428
257.84 -19.788 3.30407
257.765 -19.7646 3.30489
257.758 -19.8372 3.30599
257.782 -19.7447 3.30506
257.906 -19.6217 3.30747
257.809 -19.6917 3.3043
257.839 -19.6279 3.30796
257.791 -19.6332 3.30598
257.863 -19.697 3.30302
257.829 -19.7121 3.30575
257.846 -19.7047 3.30363
257.877 -19.6627 3.30415
257.8 -19.7935 3.30503
257.712 -19.7002 3.30458
257.822 -19.6622 3.30795
257.817 -19.7783 3.30455
257.773 -19.6704 3.30468
257.746 -19.7998 3.30474
257.749 -19.6459 3.30255
257.793 -19.6403 3.30319
257.748 -19.7624 3.30353
257.771 -19.8021 3.30377
257.739 -19.6966 3.30691
257.769 -19.7655 3.30531
257.8 -19.6728 3.30362
257.813 -19.7444 3.30489
257.804 -19.6062 3.30468
257.847 -19.7624 3.30556
257.808 -19.7492 3.30519
257.835 -19.7246 3.30653
257.722 -19.7607 3.30552
257.856 -19.6499 3.30647
257.792 -19.763 3.30202
257.798 -19.848 3.30194
257.763 -19.7141 3.30384
257.815 -19.8488 3.30503
257.812 -19.6355 3.30398
257.83 -19.7339 3.30406
257.889 -19.6665 3.30325
257.819 -19.7972 3.30503
257.79 -19.72 3.30356
257.768 -19.8443 3.30532
257.935 -19.7921 3.30629
257.846 -19.8551 3.30469
257.851 -19.6493 3.3062
257.761 -19.6631 3.30318
257.837 -19.7367 3.30671
257.689 -19.5781 3.30656
257.815 -19.6591 3.30354
257.875 -19.6846 3.30505
257.808 -19.7158 3.30738
257.732 -19.7439 3.30405
257.864 -19.727 3.30642
257.825 -19.6886 3.30651
257.825 -19.8352 3.30121
257.839 -19.7403 3.30666
257.833 -19.6407 3.30339
257.753 -19.6805 3.30485
257.776 -19.6873 3.30573
257.863 -19.7393 3.30891
257.68 -19.6806 3.30645
257.755 -19.6849 3.30323
257.781 -19.7034 3.30262
257.756 -19.6656 3.30586
257.724 -19.6532 3.30493
257.712 -19.6624 3.30607
257.79 -19.6285 3.30796
257.802 -19.7016 3.30323
257.726 -19.7109 3.30414
257.808 -19.7302 3.30368
257.762 -19.6032 3.30368
257.867 -19.6424 3.30478
257.699 -19.7175 3.30625
257.809 -19.629 3.30647
257.68 -19.6449 3.30438
257.647 -19.7187 3.30344
257.864 -19.8183 3.30255
257.856 -19.7627 3.30529
257.748 -19.6845 3.30585
257.78 -19.6459 3.30349
257.834 -19.7354 3.30723
257.73 -19.7176 3.3056
257.924 -19.7569 3.3064
257.719 -19.741 3.30342
257.848 -19.6716 3.30412
257.685 -19.7218 3.30149
257.758 -19.7063 3.30267
257.764 -19.6936 3.30561
257.813 -19.701 3.30419
257.867 -19.7429 3.30549
257.736 -19.679 3.30535
257.792 -19.6811 3.30424
257.715 -19.6526 3.30204
257.771 -19.6718 3.30617
257.832 -19.6509 3.30486
257.811 -19.708 3.30436
257.75 -19.778 3.30418
257.781 -19.6189 3.30552
257.787 -19.6151 3.30567
257.774 -19.7123 3.30574
257.822 -19.7461 3.30792
257.738 -19.6953 3.3052
257.892 -19.601 3.30315
257.671 -19.6974 3.30251
257.842 -19.7558 3.30556
257.773 -19.652 3.30741
257.688 -19.7541 3.30355
257.819 -19.6737 3.30316
257.812 -19.7279 3.30712
257.815 -19.7376 3.30403
257.784 -19.7052 3.30398
257.852 -19.6595 3.30308
257.749 -19.6698 3.30205
257.717 -19.6927 3.30198
257.865 -19.7616 3.3062
257.812 -19.7945 3.30522
257.786 -19.6244 3.30645
257.834 -19.6898 3.30471
257.781 -19.6834 3.30826
257.728 -19.6232 3.30484
257.715 -19.76 3.30302
257.859 -19.7249 3.306
257.759 -19.7542 3.30246
257.851 -19.6657 3.3065
257.873 -19.7909 3.307
257.852 -19.7674 3.30823
257.888 -19.6858 3.30583
257.82 -19.7029 3.3066
257.806 -19.6639 3.30309
257.864 -19.6065 3.30568
257.744 -19.8137 3.30713
257.752 -19.8538 3.30373
257.758 -19.7533 3.30728
257.716 -19.7074 3.30635
257.769 -19.6865 3.30267
257.883 -19.6305 3.30593
257.774 -19.6254 3.30557
257.63 -19.6605 3.30356
257.804 -19.7842 3.30629
257.772 -19.6688 3.30736
257.746 -19.7481 3.30621
257.776 -19.7468 3.30492
257.803 -19.6607 3.30686
257.862 -19.8231 3.30478
257.73 -19.6968 3.30412
257.704 -19.6732 3.30343
257.834 -19.6107 3.30519
257.737 -19.7729 3.30239
257.8 -19.8141 3.30615
257.718 -19.7611 3.30402
257.715 -19.7132 3.30534
257.825 -19.7256 3.30674
257.807 -19.6297 3.30552
257.9 -19.7227 3.30363
257.82 -19.7149 3.30494
257.698 -19.6547 3.30468
257.827 -19.6927 3.30424
257.768 -19.8061 3.30484
257.767 -19.6636 3.30185
257.805 -19.6551 3.30454
257.865 -19.616 3.3069
257.8 -19.8183 3.30598
257.788 -19.7309 3.30564
257.897 -19.7778 3.30483
257.807 -19.6033 3.3061
257.848 -19.6555 3.30361
257.715 -19.7149 3.30668
257.787 -19.7027 3.30504
257.694 -19.6692 3.30524
257.754 -19.6812 3.30648
257.822 -19.6731 3.30714
257.839 -19.7086 3.30703
257.713 -19.8272 3.30772
257.791 -19.7214 3.30437
257.684 -19.7086 3.30397
257.822 -19.7241 3.30635
257.912 -19.6376 3.30492
257.81 -19.65 3.3032
257.759 -19.6674 3.30581
257.795 -19.6994 3.30562
257.848 -19.6639 3.30337
257.736 -19.7752 3.30656
257.777 -19.7933 3.30254
257.809 -19.6586 3.30407
257.828 -19.6659 3.3052
257.828 -19.6805 3.3046
257.658 -19.6434 3.30365
257.839 -19.6573 3.30447
257.715 -19.6435 3.30536
257.816 -19.6824 3.30305
257.759 -19.7657 3.30475
257.823 -19.7513 3.3079
257.877 -19.7149 3.30665
257.76 -19.7276 3.30353
257.743 -19.7481 3.30676
257.791 -19.7576 3.30288
257.68 -19.7066 3.30434
257.796 -19.7256 3.30568
257.814 -19.8285 3.30509
257.773 -19.7535 3.30153
257.81 -19.6567 3.30532
257.707 -19.7443 3.3034
257.793 -19.8199 3.30803
257.898 -19.6999 3.30432
257.865 -19.6155 3.30634
257.763 -19.8389 3.30615
257.782 -19.6505 3.30464
257.804 -19.6669 3.30347
257.83 -19.639 3.30334
257.835 -19.649 3.3035
257.863 -19.6617 3.3037
257.78 -19.6361 3.306
257.706 -19.6975 3.30492
257.812 -19.6942 3.30638
257.842 -19.6326 3.30735
257.861 -19.7208 3.30489
257.835 -19.6401 3.30362
257.773 -19.7584 3.30684
257.799 -19.7849 3.3051
257.771 -19.7551 3.3051
257.837 -19.595 3.30489
257.808 -19.7297 3.30574
257.814 -19.7113 3.30678
257.821 -19.6464 3.30323
257.75 -19.7178 3.30316
257.761 -19.7035 3.30372
257.783 -19.6946 3.30379
257.826 -19.7911 3.30337
257.88 -19.6904 3.3062
257.864 -19.6903 3.3055
257.851 -19.7522 3.30532
257.755 -19.6938 3.30468
257.736 -19.7332 3.30627
257.717 -19.7693 3.30317
257.842 -19.7101 3.30454
257.845 -19.7042 3.30717
257.823 -19.6716 3.30373
257.771 -19.7028 3.30327
257.735 -19.6604 3.30313
257.729 -19.88 3.30433
257.789 -19.8162 3.30548
257.893 -19.6536 3.30487
257.755 -19.7186 3.30619
257.698 -19.7878 3.30664
257.798 -19.6912 3.30531
257.827 -19.632 3.30742
257.759 -19.7165 3.307
257.673 -19.6827 3.30525
257.835 -19.8561 3.30629
257.754 -19.7995 3.30787
257.867 -19.62 3.30654
257.685 -19.7343 3.30403
257.725 -19.725 3.30478
257.802 -19.6856 3.30619
257.767 -19.7548 3.30345
257.773 -19.6789 3.3065
257.851 -19.6627 3.30385
257.803 -19.804 3.30692
257.679 -19.6988 3.30478
257.842 -19.6712 3.30271
257.741 -19.759 3.30429
257.876 -19.7319 3.30718
257.693 -19.7323 3.30446
257.758 -19.6515 3.3064
257.728 -19.74 3.30396
257.843 -19.6697 3.30266
257.751 -19.6547 3.30335
257.784 -19.6888 3.30401
257.699 -19.7127 3.30392
257.695 -19.7257 3.30335
257.736 -19.6913 3.3066
257.769 -19.7236 3.30683
257.797 -19.6478 3.30502
257.82 -19.6523 3.30489
257.814 -19.6189 3.30534
257.736 -19.6484 3.30546
257.666 -19.7434 3.30422
257.818 -19.7411 3.30653
257.841 -19.7261 3.30693
257.893 -19.7229 3.30712
257.799 -19.6355 3.305
257.736 -19.6604 3.30374
257.755 -19.7928 3.30485
257.817 -19.6914 3.3031
257.779 -19.674 3.30282
257.833 -19.7602 3.30424
257.799 -19.7504 3.30608
257.84 -19.6293 3.30369
257.776 -19.6555 3.30366
257.779 -19.6521 3.30325
257.856 -19.7531 3.30749
257.826 -19.6416 3.30753
257.821 -19.7269 3.30307
257.754 -19.6989 3.3052
257.806 -19.6831 3.30484
257.841 -19.7128 3.30566
257.713 -19.6521 3.30723
257.732 -19.749 3.3061
257.798 -19.7137 3.30573
257.792 -19.7952 3.30462
257.779 -19.7802 3.30274
257.849 -19.8437 3.30185
257.748 -19.7973 3.30482
257.893 -19.7431 3.30585
257.797 -19.6546 3.30406
257.727 -19.6559 3.30529
257.704 -19.668 3.30548
257.832 -19.686 3.30521
257.688 -19.7435 3.30408
259.149 -20.9566 3.27731
