15.9146 -90.361 3.63071
15.9983 -90.2582 3.62928
16.0595 -90.326 3.6299
16.0797 -90.3496 3.63545
16.0604 -90.4745 3.63467
15.9734 -90.324 3.62978
16.047 -90.3384 3.62927
15.86 -90.3066 3.62576
16.0231 -90.2643 3.631
16.0201 -90.3571 3.63295
16.0773 -90.1651 3.62931
16.0215 -90.2646 3.63029
15.9794 -90.422 3.63101
15.967 -90.2887 3.63479
15.9731 -90.3484 3.63235
15.9585 -90.3883 3.62833
16.0358 -90.3108 3.63089
15.9495 -90.331 3.63146
16.0059 -90.3399 3.63145
15.9461 -90.2347 3.63347
16.0712 -90.2938 3.63584
16.0598 -90.4218 3.6302
16.0335 -90.416 3.63588
16.1013 -90.1335 3.6318
16.1098 -90.2807 3.63154
16.112 -90.2471 3.63549
16.1192 -90.3569 3.63553
16.1325 -90.3516 3.63668
15.9516 -90.3762 3.63309
16.0366 -90.303 3.6355
15.8955 -90.3885 3.63451
16.0022 -90.4217 3.63051
16.083 -90.4153 3.63089
16.0453 -90.3509 3.63069
15.9875 -90.2666 3.63012
15.979 -90.2374 3.63148
15.9092 -90.2246 3.62899
15.8815 -90.2807 3.63105
16.0194 -90.2829 3.62925
15.9645 -90.2188 3.63121
15.9872 -90.2995 3.63285
15.9671 -90.2565 3.63176
16.0386 -90.2867 3.63013
15.8529 -90.2617 3.63472
15.9808 -90.3629 3.63142
15.9403 -90.2622 3.62941
16.0884 -90.4305 3.63418
16.1299 -90.3391 3.63338
16.0573 -90.2736 3.63561
16.0125 -90.2674 3.62819
15.9695 -90.2346 3.62826
16.0818 -90.2637 3.63671
16.0407 -90.3084 3.635
16.0692 -90.3484 3.63255
16.045 -90.3105 3.6326
16.0092 -90.3972 3.63066
16.0944 -90.218 3.63206
15.9762 -90.1519 3.63338
16.0818 -90.4125 3.63131
16.0153 -90.2594 3.63094
15.8846 -90.389 3.63341
16.0375 -90.2417 3.63545
16.0035 -90.4306 3.63377
16.1105 -90.4365 3.63234
16.06 -90.3951 3.6334
16.0015 -90.3341 3.63043
16.115 -90.2578 3.6322
15.9836 -90.212 3.63325
16.1329 -90.2391 3.63279
16.1473 -90.2847 3.63115
16.0075 -90.3963 3.6322
15.9373 -90.3789 3.63068
15.9548 -90.196 3.63251
16.0135 -90.2953 3.63052
15.9273 -90.3446 3.63237
16.0058 -90.343 3.63143
15.9105 -90.2856 3.631
16.0109 -90.3116 3.63172
15.9936 -90.3724 3.63276
16.0201 -90.3244 3.63195
15.9825 -90.3314 3.63399
15.9271 -90.2608 3.62991
15.9806 -90.3053 3.63187
15.9083 -90.3914 3.63118
16.0338 -90.2338 3.63312
15.9685 -90.3576 3.63195
16.0072 -90.2832 3.6297
16.0507 -90.4423 3.6344
16.1049 -90.3016 3.6325
15.9464 -90.252 3.62759
16.0155 -90.3017 3.62998
16.0383 -90.3414 3.63234
16.0136 -90.303 3.63098
16.0024 -90.2542 3.63297
15.9881 -90.3887 3.62857
16.0586 -90.2999 3.63046
16.0679 -90.1805 3.63224
15.9951 -90.3328 3.63537
15.9666 -90.449 3.63195
15.9478 -90.2631 3.6332
15.9571 -90.2986 3.62914
16.0545 -90.3703 3.63186
15.933 -90.3781 3.62785
16.0422 -90.4678 3.63596
15.9924 -90.297 3.63081
16.0111 -90.3796 3.63572
16.0457 -90.2912 3.63254
15.9732 -90.2799 3.63145
15.9395 -90.384 3.63421
15.9481 -90.3516 3.62823
15.9477 -90.277 3.62895
15.8936 -90.2473 3.63348
16.0419 -90.4705 3.63066
15.9971 -90.2378 3.62848
16.0843 -90.3416 3.62972
16.052 -90.4437 3.63269
16.0516 -90.3471 3.62885
16.0528 -90.2443 3.63286
16.0486 -90.3382 3.63177
15.9806 -90.2741 3.63097
15.9335 -90.3995 3.63196
15.8547 -90.3222 3.62876
16.0116 -90.186 3.6281
16.078 -90.3159 3.63293
15.9597 -90.2188 3.62937
16.0632 -90.3512 3.62879
15.9664 -90.4653 3.63286
16.0943 -90.3514 3.63467
16.0691 -90.3477 3.63301
16.0298 -90.3656 3.63218
16.0433 -90.4103 3.62873
16.0046 -90.333 3.63036
16.0712 -90.3603 3.63162
15.9802 -90.1274 3.63184
16.0061 -90.3502 3.63581
15.9859 -90.3104 3.63097
16.0783 -90.1763 3.63119
16.0703 -90.3852 3.63262
16.0849 -90.2737 3.63087
16.0115 -90.1957 3.63013
16.0177 -90.2462 3.63042
15.9714 -90.2344 3.63202
15.9683 -90.2571 3.63181
16.0468 -90.3372 3.63087
16.0401 -90.376 3.63008
15.9681 -90.2614 3.63308
15.9602 -90.1401 3.63132
16.0883 -90.4118 3.63094
15.9668 -90.2672 3.62872
16.0123 -90.3299 3.63127
15.9907 -90.3612 3.63231
16.0221 -90.3667 3.6304
15.9306 -90.3059 3.63083
16.0887 -90.3892 3.63131
16.0672 -90.2381 3.63279
16.0175 -90.3455 3.63168
16.0491 -90.3673 3.63025
15.9625 -90.2925 3.62814
16.022 -90.3602 3.63272
15.9974 -90.3837 3.63497
15.997 -90.3852 3.63547
16.0249 -90.3285 3.63378
15.9144 -90.2588 3.63042
15.9745 -90.2552 3.62793
15.847 -90.2004 3.63151
16.1105 -90.295 3.63122
15.9779 -90.2853 3.63179
15.9483 -90.4314 3.62964
15.961 -90.4302 3.63103
16.0207 -90.2465 3.62929
16.0493 -90.2304 3.63271
16.0958 -90.389 3.63341
16.0257 -90.287 3.63125
15.928 -90.4049 3.62966
15.9942 -90.3099 3.63108
16.044 -90.3734 3.63385
16.0121 -90.3668 3.63418
16.0092 -90.3697 3.63346
16.057 -90.2058 3.63414
15.9842 -90.2956 3.63234
16.0209 -90.2373 3.63227
16.0602 -90.3917 3.6341
16.0253 -90.4072 3.63204
15.9841 -90.3702 3.63246
16.1737 -90.369 3.63102
16.0403 -90.359 3.63294
15.9549 -90.3973 3.63291
15.9158 -90.3145 3.62689
15.9371 -90.195 3.63326
15.9663 -90.3587 3.62881
16.0227 -90.4504 3.63578
16.0618 -90.326 3.63055
16.0629 -90.3322 3.63258
16.0437 -90.4139 3.63302
16.0966 -90.275 3.6335
16.0918 -90.2433 3.63644
16.0753 -90.2407 3.63513
16.0787 -90.2744 3.6306
16.0542 -90.2266 3.63233
16.2203 -90.4126 3.63051
16.1571 -90.4099 3.63238
15.9852 -90.285 3.6309
15.8811 -90.2034 3.62561
16.0691 -90.3327 3.63056
15.9514 -90.3749 3.63328
15.9982 -90.4037 3.63209
15.9189 -90.2391 3.62938
16.034 -90.3176 3.63507
15.9942 -90.2844 3.63091
15.9636 -90.2626 3.63266
16.0155 -90.4368 3.63464
16.0488 -90.3631 3.62787
16.0495 -90.2799 3.63513
16.002 -90.2742 3.63053
16.0264 -90.2163 3.63319
15.9422 -90.3695 3.62826
16.0442 -90.2855 3.63159
15.9804 -90.2399 3.6326
16.0572 -90.2273 3.62822
15.9593 -90.3896 3.63141
15.9673 -90.3813 3.63068
16.1155 -90.3775 3.63367
16.0788 -90.3093 3.63416
15.9928 -90.3487 3.63324
15.9621 -90.3103 3.63204
16.0269 -90.2736 3.63231
16.0643 -90.2117 3.63402
15.892 -90.2375 3.6295
16.0083 -90.3564 3.62939
16.095 -90.2823 3.63445
15.9084 -90.2137 3.6307
16.0171 -90.3412 3.63448
16.0808 -90.2917 3.63025
16.0752 -90.2918 3.63204
16.0343 -90.3875 3.63089
16.049 -90.3556 3.63472
16.0071 -90.2994 3.62872
15.9358 -90.3126 3.62958
16.0388 -90.4196 3.63482
16.0429 -90.4299 3.63226
16.0412 -90.3776 3.63585
16.0357 -90.3527 3.6308
15.9827 -90.3509 3.63282
15.9008 -90.3288 3.62847
16.1143 -90.2256 3.63059
16.0217 -90.289 3.63213
16.1106 -90.208 3.63476
15.9659 -90.3453 3.63203
16.1441 -90.4596 3.63118
16.0019 -90.2011 3.62844
16.0737 -90.3198 3.62847
15.9936 -90.2265 3.62903
16.0463 -90.3443 3.63212
15.945 -90.3281 3.63104
16.0104 -90.3501 3.63055
15.9746 -90.3809 3.63461
16.0218 -90.378 3.63162
16.015 -90.3673 3.62967
15.9847 -90.3276 3.63628
16.1524 -90.3597 3.63472
16.0238 -90.3089 3.62925
15.9073 -90.3626 3.63156
16.0269 -90.2237 3.63308
15.9919 -90.2283 3.6335
16.0829 -90.3468 3.63375
15.9901 -90.4333 3.62909
15.9444 -90.2611 3.62881
16.0318 -90.3475 3.63273
16.1047 -90.3945 3.63335
16.0259 -90.2265 3.63213
15.8226 -90.2463 3.6292
16.013 -90.3517 3.63111
16.0048 -90.2756 3.62939
15.9765 -90.1903 3.63241
15.929 -90.2266 3.63168
15.9893 -90.36 3.63117
16.0217 -90.1795 3.63138
16.0204 -90.3355 3.63204
15.9891 -90.3027 3.63331
16.052 -90.2703 3.62613
16.108 -90.3646 3.63198
15.9626 -90.2742 3.63219
16.0892 -90.3251 3.63269
16.0552 -90.3179 3.63143
15.9528 -90.4156 3.63
16.0453 -90.3971 3.62878
15.9798 -90.4042 3.6294
16.023 -90.4335 3.63589
16.082 -90.2064 3.63291
16.1062 -90.3575 3.63289
16.0991 -90.2609 3.63547
15.9557 -90.3099 3.63034
16.01 -90.34 3.6338
15.9129 -90.332 3.63112
15.899 -90.33 3.63192
15.9708 -90.2966 3.63399
16.059 -90.2857 3.63346
16.0637 -90.3618 3.63144
16.028 -90.3077 3.63
16.0097 -90.2788 3.62943
15.8827 -90.2157 3.63169
15.859 -90.2219 3.63106
16.021 -90.3132 3.63429
15.9973 -90.3934 3.62959
16.0702 -90.2412 3.63591
15.9725 -90.252 3.633
15.9871 -90.3023 3.62793
15.9873 -90.2958 3.63098
15.9056 -90.2449 3.63344
15.9257 -90.436 3.63342
16.091 -90.3942 3.63464
16.0416 -90.3013 3.62926
16.021 -90.1828 3.62874
15.9898 -90.2711 3.62911
16.0141 -90.2516 3.63194
16.0132 -90.4472 3.63125
15.9919 -90.3831 3.63122
16.1114 -90.3666 3.63453
16.0851 -90.38 3.6322
16.0587 -90.3658 3.62942
15.9965 -90.3283 3.62978
16.0953 -90.3418 3.63194
16.0528 -90.3836 3.63099
16.0539 -90.2495 3.62977
15.9518 -90.2237 3.63497
16.018 -90.4182 3.63241
15.9933 -90.2547 3.63121
16.0028 -90.3109 3.63476
16.0206 -90.3148 3.63343
15.9778 -90.3421 3.63037
16.1086 -90.3538 3.63424
15.9525 -90.27 3.62875
15.9854 -90.3464 3.62718
16.1251 -90.3775 3.63264
16.0091 -90.2623 3.63103
15.9408 -90.1757 3.63321
15.9803 -90.2626 3.63073
16.0315 -90.2936 3.63026
16.019 -90.2903 3.63358
16.0576 -90.3118 3.62815
16.0745 -90.3253 3.63135
16.0707 -90.3439 3.62893
15.9683 -90.4204 3.633
16.0045 -90.2874 3.6306
15.9671 -90.2738 3.62965
15.9016 -90.3757 3.63194
16.0806 -90.2931 3.63038
16.0223 -90.3083 3.63196
15.9521 -90.238 3.63017
16.0367 -90.4547 3.63602
16.0143 -90.2441 3.63247
16.1022 -90.2879 3.63098
16.1579 -90.2539 3.63431
16.1427 -90.3732 3.63364
15.8792 -90.3005 3.62866
16.0486 -90.4034 3.6316
15.9904 -90.254 3.63522
16.1361 -90.2501 3.63059
15.9466 -90.376 3.63103
16.0252 -90.4283 3.63116
15.9998 -90.2853 3.62972
16.0414 -90.2807 3.63314
16.0274 -90.4113 3.6305
15.994 -90.333 3.62755
15.8608 -90.321 3.62962
15.9777 -90.243 3.62931
16.0078 -90.4002 3.63248
16.0914 -90.3174 3.63551
15.9502 -90.3831 3.62834
16.0632 -90.2386 3.62956
15.995 -90.3867 3.63497
16.0046 -90.2625 3.63027
16.1031 -90.2672 3.63628
16.0205 -90.3086 3.63467
16.0366 -90.324 3.63452
16.0001 -90.4037 3.63017
15.9243 -90.3641 3.63274
16.041 -90.2773 3.63318
16.056 -90.4084 3.63178
15.9706 -90.4401 3.63197
16.0776 -90.3989 3.63083
16.0005 -90.1825 3.62943
15.9322 -90.1987 3.63203
15.8808 -90.2754 3.63016
15.9682 -90.2639 3.63077
15.9387 -90.389 3.63014
16.0086 -90.3013 3.62998
15.9817 -90.2837 3.63191
15.9695 -90.2381 3.63071
15.953 -90.3482 3.63137
16.0805 -90.3724 3.63724
16.1165 -90.3214 3.63337
15.9763 -90.3464 3.63323
16.0208 -90.2611 3.62931
15.9809 -90.2736 3.63447
15.9753 -90.2392 3.63214
16.1316 -90.294 3.63442
16.0423 -90.2507 3.63063
15.9642 -90.4706 3.63404
16.0775 -90.3685 3.63549
16.0783 -90.3887 3.63173
16.1406 -90.323 3.63087
16.0855 -90.315 3.63051
15.9959 -90.4004 3.63345
16.0236 -90.3378 3.63525
15.9412 -90.3377 3.63384
15.989 -90.3042 3.62815
16.0035 -90.2965 3.63656
16.0178 -90.4028 3.63432
16.008 -90.3583 3.63216
16.046 -90.3585 3.63079
16.0255 -90.3171 3.63316
16.0974 -90.4009 3.63277
15.9522 -90.3544 3.62934
16.0393 -90.2969 3.63065
15.973 -90.3158 3.62858
16.0101 -90.2097 3.63301
16.0574 -90.1801 3.62923
16.0131 -90.2665 3.6314
15.8925 -90.3253 3.62775
16.0093 -90.2767 3.63225
16.0298 -90.3885 3.63121
15.9823 -90.3238 3.63322
16.0202 -90.3195 3.63117
16.0215 -90.3627 3.63068
15.9326 -90.3578 3.62999
16.0111 -90.3365 3.63258
16.0365 -90.3848 3.63157
15.9414 -90.3442 3.63501
16.0608 -90.324 3.63459
16.0487 -90.2786 3.62986
16.0725 -90.375 3.63392
16.0424 -90.2973 3.62897
16.0546 -90.4576 3.63449
16.0701 -90.2521 3.63167
16.0878 -90.4456 3.63333
15.996 -90.3128 3.62921
15.966 -90.3796 3.63116
16.0842 -90.3493 3.63062
16.0027 -90.3602 3.63276
16.0588 -90.2583 3.63337
15.9612 -90.3378 3.63422
16.0489 -90.3443 3.63257
16.0292 -90.4189 3.63096
16.0367 -90.1686 3.63116
16.0426 -90.3652 3.6319
16.0476 -90.3949 3.63288
15.907 -90.4132 3.63432
16.0257 -90.208 3.63179
15.9592 -90.3597 3.62901
16.004 -90.3672 3.63163
15.934 -90.3921 3.63025
16.0029 -90.4328 3.63447
16.0485 -90.3139 3.63114
15.996 -90.3408 3.63725
15.9523 -90.3059 3.63002
16.0792 -90.2386 3.63455
16.0963 -90.327 3.63602
16.1322 -90.3613 3.63589
15.905 -90.2441 3.63135
15.9273 -90.4014 3.63322
16.0747 -90.4218 3.63385
16.1292 -90.4464 3.6329
15.9215 -90.3668 3.62699
15.9206 -90.2981 3.63036
16.0113 -90.2746 3.63102
15.9335 -90.2032 3.63232
16.0474 -90.3995 3.62816
16.0444 -90.3782 3.63541
15.9968 -90.3784 3.63026
15.9229 -90.3965 3.63185
16.0265 -90.3952 3.63017
16.1007 -90.2585 3.62871
15.9075 -90.4398 3.63395
15.9878 -90.3462 3.63069
16.0248 -90.3585 3.63842
15.9461 -90.3875 3.63271
16.0697 -90.2756 3.62891
16.0021 -90.2566 3.62895
16.0181 -90.3066 3.63161
16.0633 -90.2789 3.63163
16.0839 -90.3514 3.63535
16.1087 -90.328 3.63461
16.0046 -90.27 3.62976
16.0055 -90.3244 3.63244
16.0696 -90.3038 3.63176
16.0295 -90.3828 3.63085
16.066 -90.2269 3.63489
16.0517 -90.2232 3.63719
15.9806 -90.3143 3.63013
16.0012 -90.3201 3.63461
16.0062 -90.4179 3.63469
16.0327 -90.3029 3.63216
15.993 -90.4011 3.63317
15.9073 -90.2913 3.63173
16.0093 -90.3177 3.63076
16.0865 -90.3972 3.63389
16.051 -90.3833 3.63054
16.0514 -90.2288 3.62931
16.8107 -93.004 3.62791
