-13.8919 -93.5786 2.84873
-13.8704 -93.553 2.85016
-13.8667 -93.4947 2.85492
-13.9241 -93.5442 2.84787
-13.8544 -93.4635 2.84848
-13.8006 -93.4883 2.85083
-13.7993 -93.482 2.85085
-13.8489 -93.4709 2.85244
-13.82 -93.4916 2.84946
-13.8197 -93.4931 2.8494
-13.8414 -93.4226 2.84922
-13.9535 -93.5396 2.84939
-13.8537 -93.5854 2.85202
-13.7826 -93.5525 2.85211
-13.7812 -93.4233 2.85396
-13.9602 -93.5454 2.84894
-13.8384 -93.4978 2.8515
-13.8826 -93.5085 2.84681
-13.8419 -93.4355 2.8484
-13.7933 -93.4797 2.85055
-13.9773 -93.5664 2.84855
-13.9762 -93.5737 2.84872
-13.8717 -93.5185 2.85136
-13.8567 -93.5312 2.84839
-13.7875 -93.5425 2.85124
-13.9044 -93.3784 2.84716
-13.7956 -93.521 2.85486
-13.8359 -93.4824 2.85358
-13.8377 -93.5256 2.84955
-13.8367 -93.5297 2.85238
-13.8563 -93.5561 2.84933
-13.8257 -93.6187 2.84869
-13.8459 -93.5728 2.84997
-13.8488 -93.5738 2.85008
-13.8607 -93.554 2.84863
-13.8484 -93.4467 2.85057
-13.7972 -93.6081 2.84945
-13.9129 -93.5461 2.84939
-13.9373 -93.5081 2.84767
-13.8171 -93.5107 2.84621
-13.8215 -93.5145 2.84599
-13.8728 -93.6744 2.85032
-13.8054 -93.5974 2.84944
-13.8089 -93.5013 2.8521
-13.8135 -93.4972 2.85194
-13.7501 -93.637 2.85149
-13.8595 -93.498 2.85087
-13.7906 -93.4727 2.84746
-13.851 -93.5287 2.84936
-13.8915 -93.4695 2.84513
-13.8311 -93.6243 2.84867
-13.9027 -93.5752 2.84961
-13.8629 -93.4253 2.84767
-13.9146 -93.5458 2.85233
-13.9311 -93.6005 2.84969
-13.9306 -93.6011 2.84956
-13.8367 -93.5588 2.84715
-13.952 -93.6048 2.84883
-13.8444 -93.5141 2.84907
-13.8641 -93.6075 2.84732
-13.8614 -93.5452 2.84824
-13.869 -93.5716 2.85142
-13.7907 -93.5103 2.85025
-13.8591 -93.5182 2.84922
-13.7971 -93.4703 2.85153
-13.8039 -93.5642 2.85028
-13.8598 -93.4358 2.84989
-13.9075 -93.5741 2.84825
-13.8256 -93.5572 2.84953
-13.8311 -93.6731 2.85243
-13.8327 -93.5302 2.8482
-13.832 -93.5277 2.84796
-13.8631 -93.5783 2.84997
-13.748 -93.5232 2.84958
-13.9019 -93.6205 2.85033
-13.9508 -93.4865 2.8494
-13.9592 -93.4801 2.84933
-13.8138 -93.5551 2.85053
-13.8836 -93.4769 2.84928
-13.9465 -93.4997 2.85055
-13.934 -93.5004 2.85039
-13.7672 -93.5408 2.85057
-13.9124 -93.5728 2.8521
-13.916 -93.5284 2.84723
-13.9434 -93.6186 2.84879
-13.867 -93.563 2.85362
-13.8301 -93.5446 2.84991
-13.8664 -93.5879 2.8477
-13.8444 -93.4443 2.85021
-13.8404 -93.4437 2.85017
-13.7903 -93.5454 2.84917
-13.8366 -93.565 2.85203
-13.8705 -93.566 2.84899
-13.9178 -93.5713 2.84822
-13.7547 -93.5299 2.84928
-13.828 -93.3861 2.84707
-13.8398 -93.5524 2.85071
-13.8407 -93.5616 2.85004
-13.8389 -93.4062 2.84633
-13.9092 -93.5214 2.84897
-13.8491 -93.3931 2.84821
-13.9127 -93.5454 2.84791
-13.9181 -93.5491 2.84793
-13.8822 -93.5661 2.84953
-13.8849 -93.5645 2.84926
-13.8448 -93.57 2.85135
-13.8757 -93.4772 2.84783
-13.8007 -93.5078 2.85314
-13.8554 -93.5445 2.85146
-13.7807 -93.4582 2.84727
-13.807 -93.5083 2.84986
-13.8349 -93.5187 2.8495
-13.9165 -93.5027 2.84916
-13.8603 -93.5059 2.85077
-13.7441 -93.5534 2.84747
-13.9022 -93.4708 2.85054
-13.8566 -93.5062 2.84529
-13.936 -93.379 2.85184
-13.7586 -93.4724 2.84747
-13.8573 -93.509 2.84826
-13.8887 -93.5738 2.84873
-13.8886 -93.575 2.84884
-13.9181 -93.6066 2.85003
-13.8669 -93.5541 2.85026
-13.8674 -93.5521 2.85015
-13.8107 -93.5056 2.85312
-13.9221 -93.5447 2.84803
-13.914 -93.4471 2.84814
-13.8431 -93.4767 2.85235
-13.8521 -93.7233 2.84582
-13.9508 -93.5428 2.84929
-13.8035 -93.5571 2.8493
-13.9829 -93.5372 2.85074
-13.9864 -93.5355 2.85078
-13.9476 -93.5529 2.84882
-13.73 -93.4703 2.85184
-13.804 -93.5362 2.85185
-13.8375 -93.4934 2.85158
-13.8864 -93.5098 2.84666
-13.8387 -93.6109 2.84983
-13.7751 -93.6136 2.84994
-13.8597 -93.4673 2.84726
-13.8644 -93.5301 2.84845
-13.7917 -93.5411 2.85147
-13.8696 -93.5543 2.85138
-13.9011 -93.6423 2.84779
-13.8437 -93.4705 2.85242
-13.8599 -93.5545 2.84931
-13.8233 -93.6105 2.84878
-13.7974 -93.5186 2.84991
-13.8597 -93.5583 2.84855
-13.9135 -93.5419 2.84939
-13.9058 -93.5107 2.84903
-13.9122 -93.5094 2.84905
-13.9137 -93.5024 2.84928
-13.8754 -93.6637 2.85028
-13.8378 -93.6489 2.85517
-13.8174 -93.4976 2.8504
-13.8064 -93.5652 2.85056
-13.8881 -93.5426 2.84912
-13.8447 -93.4975 2.85196
-13.8305 -93.5832 2.85263
-13.8091 -93.4676 2.85078
-13.839 -93.4512 2.85347
-13.7889 -93.4574 2.84989
-13.8495 -93.526 2.8495
-13.8787 -93.4642 2.8502
-13.8952 -93.5376 2.85123
-13.8036 -93.5088 2.84988
-13.7904 -93.6535 2.84901
-13.9309 -93.6029 2.84959
-13.9248 -93.604 2.84949
-13.9506 -93.6062 2.84886
-13.8439 -93.5147 2.84894
-13.8922 -93.654 2.85129
-13.8576 -93.5486 2.84806
-13.8694 -93.567 2.85152
-13.7934 -93.463 2.85153
-13.8831 -93.6591 2.84873
-13.8612 -93.4339 2.85003
-13.9102 -93.5809 2.84813
-13.9083 -93.5703 2.8483
-13.8348 -93.515 2.84601
-13.8771 -93.5506 2.85172
-13.8607 -93.5145 2.85025
-13.7811 -93.6164 2.84879
-13.7488 -93.5276 2.84972
-13.893 -93.6201 2.85031
-13.9539 -93.4815 2.84934
-13.8839 -93.4721 2.84926
-13.8906 -93.4808 2.84945
-13.8034 -93.4577 2.84541
-13.8609 -93.4428 2.84889
-13.912 -93.5246 2.84695
-13.921 -93.5346 2.84693
-13.9198 -93.5335 2.84709
-13.8642 -93.5908 2.84743
-13.8612 -93.5612 2.85343
-13.8125 -93.5307 2.84764
-13.869 -93.5268 2.85054
-13.8508 -93.5838 2.84966
-13.9421 -93.4888 2.85022
-13.8031 -93.4863 2.85449
-13.8278 -93.567 2.84907
-13.8385 -93.4895 2.85097
-13.8242 -93.5107 2.85117
-13.9195 -93.5723 2.84659
-13.9161 -93.5192 2.84898
-13.7995 -93.4942 2.84612
-13.811 -93.4486 2.84861
-13.9147 -93.526 2.84877
-13.8598 -93.393 2.84822
-13.8465 -93.5628 2.84751
-13.9116 -93.6807 2.84969
-13.8089 -93.6008 2.85222
-13.9643 -93.5818 2.84853
-13.7315 -93.6097 2.8512
-13.8348 -93.5057 2.85091
-13.8053 -93.5026 2.85126
-13.804 -93.5354 2.84724
-13.7975 -93.5365 2.84724
-13.8333 -93.5181 2.84938
-13.9218 -93.5065 2.84903
-13.8609 -93.5064 2.84878
-13.868 -93.4821 2.84404
-13.824 -93.5081 2.8482
-13.841 -93.5852 2.84759
-13.7958 -93.4367 2.84909
-13.8025 -93.5666 2.84788
-13.8481 -93.4533 2.84812
-13.8897 -93.5766 2.84874
-13.8045 -93.5912 2.84964
-13.7962 -93.4798 2.84761
-13.7874 -93.5737 2.85082
-13.8583 -93.4568 2.84858
-13.9125 -93.4432 2.84826
-13.8926 -93.6079 2.84687
-13.9543 -93.5436 2.84937
-13.8849 -93.5825 2.85155
-13.9839 -93.5408 2.85074
-13.9605 -93.5519 2.84905
-13.8848 -93.4867 2.85416
-13.9099 -93.5752 2.84442
-13.8494 -93.4955 2.85061
-13.8146 -93.651 2.84666
-13.8608 -93.529 2.84816
-13.7055 -93.7009 2.85173
-13.767 -93.5036 2.85234
-13.8219 -93.4967 2.8509
-13.8952 -93.6438 2.8476
-13.799 -93.3966 2.85045
-13.8586 -93.56 2.84944
-13.7909 -93.4586 2.85228
-13.8647 -93.5667 2.84834
-13.8011 -93.519 2.84993
-13.846 -93.4395 2.85057
-13.9447 -93.7194 2.8517
-13.9143 -93.5135 2.84922
-13.8442 -93.6425 2.85523
-13.808 -93.4946 2.85187
-13.8264 -93.451 2.84929
-13.8876 -93.5428 2.84913
-13.8878 -93.5365 2.849
-13.7943 -93.465 2.84976
-13.8153 -93.4659 2.85085
-13.9328 -93.5788 2.8492
-13.9386 -93.5743 2.8491
-13.896 -93.4697 2.84501
-13.8777 -93.533 2.84822
-13.8631 -93.5775 2.85165
-13.7727 -93.4671 2.84569
-13.8584 -93.4163 2.84783
-13.8344 -93.5602 2.84676
-13.8936 -93.6463 2.85097
-13.8639 -93.5472 2.84831
-13.7737 -93.6397 2.85043
-13.8634 -93.5386 2.84821
-13.8348 -93.6218 2.8498
-13.8149 -93.518 2.85083
-13.9103 -93.5769 2.84801
-13.7876 -93.5191 2.84939
-13.8727 -93.5503 2.85162
-13.7421 -93.5163 2.851
-13.8773 -93.4372 2.84979
-13.9524 -93.4832 2.84918
-13.7696 -93.5373 2.84946
-13.8866 -93.4742 2.84908
-13.8813 -93.4779 2.84907
-13.8883 -93.4753 2.84932
-13.9378 -93.5046 2.85044
-13.916 -93.5315 2.84693
-13.9458 -93.615 2.84868
-13.8346 -93.5614 2.84756
-13.827 -93.5395 2.84982
-13.862 -93.5834 2.8477
-13.824 -93.6608 2.85278
-13.9156 -93.5097 2.85076
-13.9077 -93.5146 2.85083
-13.8275 -93.5633 2.84897
-13.8366 -93.4866 2.85076
-13.8252 -93.5085 2.8511
-13.8772 -93.5605 2.84896
-13.9275 -93.5693 2.84817
-13.924 -93.5777 2.84824
-13.9181 -93.5756 2.84824
-13.92 -93.5745 2.84645
-13.9199 -93.5728 2.84658
-13.806 -93.515 2.84996
-13.8422 -93.6889 2.84794
-13.9489 -93.4256 2.84637
-13.9453 -93.4247 2.84647
-13.8516 -93.3954 2.84824
-13.8751 -93.5664 2.84366
-13.9098 -93.6796 2.84972
-13.8419 -93.5721 2.85112
-13.8252 -93.5413 2.85064
-13.8726 -93.4856 2.84766
-13.7552 -93.5966 2.85114
-13.805 -93.5047 2.853
-13.8152 -93.5554 2.85066
-13.9207 -93.5078 2.84916
-13.948 -93.5295 2.84717
-13.9367 -93.5277 2.84728
-13.8618 -93.5053 2.8453
-13.8399 -93.5595 2.85412
-13.7999 -93.5659 2.84791
-13.8131 -93.4952 2.84533
-13.8877 -93.5734 2.84875
-13.9235 -93.6056 2.8501
-13.8604 -93.4928 2.8548
-13.7992 -93.4826 2.84765
-13.9213 -93.5406 2.84814
-13.9261 -93.5454 2.84809
-13.8696 -93.5927 2.85087
-13.9103 -93.4449 2.84813
-13.8352 -93.5351 2.8496
-13.8403 -93.5325 2.84946
-13.8253 -93.4933 2.8494
-13.9536 -93.5443 2.84922
-13.8937 -93.5339 2.8482
-13.7843 -93.5632 2.85156
-13.9895 -93.5429 2.85074
-13.9891 -93.5432 2.85078
-13.9903 -93.5406 2.85085
-13.8921 -93.4826 2.85381
-13.8346 -93.6574 2.85146
-13.8828 -93.5122 2.84688
-13.8333 -93.4424 2.84825
-13.9799 -93.5669 2.84855
-13.8698 -93.5144 2.85125
-13.8574 -93.5289 2.84829
-13.7356 -93.6787 2.85333
-13.8637 -93.5577 2.85126
-13.8696 -93.5564 2.85112
-13.8994 -93.6409 2.84775
-13.8484 -93.4559 2.8485
-13.8402 -93.561 2.84594
-13.8201 -93.6112 2.84883
-13.7979 -93.4508 2.85229
-13.7922 -93.419 2.84927
-13.8813 -93.4264 2.85016
-13.8608 -93.5523 2.84863
-13.7581 -93.6318 2.84826
-13.9321 -93.5068 2.84802
-13.937 -93.5098 2.84782
-13.906 -93.5138 2.84905
-13.8734 -93.6689 2.85043
-13.9383 -93.4742 2.84869
-13.8005 -93.5942 2.84973
-13.7503 -93.6332 2.85142
-13.8914 -93.5406 2.84902
-13.8435 -93.4968 2.85236
-13.8169 -93.5171 2.85079
-13.7972 -93.6477 2.84863
-13.8542 -93.5275 2.84939
-13.9368 -93.5823 2.84891
-13.8922 -93.4652 2.845
-13.8939 -93.5428 2.85121
-13.7613 -93.5187 2.85126
-13.8888 -93.4669 2.85119
-13.8998 -93.582 2.84972
-13.8687 -93.5842 2.85157
-13.7741 -93.4663 2.84593
-13.9349 -93.6006 2.84983
-13.9429 -93.6065 2.84893
-13.8445 -93.5047 2.84901
-13.8677 -93.608 2.84732
-13.8653 -93.6061 2.84751
-13.7612 -93.5103 2.85122
-13.8549 -93.5098 2.8491
-13.8575 -93.5149 2.84905
-13.8837 -93.66 2.8489
-13.8623 -93.4372 2.84988
-13.8029 -93.5033 2.84713
-13.9092 -93.5676 2.84819
-13.82 -93.5621 2.84951
-13.9052 -93.5748 2.84841
-13.7919 -93.4876 2.85042
-13.859 -93.516 2.85009
-13.877 -93.4299 2.84993
-13.9544 -93.4827 2.84934
-13.7471 -93.5437 2.8512
-13.8714 -93.4709 2.85101
-13.9388 -93.5051 2.85051
-13.9197 -93.5334 2.84701
-13.9501 -93.6176 2.84892
-13.9439 -93.6221 2.84884
-13.8596 -93.6076 2.8496
-13.8689 -93.6073 2.84946
-13.8812 -93.4835 2.85372
-13.8633 -93.5271 2.85063
-13.8382 -93.4822 2.85081
-13.8035 -93.4654 2.85532
-13.9397 -93.4896 2.85025
-13.9165 -93.5117 2.85068
-13.8328 -93.5613 2.85216
-13.9243 -93.5712 2.8482
-13.9083 -93.571 2.84656
-13.9183 -93.52 2.84888
-13.8014 -93.4924 2.84605
-13.9144 -93.5233 2.84883
-13.8587 -93.3994 2.84799
-13.8569 -93.3968 2.84818
-13.8159 -93.535 2.84762
-13.8774 -93.5641 2.84374
-13.8938 -93.5631 2.8495
-13.7584 -93.6727 2.84853
-13.744 -93.5089 2.85111
-13.7524 -93.5255 2.85159
-13.8799 -93.4785 2.8478
-13.8035 -93.505 2.85314
-13.8566 -93.4918 2.8503
-13.8185 -93.5606 2.8506
-13.8087 -93.5053 2.84972
-13.8339 -93.5239 2.84963
-13.8657 -93.5028 2.85071
-13.8721 -93.4819 2.84407
-13.8503 -93.5824 2.84774
-13.7679 -93.5549 2.85109
-13.8572 -93.5998 2.84903
-13.8848 -93.5769 2.849
-13.9246 -93.6012 2.85013
-13.7912 -93.5323 2.85203
-13.9197 -93.5411 2.84788
-13.9069 -93.4444 2.84803
-13.8482 -93.4736 2.8525
-13.8876 -93.608 2.84682
-13.7676 -93.5132 2.85354
-13.9529 -93.5435 2.84917
-13.8866 -93.5762 2.85171
-13.9863 -93.5365 2.85074
-13.9893 -93.5372 2.85064
-13.9542 -93.5486 2.84902
-13.8197 -93.4535 2.84987
-13.8332 -93.5842 2.84835
-13.909 -93.5715 2.84428
-13.8811 -93.5059 2.8468
-13.9762 -93.5718 2.84865
-13.8278 -93.5047 2.84968
-13.7746 -93.6164 2.85008
-13.8008 -93.5129 2.84992
-13.7897 -93.5323 2.85137
-13.9141 -93.3782 2.84708
-13.8638 -93.549 2.8514
-13.8484 -93.4542 2.84843
-13.8656 -93.5647 2.84925
-13.9117 -93.3849 2.84775
-13.8601 -93.5726 2.84821
-13.8885 -93.4274 2.84997
-13.7448 -93.6093 2.84883
-13.9351 -93.5105 2.84775
-13.753 -93.4163 2.84952
-13.8368 -93.6446 2.85507
-13.935 -93.4707 2.84867
-13.9358 -93.4761 2.84869
-13.8144 -93.5423 2.85241
-13.7914 -93.5333 2.85306
-13.8842 -93.541 2.84901
-13.7948 -93.4746 2.84964
-13.8119 -93.4641 2.85078
-13.9282 -93.5794 2.84918
-13.9324 -93.5807 2.849
-13.9193 -93.5361 2.85095
-13.8743 -93.5369 2.84824
-13.7793 -93.3887 2.84885
-13.9309 -93.6004 2.8496
-13.8487 -93.5908 2.8493
-13.8632 -93.5505 2.84813
-13.8676 -93.5662 2.85131
-13.7888 -93.4775 2.85157
-13.8219 -93.3857 2.84756
-13.7731 -93.5257 2.85141
-13.9112 -93.5799 2.84866
-13.9135 -93.5752 2.84845
-13.7889 -93.4899 2.85046
-13.8619 -93.5831 2.85015
-13.7675 -93.5046 2.84986
-13.8772 -93.4325 2.84999
-13.9523 -93.4848 2.84926
-13.2352 -90.508 2.84227
