235.458 -15.9012 2.90242
235.329 -16.0554 2.89853
235.374 -15.9906 2.89814
235.411 -16.0583 2.90093
235.408 -16.0371 2.90269
235.294 -16.0204 2.90159
235.422 -16.0355 2.90339
235.374 -15.9349 2.90377
235.389 -16.0896 2.90001
235.301 -16.1052 2.90157
235.266 -15.9659 2.90068
235.433 -15.905 2.9018
235.428 -16.0086 2.90126
235.292 -15.9654 2.89847
235.291 -15.9661 2.89858
235.367 -15.9285 2.90024
235.414 -15.9532 2.90082
235.417 -15.9799 2.8973
235.498 -16.032 2.90178
235.27 -16.0469 2.90016
235.268 -16.0437 2.89996
235.331 -15.9716 2.90149
235.23 -16.0711 2.89903
235.502 -16.0885 2.90083
235.447 -15.9771 2.9024
235.447 -16.0885 2.9029
235.467 -15.9492 2.89912
235.287 -16.0734 2.8988
235.316 -16.0257 2.9006
235.473 -16.0414 2.89897
235.316 -15.9217 2.90128
235.378 -16.1233 2.90022
235.357 -16.0023 2.90089
235.432 -15.9163 2.90203
235.423 -15.9626 2.90295
235.443 -16.0793 2.90116
235.443 -16.0002 2.90299
235.376 -15.9753 2.90249
235.373 -15.9094 2.90349
235.42 -15.9281 2.90077
235.393 -16.0248 2.89845
235.328 -15.9653 2.90267
235.28 -16.045 2.90179
235.327 -15.9273 2.89948
235.493 -15.972 2.902
235.494 -15.977 2.90217
235.409 -15.9646 2.90004
235.43 -15.951 2.90229
235.528 -15.9298 2.90126
235.408 -16.0151 2.9025
235.412 -16.0142 2.90256
235.382 -15.9576 2.90295
235.432 -16.0433 2.9016
235.388 -16.0655 2.90107
235.385 -16.0612 2.90113
235.286 -15.9315 2.90333
235.385 -15.9842 2.9039
235.502 -16.0136 2.90049
235.364 -16.0048 2.9013
235.31 -15.9425 2.90012
235.293 -16.0424 2.8996
235.298 -16.0458 2.89971
235.392 -16.0428 2.90276
235.414 -15.8578 2.90075
235.348 -15.9188 2.90173
235.426 -15.8785 2.9031
235.41 -15.9654 2.89994
235.41 -15.9416 2.8993
235.362 -15.9952 2.90035
235.304 -16.0107 2.90149
235.427 -15.972 2.90123
235.404 -16.0707 2.90112
235.386 -16.062 2.9013
235.403 -16.0194 2.90246
235.375 -16.0457 2.90067
235.359 -15.9777 2.89991
235.264 -15.9996 2.89908
235.286 -15.9663 2.89688
235.372 -16.0219 2.89957
235.461 -15.9494 2.90376
235.313 -16.0201 2.8977
235.272 -16.0741 2.89941
235.436 -16.0013 2.90073
235.453 -16.0013 2.89915
235.384 -16.0555 2.89969
235.293 -15.9857 2.90006
235.302 -15.9815 2.8996
235.364 -15.9457 2.90163
235.459 -15.9611 2.90368
235.477 -15.9614 2.90347
235.402 -15.9777 2.90195
235.357 -16.0693 2.90053
235.295 -15.9503 2.89886
235.363 -15.9249 2.90058
235.428 -15.974 2.90187
235.472 -16.1231 2.90092
235.338 -16.0291 2.90326
235.351 -15.9591 2.89987
235.441 -15.9826 2.89923
235.26 -16.0001 2.89855
235.456 -15.9034 2.90228
235.396 -15.9282 2.90256
235.395 -15.932 2.9026
235.397 -15.936 2.9027
235.398 -15.9955 2.89873
235.378 -15.9908 2.89848
235.414 -15.9914 2.9018
235.368 -16.1283 2.90412
235.391 -15.9167 2.90254
235.473 -16.0075 2.90323
235.365 -15.9594 2.90175
235.426 -16.0497 2.90008
235.323 -16.017 2.90011
235.437 -15.9076 2.90197
235.294 -15.9615 2.89844
235.364 -15.9348 2.89999
235.37 -15.9249 2.902
235.424 -15.9794 2.89723
235.496 -16.0357 2.9016
235.266 -15.9889 2.90124
235.329 -15.9636 2.90119
235.278 -16.0067 2.89906
235.364 -15.9943 2.89965
235.374 -15.9968 2.89958
235.343 -16.0055 2.89959
235.35 -16.0274 2.90167
235.289 -15.9893 2.89741
235.294 -15.9886 2.89731
235.466 -15.9471 2.89929
235.478 -16.0278 2.89818
235.477 -16.0258 2.90168
235.339 -16.0327 2.89986
235.425 -15.91 2.90213
235.418 -16.0302 2.90244
235.371 -15.9266 2.90033
235.326 -16.0819 2.89964
235.414 -15.9258 2.90088
235.405 -16.0441 2.8999
235.426 -16.0895 2.90267
235.322 -15.9594 2.90261
235.297 -15.9505 2.9024
235.451 -16.0194 2.90157
235.474 -16.044 2.90397
235.286 -16.0662 2.90256
235.407 -16.0198 2.90257
235.465 -15.9977 2.89841
235.427 -16.0558 2.90426
235.415 -15.9169 2.90459
235.393 -16.024 2.9012
235.351 -15.916 2.90077
235.33 -15.9715 2.90032
235.392 -16.0172 2.9031
235.398 -15.9726 2.901
235.413 -15.8561 2.9006
235.421 -15.8877 2.903
235.411 -15.9639 2.90002
235.415 -15.9388 2.89944
235.36 -15.9921 2.90029
235.3 -16.0121 2.90161
235.337 -16.039 2.89993
235.404 -15.9706 2.90087
235.398 -16.0133 2.90232
235.308 -16.0911 2.90294
235.379 -16.0389 2.90349
235.279 -16.031 2.89971
235.363 -15.9865 2.90008
235.263 -15.9778 2.90113
235.412 -15.9786 2.89982
235.265 -15.9988 2.89909
235.373 -16.0237 2.89938
235.365 -15.9833 2.90297
235.366 -16.0081 2.89945
235.544 -15.9892 2.90252
235.451 -15.9896 2.8994
235.288 -15.9879 2.89988
235.295 -16.0364 2.90055
235.346 -15.9852 2.90156
235.363 -16.0274 2.89787
235.342 -15.996 2.89994
235.361 -16.0702 2.90048
235.354 -15.9412 2.90221
235.302 -15.9482 2.89893
235.359 -15.9265 2.9005
235.421 -15.9754 2.90175
235.348 -16.0397 2.90158
235.35 -15.9525 2.89984
235.427 -16.0118 2.90013
235.441 -15.9789 2.89916
235.31 -15.9439 2.90143
235.457 -15.9028 2.90223
235.458 -15.9007 2.90215
235.51 -16.06 2.90134
235.365 -16.0333 2.90158
235.415 -16.0583 2.90088
235.25 -15.9428 2.90217
235.372 -16.1135 2.9002
235.376 -15.9772 2.89871
235.199 -15.9971 2.90003
235.327 -16.0109 2.90035
235.332 -16.0442 2.90034
235.434 -16.0094 2.90143
235.359 -15.928 2.90024
235.364 -15.9303 2.90026
235.414 -15.9549 2.90083
235.442 -15.896 2.90271
235.419 -15.9834 2.89722
235.276 -16.085 2.90069
235.269 -16.0443 2.9
235.368 -16 2.89939
235.416 -15.9732 2.9036
235.379 -16.008 2.90144
235.334 -15.9665 2.9009
235.474 -15.9478 2.89935
235.469 -15.9483 2.89928
235.467 -15.9459 2.89947
235.334 -15.9706 2.90255
235.354 -16.005 2.90218
235.381 -16.1301 2.90004
235.435 -16.0275 2.90105
235.364 -16.0083 2.90092
235.36 -16.1031 2.90162
235.418 -15.9595 2.90279
235.372 -15.9312 2.90039
235.37 -15.9296 2.90024
235.376 -15.9269 2.90034
235.373 -15.9085 2.90348
235.368 -16.0019 2.90299
235.453 -16.0538 2.90117
235.416 -15.9319 2.90078
235.416 -16.0156 2.89904
235.343 -16.0358 2.90144
235.285 -16.0489 2.90167
235.327 -15.9306 2.89925
235.495 -15.9751 2.90213
235.286 -16.0045 2.90397
235.371 -16.0635 2.90006
235.411 -15.9431 2.90352
235.388 -15.9706 2.9017
235.425 -16.0362 2.90152
235.274 -16.0441 2.8984
235.415 -15.9155 2.90418
235.395 -16.026 2.90124
235.497 -16.0168 2.90045
235.351 -16.0061 2.90125
235.318 -15.9472 2.90007
235.242 -15.9863 2.89884
235.364 -16.0321 2.90185
235.405 -15.9095 2.90309
235.425 -15.8812 2.90315
235.407 -15.9617 2.89997
235.403 -15.9667 2.90014
235.414 -15.9621 2.89992
235.412 -15.943 2.89947
235.369 -15.9928 2.90036
235.42 -15.9746 2.90122
235.417 -15.9729 2.90112
235.405 -16.0662 2.90113
235.336 -16.0377 2.89983
235.424 -15.9299 2.90316
235.296 -16.038 2.90079
235.413 -15.9782 2.89967
235.414 -15.9836 2.89977
235.372 -15.8897 2.90163
235.267 -15.9963 2.89916
235.369 -16.0213 2.89953
235.374 -16.0161 2.8996
235.37 -15.9712 2.9016
235.382 -15.993 2.90116
235.292 -16.0032 2.89991
235.44 -16.0006 2.90089
235.44 -16.0071 2.90077
235.449 -15.9879 2.8993
235.451 -15.9861 2.89918
235.248 -15.9286 2.90137
235.361 -15.9508 2.90178
235.417 -16.0751 2.90137
235.495 -16.0454 2.9017
235.361 -15.968 2.90438
235.346 -15.9915 2.90027
235.367 -15.9884 2.90056
235.358 -15.939 2.90238
235.361 -15.925 2.9007
235.298 -15.9611 2.90059
235.407 -16.0029 2.90215
235.457 -16.0802 2.90172
235.341 -16.034 2.90146
235.432 -16.0131 2.90027
235.441 -15.9783 2.89908
235.33 -15.9717 2.89907
235.311 -15.9435 2.90133
235.224 -16.0653 2.89993
235.455 -15.9057 2.90226
235.458 -15.9003 2.90231
235.461 -15.9001 2.90228
235.394 -15.9281 2.9025
235.254 -16.0451 2.9001
235.373 -15.9883 2.89824
235.424 -15.9856 2.90177
235.44 -15.9809 2.90407
235.398 -16.0468 2.90378
235.375 -16.1112 2.9003
235.364 -15.9419 2.90366
235.397 -15.9117 2.90253
235.384 -15.9761 2.89854
235.378 -15.974 2.89861
235.369 -15.9636 2.90215
235.343 -15.9919 2.9014
235.271 -15.9599 2.90065
235.432 -15.9114 2.90195
235.435 -16.0093 2.90138
235.294 -15.9659 2.89848
235.405 -15.9905 2.89964
235.372 -15.9261 2.90197
235.442 -15.8965 2.90279
235.341 -16.0758 2.90365
235.565 -15.9452 2.90589
235.561 -15.9798 2.90562
235.281 -16.0032 2.89912
235.369 -15.9986 2.89969
235.369 -15.9933 2.89964
235.25 -16.1016 2.90204
235.415 -16.0258 2.90308
235.447 -15.9696 2.90226
235.292 -15.9873 2.8974
235.483 -16.0225 2.89817
235.438 -15.9813 2.90355
235.476 -16.0305 2.90147
235.433 -16.0287 2.90086
235.401 -16.0152 2.89923
235.399 -16.0128 2.89913
235.291 -16.0378 2.8981
235.27 -16.1047 2.90104
235.408 -16.0344 2.90244
235.3 -15.9865 2.89904
235.366 -15.932 2.90027
235.442 -15.9957 2.90306
235.373 -15.9061 2.90343
235.488 -16.0692 2.90277
235.406 -16.0407 2.8999
235.419 -16.0163 2.89891
235.283 -16.0644 2.89867
235.488 -15.9756 2.90211
235.413 -15.9636 2.89977
235.424 -15.9406 2.90212
235.477 -16.046 2.90384
235.531 -15.9299 2.90112
235.496 -15.9318 2.90368
235.463 -15.9982 2.89854
235.378 -16.1942 2.90242
235.425 -16.0603 2.90427
235.424 -16.0339 2.90154
235.345 -16.0524 2.90107
235.395 -16.0248 2.90122
235.345 -15.9141 2.9004
235.313 -15.9439 2.90026
235.31 -15.9452 2.90034
235.31 -15.9399 2.90036
235.4 -15.9723 2.90098
235.407 -15.9119 2.90306
235.345 -15.9199 2.90167
235.423 -15.8864 2.9031
235.413 -15.9645 2.89994
235.413 -15.9623 2.89985
235.412 -15.9404 2.89951
235.431 -15.97 2.90106
235.464 -16.048 2.90387
235.405 -15.9693 2.90096
235.407 -16.0368 2.90042
235.379 -15.9666 2.90268
235.369 -16.1304 2.9015
235.356 -15.9789 2.89982
235.372 -15.8908 2.90167
235.283 -15.9671 2.89693
235.473 -15.9953 2.90336
235.393 -15.9935 2.89856
235.457 -15.9491 2.90341
235.521 -15.9907 2.90223
235.534 -15.9913 2.90255
235.535 -15.9923 2.90259
235.436 -16.0064 2.90085
235.243 -15.9291 2.90139
235.29 -16.0289 2.90074
235.388 -16.158 2.89975
235.472 -15.9531 2.90338
235.37 -15.9934 2.90063
235.297 -15.9482 2.89882
235.412 -16.0589 2.90069
235.407 -16.0604 2.90077
235.428 -15.9745 2.90189
235.476 -16.0593 2.90204
235.385 -15.9569 2.90176
235.427 -16.0157 2.90015
235.437 -15.9807 2.89913
235.369 -15.9638 2.90354
235.367 -15.9601 2.90353
235.455 -15.9016 2.90234
235.33 -16.0467 2.89852
235.4 -15.9978 2.89889
235.255 -16.0457 2.9002
235.369 -15.9919 2.89826
235.286 -16.0246 2.90151
235.402 -16.0684 2.90391
235.393 -15.9159 2.90243
235.378 -15.9786 2.89869
235.415 -16.0626 2.90079
235.406 -15.9835 2.90233
235.291 -15.9706 2.8986
235.405 -15.9929 2.89956
235.361 -15.9323 2.90024
235.545 -15.9923 2.90412
235.421 -15.9783 2.89734
235.281 -16.0771 2.9006
235.33 -15.9589 2.90117
235.37 -15.9944 2.89947
235.469 -16.1086 2.90277
235.423 -16.0476 2.90092
235.372 -16.0073 2.90149
235.444 -15.973 2.90252
235.334 -15.958 2.90074
235.464 -15.946 2.89929
235.443 -15.981 2.90365
235.319 -15.9253 2.90134
235.451 -15.995 2.90377
235.419 -15.9773 2.90218
235.301 -15.984 2.89909
235.371 -15.9316 2.90034
235.369 -16.0037 2.90314
235.396 -15.9828 2.90359
235.405 -16.0451 2.90006
235.387 -16.0485 2.90223
235.4 -16.012 2.9031
235.299 -15.9527 2.90218
235.443 -16.0625 2.90332
235.381 -16.0713 2.9004
235.409 -15.9691 2.90003
235.448 -16.0285 2.90154
235.475 -16.0495 2.90378
235.446 -16.061 2.90388
235.34 -16.1374 2.90041
235.464 -15.9996 2.89834
235.269 -16.0453 2.89844
235.376 -15.9813 2.90387
235.448 -15.9716 2.903
235.395 -16.0223 2.90118
235.369 -16.1062 2.90129
235.332 -15.968 2.90024
235.317 -16.0887 2.90133
235.398 -15.9753 2.90096
235.307 -15.9712 2.90116
235.42 -15.8626 2.90062
235.415 -15.8591 2.90062
235.413 -15.9624 2.90017
235.414 -15.9376 2.89949
235.369 -15.997 2.90033
235.416 -16.0109 2.90362
235.404 -15.9672 2.90084
235.378 -16.0306 2.90341
235.382 -15.9613 2.90258
235.413 -15.9841 2.89968
235.405 -16.0429 2.90248
235.283 -15.9703 2.89692
235.378 -16.02 2.89938
235.365 -15.9867 2.90286
235.374 -15.973 2.90151
235.357 -16.0553 2.90439
235.261 -16.1034 2.90231
235.435 -15.9988 2.90062
235.297 -15.9847 2.89999
235.365 -15.9499 2.90157
235.36 -15.9467 2.90148
235.423 -16.048 2.90253
235.475 -15.9634 2.90348
235.475 -15.9603 2.90345
235.265 -16.0977 2.8993
235.37 -16.0686 2.90286
235.303 -15.9511 2.89892
235.41 -15.9958 2.90168
235.407 -16.0778 2.90371
235.469 -16.1219 2.90101
235.348 -16.0351 2.90164
235.435 -16.0125 2.90031
235.394 -16.0739 2.90228
235.446 -15.9817 2.8995
235.438 -15.9835 2.89926
235.327 -15.9742 2.89912
235.31 -15.9415 2.90133
235.437 -15.9993 2.9031
235.397 -15.9493 2.90152
235.5 -16.0576 2.90139
235.258 -16.0479 2.90017
235.302 -16.048 2.90315
235.251 -15.9354 2.90198
235.368 -16.1283 2.90422
235.494 -16.0371 2.90478
235.4 -15.9089 2.90249
235.259 -16.1082 2.8995
235.368 -15.9629 2.90162
235.323 -16.0149 2.90027
235.338 -16.0403 2.90059
237.011 -17.274 2.88254
