278.516 0.437123 4.53246
278.53 0.538192 4.53558
278.553 0.463531 4.53706
278.543 0.427878 4.53265
278.471 0.476595 4.53314
278.549 0.585186 4.531
278.573 0.369803 4.53166
278.531 0.432773 4.53096
278.469 0.426205 4.53378
278.552 0.578638 4.53226
278.519 0.513138 4.53304
278.451 0.450549 4.5362
278.526 0.432024 4.52902
278.432 0.442455 4.53477
278.496 0.502709 4.53593
278.478 0.595445 4.52958
278.598 0.480868 4.53915
278.494 0.53946 4.53306
278.554 0.458195 4.53281
278.522 0.459278 4.53389
278.425 0.452272 4.53519
278.415 0.476977 4.5265
278.459 0.478089 4.52804
278.481 0.372917 4.53295
278.529 0.501472 4.53312
278.32 0.605341 4.52557
278.524 0.557031 4.53218
278.427 0.41861 4.53152
278.569 0.495551 4.53076
278.468 0.36868 4.53406
278.456 0.461331 4.53408
278.573 0.464046 4.52827
278.478 0.440756 4.53467
278.547 0.593141 4.53305
278.516 0.533022 4.53448
278.438 0.508804 4.53293
278.523 0.575596 4.53205
278.543 0.387806 4.5356
278.534 0.463132 4.52977
278.497 0.543865 4.53135
278.496 0.536089 4.53274
278.472 0.504397 4.52904
278.456 0.46935 4.53393
278.48 0.451787 4.53325
278.613 0.42031 4.53148
278.54 0.458349 4.53655
278.469 0.490291 4.5325
278.426 0.556905 4.53048
278.551 0.524106 4.53393
278.42 0.382794 4.53331
278.534 0.365576 4.53616
278.507 0.431573 4.53906
278.543 0.500463 4.53374
278.54 0.514334 4.53283
278.585 0.484712 4.53251
278.623 0.473439 4.53711
278.479 0.546793 4.53141
278.473 0.477121 4.52876
278.427 0.510912 4.52984
278.438 0.440248 4.53618
278.403 0.503839 4.53645
278.501 0.456461 4.53233
278.434 0.547177 4.53735
278.481 0.511776 4.53306
278.427 0.467015 4.53038
278.484 0.418539 4.53916
278.504 0.441276 4.53671
278.465 0.42314 4.53486
278.52 0.513489 4.53213
278.517 0.521034 4.53524
278.41 0.557729 4.53119
278.466 0.508681 4.53067
278.491 0.539924 4.53594
278.44 0.569159 4.53468
278.608 0.607097 4.53058
278.544 0.474327 4.53647
278.524 0.523732 4.53314
278.49 0.506597 4.53767
278.447 0.489775 4.53402
278.542 0.525274 4.53753
278.467 0.522051 4.53295
278.553 0.506289 4.53341
278.504 0.536664 4.53366
278.456 0.412905 4.53041
278.455 0.534537 4.53135
278.425 0.386222 4.53474
278.522 0.447835 4.53561
278.434 0.453955 4.53074
278.492 0.446146 4.53425
278.463 0.499132 4.53386
278.439 0.496701 4.53332
278.485 0.504395 4.53351
278.518 0.591484 4.53015
278.527 0.398415 4.53498
278.35 0.668304 4.5263
278.526 0.571944 4.53367
278.544 0.52667 4.533
278.459 0.456845 4.5316
278.561 0.450785 4.53133
278.526 0.418796 4.53451
278.456 0.408399 4.53509
278.348 0.521165 4.53286
278.655 0.51611 4.53439
278.479 0.525585 4.53451
278.503 0.558097 4.53651
278.516 0.520561 4.53343
278.438 0.412088 4.52955
278.438 0.503802 4.53212
278.554 0.501173 4.53271
278.5 0.568175 4.53391
278.48 0.513705 4.53626
278.507 0.449606 4.53472
278.491 0.386844 4.53458
278.547 0.534039 4.53581
278.478 0.492155 4.53711
278.496 0.508807 4.53447
278.458 0.583725 4.52908
278.468 0.445115 4.53378
278.432 0.490805 4.53274
278.567 0.56832 4.53008
278.484 0.555673 4.53558
278.435 0.482998 4.53568
278.498 0.516524 4.53654
278.481 0.591654 4.53124
278.468 0.589229 4.5307
278.485 0.444778 4.53835
278.512 0.508053 4.53405
278.563 0.573181 4.53019
278.509 0.391002 4.53203
278.498 0.504398 4.53109
278.438 0.495209 4.53039
278.451 0.399373 4.5285
278.57 0.435535 4.53457
278.484 0.449141 4.53824
278.421 0.38673 4.53457
278.333 0.559057 4.5265
278.424 0.437578 4.53219
278.491 0.580948 4.53073
278.567 0.510759 4.53258
278.448 0.557332 4.53586
278.486 0.509818 4.53674
278.574 0.539774 4.5331
278.544 0.523426 4.53498
278.559 0.339608 4.53555
278.649 0.489671 4.53485
278.483 0.543085 4.53211
278.472 0.464247 4.53302
278.501 0.424641 4.53301
278.514 0.399556 4.53209
278.564 0.559014 4.53212
278.512 0.525834 4.53646
278.458 0.434137 4.53234
278.482 0.568344 4.53243
278.562 0.560757 4.53399
278.585 0.555069 4.53506
278.608 0.544585 4.53211
278.528 0.435503 4.53329
278.416 0.449809 4.53032
278.496 0.517347 4.53225
278.472 0.460962 4.53011
278.457 0.471195 4.53097
278.555 0.480952 4.53117
278.582 0.514757 4.53282
278.525 0.592669 4.52693
278.465 0.414347 4.53223
278.456 0.421984 4.53104
278.537 0.448234 4.53527
278.463 0.532357 4.52878
278.488 0.396665 4.53615
278.516 0.421562 4.53398
278.457 0.514367 4.53602
278.406 0.516944 4.53642
278.528 0.514468 4.53189
278.515 0.536818 4.5336
278.439 0.493109 4.52989
278.419 0.624647 4.53022
278.426 0.566405 4.53279
278.512 0.489249 4.53338
278.507 0.427649 4.53298
278.518 0.29582 4.53344
278.593 0.406528 4.53475
278.591 0.444593 4.53565
278.482 0.519016 4.5395
278.456 0.598255 4.53401
278.466 0.573573 4.53492
278.36 0.554085 4.52551
278.58 0.482284 4.53913
278.42 0.53035 4.53406
278.514 0.511132 4.53735
278.5 0.497022 4.5337
278.528 0.49869 4.53508
278.453 0.601538 4.53395
278.555 0.473224 4.53381
278.505 0.448892 4.53323
278.466 0.450191 4.53424
278.539 0.424438 4.53559
278.486 0.570461 4.52978
278.444 0.401545 4.53332
278.439 0.454741 4.53295
278.466 0.46582 4.53392
278.614 0.387609 4.53498
278.503 0.454417 4.53178
278.463 0.546605 4.5328
278.439 0.461599 4.53337
278.417 0.485521 4.53506
278.475 0.471167 4.53434
278.502 0.546992 4.53333
278.318 0.587578 4.52829
278.511 0.534517 4.53384
278.518 0.559885 4.53239
278.528 0.468341 4.53312
278.481 0.47443 4.53313
278.507 0.562168 4.5333
278.507 0.59909 4.53161
278.533 0.522121 4.53971
278.497 0.522302 4.53419
278.584 0.482602 4.53543
278.533 0.52263 4.53514
278.514 0.535181 4.53162
278.491 0.609919 4.53365
278.368 0.392227 4.53075
278.433 0.487568 4.53022
278.422 0.473883 4.53095
278.489 0.375786 4.53286
278.506 0.482932 4.53546
278.459 0.539375 4.53552
278.492 0.375349 4.53212
278.562 0.442524 4.5314
278.526 0.416889 4.53454
278.433 0.576265 4.53058
278.492 0.495481 4.53074
278.515 0.523964 4.53367
278.488 0.455369 4.53256
278.549 0.505304 4.53576
278.486 0.40108 4.53341
278.47 0.415153 4.53233
278.52 0.525154 4.53214
278.398 0.455559 4.53376
278.506 0.494743 4.53125
278.306 0.434416 4.534
278.446 0.418246 4.53235
278.406 0.454666 4.53275
278.386 0.554182 4.53284
278.461 0.58684 4.53225
278.525 0.468999 4.5327
278.528 0.486366 4.53205
278.473 0.528807 4.53499
278.572 0.469218 4.53602
278.374 0.472372 4.53442
278.519 0.489716 4.53108
278.432 0.496015 4.5379
278.594 0.368842 4.53668
278.533 0.50735 4.53059
278.464 0.466835 4.53359
278.493 0.472058 4.52938
278.471 0.384163 4.53341
278.456 0.500818 4.5326
278.552 0.500344 4.53331
278.498 0.473315 4.53604
278.527 0.384615 4.5278
278.609 0.499728 4.535
278.566 0.498054 4.53472
278.529 0.427173 4.53524
278.521 0.506411 4.53301
278.424 0.373377 4.53238
278.465 0.479704 4.53156
278.441 0.525247 4.53217
278.487 0.489366 4.53089
278.505 0.543814 4.53172
278.512 0.485031 4.53014
278.488 0.527382 4.53454
278.451 0.433613 4.53356
278.509 0.456516 4.53557
278.524 0.370782 4.53235
278.423 0.467895 4.53253
278.567 0.394103 4.53282
278.389 0.598026 4.53192
278.528 0.498848 4.53017
278.489 0.519819 4.53236
278.474 0.411707 4.53186
278.49 0.371013 4.53056
278.312 0.406451 4.53186
278.53 0.435076 4.534
278.509 0.518077 4.53212
278.442 0.446311 4.53563
278.482 0.467439 4.53281
278.552 0.353985 4.53274
278.422 0.491386 4.53523
278.46 0.506978 4.53461
278.589 0.485959 4.53223
278.524 0.501925 4.53255
278.509 0.5854 4.5342
278.571 0.470831 4.52776
278.485 0.522946 4.53136
278.528 0.477604 4.53327
278.468 0.438892 4.53261
278.482 0.482374 4.53216
278.496 0.502263 4.53069
278.61 0.407254 4.53204
278.502 0.535622 4.53095
278.627 0.564547 4.53307
278.365 0.619141 4.53258
278.504 0.555633 4.53248
278.486 0.575903 4.53157
278.375 0.443731 4.53085
278.476 0.426115 4.53506
278.444 0.440876 4.53487
278.498 0.506311 4.53972
278.491 0.546192 4.53247
278.616 0.524396 4.53324
278.531 0.50134 4.5383
278.46 0.544764 4.53452
278.533 0.554139 4.53477
278.526 0.526565 4.53484
278.51 0.484262 4.53313
278.389 0.464581 4.5336
278.504 0.414966 4.533
278.518 0.410658 4.53489
278.478 0.475456 4.53539
278.54 0.448692 4.53165
278.421 0.414293 4.53173
278.453 0.566421 4.5308
278.444 0.483939 4.53374
278.451 0.506339 4.53316
278.517 0.426608 4.53579
278.453 0.399577 4.53182
278.35 0.616747 4.52739
278.494 0.495293 4.53228
278.515 0.513142 4.53743
278.491 0.474259 4.53247
278.539 0.465246 4.5306
278.49 0.42023 4.53293
278.514 0.443363 4.5309
278.51 0.501401 4.53313
278.419 0.441959 4.53487
278.5 0.459564 4.53224
278.633 0.548468 4.53614
278.5 0.520492 4.53239
278.51 0.573496 4.53275
278.552 0.47304 4.52921
278.505 0.503062 4.52882
278.52 0.485304 4.53316
278.455 0.481899 4.53597
278.492 0.544314 4.53697
278.434 0.511683 4.53448
278.489 0.492954 4.53138
278.524 0.411798 4.53215
278.47 0.496715 4.53175
278.474 0.53998 4.53201
278.46 0.569367 4.5309
278.54 0.53151 4.53617
278.491 0.554155 4.5372
278.494 0.432519 4.52989
278.468 0.548072 4.53475
278.493 0.540699 4.53564
278.37 0.398083 4.53356
278.541 0.581844 4.5321
278.356 0.594716 4.52937
278.501 0.509106 4.53293
278.549 0.541098 4.53469
278.495 0.506476 4.53285
278.63 0.463442 4.53405
278.534 0.474326 4.53507
278.414 0.491017 4.53594
278.411 0.523597 4.5284
278.503 0.404187 4.52737
278.457 0.536828 4.53273
278.444 0.455848 4.53334
278.495 0.534976 4.53318
278.447 0.405268 4.53037
278.535 0.43774 4.53069
278.476 0.570144 4.53016
278.566 0.457677 4.53272
278.506 0.46131 4.53423
278.558 0.490364 4.53481
278.551 0.497392 4.536
278.562 0.521032 4.53108
278.524 0.475088 4.53424
278.46 0.49547 4.53237
278.48 0.590211 4.52917
278.504 0.444308 4.53664
278.483 0.565484 4.53253
278.451 0.401705 4.53075
278.482 0.482725 4.52858
278.43 0.452946 4.53428
278.405 0.39913 4.533
278.434 0.449273 4.52833
278.55 0.412978 4.53122
278.567 0.406991 4.53614
278.476 0.532438 4.53036
278.546 0.518195 4.53122
278.563 0.499288 4.53312
278.482 0.429506 4.53357
278.555 0.56879 4.53108
278.532 0.502164 4.5328
278.53 0.462136 4.5321
278.539 0.398688 4.52576
278.549 0.491835 4.53422
278.562 0.52415 4.53485
278.574 0.358038 4.53543
278.408 0.529287 4.53658
278.618 0.442089 4.53282
278.467 0.562986 4.53377
278.462 0.47848 4.5292
278.468 0.555909 4.53446
278.502 0.58097 4.53347
278.56 0.476887 4.53274
278.575 0.417424 4.53467
278.507 0.529707 4.53015
278.558 0.41198 4.53594
278.493 0.509824 4.53579
278.494 0.524505 4.53577
278.426 0.581709 4.5326
278.364 0.531741 4.5282
278.343 0.546785 4.52624
278.549 0.433609 4.53746
278.507 0.489091 4.53051
278.455 0.391391 4.53097
278.45 0.50544 4.5315
278.497 0.433316 4.53553
278.475 0.450983 4.53706
278.503 0.466234 4.53305
278.498 0.469977 4.53498
278.52 0.410087 4.53336
278.514 0.353632 4.5318
278.49 0.439986 4.53452
278.53 0.58397 4.53476
278.469 0.606147 4.53692
278.624 0.486892 4.53333
278.477 0.464997 4.53486
278.441 0.525449 4.53024
278.437 0.563577 4.53342
278.509 0.557275 4.53189
278.583 0.528298 4.53239
278.56 0.548415 4.53078
278.345 0.595171 4.52514
278.376 0.588202 4.52698
278.576 0.432765 4.53506
278.495 0.372056 4.5366
278.512 0.414319 4.53375
278.473 0.490854 4.53813
278.453 0.46571 4.53485
278.346 0.519386 4.52659
278.307 0.481865 4.52732
278.561 0.543217 4.53215
278.403 0.49843 4.53035
278.609 0.438855 4.53356
278.54 0.487661 4.53369
278.57 0.509534 4.53413
278.51 0.490264 4.53307
278.505 0.494584 4.53261
278.572 0.472879 4.53717
278.526 0.587967 4.53294
278.497 0.53904 4.5364
278.562 0.503634 4.53411
278.413 0.508335 4.53068
278.427 0.450042 4.53452
278.463 0.371976 4.52906
278.515 0.484138 4.53152
278.499 0.512356 4.53354
278.584 0.450493 4.53161
278.471 0.485424 4.53042
278.552 0.400641 4.53351
278.536 0.466053 4.53222
278.444 0.470869 4.52951
278.488 0.442309 4.53179
278.383 0.455189 4.53184
278.434 0.520221 4.531
278.486 0.567659 4.53115
278.394 0.608317 4.52971
278.558 0.596711 4.53376
278.544 0.479283 4.53344
278.466 0.511721 4.53303
278.433 0.413291 4.53563
278.457 0.412181 4.53078
278.529 0.430708 4.5361
278.474 0.421242 4.53581
278.496 0.452076 4.52859
278.492 0.393445 4.53181
278.413 0.516626 4.53329
278.502 0.519453 4.53306
278.403 0.413513 4.53158
278.544 0.494746 4.53017
278.469 0.457417 4.53221
278.542 0.447566 4.53448
278.41 0.433075 4.53834
278.513 0.450296 4.53565
278.633 0.510714 4.53646
278.528 0.537579 4.53237
278.535 0.490903 4.53434
278.527 0.36006 4.5347
278.431 0.532337 4.53414
278.4 0.396064 4.53365
278.476 0.557339 4.52942
278.482 0.543186 4.53196
278.557 0.470015 4.53323
278.551 0.585318 4.5348
278.441 0.48317 4.53404
278.535 0.430927 4.53391
277.405 6.37604 4.534
