205.546 25.3973 0.0724504
205.558 25.3546 0.0709475
205.558 25.3546 0.0709475
205.473 25.4576 0.0742511
205.642 25.3627 0.0710476
205.556 25.4024 0.0744337
205.552 25.2742 0.0727513
205.582 25.286 0.0709619
205.582 25.286 0.0709619
205.469 25.3657 0.0739089
205.479 25.4006 0.0737551
205.495 25.3739 0.0747638
205.605 25.322 0.0758315
205.585 25.326 0.0717097
205.514 25.3042 0.0730638
205.539 25.4448 0.0744161
205.516 25.3557 0.0679871
205.646 25.3758 0.0742023
205.556 25.463 0.0736764
205.567 25.3426 0.0737822
205.546 25.3718 0.0760924
205.509 25.3862 0.0731412
205.614 25.3687 0.0723754
205.597 25.3624 0.0743091
205.634 25.3981 0.0731608
205.567 25.4287 0.0729389
205.567 25.4287 0.0729389
205.482 25.3062 0.0753062
205.612 25.3605 0.0703334
205.597 25.3749 0.0720232
205.517 25.3057 0.0729398
205.581 25.2901 0.0698861
205.643 25.3786 0.0731449
205.603 25.3441 0.0728591
205.623 25.4384 0.0753543
205.573 25.4375 0.0752392
205.573 25.4375 0.0752392
205.509 25.3869 0.0720882
205.598 25.3758 0.0702405
205.608 25.3416 0.0725346
205.6 25.2887 0.074372
205.597 25.3094 0.0730836
205.62 25.3185 0.0723656
205.616 25.4668 0.0761639
205.64 25.3266 0.0727131
205.641 25.3972 0.0762054
205.645 25.4117 0.0736716
205.614 25.3456 0.0709472
205.613 25.2082 0.0680659
205.583 25.2865 0.0758124
205.486 25.3206 0.074036
205.486 25.3242 0.0758859
205.586 25.3526 0.0714503
205.723 25.3125 0.0711603
205.503 25.4151 0.0770289
205.568 25.3744 0.0740705
205.554 25.3499 0.0749082
205.523 25.3425 0.0740607
205.559 25.4755 0.0724197
205.559 25.4755 0.0724197
205.519 25.3205 0.074074
205.51 25.3082 0.073629
205.51 25.3082 0.073629
205.575 25.3723 0.0730318
205.575 25.3723 0.0730318
205.562 25.2436 0.0751751
205.59 25.4376 0.0730515
205.645 25.2881 0.0726545
205.518 25.3453 0.073824
205.647 25.3789 0.0766839
205.504 25.3872 0.0747284
205.491 25.3822 0.0734329
205.512 25.3694 0.076648
205.626 25.4586 0.0746176
205.562 25.4594 0.076743
205.58 25.2528 0.0696582
205.484 25.321 0.0727338
205.484 25.321 0.0727338
205.563 25.3722 0.0692394
205.563 25.3722 0.0692394
205.554 25.3865 0.0749454
205.554 25.3865 0.0749454
205.542 25.505 0.0757659
205.652 25.4023 0.0724268
205.572 25.4216 0.0782991
205.612 25.3585 0.0761344
205.528 25.259 0.0729722
205.49 25.449 0.075183
205.531 25.3823 0.0722201
205.531 25.3823 0.0722201
205.565 25.4069 0.0732192
205.516 25.4037 0.0759952
205.61 25.4084 0.0710253
205.638 25.3864 0.072457
205.497 25.3848 0.0741321
205.596 25.3776 0.0754545
205.503 25.3652 0.0755278
205.518 25.2571 0.0726867
205.52 25.3664 0.0779798
205.663 25.4049 0.0739894
205.563 25.3661 0.0724555
205.564 25.332 0.0730645
205.64 25.3956 0.0737288
205.64 25.3956 0.0737288
205.466 25.3286 0.0740347
205.482 25.4149 0.0736056
205.514 25.4601 0.0712908
205.493 25.4025 0.0743735
205.491 25.4301 0.0710831
205.592 25.4201 0.0745791
205.592 25.4201 0.0745791
205.511 25.3861 0.0740598
205.643 25.3992 0.0729986
205.66 25.405 0.0743017
205.627 25.4437 0.0732275
205.566 25.2879 0.0742696
205.597 25.4947 0.0760646
205.544 25.3149 0.0704471
205.61 25.3712 0.0739223
205.61 25.3712 0.0739223
205.61 25.3712 0.0739223
205.638 25.3332 0.075712
205.515 25.4584 0.0710038
205.544 25.3509 0.0727187
205.544 25.3509 0.0727187
205.544 25.4469 0.0735542
205.399 25.3558 0.0763962
205.584 25.3887 0.0736209
205.624 25.4989 0.0757442
205.552 25.4061 0.0743992
205.527 25.4685 0.0750204
205.627 25.4456 0.0719827
205.549 25.3856 0.0754691
205.549 25.3856 0.0754691
205.548 25.4079 0.0743337
205.595 25.3458 0.0737404
205.743 25.4623 0.0760938
205.743 25.4623 0.0760938
205.505 25.3693 0.0725451
205.501 25.3822 0.0760041
205.442 25.3654 0.074445
205.609 25.4571 0.0757327
205.602 25.3409 0.0723289
205.586 25.356 0.0737564
205.586 25.356 0.0737564
205.634 25.3184 0.0755755
205.596 25.3399 0.0772744
205.532 25.4593 0.0747239
205.532 25.4593 0.0747239
205.483 25.3669 0.0772775
205.531 25.3083 0.071294
205.614 25.4861 0.0744067
205.614 25.4861 0.0744067
205.521 25.3875 0.0751828
205.497 25.4568 0.0764712
205.543 25.339 0.0713796
205.543 25.339 0.0713796
205.537 25.4293 0.0754034
205.505 25.4519 0.0747155
205.624 25.4481 0.0753895
205.555 25.3615 0.0747522
205.526 25.2905 0.0764859
205.509 25.3591 0.0725163
205.466 25.4021 0.0759546
205.492 25.3797 0.0738419
205.474 25.3085 0.0773359
205.571 25.3755 0.0738174
205.497 25.35 0.0755265
205.581 25.3078 0.0767328
205.581 25.3078 0.0767328
205.568 25.4282 0.0727659
205.564 25.3314 0.0736123
205.592 25.3107 0.0705728
205.592 25.3107 0.0705728
205.476 25.279 0.0752899
205.615 25.3148 0.0731599
205.513 25.462 0.0756898
205.55 25.2567 0.0731185
205.646 25.3272 0.0729364
205.646 25.3272 0.0729364
205.646 25.3272 0.0729364
205.534 25.3093 0.0704553
205.564 25.4002 0.072743
205.564 25.4002 0.072743
205.584 25.3667 0.0720082
205.634 25.2813 0.0761405
205.502 25.4091 0.072404
205.506 25.3362 0.0752728
205.567 25.2849 0.0755382
205.67 25.401 0.068492
205.539 25.3726 0.0734198
205.553 25.4391 0.0730517
205.573 25.4319 0.0755855
205.595 25.3202 0.0730757
205.595 25.3202 0.0730757
205.523 25.4197 0.0777938
205.658 25.3744 0.0717285
205.578 25.4274 0.0732883
205.476 25.3846 0.0762726
205.476 25.3846 0.0762726
205.604 25.3403 0.0738233
205.604 25.3403 0.0738233
205.502 25.2927 0.0751679
205.651 25.3538 0.0709875
205.487 25.3876 0.0736476
205.518 25.4193 0.071788
205.548 25.3196 0.0743456
205.558 25.3546 0.0709475
205.642 25.3627 0.0710476
205.498 25.3942 0.0737147
205.582 25.286 0.0709619
205.577 25.3497 0.0705547
205.479 25.4006 0.0737551
205.605 25.322 0.0758315
205.576 25.3535 0.0752685
205.539 25.4448 0.0744161
205.539 25.4448 0.0744161
205.608 25.3054 0.0737834
205.608 25.3054 0.0737834
205.646 25.3758 0.0742023
205.536 25.334 0.0758412
205.433 25.3451 0.0739624
205.556 25.463 0.0736764
205.567 25.3426 0.0737822
205.557 25.3803 0.0746568
205.557 25.3803 0.0746568
205.613 25.3899 0.0752273
205.613 25.3899 0.0752273
205.571 25.3068 0.0743025
205.597 25.3624 0.0743091
205.634 25.3981 0.0731608
205.634 25.3981 0.0731608
205.421 25.3071 0.0735668
205.436 25.4682 0.0783106
205.611 25.2841 0.0723652
205.597 25.3749 0.0720232
205.517 25.3057 0.0729398
205.551 25.4025 0.0732343
205.587 25.4532 0.075859
205.643 25.3786 0.0731449
205.643 25.3786 0.0731449
205.603 25.3441 0.0728591
205.623 25.4384 0.0753543
205.631 25.4161 0.0746493
205.536 25.2795 0.0719304
205.555 25.3463 0.0770175
205.598 25.3758 0.0702405
205.6 25.2887 0.074372
205.634 25.227 0.0699643
205.597 25.3094 0.0730836
205.597 25.3094 0.0730836
205.62 25.3185 0.0723656
205.62 25.3185 0.0723656
205.546 25.3962 0.0755139
205.568 25.3658 0.0738319
205.613 25.3948 0.0758507
205.613 25.3948 0.0758507
205.641 25.3972 0.0762054
205.724 25.3017 0.0738091
205.614 25.3456 0.0709472
205.488 25.4037 0.0739585
205.558 25.3438 0.0729231
205.531 25.3431 0.0757058
205.54 25.4204 0.0747219
205.486 25.3242 0.0758859
205.585 25.3792 0.072671
205.634 25.282 0.0761589
205.528 25.433 0.070064
205.5 25.3207 0.0747378
205.523 25.3425 0.0740607
205.523 25.3425 0.0740607
205.559 25.4755 0.0724197
205.538 25.3482 0.0710761
205.568 25.3984 0.0751045
205.575 25.3723 0.0730318
205.563 25.4409 0.0760963
205.59 25.4376 0.0730515
205.563 25.2656 0.0746419
205.504 25.3872 0.0747284
205.504 25.3872 0.0747284
205.533 25.3954 0.0740154
205.554 25.3644 0.0755788
205.683 25.4053 0.0708403
205.683 25.4053 0.0708403
205.582 25.3753 0.0712081
205.528 25.4118 0.074967
205.544 25.3861 0.0739186
205.539 25.3861 0.0734951
205.563 25.3722 0.0692394
205.563 25.3722 0.0692394
205.542 25.505 0.0757659
205.478 25.3806 0.0734499
205.572 25.4216 0.0782991
205.572 25.4216 0.0782991
205.612 25.3585 0.0761344
205.553 25.3168 0.0763976
205.553 25.3168 0.0763976
205.528 25.259 0.0729722
205.545 25.4703 0.0753719
205.497 25.3097 0.0723868
205.531 25.3823 0.0722201
205.514 25.281 0.0725129
205.565 25.4069 0.0732192
205.565 25.4069 0.0732192
205.516 25.4037 0.0759952
205.638 25.3864 0.072457
205.492 25.3211 0.0689846
205.492 25.3211 0.0689846
205.628 25.2705 0.0745756
205.629 25.3733 0.0715726
205.663 25.4049 0.0739894
205.663 25.4049 0.0739894
205.663 25.4049 0.0739894
205.563 25.3661 0.0724555
205.563 25.3661 0.0724555
205.482 25.4588 0.0717215
205.521 25.4424 0.077637
205.64 25.3956 0.0737288
205.425 25.3734 0.0764418
205.587 25.3016 0.0746202
205.488 25.2913 0.072191
205.6 25.3735 0.073715
205.549 25.3964 0.0772975
205.511 25.3861 0.0740598
205.511 25.3861 0.0740598
205.643 25.3992 0.0729986
205.643 25.3992 0.0729986
205.643 25.3992 0.0729986
205.493 25.3387 0.0729045
205.503 25.3597 0.073182
205.66 25.405 0.0743017
205.627 25.4437 0.0732275
205.566 25.2879 0.0742696
205.544 25.3149 0.0704471
205.61 25.3712 0.0739223
205.61 25.3712 0.0739223
205.638 25.3332 0.075712
205.516 25.4032 0.0749402
205.544 25.4469 0.0735542
205.544 25.4469 0.0735542
205.584 25.3887 0.0736209
205.584 25.3887 0.0736209
205.584 25.3887 0.0736209
205.624 25.4989 0.0757442
205.665 25.3738 0.073898
205.552 25.4061 0.0743992
205.48 25.2583 0.0732988
205.516 25.2386 0.0724728
205.549 25.3856 0.0754691
205.588 25.2734 0.0736362
205.548 25.4079 0.0743337
205.529 25.388 0.0696559
205.743 25.4623 0.0760938
205.442 25.3654 0.074445
205.493 25.3516 0.0725816
205.602 25.3409 0.0723289
205.634 25.3184 0.0755755
205.532 25.4593 0.0747239
205.498 25.2463 0.0714568
205.538 25.3835 0.0683329
205.521 25.3875 0.0751828
205.537 25.4293 0.0754034
205.569 25.4181 0.0742493
205.523 25.3425 0.0731546
205.532 25.3414 0.0721762
205.505 25.3392 0.0739096
205.486 25.3313 0.07262
205.466 25.4021 0.0759546
205.574 25.2945 0.072091
205.461 25.419 0.0766895
205.571 25.3755 0.0738174
205.571 25.3755 0.0738174
205.568 25.4282 0.0727659
205.564 25.3314 0.0736123
205.592 25.3107 0.0705728
205.615 25.3148 0.0731599
205.507 25.4255 0.074574
205.507 25.4255 0.074574
205.545 25.3307 0.0722895
205.643 25.3678 0.073355
205.646 25.3272 0.0729364
205.562 25.4634 0.0724243
205.608 25.2093 0.0755282
205.584 25.3667 0.0720082
205.642 25.3781 0.0702352
205.642 25.3781 0.0702352
205.634 25.2813 0.0761405
205.475 25.3462 0.0728948
205.567 25.2849 0.0755382
205.67 25.401 0.068492
205.514 25.4177 0.0753884
205.524 25.4043 0.0749307
205.459 25.4158 0.0736873
205.522 25.3366 0.0705408
205.573 25.4319 0.0755855
205.569 25.3727 0.0732931
205.621 25.3973 0.0728294
205.658 25.3744 0.0717285
205.578 25.4274 0.0732883
205.492 25.2263 0.071743
205.604 25.3403 0.0738233
205.563 25.3882 0.0725314
205.494 25.4639 0.0735163
205.651 25.3538 0.0709875
205.476 25.3394 0.0734222
205.476 25.3394 0.0734222
205.579 25.4 0.0731366
205.579 25.4 0.0731366
205.558 25.3546 0.0709475
205.642 25.3627 0.0710476
205.556 25.4024 0.0744337
205.498 25.3942 0.0737147
205.582 25.286 0.0709619
205.657 25.4449 0.07474
205.521 25.3614 0.0734684
205.474 25.4063 0.0743469
205.495 25.3739 0.0747638
205.605 25.322 0.0758315
205.576 25.3535 0.0752685
205.585 25.326 0.0717097
205.539 25.4448 0.0744161
205.608 25.3994 0.0736361
205.646 25.3758 0.0742023
205.556 25.463 0.0736764
205.567 25.3426 0.0737822
205.574 25.4176 0.0748032
205.571 25.3068 0.0743025
205.509 25.3862 0.0731412
205.597 25.3624 0.0743091
205.634 25.3981 0.0731608
205.421 25.3071 0.0735668
205.611 25.2841 0.0723652
205.611 25.2841 0.0723652
205.488 25.359 0.0725413
205.488 25.359 0.0725413
205.581 25.2901 0.0698861
205.643 25.3786 0.0731449
205.643 25.3786 0.0731449
205.643 25.3786 0.0731449
205.631 25.4161 0.0746493
205.573 25.4375 0.0752392
205.502 25.4103 0.0750576
205.598 25.3758 0.0702405
205.502 25.4688 0.0745831
205.479 25.3959 0.0730163
205.477 25.2805 0.0721257
205.578 25.3871 0.0732693
205.62 25.3185 0.0723656
205.476 25.4507 0.073597
205.546 25.3962 0.0755139
205.568 25.3658 0.0738319
205.613 25.3948 0.0758507
205.641 25.3972 0.0762054
205.724 25.3017 0.0738091
205.645 25.4117 0.0736716
205.614 25.3456 0.0709472
205.485 25.2587 0.0722838
205.484 25.4366 0.0729188
205.572 25.3189 0.0712674
205.54 25.4204 0.0747219
205.54 25.4204 0.0747219
205.501 25.3004 0.0724603
205.542 25.3288 0.0725147
205.585 25.3792 0.072671
205.594 25.292 0.0721477
205.594 25.292 0.0721477
205.586 25.3526 0.0714503
205.723 25.3125 0.0711603
205.723 25.3125 0.0711603
205.56 25.5203 0.0769689
205.503 25.4151 0.0770289
205.554 25.3499 0.0749082
205.537 25.3451 0.0783927
205.559 25.4755 0.0724197
205.535 25.2724 0.0734182
205.574 25.4505 0.0720621
205.514 25.369 0.0765907
205.553 25.2372 0.0771002
205.563 25.4409 0.0760963
205.59 25.4376 0.0730515
205.645 25.2881 0.0726545
205.518 25.3453 0.073824
205.647 25.3789 0.0766839
205.647 25.3789 0.0766839
205.554 25.3644 0.0755788
205.683 25.4053 0.0708403
205.582 25.3753 0.0712081
205.562 25.4594 0.076743
205.58 25.2528 0.0696582
205.539 25.3861 0.0734951
205.504 25.4273 0.0728748
205.563 25.3722 0.0692394
205.652 25.4023 0.0724268
205.463 25.4467 0.0758223
205.612 25.3585 0.0761344
205.612 25.3585 0.0761344
205.528 25.259 0.0729722
205.499 25.3678 0.073086
205.556 25.2993 0.0720474
203.476 27.9742 0.0854156
205.522 25.364 0.0729275
205.637 25.3091 0.0710772
205.628 25.299 0.0741871
205.625 25.299 0.0741747
205.519 25.3014 0.0773821
205.629 25.346 0.0700139
205.573 25.3603 0.0730233
205.654 25.3345 0.0768924
205.522 25.419 0.0750989
205.569 25.329 0.0753762
205.604 25.3899 0.0789206
205.594 25.3795 0.0731569
205.54 25.3612 0.0718581
205.497 25.3144 0.0738518
205.658 25.389 0.0736614
205.605 25.382 0.0752845
205.66 25.3795 0.0721802
205.472 25.439 0.0728563
205.543 25.3649 0.0730881
205.525 25.4473 0.0723045
205.696 25.3098 0.0699536
205.691 25.3144 0.0698831
205.54 25.3784 0.0714578
205.532 25.4686 0.0756647
205.632 25.3631 0.0756425
205.626 25.3594 0.0756578
205.626 25.3659 0.075628
205.677 25.361 0.0751458
205.47 25.3242 0.0741325
205.474 25.419 0.0758248
205.486 25.3675 0.0781417
205.609 25.4099 0.0736533
205.526 25.2796 0.0698844
205.451 25.4118 0.0755708
205.565 25.3455 0.0727682
205.564 25.3493 0.0727721
205.647 25.3239 0.0738697
205.608 25.3646 0.0737132
205.563 25.2898 0.0765223
205.516 25.3943 0.0729155
205.507 25.3895 0.0754438
205.557 25.4121 0.0751079
205.514 25.3258 0.0718551
205.492 25.3665 0.0754287
205.552 25.3726 0.0738729
205.515 25.4285 0.077382
205.472 25.3244 0.073648
205.501 25.3294 0.0725044
205.542 25.2694 0.0698009
205.573 25.3882 0.0741188
205.469 25.4758 0.0730964
205.501 25.3992 0.0760226
205.5 25.3939 0.0761918
205.443 25.3766 0.0732556
205.497 25.3706 0.0751001
205.493 25.3736 0.0751366
205.606 25.3636 0.0709849
205.603 25.2806 0.0714604
205.486 25.4161 0.0738081
205.518 25.4001 0.075188
205.535 25.3966 0.0744682
205.596 25.3326 0.0755036
205.617 25.3204 0.0717953
205.633 25.3629 0.0705195
205.521 25.4234 0.0761071
205.545 25.3849 0.0729632
205.561 25.3375 0.0712021
205.514 25.3581 0.0731751
205.518 25.3099 0.0770201
205.543 25.3225 0.0733253
205.554 25.4449 0.0739002
205.543 25.3011 0.0743381
205.54 25.301 0.0745707
205.427 25.415 0.0734542
205.659 25.3554 0.0744233
205.656 25.358 0.0742607
205.61 25.261 0.0730647
205.496 25.3462 0.0744694
205.498 25.3496 0.072711
205.594 25.453 0.0750871
205.507 25.4589 0.0771284
205.537 25.404 0.0764084
205.597 25.3282 0.0717728
205.519 25.2283 0.0733363
205.524 25.2294 0.0731732
205.544 25.3507 0.0707487
205.614 25.3466 0.0739021
205.609 25.3847 0.0749043
205.608 25.3843 0.0748565
205.525 25.4202 0.075752
205.524 25.4311 0.0757426
205.531 25.3249 0.0757209
205.584 25.3249 0.0742849
205.523 25.3775 0.0729935
205.59 25.3269 0.0774343
205.592 25.3355 0.0775072
205.566 25.4199 0.0739351
205.555 25.3573 0.072663
205.551 25.355 0.0726456
205.497 25.4005 0.0729269
205.603 25.3807 0.0707656
205.578 25.3264 0.0700263
205.594 25.2674 0.0730076
205.573 25.3718 0.0773491
205.568 25.3699 0.0772069
205.557 25.3936 0.0731282
205.529 25.3053 0.0744502
205.541 25.2821 0.0742391
205.575 25.34 0.0737445
205.625 25.2628 0.06929
205.601 25.2992 0.0739313
205.545 25.3774 0.0735059
205.51 25.5049 0.0783637
205.586 25.3611 0.0709894
205.594 25.3025 0.0727757
205.588 25.3047 0.0727511
205.619 25.3804 0.0716633
205.624 25.3785 0.0716367
205.587 25.3627 0.074662
205.587 25.3601 0.0744289
205.531 25.457 0.0727453
205.465 25.4051 0.0753753
205.56 25.2929 0.0727408
205.712 25.3173 0.0748111
205.583 25.4568 0.0747337
205.563 25.3869 0.0765052
205.525 25.2808 0.0706826
205.521 25.28 0.0707838
205.523 25.3603 0.0759294
205.527 25.3622 0.0759073
205.446 25.3659 0.069636
205.61 25.3183 0.0731202
205.56 25.3534 0.0726601
205.611 25.3955 0.0750081
205.54 25.3195 0.0678818
205.472 25.316 0.0756604
205.636 25.2808 0.0706754
205.545 25.4046 0.0729439
205.531 25.2123 0.0750848
205.57 25.3779 0.0719288
205.6 25.4685 0.0718817
205.456 25.322 0.0726901
205.566 25.4222 0.0755421
205.563 25.42 0.0756403
205.558 25.3698 0.0723796
205.558 25.3888 0.0739968
205.572 25.397 0.0705776
205.651 25.3622 0.0726561
205.584 25.3526 0.0729039
205.574 25.3597 0.0734416
205.681 25.4746 0.0758279
205.683 25.477 0.0758294
205.563 25.4262 0.0751052
205.572 25.3919 0.0707704
205.54 25.3859 0.0734225
205.618 25.3586 0.0688612
205.618 25.3618 0.0686085
205.58 25.5153 0.0747696
205.427 25.3339 0.0735325
205.637 25.4268 0.0776344
205.597 25.2832 0.070996
205.549 25.4107 0.0702885
205.504 25.2951 0.0716581
205.635 25.3458 0.076142
205.642 25.3481 0.0760856
205.557 25.3692 0.0715016
205.612 25.3838 0.0733763
205.558 25.361 0.0738012
205.563 25.3589 0.073788
205.56 25.4277 0.0742887
205.522 25.3402 0.0720138
205.582 25.291 0.0696512
205.663 25.4632 0.075241
205.662 25.4579 0.0751367
205.666 25.464 0.0754316
205.624 25.4447 0.0758304
205.607 25.3173 0.0697426
205.607 25.3089 0.0696402
205.556 25.3586 0.0722455
205.571 25.3706 0.075309
205.553 25.4636 0.0768244
205.47 25.4729 0.0731983
205.686 25.3927 0.0740774
205.525 25.2703 0.0777447
205.567 25.3618 0.0762665
205.57 25.3389 0.0759787
205.535 25.4227 0.0753292
205.544 25.37 0.0733065
205.55 25.3323 0.070889
205.634 25.2925 0.0728266
205.6 25.3199 0.0739482
205.592 25.494 0.075378
205.56 25.3834 0.0747197
205.556 25.3292 0.0764442
205.549 25.3311 0.0763639
205.514 25.32 0.0744737
205.542 25.375 0.0743737
205.548 25.3741 0.0745124
205.546 25.3788 0.0743243
205.524 25.3944 0.0755595
205.612 25.4026 0.0754963
205.583 25.2326 0.0737915
205.554 25.3861 0.0714158
205.503 25.4788 0.0755837
205.588 25.3584 0.0729758
205.562 25.304 0.072413
205.561 25.3047 0.0723922
205.579 25.3594 0.0735852
205.547 25.3546 0.072186
205.599 25.3122 0.0755924
205.57 25.3502 0.0709053
205.668 25.2224 0.0715146
205.576 25.5003 0.074507
205.513 25.5085 0.0744901
205.522 25.3595 0.0730118
205.643 25.3053 0.0711541
205.567 25.281 0.0729096
205.591 25.4513 0.0754675
205.518 25.2799 0.0740319
205.628 25.3486 0.0698022
205.574 25.3633 0.0728218
205.615 25.372 0.0729051
205.658 25.3331 0.0767522
205.523 25.42 0.0749636
205.464 25.3834 0.0782299
205.64 25.2443 0.0709889
205.586 25.3842 0.0731621
205.508 25.3113 0.0736935
205.506 25.383 0.0719349
205.609 25.3771 0.0750044
205.496 25.3751 0.0715361
205.458 25.2883 0.0700702
205.501 25.3159 0.0748751
205.499 25.3119 0.0748751
205.492 25.4119 0.0738799
205.543 25.3777 0.0729404
205.696 25.3144 0.0697177
205.487 25.5069 0.0768788
205.545 25.2902 0.0733796
205.628 25.3658 0.0756548
205.635 25.3605 0.0758195
205.673 25.3635 0.0752193
205.523 25.4601 0.0738784
205.529 25.4643 0.0739609
205.537 25.4497 0.0747084
205.606 25.404 0.073759
205.509 25.4336 0.0762111
205.558 25.4023 0.072406
205.57 25.3495 0.0726347
205.599 25.3093 0.0700461
205.624 25.3837 0.0737046
205.566 25.2858 0.0764619
205.69 25.4576 0.0731872
205.503 25.3944 0.0754139
205.587 25.3591 0.0754821
205.544 25.3921 0.0728331
205.546 25.395 0.0727768
205.561 25.412 0.0751762
205.533 25.4182 0.069903
205.491 25.3705 0.0753241
205.557 25.3786 0.073598
205.455 25.3503 0.0720736
205.602 25.3793 0.0724585
205.601 25.3723 0.0722419
205.468 25.4784 0.0729878
205.505 25.3337 0.0754843
205.532 25.4036 0.0751047
205.525 25.3584 0.0716231
205.506 25.3794 0.0744328
205.509 25.3799 0.0744735
205.566 25.2643 0.0713796
205.521 25.3999 0.0752109
205.493 25.292 0.072699
205.497 25.3846 0.0707836
205.595 25.3354 0.0754233
205.598 25.3353 0.0754296
205.619 25.3199 0.0716366
205.46 25.362 0.0726599
205.536 25.4234 0.072826
205.567 25.3406 0.0769455
205.563 25.3377 0.0711336
205.534 25.2564 0.0755896
205.572 25.3193 0.0751817
205.559 25.4403 0.0739597
205.492 25.2903 0.0725159
205.509 25.3469 0.0706813
205.659 25.3527 0.0744219
205.611 25.2557 0.0730664
205.49 25.4432 0.0696638
205.575 25.3403 0.0769421
205.604 25.3737 0.0758194
205.496 25.3487 0.078476
205.539 25.4064 0.0763547
205.568 25.405 0.0747644
205.602 25.3263 0.0718922
205.543 25.3549 0.0709677
205.607 25.3461 0.073885
205.604 25.385 0.0749229
205.582 25.4201 0.0769709
205.579 25.4155 0.0771613
205.536 25.3161 0.0755037
205.559 25.3279 0.0730058
205.52 25.3744 0.0731154
205.551 25.3698 0.0737932
205.573 25.4198 0.0741138
205.555 25.3562 0.0725846
205.475 25.421 0.07691
205.541 25.3988 0.0741896
205.542 25.3975 0.07412
205.607 25.3774 0.0709139
205.611 25.3772 0.0702754
205.424 25.4105 0.0752754
205.62 25.3048 0.0757669
205.654 25.4458 0.0778741
205.556 25.3878 0.0729768
205.54 25.2824 0.074086
205.576 25.3409 0.0736869
205.69 25.3046 0.0704312
205.635 25.2948 0.0724775
205.598 25.295 0.0739385
205.544 25.3798 0.0733918
205.545 25.3769 0.0734285
205.601 25.4077 0.0785971
205.511 25.3149 0.0776566
205.517 25.4081 0.0757695
205.586 25.3628 0.0708501
205.529 25.3742 0.0759808
205.596 25.3049 0.0727296
205.572 25.2395 0.0746987
205.586 25.3644 0.0743569
205.547 25.274 0.0725033
205.655 25.3272 0.0686517
205.615 25.4636 0.071057
205.555 25.3411 0.0704945
205.709 25.3134 0.074824
205.582 25.4624 0.0747074
205.536 25.3771 0.0760436
205.562 25.382 0.0761978
205.534 25.4036 0.0778492
205.599 25.3154 0.07346
205.603 25.3145 0.0736478
205.558 25.4219 0.0751233
205.581 25.4029 0.0755154
205.538 25.3539 0.0700733
205.618 25.3203 0.0729923
205.535 25.3262 0.0680621
205.624 25.4939 0.0718802
205.545 25.3999 0.0729997
205.567 25.3792 0.0718912
205.604 25.3834 0.0761959
205.601 25.3868 0.0762774
205.605 25.4702 0.0717854
205.602 25.4631 0.0720447
205.549 25.4096 0.0749051
205.567 25.4319 0.0767239
205.571 25.4254 0.0768706
205.56 25.392 0.0739599
205.567 25.4136 0.0743491
205.565 25.3944 0.0707537
205.654 25.361 0.0725901
205.586 25.3447 0.0727725
205.467 25.335 0.0712252
205.684 25.481 0.0758467
205.608 25.4418 0.0743259
205.569 25.4229 0.075426
205.529 25.3756 0.0731347
205.537 25.3756 0.073271
205.551 25.4022 0.0761634
205.559 25.3658 0.0726061
205.629 25.4239 0.0778759
205.548 25.4085 0.0705278
205.512 25.2987 0.0715708
205.532 25.3786 0.0746027
205.477 25.3252 0.0739232
205.477 25.3775 0.0746809
205.556 25.3578 0.0738286
205.512 25.338 0.0718779
205.546 25.4247 0.0711961
205.627 25.4426 0.0755669
205.609 25.3136 0.0697474
205.612 25.3012 0.0709183
205.549 25.3658 0.0722703
205.678 25.3912 0.0738809
205.577 25.4186 0.0752156
205.568 25.3567 0.0764967
205.483 25.235 0.0745002
205.62 25.3568 0.0725113
205.531 25.3207 0.0710343
205.498 25.4386 0.0707028
205.609 25.3394 0.0734149
205.539 25.3726 0.0735021
205.603 25.3118 0.0739392
205.597 25.4886 0.075206
205.524 25.3368 0.0715872
205.673 25.3843 0.0700737
205.559 25.3835 0.0748553
205.563 25.3795 0.0746626
205.497 25.4974 0.0749872
205.496 25.493 0.0749454
205.564 25.4065 0.0721716
205.523 25.3961 0.0755934
205.611 25.41 0.0753277
205.613 25.412 0.0755256
205.574 25.3832 0.0718748
205.554 25.3852 0.071598
205.559 25.2772 0.0693145
205.593 25.3748 0.0764875
205.595 25.364 0.0762743
205.508 25.4776 0.0753184
205.586 25.3565 0.0729265
205.578 25.3632 0.0734506
205.559 25.3953 0.0731567
205.665 25.2292 0.0713741
205.543 25.3688 0.076702
205.553 25.5256 0.0758837
205.486 25.3205 0.07697
205.62 25.3029 0.074147
205.564 25.2849 0.0728462
205.583 25.3269 0.075502
205.587 25.4558 0.0755936
205.581 25.4559 0.0755787
205.569 25.2833 0.0717283
205.627 25.3443 0.0699318
205.615 25.3772 0.0729652
205.487 25.3601 0.074146
205.64 25.2441 0.070913
205.645 25.2465 0.070978
205.538 25.2901 0.0721328
205.543 25.3538 0.0718577
205.502 25.3834 0.0717537
205.56 25.3693 0.0705284
205.653 25.3776 0.0719483
205.496 25.4147 0.0737814
205.525 25.4479 0.0724363
205.525 25.4471 0.0723513
205.689 25.3093 0.0744671
205.532 25.433 0.0721334
205.545 25.2848 0.0734036
205.634 25.3641 0.0755281
205.631 25.3606 0.0756898
205.632 25.3699 0.0756834
205.501 25.3037 0.0709138
205.61 25.4032 0.0735804
205.501 25.4842 0.0752344
205.641 25.3346 0.0737955
205.642 25.3254 0.073749
205.602 25.3126 0.0698536
205.612 25.3583 0.0736274
205.628 25.3789 0.0738973
205.624 25.3833 0.0740041
205.693 25.4463 0.0728363
205.695 25.4461 0.0729893
205.591 25.3559 0.075558
205.529 25.4206 0.0699804
205.557 25.3728 0.0738194
205.471 25.3295 0.0734603
205.506 25.3059 0.0731736
205.567 25.3757 0.073895
205.574 25.382 0.0740751
205.502 25.3583 0.0759395
205.538 25.3653 0.0690894
205.498 25.3739 0.0752109
205.51 25.3795 0.0742741
205.528 25.3265 0.0687047
205.598 25.2773 0.0713249
205.559 25.4623 0.0760856
205.528 25.3957 0.0708282
205.598 25.33 0.0756193
205.577 25.4126 0.0736741
205.573 25.408 0.0736936
205.625 25.3127 0.0717373
205.637 25.3693 0.0705414
205.515 25.425 0.0762004
205.57 25.3423 0.0769453
205.573 25.3384 0.0768878
205.545 25.3078 0.0756144
205.519 25.3137 0.0771929
205.516 25.3687 0.0733724
205.554 25.4403 0.0741012
205.429 25.414 0.0730529
205.646 25.2737 0.0695805
205.49 25.3951 0.0742686
205.479 25.3099 0.0699585
205.496 25.3519 0.0726939
205.594 25.4536 0.075074
205.507 25.461 0.0771509
205.493 25.3147 0.0728331
205.566 25.3419 0.0769821
205.572 25.4019 0.0749228
205.476 25.3754 0.0768637
205.622 25.3462 0.0706987
205.612 25.3396 0.0740096
205.599 25.3834 0.0748251
205.611 25.4201 0.0708611
205.539 25.3218 0.0757154
205.55 25.3446 0.073171
205.554 25.34 0.0731478
205.554 25.3742 0.0734456
205.671 25.2949 0.0700027
205.671 27.2763 0.0745251
205.554 25.3613 0.0765148
205.553 25.3635 0.0764294
205.585 25.3866 0.0781187
205.482 25.2522 0.0737543
205.562 25.3284 0.0706318
205.614 25.4052 0.0749339
205.539 25.2925 0.0783238
205.539 25.3931 0.0748832
205.56 25.4314 0.0731634
205.562 25.4308 0.0731272
205.587 25.3207 0.0743813
205.587 25.3227 0.0740315
205.639 25.3611 0.0706988
205.59 25.3801 0.068095
205.514 25.4743 0.0761368
205.55 25.3818 0.070839
205.542 25.3683 0.0778633
205.52 25.3326 0.0737187
205.704 25.2705 0.0726048
205.506 25.3392 0.0723787
205.576 25.3533 0.0751289
205.507 25.4053 0.0781652
205.616 25.3933 0.0734095
205.582 25.4431 0.0713122
205.545 25.3684 0.0760525
205.55 25.3681 0.0762107
205.494 25.3326 0.0753942
205.612 25.39 0.0738375
205.682 25.2649 0.0709597
205.653 25.4166 0.0731971
205.66 25.4126 0.073382
205.499 25.3064 0.0785851
205.516 25.3937 0.0724757
205.545 25.4349 0.0775384
205.536 25.435 0.0776364
205.687 25.3713 0.072929
205.561 25.3934 0.0713672
205.638 25.326 0.0739838
205.568 25.3713 0.0745622
205.567 25.4043 0.0728392
205.56 25.3984 0.072823
205.584 25.4031 0.0710984
205.501 25.3451 0.0758756
205.582 25.4493 0.0755676
205.617 25.3591 0.0764042
205.612 25.3688 0.0764074
205.545 25.376 0.0739957
205.592 25.4576 0.0782289
205.546 25.3502 0.073409
205.625 25.3345 0.0729305
205.585 25.3607 0.074064
205.576 25.3894 0.0748331
205.437 25.4645 0.0799314
205.516 25.3628 0.0746618
205.527 25.2895 0.0715447
205.52 25.2842 0.0714624
205.571 25.4635 0.0751892
205.532 25.3358 0.0714532
205.52 25.4374 0.0739228
205.607 25.309 0.0752431
205.578 25.4726 0.075564
205.463 25.4597 0.0729107
205.561 25.3476 0.0741219
205.433 25.4224 0.0753097
205.598 25.464 0.071967
205.617 25.2646 0.0726306
205.591 25.3135 0.073559
205.544 25.3233 0.0744668
205.504 25.3885 0.0742478
205.597 25.3924 0.0729437
205.62 25.4105 0.0742989
205.533 25.328 0.0770515
205.586 25.3786 0.0751802
205.5 25.4406 0.0763522
205.509 25.3246 0.0720113
205.494 25.3443 0.0755663
205.683 25.4186 0.0726225
205.525 25.3938 0.0715454
205.552 25.3727 0.0695781
205.607 25.393 0.0729759
205.507 25.3686 0.0779675
205.573 25.288 0.0734693
205.594 25.3575 0.0711962
205.49 25.4268 0.0771091
205.4 25.3818 0.0791692
205.652 25.2653 0.073463
205.497 25.4545 0.0723836
205.513 25.4098 0.0723252
205.586 25.3326 0.0711746
205.591 25.3312 0.0709528
205.555 25.2974 0.0736685
205.525 25.4596 0.0757243
205.529 25.4551 0.0757936
205.614 25.4468 0.0764319
205.637 25.4484 0.0738034
205.601 25.3915 0.0727188
205.546 25.4146 0.074558
205.59 25.4441 0.0810472
205.546 25.4451 0.0747973
205.575 25.3304 0.0727454
205.631 25.3649 0.0727684
205.56 25.3641 0.0744507
205.472 25.3914 0.0767026
205.578 25.4556 0.0734341
205.483 25.3441 0.0706039
205.558 25.3837 0.0758782
205.616 25.3285 0.0764915
205.62 25.3319 0.0765152
205.599 25.3681 0.0737494
205.602 25.3649 0.0736154
205.559 25.382 0.0717214
205.499 25.4535 0.0778266
205.604 25.3487 0.0720829
205.602 25.3511 0.0721576
205.549 25.3826 0.0710704
205.513 25.349 0.0749779
205.601 25.3892 0.0719355
205.539 25.3939 0.0704288
205.537 25.4564 0.0768143
205.518 25.4614 0.0734527
205.546 25.3393 0.0746743
205.556 25.3099 0.075237
205.688 25.2634 0.0730512
205.668 25.3615 0.0717848
205.668 25.3646 0.0718604
205.603 25.3565 0.073594
205.491 25.3918 0.0776785
205.557 25.3677 0.074201
205.489 25.3659 0.0756715
205.536 25.3626 0.0756361
205.627 25.3868 0.0720518
205.62 25.3849 0.0719544
205.538 25.4163 0.072092
205.591 25.352 0.0746878
205.573 25.3245 0.074885
205.503 25.4927 0.0773603
205.505 25.4228 0.0766605
205.507 25.3906 0.0769433
205.651 25.4349 0.074718
205.536 25.3883 0.0709915
205.574 25.3777 0.0764022
205.576 25.3944 0.0765707
205.594 25.4132 0.0750723
205.494 25.4449 0.0742109
205.543 25.4047 0.077048
205.579 25.3781 0.0749019
205.529 25.41 0.07442
205.62 25.3636 0.0716463
205.621 25.3655 0.07162
205.57 25.3008 0.0732166
205.645 25.489 0.073268
205.62 25.4417 0.0744563
205.627 25.4372 0.0744197
205.546 25.2963 0.0710258
205.521 25.3248 0.0743868
205.594 25.2561 0.0752928
205.602 25.3964 0.0724462
205.537 25.4798 0.0784125
205.478 25.3036 0.0732742
205.529 25.2959 0.0734092
205.651 25.339 0.0691842
205.601 25.4237 0.0757033
205.557 25.354 0.0748008
205.508 25.4114 0.0743124
205.636 25.3154 0.0747964
205.574 25.3491 0.0736789
205.612 25.3087 0.0724092
205.548 25.4307 0.0737863
205.605 25.3749 0.0686716
205.511 25.362 0.0746758
205.542 25.4407 0.0735773
205.543 25.3498 0.0747549
205.544 25.3522 0.0745088
205.597 25.3061 0.0758892
205.653 25.3231 0.0720247
205.661 25.3264 0.0718166
205.566 25.3435 0.0729524
205.503 25.3772 0.0774131
205.527 25.3883 0.0778852
205.516 25.3618 0.0724858
205.62 25.2892 0.0720666
205.586 25.3909 0.0735191
205.453 25.3257 0.071359
205.604 25.3658 0.0732692
205.497 25.3602 0.0768272
205.529 25.3213 0.073655
205.559 25.3276 0.0736754
205.587 25.4584 0.0744572
205.506 25.3481 0.0780163
205.525 25.3871 0.0751486
205.498 25.333 0.075384
205.614 25.3175 0.06614
205.582 25.3884 0.0761108
205.616 25.2758 0.0723115
205.614 25.302 0.0742876
205.657 25.3727 0.0742144
205.615 25.3159 0.0729804
205.615 25.3159 0.072809
205.556 25.3793 0.0729165
205.558 25.3688 0.0731045
205.498 25.3351 0.0748234
205.591 25.3849 0.0782983
205.581 25.4459 0.0754725
205.578 25.4435 0.0754513
205.509 25.3506 0.073702
205.629 25.3275 0.0716591
205.633 25.3295 0.071689
205.486 25.411 0.0762113
205.474 25.3951 0.0709299
205.642 25.4143 0.0709026
205.636 25.4094 0.0710228
205.59 25.3212 0.0742589
205.585 25.3803 0.0680834
205.55 25.3012 0.0769343
205.516 25.482 0.0760094
205.556 25.3869 0.0707922
205.559 25.3843 0.070722
205.554 25.4858 0.076341
205.584 25.2913 0.0703173
205.584 25.2952 0.0702179
205.522 25.3889 0.0766811
205.701 25.2636 0.0726502
205.538 25.256 0.074744
205.575 25.3523 0.0751547
205.524 25.428 0.0742666
205.618 25.3876 0.0733465
205.619 25.3896 0.0731256
205.618 25.3867 0.0732775
205.549 25.3722 0.0760631
205.509 25.4 0.0743109
205.666 25.3474 0.0701315
205.68 25.2592 0.0707386
205.469 25.2912 0.076969
205.523 25.3909 0.0749983
205.52 25.3873 0.0749608
205.683 25.3777 0.0727833
205.561 25.3854 0.0714302
205.64 25.3266 0.0742197
205.567 25.3739 0.0746198
205.563 25.371 0.0744044
205.478 25.4245 0.0754694
205.479 25.429 0.0756425
205.482 25.4247 0.0755327
205.483 25.4184 0.0754513
205.582 25.4018 0.0710343
205.618 25.428 0.0718472
205.519 25.4026 0.0749271
205.574 25.4546 0.0754378
205.613 25.3916 0.0766813
205.584 25.4572 0.0781593
205.562 25.4294 0.0750071
205.535 25.3139 0.0737346
205.544 25.3438 0.0734637
205.589 25.3591 0.0741041
205.6 25.2688 0.0762692
205.606 25.269 0.0742831
205.582 25.2813 0.0662005
205.517 25.3628 0.0746763
205.522 25.2847 0.0712314
205.566 25.4633 0.0751994
205.55 25.4071 0.0784177
205.572 25.3882 0.0708814
205.526 25.4383 0.0738496
205.614 25.3138 0.0750621
205.518 25.4279 0.0727689
205.518 25.4247 0.0727001
205.52 25.2872 0.0716949
205.63 25.4427 0.0750203
205.559 25.3456 0.0740332
205.536 25.3745 0.0745311
205.551 25.3124 0.06974
205.472 25.4076 0.0771924
205.588 25.3083 0.0735183
205.547 25.3287 0.0744249
205.537 25.3211 0.0760031
205.543 25.3226 0.0760674
205.52 25.3199 0.0737231
205.593 25.385 0.0729694
205.622 25.4092 0.0741798
205.627 25.4157 0.074196
205.535 25.3601 0.0750635
205.592 25.3749 0.0751937
205.5 25.4359 0.076163
205.445 25.3063 0.0742668
205.512 25.3153 0.0719222
205.681 25.4265 0.0726802
205.573 25.3142 0.0719095
205.547 25.3712 0.0696767
205.614 25.3985 0.0730291
205.615 25.3341 0.0714915
205.587 25.3736 0.0725783
205.417 25.2871 0.071976
205.6 25.3525 0.0713242
205.538 25.3872 0.078716
205.656 25.2629 0.0736286
205.603 25.2105 0.0746967
205.587 25.3334 0.0710717
205.559 25.299 0.0734977
205.617 25.4513 0.0764675
205.638 25.4513 0.0736098
205.642 25.4525 0.0737045
205.593 25.3924 0.0726929
205.546 25.4184 0.0747507
205.584 25.4443 0.0810481
205.527 25.456 0.0748328
205.57 25.3291 0.0726118
205.548 25.3083 0.07357
205.632 25.37 0.072787
205.556 25.3721 0.0745619
205.584 25.457 0.0735117
205.553 25.3811 0.0759935
205.613 25.2422 0.0725329
205.567 25.4025 0.0788359
205.531 25.3144 0.0721184
205.597 25.3664 0.0736226
205.471 25.3751 0.073949
205.573 25.3316 0.0711052
205.473 25.3918 0.076755
205.472 25.3951 0.0766289
205.53 25.4256 0.0771397
205.523 25.4309 0.0772082
205.507 25.352 0.0778634
205.507 25.3487 0.0780663
205.377 25.4633 0.0709163
205.513 25.3556 0.0747692
205.522 25.3097 0.0767221
205.602 25.383 0.0719829
205.605 25.3891 0.0720413
205.465 25.2273 0.0702578
205.532 25.4754 0.0768465
205.531 25.4756 0.0765799
205.534 25.4608 0.0768955
205.595 25.3972 0.073506
205.567 25.346 0.0742842
205.559 25.3141 0.0751182
205.674 25.3634 0.0720828
205.676 25.3611 0.0718731
205.598 25.3567 0.0737398
205.558 25.3684 0.0742954
205.49 25.368 0.0757004
205.551 25.3516 0.0754601
205.581 25.3858 0.0715925
205.521 25.3459 0.0708516
205.571 25.3169 0.0746298
205.505 25.4855 0.0774986
205.507 25.396 0.077113
205.521 25.3394 0.0747698
205.523 25.3402 0.0749033
205.483 25.4117 0.0747871
205.595 25.4147 0.0750998
205.596 25.4158 0.0752931
205.585 25.2896 0.0740433
205.543 25.4121 0.077164
205.597 25.3924 0.0744702
205.577 25.3818 0.0747622
205.523 25.4097 0.0742994
205.505 25.3923 0.0748524
205.624 25.3597 0.0714789
205.639 25.48 0.073342
205.437 25.3911 0.0745622
205.544 25.2914 0.0712309
205.413 25.4946 0.0735107
205.603 25.4929 0.0716414
205.599 25.4953 0.0715493
205.604 25.392 0.0724305
205.606 25.3913 0.0724618
205.512 25.3551 0.0750984
205.518 25.3495 0.0750466
205.509 25.319 0.0729703
205.508 25.3226 0.0728758
205.648 25.3396 0.069301
205.481 25.4239 0.0738583
205.579 25.3737 0.0703842
205.562 25.361 0.0748882
205.507 25.4134 0.0741397
205.632 25.311 0.0746653
205.629 25.3128 0.0747728
205.422 25.4314 0.0758774
205.425 25.4348 0.07597
205.562 25.3113 0.073303
205.591 25.3487 0.0751612
205.574 25.3766 0.0748554
205.56 25.4206 0.0746087
205.543 25.4363 0.0757307
205.547 25.4344 0.0753876
205.659 25.3205 0.0719679
205.544 25.2969 0.0750368
205.502 25.3736 0.0772085
205.54 25.3276 0.0771343
205.512 25.4058 0.0719027
205.621 25.2916 0.0718575
205.435 25.3738 0.0757018
205.457 25.4093 0.0768976
205.517 25.3761 0.0743514
205.581 25.2891 0.0712351
205.561 25.3249 0.0733781
205.584 25.4621 0.0744614
205.499 25.3313 0.0752599
205.499 25.3332 0.075366
205.617 25.3193 0.066028
205.583 25.3861 0.0760701
205.619 25.2799 0.0722692
205.611 25.3092 0.0742668
205.627 25.427 0.0764092
205.609 25.3145 0.0729521
205.552 25.3738 0.0730434
205.501 25.3335 0.0750071
205.58 25.4454 0.0755443
205.614 25.4038 0.0748424
205.633 25.3304 0.0716728
205.542 25.2989 0.0782269
205.544 25.3966 0.0748661
205.557 25.4329 0.0732254
205.591 25.322 0.07428
205.599 25.3552 0.0696536
205.643 25.3635 0.0706562
205.635 25.3584 0.0706114
205.55 25.4633 0.0714795
205.549 25.2892 0.0767849
205.553 25.3823 0.0707835
205.508 25.4278 0.076178
205.523 25.3335 0.0736583
205.583 25.2898 0.0701319
205.706 25.2669 0.072607
205.504 25.3395 0.0721455
205.576 25.3515 0.0752305
205.556 25.4804 0.0749432
205.478 25.3105 0.0742665
205.582 25.4509 0.0712176
205.553 25.3668 0.0762233
205.511 25.3995 0.0744698
205.436 25.3514 0.0741618
205.604 25.3868 0.0737034
205.681 25.265 0.0708349
205.657 25.4115 0.0732455
205.654 25.4116 0.0730898
205.568 25.4903 0.0750684
205.544 25.4388 0.0776847
205.552 25.2869 0.0761286
205.56 25.3894 0.0736938
205.639 25.3181 0.0741507
205.637 25.3255 0.0740325
205.56 25.4001 0.0728115
205.481 25.4237 0.0757282
205.588 25.3997 0.0711813
205.505 25.3565 0.0750018
205.58 25.4544 0.0755781
205.61 25.3662 0.0765594
205.543 25.3746 0.0740525
205.559 25.4307 0.0751493
205.622 25.3362 0.0729738
205.577 25.3923 0.074802
205.491 25.4159 0.0685504
205.522 25.4414 0.0738434
205.574 25.3843 0.0719474
205.538 25.4558 0.0727934
205.535 25.4806 0.0705872
205.446 25.423 0.0710856
205.572 25.468 0.0751956
205.574 25.3832 0.0709466
205.535 25.3422 0.0714288
205.526 25.4333 0.073765
205.539 25.411 0.0716891
205.531 25.3772 0.074985
205.586 25.4714 0.0754881
205.58 25.4709 0.0754289
205.405 25.4761 0.0753477
205.63 25.4409 0.0749295
205.554 25.4229 0.0728093
205.435 25.4159 0.0752639
205.597 25.4703 0.0720704
205.55 25.3085 0.0697196
205.473 25.4073 0.0770597
205.593 25.3176 0.0734734
205.541 25.3259 0.0744614
205.524 25.3879 0.0736457
205.598 25.3843 0.0729339
205.623 25.414 0.0741854
205.542 25.4157 0.0712557
205.579 25.408 0.0768841
205.595 25.378 0.0750996
205.496 25.3801 0.0765357
205.443 25.3038 0.0741285
205.51 25.3793 0.0727001
205.501 25.3466 0.0755139
205.684 25.4214 0.0726095
205.529 25.3961 0.0715329
205.558 25.3649 0.0729437
205.616 25.3992 0.0729759
205.611 25.3388 0.0712922
205.617 25.3359 0.0713096
205.473 25.4364 0.0741244
205.434 25.3722 0.0784856
205.597 25.3533 0.0711468
205.503 25.4042 0.0747716
205.504 25.3895 0.0742478
205.508 25.3983 0.0743963
205.658 25.2694 0.0734172
205.513 25.4117 0.0722283
203.201 31.2637 0.0878878
205.588 25.3888 0.0707902
205.581 25.3903 0.0737076
205.563 25.3582 0.0753832
205.568 25.3531 0.0751471
205.476 25.3379 0.0743494
205.554 25.3954 0.0685908
205.558 25.3148 0.0736219
205.614 25.2646 0.0717081
205.61 25.2691 0.0716653
205.522 25.4075 0.0692902
205.555 25.4088 0.071659
205.532 25.4025 0.0719676
205.598 25.4155 0.0735749
205.517 25.3436 0.0725524
205.652 25.3192 0.0746069
205.643 25.3626 0.0707419
205.555 25.3522 0.0750107
205.552 25.3504 0.0748304
205.546 25.4636 0.0744279
205.6 25.213 0.071221
205.565 25.3119 0.0757278
205.531 25.3495 0.0745436
205.507 25.3666 0.0758578
205.455 25.2238 0.0766399
205.573 25.377 0.0743406
205.636 25.3896 0.0732476
205.598 25.4129 0.073753
205.603 25.3911 0.0762281
205.526 25.3313 0.0732211
205.525 25.365 0.0736635
205.529 25.4016 0.0755254
205.49 25.2979 0.072857
205.539 25.3882 0.0750675
205.509 25.3303 0.0739544
205.616 25.3773 0.0740187
205.62 25.3787 0.0740165
205.615 25.3794 0.0742654
205.637 25.2617 0.0714381
205.55 25.39 0.0775977
205.484 25.4311 0.0718003
205.483 25.423 0.0717006
205.579 25.3426 0.0743089
205.576 25.3427 0.0744922
205.574 25.3348 0.0744557
205.555 25.3046 0.0712456
205.587 25.3755 0.0742647
205.451 25.4072 0.0751261
205.492 25.2956 0.0737947
205.465 25.5057 0.0769257
205.61 25.4192 0.0717564
205.565 25.3928 0.0708205
205.568 25.3875 0.0708001
205.546 25.3708 0.0732148
205.481 25.4008 0.0728034
205.569 25.3296 0.0744587
205.572 25.3298 0.0747248
205.589 25.4337 0.075865
205.487 25.3317 0.0748125
205.454 25.4881 0.0757352
205.585 25.3457 0.073517
205.588 25.3397 0.0733567
205.589 25.4353 0.0764857
205.626 25.4 0.0725042
205.622 25.3976 0.0726891
205.489 25.3448 0.075204
205.497 25.4279 0.0736685
205.519 25.2937 0.0730137
205.47 25.3791 0.0759674
205.574 25.404 0.0752814
205.515 25.3446 0.0766007
205.655 25.4261 0.0730704
205.547 25.3243 0.0734243
205.632 25.3718 0.0710841
205.628 25.3756 0.0710696
205.63 25.4749 0.0757254
205.545 25.4023 0.0738411
205.515 25.3507 0.0725089
205.547 25.3416 0.0699751
205.664 25.3271 0.0703688
205.653 25.3736 0.0728272
205.649 25.3704 0.0730989
205.613 25.4228 0.0688619
205.614 25.4218 0.0687891
205.442 25.3385 0.0730148
205.525 25.4469 0.0726433
205.545 25.3758 0.0757413
205.531 25.3245 0.0759328
205.516 25.3874 0.0752533
205.611 25.4497 0.0757773
205.584 25.4027 0.0723859
205.532 25.4048 0.0763369
205.582 25.3344 0.075634
205.464 25.414 0.0720078
205.592 25.2568 0.072492
205.463 25.4028 0.0749019
205.586 25.2623 0.0728573
205.596 25.3463 0.0714228
205.456 25.3513 0.0728921
205.582 25.4475 0.0761241
205.417 25.3932 0.0771146
205.541 25.2927 0.0715832
205.542 25.3203 0.0775453
205.666 25.3128 0.0780118
205.705 25.2967 0.0778715
205.655 25.3746 0.0751341
205.662 25.3737 0.0750585
205.458 25.4017 0.0722021
205.648 25.3857 0.0744638
205.647 25.3897 0.0747139
205.509 25.5214 0.0728585
205.526 25.3782 0.070267
205.643 25.2589 0.0708323
205.642 25.2567 0.0709076
205.495 25.4753 0.0731336
205.58 25.3281 0.0750515
205.483 25.385 0.0739887
205.483 25.389 0.0739945
205.599 25.3517 0.0730809
205.613 25.489 0.0709553
205.48 25.3702 0.0725084
205.511 25.3355 0.074745
205.592 25.408 0.0750695
205.615 25.3945 0.0764115
205.606 25.3965 0.0760366
205.479 25.3352 0.0739143
205.582 25.4419 0.0717092
205.454 25.3345 0.0746239
205.411 25.3931 0.0727661
205.453 25.4729 0.0772141
205.463 25.4519 0.075682
205.588 25.3335 0.0714793
205.587 25.3407 0.0716063
205.422 25.4335 0.0763773
205.39 25.2957 0.0728663
205.513 25.3854 0.0695278
205.538 25.397 0.07518
205.611 25.4699 0.0756716
205.61 25.4652 0.0756926
205.551 25.3479 0.0732635
205.493 25.3969 0.0742819
205.543 25.3047 0.0723025
205.613 25.3875 0.0742978
205.461 25.4185 0.0722152
205.481 25.4341 0.0754909
205.515 25.4356 0.0751211
205.548 25.4027 0.0749862
205.557 25.4339 0.0747324
205.549 25.44 0.0745917
205.553 25.4332 0.0746374
205.469 25.3346 0.0732756
205.579 25.3342 0.0729147
205.552 25.3613 0.0774006
205.62 25.2758 0.0701012
205.578 25.326 0.0735445
205.507 25.3625 0.074725
205.54 25.3868 0.0755201
205.573 25.3752 0.0748793
205.599 25.3762 0.0707248
205.543 25.3761 0.0743185
205.581 25.3481 0.0761693
205.617 25.2548 0.072336
205.611 25.2609 0.0721738
205.529 25.4174 0.0715861
205.545 25.3213 0.074809
205.543 25.3525 0.0753235
205.598 25.3228 0.073552
205.536 25.3368 0.0753197
205.491 25.314 0.0724464
205.601 25.4004 0.0704008
205.61 25.409 0.0715083
205.57 25.401 0.0735492
205.641 25.3405 0.0724935
205.466 25.3812 0.0752151
205.519 25.3883 0.070669
205.565 25.2751 0.0745968
205.617 25.3038 0.071945
205.547 25.2873 0.0771025
205.508 25.4124 0.0735288
205.522 25.3924 0.0730406
205.593 25.355 0.0731558
205.459 25.2787 0.0743784
205.586 25.3892 0.0707523
205.577 25.3419 0.0740032
205.56 25.3519 0.0755246
205.539 25.3959 0.0737337
205.555 25.3408 0.0717044
205.563 25.3357 0.0718959
205.562 25.3413 0.0717433
205.482 25.4266 0.0738229
205.562 25.3553 0.0755434
205.554 25.4051 0.0714744
205.559 25.4085 0.0716715
205.537 25.4095 0.0721046
205.542 25.4702 0.0713815
205.593 25.4227 0.073506
205.576 25.3049 0.0745265
205.608 25.3951 0.074579
205.653 25.3179 0.0745867
205.657 25.3174 0.074526
205.6 25.283 0.0716054
205.647 25.3592 0.0708551
205.645 25.3563 0.0706573
205.528 25.4485 0.0751007
205.55 25.3538 0.0749423
205.544 25.4629 0.0745585
205.56 25.2569 0.0746911
205.569 25.3093 0.0756016
205.565 25.3717 0.0731219
205.601 25.3372 0.0695331
205.569 25.3822 0.0741687
205.567 25.3775 0.0739957
205.421 25.3651 0.0760704
205.531 25.3057 0.0713603
205.63 25.3867 0.0730924
205.598 25.4054 0.0736723
205.54 25.4431 0.0720182
205.467 25.2517 0.0744299
205.562 25.369 0.0725712
205.565 25.3741 0.072562
205.525 25.3993 0.0754386
205.542 25.3854 0.0749563
205.54 25.3859 0.0747791
205.49 25.3762 0.0755869
205.688 25.2892 0.0773729
205.519 25.3606 0.0749554
205.615 25.3814 0.0742077
205.558 25.3943 0.0736335
205.513 25.4034 0.0719133
205.517 25.3978 0.0721749
205.444 25.439 0.0744554
205.451 25.4014 0.0717351
205.439 25.3374 0.0759158
205.578 25.4262 0.0742642
205.588 25.3752 0.0743299
205.554 25.3111 0.074701
205.459 25.4482 0.075182
205.564 25.3901 0.070948
205.472 25.3776 0.0743189
205.55 25.373 0.0732544
205.497 25.3445 0.0753011
205.479 25.4416 0.0771759
205.511 25.4773 0.074286
205.398 25.4034 0.0745704
205.589 25.4344 0.0760462
205.57 25.3498 0.0753055
205.571 25.3478 0.0753321
205.486 25.3333 0.074581
205.527 25.4274 0.0756227
205.514 25.4519 0.074916
205.56 25.4322 0.0740942
205.588 25.4322 0.0765127
205.545 25.4874 0.0755402
205.563 25.4173 0.0778626
205.623 25.3998 0.072733
205.496 25.4258 0.0736623
205.503 25.4226 0.0730776
205.468 25.3751 0.07583
205.499 25.3221 0.072392
205.513 25.3499 0.0765893
205.652 25.4264 0.0731166
205.649 25.422 0.0731182
205.547 25.3213 0.0731017
205.645 25.4089 0.0723936
205.503 25.3406 0.0743994
205.503 25.346 0.0745654
205.625 25.4732 0.0758023
205.54 25.3966 0.0736099
205.626 25.3546 0.0681619
205.625 25.3531 0.068232
205.551 25.3459 0.0697703
205.66 25.3672 0.0742805
205.572 25.3092 0.0745839
205.561 25.3065 0.0746572
205.653 25.3707 0.0731424
205.548 25.3613 0.0739014
205.496 25.367 0.0733831
205.549 25.3043 0.0712712
205.529 25.3656 0.0768034
205.523 25.3859 0.07546
205.502 25.3378 0.0714599
205.516 25.3949 0.0764729
205.582 25.3978 0.0727017
205.58 25.398 0.0725132
205.58 25.3991 0.0724514
205.53 25.4092 0.0766943
205.48 25.3854 0.0733961
205.585 25.3362 0.0755292
205.552 25.3524 0.0751427
205.5 25.4005 0.0728793
205.489 25.3292 0.0731664
205.552 25.3936 0.0716127
205.55 25.3966 0.0716184
205.583 25.2619 0.0729608
205.598 25.3545 0.0713671
205.5 25.3168 0.0767188
205.584 25.4493 0.075938
205.756 25.3883 0.076073
205.456 25.3398 0.0764514
205.552 25.3191 0.0773543
205.497 25.4177 0.0748016
205.496 25.4221 0.0748559
205.665 25.3753 0.0751464
205.46 25.3956 0.0722159
205.654 25.3856 0.0743376
205.649 25.3865 0.0745292
205.535 25.319 0.0706513
205.515 25.5207 0.0729983
205.541 25.3712 0.0721252
205.458 25.3285 0.0764545
205.455 25.3541 0.0722711
205.585 25.3298 0.0753042
205.599 25.3492 0.0731128
205.596 25.352 0.0731193
205.604 25.4895 0.0708358
205.489 25.4085 0.0738369
205.516 25.3883 0.0764733
205.613 25.3931 0.0761901
205.55 25.3757 0.0723776
205.462 25.3291 0.0746715
205.499 25.2947 0.0723849
205.455 25.4748 0.0771484
205.508 25.2744 0.0725909
205.578 25.2979 0.0739576
205.577 25.1917 0.0706876
205.515 25.4345 0.0731656
205.387 25.4505 0.0753822
205.536 25.3137 0.0735814
205.498 25.3999 0.0741202
205.512 25.386 0.0758093
205.55 25.3021 0.0722853
205.618 25.3854 0.0745285
205.615 25.3893 0.0747478
205.43 25.3743 0.0724873
205.477 25.4309 0.0755796
205.427 25.4241 0.07697
205.562 25.4634 0.072397
205.461 25.4348 0.0735528
205.553 25.4313 0.0744872
205.457 25.4054 0.0735125
205.622 25.397 0.0780751
205.62 25.2748 0.070177
205.58 25.3226 0.0735174
205.582 25.3886 0.0724219
205.587 25.3897 0.0724528
205.481 25.3807 0.0753874
205.434 25.357 0.0753958
205.539 25.3889 0.0754355
205.583 25.366 0.0751866
205.591 25.3703 0.0751289
205.598 25.3758 0.0706431
205.538 25.3709 0.0742562
205.541 25.3735 0.0743858
205.586 25.3455 0.0762236
205.527 25.4842 0.0747483
205.532 25.4185 0.0713828
205.537 25.3202 0.0748143
205.543 25.348 0.0751126
205.6 25.3184 0.0738752
205.599 25.3235 0.0736075
205.534 25.3387 0.0751036
205.602 25.4043 0.0701862
205.607 25.417 0.071719
205.645 25.3449 0.0725325
205.639 25.3428 0.0726079
205.522 25.3804 0.0740996
205.533 25.3802 0.0739194
205.612 25.3764 0.076226
205.521 25.3909 0.0704293
205.601 25.3852 0.0752071
205.499 25.3414 0.0711811
205.61 25.3015 0.0718524
205.581 25.2487 0.075825
205.581 25.2481 0.0759895
205.627 25.3498 0.0741728
205.619 25.343 0.0742856
205.583 25.2795 0.0709983
205.468 25.4148 0.0772717
205.658 25.3788 0.0735955
205.576 25.3386 0.0739317
205.581 25.3866 0.0738672
205.562 25.3566 0.0755715
205.536 25.3917 0.073923
205.557 25.3979 0.0686524
205.502 25.4616 0.0763684
205.564 25.3485 0.0766244
205.525 25.4106 0.0693214
205.536 25.3362 0.0745068
205.537 25.4047 0.0720832
205.54 25.4714 0.0714186
205.591 25.4145 0.0734652
205.574 25.299 0.0745137
205.491 25.3609 0.0732713
205.654 25.3187 0.0744531
205.636 25.3544 0.0707902
205.55 25.356 0.0750116
205.547 25.4683 0.0747384
205.562 25.2632 0.0749855
205.558 25.2549 0.0749344
205.603 25.215 0.0713898
205.564 25.3055 0.0756009
205.562 25.3152 0.0754326
205.511 25.3662 0.0758817
205.595 25.3342 0.069566
205.544 25.3459 0.0728281
205.563 25.3781 0.0741175
205.629 25.3916 0.0732867
205.603 25.3861 0.0762506
205.568 25.4074 0.0741958
205.524 25.3295 0.0732897
205.529 25.4002 0.0754793
205.467 25.4671 0.076323
205.686 25.2549 0.0777324
205.518 25.3683 0.074737
205.554 25.3923 0.0738298
205.434 25.4594 0.0733818
205.44 25.4413 0.0745747
205.509 25.41 0.0770273
205.574 25.3342 0.0743207
205.509 25.4005 0.0779155
205.574 25.4242 0.0739015
205.547 25.3085 0.0743842
205.46 25.5016 0.0766196
205.605 25.4252 0.0718845
205.517 25.3188 0.0706148
205.509 25.3168 0.0706012
205.486 25.3448 0.0749685
205.532 25.4349 0.0770851
205.493 25.3841 0.0712041
205.494 25.395 0.071193
205.529 25.4828 0.0753969
205.523 25.2895 0.0762057
205.568 25.33 0.0737776
205.574 25.3297 0.073744
205.492 25.3304 0.0747679
205.552 25.4303 0.0750686
205.555 25.4311 0.0739822
205.457 25.4975 0.07487
205.592 25.4359 0.0763709
205.591 25.4331 0.0764139
205.623 25.4014 0.072508
205.5 25.3859 0.0734333
205.493 25.4216 0.0737455
205.456 25.4182 0.0728871
205.472 25.3797 0.0761385
205.577 25.4006 0.0751433
205.588 25.2719 0.0776133
205.653 25.4237 0.0730289
205.498 25.3812 0.0719494
205.644 25.4067 0.0725405
205.503 25.339 0.0745472
205.543 25.4003 0.0739267
205.629 25.3467 0.0684083
205.663 25.3223 0.0702719
205.661 25.322 0.070309
205.655 25.3658 0.0730484
205.519 25.3258 0.0749031
205.52 25.3358 0.0746712
205.521 25.3283 0.0749055
205.614 25.4193 0.0688567
205.566 25.2812 0.0772411
205.53 25.4403 0.0724921
205.523 25.3842 0.0753608
205.527 25.3824 0.075513
205.609 25.4418 0.0758458
205.514 25.3995 0.0764655
205.578 25.4009 0.072353
205.6 25.3666 0.0750027
205.49 25.2885 0.0737638
205.478 25.4106 0.0731339
205.584 25.3401 0.0757226
205.463 25.4246 0.0718884
205.472 25.3426 0.0761494
205.552 25.353 0.0750695
205.591 25.2534 0.0724523
205.466 25.4013 0.0749724
205.584 25.2595 0.0729674
205.579 25.3143 0.0705669
205.598 25.3529 0.0711593
205.491 25.2834 0.0760437
205.591 25.4537 0.0759368
205.762 25.3948 0.0759591
205.503 25.4276 0.0751602
205.524 25.3833 0.0746284
205.706 25.2972 0.0779386
205.556 25.3551 0.0731485
205.549 25.3541 0.073112
205.646 25.3881 0.0745792
205.506 25.5233 0.072786
205.523 25.3787 0.0703174
205.542 25.4108 0.0711438
205.553 25.4152 0.070864
205.521 25.378 0.0707411
205.531 25.3727 0.0723983
205.637 25.5078 0.0726589
205.489 25.3992 0.0738286
205.516 25.3808 0.076431
205.508 25.3797 0.0764044
205.614 25.3972 0.0761399
205.588 25.4301 0.0718703
204.769 19.9042 0.0339738
205.585 25.3598 0.0738376
205.543 25.3398 0.0739468
205.582 25.3819 0.0705866
205.605 25.2431 0.0746345
205.507 25.3493 0.0759926
205.525 25.3559 0.0751751
205.488 25.3764 0.07576
205.454 25.4082 0.076935
205.589 25.3758 0.0741557
205.624 25.4196 0.075036
205.622 25.4173 0.0750597
205.589 25.3743 0.0748209
205.584 25.3754 0.0747986
205.564 25.2845 0.073026
205.5 25.4509 0.0746135
205.507 25.3824 0.0762688
205.485 25.4835 0.0715048
205.563 25.2953 0.0744363
205.642 25.3795 0.0717384
205.54 25.5219 0.0761872
205.622 25.3649 0.074995
205.584 25.3434 0.0754221
205.589 25.3447 0.0753369
205.493 25.3492 0.0733858
205.504 25.3493 0.0732319
205.493 25.3868 0.0751297
205.522 25.4402 0.0738233
205.512 25.281 0.0739399
205.497 25.3674 0.0713495
205.51 25.3643 0.0737984
205.575 25.3646 0.0715871
205.374 25.4522 0.0757001
205.613 25.4295 0.0743818
205.681 25.3631 0.0717465
205.681 25.3604 0.0716729
205.526 25.4862 0.0752192
205.501 25.2817 0.0782697
205.473 25.4426 0.0746066
205.533 25.4414 0.0775108
205.572 25.3799 0.0754695
205.578 25.3773 0.0752563
205.59 25.4808 0.0733872
205.518 25.3306 0.0723981
205.559 25.3591 0.0716567
205.479 25.4296 0.0738262
205.427 25.4357 0.07314
205.607 25.3298 0.0746404
205.587 25.3581 0.0735628
205.526 25.3667 0.0744315
205.563 25.4129 0.0751522
205.51 25.4053 0.0719718
205.597 25.3888 0.0750036
205.419 25.4517 0.0745179
205.526 25.3636 0.0753747
205.502 25.3316 0.075268
205.562 25.3094 0.0718615
205.54 25.4247 0.0767884
205.506 25.4247 0.0745664
205.544 25.4797 0.0738994
205.49 25.3271 0.0748044
205.595 25.4045 0.0747106
205.534 25.3525 0.0718989
205.5 25.3878 0.0756343
205.646 25.4084 0.0726427
205.448 25.5565 0.0740085
205.596 25.3268 0.0692484
205.601 25.3274 0.0691556
205.577 25.403 0.0714575
205.575 25.4078 0.0716001
205.512 25.3675 0.0710569
205.525 25.3932 0.0736246
205.526 25.3913 0.0738065
205.535 25.2415 0.0725416
205.421 25.4214 0.0755228
205.471 25.403 0.0756409
205.621 25.3744 0.0721303
205.549 25.3201 0.0759679
205.574 25.3807 0.072116
205.574 25.386 0.0720829
205.521 25.2961 0.0715905
205.526 25.2973 0.0714897
205.467 25.3406 0.0744758
205.606 25.3861 0.0742317
205.594 25.326 0.0730276
205.602 25.312 0.0741156
205.58 25.3121 0.0715622
205.59 25.3611 0.0734291
205.586 25.3668 0.0735012
205.567 25.2985 0.0734638
205.552 25.3294 0.0788189
205.479 25.3581 0.0743392
205.533 25.418 0.0757202
205.484 25.4484 0.073904
205.535 25.2798 0.0730718
205.631 25.3804 0.0746726
205.624 25.3323 0.0728338
205.622 25.3339 0.0726892
205.609 25.3561 0.0709282
205.62 25.2797 0.0702975
205.571 25.2578 0.0753644
205.568 25.2623 0.0751298
205.601 25.2956 0.0755424
205.489 25.2272 0.0750501
205.501 25.3679 0.0732765
205.504 25.3293 0.0754485
205.39 25.4088 0.0751724
205.648 25.3495 0.073647
205.644 25.3506 0.0735514
205.524 25.3752 0.0732481
205.587 25.3514 0.0737501
205.586 25.3492 0.0737626
205.609 25.3397 0.0719438
205.475 25.3058 0.0703728
205.534 25.3936 0.074097
205.54 25.3119 0.0738933
205.604 25.3588 0.0744556
205.599 25.3161 0.0700216
205.598 25.2661 0.0722504
205.513 25.3274 0.0753531
205.666 25.3666 0.0743089
205.468 25.4296 0.0720858
205.475 25.3552 0.0737429
205.579 25.3338 0.0715443
205.597 25.3336 0.0707291
205.597 25.3343 0.0706787
205.631 25.3239 0.0750871
205.517 25.473 0.0729537
205.627 25.4321 0.0727304
205.626 25.4315 0.0729502
205.621 25.3004 0.0758823
205.62 25.301 0.0759446
205.622 25.3076 0.0759496
205.549 25.3792 0.0718077
205.571 25.4653 0.0747234
205.591 25.3602 0.0725726
205.564 25.4055 0.0734787
205.569 25.373 0.0736596
205.45 25.3433 0.072959
205.625 25.3588 0.070927
205.625 25.3605 0.0711157
205.6 25.4188 0.0733052
205.511 25.3907 0.0718695
205.501 25.3692 0.0714736
205.504 25.2573 0.0712953
205.623 25.3482 0.0713025
205.56 25.3995 0.0733393
205.654 25.2411 0.0729959
205.655 25.243 0.0729247
205.616 25.3815 0.0769018
205.461 25.3313 0.0756724
205.588 25.3895 0.0779602
205.568 25.3931 0.0725096
205.608 25.2781 0.0760733
205.691 25.3344 0.0762797
205.573 25.3838 0.074605
205.569 25.3209 0.0737289
205.646 25.3164 0.0732393
205.595 25.3354 0.0728005
205.517 25.3981 0.0743864
205.585 25.3909 0.0719099
205.543 25.4102 0.073321
205.585 25.351 0.0738486
205.638 25.3582 0.0736062
205.59 25.4114 0.0773319
205.559 25.3239 0.0721901
205.555 25.3302 0.0723423
205.595 25.3483 0.0694029
205.587 25.3469 0.0694094
205.564 25.4406 0.0778562
205.495 25.341 0.0730973
205.575 25.4034 0.0731796
205.627 25.2786 0.0763932
205.608 25.4717 0.0735206
205.474 25.3423 0.0747418
205.585 25.3662 0.0733148
205.625 25.3092 0.0733425
205.601 25.3896 0.0749996
205.466 25.2716 0.0730511
205.447 25.3392 0.07417
205.637 25.4015 0.0736944
205.496 25.3977 0.0749661
205.525 25.3608 0.0691474
205.488 25.3958 0.0705652
205.577 25.3914 0.0727803
205.584 25.3545 0.0739578
205.5 25.4463 0.0750217
205.55 25.3109 0.0725028
205.478 25.3054 0.0741472
205.511 25.3801 0.0767638
205.542 25.4321 0.0726988
205.495 25.3791 0.0758427
205.507 25.3847 0.0748765
205.588 25.3724 0.0742569
205.589 25.3753 0.0742348
205.588 25.3753 0.0740504
205.541 25.3529 0.0715033
205.604 25.3909 0.0770087
205.592 25.3683 0.0749413
205.564 25.4476 0.0748889
205.564 25.4551 0.0747602
205.549 25.3758 0.0731414
205.426 25.4542 0.077596
205.506 25.3875 0.0763022
205.612 25.3807 0.0734287
205.567 25.3002 0.0743943
205.64 25.3769 0.0717593
205.48 25.3933 0.0736098
205.468 25.4338 0.0713847
205.463 25.4362 0.0714273
205.593 25.3409 0.0754791
205.623 25.2579 0.0702466
205.578 25.3753 0.0750977
205.492 25.3865 0.0751495
205.528 25.4407 0.0736674
205.504 25.3694 0.0713461
205.482 25.3405 0.0710557
205.481 25.3427 0.0710479
205.561 25.3462 0.0705084
205.572 25.4133 0.0739878
205.543 25.447 0.0724933
205.605 25.2529 0.076412
205.6 25.3605 0.0768786
205.505 25.3821 0.0739813
205.648 25.4737 0.0793612
205.533 25.4381 0.0776403
205.576 25.3789 0.0754439
205.586 25.483 0.0732657
205.519 25.3271 0.0721266
205.468 25.4921 0.0718749
205.562 25.3507 0.0717789
205.556 25.3563 0.0717973
205.493 25.3147 0.0715953
205.491 25.3366 0.0717831
205.558 25.3436 0.0727938
205.556 25.3405 0.0725597
205.608 25.4244 0.0767248
205.564 25.362 0.0762924
205.529 25.3644 0.0744522
205.557 25.4104 0.0750235
205.517 25.4103 0.0720124
205.6 25.3837 0.0751413
205.6 25.3894 0.0753391
205.57 25.3765 0.0737057
205.42 25.4515 0.0744893
205.53 25.3683 0.0751857
205.573 25.3169 0.0721789
205.538 25.3694 0.0724189
205.534 25.4216 0.076643
205.485 25.3429 0.0780103
205.568 25.5157 0.0734305
205.529 25.4491 0.0758669
205.421 25.3526 0.0690416
205.598 25.4052 0.0746409
205.534 25.355 0.0720173
205.538 25.345 0.0720893
205.497 25.3899 0.0754999
205.647 25.4036 0.0726023
205.63 25.3475 0.075193
205.579 25.4039 0.0716105
205.644 25.2611 0.0736464
205.642 25.2602 0.0734826
205.531 25.3212 0.071034
205.478 25.4216 0.0740791
205.475 25.3495 0.0729098
205.619 25.3777 0.071914
205.623 25.3748 0.0721784
205.496 25.3819 0.0743507
205.576 25.3839 0.0719459
205.555 25.2979 0.0787217
205.556 25.4254 0.0712622
205.582 25.3916 0.0721542
205.583 25.3926 0.0721424
205.63 25.279 0.0739259
205.603 25.3082 0.0741357
205.612 25.3172 0.0739732
205.602 25.3079 0.0739747
205.588 25.3694 0.0733261
205.494 25.3237 0.0719505
205.47 25.2624 0.0717529
205.667 25.3763 0.0713736
205.606 25.3165 0.0713207
205.545 25.41 0.073537
205.537 25.4156 0.0757211
205.496 25.4622 0.0737133
205.491 25.4497 0.0738608
205.638 25.3924 0.0746204
205.61 25.3008 0.0748878
205.625 25.3314 0.0727512
205.582 25.3848 0.0738033
205.579 25.3819 0.0737486
205.592 25.4367 0.0752391
205.594 25.4349 0.0751716
205.519 25.4047 0.0717753
205.525 25.4497 0.0747276
205.534 25.2867 0.0717767
205.398 25.3752 0.0730411
205.497 25.371 0.0733206
205.482 25.394 0.0709317
205.534 25.3905 0.0726602
205.648 25.3525 0.073434
205.649 25.3586 0.0735638
205.572 25.3506 0.076345
205.521 25.3771 0.0729433
205.611 25.3379 0.072271
205.603 25.3511 0.0736753
205.551 25.3865 0.0747817
205.597 25.3099 0.0699641
205.571 25.389 0.0786949
205.515 25.3242 0.0752901
205.504 25.3192 0.0743236
205.443 25.4922 0.0736961
205.416 25.4139 0.0736034
205.487 25.4335 0.0753892
205.49 25.4326 0.0754214
205.573 25.3378 0.0716144
205.636 25.3297 0.0750111
205.629 25.327 0.0750839
205.626 25.4276 0.0728188
205.602 25.2888 0.0770323
205.551 25.3804 0.0718405
205.55 25.3797 0.0717803
205.563 25.3688 0.0717436
205.576 25.4701 0.0747758
205.524 25.4367 0.07743
205.463 25.3704 0.0745687
205.57 25.3735 0.0737399
205.594 25.3301 0.0724619
205.599 25.3318 0.072554
205.626 25.357 0.0714646
205.536 25.367 0.0719512
205.493 25.39 0.0730186
205.48 25.3994 0.0721441
205.566 25.4028 0.0731777
205.561 25.4011 0.0731647
205.652 25.2374 0.0730018
205.591 25.2952 0.0716685
205.61 25.3779 0.0768812
205.465 25.333 0.0755971
205.52 25.3174 0.0755378
205.646 25.282 0.074346
205.579 25.3924 0.0780902
205.585 25.3866 0.0781619
205.532 25.4207 0.077494
205.6 25.2727 0.0759295
205.667 25.3133 0.0782548
205.573 25.3201 0.07375
205.643 25.311 0.0732512
205.593 25.333 0.0731824
205.51 25.3232 0.0748234
205.48 25.4389 0.0716434
205.47 25.2496 0.069426
205.584 25.3945 0.0721666
205.519 25.351 0.0730804
205.587 25.3501 0.0738884
205.633 25.3642 0.0736836
205.591 25.4162 0.0771584
205.56 25.4113 0.0763612
205.514 25.3522 0.0712046
205.513 25.283 0.0726139
205.568 25.443 0.0778155
205.495 25.2895 0.0759257
205.57 25.4112 0.0733723
205.583 25.415 0.0765812
205.587 25.4119 0.0764269
205.583 25.4101 0.0764379
205.569 25.3743 0.076504
205.424 25.4519 0.0750976
205.5 25.4574 0.0729299
205.601 25.4685 0.0734426
205.469 25.4493 0.0733887
205.587 25.3654 0.0732106
205.606 25.3854 0.0747617
205.501 25.3605 0.0741162
205.511 25.3709 0.0713759
205.572 25.4485 0.0779146
205.634 25.4011 0.0738291
205.521 25.4197 0.0730383
205.646 25.354 0.0768151
205.58 25.3904 0.0726671
205.578 25.3904 0.0728675
205.495 25.4455 0.0749948
205.589 25.3856 0.0704298
205.51 25.3393 0.0761511
205.523 25.3525 0.0748887
205.506 25.3195 0.0709474
205.52 25.3303 0.0730771
205.487 25.3772 0.0758525
205.466 25.4077 0.076832
205.592 25.368 0.0742164
205.59 25.3712 0.0743452
205.625 25.4179 0.0752418
205.486 25.3844 0.0772653
205.486 25.3783 0.0771411
205.586 25.3752 0.0750052
205.57 25.4493 0.0748033
205.483 25.3446 0.0726251
205.551 25.3704 0.0729958
205.511 25.3835 0.0763718
205.607 25.3809 0.0733477
205.568 25.2979 0.0742434
205.642 25.3783 0.0718562
205.478 25.3998 0.0736488
205.591 25.257 0.0716683
205.54 25.5218 0.0761772
205.625 25.3601 0.0751166
205.57 25.4014 0.0727491
205.576 25.3723 0.0750953
205.495 25.3838 0.0750137
205.522 25.2862 0.0738484
205.5 25.3721 0.0712829
205.52 25.2977 0.075716
205.576 25.3596 0.0716011
205.485 25.305 0.0761191
205.633 25.2796 0.0757941
205.613 25.4256 0.0745535
205.682 25.3618 0.0718448
205.579 25.2736 0.0700024
205.523 25.3897 0.0764874
205.438 25.3929 0.0773667
205.535 25.4399 0.077507
205.576 25.3852 0.0752969
205.591 25.4823 0.0732606
205.516 25.4457 0.0738417
205.552 25.3572 0.0718418
205.56 25.3574 0.0718874
205.613 25.2141 0.072403
205.391 25.497 0.0747344
205.43 25.4352 0.0732884
205.602 25.3351 0.0747577
205.56 25.3641 0.0762213
205.592 25.3623 0.0737445
205.582 25.3456 0.0747815
205.508 25.3884 0.0739422
205.563 25.4094 0.0751171
205.561 25.4116 0.0751771
205.604 25.3493 0.0724559
205.513 25.4096 0.0721261
205.601 25.3894 0.0749956
205.601 25.3826 0.0751957
205.418 25.4514 0.0745444
205.457 25.3727 0.0749612
205.56 25.3146 0.0716888
205.56 25.3148 0.0717982
205.557 25.3101 0.0717293
205.539 25.4314 0.076773
205.538 25.4257 0.0766954
205.585 25.3745 0.0739508
205.504 25.4174 0.0745337
205.558 25.5105 0.0735555
205.529 25.4458 0.0757714
205.463 25.2867 0.0704474
205.651 25.3175 0.0718056
205.641 25.4013 0.0725085
205.632 25.3516 0.075345
205.627 25.3462 0.0752004
205.582 25.4039 0.071516
205.515 25.4308 0.0766177
205.511 25.372 0.0710975
205.489 25.2519 0.0730935
205.643 25.3156 0.0725914
205.473 25.4008 0.0758161
205.501 25.4167 0.0733349
205.493 25.3829 0.074405
205.597 25.2909 0.0707096
205.52 25.3957 0.0746919
205.458 25.391 0.0732709
205.554 25.2994 0.078746
205.627 25.2719 0.0737382
205.629 25.2721 0.0736697
205.603 25.3889 0.0742361
205.63 25.2805 0.0738395
205.626 25.2839 0.073928
205.504 25.261 0.0744176
205.565 25.2886 0.0735463
205.571 25.2948 0.0737121
205.563 25.2951 0.0735285
205.667 25.3771 0.0716048
205.61 25.319 0.0711856
205.554 25.3302 0.078879
205.502 25.3928 0.0789691
205.495 25.4654 0.0737344
205.534 25.2849 0.0727739
205.542 25.282 0.0728027
205.517 25.4523 0.0707832
205.627 25.3367 0.0728957
205.622 25.3281 0.0728296
205.596 25.3304 0.0732018
205.582 25.3848 0.0740184
205.578 25.375 0.0737502
205.58 25.3824 0.0737696
205.514 25.4048 0.0715491
205.601 25.2921 0.0756613
205.505 25.3361 0.0755036
205.499 25.3328 0.0756962
205.531 25.3898 0.0725617
205.62 25.3129 0.0753068
205.651 25.3482 0.0734486
205.523 25.3788 0.0732396
205.524 25.3749 0.0731117
204.702 25.0824 0.0671661
