41.7372 10.9014 0.178427
41.6439 10.793 0.181346
41.642 10.9438 0.180154
41.6659 10.799 0.177005
41.7626 10.8798 0.181192
41.6788 11.0253 0.178007
41.6895 10.9108 0.179004
41.6675 10.8989 0.17838
41.6102 10.8952 0.178279
41.6563 10.8817 0.180538
41.6075 10.9535 0.180904
41.7877 10.8268 0.179826
41.8325 10.8087 0.180675
41.6218 10.9079 0.1824
41.7919 10.8971 0.181706
41.793 10.8182 0.178516
41.7937 10.9864 0.179881
41.7132 10.9106 0.177927
41.7517 10.8979 0.179075
41.6762 10.8854 0.178152
41.6804 10.8599 0.180471
41.6798 10.9267 0.177396
41.5565 10.8998 0.185158
41.7888 10.9435 0.179481
41.8158 10.9783 0.179572
41.7846 10.8288 0.178309
41.642 10.8543 0.18115
41.6672 10.9408 0.178543
41.7492 10.8867 0.181512
41.7731 10.8224 0.180077
41.7899 10.8316 0.179965
41.789 10.9318 0.177172
41.7056 10.9516 0.18225
41.6932 10.9278 0.178058
41.8198 10.9728 0.179245
41.7804 10.8157 0.182004
41.6842 10.9408 0.178999
41.8005 10.9158 0.176505
41.6638 10.8824 0.180811
41.6449 10.9716 0.178085
41.683 10.975 0.179064
41.7011 10.9432 0.178934
41.6958 10.8385 0.178166
41.7234 10.9423 0.177718
41.7658 10.8394 0.182133
41.6841 10.8331 0.17775
41.7602 10.9066 0.175472
41.756 10.9875 0.175786
41.7428 10.8613 0.181255
41.7902 10.9308 0.181267
41.6844 11.0794 0.18101
41.7448 10.9618 0.17737
41.6775 10.9899 0.181055
41.6664 10.8349 0.176571
41.7783 10.8714 0.180619
41.7794 10.9586 0.180723
41.7454 10.8101 0.181357
41.5791 11.0183 0.182426
41.6636 10.9725 0.181752
41.7114 10.8736 0.176823
41.7773 10.839 0.177902
41.6054 10.9985 0.181045
41.5909 10.8749 0.180138
41.7055 10.8564 0.180329
41.6581 10.9177 0.182626
41.7509 10.8845 0.182162
41.7732 10.8454 0.179963
41.7255 10.8764 0.180226
41.6672 10.7805 0.178531
41.7907 10.9522 0.179174
41.6847 10.8939 0.178159
41.7549 10.8969 0.178356
41.6245 10.8531 0.180732
41.74 11.0455 0.176859
41.7561 10.8734 0.179337
41.6114 10.8568 0.181443
41.6528 10.8903 0.180497
41.6523 10.9074 0.179516
41.7282 10.9309 0.179479
41.8007 10.95 0.179214
41.6746 10.9232 0.183245
41.8018 10.8412 0.178534
41.7568 10.8425 0.177729
41.7647 10.8492 0.176858
41.7178 10.8527 0.177478
41.7452 10.8415 0.177783
41.6863 10.8816 0.181631
41.6475 10.8442 0.17977
41.6484 10.9989 0.178047
41.6587 10.9814 0.179241
41.5914 10.9099 0.180848
41.7307 10.9506 0.181347
41.653 10.8733 0.180374
41.694 10.8743 0.178992
41.758 10.8721 0.176925
41.7565 10.8767 0.178288
41.7742 10.9073 0.179269
41.591 10.7679 0.17955
41.7521 10.9839 0.178061
41.763 10.9344 0.179455
41.7192 10.9583 0.178726
41.708 10.8863 0.178812
41.6733 10.9111 0.178845
41.7384 10.8948 0.177492
41.6656 10.9178 0.180009
41.6596 10.9344 0.181142
41.8249 10.9093 0.179731
41.8144 10.9463 0.178198
41.8135 10.8522 0.177395
41.6915 10.9316 0.178836
41.7152 10.8778 0.178742
41.6569 11.0684 0.179026
41.8132 10.9067 0.18156
41.6274 10.9279 0.179998
41.7363 10.8778 0.178557
41.6915 10.8418 0.178893
41.7504 10.9292 0.178379
41.667 10.9643 0.180211
41.6944 10.9962 0.181022
41.8062 10.9136 0.178151
41.7811 10.8504 0.177038
41.5933 10.8962 0.180458
41.7404 10.8471 0.1786
41.6708 10.9024 0.183927
41.7814 10.8636 0.179911
41.6444 10.829 0.180225
41.7003 10.8747 0.175793
41.763 10.9306 0.17793
41.7549 10.9597 0.177442
41.7648 10.8194 0.180373
41.6701 10.944 0.181903
41.5854 10.8363 0.181632
41.6443 10.9394 0.181519
41.7245 10.9143 0.180324
41.6788 10.8413 0.179907
41.5664 10.8889 0.178816
41.7643 10.9797 0.176352
41.722 10.9256 0.17568
41.7211 10.8139 0.180493
41.7346 10.9046 0.180503
41.7083 10.9573 0.178472
41.6741 10.9454 0.177049
41.6516 10.8893 0.18128
41.6088 10.8757 0.180097
41.7601 10.9193 0.179514
41.7572 10.9796 0.182557
41.729 10.7721 0.179247
41.7904 10.8594 0.178182
41.7912 10.8795 0.17838
41.8051 10.8914 0.180668
41.7152 10.8725 0.176459
41.6298 10.8952 0.181712
41.6244 10.9392 0.177443
41.7225 10.8925 0.17954
41.7373 10.9499 0.178621
41.7507 10.8889 0.178187
41.6594 10.805 0.180212
41.8341 10.9543 0.176743
41.6557 10.8509 0.183053
41.6958 10.9236 0.178978
41.6573 10.9693 0.181021
41.7311 10.9116 0.179599
41.7827 11.0068 0.177412
41.8702 10.9115 0.179491
41.7269 10.8885 0.179056
41.7705 10.8779 0.180774
41.8097 10.8086 0.178174
41.7431 10.94 0.179517
41.7391 10.8686 0.177807
41.7105 10.9187 0.179676
41.6717 10.9433 0.179372
41.8007 10.832 0.179394
41.7356 10.8777 0.17942
41.6888 10.9503 0.182404
41.7121 10.9323 0.178449
41.5892 11.0259 0.183348
41.8017 10.9961 0.180455
41.6243 10.9304 0.181919
41.7014 10.7713 0.178266
41.8004 10.9175 0.17844
41.6636 10.9203 0.178442
41.7264 10.9577 0.180135
41.7346 10.9502 0.180511
41.6642 10.9611 0.181707
41.6158 10.9115 0.180267
41.7861 10.8754 0.178262
41.7782 10.9271 0.176926
41.6856 10.8087 0.182809
41.6837 10.982 0.179388
41.6469 10.8786 0.179406
41.6602 10.9226 0.180581
41.7035 10.8519 0.180294
41.5897 10.8612 0.177876
41.645 10.9572 0.17988
41.6848 10.8376 0.183992
41.7292 10.933 0.180003
41.6921 10.8153 0.180695
41.7516 10.8615 0.1794
41.6711 10.8671 0.177206
41.8251 10.8744 0.177407
41.6324 10.9526 0.179038
41.6868 10.8318 0.178164
41.7924 10.9227 0.180038
41.6938 10.9165 0.177842
41.7296 10.8885 0.176923
41.7775 10.8137 0.178002
41.7424 10.8114 0.181119
41.5932 10.8825 0.182552
41.614 10.8328 0.177664
41.7586 10.8979 0.176926
41.8031 10.8157 0.176532
41.6072 10.8165 0.181238
41.6944 10.9006 0.179727
41.8112 10.8689 0.178315
41.7074 10.9257 0.179528
41.6526 10.8696 0.180861
41.6947 10.8765 0.17879
41.7523 10.9731 0.17724
41.6935 10.8995 0.178465
41.71 10.8346 0.178665
41.6078 10.8447 0.176409
41.6721 10.8871 0.17909
41.7552 10.8415 0.183208
41.7564 10.9806 0.180912
41.6455 10.9414 0.17999
41.7831 10.8983 0.179038
41.6839 10.8446 0.175189
41.7091 10.8653 0.175999
41.5637 10.9682 0.181001
41.8209 10.902 0.182456
41.8233 10.8772 0.179062
41.7684 10.9044 0.177018
41.6611 10.8738 0.181082
41.7914 10.8895 0.176955
41.7636 10.8777 0.177239
41.74 10.961 0.179831
41.6324 10.9006 0.178122
41.8332 10.8637 0.180627
41.7707 10.8503 0.178817
41.7352 10.8997 0.178717
41.6969 10.9001 0.179897
41.7194 10.9734 0.182081
41.7865 10.8731 0.183691
41.7352 10.8461 0.182188
41.6153 10.8838 0.18111
41.7376 10.8344 0.180005
41.756 10.988 0.181567
41.7719 10.9019 0.181095
41.7353 10.9282 0.181006
41.682 10.8937 0.177535
41.6507 10.871 0.18041
41.6165 10.9318 0.179063
41.6055 10.9366 0.182413
41.7414 10.8912 0.181192
41.779 10.8769 0.18134
41.6386 11.0216 0.178978
41.7551 10.9966 0.180727
41.709 10.8339 0.178873
41.7835 10.9131 0.17986
41.7819 10.8254 0.177695
41.736 10.9434 0.179277
41.8196 10.939 0.180289
41.7805 10.9099 0.178042
41.7803 10.9651 0.178972
41.7484 10.7976 0.179828
41.7357 10.9016 0.179178
41.7148 10.9437 0.181183
41.7153 10.8978 0.180464
41.7566 10.9241 0.178942
41.7924 10.9103 0.179532
41.7745 10.9538 0.179481
41.809 10.8895 0.179294
41.6726 10.8981 0.180771
41.7972 10.8206 0.178222
41.7872 11.0724 0.177999
41.6572 10.9287 0.182402
41.6242 10.9527 0.183485
41.6365 10.9544 0.179874
41.7552 10.9584 0.179141
41.7053 10.9661 0.182532
41.7493 10.8807 0.17812
41.6837 10.8294 0.179472
41.6738 10.9047 0.179573
41.7398 10.7872 0.178153
41.7589 10.8125 0.180173
41.7306 10.8969 0.179001
41.7573 10.8547 0.176711
41.751 10.8083 0.178092
41.73 10.8104 0.180429
41.7327 10.9531 0.177744
41.7623 10.9276 0.175298
41.6289 10.944 0.17963
41.6092 10.953 0.180107
41.79 10.8468 0.180628
41.6751 10.8665 0.182868
41.68 10.7482 0.179753
41.7814 10.9515 0.175069
41.6941 10.8633 0.180857
41.717 10.9021 0.18021
41.6966 10.8984 0.176982
41.707 10.9304 0.179248
41.7584 10.9183 0.181629
41.6928 10.9385 0.180643
41.7164 10.9394 0.180058
41.6893 10.8866 0.180697
41.7351 10.9733 0.179439
41.8005 10.9414 0.177008
41.7045 10.9744 0.18331
41.7754 10.7862 0.179639
41.7355 10.9021 0.181165
41.7185 10.9429 0.18062
41.7555 10.8804 0.179282
41.7915 10.9241 0.179636
41.6174 10.8915 0.178484
41.6845 10.9081 0.177372
41.6817 10.9221 0.180007
41.6762 10.9005 0.179228
41.6516 10.9012 0.180298
41.8179 10.9903 0.177827
41.7124 10.998 0.180925
41.6284 10.984 0.181444
41.65 10.9782 0.178882
41.7694 10.9799 0.181665
41.6077 10.8995 0.181262
41.6407 10.8239 0.181606
41.737 11.0429 0.179167
41.7133 11.0125 0.17884
41.6913 10.9177 0.178046
41.7438 10.8537 0.17993
41.7313 11.0112 0.182464
41.7594 10.8898 0.177115
41.7637 10.895 0.179062
41.6735 10.9368 0.179764
41.6956 10.9251 0.182284
41.8081 10.8719 0.182331
41.829 11.0034 0.181086
41.703 10.9585 0.182815
41.7406 10.9885 0.178059
41.633 11.0139 0.183432
41.7169 10.9265 0.182485
41.7787 10.9032 0.179434
41.6771 10.8239 0.181806
41.7669 10.8423 0.178346
41.7999 10.9723 0.178314
41.6326 10.9509 0.180904
41.6805 10.8805 0.179122
41.665 10.975 0.18153
41.7288 10.8285 0.177014
41.75 10.8729 0.179217
41.6974 10.9791 0.180374
41.6803 10.9315 0.180431
41.806 10.8734 0.177709
41.7464 10.9408 0.176527
41.5747 10.8131 0.180505
41.6433 10.7973 0.180604
41.7035 10.9029 0.179059
41.7343 10.9002 0.178918
41.7398 10.8895 0.180218
41.6187 10.8577 0.177799
41.7288 10.9236 0.180629
41.7001 10.9102 0.181001
41.7056 10.9642 0.180236
41.6895 10.9198 0.178733
41.6925 11.0163 0.180002
41.7267 10.8518 0.177728
41.6424 10.9187 0.18002
41.7669 10.8532 0.180241
41.7384 10.9187 0.178228
41.6739 10.9748 0.179237
41.6755 11.0032 0.180726
41.6913 10.9301 0.179133
41.7292 10.7569 0.176407
41.6894 10.8499 0.178794
41.8012 10.9274 0.178007
41.7261 10.85 0.176919
41.7757 10.9788 0.182389
41.7247 10.8677 0.179528
41.7685 10.9058 0.18136
41.7454 10.8676 0.180552
41.6178 11.0288 0.18244
41.7339 10.9094 0.178224
41.741 10.8818 0.181391
41.7405 10.9138 0.178349
41.5858 11.0329 0.182866
41.7134 11.011 0.182441
41.7403 11.0476 0.178686
41.6663 10.8689 0.179162
41.7362 10.9337 0.17793
41.7345 10.8221 0.178641
41.6748 10.8912 0.17732
41.7668 10.886 0.180006
41.7487 10.8451 0.180606
41.7616 10.9614 0.182149
41.6357 10.9414 0.182488
41.7799 10.8196 0.181749
41.5919 10.8763 0.179371
41.546 10.8363 0.18121
41.7774 10.9175 0.177053
41.7686 10.8219 0.178003
41.6522 10.9125 0.18016
41.7706 10.8138 0.180442
41.7739 10.9836 0.179205
41.7385 10.8892 0.17832
41.6232 10.8614 0.181063
41.6502 10.9279 0.180208
41.5986 10.9117 0.179436
41.7793 10.902 0.178191
41.6871 10.9976 0.177761
41.5915 10.9458 0.179727
41.6886 11.0016 0.181807
41.6252 10.867 0.181005
41.874 10.8757 0.179886
41.6571 10.9238 0.183268
41.6919 10.8543 0.177218
41.7519 10.8569 0.179504
41.7842 10.8588 0.179031
41.7259 10.85 0.178472
41.6209 10.8543 0.181261
41.6225 10.9205 0.178422
41.7635 10.9639 0.180433
41.627 10.8591 0.181181
41.7482 10.9035 0.180083
41.8196 10.9642 0.182849
41.5859 10.9477 0.18001
41.7972 10.9907 0.180628
41.6822 10.9277 0.179398
41.7492 10.8172 0.178461
41.6145 10.9628 0.178456
41.7957 10.968 0.179506
41.6861 10.8899 0.176538
41.7427 10.9494 0.17988
41.7604 11.013 0.182229
41.6258 10.9473 0.17833
41.7075 10.9255 0.179394
41.7232 10.831 0.177059
41.6982 10.9474 0.179977
41.7688 10.8949 0.179361
41.8172 10.89 0.175566
41.8004 10.8984 0.176718
41.7954 10.8312 0.181287
41.6647 10.8913 0.183082
41.6209 10.8923 0.181578
41.5855 10.9015 0.181022
41.6026 10.8956 0.179578
41.7956 10.8948 0.180917
41.6682 10.9304 0.180833
41.6689 10.8467 0.178941
41.709 10.8951 0.178391
41.7476 10.9313 0.178916
41.6145 10.9353 0.182572
41.7606 10.8429 0.180155
41.7393 11.0491 0.180351
41.6998 10.8834 0.179035
41.6336 10.948 0.180714
41.7586 11.0219 0.17829
41.6286 10.9163 0.182671
41.7273 10.9767 0.178339
41.581 10.9453 0.179
41.6787 10.8925 0.1771
41.6072 10.8625 0.181972
41.6704 10.8933 0.179688
41.6427 10.9378 0.178864
41.8189 10.8824 0.176234
41.7108 10.8328 0.175894
41.7486 10.851 0.176796
41.768 10.9498 0.177857
41.7901 10.9011 0.17908
41.6879 10.9731 0.180592
41.7315 10.8378 0.179177
41.6481 10.9656 0.181243
41.7604 10.8661 0.180442
41.7476 10.9267 0.182375
41.7093 10.8783 0.180935
41.7087 10.8758 0.182016
41.7013 10.8806 0.177975
41.7508 10.9083 0.180673
41.702 10.9482 0.18009
41.665 11.0075 0.181287
41.7007 11.0066 0.178512
41.7255 10.9042 0.182153
41.7744 10.8573 0.178948
41.6601 10.8232 0.178183
41.7639 10.9053 0.177688
41.7181 10.923 0.177663
41.7251 10.8976 0.181627
41.7368 10.8393 0.179921
41.6147 10.9068 0.180278
41.6886 10.8173 0.177696
41.5836 10.7901 0.182001
41.7852 10.9359 0.179679
41.6877 10.903 0.176186
41.7683 10.9497 0.177466
41.8385 10.9981 0.177566
41.7928 10.9528 0.182344
41.7127 10.9649 0.176905
41.7224 10.8413 0.17947
41.6881 10.7997 0.179499
41.6824 10.8001 0.181617
41.8411 10.9626 0.179715
40.5134 11.4844 0.185969
41.7092 10.8842 0.181597
41.6694 10.9518 0.177329
41.7197 10.9077 0.177359
41.7075 10.926 0.176796
41.5873 10.9041 0.17935
41.8158 10.8687 0.177371
41.744 11.0064 0.178521
41.7569 10.8174 0.177004
41.7252 10.9106 0.180323
41.6603 10.9148 0.178685
41.6634 10.9967 0.178484
41.7339 10.8945 0.176521
41.7322 10.8932 0.177279
41.6922 10.9261 0.176932
41.7152 10.8343 0.179966
41.6947 10.8694 0.180246
41.7035 10.8414 0.179485
41.7825 10.9085 0.178451
41.6958 10.9438 0.176963
41.6722 10.877 0.179798
41.7191 10.815 0.17797
41.6571 10.9158 0.181942
41.7552 10.8685 0.179951
41.6564 11.0199 0.182496
41.7189 10.8314 0.181565
41.7067 10.9162 0.177909
41.6105 10.8921 0.181622
41.6681 10.9682 0.178897
41.6701 10.8668 0.177539
41.623 10.8861 0.177316
41.687 10.7993 0.177682
41.6548 10.9141 0.178254
41.587 10.9142 0.17827
41.6496 10.9707 0.183179
41.6351 10.9489 0.177799
41.7088 10.9091 0.18096
41.6596 10.94 0.181754
41.7422 10.9074 0.178506
41.6361 10.9875 0.178479
41.7365 10.9754 0.181704
41.7299 10.8613 0.180551
41.7403 10.9643 0.181705
41.6951 10.9098 0.176247
41.6272 10.8481 0.181625
41.8365 10.9342 0.180029
41.7056 10.9104 0.177816
41.6423 10.9632 0.178171
41.7382 10.8731 0.176559
41.6658 10.9697 0.178248
41.7539 10.9303 0.182007
41.6957 10.8515 0.180368
41.6931 10.9241 0.180029
41.7335 10.8743 0.178623
41.659 10.9151 0.178445
41.6705 10.9017 0.178874
41.709 10.845 0.180033
41.739 10.8395 0.17579
41.7638 11.0176 0.180055
41.6359 10.8765 0.181087
41.6808 10.9663 0.180048
41.7489 10.9194 0.180344
41.7247 10.9625 0.178964
41.6751 10.9766 0.178769
41.7504 11.0008 0.181393
41.655 10.8784 0.182221
41.8059 10.9481 0.178825
41.7642 11.0199 0.180124
41.7236 10.9838 0.180281
41.6452 10.9307 0.179476
41.7872 10.906 0.177351
41.7009 10.8576 0.178077
41.7783 10.8374 0.178798
41.6316 10.9131 0.18031
41.7719 10.9834 0.181328
41.7282 10.7887 0.181143
41.6623 10.8355 0.179942
41.7527 10.8032 0.179355
41.7872 10.941 0.178177
41.791 10.9939 0.178099
41.6755 11.0109 0.179108
41.644 10.9586 0.176184
41.6475 10.9256 0.179979
41.7529 10.8721 0.179768
41.7343 10.8624 0.180236
41.7257 10.899 0.17908
41.7543 10.9381 0.177353
41.7222 10.8954 0.178071
41.6465 10.9613 0.180576
41.7767 10.719 0.179286
41.6157 10.8965 0.17781
41.762 10.9127 0.178273
41.775 10.8188 0.180471
41.7432 10.8481 0.178588
41.6719 10.8837 0.178907
41.6458 10.9017 0.178749
41.6219 10.8504 0.179024
41.7163 10.9601 0.17925
41.6732 10.8326 0.182252
41.6918 10.7912 0.178882
41.6927 10.9401 0.178509
41.6165 10.9031 0.179354
41.7595 10.8907 0.177127
41.7102 10.8266 0.181379
41.7748 10.9705 0.180146
41.7021 10.9 0.182939
41.6741 10.9305 0.179759
41.6674 10.9885 0.180044
41.725 10.9791 0.182825
41.6355 10.9009 0.176569
41.7367 10.9615 0.177018
41.6462 10.962 0.181941
41.6406 10.8211 0.179609
41.7116 10.8763 0.178044
41.7029 10.9616 0.179683
41.6852 10.993 0.18197
41.6492 10.9128 0.18143
41.8579 10.9107 0.181348
41.6645 10.9413 0.178894
41.7171 10.917 0.179578
41.6126 10.9205 0.182519
41.699 10.9007 0.181638
41.7203 10.8424 0.177663
41.6101 10.9778 0.183155
41.6413 10.9057 0.180078
41.728 10.7856 0.178416
41.7093 10.9734 0.175594
41.7155 10.9364 0.181521
41.5684 10.8599 0.179366
41.6459 10.9509 0.183136
41.8271 10.9131 0.178775
41.7852 10.9112 0.177416
41.7338 10.9913 0.181541
41.7148 10.856 0.176136
41.7292 10.9173 0.181312
41.7536 10.923 0.180564
41.7287 10.8402 0.182414
41.6878 10.9632 0.178114
41.6722 10.927 0.178908
41.7081 10.9522 0.176869
41.7061 10.8146 0.1802
41.6614 10.8688 0.180988
41.7809 10.9104 0.176476
41.7327 10.9544 0.177704
41.6903 10.9374 0.178847
41.6409 10.9488 0.180097
41.6027 10.8608 0.179722
41.6771 10.9262 0.176076
41.7157 10.8709 0.179305
41.6932 10.8657 0.180123
41.7727 10.8202 0.17708
41.598 10.9325 0.183835
41.7567 11.0028 0.178072
41.7592 11.0085 0.180359
41.7031 10.9657 0.183349
41.7408 10.9719 0.178758
41.7141 10.9839 0.179267
41.6613 10.9907 0.180168
41.6156 11.0292 0.18442
41.7521 10.8627 0.177227
41.6945 10.8599 0.17791
41.6735 10.996 0.177978
41.7502 10.8935 0.183537
41.7935 10.9448 0.182857
41.596 10.8943 0.180924
41.665 10.9116 0.177414
41.7551 10.9753 0.18086
41.6377 10.9725 0.182496
41.7258 10.8948 0.181465
41.7078 10.8785 0.180126
41.7029 10.8556 0.178363
41.764 10.9066 0.179481
41.7366 10.9079 0.180113
41.7483 10.8036 0.179527
41.7112 10.9714 0.179244
41.693 10.8764 0.177273
41.6244 10.8813 0.181639
41.7199 10.7137 0.180597
41.717 10.7736 0.180543
41.6909 10.996 0.180531
41.7549 10.8796 0.179182
41.6637 10.8478 0.177195
41.6871 10.8699 0.181488
41.69 10.9186 0.17941
41.7053 10.8966 0.178931
41.7231 10.9776 0.179825
41.6264 10.9379 0.178228
41.6367 10.9082 0.178052
41.7531 10.9415 0.181258
41.6813 10.9067 0.178166
41.7136 10.9001 0.180531
41.811 10.9527 0.178972
41.6756 10.8675 0.179073
41.7255 10.9431 0.177058
41.6843 10.8678 0.178326
41.7999 10.8627 0.179165
41.6795 10.9187 0.178113
41.6146 10.9441 0.180876
41.6536 10.9559 0.178905
41.809 10.8479 0.178581
41.7713 10.8397 0.179007
41.6863 10.855 0.18108
41.7561 10.9949 0.182401
41.7875 10.8223 0.178323
41.6643 10.897 0.178891
41.6611 10.7769 0.17883
41.6961 10.765 0.177209
41.606 10.9182 0.178098
41.6637 10.9533 0.179931
41.676 10.8688 0.178206
41.7811 10.8905 0.180129
41.7109 10.8376 0.177048
41.6122 10.8053 0.17656
41.6554 10.913 0.179185
41.6074 10.9275 0.1829
41.6706 10.9978 0.181005
41.7195 10.9214 0.180423
41.7535 10.9181 0.178654
41.7135 10.8631 0.176093
41.7333 10.7741 0.176537
41.7596 11.0032 0.180922
41.6766 10.844 0.18282
41.7592 10.8975 0.180439
41.7074 11.0366 0.182899
41.6951 10.8492 0.177708
41.6392 10.9034 0.180363
41.7188 10.9018 0.178563
41.6684 10.9135 0.177892
41.6705 10.9611 0.178043
41.6754 10.9777 0.179871
41.7377 10.9616 0.18184
41.7322 10.915 0.17715
41.7573 10.932 0.180608
41.7367 10.8741 0.183629
41.7435 10.9769 0.180601
41.6543 10.9642 0.179983
41.6205 10.8656 0.180739
41.6762 10.892 0.177387
41.6292 10.8272 0.179489
41.6952 10.9116 0.179623
41.6922 10.89 0.181871
41.7366 10.8691 0.182372
41.6652 10.9395 0.181032
41.733 10.9711 0.179168
41.7221 10.9091 0.180433
41.7229 10.912 0.179549
41.739 10.956 0.180159
41.6873 11.0049 0.181729
41.6763 10.954 0.177749
41.6889 10.8941 0.180321
41.6215 10.8996 0.180359
41.6525 10.9189 0.179729
41.7462 11.0124 0.178965
41.8015 10.9745 0.178197
41.7276 10.949 0.176463
41.6751 10.9872 0.180863
41.6538 10.8469 0.179774
41.736 10.8777 0.178214
41.7286 10.8706 0.17733
41.7287 10.8777 0.178613
41.6238 10.7866 0.176797
41.5961 10.9091 0.180583
41.7871 10.9208 0.178289
41.7395 10.929 0.18246
41.7517 10.953 0.176476
41.6747 10.8263 0.178235
41.7109 10.9161 0.178727
41.5888 11.0082 0.182769
41.7298 10.9506 0.178391
41.6537 10.829 0.177647
41.6159 11.0178 0.17976
41.6648 10.8845 0.179861
41.713 10.9078 0.179387
41.7555 11.0163 0.180306
41.7225 10.857 0.180582
41.7242 10.9013 0.17909
41.7004 10.9634 0.178993
41.7316 10.873 0.180226
41.6873 10.9517 0.177297
41.682 10.8567 0.18009
41.676 10.8085 0.180001
41.6912 10.8373 0.176383
41.7158 10.9213 0.177743
41.6502 10.914 0.178304
41.5714 10.9251 0.179621
41.5609 10.9796 0.17978
41.7138 10.9415 0.178044
41.7501 10.9311 0.176096
41.7183 10.8761 0.179327
41.6615 10.8324 0.178191
41.7099 10.984 0.175645
41.6623 10.8779 0.181499
41.6403 10.8991 0.178647
41.5964 10.9218 0.17845
41.6626 10.8887 0.177622
41.7492 10.8952 0.179279
41.7318 10.8522 0.180067
41.6993 10.8395 0.181005
41.7365 10.8361 0.178552
41.7626 10.7955 0.177816
41.7175 10.9555 0.177331
41.6553 11.003 0.178326
41.684 10.9143 0.178033
41.6886 10.9494 0.181632
41.7729 10.9517 0.179293
41.6855 10.822 0.180609
41.6745 10.9162 0.181271
41.8178 10.8314 0.181041
41.6014 10.9428 0.182945
41.7981 10.7781 0.181548
41.644 10.9203 0.179941
41.6447 10.8859 0.179844
41.7253 10.8206 0.176564
41.7599 10.8286 0.176538
41.7676 10.9034 0.183725
41.7845 10.8286 0.179249
41.7228 10.8923 0.183025
41.6544 10.8982 0.184713
41.6511 10.883 0.180912
41.6986 10.9427 0.176534
41.6803 10.909 0.175909
41.8012 10.8914 0.178256
41.599 10.7497 0.179792
41.6962 10.8831 0.181756
41.6688 10.9637 0.183076
41.7099 10.9212 0.178978
41.6782 10.925 0.182443
41.618 10.8863 0.183085
41.6862 10.9335 0.182074
41.6481 10.8924 0.17796
41.6923 10.9627 0.181408
41.7204 10.9012 0.182049
41.7218 10.9454 0.17885
41.6811 10.8766 0.176942
41.6251 10.9396 0.181635
41.6495 10.9415 0.179544
41.6164 10.8866 0.179098
41.6293 10.9457 0.181077
41.6981 10.9223 0.17877
41.7378 10.9095 0.178713
41.7217 10.8927 0.179142
41.7154 10.9635 0.181416
41.6471 10.8932 0.179595
41.7777 10.9345 0.178469
41.8209 10.8965 0.179078
41.8365 10.9009 0.180323
41.8405 10.9506 0.179456
41.6992 10.9546 0.179711
41.7573 10.9132 0.175274
41.6576 10.9938 0.178346
41.6923 10.9285 0.180626
41.747 10.904 0.178608
41.8099 10.9718 0.176028
41.7575 10.8617 0.176961
41.7318 10.9874 0.177463
41.7835 10.9676 0.182386
41.7718 10.9404 0.181583
41.7585 10.7509 0.178908
41.7366 10.7305 0.1793
41.7173 10.8221 0.179383
41.733 10.8829 0.179364
41.5771 10.9597 0.1794
41.6956 10.9442 0.179366
41.6927 10.8896 0.180081
41.6769 10.8916 0.177057
41.6262 11.0343 0.183095
41.6818 10.9178 0.177604
41.7117 10.8506 0.178707
41.791 10.8262 0.179133
41.6597 10.9107 0.180494
41.7089 10.8228 0.180419
41.7205 10.9059 0.178387
41.5973 10.874 0.179003
41.65 10.8776 0.179303
41.7715 10.9485 0.178475
41.7686 10.8811 0.179573
41.6203 10.8106 0.179281
41.6441 10.9697 0.17798
41.6873 10.8989 0.177648
41.6859 10.9201 0.177423
41.7099 10.934 0.177059
41.8417 10.8258 0.177415
41.7379 10.8761 0.178012
41.6463 10.9143 0.179009
41.6214 10.8857 0.178139
41.6466 10.9604 0.178626
41.8197 10.9303 0.177834
41.7207 10.8899 0.177441
41.7692 10.9174 0.177591
41.7026 10.9207 0.177053
41.7924 10.8836 0.181974
41.7332 10.9017 0.178332
41.7133 10.9682 0.178552
41.7293 10.8445 0.181344
41.7891 10.8431 0.182051
41.6742 10.9233 0.180007
41.7789 10.8696 0.178016
41.6869 10.9898 0.181413
41.7858 10.8589 0.177785
41.6708 10.9211 0.179475
41.6643 10.8967 0.182856
41.6527 10.844 0.176929
41.7057 10.9564 0.183226
41.7396 10.9179 0.17893
41.6892 10.8979 0.179679
41.7204 10.8964 0.180096
41.7037 10.9123 0.178426
41.8037 10.8473 0.180407
41.6416 10.8603 0.178587
41.6855 10.9377 0.180442
41.7311 10.8214 0.176736
41.7404 10.8743 0.182164
41.737 10.9664 0.18146
41.8157 10.8463 0.177454
41.7461 11.0367 0.183481
41.777 10.8057 0.177038
41.7256 10.8026 0.176992
41.7118 11.0124 0.178417
41.673 10.9372 0.176318
41.7237 10.828 0.178989
41.7953 10.9387 0.17889
41.7823 10.94 0.179142
41.7901 10.8924 0.178867
41.7402 10.8368 0.180944
41.6696 10.8843 0.177264
41.8594 10.9386 0.180863
41.6802 10.9379 0.18015
41.6226 10.9562 0.180982
41.6919 10.8519 0.176417
41.6583 10.9122 0.179128
41.662 10.9521 0.179143
41.6822 10.8976 0.180704
41.7086 10.894 0.178241
41.7547 10.9105 0.179134
41.686 10.9448 0.179258
41.6839 10.8888 0.175138
41.7416 10.9521 0.177003
41.7007 10.9287 0.178752
41.7664 10.9164 0.17905
41.6272 10.8772 0.181051
41.7379 10.874 0.181141
41.7673 10.9501 0.180774
41.7505 10.8752 0.17932
41.6769 11.0001 0.179196
41.6916 10.8207 0.17933
41.6727 10.7808 0.177769
41.6864 10.9178 0.179253
41.6612 10.902 0.178559
41.7208 10.8384 0.178995
41.5448 10.966 0.180134
41.7416 10.9217 0.180988
41.7693 10.9248 0.177367
41.742 10.9133 0.18093
41.7643 10.8992 0.177449
41.6908 10.8675 0.178835
41.6636 10.9087 0.180721
41.6439 10.961 0.176501
41.716 10.8212 0.180318
41.6601 10.7632 0.180512
41.6937 10.8803 0.17821
41.7388 10.8946 0.178084
41.6629 10.9347 0.179543
41.683 10.8217 0.181399
41.7084 10.9178 0.180026
41.6552 10.9065 0.1791
41.7551 10.8081 0.179136
41.7514 10.9623 0.177216
41.7249 10.9355 0.178772
41.7183 10.988 0.177705
41.7683 10.9406 0.180663
41.7201 11.0247 0.181668
41.5964 10.8129 0.179915
41.5867 10.8087 0.179256
41.6951 10.8941 0.177205
41.6311 10.8603 0.180889
41.686 10.8686 0.180529
41.6987 10.8579 0.177708
41.7129 10.9286 0.181972
41.7122 10.857 0.176442
41.7447 10.9721 0.179914
41.7015 10.9158 0.179843
41.7732 10.8631 0.17767
41.645 11.0185 0.181044
41.7405 10.8597 0.179039
41.7732 10.9401 0.176661
41.6312 10.9051 0.179995
41.7409 10.8398 0.180868
41.7525 10.8553 0.180419
41.7706 10.8519 0.180887
41.5953 10.8042 0.181542
41.6813 11.0267 0.180489
41.6603 10.8252 0.180764
41.6882 10.9137 0.176864
41.6583 10.913 0.181357
41.696 10.83 0.176159
41.6895 10.8454 0.17967
41.6685 10.8837 0.18263
41.6745 10.9392 0.179722
41.8692 10.882 0.179126
41.8395 10.8837 0.180025
42.0471 11.368 0.183008
41.8121 10.8277 0.179727
41.7068 10.9938 0.180988
41.7162 10.9409 0.179121
41.7259 10.9916 0.180533
41.6871 10.9349 0.183429
41.6926 10.9644 0.179456
41.7599 10.9206 0.178088
41.6755 10.8848 0.181482
41.7885 10.8758 0.17933
41.7494 10.9276 0.179682
41.7765 10.9096 0.181725
41.7281 10.8364 0.178072
41.8143 10.9236 0.179453
41.7086 10.8013 0.180233
41.7566 10.8808 0.183073
41.7544 10.929 0.18418
41.6953 10.9665 0.179523
41.8035 10.8466 0.175323
41.747 10.9633 0.182106
41.7594 10.9708 0.177944
41.7189 10.9456 0.179927
41.7304 10.9967 0.177585
41.6859 10.9951 0.179116
41.5905 10.8739 0.180828
41.7478 10.8703 0.178003
41.7191 10.95 0.180983
41.707 10.9077 0.178747
41.7331 10.9328 0.179567
41.7254 10.868 0.1792
41.6986 11.0134 0.177866
41.6687 10.9187 0.182467
41.6938 10.9097 0.179606
41.6985 10.9373 0.17883
41.7536 10.8754 0.180495
41.7986 11.0012 0.179884
41.8285 10.8263 0.177232
41.7184 10.9881 0.176658
41.7032 10.884 0.17985
41.693 10.849 0.178445
41.8204 10.9459 0.181138
41.7418 10.8588 0.177166
41.831 10.8918 0.179724
41.6904 10.9443 0.180561
41.7749 10.9209 0.17785
41.6103 10.9346 0.178502
41.7433 10.9378 0.183508
41.6794 10.8961 0.177447
41.7172 10.9262 0.179073
41.6845 10.8767 0.181074
41.605 10.9531 0.179788
41.6861 10.8671 0.180618
41.7505 11.0245 0.179879
41.8395 10.8521 0.179206
41.6369 10.9019 0.176764
41.6753 10.9174 0.178241
41.7094 10.8899 0.180425
41.6454 10.9958 0.177836
41.8052 10.8712 0.176434
41.7341 10.8314 0.177875
41.5809 10.9228 0.179009
41.8249 10.9219 0.179834
41.6918 10.9258 0.181913
41.7312 10.9604 0.182127
41.7178 10.9153 0.182545
41.7716 10.8669 0.178129
41.7211 10.9713 0.179574
41.7261 11.027 0.179116
41.7765 10.9624 0.178495
41.7175 10.8226 0.178446
41.7669 10.8165 0.179366
41.5963 10.7943 0.175999
41.7719 10.8566 0.178647
41.8512 10.8313 0.178731
41.8028 11.0362 0.175962
41.7069 10.9534 0.180236
41.7084 10.9672 0.181358
41.8745 10.8238 0.180252
41.7252 10.8566 0.179968
41.7128 10.9349 0.179682
41.7562 10.8583 0.176689
41.8146 10.8053 0.181493
41.6847 10.9586 0.180339
41.6905 10.9291 0.180075
41.7241 10.8873 0.183124
41.7063 11.0079 0.180626
41.6394 10.9162 0.180453
41.7604 10.8211 0.177508
41.6125 10.9472 0.179155
41.619 10.898 0.180846
41.7342 10.8646 0.180213
41.808 10.885 0.176078
41.7501 10.9038 0.18234
41.8268 10.8334 0.180202
41.7417 10.9145 0.180368
41.7106 10.8332 0.178773
41.6122 10.8553 0.179172
41.6682 10.8518 0.178717
41.7245 10.9376 0.180257
41.6305 10.9085 0.177989
41.7129 10.8798 0.181573
41.7751 10.9391 0.180872
41.6511 10.8226 0.184561
41.7913 10.8454 0.177184
41.7854 10.8068 0.179625
41.73 10.9542 0.178682
41.7396 10.9063 0.180579
41.7421 10.9566 0.17823
41.8048 10.8808 0.176556
41.7315 10.884 0.179184
41.6689 11.0097 0.180328
41.6675 10.8982 0.18026
41.6665 10.8893 0.177865
41.7995 11.0019 0.17571
41.8294 10.8318 0.176822
41.657 10.97 0.180438
41.7883 10.8787 0.179327
41.6572 10.9401 0.182291
41.6668 10.8776 0.1833
41.7498 10.9907 0.181939
41.6545 10.8864 0.179996
41.6156 10.8356 0.175979
41.6383 10.9226 0.179939
41.7677 10.8259 0.181537
41.7854 10.9736 0.17994
41.7416 10.8637 0.176758
41.7709 10.95 0.179995
41.7214 10.8748 0.179753
41.6544 10.9053 0.179021
41.6986 10.9595 0.178716
41.7145 10.8585 0.177332
41.7298 10.8731 0.179398
41.7774 10.9089 0.179187
41.8014 10.9298 0.181195
41.6131 10.9017 0.179591
41.6875 10.7711 0.17809
41.5968 10.8839 0.183699
41.5779 10.9368 0.17932
41.7441 10.9617 0.180849
41.6857 10.8998 0.179371
41.708 10.9725 0.179094
41.7538 10.9283 0.179237
41.7874 10.8788 0.177822
41.7104 10.8205 0.181394
41.7231 10.885 0.17876
41.7011 10.9668 0.181243
41.7375 10.8352 0.18142
41.8003 10.8572 0.177393
41.7447 10.8223 0.178692
41.6608 10.8417 0.180865
41.9334 10.959 0.179962
41.6692 10.9095 0.18166
41.6382 10.8697 0.180674
41.8733 10.8367 0.179384
41.8195 11.0196 0.177428
41.8219 10.8953 0.178712
41.726 10.9304 0.179696
41.6913 10.9704 0.182644
41.668 10.8581 0.180472
41.7866 10.8366 0.177482
41.6677 10.8259 0.176846
41.748 10.908 0.177203
41.6758 10.8437 0.179597
41.7505 10.9396 0.18038
41.8067 10.8874 0.178702
41.6785 10.9233 0.179896
41.7919 10.9464 0.178001
41.6165 11.097 0.179759
41.6431 10.9409 0.181374
41.8077 10.8053 0.177052
41.7136 10.8821 0.178642
41.6512 10.9387 0.182057
41.6488 10.9419 0.178045
41.7797 10.9646 0.181858
41.6654 10.8577 0.177746
41.7141 10.8364 0.177916
41.7324 10.9382 0.180398
41.655 10.9334 0.180895
41.6773 10.956 0.181563
41.6694 10.9081 0.178949
41.7242 10.9504 0.177257
41.6565 10.9346 0.181244
41.6734 10.7757 0.177457
41.6412 10.9052 0.179031
41.7833 10.9741 0.175602
41.7846 10.7813 0.174945
41.6933 10.9105 0.176824
41.6158 11.0486 0.183608
41.5907 10.8586 0.183088
41.6381 10.9877 0.18215
41.6778 10.8588 0.178041
41.7085 10.8388 0.180179
41.7014 10.8614 0.178907
41.7076 11.0462 0.179356
41.742 10.8929 0.181102
41.7477 10.9185 0.178733
41.7114 10.9314 0.180122
41.7119 10.8425 0.177473
41.6739 10.9578 0.181375
41.6919 10.911 0.181349
41.8852 10.8937 0.181388
41.7766 10.9315 0.179945
41.7091 10.9207 0.177905
41.6713 10.8012 0.179205
41.5933 10.9072 0.180617
41.6618 10.9743 0.180337
41.7528 10.8516 0.178012
41.6643 10.8508 0.176997
41.6359 10.9968 0.1798
41.6757 10.9161 0.179206
41.7215 10.8622 0.178911
41.7577 11.0675 0.180287
41.8408 10.8775 0.178896
41.7046 10.8328 0.179856
41.6229 10.9407 0.180239
41.7051 10.8588 0.179296
41.5446 10.9052 0.179349
41.7941 10.939 0.180803
41.7267 10.9171 0.180488
41.636 10.8626 0.179693
41.6641 10.8901 0.179712
41.66 10.8519 0.179123
41.7244 10.9244 0.179718
41.694 10.8894 0.179796
41.6936 10.9331 0.182276
41.6817 10.9455 0.179073
41.7258 10.8666 0.179916
41.7125 10.9371 0.181337
41.9133 10.9904 0.180604
41.7116 10.8762 0.178719
41.6223 10.8968 0.179989
41.8583 10.8753 0.178695
41.8091 10.9877 0.176075
41.7281 10.8934 0.180686
41.7282 10.9047 0.181169
41.8328 10.8584 0.179865
41.6759 10.8193 0.178249
41.771 10.8557 0.175734
41.687 10.882 0.17934
41.6894 10.8963 0.17813
41.7448 10.8747 0.178848
41.8113 10.9363 0.175708
41.7004 10.8561 0.179205
41.7201 10.9618 0.178197
41.7834 10.9115 0.179298
41.7613 10.9933 0.179674
41.7203 10.9048 0.174972
41.7187 10.9272 0.180771
41.7831 10.9833 0.181506
41.8417 10.8465 0.176887
41.7415 10.8771 0.178244
41.761 10.9531 0.177129
41.6982 10.9906 0.175962
41.783 10.8912 0.182245
41.7776 10.9054 0.180281
41.7211 11.0119 0.178523
41.7283 10.9506 0.180119
41.7393 10.8526 0.178388
41.7136 11.0151 0.181416
41.7176 10.9348 0.177966
41.712 10.8871 0.177976
41.6548 10.9115 0.18089
41.7183 11.0663 0.183107
41.761 10.7874 0.17982
41.7216 10.9574 0.178533
41.66 10.8372 0.180685
41.8113 11.0144 0.178106
41.8488 10.9038 0.175216
41.7488 10.9793 0.181255
41.6916 10.8576 0.183061
41.6943 10.7723 0.176257
41.6839 10.919 0.178041
41.7833 10.9331 0.177493
41.7296 10.9536 0.177539
41.6695 10.8993 0.178415
41.7556 10.8762 0.177767
41.7521 10.8523 0.177695
41.6271 10.988 0.181558
41.6965 10.956 0.180361
41.7996 10.7423 0.180437
41.7167 10.9937 0.181891
41.7645 10.8866 0.181144
41.7514 10.9264 0.180674
41.9262 10.8754 0.177819
41.6851 11.0031 0.180019
41.722 10.8587 0.179903
41.7632 10.8542 0.17996
41.8693 10.9078 0.179539
41.7663 10.9375 0.179155
41.7114 10.896 0.179771
41.6844 10.9374 0.178602
41.7329 10.8437 0.178598
41.7476 10.9609 0.179828
41.6866 10.9018 0.181707
41.7104 10.9619 0.18172
41.7443 10.8646 0.182753
41.738 10.9903 0.178598
41.7798 10.985 0.18196
41.8244 10.9857 0.179348
41.669 10.7801 0.179061
41.6933 10.8649 0.179268
41.6424 10.8198 0.175821
41.7306 10.8651 0.179299
41.7033 10.8601 0.180271
41.864 11.0018 0.174617
41.7021 10.9503 0.180376
41.7159 10.9662 0.181363
41.6953 10.91 0.18091
41.6754 10.9847 0.18074
41.6538 10.9502 0.181421
41.6771 10.8789 0.17931
41.774 10.9093 0.180042
41.6644 10.9875 0.180932
41.6947 10.8891 0.179357
41.7747 10.9481 0.179438
41.713 10.8886 0.178357
41.6497 10.986 0.176181
41.6887 10.9132 0.180249
41.8075 10.8623 0.183253
41.8214 10.8454 0.178401
41.7494 10.9151 0.174925
41.7338 10.9759 0.178348
41.689 10.9367 0.180324
41.7623 10.9592 0.177718
41.696 10.8704 0.179418
41.7542 11.0153 0.180835
41.7372 10.9034 0.180915
41.7717 10.9583 0.18048
41.7544 10.9395 0.179022
41.7338 10.9081 0.179572
41.6994 10.8675 0.177689
41.7201 10.9682 0.182136
41.7378 10.8016 0.181236
41.6772 10.9896 0.180282
41.7755 10.8411 0.180476
41.6999 10.9686 0.179519
41.7275 10.8879 0.180406
41.7314 10.9392 0.179717
41.7115 10.8616 0.178533
41.6291 10.9458 0.183623
41.6983 10.9411 0.181545
41.7826 10.9876 0.17728
41.872 10.8433 0.175401
41.8099 10.8216 0.173423
41.7174 10.9612 0.178639
41.7938 10.8721 0.177469
41.6355 10.9053 0.181324
41.6262 10.8994 0.178921
41.6207 10.9643 0.18014
41.7022 10.943 0.175832
41.7687 10.8951 0.179051
41.8158 11.03 0.180581
41.8073 10.8097 0.179846
41.6879 10.8593 0.177706
41.7904 10.9248 0.178201
41.6409 10.9224 0.177194
41.7304 10.8414 0.177195
41.6535 10.9334 0.181153
41.7666 10.8729 0.182279
41.7445 10.8664 0.183159
41.7476 10.9331 0.180901
41.6774 10.9962 0.179643
41.6792 10.8071 0.176632
41.7246 10.9646 0.179467
41.7252 10.924 0.179215
41.8204 10.9156 0.178865
41.7581 10.8732 0.180883
41.6766 10.8759 0.17971
41.6905 10.9054 0.183092
41.6903 10.7881 0.180165
41.7015 10.8779 0.182635
41.7189 10.9344 0.181665
41.7426 10.9027 0.17722
41.7265 10.933 0.179791
41.6944 10.89 0.178969
41.6673 10.9452 0.179903
41.6465 10.8084 0.174203
41.6336 10.8413 0.180538
41.7667 11.0139 0.178265
41.729 10.8356 0.180718
41.7462 10.8466 0.17689
41.7604 11.001 0.180139
41.6339 10.9916 0.183017
41.7146 10.8916 0.178042
41.6169 10.8531 0.179918
41.7947 10.8066 0.177318
41.7835 10.8921 0.180721
41.7474 10.8177 0.177685
41.7969 10.8314 0.176639
41.658 11.0098 0.178487
41.636 10.9341 0.17902
41.7571 10.8393 0.180263
41.814 10.9014 0.175932
41.7661 10.8898 0.175144
41.6798 10.9885 0.177339
41.7961 10.8543 0.1795
41.6342 10.9432 0.181073
41.6597 10.9866 0.179648
41.846 10.9041 0.180826
41.741 11.0438 0.177946
41.702 10.8538 0.180983
41.6353 10.891 0.18149
41.6567 10.8826 0.179065
41.8016 10.9672 0.178362
41.7028 10.9874 0.182918
41.7414 11.0271 0.178233
41.6887 10.79 0.181679
41.6917 10.8525 0.179509
41.6402 10.9004 0.17945
41.8177 10.8653 0.177897
41.8139 11.0155 0.177275
41.8085 10.9845 0.181853
41.833 10.8062 0.176284
41.8028 10.8166 0.176612
41.6663 10.8799 0.176058
41.81 10.8035 0.179065
41.6935 10.8431 0.180037
41.621 10.9685 0.18201
41.6846 10.9163 0.178767
41.7088 10.9394 0.181011
41.6687 11.0901 0.182895
41.6055 10.8152 0.178067
41.63 11.0004 0.178001
41.7559 10.9148 0.177413
41.7032 10.9928 0.181264
41.8533 10.9136 0.178409
41.7001 10.9385 0.179461
41.7102 10.9675 0.178068
41.6902 10.9708 0.177868
41.7424 10.8779 0.180122
41.6832 10.8468 0.174581
41.6966 10.9064 0.179195
41.6859 10.8974 0.177869
41.8017 10.8544 0.178411
41.6641 10.9484 0.181316
41.7046 10.9784 0.18138
41.6941 10.8422 0.175695
41.6534 10.9474 0.183182
41.7719 10.9567 0.181684
41.6828 10.8723 0.178651
41.7502 11.0276 0.179857
41.7859 10.9812 0.181436
41.6891 10.9131 0.177533
41.7713 10.9349 0.18043
41.694 10.8787 0.17943
41.7332 10.9674 0.179995
41.7253 10.8528 0.178939
41.7059 10.8212 0.183615
41.7243 10.8208 0.180304
41.7022 10.9428 0.182242
41.7498 10.7789 0.177897
41.834 10.9785 0.178338
41.8823 10.9758 0.181844
41.6859 10.8547 0.177541
41.722 10.8709 0.181107
41.6857 10.9586 0.180179
41.8357 11.0323 0.176004
41.6603 11.013 0.182454
41.777 10.899 0.180607
41.685 10.8564 0.177178
41.7746 10.8205 0.177627
41.843 10.8031 0.177204
41.7197 10.849 0.179342
41.6843 10.9656 0.177747
41.7314 10.9724 0.179511
41.7426 10.9038 0.180066
41.6902 10.97 0.182605
41.6991 10.8727 0.180149
41.741 10.8454 0.179956
41.7276 10.9598 0.180476
41.7674 10.8699 0.174953
41.7938 10.8046 0.180277
41.6608 10.8771 0.18036
41.7599 10.8675 0.180522
41.6865 11.0097 0.182076
41.725 10.9754 0.178466
41.7663 10.9238 0.18094
41.688 10.8843 0.180382
41.7247 10.9684 0.180375
41.7885 10.7726 0.181923
41.7379 10.9424 0.181644
41.6939 10.899 0.178468
41.7362 10.9067 0.178357
41.7349 10.9261 0.178984
41.6075 10.9495 0.178483
41.6903 10.8716 0.179497
41.6299 10.9635 0.180086
41.8009 10.9878 0.181311
41.6085 10.875 0.179519
41.818 11.0041 0.175556
41.6691 10.8188 0.180792
41.7324 10.9376 0.176849
41.6792 10.8501 0.183421
41.7276 10.8728 0.178509
41.7205 10.7864 0.180449
41.7665 10.9105 0.178795
41.8227 10.9313 0.177021
41.7455 10.8807 0.180852
41.7602 11.103 0.178997
41.7625 10.9151 0.178061
40.3845 12.0842 0.208882
41.7227 10.947 0.178729
41.7429 10.8982 0.17812
41.7046 10.8137 0.179245
41.7675 10.7911 0.177194
41.7187 10.8184 0.179349
41.772 10.9014 0.179487
41.7358 10.8639 0.184973
41.6614 10.8681 0.181581
41.6759 10.8794 0.181285
41.6896 10.8931 0.181071
41.8875 10.8029 0.177537
41.8814 10.8733 0.179523
41.8723 10.9649 0.17979
41.7456 10.8191 0.179051
41.704 10.8881 0.178806
41.594 10.9521 0.180528
41.7909 10.8793 0.181585
41.7586 10.898 0.181217
41.6588 10.9406 0.177315
41.6499 10.9257 0.182237
41.7379 10.9355 0.175656
41.6546 10.7618 0.179088
41.7114 10.8519 0.178114
41.5808 10.8896 0.180079
41.6202 10.9193 0.183733
41.6494 10.8892 0.182549
41.6947 10.8738 0.177986
41.6661 10.8754 0.179952
41.6319 10.9006 0.177546
41.7362 10.9856 0.179583
41.7963 10.958 0.177543
41.7152 10.9769 0.182594
41.7847 10.8301 0.177577
41.6962 10.9919 0.184344
41.6994 10.8471 0.183387
41.7382 10.8144 0.175997
41.7607 10.8547 0.174759
41.7414 10.9857 0.179624
41.803 10.9556 0.180296
41.7544 10.9085 0.179607
41.7872 10.9179 0.179462
41.7161 10.886 0.179041
41.8707 10.8487 0.179621
41.7527 10.8089 0.177168
41.6974 10.8855 0.1776
41.667 10.8335 0.180748
41.7248 10.9148 0.179385
41.6205 10.8224 0.17802
41.6758 10.9344 0.179942
41.6522 10.9039 0.180919
41.7592 10.9143 0.180155
41.7478 11.0132 0.177982
41.6788 10.8872 0.179549
41.7585 10.8291 0.180091
41.6834 10.8081 0.179778
41.8522 10.8986 0.17757
41.7975 10.81 0.178533
41.7558 10.8773 0.181208
41.6809 10.8839 0.178912
41.7693 10.9653 0.180185
41.6339 10.9532 0.178889
41.6588 10.9767 0.182056
41.6771 10.9345 0.177046
41.6854 10.9231 0.176001
41.7737 10.934 0.178839
41.7399 10.9463 0.180936
41.7675 10.8938 0.176767
41.6818 10.7734 0.18523
41.6529 10.8317 0.180143
41.6282 10.8803 0.177296
41.6839 10.9484 0.183676
41.7161 10.9199 0.17754
41.6668 10.9422 0.178421
41.7339 10.98 0.181121
41.7514 10.8482 0.176665
41.6855 10.8756 0.17876
41.7507 10.9681 0.176082
41.7182 10.8066 0.17593
41.7319 10.9947 0.178403
41.7381 11.0518 0.177962
41.7741 10.9843 0.179394
41.8438 10.8257 0.178814
41.8851 10.8659 0.176155
41.6836 10.8971 0.181954
41.7483 10.8675 0.179998
41.6172 10.9272 0.183021
41.6804 10.9191 0.182732
41.7252 10.8587 0.179175
41.6987 10.8862 0.180442
41.6496 10.8521 0.180045
41.8178 10.911 0.179337
41.6676 10.9152 0.178895
41.6935 10.9115 0.180969
41.7543 10.848 0.177489
41.7549 10.9236 0.181446
41.8177 10.8175 0.180231
41.6517 10.8868 0.17922
41.7392 10.8032 0.181268
41.7627 10.9878 0.17958
41.71 10.8321 0.179437
41.7285 10.8842 0.179069
41.7654 10.8825 0.17865
41.6164 10.7828 0.179907
41.5992 10.9234 0.18321
41.6855 10.885 0.181091
41.8337 10.9399 0.179834
41.6844 10.8661 0.183371
41.6657 10.7631 0.181369
41.7526 10.8839 0.180745
41.8657 10.8779 0.179428
41.7996 10.7747 0.178857
41.6338 10.8468 0.180214
41.6962 10.8964 0.17757
41.6903 10.7944 0.180713
41.672 10.8799 0.179947
41.6469 10.9332 0.181849
41.6601 10.9656 0.180481
41.9026 10.8576 0.177115
41.7561 10.8715 0.179167
41.875 11.0011 0.180241
41.7332 10.9632 0.18033
41.7102 10.9729 0.182732
41.7255 10.8847 0.179881
41.7402 10.9466 0.173109
41.7601 10.8756 0.179029
41.689 10.8398 0.17555
41.6307 10.8468 0.181816
41.8367 10.9816 0.177746
41.7624 10.804 0.179594
41.8227 10.9921 0.17755
41.6943 10.8659 0.17714
41.8037 10.8449 0.179114
41.7457 10.8291 0.178514
41.8271 10.941 0.180367
41.7056 10.8177 0.178668
41.654 10.842 0.177221
41.7262 10.8617 0.18154
41.7146 10.9186 0.180261
41.776 10.9393 0.182305
41.7796 10.9262 0.179122
41.7814 10.9631 0.17889
41.681 11.0954 0.18439
41.7332 10.8322 0.178256
41.6643 10.9003 0.18169
41.6704 10.8093 0.180526
41.6279 10.9217 0.179826
41.737 10.8022 0.182264
41.7325 10.8099 0.180333
41.8022 10.8903 0.177191
41.78 10.8555 0.180398
41.6052 10.9445 0.183222
41.733 10.9612 0.178069
41.6421 10.9831 0.180487
41.7006 10.954 0.177644
41.6429 10.7609 0.180031
41.6803 10.942 0.181474
41.7871 10.9024 0.178442
41.7153 10.9306 0.178629
41.6854 10.9275 0.18245
41.6584 10.9035 0.181873
41.7675 10.8455 0.179803
41.7352 10.8751 0.179334
41.656 10.9311 0.17986
41.6692 10.7959 0.17902
41.7564 10.9768 0.182322
41.7694 10.9718 0.179181
41.7204 10.874 0.178379
41.6943 10.9081 0.17712
41.7245 10.9582 0.180646
41.7176 10.8393 0.176886
41.6693 10.7591 0.176331
41.6863 10.9463 0.181642
41.7885 10.9696 0.181153
41.7157 10.8086 0.178077
41.6923 10.8998 0.176025
41.7218 10.9759 0.177008
41.7314 10.8954 0.178477
41.7248 10.9464 0.179814
41.7919 10.9527 0.176649
41.867 10.9091 0.178077
41.6997 10.797 0.178457
41.6509 10.891 0.182801
41.7164 10.8618 0.179562
41.665 10.9538 0.179695
41.7105 10.8332 0.179025
41.7434 10.7313 0.176756
41.7395 10.8524 0.178719
41.6182 10.8704 0.180048
41.8101 10.8048 0.18307
41.5978 10.9299 0.18006
41.732 10.9204 0.181292
41.7213 10.8529 0.179038
41.7442 10.8759 0.178845
41.7571 10.8594 0.178771
41.6276 10.8653 0.178465
41.5553 10.8288 0.177609
41.5368 10.9487 0.182502
41.7244 10.829 0.18016
41.7298 11.0151 0.178974
41.7119 10.8611 0.180567
41.7708 10.9475 0.176838
41.7916 10.9412 0.178043
41.867 10.8227 0.178083
41.7144 10.9216 0.17853
41.8024 10.8494 0.181504
41.7478 10.8857 0.177209
41.698 10.8466 0.180207
41.7045 10.9532 0.181594
41.9093 10.8502 0.177408
41.6993 10.9077 0.181693
41.7125 10.9773 0.179047
41.5936 11.0287 0.18077
41.6519 10.8897 0.180846
41.7009 10.8831 0.178612
41.7931 10.9527 0.183486
41.7729 10.9134 0.175411
41.5954 11.0104 0.17978
41.6288 10.8322 0.177248
41.7611 10.8835 0.178845
41.6747 10.9534 0.176621
41.7887 10.9578 0.176736
41.5898 10.9508 0.182002
41.795 10.9201 0.179519
41.706 10.8325 0.178585
41.6217 11.0031 0.181323
41.7486 10.8092 0.182102
41.6507 10.8436 0.179796
41.7078 10.8535 0.177543
41.7985 10.9539 0.179011
41.7674 10.9276 0.179281
41.7579 10.844 0.177622
41.6382 10.9688 0.177966
41.7588 10.9433 0.181718
41.6601 10.9654 0.177075
41.7431 10.8825 0.17994
41.7586 10.9243 0.181267
41.6888 10.9222 0.182822
41.6766 10.9331 0.184695
41.868 10.7508 0.179235
41.7791 10.8782 0.178196
41.7009 10.8407 0.17815
41.7471 10.8376 0.181671
41.7727 10.9027 0.178185
41.7137 10.9275 0.176107
41.6483 10.9378 0.181924
41.6823 10.8797 0.181301
41.7041 10.9133 0.184421
41.7263 10.9846 0.179262
41.7349 10.9517 0.182699
41.7389 10.8601 0.179241
41.7843 10.8549 0.179632
41.6043 10.9312 0.181517
41.6733 10.8422 0.176991
41.6551 10.8625 0.179092
41.776 10.9885 0.178858
41.7309 10.9185 0.180362
41.6983 10.8033 0.178044
41.7238 10.8525 0.179313
41.8061 11.0135 0.179361
41.6467 10.7654 0.177368
41.6996 11.0716 0.183277
41.6551 10.8829 0.180333
41.7235 10.8727 0.174945
41.7292 10.9186 0.180238
41.8254 10.912 0.178305
41.5904 10.9266 0.180221
41.6552 10.8331 0.178056
41.7212 10.8197 0.175208
41.794 10.8587 0.18065
41.6972 10.7723 0.175953
41.7253 10.9301 0.180828
41.6527 10.8791 0.181204
41.7359 10.8198 0.182922
41.7138 10.9799 0.182637
41.703 10.961 0.18129
41.6952 10.9314 0.179786
41.7545 10.8513 0.179508
41.7424 10.9131 0.179778
41.7485 10.9381 0.180163
41.6206 10.8437 0.177554
41.71 10.8303 0.180533
41.7112 10.857 0.179675
41.7782 10.9938 0.182514
41.6961 10.8678 0.184326
41.7375 10.8774 0.178225
41.7917 11.002 0.180427
41.7772 10.8727 0.177031
41.6885 10.8716 0.17995
41.6609 10.8632 0.177156
41.7495 10.9421 0.17937
41.6726 10.8839 0.181595
41.8819 10.8657 0.178091
41.7721 10.849 0.180743
41.8343 10.9753 0.179751
41.7728 10.8731 0.180956
41.632 10.8163 0.181963
41.6392 10.8638 0.179611
41.7603 10.8176 0.181512
41.6886 10.6933 0.179622
41.6766 10.8352 0.180802
41.7039 10.8187 0.178933
41.7111 10.8897 0.180737
41.6229 10.9396 0.181123
41.6854 10.9821 0.185148
41.7482 10.9709 0.178946
41.7538 10.8489 0.179666
41.8042 10.8555 0.176339
41.6668 10.8954 0.18213
41.7757 10.8596 0.178308
41.6893 10.8159 0.177393
41.7169 11.0104 0.183964
41.8032 10.9496 0.180184
41.7619 10.952 0.177856
41.7132 10.9246 0.179714
41.7545 10.9162 0.177985
41.8132 10.9194 0.18155
41.7325 10.7301 0.179296
41.7107 10.79 0.180763
41.8354 10.836 0.178542
41.6694 10.8922 0.181004
41.7164 10.8797 0.178352
41.764 10.8288 0.181257
41.5919 10.8405 0.177455
41.6583 10.9847 0.178978
41.7538 10.9564 0.177999
41.7237 10.898 0.176751
41.721 10.9632 0.176688
41.688 10.9246 0.177405
41.7049 10.9118 0.180925
41.7551 10.93 0.178234
41.7516 10.9338 0.179694
41.7676 10.9765 0.180289
41.7419 10.8693 0.179839
41.7984 10.8729 0.179738
41.793 10.8532 0.17982
41.6228 10.8715 0.176944
41.763 10.8408 0.180893
41.7919 10.9471 0.179457
41.6589 10.8731 0.181513
41.7628 10.8375 0.176551
41.7136 10.9501 0.17989
41.7527 10.9929 0.179972
41.8689 10.8149 0.177518
41.6634 10.9362 0.178711
41.7327 10.9134 0.181685
41.6513 10.9244 0.181937
41.6994 10.907 0.181246
41.776 10.9046 0.179565
41.7803 10.8794 0.178027
41.6693 10.9234 0.175824
41.6892 10.8933 0.179767
41.5797 10.8848 0.179933
41.6666 10.8765 0.18202
41.7011 10.8319 0.179069
41.6869 10.9083 0.175766
41.8203 10.9151 0.180227
41.6954 10.8994 0.179524
41.7068 10.9456 0.182503
41.7093 10.8115 0.175587
41.7336 10.9023 0.179484
41.6654 10.9976 0.180276
41.6848 10.8894 0.180494
41.7362 10.8045 0.179133
41.7328 10.9009 0.180123
41.7353 10.9335 0.179159
41.8033 10.9031 0.178352
41.757 10.8504 0.178506
41.6994 10.8713 0.181735
41.642 10.888 0.179272
41.7152 10.9311 0.180111
41.8004 10.949 0.184088
41.721 10.9852 0.1766
41.7363 10.8967 0.178575
41.8346 10.9922 0.179109
41.7433 10.8596 0.179252
41.6784 10.8572 0.181279
41.734 10.8072 0.178984
41.7666 10.9727 0.183724
41.6328 10.9651 0.182103
41.7614 10.8694 0.178856
41.6478 10.8905 0.181155
41.9379 10.849 0.176922
41.7687 10.9384 0.180113
41.7067 10.9087 0.180093
41.7288 10.9102 0.179833
41.7058 10.9097 0.180279
41.6984 10.945 0.175837
41.7471 10.868 0.181557
41.7123 10.8849 0.182012
41.7736 10.8397 0.180931
41.7132 11.0215 0.183015
41.7485 10.881 0.18167
41.6788 10.8376 0.178298
41.6682 10.9836 0.183046
41.7641 11.015 0.17913
41.7778 10.9729 0.178085
41.7859 10.9646 0.180096
41.6828 10.8694 0.180943
41.794 10.8676 0.180685
41.7782 10.8635 0.180899
41.6346 10.8573 0.179272
41.6112 10.878 0.182036
41.659 10.8768 0.18296
41.7043 10.8928 0.177162
41.691 10.9218 0.181085
41.7444 10.934 0.180541
41.7543 10.991 0.17978
41.6745 10.9197 0.180362
41.6708 10.8248 0.180781
41.7203 10.788 0.177403
41.776 10.8209 0.181102
41.6734 10.919 0.182418
41.8428 10.8976 0.180164
41.77 10.7444 0.178481
41.5858 10.8432 0.178342
41.7272 10.9753 0.17871
41.6239 10.9673 0.180625
41.7798 10.8614 0.180295
41.7376 10.9765 0.178154
41.7621 10.9443 0.174489
41.7334 10.9382 0.176362
41.7213 10.8628 0.18178
41.7592 10.9891 0.177301
41.6972 10.9435 0.179739
41.7103 10.7926 0.178855
41.6502 10.8537 0.18032
41.695 10.8486 0.175981
41.7803 10.8692 0.18205
41.7229 10.9781 0.178908
41.7514 10.9618 0.180316
41.7198 10.9034 0.179719
41.7991 10.8065 0.175943
41.7978 10.9545 0.178041
41.8092 10.8514 0.178992
41.8487 10.8778 0.175295
41.6963 10.9845 0.181197
41.6613 10.7844 0.176777
41.7058 10.9444 0.179866
41.6709 10.9864 0.179046
41.6813 10.9828 0.179395
41.7425 10.8884 0.179206
41.8097 10.9136 0.178823
41.6265 10.9164 0.178633
41.6933 10.7548 0.176894
41.6887 10.8367 0.176473
41.7694 10.7852 0.178977
41.7761 10.806 0.178949
41.7111 10.8151 0.181271
41.7098 10.9107 0.177148
41.726 10.9216 0.178774
41.759 10.7926 0.185477
41.649 10.917 0.181256
41.7469 10.8391 0.178861
41.74 10.8789 0.182235
41.6883 10.8719 0.181493
41.7206 10.9041 0.178772
41.7337 10.9574 0.179229
41.6833 10.8648 0.179093
41.7151 10.8486 0.178899
41.6654 10.8595 0.181811
41.8062 10.8096 0.179119
41.7029 10.9754 0.179589
41.7655 10.9525 0.17865
41.6911 10.8175 0.178474
41.7547 10.9172 0.179761
41.7658 10.8759 0.177565
41.8057 10.8532 0.179008
41.7084 10.8175 0.179479
41.6547 10.9257 0.178783
41.6517 10.9514 0.179365
41.9262 10.8227 0.177725
41.7166 10.7971 0.179494
41.7902 10.946 0.176798
41.6986 11.0153 0.181229
41.6717 10.8282 0.178759
41.6043 10.9267 0.177829
41.7334 10.8779 0.174168
41.708 10.7678 0.179329
41.7873 10.7587 0.179852
41.6818 10.855 0.17646
41.71 10.9161 0.177314
41.6922 10.9288 0.184467
41.7981 10.9876 0.177119
41.7197 10.9074 0.181798
41.8272 10.9475 0.180281
41.7704 10.9678 0.177961
41.8185 11.0316 0.179221
41.7724 10.8815 0.175472
41.787 11.0014 0.182273
41.7416 10.9094 0.179689
41.7283 10.8529 0.180423
41.7053 10.8433 0.177958
41.6992 10.8844 0.177575
41.7324 10.9028 0.179482
41.6547 10.935 0.181465
41.7784 10.9222 0.180596
41.7551 10.8938 0.182646
41.7719 10.9535 0.17835
41.7926 10.9587 0.179088
40.8143 10.9278 0.154867
41.6669 10.9373 0.177195
41.8019 10.8483 0.179389
41.8084 10.8689 0.179053
41.7038 10.8708 0.178948
41.7747 10.9758 0.178258
41.783 10.8965 0.177896
41.6502 10.9581 0.180642
41.7405 10.8655 0.178973
41.6412 11.012 0.18121
41.7522 10.983 0.1784
41.635 10.8672 0.180067
41.7276 10.8725 0.180047
41.7899 10.9221 0.177513
41.7549 10.9465 0.179377
41.7713 10.9986 0.181882
41.6162 10.9667 0.178012
41.7382 10.8603 0.179528
41.6496 10.9936 0.181957
41.6779 10.8314 0.182867
41.5784 11.0099 0.180791
41.7981 10.882 0.179109
41.6276 10.8938 0.180616
41.6772 10.8314 0.180164
41.6615 10.9164 0.182177
41.7783 10.8694 0.179644
41.6788 10.9554 0.181321
41.7598 10.8886 0.181088
41.713 10.9456 0.178721
41.7488 10.9594 0.178811
41.7016 10.9062 0.18378
41.7167 10.9172 0.177957
41.787 10.8974 0.180682
41.6009 10.9784 0.183869
41.6997 10.9547 0.177794
41.8783 10.946 0.178891
41.7515 10.9368 0.179242
41.7531 10.8851 0.179117
41.6703 10.8988 0.181454
41.7736 10.887 0.178387
41.8216 10.9227 0.179085
41.7494 10.9834 0.174938
41.7787 10.7733 0.176818
41.7342 10.8268 0.176076
41.745 10.8694 0.181257
41.7739 11.0075 0.177477
41.7233 10.9595 0.175883
41.8029 10.869 0.179742
41.6617 10.8998 0.178695
41.6903 10.9142 0.18027
41.643 10.9298 0.179346
41.6799 10.8706 0.182231
41.8044 10.8249 0.17904
41.6938 10.8602 0.177997
41.7425 10.9183 0.180622
41.7406 10.8942 0.18041
41.6993 10.9109 0.180642
41.7005 11.0133 0.182085
41.7743 10.9683 0.176565
41.6613 10.89 0.181649
41.6331 10.8835 0.179897
41.7613 10.9035 0.173879
41.7093 10.8953 0.180283
41.7607 10.9664 0.180502
41.6743 10.9152 0.180646
41.7248 10.8953 0.179845
41.8245 10.9389 0.179086
41.8331 10.9257 0.179967
41.6865 10.8018 0.181094
41.8126 10.8067 0.178089
41.7265 10.9806 0.184852
41.7658 10.9675 0.181279
41.7024 10.9118 0.177075
41.7383 10.987 0.177081
41.746 11.01 0.177152
41.7362 10.9598 0.176711
41.6389 10.9631 0.180712
41.7601 10.8813 0.179328
41.7342 10.8787 0.18074
41.68 10.8582 0.180653
41.7642 11.0216 0.179723
41.6164 10.9739 0.179216
41.749 10.8766 0.181503
41.6553 10.9408 0.183107
41.7732 10.9048 0.18031
41.7693 10.9046 0.175168
41.5906 10.9292 0.181263
41.7177 10.8585 0.177382
41.7329 10.9014 0.180197
41.7808 10.9383 0.180092
41.6889 10.9507 0.179448
41.6832 10.9799 0.180525
41.7666 10.9265 0.176892
41.6462 10.8331 0.180874
41.6795 10.9276 0.180075
41.682 10.909 0.175594
41.7334 10.9137 0.178549
41.6265 10.8914 0.180269
41.7261 10.9367 0.18088
41.7056 10.9301 0.178884
41.7465 10.8985 0.180112
41.6875 10.9146 0.182327
41.7282 10.8852 0.179802
41.7169 10.9451 0.179421
41.7227 10.9889 0.177208
41.7543 10.8995 0.177228
41.7599 10.9293 0.180356
41.8842 10.9674 0.178718
41.8105 10.922 0.181086
41.7711 11.0043 0.178264
41.7342 10.9949 0.176307
41.6635 10.8133 0.179139
41.7366 10.9558 0.178493
41.6921 10.8786 0.182602
41.6351 10.8938 0.179456
41.6556 10.7988 0.178211
41.6543 10.9067 0.17947
41.7995 10.7943 0.179586
41.6791 10.8715 0.182238
41.8083 10.8856 0.180168
41.7307 10.8812 0.176194
41.7086 10.8688 0.176033
41.6588 10.8943 0.17926
41.6547 10.8648 0.179469
41.7488 10.8746 0.180648
41.6667 10.9063 0.181041
41.6502 10.9477 0.179523
41.5952 10.8797 0.180254
41.7536 10.8826 0.176051
41.7098 10.8731 0.177473
41.8148 10.9329 0.178312
41.7409 10.7889 0.180124
41.6969 10.8153 0.178485
41.7165 10.9104 0.18142
41.6689 10.976 0.180082
41.6932 11.0129 0.179262
41.6603 11.0055 0.180902
41.8093 11.045 0.177948
41.7623 11.0287 0.178998
41.6772 10.9205 0.182161
41.8354 10.9681 0.183466
41.7487 10.8878 0.178652
41.75 10.9742 0.1791
41.7553 10.9705 0.180037
41.7066 10.87 0.180691
41.6527 10.8409 0.17904
41.651 11.0501 0.178397
41.7716 10.866 0.181747
41.7205 10.9395 0.178881
41.8174 10.8729 0.180488
41.719 10.8571 0.18215
41.7516 10.8919 0.17965
41.7318 10.9225 0.178864
41.6887 10.884 0.182393
41.7806 10.8349 0.18019
41.7192 10.9127 0.175368
41.7046 10.9041 0.176943
41.6996 10.8884 0.179681
41.7392 10.8838 0.178961
41.6849 10.9774 0.18353
41.7144 10.9195 0.178657
41.75 10.9001 0.178647
41.7253 11.0005 0.178944
41.7501 10.868 0.177339
41.5959 10.921 0.177985
41.6687 10.8372 0.179687
41.7124 10.8411 0.180562
41.7264 10.8684 0.17682
41.7154 10.8813 0.181672
41.7049 10.9466 0.178815
41.6418 10.9324 0.179991
41.7151 10.8808 0.178808
41.785 10.8576 0.180084
41.7571 10.9278 0.17806
41.7608 10.9903 0.177957
41.8603 10.9437 0.179425
41.8278 10.9933 0.182613
41.7649 10.9546 0.179784
41.5708 10.9304 0.181092
41.7051 10.9362 0.180894
41.6665 10.8784 0.179559
41.7841 10.9117 0.177771
41.8382 10.9291 0.179315
41.7292 10.8846 0.177252
41.6473 10.8834 0.183099
41.6875 10.92 0.178378
41.712 10.9215 0.1797
41.8089 10.931 0.176947
41.7688 10.8464 0.180049
41.775 11.1226 0.179752
41.6835 10.8465 0.180246
41.6729 10.8863 0.178849
41.5623 10.8421 0.180141
41.7229 10.971 0.183321
41.6448 10.926 0.180382
41.6896 10.9042 0.180176
41.8331 10.8655 0.174981
41.6186 10.9006 0.180128
41.7155 10.8077 0.181121
41.77 10.916 0.179392
41.728 10.8071 0.181274
41.6819 10.7597 0.17901
41.7772 10.8782 0.17736
41.646 10.9514 0.178327
41.683 10.8129 0.178095
41.71 11.0044 0.177918
41.6874 10.809 0.17766
41.6111 10.8835 0.180999
41.7949 10.7995 0.178001
41.7309 10.7797 0.177846
41.7502 10.9036 0.180969
41.7365 10.7968 0.178219
41.5877 10.9109 0.181212
41.6396 10.8882 0.183767
41.7858 10.9127 0.180474
41.8089 10.8583 0.179723
41.8023 10.924 0.177611
41.5781 11.0359 0.180172
41.7474 10.8438 0.175372
41.6887 10.9176 0.179695
41.7176 10.9037 0.179651
41.7215 11.0065 0.178011
41.7082 10.86 0.178646
41.6864 10.9273 0.179846
41.7498 10.8925 0.177341
41.6988 10.8849 0.178376
41.7618 10.894 0.178404
41.7325 10.8937 0.177927
41.7389 10.8027 0.176521
41.7121 10.8509 0.178989
41.7779 10.8379 0.17873
41.7571 10.9256 0.177638
41.6491 10.9586 0.178209
41.6458 10.8064 0.180517
41.6345 10.9504 0.179559
41.5847 10.8694 0.182218
41.845 10.9445 0.178189
41.6959 10.9218 0.177667
41.6962 10.8898 0.179576
41.744 10.9316 0.179676
41.6768 10.9404 0.178642
41.7486 10.874 0.17894
41.8465 10.8761 0.175985
41.7516 10.7846 0.180865
41.7018 10.8388 0.176962
41.7014 10.963 0.180311
41.7774 10.9775 0.178832
41.5819 10.9926 0.180464
41.8182 10.9042 0.18231
41.6677 10.9225 0.1755
41.7231 10.8604 0.178733
41.7509 10.7975 0.17896
41.7221 10.825 0.181414
41.7672 10.8146 0.179519
41.6826 10.9522 0.177753
41.7725 10.8716 0.17315
41.7337 10.9362 0.179755
41.7377 10.8831 0.178693
41.6484 10.9156 0.182087
41.6572 10.9189 0.178326
41.6708 10.9751 0.182015
41.6655 10.9995 0.179112
41.7343 11.0058 0.177847
41.7313 10.8254 0.182492
41.7195 10.9591 0.17629
41.7441 10.9079 0.181631
41.7903 10.9427 0.178071
41.7464 10.8486 0.180098
41.7774 11.0008 0.180607
41.6996 10.9374 0.1823
41.7913 10.8865 0.178862
41.6551 10.9632 0.180285
41.8372 10.8461 0.178683
41.7834 10.8859 0.179053
41.82 10.891 0.178449
41.8476 10.8606 0.180751
41.767 10.9305 0.180226
41.7246 10.9572 0.17728
41.6252 10.8944 0.177915
41.7621 10.958 0.17964
41.6554 10.8976 0.179277
41.732 10.8925 0.178049
41.6219 10.8537 0.181063
41.6784 10.8782 0.18058
41.7463 10.9085 0.177699
41.7461 10.9781 0.181151
41.7649 10.9311 0.17803
41.7078 11.0068 0.176687
41.7321 10.9138 0.178078
41.7654 10.9419 0.184023
41.6689 10.8681 0.181145
41.8756 10.9089 0.178348
41.6936 10.9515 0.180518
41.7457 11.0495 0.179879
41.6605 10.8898 0.184625
41.664 10.8614 0.177584
41.6935 10.906 0.179603
41.7295 10.9937 0.179871
41.7465 10.8646 0.178139
41.8353 10.8037 0.176821
41.6913 10.9167 0.183031
41.736 10.8899 0.176285
41.7293 10.9061 0.178678
41.6658 10.8226 0.183125
41.6922 10.9434 0.179786
41.6883 10.8595 0.179828
41.6973 10.8699 0.182981
41.7805 10.9167 0.177014
41.7583 10.9019 0.182138
41.7021 10.9596 0.180753
41.7328 10.9171 0.177317
41.5538 10.9767 0.182137
41.7213 10.9337 0.181444
41.7844 10.8283 0.178302
41.8498 11.0176 0.182093
41.7538 10.9319 0.181068
41.7215 10.7948 0.180299
41.6673 10.8415 0.178251
41.802 10.9035 0.174253
41.6552 10.8492 0.180901
41.7086 10.9379 0.178503
41.6319 10.934 0.183618
41.6638 10.8816 0.179179
41.6614 10.9226 0.179398
41.7611 10.9208 0.182083
41.6861 10.9248 0.180636
41.6194 11.0154 0.182943
41.7676 10.9063 0.181295
41.7013 10.944 0.178181
41.6625 10.831 0.178752
41.6364 10.9229 0.181728
41.7159 10.9015 0.18018
41.7533 10.8918 0.181109
41.7005 10.839 0.180741
41.7752 10.894 0.182693
41.7632 10.8875 0.183036
41.7014 10.8587 0.181415
41.7608 10.8758 0.180305
41.67 10.8864 0.178762
41.6657 11.0343 0.1791
41.8057 11.0047 0.178232
41.8344 10.9431 0.177647
41.7769 10.9549 0.178119
41.6488 10.9276 0.17976
41.6747 10.7902 0.179557
41.7151 10.8855 0.180058
41.7148 10.8979 0.179662
41.7221 10.9186 0.176977
41.7025 10.8151 0.176653
41.6919 10.9052 0.178894
41.7064 10.9108 0.178448
41.7216 10.8714 0.17989
41.7965 10.8746 0.179253
41.759 10.9611 0.177293
41.6996 10.7383 0.181494
41.6963 10.8595 0.179823
41.7639 10.9338 0.178546
41.8025 10.8783 0.177104
41.6476 11.0003 0.184169
41.7211 10.9145 0.178973
41.6936 10.9587 0.181681
41.7783 10.8738 0.178019
41.6378 10.8689 0.178649
41.7103 10.6864 0.180286
41.6871 10.9199 0.177985
41.7138 10.9737 0.17779
41.6888 10.8941 0.178837
41.7902 10.8838 0.176269
41.6922 10.8491 0.180855
41.7858 10.9676 0.178395
41.7315 10.9152 0.179967
41.6652 10.9293 0.180623
41.7165 10.7835 0.173935
41.818 10.8288 0.17929
41.7398 10.8583 0.179898
41.7126 10.939 0.181234
41.6183 10.8584 0.180948
41.5467 10.9787 0.184632
41.7615 10.9404 0.176226
41.6302 10.888 0.176335
41.7565 10.9753 0.174943
41.6512 10.9508 0.179752
41.7325 10.8275 0.179106
41.825 10.9458 0.180609
41.7674 10.8941 0.177491
41.6953 10.8266 0.178606
41.6856 10.9782 0.182252
41.8404 10.8401 0.17915
41.6789 10.857 0.178582
41.8139 10.878 0.180975
41.7264 11.0275 0.177355
41.7996 10.9476 0.179201
41.6846 10.808 0.176529
41.751 10.7889 0.178309
41.6673 10.9183 0.182224
41.6915 10.8494 0.177765
41.6762 11.0001 0.178975
41.6653 10.7957 0.182382
41.7831 10.9153 0.178012
41.6784 10.8749 0.180926
41.6394 10.8821 0.179824
41.6759 10.893 0.17628
41.5927 10.9996 0.180739
41.7276 10.9676 0.177341
41.7365 10.9637 0.178316
41.6713 10.9435 0.177816
41.6834 10.9451 0.179213
41.7188 10.9402 0.178117
41.648 10.7577 0.177793
41.6865 10.7272 0.180022
41.8137 10.9502 0.180552
41.7431 10.8429 0.176585
41.7528 10.8878 0.178713
41.6476 10.996 0.180582
41.6906 10.8642 0.17959
41.6235 10.7258 0.177114
41.7848 10.9945 0.177132
41.6735 10.7382 0.179563
41.7464 10.9059 0.179165
41.8765 10.9304 0.179259
41.7926 10.987 0.181825
41.7019 10.9263 0.181013
41.6253 10.8352 0.179381
41.6911 10.8736 0.180415
41.6633 10.9824 0.181872
41.7221 10.9579 0.18008
41.7884 10.9372 0.180404
41.7266 10.8933 0.17572
41.85 10.9472 0.179253
41.7102 10.8675 0.180197
41.633 10.9376 0.181181
41.766 10.8777 0.181228
41.7359 10.8691 0.177584
41.6442 10.9516 0.178552
41.7974 10.9801 0.177663
41.7144 10.8778 0.178918
41.7752 11.0573 0.179955
41.6365 10.8452 0.179728
41.5692 10.857 0.178849
41.7974 11.0341 0.180218
41.6348 10.9471 0.184286
41.6843 10.8744 0.179108
41.7037 10.9166 0.180423
41.707 10.9294 0.17981
41.633 10.9673 0.178728
41.6569 10.8698 0.181033
41.7571 10.9009 0.181376
41.744 10.8747 0.180657
41.7877 10.8417 0.179309
41.7446 10.9712 0.178826
41.7191 10.938 0.184121
41.706 10.8973 0.182557
41.6916 10.8789 0.180603
41.6838 10.8493 0.181917
41.6953 10.9622 0.181755
41.7831 10.9228 0.179289
41.7068 10.9427 0.177175
41.6453 10.9821 0.180986
41.6497 10.8828 0.180972
41.6984 10.8856 0.179567
41.7725 10.8951 0.179224
41.6693 10.8487 0.18046
41.6349 10.8804 0.175575
41.7039 10.8845 0.180029
41.6465 10.9966 0.180625
41.7277 10.8874 0.179386
41.8208 11.0203 0.177355
41.7865 10.8257 0.179121
41.6654 10.937 0.177775
41.6393 10.8331 0.180914
41.6951 10.8335 0.179353
41.8343 10.8932 0.180361
41.6422 10.8396 0.179747
41.7616 10.918 0.177912
41.7236 10.7598 0.177304
41.6902 10.8745 0.18027
41.7641 10.8551 0.178783
41.7477 10.9033 0.180091
41.7501 10.9353 0.178738
41.6251 10.7909 0.179984
41.7352 10.954 0.17902
41.7619 10.8695 0.181367
41.6734 10.8749 0.179327
41.8475 10.8673 0.18187
41.6889 10.9529 0.17755
41.7208 10.9125 0.18099
41.7887 10.8556 0.176689
41.8138 10.9102 0.176857
41.7836 10.9228 0.178285
41.7228 10.9248 0.177681
41.7017 10.9281 0.177364
41.7285 10.8683 0.177727
41.7223 10.9018 0.179295
41.7564 10.9638 0.175427
41.7646 10.9552 0.177451
41.6654 10.9597 0.180938
41.7183 10.9041 0.179086
41.6897 10.8133 0.175982
41.6823 10.9054 0.180924
41.736 10.8515 0.181691
41.3572 11.0679 0.17899
