22.3701 6.74156 0.258257
22.3649 6.80946 0.259239
22.3441 6.7719 0.256314
22.4654 6.746 0.257803
22.4701 6.74773 0.253534
22.4554 6.74674 0.254448
22.4502 6.79867 0.253604
22.3946 6.85996 0.256792
22.4359 6.79585 0.256096
22.4722 6.71135 0.254547
22.3181 6.71468 0.254517
22.3554 6.81427 0.256174
22.2899 6.70071 0.25533
22.247 6.75063 0.254101
22.4666 6.63144 0.249759
22.3004 6.83378 0.257607
22.4505 6.67296 0.25319
22.3976 6.73236 0.253083
22.2969 6.78137 0.258547
22.2905 6.90621 0.259161
22.4452 6.74336 0.257685
22.4103 6.8688 0.256609
22.4275 6.83372 0.258336
22.3486 6.76236 0.254974
22.3054 6.76655 0.25572
22.388 6.73812 0.254263
22.2785 6.91246 0.25676
22.3895 6.78512 0.257294
22.4088 6.86293 0.259958
22.342 6.70769 0.256255
22.3446 6.84987 0.257435
22.3538 6.83437 0.256622
22.4557 6.74815 0.255485
22.3857 6.66982 0.256226
22.3014 6.76729 0.259924
22.283 6.78898 0.258371
22.3639 6.81797 0.25663
22.3633 6.75004 0.256133
22.3989 6.81483 0.255427
22.3805 6.81902 0.255416
22.3827 6.80425 0.255909
22.3756 6.78761 0.256478
22.4023 6.76056 0.256383
22.3738 6.79603 0.257846
22.35 6.73764 0.254332
22.3566 6.81955 0.255023
22.3504 6.81858 0.255097
22.3085 6.69753 0.255208
22.3224 6.84197 0.255391
22.3456 6.69485 0.257638
22.4028 6.76131 0.258468
22.3757 6.73098 0.256897
22.3499 6.68547 0.259901
22.4328 6.72971 0.260669
22.4326 6.7441 0.258769
22.3886 6.75657 0.257727
22.4408 6.70721 0.255019
22.4312 6.82956 0.255378
22.3802 6.81756 0.251756
22.4199 6.86828 0.252888
22.4452 6.84614 0.254037
22.3891 6.75714 0.259027
22.4687 6.71958 0.2554
22.4149 6.8016 0.259491
22.3348 6.71837 0.258408
22.4021 6.75757 0.254599
22.2861 6.82498 0.259161
22.443 6.78901 0.25767
22.4952 6.76486 0.251432
22.4251 6.80742 0.256701
22.3855 6.77634 0.255674
22.4389 6.83312 0.258893
22.3505 6.86295 0.258315
22.3856 6.84186 0.259584
22.4886 6.72618 0.257874
22.4484 6.87602 0.256286
22.297 6.82105 0.256157
22.3273 6.75432 0.252864
22.1926 6.76853 0.25576
22.2691 6.7227 0.256518
22.3465 6.74818 0.25795
22.3995 6.88554 0.255074
22.2933 6.81486 0.262839
22.3593 6.7373 0.254539
22.3887 6.89726 0.259065
22.3214 6.85834 0.251584
22.3219 6.72104 0.257157
22.4817 6.76325 0.256613
22.3644 6.68054 0.255548
22.33 6.82638 0.260281
22.3269 6.85136 0.259391
22.3533 6.7192 0.25625
22.2969 6.80099 0.255612
22.3434 6.8297 0.257325
22.2997 6.6803 0.254261
22.2712 6.68589 0.255255
22.4427 6.852 0.257997
22.2708 6.80385 0.257359
22.4614 6.76193 0.252896
22.3993 6.82317 0.258101
22.3339 6.73096 0.258804
22.2762 6.78863 0.255752
22.3818 6.75696 0.253136
22.3383 6.79366 0.25511
22.3827 6.78596 0.256281
22.309 6.74572 0.253204
22.3558 6.68577 0.254685
22.4146 6.67831 0.256839
22.3863 6.74557 0.256132
22.3995 6.78374 0.258549
22.3369 6.8419 0.25824
22.4246 6.75421 0.257846
22.4294 6.79816 0.256158
22.3751 6.80186 0.255934
22.3358 6.83787 0.25827
22.3176 6.92533 0.25627
22.3175 6.82614 0.259145
22.3746 6.78105 0.255208
22.3138 6.80204 0.256616
22.3084 6.73265 0.256261
22.3416 6.80056 0.257013
22.3094 6.83044 0.255465
22.5485 6.80331 0.254842
22.4005 6.84088 0.257699
22.366 6.87005 0.256348
22.4094 6.68853 0.256044
22.3759 6.75363 0.253573
22.4223 6.70101 0.259942
22.4434 6.8102 0.256372
22.3619 6.85312 0.260262
22.3658 6.83233 0.256664
22.4525 6.74901 0.252542
22.428 6.78443 0.257622
22.4793 6.77676 0.257428
22.4518 6.83418 0.254888
22.4353 6.78316 0.257015
22.2846 6.79852 0.255346
22.2554 6.85196 0.256323
22.3866 6.80176 0.256829
22.3816 6.71112 0.258166
22.42 6.83352 0.256797
22.4207 6.7693 0.25785
22.3557 6.71626 0.257424
22.2971 6.72273 0.260281
22.3178 6.63845 0.255347
22.4093 6.79312 0.258065
22.3181 6.81965 0.25506
22.3062 6.79341 0.257856
22.3751 6.89532 0.255434
22.3482 6.77635 0.254521
22.3229 6.81764 0.255892
22.4032 6.74266 0.255737
22.2691 6.7114 0.258752
22.2471 6.73097 0.258001
22.3501 6.79099 0.254208
22.3862 6.82177 0.254842
22.3713 6.77664 0.259181
22.3707 6.81058 0.255532
22.3892 6.89361 0.255141
22.3629 6.78507 0.256679
22.324 6.85153 0.254835
22.2993 6.79995 0.256032
22.4356 6.69798 0.254458
22.3938 6.79439 0.254665
22.5079 6.69717 0.255133
22.4572 6.80596 0.255552
22.3917 6.8115 0.256263
22.4505 6.80623 0.254376
22.4982 6.79816 0.255908
22.4328 6.78809 0.25581
22.4056 6.7467 0.254437
22.3186 6.85091 0.25478
22.4136 6.67312 0.259665
22.4119 6.65733 0.256246
22.3236 6.71299 0.257517
22.4072 6.87186 0.255638
22.3428 6.8224 0.256413
22.2466 6.77383 0.254488
22.2529 6.73472 0.253043
22.3974 6.77936 0.254162
22.3393 6.7529 0.25502
22.3538 6.81535 0.257476
22.4112 6.81003 0.253753
22.3707 6.76163 0.25539
22.3767 6.81267 0.258419
22.2368 6.81754 0.255783
22.3318 6.77252 0.254851
22.3668 6.87244 0.253612
22.4066 6.81687 0.25377
22.3228 6.74845 0.260005
22.3689 6.71875 0.257103
22.2864 6.72458 0.256509
22.3254 6.77276 0.25537
22.3758 6.86778 0.260912
22.2769 6.79891 0.257171
22.3287 6.84079 0.25793
22.2945 6.75198 0.256514
22.2902 6.77415 0.255382
22.3573 6.72052 0.25699
22.3461 6.89072 0.256757
22.3392 6.78256 0.257391
22.3568 6.81986 0.257045
22.272 6.70319 0.259655
22.3228 6.87964 0.255812
22.3862 6.88562 0.25754
22.3383 6.79998 0.258167
22.4221 6.7914 0.254223
22.3711 6.79855 0.255208
22.3842 6.70869 0.251063
22.4416 6.78899 0.254337
22.4158 6.83784 0.254964
22.4229 6.76313 0.257193
22.348 6.81835 0.256186
22.3626 6.67902 0.256924
22.427 6.69187 0.255127
22.4258 6.86468 0.257083
22.4559 6.80916 0.2604
22.3554 6.70242 0.254844
22.4215 6.76842 0.2527
22.3087 6.83651 0.257933
22.4144 6.76686 0.254403
22.4454 6.78545 0.254229
22.3333 6.77787 0.259421
22.3641 6.76872 0.25426
22.3608 6.723 0.253141
22.3783 6.64221 0.256633
22.3654 6.79153 0.257842
22.385 6.76892 0.257963
22.4 6.794 0.258249
22.4048 6.77723 0.256945
22.2505 6.77648 0.259081
22.2715 6.78753 0.258823
22.2743 6.7484 0.259604
22.373 6.70784 0.255622
22.3626 6.76227 0.255363
22.4652 6.79151 0.255258
22.2858 6.81363 0.26028
22.3615 6.66867 0.258471
22.3255 6.81126 0.259392
22.3414 6.72496 0.253792
22.3729 6.78271 0.254916
22.45 6.83395 0.256689
22.4657 6.77683 0.256014
22.4695 6.78723 0.255552
22.3608 6.78819 0.256058
22.3561 6.80685 0.253333
22.3041 6.84435 0.256034
22.4373 6.75801 0.252603
22.3198 6.8014 0.253706
22.3842 6.7034 0.257832
22.3516 6.70014 0.257886
22.4352 6.77305 0.257895
22.3789 6.74216 0.254497
22.3521 6.796 0.257238
22.3396 6.77795 0.254535
22.3906 6.84271 0.257191
22.4145 6.64133 0.253939
22.4096 6.78661 0.252368
22.4151 6.79015 0.259135
22.5145 6.77191 0.254675
22.3723 6.76594 0.25624
22.3563 6.71053 0.257295
22.3424 6.68498 0.255083
22.4335 6.72452 0.255437
22.3219 6.82091 0.253426
22.4688 6.87082 0.258341
22.3856 6.78121 0.258855
22.409 6.79739 0.256084
22.4125 6.7378 0.256581
22.4566 6.7439 0.25178
22.346 6.7639 0.257675
22.3434 6.75557 0.256229
22.2345 6.7385 0.253332
22.425 6.73761 0.251882
22.3551 6.76753 0.25746
22.2797 6.74024 0.256008
22.3807 6.74324 0.256899
22.424 6.76011 0.25607
22.4825 6.76089 0.255074
22.4016 6.84554 0.255251
22.404 6.73281 0.254612
22.3946 6.74465 0.253797
22.2694 6.8593 0.254475
22.317 6.8033 0.254373
22.2909 6.67193 0.256715
22.4951 6.79261 0.255828
22.4846 6.80641 0.258493
22.4346 6.82496 0.255858
22.3145 6.82739 0.257596
22.3872 6.68251 0.253282
22.3175 6.75359 0.259713
22.3358 6.72714 0.2588
22.4603 6.67651 0.255658
22.3303 6.90696 0.25538
22.3738 6.86683 0.256333
22.3469 6.75422 0.25339
22.2808 6.77383 0.255323
22.428 6.79471 0.256945
22.404 6.82848 0.254917
22.4346 6.73456 0.254552
22.4153 6.75561 0.257775
22.3988 6.76435 0.256678
22.4532 6.81652 0.257973
22.3145 6.71932 0.257776
22.4207 6.76757 0.254841
22.4349 6.71634 0.254788
22.3182 6.77382 0.261178
22.4083 6.60686 0.255652
22.3407 6.82808 0.256949
22.387 6.78733 0.255939
22.3888 6.81207 0.255919
22.3323 6.7238 0.256781
22.4073 6.81508 0.257433
22.3935 6.77208 0.256702
22.3933 6.81064 0.25417
22.3343 6.76191 0.255604
22.5757 6.83607 0.253565
22.3771 6.80292 0.254422
22.3423 6.87521 0.256554
22.2971 6.73343 0.259193
22.3253 6.80258 0.255657
22.3964 6.75241 0.257949
22.3152 6.74613 0.257643
22.393 6.77374 0.257633
22.413 6.73427 0.254755
22.4113 6.81807 0.253258
22.3045 6.71672 0.258466
22.3155 6.87629 0.254519
22.3811 6.73384 0.252357
22.3682 6.78837 0.257885
22.3841 6.83012 0.257158
22.3754 6.83243 0.260399
22.4214 6.80013 0.254531
22.3847 6.84603 0.257483
22.4134 6.81231 0.256773
22.3513 6.89136 0.257653
22.3673 6.87044 0.257685
22.3358 6.87549 0.257263
22.3617 6.82514 0.255185
22.4605 6.80578 0.253235
22.4534 6.82211 0.254753
22.331 6.73304 0.256354
22.3311 6.76917 0.2564
22.2396 6.69028 0.255469
22.358 6.74398 0.258654
22.3592 6.7138 0.258467
22.3967 6.78691 0.25285
22.3942 6.79303 0.261817
22.3658 6.80408 0.261566
22.3041 6.71165 0.260828
22.2798 6.66388 0.257535
22.3949 6.69578 0.255283
22.5049 6.77136 0.251988
22.3075 6.74451 0.259145
22.2378 6.74155 0.255936
22.3729 6.64161 0.254905
22.3088 6.82878 0.253228
22.4395 6.75282 0.256247
22.3395 6.82697 0.255213
22.4173 6.70751 0.25429
22.378 6.8247 0.254416
22.4391 6.83726 0.254068
22.2626 6.73845 0.254047
22.3502 6.70226 0.255483
22.3681 6.68951 0.258425
22.3479 6.81601 0.256622
22.2699 6.77843 0.2592
22.3981 6.81085 0.256971
22.3751 6.91578 0.254875
22.3338 6.8098 0.259483
22.2959 6.8151 0.255639
22.2887 6.76973 0.255153
22.3479 6.74319 0.255828
22.4029 6.7503 0.256877
22.4451 6.76058 0.256119
22.3001 6.96172 0.258207
22.378 6.66134 0.254915
22.3575 6.68883 0.256165
22.364 6.7574 0.255183
22.3108 6.93273 0.255874
22.3004 6.79318 0.252458
22.3958 6.7278 0.257544
22.3887 6.82918 0.256618
22.3227 6.83153 0.257617
22.3489 6.6932 0.257085
22.3679 6.76855 0.254699
22.3435 6.80967 0.255233
22.3772 6.80389 0.253598
22.501 6.80879 0.255717
22.3224 6.75903 0.258618
22.3097 6.80039 0.255305
22.3936 6.88378 0.254164
22.3145 6.79218 0.255408
22.4646 6.73948 0.256189
22.2727 6.72406 0.257892
22.4243 6.79079 0.25618
22.3368 6.7777 0.256029
22.4017 6.70373 0.255836
22.282 6.76305 0.263141
22.3866 6.8137 0.255092
22.355 6.80488 0.25355
22.3788 6.82818 0.25498
22.4648 6.66933 0.258397
22.3864 6.84638 0.257907
22.3411 6.89244 0.255134
22.3155 6.78522 0.26093
22.4285 6.83797 0.25625
22.456 6.81187 0.257526
22.24 6.75696 0.257696
22.3314 6.90269 0.256553
22.267 6.84532 0.257098
22.3828 6.68759 0.256082
22.3293 6.8211 0.258652
22.408 6.78841 0.257227
22.4504 6.78157 0.257909
22.2074 6.6968 0.260268
22.4508 6.70651 0.256868
22.3212 6.81007 0.257598
22.2968 6.83802 0.258093
22.3824 6.82435 0.255017
22.185 6.88763 0.259324
22.3851 6.75994 0.257251
22.3904 6.80431 0.254558
22.225 6.83247 0.256558
22.2931 6.76047 0.257735
22.3317 6.79611 0.254875
22.3046 6.7279 0.257563
22.3799 6.8383 0.255604
22.3817 6.78803 0.256992
22.452 6.85274 0.255582
22.2748 6.75931 0.2552
22.3359 6.71285 0.253928
22.378 6.70384 0.255417
22.4349 6.71969 0.25685
22.4837 6.75795 0.255006
22.4551 6.79735 0.251883
22.3417 6.78772 0.252198
22.3682 6.76531 0.252502
22.4181 6.79738 0.256096
22.3481 6.70408 0.253539
22.3169 6.78662 0.256773
22.3675 6.68686 0.258229
22.3352 6.72702 0.25556
22.3649 6.77179 0.25741
22.3146 6.7873 0.258614
22.3671 6.72112 0.255021
22.3502 6.7512 0.25355
22.3499 6.75988 0.253316
22.4095 6.87284 0.256201
22.3438 6.71139 0.2573
22.3061 6.82961 0.255927
22.4382 6.82626 0.252655
22.3621 6.75823 0.258372
22.3832 6.77434 0.256984
22.4508 6.81245 0.25632
22.438 6.83286 0.254558
22.3875 6.77189 0.257549
22.3983 6.80492 0.257282
22.2526 6.8446 0.258477
22.3885 6.78417 0.255125
22.4309 6.78326 0.254607
22.3566 6.78278 0.253998
22.439 6.7906 0.254396
22.4745 6.79009 0.253997
22.3814 6.78435 0.258862
22.2897 6.78323 0.258162
22.2323 6.70091 0.256479
22.3539 6.88259 0.262864
22.2953 6.80898 0.254954
22.3189 6.80535 0.253753
22.3626 6.7977 0.255315
22.358 6.805 0.253374
22.2291 6.77358 0.257009
22.3117 6.71718 0.254384
22.2938 6.87294 0.259096
22.3891 6.74123 0.26051
22.3122 6.69989 0.25789
22.3322 6.84627 0.255783
22.3395 6.86101 0.255861
22.3523 6.78296 0.258459
22.316 6.71368 0.258689
22.289 6.66836 0.257225
22.3551 6.75192 0.254727
22.361 6.84254 0.255764
22.3663 6.84282 0.257566
22.3155 6.76028 0.257139
22.4272 6.72143 0.255394
22.41 6.82877 0.257302
22.391 6.73823 0.252873
22.3675 6.82668 0.254887
22.383 6.74713 0.257803
22.4655 6.72943 0.255076
22.3792 6.79941 0.255468
22.2881 6.85432 0.256985
22.3622 6.78805 0.256115
22.405 6.75768 0.254688
22.4044 6.72261 0.256814
22.5308 6.67397 0.254029
22.2927 6.81221 0.257507
21.4993 7.41902 0.26026
22.3248 6.81055 0.259171
22.4342 6.72609 0.253378
22.3803 6.81023 0.259051
22.3594 6.71606 0.254225
22.2596 6.8253 0.254958
22.303 6.83165 0.257367
22.3443 6.81231 0.254766
22.3575 6.75436 0.255432
22.3282 6.74752 0.255864
22.1885 6.81482 0.259045
22.3026 6.76196 0.259525
22.3334 6.68923 0.255995
22.3553 6.78967 0.256898
22.4315 6.74164 0.250712
22.4647 6.7909 0.256969
22.3924 6.75157 0.258974
22.2862 6.7408 0.260056
22.3368 6.83387 0.255026
22.4242 6.78376 0.250357
22.4433 6.66715 0.257005
22.3604 6.7746 0.255267
22.3718 6.74747 0.254362
22.3479 6.6669 0.256756
22.3354 6.72791 0.260525
22.3598 6.68095 0.259694
22.3387 6.75833 0.25348
22.305 6.72681 0.259162
22.462 6.85234 0.255739
22.4764 6.77561 0.254781
22.4299 6.81405 0.256022
22.4081 6.68146 0.258379
22.3391 6.81155 0.255198
22.2896 6.81267 0.257921
22.4279 6.85539 0.255691
22.209 6.7662 0.256078
22.4004 6.67102 0.251482
22.2514 6.84673 0.255017
22.4104 6.81526 0.257911
22.3787 6.78993 0.25499
22.4188 6.8418 0.257732
22.3468 6.72628 0.255945
22.2782 6.69014 0.257822
22.3534 6.72466 0.257052
22.4387 6.78408 0.256097
22.2306 6.88771 0.255721
22.3277 6.80259 0.255713
22.3475 6.78112 0.25866
22.3213 6.8475 0.258769
22.4419 6.7456 0.252922
22.4506 6.77221 0.256738
22.3577 6.67627 0.254531
22.3248 6.71658 0.254458
22.4033 6.81435 0.255202
22.4068 6.77086 0.255948
22.4348 6.7174 0.255654
22.4674 6.82956 0.254884
22.3209 6.81799 0.2624
22.354 6.61346 0.257434
22.4006 6.90567 0.257343
22.2258 6.82245 0.257335
22.3569 6.79133 0.253011
22.3487 6.68353 0.255502
22.3444 6.84479 0.253462
22.4499 6.70776 0.254451
22.3541 6.68733 0.256482
22.2602 6.73968 0.257232
22.397 6.74865 0.256147
22.4539 6.7169 0.255791
22.4241 6.72549 0.257895
22.4734 6.71519 0.260601
22.3615 6.80082 0.257754
22.3331 6.85253 0.257345
22.4201 6.81107 0.251995
22.395 6.75249 0.255331
22.3548 6.76809 0.255381
22.3469 6.82927 0.259071
22.2892 6.71712 0.25987
22.3338 6.77886 0.259454
22.3532 6.72932 0.257166
22.3557 6.76114 0.256841
22.3058 6.74024 0.260988
22.4062 6.82008 0.254545
22.4709 6.76591 0.252075
22.2559 6.72712 0.256683
22.4456 6.75882 0.256351
22.4388 6.64031 0.252732
22.3414 6.80635 0.256447
22.3487 6.78552 0.259631
22.3051 6.77957 0.256329
22.4524 6.79068 0.253665
22.3003 6.75868 0.256632
22.4666 6.66592 0.254061
22.318 6.83721 0.253393
22.3859 6.81391 0.255152
22.3516 6.77844 0.257279
22.3596 6.76618 0.257203
22.2856 6.78233 0.259034
22.3449 6.73242 0.257828
22.3887 6.78613 0.258743
22.3768 6.74413 0.253194
22.407 6.76795 0.260011
22.3204 6.78987 0.255176
22.3682 6.78742 0.255826
22.4301 6.64612 0.2541
22.4472 6.76673 0.257366
22.4746 6.74515 0.253826
22.3431 6.72951 0.255452
22.3349 6.72637 0.252698
22.4511 6.78276 0.256381
22.4914 6.75899 0.2553
22.3524 6.78594 0.256308
22.2708 6.81645 0.256109
22.393 6.87695 0.257887
22.4748 6.82701 0.25507
22.3572 6.79575 0.257945
22.4572 6.73878 0.25512
22.3127 6.76479 0.256494
22.394 6.80948 0.256555
22.4151 6.81928 0.257815
22.2651 6.80139 0.259134
22.2788 6.7245 0.259785
22.4023 6.71754 0.258483
22.3289 6.76469 0.256366
22.3953 6.68672 0.257083
22.4553 6.76773 0.257988
22.3206 6.75841 0.255309
22.3706 6.77823 0.254629
22.4145 6.76746 0.254596
22.4063 6.69274 0.255474
22.4377 6.76681 0.25387
22.3457 6.73035 0.255698
22.3005 6.8801 0.255178
22.4308 6.72064 0.257863
22.4458 6.83939 0.255164
22.4345 6.77462 0.255158
22.3089 6.83857 0.255762
22.3699 6.7508 0.256887
22.332 6.80913 0.259022
22.4019 6.81044 0.250149
22.3803 6.76214 0.253234
22.4683 6.79694 0.254318
22.4434 6.73477 0.257885
22.376 6.71915 0.257602
22.2828 6.78482 0.258541
22.3181 6.82863 0.256901
22.4258 6.85195 0.254743
22.3058 6.80379 0.256572
22.3283 6.7779 0.26054
22.4055 6.79302 0.256044
22.293 6.80033 0.256013
22.3808 6.79473 0.255811
22.3945 6.85227 0.257611
22.3806 6.80087 0.255636
22.3965 6.79119 0.2598
22.2944 6.71922 0.254989
22.3757 6.79443 0.256728
22.4452 6.70306 0.256169
22.17 6.69535 0.25444
22.4 6.83748 0.256101
22.3427 6.76727 0.255851
22.3865 6.77738 0.255951
22.3376 6.76934 0.253112
22.4977 6.72012 0.253028
22.3817 6.77 0.258538
22.4081 6.68548 0.254906
22.3991 6.72793 0.255337
22.3941 6.7747 0.254581
22.3293 6.78302 0.257413
22.3986 6.69658 0.255264
22.4259 6.75043 0.25585
22.3604 6.6953 0.253984
22.3369 6.67679 0.253601
22.4127 6.81158 0.252617
22.3247 6.7657 0.255646
22.3966 6.69742 0.253772
22.3804 6.77358 0.257632
22.346 6.80549 0.256281
22.2542 6.91344 0.257436
22.3487 6.80831 0.254052
22.3464 6.7751 0.255318
22.3253 6.81182 0.257237
22.4521 6.65646 0.256843
22.4052 6.72535 0.254184
22.3717 6.81698 0.256985
22.4153 6.76583 0.256797
22.3642 6.69885 0.257356
22.4284 6.65827 0.256389
22.3681 6.71351 0.253277
22.4565 6.81269 0.25614
22.3057 6.76168 0.256829
22.2597 6.74205 0.256771
22.2261 6.78804 0.255981
22.3768 6.8215 0.255403
22.2727 6.77483 0.252387
22.4346 6.7102 0.254446
22.3775 6.74002 0.255007
22.3575 6.89942 0.257378
22.3841 6.75399 0.25608
22.4999 6.79556 0.255146
22.41 6.79457 0.256756
22.4253 6.73596 0.25753
22.3662 6.9197 0.25827
22.4125 6.77633 0.253274
22.3027 6.72062 0.257268
22.3752 6.72998 0.255814
22.4236 6.77921 0.257512
22.3871 6.77632 0.251734
22.3073 6.74446 0.257128
22.4621 6.76028 0.253572
22.4471 6.74756 0.25517
22.4409 6.82409 0.256147
22.3582 6.83772 0.25403
22.3733 6.71287 0.25196
22.3797 6.8065 0.257431
22.3495 6.8415 0.255436
22.3249 6.88685 0.257462
22.3782 6.7276 0.256657
22.3152 6.82515 0.254606
22.35 6.80889 0.256172
22.3937 6.75701 0.255706
22.4594 6.78765 0.250899
22.4508 6.78123 0.250366
22.3165 6.68943 0.254564
22.3588 6.81169 0.254135
22.4786 6.78009 0.255647
22.283 6.66369 0.256778
22.4119 6.74802 0.253527
22.4411 6.79251 0.25672
22.3562 6.8091 0.255476
22.3741 6.77448 0.25492
22.345 6.74229 0.257654
22.3679 6.76675 0.257397
22.3575 6.72779 0.258918
22.3567 6.7609 0.257099
22.3262 6.76398 0.257155
22.3287 6.80483 0.257351
22.3926 6.74228 0.25383
22.3663 6.63159 0.253883
22.4408 6.80549 0.259519
22.418 6.84599 0.258384
22.3595 6.85523 0.255756
22.3192 6.75837 0.258041
22.2721 6.67511 0.254618
22.396 6.63813 0.255517
22.3048 6.79127 0.254029
22.349 6.7492 0.256757
22.3853 6.74837 0.253528
22.4095 6.75827 0.254717
22.4111 6.8152 0.253948
22.3691 6.79535 0.256267
22.3809 6.88434 0.258346
22.3744 6.7829 0.254456
22.2792 6.78103 0.26016
22.3231 6.69046 0.25973
22.372 6.81079 0.253798
22.3035 6.69869 0.256287
22.421 6.79296 0.257309
22.4236 6.70386 0.250956
22.2959 6.68447 0.256094
22.3271 6.65285 0.255702
22.3982 6.83028 0.253583
22.2594 6.81244 0.257715
22.3081 6.69504 0.254562
22.307 6.78291 0.255849
22.2888 6.72533 0.260248
22.3176 6.75123 0.261181
22.307 6.83454 0.25393
22.3558 6.79999 0.254993
22.408 6.75828 0.251635
22.5152 6.81957 0.255364
22.3846 6.71847 0.257098
22.3536 6.79547 0.258918
22.3774 6.71143 0.258458
22.3787 6.78485 0.254133
22.414 6.67265 0.254238
22.3454 6.76063 0.256616
22.3366 6.65127 0.254768
22.3378 6.71945 0.258155
22.3675 6.84489 0.255905
22.4148 6.79306 0.256524
22.4953 6.79295 0.255226
22.3757 6.78113 0.259838
22.3925 6.81323 0.257068
22.2951 6.77224 0.256433
22.3299 6.74494 0.256751
22.3246 6.77891 0.254667
22.3767 6.85196 0.253674
22.4141 6.82885 0.254151
22.4152 6.78171 0.255484
22.3559 6.80346 0.254288
22.3077 6.80235 0.254788
22.3762 6.82802 0.2559
22.3091 6.76667 0.252438
22.3037 6.76172 0.255019
22.4004 6.86226 0.259303
22.3438 6.6757 0.256422
22.376 6.66382 0.255202
22.2975 6.73096 0.259163
22.3084 6.75431 0.260995
22.325 6.76757 0.25468
22.3205 6.81434 0.256318
22.3212 6.79469 0.255876
22.3288 6.86018 0.2558
22.3046 6.85058 0.25592
22.3412 6.78353 0.254579
22.4092 6.75459 0.253774
22.3295 6.71492 0.258083
22.3775 6.74178 0.257989
22.449 6.78573 0.258596
22.2618 6.85143 0.259942
22.4156 6.6979 0.253957
22.3134 6.62099 0.2585
22.3737 6.7161 0.253303
22.3762 6.79637 0.253963
22.4273 6.78866 0.25468
22.3533 6.68001 0.257346
22.4446 6.76149 0.255958
22.3343 6.79518 0.255133
22.3096 6.71654 0.256345
22.2454 6.84462 0.261116
22.4482 6.74286 0.255944
22.3922 6.84193 0.259794
22.3551 6.68335 0.256918
22.4521 6.74905 0.257191
22.4527 6.78714 0.255002
22.3505 6.6652 0.254012
22.3648 6.64615 0.259401
22.4193 6.91507 0.259061
22.4002 6.89088 0.261055
22.3616 6.75884 0.255557
22.3196 6.74865 0.259582
22.4557 6.74441 0.253522
22.2595 6.72669 0.258163
22.2786 6.74838 0.259305
22.2474 6.73861 0.258199
22.3145 6.83189 0.259369
22.4018 6.77586 0.254084
22.3554 6.76572 0.250025
22.3366 6.74681 0.258205
22.2981 6.76768 0.256745
22.4261 6.74026 0.254247
22.402 6.80223 0.25789
22.4867 6.71969 0.258375
22.3794 6.69706 0.256731
22.3215 6.73953 0.261324
22.3352 6.85522 0.255567
22.4208 6.8212 0.256256
22.3772 6.73307 0.256136
22.323 6.74614 0.260088
22.3819 6.73439 0.258001
22.444 6.74186 0.257405
22.3915 6.74045 0.257336
22.4554 6.8469 0.254699
22.4002 6.69313 0.255618
22.3148 6.68578 0.252662
22.4981 6.75841 0.253006
22.3229 6.79192 0.257402
22.3946 6.78383 0.255978
22.5146 6.74775 0.256786
22.5068 6.67258 0.25375
22.4016 6.77621 0.258225
22.363 6.75556 0.257552
22.3807 6.74153 0.254497
22.3993 6.74252 0.257398
22.4329 6.7622 0.257946
22.4402 6.76324 0.251268
22.4274 6.78218 0.252785
22.3944 6.71392 0.255025
22.33 6.76417 0.255673
22.3608 6.71562 0.255379
22.3845 6.71854 0.257934
22.4422 6.71521 0.258999
22.2958 6.70308 0.254661
22.3545 6.73327 0.255399
22.37 6.69282 0.255145
22.4242 6.72495 0.255518
22.4361 6.76913 0.255327
22.4776 6.70445 0.255912
22.5234 6.70713 0.258608
22.3718 6.76223 0.253798
22.3649 6.79456 0.252727
22.3897 6.82188 0.257712
22.3698 6.81125 0.257071
22.2638 6.83431 0.255162
22.3862 6.86458 0.257676
22.4965 6.72674 0.257212
22.359 6.85344 0.25618
22.3893 6.73672 0.256029
22.3496 6.77318 0.256366
22.3454 6.79641 0.257127
22.42 6.78639 0.256799
22.394 6.77852 0.256011
22.4551 6.81958 0.251462
22.4712 6.80866 0.251945
22.3156 6.80837 0.257016
22.324 6.74871 0.256223
22.3683 6.67775 0.257928
22.399 6.8126 0.255386
22.3121 6.79879 0.254229
22.3248 6.78742 0.255393
22.3776 6.74717 0.255856
22.4451 6.67974 0.256933
22.4354 6.84408 0.259768
22.3831 6.81858 0.251083
22.3365 6.77493 0.254482
22.3911 6.75849 0.254255
22.3983 6.77359 0.252795
22.3343 6.69401 0.256862
22.4348 6.75874 0.252279
22.2277 6.69417 0.254923
22.3685 6.87879 0.255824
22.4402 6.74274 0.254101
22.4244 6.80695 0.25508
22.4 6.82945 0.255702
22.2268 6.692 0.258463
22.3504 6.77936 0.256826
22.4037 6.64835 0.253784
22.3525 6.76582 0.257427
22.4069 6.75367 0.256745
22.403 6.73135 0.256481
22.3608 6.79092 0.256424
22.3423 6.84188 0.257174
22.4321 6.75829 0.254432
22.3328 6.7259 0.255149
22.472 6.73683 0.257854
22.3297 6.78433 0.256219
22.2866 6.86949 0.256634
22.4592 6.82203 0.256153
22.3059 6.8138 0.257719
22.3658 6.78673 0.253343
22.2617 6.75808 0.257807
22.3415 6.7325 0.256101
22.4081 6.81589 0.255645
22.3703 6.75596 0.258903
22.352 6.86387 0.255843
22.4158 6.89 0.259508
22.4524 6.81179 0.255944
22.4252 6.76869 0.257105
22.4901 6.77872 0.257074
22.325 6.79447 0.256641
22.3459 6.82361 0.257571
22.4941 6.72069 0.255007
22.496 6.7364 0.253756
22.4955 6.6565 0.252396
22.3541 6.8433 0.257971
22.3374 6.84385 0.254435
22.3856 6.68928 0.254362
22.5022 6.80254 0.256468
22.3274 6.79832 0.257513
22.398 6.70889 0.25956
22.4338 6.73583 0.256708
22.4461 6.85308 0.253237
22.3928 6.77002 0.256585
22.3348 6.84969 0.256548
22.4666 6.79083 0.252079
22.3327 6.78403 0.256211
22.2844 6.74646 0.255432
22.442 6.82292 0.25589
22.3654 6.94139 0.256343
22.3795 6.88073 0.253015
22.3376 6.79081 0.255993
22.2422 6.71151 0.258911
22.4393 6.7104 0.256627
22.3701 6.67904 0.253826
22.3309 6.77209 0.258192
22.4168 6.73033 0.25686
22.4306 6.76832 0.255297
22.3897 6.83397 0.255375
22.3452 6.72833 0.255602
22.3259 6.71753 0.254579
22.3635 6.75965 0.25729
22.3752 6.74458 0.256982
22.3301 6.7298 0.255191
22.2824 6.87148 0.259011
22.3537 6.77514 0.258933
22.4128 6.83756 0.258433
22.3728 6.79138 0.257311
22.4461 6.78545 0.255127
22.4427 6.7549 0.257595
22.421 6.73425 0.25754
22.3425 6.80258 0.258485
22.2797 6.71154 0.256194
22.2391 6.75632 0.255514
22.3539 6.81014 0.255201
22.2609 6.72959 0.252146
22.4048 6.78667 0.25482
22.4076 6.7485 0.25652
22.3159 6.74315 0.256835
22.2749 6.79722 0.257882
22.4235 6.8198 0.257297
22.3851 6.81246 0.255851
22.4187 6.7863 0.255901
22.417 6.81238 0.257214
22.3856 6.83572 0.259901
22.4238 6.86121 0.257063
22.3553 6.8397 0.254763
22.27 6.82827 0.254777
22.375 6.7923 0.257384
22.3903 6.80887 0.25757
22.9389 7.2746 0.258053
22.399 6.8236 0.2587
22.2773 6.79497 0.25655
22.3843 6.81189 0.256502
22.2501 6.74192 0.256762
22.1957 6.71676 0.256695
22.2864 6.80596 0.254691
22.3493 6.6454 0.25964
22.3527 6.65348 0.260176
22.3757 6.7931 0.252839
22.4956 6.78128 0.256776
22.516 6.74345 0.256245
22.3259 6.80162 0.255213
22.3372 6.77883 0.256584
22.3035 6.73938 0.255831
22.2645 6.75926 0.257324
22.3871 6.79749 0.255946
22.395 6.76738 0.25686
22.4774 6.73442 0.253251
22.375 6.7835 0.255838
22.3641 6.74666 0.252423
22.223 6.73593 0.255229
22.3729 6.788 0.254182
22.4126 6.93682 0.252759
22.3095 6.78402 0.254215
22.3274 6.78724 0.25874
22.3899 6.746 0.255573
22.5021 6.795 0.256545
22.4177 6.73744 0.254586
22.325 6.77902 0.256443
22.2924 6.88045 0.25534
22.3492 6.73641 0.255985
22.3839 6.74151 0.255463
22.2664 6.8238 0.259888
22.3963 6.79309 0.254762
22.3283 6.71621 0.258175
22.4086 6.84381 0.252907
22.3028 6.76623 0.25609
22.4292 6.65637 0.254551
22.3755 6.77586 0.257181
22.242 6.70929 0.258983
22.3311 6.74535 0.257629
22.2826 6.76059 0.256632
22.2974 6.7965 0.253321
22.2665 6.78024 0.255237
22.3324 6.71863 0.259092
22.2874 6.80019 0.25872
22.3002 6.83816 0.258437
22.2802 6.80113 0.253718
22.5192 6.82768 0.255717
22.3641 6.73538 0.254827
22.3804 6.74633 0.25608
22.3113 6.70152 0.259957
22.3204 6.83831 0.255387
22.4017 6.82466 0.254737
22.4277 6.82575 0.257348
22.4534 6.87533 0.256252
22.4496 6.82195 0.252568
22.4584 6.8012 0.255189
22.3544 6.75919 0.256212
22.2434 6.91197 0.258104
22.3113 6.81122 0.255864
22.2394 6.81897 0.257616
22.3995 6.77576 0.256059
22.433 6.74957 0.255881
22.343 6.76401 0.257826
22.2764 6.82448 0.256676
22.444 6.69191 0.255072
22.4139 6.70335 0.256092
22.454 6.75815 0.255605
22.4676 6.70068 0.2595
22.4888 6.67169 0.258527
22.3505 6.76066 0.25299
22.3263 6.73598 0.257403
22.4424 6.78799 0.255319
22.4083 6.76063 0.253947
22.2627 6.85147 0.253239
22.368 6.84949 0.257954
22.5003 6.85598 0.25448
22.3141 6.89243 0.255453
22.3243 6.70037 0.254404
22.37 6.70092 0.255659
22.3521 6.88429 0.25517
22.4 6.7189 0.259069
22.3098 6.91692 0.252777
22.2232 6.80139 0.258885
22.3286 6.72009 0.253375
22.3675 6.76968 0.253912
22.3866 6.78475 0.256056
22.3058 6.82595 0.25593
22.4465 6.73678 0.254835
22.2417 6.73227 0.255674
22.3365 6.7836 0.258196
22.416 6.77572 0.254197
22.4613 6.81774 0.253881
22.3454 6.78368 0.256705
22.3487 6.64941 0.260266
22.3855 6.66367 0.259507
22.3218 6.70658 0.257434
22.3001 6.85849 0.25702
22.2827 6.77246 0.256441
22.3837 6.65248 0.258232
22.3968 6.74417 0.258459
22.4889 6.73134 0.254756
22.4946 6.74848 0.254481
22.2921 6.8093 0.259773
22.3335 6.81393 0.259554
22.3725 6.95615 0.256907
22.3675 6.74468 0.257328
22.4138 6.74671 0.258546
22.2962 6.78916 0.256825
22.4046 6.79906 0.253317
22.4316 6.83056 0.25827
22.3825 6.78473 0.255816
22.3587 6.86467 0.257038
22.4104 6.6958 0.25661
22.4318 6.74906 0.256098
22.383 6.74972 0.255213
22.3344 6.70858 0.257449
22.3887 6.7538 0.255236
22.3948 6.83914 0.258358
22.4353 6.86484 0.256169
22.4133 6.76378 0.257485
22.2436 6.83774 0.256987
22.2961 6.78483 0.253656
22.4304 6.68698 0.257745
22.4072 6.72974 0.257634
22.377 6.7789 0.253421
22.2872 6.77994 0.255366
22.3108 6.78775 0.256386
22.4816 6.8035 0.25773
22.3556 6.76957 0.258893
22.2816 6.72034 0.255851
22.3465 6.7746 0.257086
22.4238 6.6797 0.256747
22.3446 6.72881 0.254836
22.3278 6.79798 0.25751
22.3917 6.76424 0.25554
22.3342 6.79147 0.255607
22.3132 6.69989 0.256565
22.3205 6.74612 0.258508
22.3239 6.72811 0.255752
22.4541 6.6446 0.258536
22.375 6.72786 0.257212
22.3597 6.74593 0.258008
22.4132 6.75644 0.256471
22.3609 6.80702 0.254459
22.3098 6.69106 0.254154
22.3256 6.71665 0.253595
22.4569 6.85352 0.254206
22.4012 6.78007 0.257184
22.4418 6.8458 0.260475
22.449 6.83399 0.254102
22.4483 6.78787 0.253466
22.3071 6.65406 0.259251
22.3097 6.77459 0.256627
22.3373 6.77321 0.255078
22.415 6.72381 0.255272
22.4129 6.81349 0.256704
22.3201 6.73181 0.254139
22.3632 6.71558 0.253561
22.2946 6.82756 0.257865
22.3291 6.82118 0.257538
22.3832 6.84997 0.254814
22.324 6.76113 0.25718
22.37 6.74 0.258101
22.3191 6.76557 0.256652
22.4121 6.76927 0.256139
22.398 6.76531 0.25569
22.4105 6.84694 0.258719
22.315 6.74758 0.259033
22.325 6.79614 0.258428
22.3915 6.73186 0.251974
22.3572 6.79006 0.257884
22.3455 6.75662 0.258167
22.4535 6.71083 0.253483
22.3737 6.77916 0.259684
22.4066 6.7252 0.256687
22.3687 6.79941 0.257021
22.3669 6.8083 0.257095
22.3221 6.80588 0.259068
22.3056 6.83742 0.258841
22.3081 6.80894 0.258146
22.3745 6.84947 0.257599
22.3605 6.79467 0.254556
22.2906 6.82146 0.256211
22.2742 6.86823 0.256243
22.478 6.79759 0.253124
22.3508 6.74131 0.260196
22.3814 6.70499 0.255729
22.3457 6.82831 0.254805
22.3847 6.86877 0.254665
22.3171 6.75351 0.257782
22.3414 6.76895 0.25384
22.3404 6.81081 0.257128
22.367 6.84185 0.255596
22.3099 6.92786 0.252051
22.3622 6.81693 0.261973
22.4273 6.90451 0.253474
22.5107 6.68811 0.254941
22.4416 6.75455 0.258762
22.4085 6.79093 0.254279
22.389 6.75344 0.256942
22.3085 6.72896 0.254479
22.4153 6.72934 0.254443
22.4165 6.71919 0.252486
22.4435 6.7993 0.258225
22.3184 6.79062 0.256063
22.3051 6.86529 0.256978
22.3036 6.81884 0.254514
22.3853 6.77062 0.251796
22.3211 6.78345 0.256938
22.5066 6.73783 0.25624
22.3821 6.79596 0.252261
22.3821 6.85875 0.25371
22.4113 6.70053 0.251055
22.4423 6.79976 0.256639
22.4212 6.78765 0.256716
22.3732 6.71041 0.256539
22.3472 6.69569 0.254488
22.3493 6.75566 0.250827
22.305 6.7675 0.256386
22.3113 6.77722 0.259174
22.2929 6.93473 0.258256
22.398 6.7627 0.253903
22.3587 6.79295 0.253003
22.4312 6.72604 0.251481
22.4213 6.8765 0.256768
22.2109 6.83485 0.256414
22.3654 6.76515 0.255534
22.435 6.72852 0.259866
22.3231 6.78325 0.255674
22.2949 6.79644 0.255208
22.4135 6.79685 0.256174
22.3969 6.72588 0.253596
22.2566 6.82612 0.259131
22.3417 6.73836 0.256901
22.4496 6.73996 0.251333
22.3591 6.83361 0.256559
22.5336 6.79487 0.257626
22.2169 6.78093 0.25781
22.3275 6.74646 0.257362
22.3018 6.80804 0.25562
22.4327 6.76319 0.25907
22.377 6.76304 0.256151
22.4242 6.81342 0.252962
22.3202 6.79141 0.257676
22.3746 6.84563 0.261937
22.456 6.79254 0.256469
22.2806 6.77278 0.257225
22.4946 6.81559 0.25674
22.2892 6.82798 0.257001
22.2595 6.74098 0.257023
22.3949 6.76096 0.253692
22.2691 6.82486 0.255684
22.2589 6.83496 0.254836
22.3018 6.83768 0.255221
22.3353 6.88231 0.2563
22.4676 6.77697 0.256622
22.4694 6.83979 0.254129
22.3059 6.75016 0.259511
22.3337 6.76258 0.257352
22.4247 6.74334 0.251931
22.4463 6.75111 0.25673
22.414 6.76842 0.257496
22.2987 6.78659 0.256026
22.2496 6.79439 0.25589
22.3274 6.78568 0.258548
22.2558 6.72664 0.259474
22.3872 6.72709 0.25532
22.3676 6.82171 0.256224
22.3537 6.79681 0.253762
22.3622 6.75859 0.253177
22.3362 6.82668 0.2542
22.4354 6.87778 0.25449
22.3315 6.82256 0.254081
22.4617 6.82972 0.256115
22.3232 6.77123 0.257531
22.3771 6.63079 0.257728
22.3399 6.64614 0.258206
22.3762 6.77251 0.257849
22.3981 6.82639 0.256156
22.4133 6.84974 0.255978
22.4528 6.83543 0.255356
22.314 6.79318 0.260243
22.3364 6.75084 0.25665
22.3264 6.78688 0.254436
22.3042 6.75495 0.254376
22.2608 6.76645 0.259452
22.4196 6.79234 0.255964
22.4669 6.76687 0.254541
22.3339 6.75867 0.257151
22.3226 6.84935 0.256209
22.3411 6.88531 0.259639
22.3915 6.78715 0.253487
22.3438 6.7116 0.255991
22.4444 6.7988 0.257478
22.5655 6.84135 0.254992
22.5209 6.76059 0.254728
22.4741 6.75642 0.257749
22.5032 6.75825 0.257843
22.3947 6.83991 0.258041
22.3207 6.71541 0.258916
22.2108 6.74869 0.258763
22.3509 6.7616 0.256547
22.3047 6.78671 0.258141
22.4561 6.70749 0.258128
22.3527 6.81623 0.257456
22.3031 6.79551 0.256401
22.4551 6.79612 0.256098
22.2817 6.74501 0.256921
22.285 6.7457 0.257896
22.4178 6.75593 0.254938
22.3727 6.86545 0.258613
22.3602 6.88062 0.257105
22.47 6.81111 0.256721
22.356 6.72525 0.25578
22.2877 6.7097 0.258071
22.2521 6.69563 0.257219
22.4739 6.81265 0.256311
22.3935 6.81352 0.254474
22.3813 6.8331 0.254847
22.4023 6.89436 0.252272
22.4859 6.80762 0.253804
22.4617 6.72926 0.257554
22.1597 6.79697 0.256383
22.3317 6.74809 0.253827
22.3766 6.70769 0.252612
22.3109 6.85452 0.258121
22.2909 6.91333 0.25841
22.3027 6.78852 0.256634
22.3191 6.8623 0.256029
22.4318 6.78186 0.255683
22.4427 6.77709 0.254653
22.4091 6.82556 0.256251
22.3396 6.75035 0.257676
22.2948 6.73386 0.25741
22.5004 6.81417 0.251367
22.424 6.64205 0.255087
22.4738 6.80346 0.255059
22.4065 6.80723 0.253227
22.3976 6.72964 0.254386
22.4422 6.74255 0.256916
22.4232 6.79308 0.252649
22.2503 6.87467 0.258873
22.3297 6.71236 0.257669
22.4086 6.7493 0.254345
22.4344 6.85274 0.256295
22.3189 6.82409 0.257561
22.3297 6.80864 0.256381
22.3224 6.85349 0.254982
22.3849 6.77009 0.256048
22.3555 6.78695 0.255673
22.4603 6.7943 0.256712
22.4487 6.74263 0.257479
22.3559 6.80807 0.256642
22.3519 6.78477 0.257463
22.3298 6.83106 0.255295
22.3702 6.72246 0.253814
22.3749 6.67335 0.251596
22.2705 6.75241 0.258847
22.4264 6.7745 0.255362
22.3524 6.81087 0.255691
22.3987 6.79005 0.256538
22.3738 6.80352 0.25498
22.4438 6.67176 0.259194
22.3122 6.70095 0.259322
22.2749 6.77497 0.25923
22.2387 6.90798 0.256129
22.2932 6.75251 0.252362
22.3663 6.75316 0.253635
22.3169 6.77442 0.252349
22.3308 6.78731 0.259412
22.4066 6.6813 0.258253
22.2533 6.75333 0.254091
22.4273 6.78711 0.259435
22.3576 6.71521 0.256912
22.3807 6.87827 0.259109
22.3121 6.87996 0.259302
22.3644 6.84948 0.255283
22.4672 6.72503 0.258637
22.4738 6.84282 0.255381
22.2854 6.76133 0.254788
22.3727 6.8201 0.257275
22.3551 6.73231 0.25568
22.4367 6.74767 0.25543
22.3315 6.70194 0.255654
22.3457 6.70769 0.258046
22.263 6.74045 0.256944
22.4206 6.73736 0.255195
22.4106 6.78534 0.256041
22.4196 6.91525 0.258431
22.4084 6.78248 0.257725
22.3318 6.78302 0.256987
22.2882 6.81552 0.253554
22.3059 6.86666 0.253805
22.3866 6.71417 0.258776
22.3643 6.64216 0.260362
22.3358 6.73452 0.256693
22.3517 6.85552 0.254081
22.2832 6.77074 0.256149
22.248 6.81323 0.254915
22.4366 6.77144 0.256231
22.4233 6.76655 0.257411
22.4973 6.87807 0.251322
22.3159 6.76773 0.255357
22.327 6.74396 0.257659
22.3978 6.84518 0.254525
22.3326 6.75747 0.256671
22.3436 6.78575 0.255164
22.3207 6.76418 0.25667
22.3353 6.76658 0.256394
22.3839 6.72098 0.256898
22.4201 6.72522 0.258109
22.5471 6.81119 0.254995
22.334 6.7769 0.255688
22.3595 6.75131 0.25594
22.5045 6.85159 0.25621
22.3726 6.74364 0.254311
22.4568 6.78714 0.251645
22.3524 6.81488 0.258706
22.4147 6.88793 0.252495
22.4909 6.80389 0.253216
22.3358 6.7115 0.257422
22.3651 6.73338 0.257055
22.2913 6.72451 0.255153
22.4644 6.72781 0.254066
22.3821 6.74253 0.255499
22.3207 6.77854 0.254887
22.3495 6.74863 0.253965
22.2842 6.84102 0.258679
22.3479 6.89792 0.258106
22.3322 6.75308 0.253903
22.3464 6.73968 0.256766
22.3425 6.70354 0.257881
22.4122 6.72832 0.254922
22.3265 6.78902 0.258033
22.4343 6.76296 0.258281
22.2998 6.71122 0.252697
22.3183 6.74898 0.260187
22.4297 6.71716 0.253226
22.4115 6.8438 0.261298
22.352 6.79223 0.258033
22.3072 6.79823 0.25566
22.3404 6.88491 0.253068
22.4338 6.82302 0.256082
22.2634 6.77854 0.259094
22.3045 6.79338 0.259222
22.3036 6.85883 0.258849
22.4248 6.87675 0.25792
22.4174 6.80354 0.257063
22.3288 6.83743 0.258011
22.3642 6.78774 0.259181
22.352 6.87807 0.252795
22.4429 6.77305 0.255923
22.4266 6.71457 0.254192
22.3602 6.74872 0.261471
22.3998 6.80195 0.26051
22.2953 6.76369 0.256177
22.4307 6.79194 0.254055
22.4123 6.82031 0.255261
22.3705 6.75376 0.256342
22.3662 6.79766 0.255984
22.4311 6.7365 0.256157
22.4355 6.74965 0.260729
22.5402 6.75099 0.253545
22.4732 6.8727 0.255234
22.4168 6.67989 0.2583
22.3362 6.78223 0.254736
22.4512 6.77849 0.253505
22.3962 6.75531 0.25274
22.3953 6.71367 0.259064
22.3802 6.72712 0.251721
22.3348 6.77526 0.257645
22.3492 6.74346 0.253692
22.4204 6.79348 0.256104
22.4551 6.74989 0.259881
22.3809 6.75715 0.257497
22.4083 6.7326 0.253824
22.3556 6.75087 0.256191
22.3425 6.73914 0.256098
22.3929 6.75663 0.257049
22.4233 6.80111 0.255347
22.2867 6.8766 0.261731
22.3395 6.73687 0.254408
22.2496 6.69357 0.258174
22.2946 6.79976 0.260457
22.2743 6.75353 0.257946
22.2754 6.92135 0.2564
22.3141 6.93123 0.256942
22.3123 6.73097 0.256936
22.4212 6.68006 0.257208
22.4148 6.78092 0.257212
22.3818 6.90736 0.257129
22.4336 6.77413 0.256244
22.2925 6.85157 0.259894
22.3783 6.7979 0.256123
22.3239 6.74756 0.259648
22.4827 6.82069 0.252065
22.4054 6.8686 0.253281
21.5716 7.57218 0.284446
22.3668 6.75364 0.254231
22.4007 6.7218 0.256072
22.343 6.76654 0.255681
22.3274 6.77411 0.253724
22.2917 6.91409 0.256946
22.3842 6.76551 0.254373
22.3783 6.71375 0.257121
22.2269 6.8156 0.258101
22.4031 6.80059 0.253121
22.3286 6.82127 0.257997
22.3234 6.85463 0.25244
22.3186 6.81308 0.254693
22.4573 6.72414 0.255193
22.4417 6.76069 0.257016
22.3371 6.80943 0.255821
22.2901 6.70998 0.25593
22.4879 6.72186 0.255311
22.3229 6.75773 0.25664
22.4264 6.84131 0.257008
22.3276 6.77886 0.260326
22.3069 6.80011 0.255157
22.4589 6.81175 0.255574
22.4266 6.82219 0.258065
22.3819 6.92442 0.256219
22.35 6.82153 0.255401
22.4535 6.74676 0.254015
22.4447 6.882 0.256193
22.386 6.82694 0.259154
22.473 6.88181 0.255693
22.4716 6.75398 0.25507
22.3984 6.80416 0.257156
22.4815 6.8313 0.256469
22.4328 6.83948 0.258354
22.3696 6.77255 0.255018
22.3928 6.83085 0.256629
22.4315 6.75648 0.254951
22.4059 6.67409 0.252847
22.3974 6.8141 0.257781
22.3919 6.77898 0.256965
22.33 6.72292 0.25469
22.5095 6.75275 0.255478
22.4372 6.75561 0.252248
22.3108 6.78553 0.253208
22.3631 6.7797 0.256847
22.3522 6.77397 0.256104
22.3588 6.74095 0.25679
22.3393 6.77184 0.258263
22.343 6.79225 0.258281
22.42 6.72709 0.257292
22.4344 6.72378 0.257706
22.4064 6.69303 0.25446
22.2608 6.75815 0.25235
22.4358 6.70853 0.256289
22.4176 6.69004 0.255718
22.2772 6.93983 0.25741
22.3108 6.86411 0.257415
22.4354 6.75591 0.256559
22.3492 6.79016 0.255549
22.3453 6.76271 0.254145
22.3323 6.71921 0.25603
22.3303 6.74031 0.256649
22.3242 6.79776 0.257703
22.3084 6.86967 0.260231
22.4416 6.84015 0.256793
22.3011 6.80652 0.259129
22.3948 6.80239 0.254016
22.3453 6.88506 0.255882
22.3731 6.84959 0.256098
22.2677 6.81005 0.257464
22.3951 6.88335 0.254413
22.3861 6.77259 0.258574
22.3777 6.77459 0.253952
22.4149 6.82589 0.253034
22.4492 6.72805 0.257685
22.2853 6.7333 0.25701
22.4681 6.78347 0.254708
22.3115 6.66672 0.259823
22.4137 6.84641 0.255
22.3778 6.81872 0.254602
22.3172 6.66856 0.257817
22.2914 6.75797 0.258935
22.3032 6.76332 0.253451
22.529 6.78545 0.253001
22.5091 6.83448 0.254655
22.4238 6.809 0.25816
22.3212 6.78412 0.257052
22.3128 6.74412 0.254943
22.374 6.74043 0.255726
22.4394 6.84758 0.257605
22.3856 6.77445 0.257999
22.2928 6.76273 0.254303
22.2725 6.74245 0.258147
22.2404 6.75937 0.257593
22.3411 6.75678 0.256502
22.3075 6.75445 0.257343
22.4926 6.77825 0.258985
22.331 6.8138 0.256959
22.3758 6.66705 0.259253
22.385 6.89833 0.256484
22.3461 6.83055 0.257971
22.3441 6.68182 0.255303
22.3176 6.80713 0.257271
22.3507 6.72937 0.254348
22.3187 6.80961 0.25385
22.4877 6.75483 0.253023
22.4314 6.8539 0.255662
22.3048 6.80994 0.2598
22.3575 6.79101 0.259131
22.3827 6.87989 0.253855
22.3598 6.78216 0.256523
22.3123 6.78669 0.257697
22.3512 6.75678 0.25775
22.317 6.73324 0.25595
22.3364 6.71847 0.257507
22.4015 6.78589 0.257963
22.3588 6.70358 0.256922
22.2717 6.74369 0.261245
22.3651 6.7365 0.258014
22.3562 6.82077 0.255513
22.2602 6.69225 0.259054
22.4043 6.76912 0.255343
22.3657 6.77616 0.257881
22.4968 6.80324 0.253401
22.3594 6.81758 0.255557
22.4917 6.76556 0.25497
22.3982 6.83504 0.255195
22.419 6.88289 0.25637
22.3225 6.71935 0.255358
22.3233 6.74658 0.255798
22.3662 6.73629 0.252523
22.3473 6.76303 0.258931
22.5243 6.79056 0.254826
22.4155 6.79937 0.258276
22.4037 6.73713 0.257479
22.4709 6.68851 0.255961
22.341 6.71257 0.258148
22.3814 6.7548 0.254199
22.3595 6.75231 0.258574
22.3249 6.75712 0.25503
22.2839 6.75589 0.255268
22.3592 6.7505 0.256736
22.3095 6.75962 0.257141
22.333 6.87334 0.255373
22.4414 6.79835 0.252955
22.3754 6.86865 0.25565
22.4002 6.68805 0.257052
22.3714 6.70091 0.256747
22.3886 6.78624 0.257128
22.3785 6.74696 0.254962
22.2491 6.75974 0.256069
22.4181 6.7006 0.256353
22.3029 6.74071 0.256374
22.4307 6.77472 0.256091
22.3924 6.77195 0.254301
22.3124 6.84121 0.256078
22.3752 6.79026 0.256135
22.3749 6.79246 0.254236
22.4371 6.73184 0.255097
22.3335 6.81731 0.254
22.2984 6.81314 0.255841
22.4665 6.74821 0.253943
22.4012 6.75297 0.257857
22.3138 6.68717 0.253324
22.3171 6.72615 0.254314
22.4074 6.79294 0.254162
22.3558 6.77021 0.256672
22.4121 6.78227 0.257445
22.2823 6.77733 0.257231
22.3395 6.83691 0.255275
22.3143 6.80438 0.256702
22.4085 6.79087 0.252518
22.3452 6.8182 0.257425
22.3396 6.76081 0.254807
22.3054 6.69387 0.256031
22.4474 6.71299 0.254633
22.3302 6.74074 0.257224
22.5394 6.70555 0.253449
22.3744 6.76853 0.257824
22.3579 6.70805 0.254895
22.4272 6.73321 0.255396
22.3228 6.74656 0.258702
22.4985 6.76794 0.255242
22.3523 6.86172 0.254432
22.3579 6.77197 0.256465
22.3683 6.75514 0.255288
22.3878 6.73768 0.255985
22.3222 6.81247 0.255603
22.3904 6.76927 0.255203
22.2205 6.86992 0.259109
22.4312 6.7948 0.255274
22.4276 6.78915 0.253865
22.366 6.6748 0.254764
22.3351 6.7661 0.25517
22.4395 6.80621 0.25474
22.439 6.77158 0.254293
22.3135 6.83807 0.254268
22.4397 6.83797 0.254527
22.4337 6.70484 0.254839
22.3868 6.76382 0.254815
22.3533 6.78532 0.253647
22.324 6.74439 0.257807
22.409 6.7838 0.254786
22.4123 6.76456 0.255341
22.3631 6.82755 0.253969
22.3526 6.75005 0.255632
22.4211 6.74165 0.254713
22.4315 6.74399 0.255642
22.3982 6.80444 0.254747
22.4646 6.78594 0.257005
22.375 6.78663 0.256965
22.3532 6.71311 0.255155
22.3772 6.74965 0.258174
22.5632 6.81043 0.255491
22.3292 6.82148 0.254585
22.3489 6.75365 0.258803
22.4561 6.74984 0.257501
22.411 6.71332 0.256398
22.3606 6.82688 0.257366
22.4156 6.8059 0.258297
22.4596 6.88516 0.257696
22.4074 6.83803 0.255551
22.4614 6.8338 0.25669
22.3999 6.77044 0.258809
22.4617 6.76468 0.258261
22.2781 6.73313 0.257296
22.3671 6.76742 0.257834
22.3659 6.73155 0.254413
22.3787 6.74208 0.252829
22.2834 6.68353 0.259216
22.4644 6.75982 0.257256
22.2878 6.66038 0.258647
22.2907 6.77453 0.258912
22.3969 6.81995 0.255189
22.4553 6.68511 0.255591
22.4595 6.85831 0.258855
22.363 6.86431 0.257261
22.3375 6.80951 0.259028
22.3469 6.75842 0.253397
22.4107 6.7004 0.256306
22.3737 6.78756 0.257451
22.3727 6.86082 0.257456
22.4347 6.82077 0.257404
22.3028 6.82372 0.258916
22.4118 6.82859 0.25647
22.4102 6.73845 0.25595
22.3806 6.67193 0.254594
22.3337 6.85949 0.256676
22.357 6.80413 0.254303
22.2913 6.72778 0.259954
22.2645 6.80098 0.257244
22.3276 6.66307 0.255745
22.4335 6.80005 0.255771
22.4858 6.74982 0.254346
22.4702 6.63377 0.256817
22.4167 6.83003 0.256381
22.4477 6.81992 0.25737
22.3314 6.70699 0.256219
22.3777 6.70746 0.25591
22.2799 6.7541 0.254819
22.3555 6.79802 0.256271
22.4811 6.78664 0.25564
22.4511 6.80895 0.255864
22.4491 6.76385 0.254286
22.4085 6.81533 0.258839
22.3637 6.7411 0.25378
22.396 6.84155 0.251186
22.3806 6.79356 0.254594
22.3839 6.73528 0.255426
22.4106 6.82801 0.256633
22.2815 6.77882 0.256692
22.3853 6.7356 0.254775
22.3699 6.80335 0.253688
22.3186 6.81801 0.257184
22.3464 6.80782 0.256155
22.2722 6.83289 0.258034
22.4168 6.68468 0.257322
22.4255 6.75781 0.254052
22.3663 6.81048 0.255489
22.371 6.72588 0.255886
22.4537 6.7599 0.257371
22.3835 6.90588 0.25579
22.3324 6.86299 0.254527
22.371 6.74636 0.255582
22.3778 6.73749 0.255914
22.4264 6.77313 0.255786
22.3532 6.73719 0.255204
22.3884 6.71865 0.253747
22.3541 6.75708 0.256869
22.4392 6.81968 0.254906
22.2941 6.73324 0.255213
22.3188 6.72015 0.253724
22.3921 6.77509 0.255063
22.2225 6.81619 0.259638
22.3602 6.76936 0.261327
22.278 6.76353 0.260554
22.2904 6.79843 0.25766
22.2448 6.80275 0.25444
22.4048 6.71986 0.256676
22.3816 6.6851 0.256958
22.3735 6.7754 0.256495
22.4906 6.79242 0.253889
22.3611 6.79672 0.256278
22.2846 6.76938 0.251353
22.2786 6.74805 0.255199
22.4355 6.78679 0.256882
22.352 6.71983 0.253158
22.4002 6.75028 0.254715
22.2828 6.77246 0.254068
22.2798 6.7643 0.251294
22.3019 6.72225 0.253609
22.3838 6.69487 0.254851
22.4842 6.71004 0.258787
22.3448 6.7873 0.255774
22.3096 6.78195 0.254222
22.3339 6.78677 0.257685
22.2649 6.73523 0.256326
22.373 6.83876 0.255879
22.4846 6.80435 0.259048
22.4212 6.78505 0.258397
22.4995 6.79091 0.252822
22.4403 6.78113 0.255975
22.4917 6.81117 0.254057
22.421 6.78789 0.252952
22.3323 6.79547 0.255851
22.4716 6.81616 0.257448
22.4918 6.83692 0.257096
22.4553 6.78207 0.256951
22.3917 6.80582 0.254312
22.3767 6.82971 0.257174
22.4684 6.77239 0.256537
22.4396 6.72231 0.254512
22.3839 6.79046 0.256406
22.3924 6.73649 0.256466
22.3688 6.76004 0.256
22.3718 6.85486 0.258222
22.3314 6.78436 0.256352
22.3462 6.91818 0.255414
22.224 6.7837 0.255268
22.3696 6.78951 0.25492
22.4369 6.79109 0.256535
22.4192 6.76109 0.254627
22.4534 6.67767 0.255263
22.4189 6.68785 0.257107
22.4442 6.68861 0.258185
22.3067 6.8942 0.257587
22.367 6.70931 0.255917
22.3219 6.7883 0.256506
22.3781 6.95682 0.254654
22.3502 6.75545 0.25819
22.3178 6.72284 0.256924
22.3784 6.69383 0.255661
22.3205 6.85266 0.257522
22.4267 6.73661 0.256304
22.3639 6.81894 0.255667
22.2698 6.7507 0.255468
22.4031 6.75931 0.256829
22.3384 6.79157 0.254765
22.4285 6.73331 0.255822
22.4749 6.7794 0.257216
22.4318 6.77409 0.259645
22.376 6.82129 0.25566
22.39 6.86398 0.255603
22.3835 6.85686 0.256101
22.3451 6.66225 0.256881
22.3906 6.86519 0.253206
22.5217 6.7437 0.256467
22.5121 6.69016 0.254663
22.4229 6.77173 0.258335
22.3279 6.74662 0.256095
22.4225 6.88677 0.259298
22.3595 6.75558 0.256939
22.2914 6.73793 0.260143
22.318 6.73994 0.255301
22.419 6.81479 0.258067
22.463 6.6554 0.255361
22.3933 6.75716 0.257297
22.4479 6.75156 0.256832
22.3406 6.80301 0.25156
22.2788 6.7116 0.258179
22.3112 6.74329 0.257536
22.2835 6.70923 0.255675
22.2893 6.85598 0.25393
22.334 6.75806 0.254863
22.3093 6.78941 0.253249
22.4667 6.71097 0.255376
22.4209 6.7057 0.255542
22.2733 6.80597 0.25748
22.309 6.76598 0.25668
22.4488 6.77363 0.251991
22.3539 6.74987 0.253423
22.4152 6.76574 0.254256
22.4627 6.83354 0.255588
22.4667 6.83335 0.254839
22.4622 6.6938 0.254878
22.4002 6.75938 0.257878
22.2778 6.77824 0.257621
22.4215 6.73367 0.258798
22.3829 6.71354 0.256258
22.3674 6.70089 0.258223
22.3572 6.74307 0.25706
22.3036 6.67164 0.256293
22.3593 6.67408 0.25903
22.27 6.68064 0.260009
22.4436 6.7604 0.254841
22.4832 6.84795 0.253788
22.4496 6.6771 0.254519
22.4743 6.77809 0.254271
22.365 6.84276 0.255997
22.37 6.84572 0.256642
22.4306 6.79278 0.251771
22.3332 6.77694 0.254964
22.3942 6.76865 0.25348
22.4772 6.73239 0.250782
22.3299 6.80815 0.258665
22.3691 6.71799 0.258147
22.4283 6.7708 0.258167
22.4586 6.78413 0.257174
22.4704 6.81268 0.255786
22.3665 6.80671 0.257131
22.3387 6.84222 0.258053
22.466 6.84542 0.257466
22.431 6.73593 0.256724
22.399 6.71844 0.25699
22.4333 6.75084 0.257393
22.3453 6.80174 0.255441
22.3535 6.7035 0.256826
22.4399 6.79399 0.2562
22.4137 6.72224 0.25716
22.4099 6.88641 0.255259
22.3354 6.7699 0.258598
22.3506 6.8453 0.255589
22.4228 6.74417 0.252482
22.3857 6.81112 0.2556
22.424 6.86375 0.254173
22.3606 6.84532 0.254421
22.3635 6.82925 0.25574
22.3539 6.8238 0.259174
22.3771 6.83322 0.259175
22.4077 6.7236 0.254066
22.4257 6.64538 0.254381
22.3944 6.63659 0.254493
22.2881 6.75384 0.256062
22.388 6.7348 0.255126
22.2845 6.74879 0.254517
22.4255 6.72894 0.25333
22.3866 6.70975 0.253843
22.3477 6.7018 0.253835
22.3981 6.67669 0.251788
22.3121 6.79491 0.255389
22.4443 6.82295 0.255709
22.3753 6.81575 0.256046
22.3282 6.79814 0.256146
22.3496 6.72897 0.256047
22.4762 6.74148 0.254025
22.4148 6.74982 0.256625
22.4029 6.72112 0.252992
22.3858 6.77057 0.254312
22.3355 6.74144 0.255908
22.3632 6.70544 0.255321
22.4034 6.78009 0.257145
22.4069 6.78369 0.256776
22.3143 6.81149 0.25655
22.2491 6.78803 0.25483
22.4138 6.78834 0.251683
22.3201 6.74019 0.252353
22.3391 6.67632 0.253589
22.3687 6.7821 0.25624
22.2648 6.82446 0.257766
22.4048 6.75791 0.254879
22.3917 6.79339 0.254938
22.336 6.79765 0.254469
22.4812 6.68111 0.25405
22.3291 6.76871 0.257657
22.3582 6.68187 0.25532
22.4602 6.69689 0.255927
22.2703 6.66969 0.25704
22.346 6.7949 0.256963
22.3709 6.85284 0.257121
22.3096 6.87771 0.25734
22.2151 6.74487 0.254905
22.3887 6.78012 0.255795
22.3691 6.74305 0.254253
22.3879 6.76652 0.253953
22.2493 6.7697 0.258934
22.4592 6.81149 0.25708
22.4258 6.73363 0.256756
22.3969 6.74397 0.255648
22.4521 6.73618 0.252701
22.4212 6.76376 0.255166
22.3074 6.83756 0.256742
22.3989 6.724 0.255339
22.3598 6.8214 0.254105
22.3663 6.76529 0.255866
22.3699 6.73349 0.254055
22.2934 6.66129 0.254975
22.3241 6.715 0.255687
22.3073 6.73283 0.255015
22.3437 6.86511 0.256725
22.3549 6.76793 0.258941
21.7853 7.01279 0.24482
22.3346 6.79305 0.253306
22.5481 6.75028 0.256246
22.4181 6.70922 0.251334
22.3094 6.75728 0.25846
22.4173 6.81497 0.255353
22.4135 6.7467 0.257596
22.3383 6.82421 0.256309
22.441 6.77447 0.253503
22.2794 6.81438 0.260108
22.3276 6.83907 0.254465
22.4436 6.80058 0.254111
22.411 6.75634 0.254897
22.4303 6.79568 0.256175
22.2013 6.77858 0.259304
22.4022 6.86929 0.25359
22.4385 6.65182 0.253051
22.2384 6.71198 0.256611
22.4038 6.814 0.259646
22.3192 6.66415 0.255837
22.3326 6.72654 0.258039
22.4028 6.76079 0.258075
22.3564 6.75925 0.25789
22.357 6.82106 0.254866
22.4644 6.80711 0.256243
22.4285 6.78192 0.257605
22.3606 6.74669 0.257724
22.353 6.83178 0.259358
22.4196 6.77129 0.256092
22.444 6.8088 0.252656
22.3771 6.68818 0.258375
22.3684 6.81968 0.256148
22.4059 6.8832 0.255659
22.3354 6.69828 0.255363
22.3821 6.57278 0.258913
22.3847 6.71628 0.259804
22.3783 6.72645 0.257566
22.4147 6.73582 0.258098
22.3022 6.77675 0.25248
22.4643 6.77004 0.258645
22.3509 6.90929 0.255573
22.4226 6.72693 0.251728
22.3926 6.72925 0.255826
22.4527 6.71964 0.255183
22.3115 6.80458 0.253095
22.3511 6.80149 0.256123
22.4632 6.71751 0.256912
22.3122 6.84334 0.255315
22.3855 6.72439 0.256932
22.3688 6.78714 0.256554
22.3651 6.74662 0.256298
22.2586 6.69513 0.257681
22.2915 6.84904 0.260092
22.3934 6.8559 0.255877
22.3897 6.75653 0.256522
22.3495 6.79585 0.257325
22.3184 6.72428 0.259002
22.3198 6.6842 0.252294
22.2953 6.79899 0.256311
22.3103 6.80241 0.259511
22.4248 6.79795 0.255303
22.2653 6.80209 0.255375
22.2954 6.85901 0.257701
22.2767 6.81882 0.256464
22.4007 6.73567 0.257165
22.3426 6.67769 0.257551
22.3319 6.73754 0.259455
22.2087 6.79879 0.256747
22.3561 6.71237 0.255154
22.3448 6.72314 0.256684
22.375 6.6782 0.25774
22.4629 6.73727 0.253546
22.4903 6.73995 0.254343
22.4704 6.78014 0.254906
22.3497 6.86061 0.258092
22.3891 6.76174 0.258461
22.4378 6.77095 0.256857
22.3487 6.85447 0.25617
22.4401 6.78765 0.254983
22.458 6.72679 0.253021
22.4679 6.75379 0.256778
22.3736 6.81363 0.253956
22.3439 6.75932 0.254522
22.4036 6.79798 0.253432
22.2697 6.75898 0.259017
22.3706 6.81282 0.256195
22.3346 6.78445 0.256507
22.3144 6.84431 0.25714
22.3049 6.76137 0.255123
22.39 6.67535 0.25354
22.3135 6.82769 0.256483
22.3347 6.70003 0.255677
22.3236 6.72343 0.256296
22.436 6.69324 0.256024
22.404 6.85987 0.255075
22.3743 6.82846 0.25538
22.3747 6.8061 0.258256
22.4196 6.84251 0.258287
22.4148 6.7876 0.256397
22.22 6.73838 0.256249
22.3117 6.74084 0.258567
22.5483 6.77933 0.255846
22.3567 6.77914 0.25856
22.4041 6.73342 0.257162
22.4703 6.76194 0.256524
22.2855 6.8757 0.257827
22.4341 6.78444 0.255649
22.2101 6.84514 0.258737
22.2094 6.81288 0.257586
22.3034 6.64269 0.258454
22.3792 6.75169 0.256212
22.4606 6.77023 0.25845
22.3805 6.75965 0.257032
22.4839 6.73548 0.255274
22.4612 6.72313 0.252459
22.3958 6.82445 0.255675
22.3686 6.79147 0.25903
22.4128 6.65512 0.2591
22.3596 6.88172 0.257598
22.3527 6.77645 0.257938
22.3435 6.78103 0.258421
22.3657 6.81756 0.256498
22.3801 6.84099 0.256143
22.4222 6.78961 0.253674
22.3725 6.81748 0.255668
22.3412 6.77157 0.254944
22.3893 6.85612 0.256639
22.4259 6.79137 0.25578
22.3683 6.72041 0.255087
22.3969 6.76872 0.253692
22.4295 6.74812 0.256897
22.4203 6.75299 0.256145
22.3496 6.77405 0.254919
22.4493 6.71941 0.25286
22.3267 6.92 0.254631
22.3747 6.67511 0.255709
22.3986 6.76942 0.25528
22.4036 6.76483 0.257156
22.3764 6.73665 0.257611
22.514 6.74287 0.255752
22.375 6.83738 0.25984
22.3633 6.71302 0.255462
22.4727 6.71357 0.255505
22.3668 6.70959 0.260321
22.3547 6.7103 0.257744
22.3278 6.78096 0.255421
22.3392 6.74773 0.258479
22.4387 6.69548 0.256851
22.3981 6.7335 0.255189
22.2982 6.7432 0.255263
22.357 6.85153 0.256338
22.4703 6.72231 0.253565
22.3507 6.84091 0.254843
22.4395 6.82481 0.254736
22.3814 6.78025 0.259309
22.3495 6.70399 0.257234
22.3402 6.79475 0.257212
22.3221 6.76976 0.257457
22.356 6.71984 0.258298
22.3527 6.77496 0.259693
22.2997 6.80798 0.252622
22.3618 6.79845 0.255022
22.3303 6.81651 0.253057
22.505 6.78436 0.254495
22.2952 6.78708 0.258364
22.3165 6.79989 0.257923
22.4154 6.86479 0.257921
22.3634 6.72352 0.256235
22.322 6.74377 0.257324
22.411 6.72363 0.255589
22.4325 6.78855 0.255364
22.3912 6.73583 0.251254
22.467 6.65618 0.252619
22.3451 6.83854 0.252094
22.3745 6.71864 0.25737
22.3639 6.85001 0.255824
22.391 6.70053 0.256576
22.4017 6.71734 0.254596
22.401 6.78577 0.25446
22.3386 6.76016 0.259306
22.4667 6.69247 0.258859
22.2923 6.75241 0.256361
22.402 6.73967 0.257722
22.3736 6.66561 0.258356
22.3649 6.77048 0.25863
22.2911 6.76112 0.259652
22.3065 6.8401 0.255464
22.4801 6.87902 0.259064
22.4183 6.73898 0.25676
22.4342 6.72074 0.258448
22.4361 6.76551 0.255184
22.3747 6.76107 0.256519
22.2849 6.86341 0.261084
22.3833 6.73535 0.255537
22.3903 6.73589 0.25724
22.4272 6.79964 0.258184
22.4005 6.79978 0.257224
22.361 6.87767 0.256211
22.2842 6.66005 0.256392
22.4176 6.73783 0.257222
22.4184 6.81433 0.256244
22.3493 6.7879 0.25802
22.3207 6.76093 0.255321
22.3668 6.77327 0.255326
22.3354 6.78354 0.25364
22.3799 6.80953 0.258157
22.3419 6.74163 0.258342
22.3511 6.83946 0.256311
22.394 6.87928 0.256637
22.2648 6.75417 0.26141
22.2913 6.7781 0.253459
22.4147 6.78797 0.258573
22.3912 6.83212 0.256486
22.3841 6.83198 0.255943
22.4247 6.77246 0.255789
22.3725 6.82117 0.254136
22.3621 6.759 0.255104
22.4836 6.82943 0.254537
22.2657 6.76757 0.256902
22.4071 6.77532 0.259195
22.3146 6.78272 0.257069
22.4083 6.71769 0.256794
22.4567 6.70534 0.253861
22.3654 6.83109 0.254953
22.2454 6.67232 0.253998
22.472 6.82796 0.255712
22.4581 6.79541 0.257331
22.3114 6.77283 0.253602
22.3564 6.68884 0.256023
22.3755 6.77455 0.261156
22.4079 6.85079 0.254781
22.4652 6.79717 0.255277
22.4587 6.88148 0.260012
22.3147 6.77518 0.258169
22.3116 6.85924 0.256208
22.3714 6.75489 0.254837
22.4608 6.79093 0.256678
22.4196 6.81613 0.25417
22.3599 6.82905 0.252765
22.2562 6.79341 0.252954
22.2156 6.69666 0.257568
22.4776 6.78517 0.259775
22.3586 6.75419 0.257042
22.32 6.72605 0.257329
22.2989 6.67712 0.25803
22.3695 6.7976 0.258195
22.3708 6.70424 0.25816
22.5197 6.66581 0.255686
22.3449 6.73436 0.255397
22.3616 6.77059 0.255909
22.2744 6.7689 0.258671
22.2808 6.73068 0.260327
22.3104 6.83085 0.256307
22.409 6.7198 0.255841
22.3137 6.80275 0.258135
22.3145 6.79473 0.256613
22.3035 6.756 0.257871
22.3417 6.7392 0.256943
22.2847 6.73643 0.254673
22.3198 6.71695 0.257456
22.3577 6.74906 0.256914
22.4608 6.71363 0.255209
22.2846 6.80246 0.260151
22.4453 6.79122 0.257578
22.4385 6.78856 0.258605
22.3903 6.77523 0.256526
22.3297 6.7421 0.255783
22.3231 6.77837 0.256928
22.3855 6.77986 0.257487
22.3412 6.80701 0.256741
22.3882 6.80876 0.257904
22.3415 6.78699 0.257029
22.3702 6.85576 0.256922
22.3307 6.89807 0.259525
22.2767 6.83553 0.256592
22.3646 6.8025 0.257012
22.2972 6.80443 0.255903
22.3994 6.77836 0.257889
22.4653 6.80807 0.256285
22.3771 6.76691 0.255843
22.3423 6.80242 0.253445
22.4712 6.71256 0.251305
22.3601 6.70984 0.256748
22.3325 6.65195 0.255065
22.4462 6.7037 0.254951
22.41 6.88213 0.253455
22.423 6.81697 0.256114
22.4414 6.82187 0.25338
22.3354 6.73379 0.2591
22.3023 6.75201 0.258895
22.2125 6.71506 0.259736
22.28 6.71316 0.257402
22.4414 6.76055 0.257064
22.4189 6.67049 0.257245
22.3759 6.77842 0.255608
22.3398 6.74766 0.257131
22.5158 6.74099 0.254765
22.4359 6.76307 0.254918
22.4467 6.7493 0.256231
22.3245 6.75975 0.256706
22.3659 6.77847 0.257364
22.4382 6.81273 0.25938
22.4336 6.818 0.255829
22.3285 6.75571 0.256986
22.4359 6.73147 0.256782
22.3679 6.71497 0.255347
22.3721 6.71645 0.25805
22.3701 6.76019 0.258049
22.3991 6.71047 0.257047
22.4211 6.75172 0.255158
22.485 6.74589 0.25497
22.4554 6.77354 0.258378
22.469 6.71854 0.25583
22.4076 6.77862 0.256658
22.4123 6.75859 0.2571
22.3526 6.88472 0.257587
22.376 6.7173 0.252965
22.4369 6.67131 0.256909
22.4569 6.77954 0.255156
22.4206 6.76195 0.256913
22.3345 6.84246 0.254281
22.3412 6.66521 0.25615
22.3829 6.73407 0.256639
22.341 6.71913 0.255898
22.2795 6.80751 0.25693
22.4256 6.75015 0.257764
22.3759 6.75808 0.256271
22.3742 6.84695 0.259186
22.3875 6.75331 0.258975
22.389 6.75626 0.255619
22.475 6.75595 0.255363
22.3326 6.75529 0.259723
22.3608 6.71857 0.258126
22.3557 6.81518 0.258402
22.3273 6.81981 0.256831
22.3578 6.68567 0.258646
22.3679 6.6489 0.257283
22.3368 6.85158 0.254591
22.343 6.83733 0.254791
22.3226 6.78391 0.25712
22.3088 6.76814 0.256275
22.2984 6.71189 0.255692
22.3856 6.73413 0.257225
22.4542 6.71039 0.257266
22.3163 6.69606 0.256729
22.296 6.70325 0.2579
22.3161 6.80528 0.257806
22.3332 6.75448 0.256387
22.2882 6.77015 0.255408
22.3584 6.70238 0.256697
22.4181 6.66755 0.255819
22.4451 6.79598 0.256203
22.3988 6.81103 0.257904
22.4068 6.83035 0.256199
22.4145 6.76307 0.255542
22.4217 6.76215 0.255988
22.3385 6.74532 0.25683
22.3999 6.80775 0.25562
22.4491 6.71339 0.253353
22.438 6.76659 0.254492
22.4193 6.79085 0.253061
22.3218 6.77052 0.255743
22.2987 6.70264 0.257238
22.3948 6.8308 0.254476
22.3778 6.78151 0.253949
22.3404 6.7458 0.25847
22.2998 6.81154 0.256803
22.3741 6.81127 0.256258
22.3779 6.72793 0.25319
22.4806 6.86109 0.253755
22.4738 6.80701 0.252698
22.4508 6.71265 0.254359
22.2924 6.84144 0.260685
22.338 6.82484 0.255045
22.401 6.84734 0.257797
22.4224 6.85985 0.257152
22.3719 6.80731 0.256462
22.3846 6.81552 0.255663
22.4157 6.82522 0.258785
22.4405 6.87819 0.259208
22.3267 6.73693 0.257412
22.4361 6.61865 0.256643
22.4502 6.72685 0.256359
22.4155 6.72312 0.257814
22.427 6.86791 0.258533
22.273 6.74117 0.256841
22.2817 6.6915 0.257927
22.3734 6.76319 0.254474
22.3472 6.79186 0.256869
22.362 6.74486 0.258332
22.4262 6.74893 0.256263
22.4341 6.75584 0.256187
22.371 6.75434 0.253283
22.3911 6.78587 0.255005
22.4496 6.73921 0.251774
22.3656 6.78366 0.255193
22.3302 6.82116 0.256921
22.3639 6.84472 0.256377
22.3697 6.82999 0.254613
22.3859 6.74663 0.256609
22.3987 6.78293 0.255542
22.3545 6.78561 0.25329
22.3194 6.7842 0.25642
22.4147 6.74568 0.256696
22.3555 6.7248 0.255875
22.3311 6.7111 0.255992
22.3248 6.77929 0.258293
22.3871 6.791 0.257335
22.3666 6.84292 0.256252
22.3948 6.82306 0.259041
22.4467 6.74975 0.255473
22.4091 6.72405 0.256469
22.317 6.72446 0.256659
22.4179 6.75655 0.253984
22.3942 6.77968 0.255028
22.424 6.8786 0.253334
22.3628 6.75064 0.258944
22.4397 6.70674 0.257574
22.3648 6.74859 0.255641
22.3419 6.77203 0.253457
22.3704 6.73607 0.254355
22.338 6.77119 0.255631
22.4246 6.78185 0.252179
22.5086 6.82621 0.253371
22.3322 6.70398 0.256507
22.4021 6.84875 0.258947
22.4439 6.73505 0.255558
22.4396 6.76514 0.255654
22.4801 6.72778 0.255882
22.3196 6.75442 0.259866
22.3751 6.7663 0.254629
22.3746 6.74582 0.256716
22.4173 6.76258 0.256384
22.2701 6.75855 0.254819
22.2866 6.8881 0.254897
22.3291 6.89005 0.256369
22.4642 6.72553 0.253352
22.3303 6.88642 0.255911
22.4052 6.74819 0.254727
22.2491 6.75484 0.259719
22.3826 6.72765 0.255885
22.2886 6.74332 0.256492
22.2833 6.75671 0.256403
22.316 6.72564 0.258488
22.2713 6.81921 0.258766
22.3552 6.73622 0.257378
22.3461 6.81672 0.251283
22.4146 6.79374 0.255121
22.449 6.74894 0.260017
22.3328 6.83051 0.258749
22.2929 6.80497 0.255577
22.4702 6.82227 0.257385
22.2794 6.73819 0.260805
22.31 6.7235 0.257836
22.4307 6.7189 0.258074
22.3832 6.75083 0.25598
22.5107 6.65823 0.252255
22.3838 6.70676 0.255538
22.3895 6.71628 0.254852
22.5409 6.86471 0.258176
22.314 6.81641 0.262245
22.3922 6.76623 0.256438
22.4261 6.93978 0.258361
22.4011 6.8066 0.256196
22.2556 6.87653 0.255025
22.2581 6.84012 0.259216
22.2743 6.76617 0.259344
22.3062 6.72596 0.256874
22.3994 6.73167 0.259876
22.3752 6.74347 0.259827
22.3683 6.76268 0.258901
22.3439 6.82234 0.257697
22.3865 6.65035 0.25834
22.3553 6.71023 0.256796
22.362 6.7903 0.252615
22.339 6.75082 0.255398
22.3205 6.63384 0.253975
22.4319 6.79757 0.255682
22.3924 6.76613 0.254832
22.3312 6.74755 0.257511
22.3469 6.7307 0.25301
22.4041 6.82245 0.258411
22.396 6.80372 0.25737
22.4186 6.75667 0.254632
22.4264 6.70404 0.258939
22.3992 6.70092 0.257478
22.3615 6.75367 0.258444
22.4251 6.76887 0.257705
22.3043 6.72184 0.254087
22.3844 6.78275 0.25873
22.4496 6.78207 0.251816
22.3667 6.74749 0.255337
22.3678 6.78321 0.255119
22.354 6.80727 0.254684
22.4423 6.87045 0.258587
22.3339 6.78648 0.25662
22.3616 6.78517 0.255994
22.3223 6.69786 0.256773
22.3226 6.72621 0.254654
22.3346 6.82418 0.255986
22.1636 7.04544 0.258776
