212.282 -10.6541 3.01014
212.371 -10.6333 3.01374
212.345 -10.7002 3.01427
212.423 -10.7108 3.01174
212.249 -10.7276 3.00919
212.347 -10.5984 3.01182
212.406 -10.7194 3.00975
212.387 -10.6325 3.01197
212.379 -10.6338 3.01193
212.391 -10.6191 3.01226
212.393 -10.6193 3.0124
212.394 -10.6166 3.01245
212.516 -10.5988 3.01647
212.306 -10.7031 3.01314
212.353 -10.7088 3.01042
212.54 -10.674 3.01514
212.368 -10.6593 3.01226
212.411 -10.7357 3.01146
212.428 -10.777 3.01458
212.428 -10.7772 3.01451
212.401 -10.7181 3.01296
212.359 -10.6959 3.01305
212.43 -10.6531 3.01274
212.293 -10.6014 3.01021
212.392 -10.5903 3.01476
212.333 -10.6207 3.01146
212.409 -10.5987 3.01499
212.304 -10.6229 3.0113
212.381 -10.6391 3.01347
212.308 -10.6774 3.01205
212.457 -10.4815 3.01148
212.393 -10.6357 3.01104
212.413 -10.5766 3.00946
212.443 -10.5704 3.01496
212.283 -10.6239 3.01543
212.313 -10.5955 3.01274
212.317 -10.5967 3.01288
212.342 -10.6093 3.01013
212.431 -10.6226 3.01182
212.286 -10.6757 3.01047
212.441 -10.626 3.01292
212.375 -10.6944 3.01134
212.248 -10.5934 3.01126
212.435 -10.5921 3.01337
212.366 -10.5994 3.01204
212.428 -10.6349 3.00994
212.313 -10.6137 3.0107
212.32 -10.5271 3.01083
212.378 -10.5872 3.01398
212.419 -10.6392 3.01058
212.446 -10.6649 3.01322
212.377 -10.6121 3.01207
212.373 -10.6112 3.01209
212.459 -10.5323 3.01485
212.466 -10.5392 3.01481
212.284 -10.6325 3.0126
212.436 -10.5841 3.01325
212.351 -10.7681 3.01188
212.396 -10.6059 3.01313
212.317 -10.643 3.01059
212.417 -10.7032 3.01276
212.451 -10.5211 3.01506
212.311 -10.6618 3.01241
212.3 -10.649 3.01164
212.371 -10.6756 3.01169
212.435 -10.5987 3.01234
212.435 -10.6007 3.01273
212.348 -10.6385 3.01537
212.519 -10.5732 3.01506
212.316 -10.6334 3.01173
212.517 -10.6817 3.01155
212.345 -10.5583 3.00683
212.395 -10.699 3.01325
212.333 -10.6252 3.01128
212.411 -10.6107 3.01554
212.377 -10.7287 3.01053
212.41 -10.6672 3.0101
212.331 -10.5981 3.01149
212.446 -10.7134 3.01284
212.342 -10.6954 3.01389
212.365 -10.5717 3.01263
212.442 -10.588 3.01181
212.339 -10.642 3.00985
212.363 -10.6515 3.01121
212.361 -10.6509 3.01146
212.252 -10.5133 3.01176
212.329 -10.7323 3.01301
212.293 -10.6611 3.00954
212.284 -10.6559 3.00948
212.422 -10.6557 3.01471
212.372 -10.6764 3.01258
212.378 -10.6773 3.0127
212.428 -10.6282 3.01088
212.219 -10.5591 3.01045
212.242 -10.5752 3.01116
212.416 -10.5922 3.01107
212.412 -10.6568 3.00981
212.406 -10.6577 3.00987
212.345 -10.6559 3.01334
212.352 -10.6522 3.01329
212.315 -10.6661 3.01345
212.443 -10.5743 3.0125
212.466 -10.6431 3.0133
212.309 -10.645 3.01329
212.318 -10.7697 3.01072
212.257 -10.5961 3.00943
212.258 -10.5866 3.00915
212.427 -10.551 3.01032
212.463 -10.6227 3.01088
212.226 -10.5608 3.0103
212.498 -10.7194 3.01187
212.435 -10.6967 3.01069
212.356 -10.6016 3.01376
212.298 -10.5053 3.00849
212.348 -10.6134 3.01114
212.354 -10.6059 3.01113
212.397 -10.5879 3.01215
212.261 -10.5902 3.01465
212.381 -10.6332 3.01318
212.414 -10.5925 3.01368
212.357 -10.5564 3.013
212.458 -10.6865 3.01364
212.314 -10.68 3.012
212.289 -10.6126 3.01065
212.298 -10.6585 3.00811
212.363 -10.7363 3.01143
212.263 -10.5131 3.01081
212.541 -10.6943 3.01245
212.311 -10.6558 3.01349
212.338 -10.6233 3.01279
212.34 -10.6166 3.01284
212.366 -10.603 3.01209
212.282 -10.5168 3.00942
212.347 -10.4353 3.01065
212.44 -10.6364 3.00917
212.463 -10.6391 3.01101
212.304 -10.6451 3.01177
212.292 -10.7161 3.01414
212.393 -10.614 3.01279
212.374 -10.666 3.01047
212.317 -10.6869 3.01165
212.511 -10.6704 3.01314
212.371 -10.663 3.01175
212.47 -10.6144 3.01566
212.407 -10.6863 3.01328
212.366 -10.7227 3.01327
212.358 -10.6459 3.01135
212.355 -10.6705 3.01362
212.252 -10.6287 3.00746
212.415 -10.6171 3.01195
212.368 -10.6503 3.00755
212.372 -10.6768 3.0155
212.343 -10.6494 3.01308
212.419 -10.6941 3.0123
212.449 -10.674 3.01336
212.493 -10.6216 3.01394
212.492 -10.6165 3.01403
212.312 -10.5701 3.01304
212.306 -10.5665 3.01276
212.358 -10.6262 3.01558
212.305 -10.6184 3.01068
212.36 -10.705 3.01281
212.359 -10.7015 3.01254
212.275 -10.6631 3.01205
212.237 -10.5866 3.00976
212.34 -10.5741 3.01186
212.373 -10.618 3.01059
212.373 -10.5974 3.01758
212.373 -10.6011 3.01766
212.273 -10.5883 3.01456
212.4 -10.5434 3.01528
212.267 -10.5571 3.00986
212.273 -10.5668 3.014
212.376 -10.7731 3.01237
212.46 -10.613 3.01603
212.424 -10.6713 3.01569
212.18 -10.6381 3.01093
212.474 -10.581 3.01264
212.419 -10.676 3.01276
212.467 -10.7265 3.01344
212.254 -10.7458 3.012
212.427 -10.5973 3.01154
212.442 -10.6616 3.00819
212.209 -10.5689 3.01245
212.211 -10.579 3.01237
212.259 -10.6059 3.00727
212.33 -10.6929 3.00754
212.381 -10.6712 3.0081
212.31 -10.6324 3.01429
212.484 -10.6679 3.01218
212.43 -10.6841 3.01065
212.289 -10.6574 3.00987
212.381 -10.6654 3.0097
212.366 -10.6108 3.01251
212.367 -10.6049 3.01248
212.384 -10.6747 3.01333
212.371 -10.6473 3.00943
212.416 -10.6212 3.01183
212.332 -10.6148 3.01201
212.331 -10.6023 3.01203
212.405 -10.6475 3.01594
212.259 -10.5559 3.00883
212.43 -10.637 3.013
212.454 -10.7118 3.01182
212.463 -10.6291 3.01213
212.38 -10.6621 3.01426
212.266 -10.6905 3.01179
212.319 -10.6395 3.01375
212.404 -10.6722 3.01368
212.405 -10.6687 3.01381
212.382 -10.592 3.01087
212.32 -10.5998 3.01164
212.32 -10.6003 3.01165
212.381 -10.5823 3.01211
212.379 -10.5932 3.01245
212.384 -10.5898 3.01248
212.297 -10.6655 3.01115
212.298 -10.6637 3.01105
212.375 -10.672 3.01047
212.432 -10.7143 3.01185
212.319 -10.7203 3.01008
212.434 -10.612 3.01132
212.367 -10.6667 3.01379
212.514 -10.592 3.01674
212.514 -10.5933 3.01667
212.353 -10.7154 3.01049
212.425 -10.6507 3.01244
212.332 -10.6947 3.01231
212.309 -10.5587 3.01212
212.426 -10.7828 3.01441
212.421 -10.7735 3.01431
212.32 -10.5258 3.00937
212.41 -10.6606 3.00932
212.405 -10.6572 3.00935
212.432 -10.5719 3.00981
212.345 -10.6115 3.00945
212.311 -10.523 3.00951
212.393 -10.5899 3.01481
212.343 -10.6611 3.01551
212.344 -10.6583 3.01576
212.337 -10.6186 3.01141
212.405 -10.5912 3.01508
212.323 -10.6171 3.01195
212.317 -10.6167 3.01199
212.305 -10.6248 3.01104
212.399 -10.5973 3.01086
212.238 -10.7365 3.00996
212.413 -10.6492 3.00999
212.27 -10.5998 3.01023
212.39 -10.6381 3.011
212.448 -10.5685 3.01497
212.445 -10.5645 3.01476
212.356 -10.6309 3.01456
212.311 -10.5988 3.01295
212.338 -10.6146 3.01032
212.199 -10.5919 3.01299
212.431 -10.6249 3.01168
212.372 -10.6442 3.01269
212.291 -10.6195 3.01177
212.388 -10.6855 3.01291
212.378 -10.7024 3.01152
212.441 -10.5938 3.01349
212.36 -10.595 3.01192
212.253 -10.601 3.01016
212.426 -10.6293 3.01014
212.286 -10.4724 3.01331
212.319 -10.5238 3.01065
212.295 -10.6347 3.00898
212.352 -10.6034 3.01229
212.35 -10.4951 3.01201
212.399 -10.6813 3.01111
212.278 -10.6361 3.01289
212.388 -10.7094 3.01081
212.395 -10.6107 3.01309
212.419 -10.7131 3.01281
212.447 -10.5277 3.01499
212.451 -10.5162 3.01518
212.382 -10.6727 3.01142
212.386 -10.6792 3.01133
212.378 -10.6768 3.01128
212.313 -10.6623 3.01262
212.297 -10.6465 3.01172
212.368 -10.6805 3.01165
212.425 -10.6137 3.01368
212.358 -10.6378 3.0155
212.355 -10.6375 3.01528
212.52 -10.5689 3.01535
212.311 -10.6355 3.0116
212.521 -10.6831 3.01179
212.299 -10.725 3.00929
212.399 -10.6994 3.01336
212.406 -10.6967 3.01192
212.407 -10.6103 3.01556
212.406 -10.6155 3.0153
212.41 -10.6172 3.01563
212.356 -10.5946 3.01454
212.362 -10.5958 3.0144
212.327 -10.597 3.01139
212.45 -10.7065 3.01252
212.46 -10.6538 3.01239
212.393 -10.7081 3.01139
212.364 -10.5707 3.01267
212.44 -10.5838 3.0117
212.34 -10.638 3.00966
212.363 -10.6474 3.01127
212.399 -10.6123 3.00957
212.231 -10.6566 3.01328
212.225 -10.6497 3.01334
212.292 -10.6629 3.00955
212.291 -10.6595 3.00976
212.424 -10.6465 3.01469
212.369 -10.6777 3.01264
212.374 -10.6705 3.01248
212.223 -10.5623 3.01046
212.319 -10.4202 3.00842
212.423 -10.5759 3.0132
212.436 -10.6337 3.01207
212.351 -10.6579 3.01322
212.352 -10.6517 3.01335
212.288 -10.6869 3.011
212.439 -10.5728 3.0125
212.472 -10.6377 3.0134
212.311 -10.648 3.01312
212.268 -10.6489 3.01303
212.258 -10.591 3.00928
212.258 -10.5853 3.0094
212.452 -10.6096 3.01161
212.398 -10.6221 3.00961
212.429 -10.5483 3.01032
212.298 -10.7418 3.01406
212.303 -10.7382 3.01418
212.29 -10.7106 3.0172
212.357 -10.7373 3.01423
212.433 -10.6991 3.01081
212.36 -10.6038 3.01353
212.314 -10.7049 3.01008
212.316 -10.7053 3.01018
212.349 -10.5105 3.01164
212.363 -10.7464 3.01518
212.399 -10.5944 3.01186
212.223 -10.6938 3.01253
212.382 -10.6324 3.01322
212.415 -10.5942 3.01392
212.397 -10.6475 3.00997
212.464 -10.681 3.01364
212.281 -10.6068 3.01071
212.345 -10.6925 3.0099
212.394 -10.5968 3.0119
212.338 -10.5467 3.01117
212.435 -10.6868 3.01162
212.308 -10.6519 3.01346
212.29 -10.5835 3.00836
212.335 -10.6246 3.01247
212.366 -10.6048 3.01202
212.413 -10.6075 3.01186
212.292 -10.6008 3.0082
212.422 -10.6139 3.01199
212.469 -10.6355 3.01119
212.294 -10.6446 3.01188
212.293 -10.708 3.01397
212.402 -10.6648 3.01022
212.336 -10.5912 3.01017
212.296 -10.7136 3.01071
212.349 -10.6097 3.00953
212.509 -10.6718 3.01316
212.425 -10.6793 3.01275
212.507 -10.6354 3.01666
212.361 -10.7253 3.01315
212.429 -10.679 3.01191
212.424 -10.6859 3.01193
212.362 -10.645 3.01116
212.342 -10.6677 3.01236
212.34 -10.6658 3.01249
212.365 -10.6203 3.01459
212.374 -10.6261 3.01435
212.256 -10.6299 3.00728
212.417 -10.6208 3.0118
212.42 -10.6189 3.01176
212.373 -10.6682 3.01546
212.341 -10.6496 3.0131
212.365 -10.5978 3.01249
212.449 -10.6692 3.01371
212.383 -10.6035 3.01001
212.384 -10.6014 3.00987
212.362 -10.678 3.01412
212.355 -10.6246 3.01551
212.355 -10.621 3.01562
212.353 -10.6237 3.0156
212.393 -10.6394 3.01148
212.358 -10.708 3.01253
212.359 -10.7111 3.01278
212.274 -10.6653 3.01217
212.271 -10.6534 3.01216
212.241 -10.5918 3.00981
212.326 -10.5948 3.01158
212.36 -10.6193 3.01066
212.297 -10.5675 3.00889
212.282 -10.5857 3.01461
212.396 -10.5453 3.01528
212.273 -10.5589 3.00993
212.271 -10.5592 3.01406
212.374 -10.7693 3.0123
212.364 -10.5308 3.01228
212.272 -10.6098 3.00914
212.461 -10.6254 3.01614
212.245 -10.6463 3.00932
212.38 -10.5974 3.01583
212.305 -10.4653 3.00801
212.338 -10.6223 3.01062
212.47 -10.723 3.01348
212.442 -10.6671 3.01032
212.425 -10.7051 3.01414
212.388 -10.7658 3.01333
212.46 -10.5643 3.01323
212.284 -10.7164 3.01376
212.326 -10.7456 3.01471
212.389 -10.5919 3.01087
212.31 -10.6352 3.01417
212.429 -10.6221 3.01334
212.387 -10.6158 3.0129
212.256 -10.6826 3.0117
212.381 -10.6725 3.0133
212.388 -10.6757 3.01308
212.417 -10.6212 3.01176
212.333 -10.6051 3.01212
212.407 -10.6486 3.01614
212.361 -10.7266 3.01287
212.446 -10.6201 3.01178
212.361 -10.6174 3.0104
212.297 -10.4729 3.01106
212.268 -10.6935 3.01176
212.267 -10.6943 3.01178
212.315 -10.6423 3.01373
212.314 -10.6381 3.01362
212.314 -10.6381 3.01363
212.363 -10.6167 3.01225
212.384 -10.593 3.01065
212.344 -10.5976 3.0116
212.361 -10.6181 3.01093
212.284 -10.4937 3.0107
212.38 -10.6313 3.01386
212.491 -10.6597 3.01114
212.296 -10.663 3.0111
212.339 -10.6946 3.01441
212.343 -10.7013 3.01448
212.25 -10.7237 3.00916
212.495 -10.589 3.01383
212.384 -10.6365 3.01206
212.392 -10.621 3.01229
212.491 -10.6302 3.01675
212.35 -10.7133 3.01044
212.535 -10.6692 3.01479
212.367 -10.6578 3.01237
212.415 -10.7335 3.01142
212.301 -10.6433 3.00844
212.402 -10.6565 3.00916
212.357 -10.7015 3.01298
212.463 -10.6468 3.01175
212.218 -10.6014 3.009
212.395 -10.5904 3.015
212.394 -10.5968 3.01457
212.341 -10.6182 3.01134
212.406 -10.5988 3.01511
212.32 -10.613 3.01183
212.348 -10.6335 3.01191
212.34 -10.631 3.01192
212.385 -10.6425 3.01331
212.428 -10.6249 3.00907
212.358 -10.6218 3.01178
212.389 -10.6879 3.00983
212.415 -10.5739 3.00966
212.449 -10.5733 3.01492
212.362 -10.6304 3.01459
212.281 -10.6178 3.0153
212.282 -10.6266 3.01548
212.342 -10.617 3.01113
212.368 -10.5464 3.0105
212.37 -10.6392 3.01272
212.294 -10.629 3.01168
212.292 -10.6206 3.01164
212.377 -10.6932 3.01151
212.441 -10.5939 3.0135
212.361 -10.5975 3.01201
212.251 -10.597 3.01019
212.317 -10.5276 3.01594
212.366 -10.625 3.00941
212.366 -10.624 3.00941
212.307 -10.7321 3.01033
212.351 -10.6032 3.01211
212.44 -10.6584 3.01353
212.443 -10.6596 3.01341
212.436 -10.5268 3.01086
212.377 -10.6137 3.0124
212.373 -10.6158 3.01206
212.444 -10.7078 3.0121
212.287 -10.631 3.01252
212.425 -10.6228 3.01175
212.396 -10.6021 3.01315
212.31 -10.6418 3.01071
212.341 -6.46097 3.01874
