277.035 15.2955 5.17066
277.077 15.3715 5.16773
277.128 15.3838 5.1671
276.99 15.3806 5.17102
277.062 15.4024 5.17145
277.014 15.443 5.17127
276.949 15.2994 5.16936
276.983 15.3978 5.16744
277 15.4732 5.16644
277.001 15.3634 5.16762
277.037 15.3768 5.16959
277.018 15.4095 5.16923
276.978 15.4203 5.17302
276.961 15.4261 5.17208
276.983 15.4691 5.17173
277.13 15.3829 5.17083
277.061 15.3985 5.1689
277.015 15.3579 5.1698
276.924 15.3674 5.17015
276.905 15.3444 5.1705
276.986 15.351 5.16933
277.021 15.3392 5.16762
276.962 15.3798 5.17452
277.073 15.3898 5.1715
276.977 15.3863 5.17011
276.984 15.2932 5.17244
276.906 15.436 5.17303
276.957 15.3468 5.16611
276.989 15.3778 5.16686
276.941 15.4242 5.17187
277.087 15.4017 5.17095
277.023 15.4095 5.16907
277.084 15.2946 5.1702
277.075 15.4345 5.17215
277.105 15.4403 5.16574
276.978 15.3076 5.1683
277.014 15.4358 5.16937
276.961 15.4756 5.16884
277.011 15.4197 5.17178
276.956 15.3587 5.17029
277.036 15.4326 5.17534
276.955 15.4286 5.17047
277.037 15.4289 5.171
276.996 15.4051 5.16587
277.045 15.4084 5.17036
276.987 15.3775 5.17168
277.059 15.5036 5.17401
277.029 15.2758 5.16906
276.964 15.451 5.16933
276.983 15.4512 5.16937
277.039 15.429 5.172
277.047 15.4917 5.17094
277.017 15.33 5.17077
276.975 15.4146 5.17046
277.05 15.3673 5.17025
276.95 15.361 5.16941
276.906 15.4008 5.17058
277.025 15.3923 5.16932
277.01 15.3473 5.17173
277.022 15.3473 5.16898
277.028 15.3732 5.17084
276.994 15.37 5.17176
277.031 15.3619 5.17014
276.933 15.2609 5.17086
276.9 15.2931 5.16905
277.102 15.4013 5.16591
277.044 15.4335 5.17162
277.001 15.3573 5.17278
277.031 15.3884 5.17293
277.06 15.4943 5.17094
276.977 15.3809 5.16959
276.994 15.4146 5.16701
276.922 15.4138 5.16882
276.973 15.3991 5.17107
277.104 15.367 5.17062
277.044 15.3464 5.17066
277.119 15.4554 5.16924
277.081 15.3749 5.17203
276.993 15.3931 5.16991
276.978 15.409 5.16915
277.03 15.4117 5.16788
276.99 15.398 5.1759
276.988 15.3069 5.16916
277.06 15.3708 5.1719
276.983 15.4045 5.17034
277.057 15.4574 5.16925
276.921 15.3939 5.17146
276.978 15.3527 5.16978
277.019 15.404 5.17205
277.042 15.331 5.1691
277.051 15.3902 5.17131
276.993 15.4286 5.16923
277.036 15.3893 5.17127
277.102 15.3039 5.16907
277.137 15.4772 5.17389
276.896 15.4549 5.1723
276.979 15.3127 5.16761
277.034 15.3256 5.17123
277.009 15.3819 5.17082
277.06 15.4494 5.17123
277.061 15.3842 5.1691
277.112 15.386 5.17253
277.053 15.3521 5.17007
276.939 15.4301 5.17371
277.041 15.4261 5.17084
277.018 15.3851 5.17059
277.244 15.2418 5.16827
277.023 15.4936 5.16769
277.144 15.3411 5.17037
276.949 15.4255 5.17156
277.101 15.425 5.17148
276.981 15.3968 5.17214
277.014 15.4065 5.17037
277.03 15.4672 5.17202
277.137 15.3968 5.16834
277.087 15.495 5.17304
277.058 15.4765 5.17094
276.967 15.2914 5.16903
277.122 15.4944 5.17527
276.921 15.4521 5.172
276.995 15.328 5.16862
277.009 15.4985 5.17351
277.028 15.4891 5.17533
277.083 15.473 5.17252
277.002 15.4111 5.16567
277.065 15.3335 5.17095
277.029 15.427 5.17164
277.123 15.4039 5.16956
277.034 15.3644 5.16926
277.103 15.4644 5.16875
276.964 15.3531 5.17153
277.079 15.4011 5.17219
276.985 15.3482 5.17284
277.121 15.4087 5.16634
276.956 15.3443 5.16698
277.042 15.4274 5.17124
277.02 15.39 5.17007
277.082 15.2944 5.1677
276.939 15.4366 5.1736
277.058 15.4166 5.17274
277.061 15.4583 5.17006
277.106 15.5253 5.17364
276.98 15.4599 5.16571
276.97 15.3508 5.16818
277.019 15.4665 5.16716
276.983 15.3562 5.17198
276.96 15.4175 5.16823
277.111 15.463 5.16996
277.036 15.4492 5.17315
277.027 15.4231 5.1688
277.014 15.4356 5.16922
277.017 15.3967 5.17082
277.097 15.4162 5.16887
277.086 15.4876 5.17213
277.047 15.3736 5.17282
277.048 15.3539 5.16768
277.079 15.3316 5.16911
277.083 15.374 5.1734
276.995 15.374 5.16731
276.963 15.4113 5.1708
277.062 15.3726 5.17066
276.919 15.4632 5.17369
276.977 15.3908 5.16873
277.018 15.351 5.16835
276.888 15.4125 5.16868
276.985 15.3378 5.17196
277.08 15.4149 5.17068
276.962 15.3255 5.16949
277.002 15.3542 5.17054
277.106 15.4342 5.17013
277.067 15.4338 5.1707
277.032 15.387 5.16864
277.046 15.3934 5.16935
276.948 15.3531 5.16783
276.948 15.3787 5.17092
277.17 15.3356 5.17054
277.034 15.3525 5.17275
276.967 15.3887 5.16776
277.067 15.3252 5.17101
277.009 15.4321 5.17224
277.018 15.4207 5.17261
277.035 15.4554 5.17261
277.044 15.3977 5.17242
276.961 15.4487 5.17242
277.053 15.3686 5.17262
277.05 15.3754 5.17133
276.988 15.4899 5.17129
277.11 15.4019 5.17159
277.073 15.4618 5.1748
276.96 15.332 5.16957
277.046 15.4322 5.16836
276.917 15.3648 5.16921
277.036 15.3715 5.1689
276.956 15.4248 5.17046
276.965 15.3783 5.17403
277.003 15.4045 5.17208
277.03 15.4541 5.17007
277.091 15.4563 5.17351
276.965 15.3955 5.1718
277.057 15.4377 5.16957
277.074 15.4209 5.17175
277.082 15.399 5.17147
276.921 15.3794 5.16746
277.061 15.4905 5.16948
277.15 15.4537 5.17279
277.099 15.4799 5.16736
276.966 15.4644 5.16583
277.021 15.3818 5.16622
277.079 15.4079 5.17474
277.053 15.3848 5.17504
277.122 15.2919 5.17131
277.075 15.5079 5.16789
276.917 15.4282 5.17331
277.044 15.4006 5.1723
277.054 15.4517 5.16953
277.066 15.431 5.17016
277.01 15.4025 5.17008
277.079 15.3966 5.17126
276.979 15.367 5.16986
277.096 15.3791 5.16836
277.009 15.4475 5.1736
277.1 15.4442 5.17307
276.999 15.4031 5.16953
276.954 15.4254 5.17244
277.037 15.4459 5.17534
276.925 15.4871 5.1732
277.106 15.4259 5.17264
276.953 15.4149 5.16973
277.161 15.3826 5.17426
277.01 15.3545 5.17318
277.078 15.398 5.16788
277.075 15.3983 5.17312
277.07 15.4114 5.17263
277.068 15.4682 5.16706
276.979 15.4984 5.16738
277.077 15.4101 5.17302
277.005 15.4023 5.17157
277.032 15.3655 5.16884
277.059 15.4195 5.16621
277.015 15.4637 5.17199
277.036 15.4758 5.16954
277.035 15.3985 5.17223
277.072 15.4575 5.17188
277.035 15.4459 5.17218
277.029 15.3616 5.16875
277.09 15.3413 5.17165
276.964 15.4223 5.17173
277.047 15.4582 5.17108
277.041 15.3298 5.17619
277.039 15.4394 5.16846
277.108 15.3805 5.17033
276.967 15.3809 5.17404
277.05 15.4905 5.16775
277.133 15.4612 5.17416
276.996 15.4269 5.17237
277.072 15.414 5.17231
277.012 15.4025 5.1726
277.051 15.4631 5.17083
277.03 15.4619 5.1727
276.925 15.2278 5.16999
276.974 15.3648 5.16648
276.998 15.3952 5.16947
277.068 15.4111 5.17047
277.148 15.3861 5.1737
277.109 15.4826 5.17428
277.056 15.4013 5.16873
276.984 15.4386 5.16833
276.992 15.4192 5.17037
277.074 15.4792 5.16648
277.004 15.3501 5.16763
277.064 15.3935 5.17156
277.068 15.3338 5.16892
277.095 15.4037 5.17037
276.9 15.4303 5.17287
276.925 15.3335 5.16919
276.975 15.4362 5.1732
277.032 15.4077 5.16895
277.075 15.3061 5.17286
277.021 15.4196 5.17065
277.069 15.367 5.17322
277.05 15.413 5.16855
277.114 15.4087 5.16856
277.011 15.427 5.16822
276.944 15.3966 5.16861
277.101 15.3802 5.1704
277.065 15.411 5.17045
276.935 15.3309 5.16806
276.953 15.3866 5.17179
277.111 15.3626 5.17096
276.958 15.3505 5.17158
276.998 15.3448 5.17187
277.075 15.4021 5.16823
276.965 15.3991 5.17383
276.984 15.3566 5.16987
276.932 15.335 5.16988
277.053 15.4287 5.17044
277.104 15.5066 5.17313
277.01 15.4219 5.17077
277.027 15.4876 5.16848
277.076 15.4277 5.1718
276.994 15.3164 5.16645
277.002 15.3769 5.17033
277.024 15.4018 5.17316
277.088 15.3435 5.17096
276.998 15.4731 5.17302
277 15.3979 5.17445
277.025 15.4653 5.17129
277.117 15.3179 5.17011
277.023 15.4697 5.17028
277.019 15.515 5.17203
277.105 15.3667 5.17314
276.98 15.5274 5.17128
276.99 15.3319 5.16888
277.137 15.5178 5.17437
277.03 15.3938 5.16954
277.014 15.3499 5.17082
276.981 15.3756 5.17312
277.042 15.3448 5.17351
277.062 15.4501 5.17018
277.045 15.445 5.1701
277.053 15.3853 5.17378
277.109 15.495 5.17121
277.047 15.3354 5.1701
277.148 15.3882 5.16643
277.048 15.4269 5.16876
277.112 15.3981 5.17247
276.909 15.4901 5.17313
277.026 15.3867 5.17092
277.148 15.4486 5.17182
277.105 15.4473 5.17162
277.065 15.3934 5.17176
277.057 15.4475 5.16596
277.006 15.331 5.1707
277.081 15.393 5.16943
277.019 15.4955 5.17563
277.053 15.3885 5.17243
276.976 15.4189 5.17161
277.083 15.4475 5.17065
277.104 15.4148 5.17126
277.002 15.462 5.16784
277.01 15.4374 5.17361
276.996 15.3925 5.17091
276.884 15.4076 5.17023
277.045 15.3676 5.17032
277.071 15.3843 5.16873
277.099 15.3954 5.16921
277.098 15.3493 5.1738
277.024 15.2948 5.17163
277.094 15.3678 5.17544
277.139 15.4439 5.17121
276.982 15.3984 5.16752
276.882 15.4383 5.16912
277.043 15.3989 5.17085
277.052 15.3588 5.17457
276.966 15.3608 5.17128
277.078 15.3582 5.17257
277.056 15.3665 5.16837
277.073 15.3962 5.1674
277.138 15.3018 5.16742
277.006 15.3422 5.17572
277.041 15.4769 5.16724
277.022 15.2841 5.17081
276.938 15.3883 5.17009
277.089 15.4813 5.17611
277.032 15.2986 5.16711
277.018 15.4447 5.17341
277.031 15.3557 5.17223
277.035 15.3656 5.17224
277.024 15.4265 5.17087
276.988 15.4512 5.16929
277.022 15.418 5.17032
277.019 15.3422 5.1703
277.158 15.3974 5.17166
277.169 15.3749 5.17101
276.988 15.3897 5.16886
277.021 15.4018 5.16994
277.038 15.4559 5.16799
276.952 15.4164 5.16868
277.029 15.3493 5.17156
277.088 15.3994 5.17122
277.022 15.3514 5.16792
277.076 15.4674 5.16901
276.956 15.4008 5.1702
277.078 15.4705 5.17057
277.089 15.5217 5.17047
277.166 15.3506 5.16713
277.064 15.4368 5.16877
276.943 15.5005 5.17481
277.035 15.4139 5.1713
277.145 15.3461 5.16886
276.964 15.3273 5.16928
277.116 15.4448 5.16986
277.092 15.4203 5.17098
276.98 15.3597 5.17084
276.995 15.4298 5.17541
277.052 15.3374 5.17271
277.029 15.3668 5.16973
276.97 15.3922 5.16973
277.06 15.4741 5.16942
277.032 15.4894 5.17153
277.086 15.4092 5.16699
277.003 15.3115 5.17219
276.94 15.2907 5.16907
277.007 15.3955 5.17042
276.974 15.4302 5.16912
277.014 15.3295 5.16799
276.937 15.3771 5.17409
277.057 15.4155 5.17235
277.062 15.3815 5.17121
277.001 15.4501 5.1704
276.989 15.4012 5.1681
277.025 15.3684 5.17299
276.94 15.3827 5.1728
276.875 15.5066 5.17163
276.923 15.3989 5.17189
276.92 15.4271 5.17252
277.107 15.3864 5.17098
277.054 15.4053 5.16959
277.087 15.4282 5.17281
276.944 15.3064 5.16769
277.11 15.331 5.17173
277.023 15.4557 5.17034
277.002 15.3143 5.17075
277.032 15.3517 5.17703
277.145 15.4039 5.17159
276.896 15.2885 5.17136
277.027 15.455 5.16798
277.062 15.481 5.16968
277.03 15.4778 5.16838
276.976 15.3787 5.17326
276.973 15.3378 5.16806
277.002 15.3185 5.17102
277.05 15.3959 5.16663
277.037 15.3824 5.17372
277.148 15.3766 5.16943
277.061 15.4214 5.17165
277.079 15.4522 5.17273
277.048 15.4456 5.17406
277.074 15.3712 5.16933
276.92 15.3975 5.17359
277.019 15.4085 5.16847
277.017 15.3565 5.17017
277.022 15.4685 5.17095
277.062 15.2923 5.16973
277.065 15.3776 5.17081
277.033 15.4149 5.17224
277.099 15.4602 5.1727
276.997 15.3531 5.16937
277.054 15.4234 5.17094
277.06 15.4875 5.17256
277.18 15.3648 5.1728
277.058 15.4072 5.16821
277.053 15.4271 5.17154
276.942 15.5042 5.17334
277.041 15.4245 5.174
276.995 15.3897 5.17163
277.081 15.4638 5.17158
277.003 15.3674 5.17053
277.026 15.4939 5.16647
276.966 15.3365 5.16966
276.983 15.401 5.17214
276.997 15.3861 5.17072
277.049 15.3782 5.17132
277.136 15.4715 5.1699
277.065 15.3072 5.17142
277.004 15.346 5.16932
277.095 15.4586 5.17402
277.056 15.376 5.17161
277.093 15.4441 5.17376
276.983 15.3371 5.17126
276.987 15.412 5.17022
276.964 15.3633 5.16939
277.009 15.3847 5.17135
277.137 15.4412 5.16965
277.154 15.4278 5.16892
277.086 15.3782 5.17175
277.018 15.414 5.16834
277.012 15.4463 5.17126
276.919 15.4133 5.17258
277.128 15.337 5.17313
276.919 15.4526 5.17197
276.923 15.4766 5.17218
277.017 15.4317 5.17018
277.175 15.4827 5.17431
277.056 15.38 5.17101
277.087 15.3675 5.17322
277 15.3378 5.16849
276.976 15.4354 5.16755
277.073 15.4282 5.16779
277.062 15.3973 5.16917
276.964 15.4002 5.17324
277.073 15.3783 5.16656
277.124 15.4106 5.17295
276.963 15.4258 5.16821
277.035 15.3718 5.17146
277.03 15.3435 5.1717
277.016 15.5308 5.16715
277.076 15.454 5.17661
276.944 15.3992 5.16753
275.426 21.1172 5.17564
