56.7892 -54.8112 3.92735
56.7759 -54.8102 3.92358
56.738 -54.8184 3.92244
56.7706 -54.8543 3.92784
56.7508 -54.9378 3.92705
56.7846 -54.7998 3.92573
56.7202 -54.9117 3.92559
56.6638 -54.8113 3.92401
56.7579 -54.8702 3.92527
56.7275 -54.8185 3.92529
56.7733 -54.7583 3.92493
56.7763 -54.9232 3.92443
56.7363 -54.8805 3.92917
56.7007 -54.8067 3.92673
56.808 -54.8661 3.92497
56.7321 -54.8369 3.92395
56.7469 -54.8238 3.92448
56.8514 -54.8956 3.92677
56.7625 -54.793 3.92634
56.7218 -54.9247 3.92514
56.7522 -54.8276 3.92664
56.7567 -54.9474 3.92608
56.749 -54.797 3.92489
56.7656 -54.8616 3.924
56.6405 -54.9637 3.92523
56.7688 -54.9129 3.92334
56.7738 -54.9052 3.92329
56.7543 -54.8421 3.92474
56.7791 -54.9087 3.92759
56.7584 -54.8837 3.9247
56.7396 -54.7622 3.92501
56.7382 -54.767 3.92516
56.7212 -54.855 3.9251
56.7546 -54.8982 3.92806
56.6721 -54.7911 3.92397
56.7319 -54.8583 3.92369
56.8236 -54.888 3.9252
56.6927 -54.8638 3.92291
56.7438 -54.8548 3.9262
56.761 -54.8453 3.92438
56.8244 -54.8147 3.92563
56.7314 -54.8877 3.92546
56.7305 -54.8669 3.92575
56.7786 -54.8291 3.92483
56.6589 -54.9207 3.92231
56.6359 -54.8348 3.92457
56.7066 -54.8066 3.92429
56.6793 -54.8703 3.92446
56.7402 -54.7914 3.9271
56.781 -54.8861 3.9255
56.6943 -54.8453 3.92624
56.7422 -54.8201 3.9226
56.7351 -54.8187 3.92247
56.7543 -54.885 3.92704
56.7972 -54.93 3.92744
56.7324 -55.0192 3.9281
56.7738 -54.7555 3.92502
56.7789 -54.9234 3.92437
56.7869 -54.899 3.92587
56.7524 -54.7411 3.92522
56.7518 -54.7797 3.92767
56.8274 -54.7669 3.9256
56.8255 -54.7746 3.92556
56.6279 -54.8941 3.92218
56.7282 -54.8332 3.92413
56.7285 -54.8367 3.92411
56.6783 -54.8907 3.92702
56.6803 -54.7873 3.92439
56.8105 -54.7768 3.92493
56.679 -54.8431 3.92739
56.7367 -54.8553 3.92458
56.7675 -54.8449 3.92506
56.7622 -54.8358 3.92403
56.7359 -54.8334 3.92587
56.7235 -54.8548 3.92511
56.7221 -54.8517 3.92512
56.7137 -54.8348 3.92674
56.7453 -54.8975 3.92397
56.8246 -54.8875 3.92545
56.7568 -54.8799 3.92208
56.7566 -54.8856 3.92196
56.7566 -54.8482 3.92468
56.8293 -54.8123 3.92552
56.8123 -54.8932 3.9216
56.8015 -54.8853 3.92616
56.7647 -54.8521 3.92386
56.7534 -54.8653 3.92625
56.7379 -54.9332 3.92686
56.7135 -54.8617 3.92761
56.7101 -54.8073 3.92424
56.782 -54.8356 3.92649
56.8251 -54.6865 3.92776
56.7663 -54.831 3.92722
56.714 -54.9268 3.92553
56.7823 -54.8132 3.92335
56.7566 -54.8934 3.92452
56.7412 -54.8164 3.92253
56.7627 -54.862 3.9269
56.7403 -54.8641 3.92751
56.7497 -54.8246 3.92617
56.686 -54.7965 3.92244
56.7253 -54.8137 3.92751
56.7385 -54.8586 3.92496
56.774 -54.86 3.92582
56.788 -54.8982 3.926
56.7531 -54.7367 3.92516
56.701 -54.923 3.92658
56.6914 -54.8017 3.92375
56.6138 -54.8161 3.92279
56.7244 -54.8346 3.92408
56.8548 -54.8985 3.92687
56.7771 -54.8292 3.92668
56.7497 -54.8261 3.92666
56.7817 -54.8076 3.92558
56.7864 -54.7993 3.92565
56.7521 -54.9452 3.9262
56.7252 -54.8706 3.92891
56.7784 -54.9106 3.92339
56.667 -54.8877 3.92441
56.7847 -54.8812 3.92746
56.7588 -54.8822 3.92459
56.7356 -54.8313 3.92598
56.7944 -54.8822 3.92506
56.6635 -54.9066 3.92649
56.6741 -54.8775 3.92792
56.7173 -54.8875 3.92351
56.6661 -54.7862 3.924
56.749 -54.8965 3.92291
56.8729 -54.8712 3.92743
56.7579 -54.8477 3.92452
56.8266 -54.8143 3.92561
56.7163 -54.8359 3.92174
56.8166 -54.8907 3.92155
56.8111 -54.8831 3.92603
56.7226 -54.7715 3.92362
56.7717 -54.7822 3.92594
56.7609 -54.8643 3.92876
56.6806 -54.7825 3.92527
56.7163 -54.835 3.92905
56.7955 -54.9843 3.92452
56.6903 -54.8402 3.92385
56.7878 -54.802 3.92762
56.7799 -54.8186 3.92339
56.7858 -54.8084 3.92338
56.7832 -54.8149 3.92341
56.7477 -54.9151 3.92363
56.7529 -54.8142 3.92727
56.6584 -54.8958 3.92642
56.6669 -54.8109 3.92388
56.7588 -54.8669 3.92527
56.7252 -54.824 3.92532
56.8071 -54.7944 3.92641
56.7725 -54.8642 3.92583
56.7269 -54.8152 3.92415
56.6691 -54.8795 3.92377
56.7362 -54.8401 3.92577
56.6773 -54.8316 3.92458
56.7441 -54.918 3.92417
56.6694 -54.8561 3.92633
56.7279 -54.8353 3.924
56.7714 -54.8309 3.92562
56.853 -54.8941 3.92694
56.7856 -54.9143 3.92373
56.7326 -54.802 3.92412
56.7508 -54.9466 3.92604
56.7537 -54.7961 3.92469
56.7367 -54.7551 3.92522
56.6693 -54.8189 3.9228
56.7786 -54.9051 3.92343
56.7746 -54.8468 3.92504
56.7557 -54.8785 3.92473
56.783 -54.8657 3.92732
56.7618 -54.9011 3.92735
56.7335 -54.8567 3.92359
56.6798 -54.8321 3.92244
56.7516 -54.8763 3.92213
56.7285 -54.8656 3.92801
56.7858 -54.854 3.9205
56.8265 -54.8118 3.92562
56.752 -54.9295 3.92678
56.8873 -54.9988 3.92522
56.7625 -54.8476 3.92368
56.6749 -54.8214 3.9229
56.6528 -54.9237 3.92235
56.7111 -54.9252 3.9289
56.6677 -54.8116 3.92652
56.7419 -54.8199 3.92237
56.6414 -54.7971 3.92345
56.7773 -54.8019 3.92597
56.7536 -54.868 3.92529
56.6575 -54.7293 3.92326
56.7744 -54.7576 3.92484
56.7273 -54.8186 3.92423
56.7505 -54.8453 3.92375
56.7414 -54.9201 3.92438
56.7375 -54.9185 3.92458
56.8135 -54.8672 3.9251
56.7503 -54.8234 3.92454
56.7331 -54.8508 3.92815
56.7804 -54.9246 3.92557
56.7781 -54.8292 3.92671
56.7204 -54.8175 3.92709
56.7528 -54.7996 3.92486
56.7216 -54.8604 3.92531
56.6764 -54.8234 3.92338
56.7392 -54.8521 3.92455
56.7685 -54.912 3.92343
56.7598 -54.8332 3.92432
56.7509 -54.7951 3.92743
56.759 -54.7565 3.92766
56.7786 -54.7149 3.92635
56.6866 -54.9533 3.92516
56.7489 -54.8477 3.92761
56.7872 -54.8765 3.929
56.6945 -54.8247 3.9251
56.7339 -54.8599 3.92376
56.7521 -54.8768 3.92226
56.6687 -54.8669 3.92821
56.6925 -54.838 3.92453
56.7157 -54.8428 3.92181
56.8199 -54.8993 3.92166
56.8147 -54.8864 3.92629
56.7687 -54.7787 3.92592
56.7137 -54.8097 3.92411
56.7491 -54.8254 3.92909
56.8364 -54.752 3.92893
56.7128 -54.7602 3.92424
56.7251 -54.8058 3.92524
56.6962 -54.946 3.92387
56.7785 -54.8131 3.92339
56.7509 -54.8991 3.92456
56.7689 -54.856 3.92776
56.6721 -54.8524 3.92604
56.6615 -54.8087 3.92396
56.6203 -54.8505 3.9229
56.7249 -54.828 3.92547
56.7718 -54.7571 3.92502
56.7702 -54.7508 3.92485
56.8119 -54.7968 3.92638
56.7494 -54.844 3.92384
56.7558 -54.7382 3.92514
56.7174 -54.8678 3.92593
56.7407 -54.9152 3.92447
56.7488 -54.9007 3.92654
56.7687 -54.8336 3.92581
56.8514 -54.8958 3.92684
56.814 -54.7737 3.92472
56.7815 -54.7992 3.92575
56.7221 -54.8234 3.92571
56.7362 -54.8544 3.92476
56.8374 -54.911 3.92897
56.7706 -54.8846 3.92671
56.7572 -54.8793 3.92463
56.7438 -54.9206 3.92575
56.7301 -54.8493 3.9267
56.7421 -54.8994 3.92407
56.7265 -54.8561 3.92379
56.6942 -54.8467 3.92285
56.7654 -54.8781 3.92221
56.7588 -54.9065 3.92382
56.7543 -54.8517 3.92473
56.8274 -54.8167 3.92552
56.7447 -54.8069 3.92044
56.7455 -54.8107 3.92057
56.7322 -54.8083 3.92056
56.8164 -54.8965 3.9217
56.75 -54.838 3.9276
56.7667 -54.9622 3.92683
56.6663 -54.9171 3.92221
56.7525 -54.9298 3.92656
56.7103 -54.8111 3.92401
56.8666 -54.8805 3.92831
56.6805 -54.8669 3.92415
56.7046 -54.9086 3.92179
56.6913 -54.9902 3.92601
56.7638 -54.8948 3.92442
56.7523 -54.9053 3.92487
56.7551 -54.8873 3.92694
56.7792 -54.8016 3.92614
56.7729 -54.7559 3.92484
56.6673 -54.8794 3.92394
56.7869 -54.8981 3.92612
56.7451 -54.837 3.92793
56.747 -54.8666 3.92577
56.7487 -54.9139 3.92422
56.8265 -54.7743 3.92544
56.6248 -54.891 3.9221
56.6808 -54.8725 3.92523
56.7125 -54.8644 3.92839
56.7788 -54.9195 3.92354
56.611 -54.8742 3.9242
56.7366 -54.8032 3.92413
56.7507 -54.8001 3.9248
56.7749 -54.9251 3.92509
56.7662 -54.8574 3.92413
56.7747 -54.8449 3.92511
56.7619 -54.7574 3.92717
56.7786 -54.798 3.92902
56.769 -54.7684 3.92849
56.7409 -54.7631 3.92522
56.713 -54.8389 3.92654
56.7458 -54.7764 3.9272
56.744 -54.8917 3.92418
56.7431 -54.8984 3.92332
56.6794 -54.8256 3.92234
56.6952 -54.8455 3.92272
56.6951 -54.8657 3.92267
56.7427 -54.8537 3.92622
56.7853 -54.8509 3.9204
56.8287 -54.8178 3.92574
56.7808 -54.8994 3.92742
56.8176 -54.893 3.92166
56.8209 -54.8992 3.92175
56.8125 -54.8952 3.92155
56.807 -54.8804 3.92614
56.7823 -54.8959 3.92681
56.7815 -54.8341 3.92483
56.703 -54.7948 3.92496
56.7249 -54.8409 3.92928
56.7222 -54.8679 3.92283
56.7267 -54.8665 3.92647
56.7224 -54.7745 3.92603
56.7882 -54.8098 3.92336
56.7519 -54.8932 3.92446
56.7366 -54.8229 3.92245
56.7457 -54.9114 3.92478
56.7221 -54.9044 3.92557
56.6959 -54.8445 3.92594
56.7911 -54.7955 3.92588
56.8204 -54.786 3.9264
56.7882 -54.8955 3.92603
56.7168 -54.8702 3.92607
56.8177 -54.8655 3.92503
56.6725 -54.8602 3.92523
56.7071 -54.7743 3.92554
56.7007 -54.8039 3.92504
56.7497 -54.9526 3.9283
56.7321 -54.9526 3.92906
56.7847 -54.8005 3.92566
56.7361 -54.8602 3.92461
56.7399 -54.8551 3.92463
56.67 -54.8845 3.92444
56.7088 -54.9032 3.92569
56.7373 -54.8346 3.9261
56.7765 -54.8926 3.927
56.7539 -54.8448 3.92789
56.6425 -54.8717 3.92496
56.7356 -54.8549 3.92371
56.7401 -54.8965 3.92293
56.6998 -54.8609 3.92278
56.7111 -54.8271 3.92788
56.8742 -54.8702 3.92745
56.7934 -54.8827 3.92961
56.7568 -54.8553 3.92436
56.7833 -54.856 3.9206
56.7882 -54.8611 3.92061
56.7002 -54.8362 3.9254
56.8268 -54.815 3.92551
56.8211 -54.8951 3.92192
56.8164 -54.8893 3.92149
56.8093 -54.8874 3.92614
56.773 -54.7803 3.92599
56.7287 -54.8502 3.92249
56.7606 -54.8111 3.92711
56.7803 -54.835 3.92631
56.711 -54.9068 3.92171
56.6936 -54.8398 3.924
56.7586 -54.8966 3.92436
56.6429 -54.7969 3.92344
56.769 -54.8685 3.92717
56.7557 -54.8691 3.92538
56.8127 -54.7995 3.92636
56.721 -54.8169 3.92421
56.7498 -54.8412 3.9239
56.758 -54.7357 3.92517
56.735 -54.8351 3.92592
56.8271 -54.7712 3.92558
56.7506 -54.8872 3.92579
56.7053 -54.9215 3.92651
56.7697 -54.8276 3.92585
56.7801 -54.9144 3.92365
56.7249 -54.9181 3.92495
56.7508 -54.7959 3.92479
56.7687 -54.8034 3.92823
56.6648 -54.8213 3.92288
56.7499 -54.8448 3.92497
56.783 -54.9118 3.92763
56.7604 -54.8865 3.92478
56.7991 -54.8824 3.92499
56.8085 -54.9467 3.92615
56.7529 -54.7738 3.92718
56.7154 -54.8912 3.92371
56.7329 -54.855 3.92366
56.6893 -54.8466 3.92289
56.7506 -54.8789 3.92198
56.7571 -54.9091 3.92388
56.7584 -54.9014 3.92382
56.7871 -54.8565 3.92047
56.7509 -54.9197 3.92611
56.8284 -54.8079 3.92572
56.7166 -54.8425 3.92176
56.8245 -54.8937 3.92166
56.8906 -55.0055 3.92543
56.7831 -54.8297 3.9248
56.6781 -54.8216 3.9229
56.7242 -54.8546 3.92269
56.7057 -54.9279 3.92326
56.6769 -54.8696 3.9245
56.7138 -54.9068 3.92185
56.7825 -54.8841 3.92541
56.714 -54.8571 3.92862
56.7555 -54.7552 3.92851
56.7657 -54.8468 3.92533
56.7809 -54.8142 3.92345
56.7867 -54.8104 3.92352
56.746 -54.9258 3.92373
56.7509 -54.9053 3.92462
56.689 -54.7976 3.92725
56.6273 -54.8408 3.92376
56.7735 -54.7526 3.92491
56.7923 -54.898 3.92595
56.7515 -54.8409 3.92403
56.7022 -54.8118 3.92674
56.8104 -54.8626 3.92519
56.7239 -54.8373 3.92409
56.7109 -54.9187 3.92637
56.6972 -54.9455 3.92504
56.7801 -54.9185 3.92359
56.8186 -54.7794 3.92485
56.7475 -54.7599 3.92517
56.7109 -54.9164 3.92681
56.6698 -54.8331 3.92423
56.8419 -54.9121 3.92904
56.7501 -54.8403 3.92826
56.7209 -54.9104 3.92566
56.7278 -54.9716 3.92662
56.7256 -54.8497 3.92684
56.6638 -54.9124 3.92631
56.6426 -54.8729 3.9249
56.7274 -54.86 3.9236
56.7528 -54.8794 3.92221
56.7855 -54.8552 3.9205
56.7873 -54.8534 3.92041
56.8269 -54.8122 3.92562
56.7424 -54.8076 3.92055
56.7148 -54.841 3.92181
56.8166 -54.8949 3.92178
56.818 -54.8943 3.92177
56.8147 -54.8981 3.9217
56.8172 -54.8946 3.92172
56.7241 -54.8685 3.92563
56.7585 -54.8518 3.92384
56.7878 -54.8344 3.92485
56.7556 -54.8746 3.92606
56.8105 -54.8959 3.9278
56.8675 -54.8812 3.92837
56.7171 -54.8708 3.92486
56.7122 -54.9077 3.92199
56.6946 -54.8939 3.92439
56.7651 -54.8385 3.92539
56.7466 -54.9195 3.92369
56.7298 -54.8026 3.92435
56.6684 -54.8136 3.92377
56.7738 -54.7578 3.92499
56.7755 -54.9281 3.92439
56.6651 -54.881 3.92387
56.6717 -54.8816 3.92386
56.7311 -54.7511 3.9267
56.7119 -54.8474 3.92381
56.6933 -54.7999 3.92384
56.6765 -54.8723 3.92543
56.7664 -54.8279 3.92579
56.7683 -54.8294 3.92578
56.7724 -54.8308 3.92573
56.7561 -54.8289 3.92674
56.7195 -54.8308 3.92616
56.7759 -54.9274 3.92513
56.7674 -54.855 3.92439
56.7516 -54.8505 3.92465
56.773 -54.8545 3.92514
56.7814 -54.8548 3.92862
56.6213 -54.8769 3.92528
56.7061 -54.808 3.92733
56.729 -54.8408 3.92686
56.7443 -54.8976 3.92404
56.7409 -54.9023 3.92322
56.7556 -54.8758 3.92211
56.7577 -54.9004 3.92388
56.7676 -54.8513 3.92465
56.7543 -54.8489 3.92467
56.8264 -54.817 3.9256
56.7114 -54.8351 3.92167
56.8187 -54.8975 3.92168
56.8199 -54.8928 3.92178
56.8226 -54.8959 3.92165
56.786 -54.8063 3.9288
56.7795 -54.832 3.92493
56.7264 -54.856 3.92273
56.867 -54.881 3.92849
56.9088 -50.8666 3.92681
