85.7891 17.6227 0.0887052
85.8657 17.7398 0.0868797
85.8231 17.6809 0.0905691
85.9031 17.8733 0.0865849
85.8274 17.6909 0.0830296
85.8122 17.6946 0.086659
85.8251 17.7289 0.0857217
85.9219 17.674 0.0868282
85.6575 17.6579 0.086574
85.8288 17.6952 0.0906155
85.7684 17.67 0.0869241
85.7992 17.6914 0.0901732
85.8213 17.7001 0.0859975
85.7374 17.6458 0.0844805
85.7514 17.8357 0.0857607
85.8018 17.8346 0.0836088
85.7506 17.8868 0.0895162
85.84 17.7834 0.0894268
85.8174 17.8167 0.0873925
85.8506 17.7998 0.0892757
85.73 17.7584 0.0863212
85.8628 17.6935 0.0856588
85.8368 17.646 0.0898923
85.8787 17.7619 0.0857061
85.8686 17.7687 0.084193
85.8085 17.6155 0.0885847
85.7671 17.8154 0.0856064
85.8147 17.5835 0.0847816
85.755 17.7023 0.0859423
85.8252 17.6676 0.0846631
85.87 17.7435 0.0851247
85.8295 17.7344 0.0831883
85.9231 17.6485 0.0904905
85.7777 17.7857 0.0859583
85.7763 17.7126 0.0873153
85.785 17.6459 0.0863415
85.7547 17.7642 0.08865
85.7355 17.644 0.0853477
85.7956 17.5942 0.0884545
85.7867 17.7799 0.0897348
85.7283 17.8344 0.0879208
85.8897 17.804 0.0863812
85.898 17.6896 0.0871032
85.8765 17.7783 0.0852353
85.6888 17.664 0.0858586
85.7838 17.8306 0.0882353
85.8434 17.6903 0.0886427
85.9677 17.6526 0.0898702
85.8163 17.6801 0.0917944
85.8405 17.7462 0.08731
85.7687 17.7352 0.0880127
85.8431 17.7277 0.0877896
85.74 17.6515 0.0808785
85.7686 17.6907 0.0863367
85.7337 17.8085 0.0869636
85.7873 17.7412 0.0885665
85.7951 17.7288 0.0869056
85.7642 17.722 0.0890395
85.8329 17.7168 0.0844024
85.7246 17.6795 0.0842308
85.8737 17.8355 0.0822271
85.8036 17.7396 0.0880954
85.8924 17.8798 0.0890469
85.7367 17.7678 0.0873672
85.7787 17.6953 0.0897789
85.7838 17.7941 0.0873141
85.8068 17.6289 0.0860347
85.685 17.8032 0.0883022
85.8433 17.7575 0.0891829
85.8178 17.7864 0.0856394
85.869 17.7569 0.085613
85.8238 17.7465 0.085968
85.7718 17.593 0.0851106
85.8202 17.6532 0.0906293
85.8319 17.6878 0.088132
85.919 17.7926 0.0850201
85.7939 17.7799 0.0836583
85.8182 17.7799 0.087759
85.8382 17.7152 0.0882454
85.852 17.7377 0.0871285
85.7984 17.5855 0.086743
85.9116 17.8324 0.0861958
85.8052 17.7102 0.0839076
85.8402 17.6699 0.086788
85.8326 17.7992 0.0827415
85.8433 17.6359 0.0853478
85.7688 17.6842 0.0890813
85.8148 17.7556 0.0843701
85.7598 17.7675 0.0863653
85.7141 17.6034 0.0865241
85.7724 17.7883 0.0936317
85.8557 17.7225 0.0895276
85.8345 17.7194 0.0918827
85.8181 17.6218 0.0887454
85.8408 17.6949 0.0870033
85.8073 17.678 0.0879776
85.7498 17.7383 0.0903578
85.8334 17.7325 0.0879245
85.7672 17.7559 0.0869428
85.8088 17.7338 0.0888212
85.8314 17.7532 0.085047
85.7985 17.7495 0.0845617
85.8799 17.7507 0.0839344
85.641 17.7288 0.0877193
85.7786 17.7887 0.0889837
85.9021 17.7576 0.0895441
85.8477 17.6614 0.0874849
85.8414 17.7913 0.0881584
85.7944 17.7779 0.0886522
85.8675 17.8075 0.0892649
85.8132 17.5822 0.0877685
85.8194 17.6992 0.0865647
85.7446 17.697 0.0890548
85.8477 17.8686 0.0876862
85.8234 17.6716 0.085721
85.8424 17.6746 0.0879728
85.795 17.7469 0.0848789
85.7873 17.8017 0.087434
85.8423 17.7109 0.0847682
85.9044 17.7255 0.0870066
85.7896 17.8258 0.0916108
85.7988 17.7359 0.0875008
85.7672 17.7324 0.0864032
85.7034 17.7689 0.0893455
85.7668 17.7426 0.0896762
85.7802 17.688 0.090853
85.954 17.6802 0.085287
85.884 17.5955 0.0865894
85.7973 17.5583 0.0871939
85.8921 17.6784 0.0857758
85.7518 17.77 0.0856495
85.7844 17.7426 0.0856911
85.843 17.7501 0.08686
85.8216 17.7142 0.0857468
85.7996 17.6947 0.0848722
85.7831 17.7191 0.0888543
85.8412 17.6703 0.0846805
85.839 17.6854 0.0881433
85.7645 17.8506 0.0896689
85.7934 17.7018 0.0873071
85.931 17.6539 0.0844009
85.782 17.7875 0.0886966
85.867 17.7546 0.0857661
85.904 17.6222 0.0860987
85.8224 17.6733 0.0850647
85.831 17.6896 0.0843214
85.7983 17.6417 0.088324
85.6974 17.747 0.0869225
85.8251 17.6268 0.0880211
85.8285 17.7764 0.0873636
85.7768 17.7392 0.0871793
85.826 17.7047 0.0845951
85.8491 17.7216 0.0872121
85.8709 17.6338 0.086499
85.8201 17.6903 0.0844912
85.7869 17.6328 0.0892561
85.7937 17.7939 0.0899249
85.8744 17.8586 0.0872327
85.8454 17.7115 0.0823764
85.9093 17.752 0.0838812
85.7827 17.7234 0.0884798
85.8029 17.751 0.088862
85.8538 17.7238 0.0904016
85.8529 17.7363 0.0884254
85.7174 17.7501 0.0880306
85.7419 17.7366 0.0875651
85.7761 17.7717 0.0874596
85.8144 17.7959 0.0870874
85.7818 17.7058 0.0850178
85.7714 17.6628 0.0884516
85.781 17.7843 0.0870883
85.7755 17.7174 0.0859569
85.7811 17.8506 0.0846426
85.7692 17.8121 0.0854166
85.9115 17.7452 0.0899408
85.8933 17.7701 0.0884672
85.8863 17.7346 0.0868794
85.8697 17.7039 0.0864708
85.7986 17.7398 0.0901145
85.8392 17.6253 0.0932777
85.8327 17.755 0.087061
85.8377 17.7929 0.0874133
85.8655 17.7362 0.0862189
85.7839 17.6639 0.084978
85.8271 17.6625 0.0838409
85.8395 17.6692 0.0837595
85.778 17.6873 0.0839352
85.8206 17.7553 0.0855764
85.771 17.8226 0.0882912
85.8574 17.7362 0.0883387
85.8628 17.7621 0.0876414
85.8202 17.7406 0.0870184
85.8783 17.7372 0.0837667
85.8906 17.7685 0.0861254
85.7952 17.8857 0.0868539
85.7977 17.6423 0.0850086
85.8325 17.6358 0.0851648
85.8697 17.7901 0.0899494
85.7196 17.7283 0.0857335
85.7585 17.7155 0.0870753
85.6717 17.8372 0.0874417
85.6801 17.6415 0.0865811
85.7231 17.8424 0.0892456
85.9009 17.7458 0.0885993
85.8588 17.7427 0.0865021
85.8484 17.6743 0.0858703
85.8608 17.7322 0.0869427
85.86 17.8238 0.0850927
85.7196 17.7466 0.0839013
85.8946 17.785 0.0836285
85.7669 17.7852 0.0844976
85.8235 17.6918 0.0857882
85.8302 17.8163 0.0915139
85.8981 17.6598 0.0872089
85.7589 17.7629 0.0837923
85.8166 17.807 0.0866881
85.7643 17.666 0.0870509
85.7846 17.7284 0.0831893
85.8201 17.7187 0.088627
85.7895 17.7019 0.0899729
85.7993 17.7139 0.0891391
85.8055 17.7948 0.0896124
85.7723 17.8489 0.0847954
85.7891 17.7658 0.087049
85.8352 17.6498 0.0854674
85.804 17.7234 0.0829077
85.7762 17.7242 0.0847794
85.7898 17.7063 0.0871003
85.8679 17.8711 0.0883422
85.788 17.7514 0.090047
85.7526 17.7421 0.0876627
85.8033 17.7278 0.0878061
85.7699 17.708 0.087188
85.7792 17.7503 0.0845286
85.7366 17.6369 0.0868711
85.7929 17.5787 0.0863364
85.7012 17.792 0.0868889
85.8556 17.555 0.085404
85.7444 17.664 0.0871173
85.7459 17.8049 0.0853266
85.8027 17.6752 0.0881215
85.7252 17.7591 0.0874415
85.7614 17.6699 0.0921194
85.7643 17.7887 0.085257
85.8843 17.8254 0.0862593
85.7931 17.8292 0.0857367
85.7798 17.7879 0.0905207
85.7788 17.806 0.0843998
85.8605 17.856 0.0867375
85.8674 17.7374 0.0851067
85.9377 17.752 0.0832958
85.882 17.7437 0.086906
85.8654 17.7345 0.085653
85.7939 17.7908 0.0858829
85.7674 17.7992 0.0869275
85.7782 17.7784 0.0863325
85.745 17.7725 0.0884563
85.8447 17.7618 0.0849693
85.8403 17.7181 0.090235
85.7813 17.6936 0.0871366
85.732 17.738 0.0885193
85.8475 17.7342 0.0893579
85.7494 17.7583 0.0856471
85.9044 17.7543 0.0848994
85.8771 17.8601 0.0861428
85.908 17.7178 0.088445
85.935 17.6971 0.0870859
85.787 17.7977 0.0873
85.8769 17.8392 0.0896091
85.868 17.8191 0.0885653
85.8936 17.7518 0.0902888
85.7149 17.6511 0.08611
85.8152 17.7421 0.0871899
85.7374 17.6825 0.0883366
85.6805 17.7015 0.0836865
85.7629 17.8339 0.0898134
85.8055 17.8335 0.0892417
85.8352 17.7935 0.0859809
85.7587 17.7719 0.0887374
85.8004 17.7301 0.0852897
85.7727 17.8846 0.0884843
85.8685 17.7804 0.0853376
85.8269 17.77 0.0899431
85.7578 17.7634 0.0874504
85.8857 17.6601 0.083732
85.8287 17.6678 0.0868986
85.8157 17.6161 0.0843171
85.9003 17.708 0.0888425
85.8602 17.7005 0.0869948
85.8481 17.7704 0.0875699
85.8586 17.7772 0.0899222
85.9589 17.6155 0.0862658
85.8918 17.5854 0.0859824
85.831 17.7976 0.0853068
85.8857 17.6756 0.0898593
85.9954 17.714 0.0876404
85.8453 17.7789 0.0901901
85.7162 17.8043 0.0861773
85.7495 17.7611 0.0883858
85.6819 17.6724 0.0881489
85.8849 17.7559 0.0836772
85.8203 17.6166 0.0862733
85.8555 17.7597 0.0874766
85.8617 17.6908 0.0877348
85.8201 17.7336 0.0882092
85.6886 17.8297 0.0867596
85.7923 17.8207 0.0895996
85.7966 17.7903 0.0856105
85.8043 17.6955 0.0847594
85.7138 17.5995 0.0865189
85.8086 17.695 0.0867207
85.732 17.7685 0.0903896
85.7775 17.8288 0.0893635
85.7886 17.7328 0.0851448
85.9135 17.6415 0.0885694
85.7671 17.6767 0.0832512
85.7825 17.8281 0.0872751
85.8412 17.7191 0.088603
85.8827 17.7718 0.0890395
85.7714 17.6437 0.0892815
85.7489 17.672 0.0852152
85.8815 17.6599 0.0860674
85.8533 17.6429 0.0881196
85.8248 17.6521 0.0856447
85.7537 17.8361 0.0896546
85.7388 17.7085 0.088009
85.8511 17.7397 0.0891939
85.8551 17.6513 0.0885321
85.8309 17.6848 0.0896943
85.7749 17.7033 0.0892964
85.7353 17.7109 0.0863521
85.7085 17.8551 0.0867376
85.8696 17.7957 0.0911676
85.7458 17.653 0.0854889
85.8441 17.7479 0.0899805
85.6695 17.7975 0.0874426
85.8867 17.7682 0.0841239
85.846 17.7108 0.0841176
85.8372 17.7532 0.0857384
85.6853 17.8298 0.0863494
85.796 17.5379 0.0868332
85.8886 17.6406 0.0851165
85.693 17.6951 0.0849965
85.8509 17.7406 0.0871137
85.8768 17.7055 0.0867565
85.7053 17.7228 0.0875961
85.831 17.6851 0.09221
85.8059 17.7794 0.0870289
85.8231 17.7177 0.0916124
85.7421 17.7445 0.087225
85.7719 17.5909 0.0889443
85.8038 17.7672 0.0882257
85.8088 17.7026 0.0864011
85.9559 17.6289 0.0845023
85.9446 17.7637 0.0848976
85.6948 17.7213 0.0868341
85.8336 17.6277 0.0904547
85.8816 17.7118 0.0895418
85.7282 17.8076 0.0856734
85.9108 17.7036 0.0884873
85.9644 17.6466 0.0879243
85.8845 17.6789 0.0868363
85.6889 17.6699 0.0924428
85.8137 17.6905 0.085616
85.8814 17.7453 0.0870074
85.8301 17.8635 0.0822536
85.7836 17.6793 0.0892609
85.7152 17.774 0.0848631
85.7368 17.8693 0.0880791
85.702 17.8644 0.0898655
85.797 17.7946 0.0848173
85.8013 17.8465 0.0838709
85.811 17.6943 0.0852584
85.677 17.6676 0.0858133
85.8096 17.8347 0.0871282
85.749 17.6581 0.0879211
85.7698 17.7515 0.0874765
85.7742 17.6493 0.0883709
85.8764 17.7167 0.0845348
85.8496 17.7455 0.0868286
85.8665 17.6167 0.0845215
85.6889 17.6624 0.0859355
85.9138 17.681 0.0865336
85.7149 17.7903 0.0839088
85.7842 17.8096 0.0878556
85.8222 17.6482 0.0914373
85.824 17.7824 0.0867634
85.8646 17.7166 0.0855072
85.9306 17.5919 0.086485
85.7842 17.7528 0.0861946
85.8191 17.8604 0.0862312
85.8278 17.8615 0.0860272
85.812 17.8115 0.089652
85.8845 17.6396 0.0831064
85.8459 17.6801 0.0831339
85.8895 17.8828 0.0866123
85.8427 17.7015 0.0839827
85.7326 17.5913 0.0885236
85.7927 17.7258 0.088002
85.8463 17.7292 0.0853802
85.7641 17.8241 0.0863421
85.6401 17.8293 0.0905423
85.8886 17.7333 0.0868076
85.8753 17.7633 0.0868313
85.5723 17.7124 0.0884295
85.8456 17.707 0.0906191
85.7884 17.6946 0.0856267
85.7132 17.7944 0.0840703
85.7922 17.7321 0.0890304
85.7303 17.765 0.0892414
85.7495 17.6816 0.0894579
85.6933 17.6703 0.0854586
85.8411 17.7434 0.0868339
85.716 17.7967 0.0841547
85.8811 17.8504 0.0878554
85.7786 17.6244 0.0866995
85.9092 17.6699 0.0901499
85.8072 17.7244 0.0898451
85.8463 17.6625 0.0863257
85.7729 17.6276 0.0881376
85.7144 17.6541 0.0902973
85.8319 17.7461 0.0892773
85.7356 17.6815 0.0873465
85.7889 17.6495 0.0844881
85.7595 17.8034 0.0881218
85.7189 17.676 0.0848756
85.7423 17.8029 0.0882871
85.792 17.625 0.0901264
85.7925 17.6372 0.0878134
85.7876 17.7546 0.0854312
85.8853 17.5587 0.0866554
85.7548 17.7608 0.0887529
85.8098 17.6887 0.0859746
85.8715 17.6509 0.0877685
85.7886 17.7216 0.0854316
85.8629 17.7761 0.0882986
85.7681 17.732 0.0866114
85.8667 17.7402 0.0880648
85.8375 17.6667 0.089009
85.7739 17.6769 0.0897113
85.775 17.7673 0.0867577
85.729 17.6634 0.0873835
85.7654 17.8126 0.0897279
85.9176 17.7102 0.0869005
85.8399 17.7073 0.088899
85.8596 17.6826 0.089225
85.898 17.6431 0.0857796
85.8857 17.685 0.0895335
85.8803 17.7522 0.08867
85.8367 17.8957 0.0884199
85.8582 17.7726 0.0883258
85.8299 17.7966 0.0854787
85.6416 17.8028 0.0857733
85.7938 17.7637 0.0862769
85.8501 17.6926 0.0829889
85.8143 17.7208 0.0851587
85.754 17.6651 0.0853615
85.8866 17.6423 0.090462
85.6815 17.8372 0.089149
85.7044 17.6415 0.0895548
85.8571 17.699 0.0873366
85.7591 17.6723 0.089605
85.8018 17.8155 0.0870513
85.7821 17.8161 0.091253
85.8738 17.7185 0.082012
85.8315 17.7292 0.0879354
85.8534 17.6705 0.0901747
85.8996 17.5991 0.0891585
85.7727 17.7897 0.0869845
85.8053 17.6403 0.0837158
85.7884 17.6617 0.0859573
85.7685 17.7382 0.0877209
85.8135 17.8088 0.085025
85.815 17.8527 0.0889655
85.8801 17.7971 0.0893412
85.8934 17.7661 0.0866328
85.8421 17.6984 0.088625
85.8161 17.7536 0.0877231
85.849 17.7267 0.0892042
85.8238 17.7477 0.0876002
85.8663 17.7287 0.08322
85.8888 17.7978 0.0862348
85.6958 17.7955 0.0902465
85.8186 17.7319 0.0866342
85.8623 17.7625 0.0852926
85.8039 17.756 0.0857274
85.6864 17.759 0.0896118
85.8578 17.7604 0.0852332
85.7615 17.9093 0.084387
85.79 17.9209 0.0849987
85.8133 17.6648 0.0848228
85.8992 17.7055 0.0840902
85.7862 17.774 0.0856068
85.8119 17.8391 0.0868214
85.7355 17.7953 0.08934
85.7018 17.7365 0.0866002
85.8744 17.7673 0.0902062
85.9315 17.8043 0.0863218
85.8215 17.8248 0.0849603
84.4233 19.7817 0.0660659
