81.2463 -34.8456 3.67434
81.278 -34.8466 3.67167
81.271 -34.8431 3.6693
81.1758 -34.9061 3.67254
81.2164 -34.887 3.67063
81.2158 -34.8842 3.67091
81.2494 -34.9122 3.67214
81.1748 -34.904 3.67168
81.2759 -34.8405 3.66887
81.2635 -34.834 3.67035
81.2358 -34.8626 3.67151
81.2231 -34.9016 3.67112
81.2133 -34.9263 3.67162
81.2574 -34.8375 3.67152
81.2328 -34.8591 3.67268
81.1894 -34.8936 3.67079
81.2518 -34.896 3.67134
81.2111 -34.8878 3.6704
81.2633 -34.886 3.67255
81.2511 -34.9136 3.66878
81.2841 -34.8334 3.67071
81.2454 -34.8885 3.67077
81.243 -34.8473 3.6703
81.2217 -34.9024 3.67174
81.2218 -34.9014 3.67164
81.2416 -34.8465 3.67038
81.2708 -34.8604 3.66917
81.2496 -34.8858 3.67121
81.2475 -34.882 3.67127
81.1817 -34.9155 3.66846
81.2161 -34.9021 3.67058
81.2317 -34.8628 3.67088
81.2953 -34.8436 3.67173
81.2823 -34.8239 3.66994
81.2834 -34.8204 3.66986
81.2604 -34.8478 3.66888
81.2914 -34.8551 3.67088
81.2926 -34.8597 3.67089
81.2371 -34.9092 3.67003
81.2418 -34.9123 3.67008
81.2379 -34.8801 3.66988
81.2232 -34.8824 3.67009
81.1863 -34.901 3.67058
81.2567 -34.8393 3.67187
81.2203 -34.915 3.67213
81.2424 -34.8974 3.6693
81.2989 -34.842 3.67203
81.2221 -34.8647 3.67286
81.2155 -34.9083 3.6729
81.3314 -34.9356 3.67199
81.2557 -34.8484 3.67183
81.3241 -34.8958 3.66863
81.3086 -34.8698 3.66869
81.2645 -34.8331 3.67309
81.2762 -34.8599 3.66992
81.2731 -34.8627 3.67004
81.2535 -34.8891 3.67162
81.2451 -34.9047 3.66929
81.2494 -34.9075 3.66934
81.2409 -34.8844 3.67247
81.2163 -34.8623 3.67435
81.236 -34.8926 3.67241
81.2582 -34.8452 3.67106
81.2727 -34.9209 3.67229
81.245 -34.866 3.67009
81.214 -34.8797 3.67091
81.3119 -34.8893 3.67292
81.2927 -34.8522 3.67426
81.3021 -34.8539 3.67399
81.2451 -34.885 3.67042
81.2434 -34.8905 3.67044
81.2989 -34.9469 3.67204
81.2832 -34.8816 3.67141
81.282 -34.8814 3.67122
81.1654 -34.9128 3.67032
81.1672 -34.9257 3.67044
81.2589 -34.8535 3.67073
81.2581 -34.8359 3.66786
81.1598 -34.9372 3.66835
81.2706 -34.8761 3.67119
81.2674 -34.8653 3.67231
81.3097 -34.9279 3.67122
81.2681 -34.8417 3.66948
81.2155 -34.886 3.67083
81.2493 -34.9173 3.67219
81.2774 -34.9073 3.67114
81.2602 -34.835 3.67026
81.2626 -34.8324 3.67015
81.2364 -34.8566 3.67153
81.2325 -34.8555 3.67174
81.217 -34.9065 3.67119
81.2493 -34.8869 3.66932
81.2473 -34.8873 3.66954
81.1909 -34.9565 3.67028
81.282 -34.9049 3.67036
81.2497 -34.8954 3.67145
81.2066 -34.8866 3.67053
81.1805 -34.9038 3.66841
81.2616 -34.8878 3.67237
81.2727 -34.8482 3.66978
81.2281 -34.8691 3.66749
81.2565 -34.8363 3.66965
81.2801 -34.8895 3.6685
81.1655 -34.9273 3.67004
81.2453 -34.8556 3.67038
81.2444 -34.9213 3.67202
81.2584 -34.8886 3.66973
81.3047 -34.8973 3.67115
81.2447 -34.8867 3.67107
81.2875 -34.8956 3.67025
81.2143 -34.9057 3.67053
81.3025 -34.8482 3.67193
81.2845 -34.8192 3.66984
81.2628 -34.8475 3.66878
81.2364 -34.9059 3.6725
81.2911 -34.8495 3.67079
81.2343 -34.9124 3.67023
81.2517 -34.8766 3.67416
81.1963 -34.9273 3.66914
81.2356 -34.8503 3.66859
81.2514 -34.8368 3.6716
81.2417 -34.8911 3.67283
81.2986 -34.8436 3.672
81.2224 -34.8669 3.67272
81.2867 -34.9236 3.67305
81.2669 -34.8797 3.67197
81.2197 -34.8902 3.67115
81.2686 -34.8634 3.6725
81.2669 -34.8664 3.67242
81.2049 -34.8974 3.67321
81.2688 -34.8674 3.67079
81.2655 -34.861 3.67062
81.2467 -34.8813 3.67236
81.2464 -34.8946 3.67019
81.2668 -34.8463 3.67348
81.2982 -34.8714 3.67121
81.2743 -34.9253 3.67225
81.2124 -34.8822 3.67109
81.244 -34.8502 3.67133
81.2436 -34.8468 3.67135
81.2446 -34.8849 3.67042
81.2491 -34.8889 3.67026
81.2413 -34.8835 3.67049
81.2956 -34.8516 3.67432
81.2393 -34.8909 3.67042
81.2179 -34.9329 3.67035
81.3036 -34.8612 3.67164
81.3023 -34.8657 3.67147
81.2756 -34.839 3.66955
81.1661 -34.9176 3.67025
81.2603 -34.8592 3.67062
81.2858 -34.8748 3.67054
81.2276 -34.8916 3.66996
81.273 -34.919 3.66809
81.2473 -34.846 3.67446
81.3146 -34.908 3.67194
81.2672 -34.8396 3.66936
81.2804 -34.8391 3.67167
81.1712 -34.9075 3.67246
81.2753 -34.8885 3.67029
81.2723 -34.8388 3.66869
81.2497 -34.9153 3.67204
81.2725 -34.8348 3.6697
81.3149 -34.9017 3.66808
81.2634 -34.843 3.67025
81.2879 -34.8515 3.67039
81.2739 -34.8441 3.67226
81.2174 -34.9038 3.67148
81.2218 -34.8589 3.66922
81.2132 -34.9345 3.6717
81.2614 -34.8377 3.67151
81.1947 -34.9525 3.67026
81.3081 -34.8638 3.67114
81.1845 -34.8907 3.67102
81.2533 -34.8954 3.67168
81.2099 -34.9602 3.67078
81.2027 -34.8808 3.67053
81.1807 -34.9088 3.66844
81.1859 -34.9086 3.66864
81.1901 -34.8816 3.67045
81.253 -34.9135 3.66869
81.2633 -34.8945 3.66894
81.3003 -34.8965 3.67088
81.2551 -34.8441 3.66972
81.2386 -34.8924 3.67116
81.3175 -34.9086 3.67308
81.2505 -34.8571 3.67036
81.2511 -34.8468 3.67044
81.2265 -34.9023 3.6716
81.2371 -34.8512 3.67057
81.2397 -34.8499 3.67055
81.2877 -34.8959 3.66921
81.2546 -34.9228 3.67016
81.2466 -34.8864 3.67113
81.1756 -34.9063 3.66853
81.1753 -34.9131 3.66848
81.2134 -34.9249 3.66972
81.2305 -34.865 3.67099
81.2345 -34.8638 3.67119
81.2904 -34.8512 3.67181
81.2611 -34.8392 3.67287
81.2809 -34.8202 3.6702
81.2528 -34.8525 3.66839
81.2545 -34.846 3.66899
81.2351 -34.8955 3.67256
81.2843 -34.8501 3.67091
81.2941 -34.852 3.67101
81.2801 -34.8795 3.67181
81.2358 -34.9072 3.67062
81.2184 -34.8846 3.66996
81.1866 -34.9003 3.67062
81.1858 -34.8983 3.67054
81.2523 -34.8408 3.67184
81.2784 -34.8426 3.66934
81.2702 -34.8345 3.66963
81.2309 -34.8939 3.67276
81.2298 -34.8988 3.67275
81.2285 -34.9185 3.67018
81.2171 -34.8675 3.67284
81.2845 -34.9188 3.67303
81.2693 -34.8709 3.672
81.2637 -34.8386 3.67321
81.227 -34.8885 3.6713
81.2763 -34.8623 3.66999
81.2592 -34.8622 3.67252
81.2035 -34.8956 3.67331
81.2462 -34.8999 3.66943
81.3059 -34.9237 3.6732
81.2473 -34.8842 3.67225
81.2239 -34.8647 3.67435
81.2327 -34.8935 3.67245
81.2615 -34.8461 3.6711
81.2735 -34.9221 3.67206
81.248 -34.8596 3.67162
81.2499 -34.854 3.67171
81.2378 -34.8651 3.67038
81.2113 -34.8797 3.67107
81.2516 -34.8464 3.67131
81.2429 -34.8467 3.67117
81.2494 -34.8463 3.66891
81.2154 -34.9384 3.67033
81.2969 -34.9388 3.67191
81.2692 -34.8341 3.66967
81.2815 -34.8791 3.6713
81.2809 -34.9127 3.67186
81.1709 -34.9182 3.67019
81.259 -34.8578 3.67056
81.2653 -34.8553 3.67034
81.2811 -34.8756 3.67032
81.1602 -34.9355 3.66835
81.2664 -34.8801 3.67125
81.2662 -34.8704 3.67242
81.2806 -34.8366 3.67167
81.2833 -34.8394 3.67186
81.1738 -34.9084 3.67229
81.281 -34.892 3.67035
81.1722 -34.9073 3.6719
81.2801 -34.8511 3.67048
81.2765 -34.8391 3.67215
81.2748 -34.8468 3.67225
81.2256 -34.9071 3.671
81.2762 -34.8539 3.66881
81.2613 -34.8443 3.67147
81.2548 -34.8409 3.67129
81.236 -34.8608 3.6727
81.2752 -34.9057 3.67062
81.1847 -34.8947 3.67114
81.2525 -34.8929 3.67143
81.2088 -34.8795 3.67064
81.2066 -34.8844 3.67054
81.2661 -34.8875 3.67235
81.2652 -34.8985 3.6691
81.2382 -34.905 3.67098
81.2901 -34.8323 3.67061
81.2515 -34.8424 3.66954
81.3173 -34.9063 3.67302
81.2492 -34.851 3.67044
81.2453 -34.9272 3.67195
81.2392 -34.8509 3.67057
81.2991 -34.841 3.67001
81.286 -34.8283 3.66971
81.2696 -34.8581 3.66933
81.2945 -34.8945 3.66923
81.299 -34.8835 3.6693
81.2498 -34.8855 3.67109
81.2546 -34.8434 3.66848
81.2118 -34.8947 3.67069
81.2164 -34.9021 3.67043
81.232 -34.866 3.67082
81.2634 -34.8381 3.67272
81.2635 -34.8354 3.67266
81.2596 -34.844 3.66886
81.2415 -34.8888 3.67245
81.2442 -34.8928 3.67227
81.2824 -34.8754 3.67167
81.2379 -34.9091 3.67065
81.222 -34.8864 3.6699
81.1914 -34.926 3.66917
81.2355 -34.8488 3.66872
81.2811 -34.8398 3.66945
81.2782 -34.8401 3.6695
81.2228 -34.9165 3.67237
81.2198 -34.9171 3.67229
81.297 -34.84 3.67219
81.2305 -34.9136 3.6703
81.2939 -34.8289 3.672
81.2523 -34.855 3.67177
81.2617 -34.8379 3.67314
81.2242 -34.8882 3.67131
81.2767 -34.8632 3.67008
81.2629 -34.8637 3.67248
81.1901 -34.8894 3.66992
81.2098 -34.8989 3.67327
81.3074 -34.9214 3.67338
81.2469 -34.8864 3.6724
81.2738 -34.9463 3.67374
81.2641 -34.8397 3.67384
81.2655 -34.8451 3.67361
81.2676 -34.8382 3.67367
81.2592 -34.8478 3.67103
81.2962 -34.8675 3.67116
81.245 -34.8653 3.67039
81.1709 -34.9236 3.66801
81.2437 -34.8535 3.67116
81.2475 -34.8872 3.6705
81.2493 -34.8487 3.66902
81.286 -34.8196 3.66843
81.2797 -34.8827 3.67137
81.1638 -34.9265 3.6703
81.2712 -34.8443 3.66959
81.2726 -34.84 3.66967
81.2591 -34.8375 3.66767
81.2076 -34.9033 3.67076
81.271 -34.8736 3.67238
81.2509 -34.8493 3.67449
81.2782 -34.8379 3.67186
81.2808 -34.84 3.67186
81.2216 -34.8882 3.67095
81.2748 -34.8341 3.66984
81.2765 -34.8323 3.66989
81.1713 -34.9036 3.6719
81.1683 -34.9028 3.67172
81.2645 -34.8384 3.67015
81.2878 -34.8534 3.67038
81.2365 -34.8583 3.6717
81.2738 -34.8392 3.6721
81.2875 -34.8842 3.66977
81.2954 -34.8771 3.66979
81.2227 -34.8636 3.66924
81.2217 -34.8631 3.66943
81.2058 -34.9309 3.67155
81.2605 -34.8424 3.67151
81.1942 -34.9573 3.6704
81.2329 -34.8617 3.67268
81.2345 -34.8611 3.67269
81.1846 -34.8913 3.67101
81.2505 -34.8932 3.67141
81.2402 -34.9127 3.67093
81.2061 -34.8779 3.67049
81.2678 -34.8889 3.6724
81.2681 -34.8463 3.66997
81.286 -34.8366 3.67044
81.2601 -34.8411 3.66973
81.2404 -34.8948 3.67083
81.1644 -34.9241 3.67004
81.2239 -34.8999 3.67162
81.2234 -34.8971 3.6716
81.2464 -34.9227 3.67218
81.2672 -34.8867 3.6696
81.2975 -34.8787 3.66941
81.2627 -34.8424 3.66856
81.2147 -34.8972 3.67057
81.2325 -34.8602 3.67098
81.2625 -34.8407 3.67279
81.3329 -34.9199 3.67029
81.2355 -34.9063 3.67251
81.2941 -34.8548 3.67089
81.2848 -34.8723 3.67175
81.224 -34.9527 3.6704
81.2535 -34.8817 3.67424
81.1679 -34.9138 3.6686
81.1997 -34.93 3.66921
81.2699 -34.8382 3.66949
81.2765 -34.8373 3.66938
81.317 -34.9299 3.6726
81.2188 -34.8635 3.6729
81.2101 -34.9102 3.67257
81.3353 -34.9294 3.67184
81.2556 -34.8544 3.67185
81.2611 -34.8332 3.6732
81.2732 -34.8584 3.67025
81.2631 -34.8618 3.6725
81.27 -34.8637 3.67231
81.1826 -34.8935 3.66977
81.273 -34.8676 3.67058
81.2179 -34.8736 3.66914
81.2465 -34.8857 3.67236
81.2217 -34.8594 3.67414
81.2488 -34.8904 3.6702
81.231 -34.8889 3.67275
81.289 -34.8401 3.66805
81.2643 -34.8456 3.67383
81.296 -34.879 3.6713
81.2733 -34.9195 3.67235
81.246 -34.8686 3.67018
81.2121 -34.8827 3.67091
81.24 -34.8527 3.67107
81.2419 -34.8793 3.67047
81.1618 -34.9175 3.6692
81.2134 -34.9362 3.67046
81.2156 -34.9349 3.67016
81.3008 -34.8629 3.67152
81.1699 -34.9174 3.6703
81.2771 -34.8448 3.66947
81.2844 -34.8755 3.6706
81.237 -34.8912 3.66996
81.2325 -34.8874 3.67005
81.2346 -34.8936 3.67003
81.2638 -34.8727 3.67225
81.2765 -34.8375 3.67168
81.2755 -34.8412 3.67155
81.2745 -34.8381 3.67176
81.1688 -34.9096 3.67231
81.2149 -34.8839 3.67097
81.2806 -34.8963 3.67025
81.1766 -34.9067 3.67178
81.2744 -34.9081 3.67116
81.2378 -34.8598 3.67149
81.238 -34.8574 3.67152
81.2814 -34.8433 3.67232
81.2802 -34.846 3.67199
81.2212 -34.9034 3.67134
81.2737 -34.8541 3.66891
81.2218 -34.8598 3.66923
81.223 -34.86 3.66937
81.2101 -34.9433 3.67161
81.2078 -34.9348 3.6717
81.2333 -34.858 3.67263
81.1878 -34.8871 3.67098
81.2459 -34.894 3.67134
81.2233 -34.8974 3.6717
81.2245 -34.9029 3.67151
81.2498 -34.9119 3.67092
81.2487 -34.9206 3.67339
81.1865 -34.9046 3.66869
81.189 -34.8857 3.67014
81.2711 -34.8584 3.66983
81.2764 -34.8523 3.66971
81.2483 -34.9176 3.66876
81.2557 -34.9122 3.66883
81.2586 -34.8917 3.66917
81.2605 -34.8394 3.6696
81.173 -34.9251 3.66998
81.2272 -34.897 3.67162
81.2975 -34.8364 3.66993
81.2732 -34.8521 3.66924
81.2986 -34.8929 3.67125
81.2751 -34.8843 3.67072
81.1778 -34.9138 3.66846
81.2952 -34.8518 3.67187
81.2662 -34.8352 3.67273
81.2339 -34.9021 3.67258
81.231 -34.9071 3.67254
81.2824 -34.8781 3.67174
81.2379 -34.9112 3.66996
81.2453 -34.9105 3.67091
81.2554 -34.8821 3.67404
81.1989 -34.9321 3.66906
81.1859 -34.8994 3.6706
81.2733 -34.8344 3.66944
81.2311 -34.8545 3.66868
81.2337 -34.8549 3.66866
81.2228 -34.9227 3.67216
81.2373 -34.8998 3.67272
81.2206 -34.9105 3.66871
81.2317 -34.9241 3.67037
81.2155 -34.904 3.67285
81.2952 -34.8252 3.67196
81.2679 -34.8789 3.67195
81.3009 -34.8719 3.66873
81.2263 -34.8881 3.6714
81.2227 -34.8922 3.67124
81.2628 -34.866 3.67245
81.2641 -34.8639 3.67254
81.2016 -34.9003 3.67344
81.2436 -34.9022 3.66924
81.2471 -34.8859 3.6722
81.2186 -34.8594 3.67414
81.268 -34.9506 3.67349
81.2494 -34.8915 3.67031
81.2503 -34.8926 3.67031
81.2676 -34.8411 3.67382
81.2968 -34.8745 3.67101
81.2947 -34.876 3.67102
81.2192 -34.9609 3.66948
81.2526 -34.854 3.67158
81.2168 -34.8757 3.67112
81.1785 -34.9281 3.66814
81.2401 -34.8449 3.67121
81.6076 -30.8867 3.67399
