200.11 25.0631 0.0723924
200.082 25.1159 0.0776487
200.18 25.2361 0.0737209
200.148 25.1237 0.0709007
200.187 25.0705 0.0719229
200.248 24.9539 0.0730502
200.215 25.0731 0.0713699
200.147 25.0282 0.0783992
200.26 25.0569 0.0728728
200.139 24.9866 0.0730542
200.222 24.9847 0.070575
200.196 25.0795 0.0729747
200.229 25.0906 0.0750587
200.172 25.0824 0.0751152
200.225 25.1369 0.0754853
200.205 25.0488 0.0741671
200.201 25.0769 0.0741876
200.214 25.0055 0.071506
200.253 25.1579 0.0728604
200.251 25.0893 0.0734818
200.222 25.0635 0.0763127
200.257 25.0329 0.0768441
200.084 25.1057 0.0737966
200.276 25.0936 0.0737785
200.158 25.0552 0.0752672
200.132 25.0583 0.0744795
200.162 24.8866 0.0707173
200.117 25.1435 0.0710053
200.304 25.0928 0.0724893
200.237 25.0456 0.0746343
200.214 25.1997 0.0730295
200.204 25.0093 0.0774221
200.332 25.0586 0.0715696
200.191 25.109 0.0781157
200.238 25.1094 0.0779839
200.178 25.1356 0.0760088
200.187 25.1382 0.0749091
200.211 25.0751 0.0741235
200.165 25.0439 0.0736122
200.108 25.0534 0.0719685
200.284 25.0401 0.0697798
200.105 25.0652 0.0718547
200.223 25.0337 0.0731328
200.151 25.0431 0.0721075
200.034 25.1094 0.0741242
200.126 25.1366 0.0704111
200.202 24.9787 0.0699717
200.199 24.9831 0.0711692
200.203 25.1484 0.0773249
200.286 25.0232 0.0744452
200.242 25.0579 0.0744133
200.124 25.0579 0.0724118
200.294 25.0453 0.0733286
200.322 25.0433 0.0744922
200.08 25.1049 0.0722027
200.123 25.0994 0.0725094
200.235 25.0539 0.0737069
200.174 25.0375 0.0754834
200.17 25.1098 0.0745817
200.153 25.1655 0.0756599
200.164 25.1472 0.0753656
200.179 25.0443 0.0758305
200.172 25.0301 0.0731367
200.191 25.0278 0.0725077
200.228 25.0896 0.0731156
200.227 25.1167 0.0727666
200.215 25.2071 0.0748686
200.154 24.9997 0.0749493
200.174 25.0243 0.0736067
200.195 25.0516 0.0715154
200.182 25.1285 0.0733141
200.183 25.0755 0.0705423
200.194 25.0335 0.0725068
200.389 25.1428 0.0739564
200.122 25.0861 0.0771961
200.133 25.0085 0.0709328
200.148 25.1057 0.0758754
200.252 25.0119 0.0706226
200.203 24.9851 0.0736893
200.133 25.0071 0.0728796
200.252 25.0414 0.0705945
200.182 25.0993 0.0727341
200.145 25.07 0.0722771
200.247 25.0236 0.071742
200.237 24.9924 0.0757653
200.171 25.0249 0.0781351
200.318 25.104 0.0729395
200.17 24.9657 0.0697638
200.294 25.0365 0.0731233
200.115 25.0084 0.075446
200.046 25.0326 0.0763974
200.172 25.0011 0.0723253
200.234 25.1706 0.072656
200.269 25.1417 0.0728623
200.288 25.0609 0.0722639
200.278 25.0376 0.0753405
200.192 25.1026 0.0734097
200.237 25.1045 0.0738843
200.141 25.0866 0.0703124
200.084 24.9897 0.0705607
200.233 24.9907 0.0729089
200.307 25.0859 0.0736912
200.084 24.9806 0.071698
200.046 25.0617 0.0765515
200.193 25.027 0.0723811
200.184 25.0238 0.0739913
200.243 25.0151 0.0758468
200.184 25.0239 0.0736179
200.162 25.0368 0.069364
200.322 24.9551 0.0739099
200.113 25.016 0.0782429
200.104 25.0076 0.0734316
200.257 25.1037 0.0721954
200.175 25.0437 0.0741078
200.173 25.1283 0.0738858
200.126 25.1285 0.0745328
200.311 25.1222 0.0726134
200.093 25.1047 0.0723102
200.125 25.2086 0.0779084
200.238 25.0367 0.0739546
200.065 25.0946 0.0730188
200.05 25.0003 0.0733693
200.125 25.1486 0.0781571
200.18 25.0533 0.0725498
200.156 24.9967 0.0756345
200.078 25.0821 0.070695
200.232 24.986 0.0722122
200.238 25.0343 0.076668
200.306 25.0607 0.0715723
200.094 25.0781 0.0722856
200.312 25.0876 0.0750866
200.332 25.1517 0.0716904
200.3 25.1138 0.0731561
200.349 25.1696 0.0734049
200.14 25.0518 0.0712724
200.305 25.0605 0.0721132
200.137 24.945 0.0732169
200.136 25.1518 0.0739081
200.125 25.1111 0.0749934
200.213 24.9691 0.0694351
200.255 25.1309 0.073338
200.219 25.1314 0.0751491
200.148 24.9642 0.0736191
199.966 25.0398 0.0721481
200.188 25.0845 0.0750646
200.221 25.0354 0.0712521
200.246 25.1246 0.0724554
200.291 25.105 0.074399
200.25 25.0838 0.073892
200.223 25.0753 0.0769342
200.284 25.1202 0.0753225
200.276 25.1056 0.0747547
200.158 25.0574 0.0703053
200.203 25.0292 0.0721389
200.19 25.0956 0.0761797
200.2 25.0411 0.0735297
200.205 25.1365 0.0722848
200.206 25.1189 0.0769103
200.125 25.0907 0.0743874
200.089 25.1051 0.0725171
200.264 25.0443 0.0724226
200.111 25.0653 0.075071
200.157 25.097 0.0742698
200.168 25.1236 0.0747955
200.216 25.0186 0.0696172
200.239 25.1149 0.0739427
200.242 25.1075 0.0730072
200.307 25.0058 0.0725077
200.03 25.1509 0.0746372
200.217 24.9707 0.0691075
200.065 24.9876 0.0767952
200.117 25.0935 0.0750039
200.247 25.1011 0.0760004
200.21 25.028 0.0724017
200.147 24.9999 0.0706471
200.193 24.973 0.0739168
200.217 25.1092 0.0721087
200.138 25.0781 0.0724222
200.249 25.0458 0.0703727
200.144 25.1054 0.0727834
200.315 25.1109 0.0736506
200.305 25.1161 0.0745291
200.235 25.0567 0.0707024
200.098 25.0115 0.0715712
200.053 24.9737 0.0770624
200.102 25.0847 0.0707724
200.125 25.0876 0.0726667
200.176 25.0393 0.0712368
200.208 25.0295 0.0757596
200.264 25.0398 0.0745664
200.066 25.1053 0.0728946
200.184 25.022 0.0734577
200.213 24.9838 0.0747847
200.125 25.0109 0.0749881
200.112 25.0184 0.0723354
200.209 25.1054 0.0729822
200.193 25.0747 0.0733024
200.105 25.1569 0.0786486
200.162 25.1143 0.0733337
200.176 25.0471 0.0735593
200.252 25.095 0.0718981
200.103 25.1315 0.0753735
200.156 25.0171 0.0744899
200.105 25.0472 0.0704731
200.147 25.1454 0.0749089
200.261 25.0699 0.0742801
200.191 25.0008 0.0738968
200.102 25.0942 0.0741747
200.132 25.1627 0.0731578
200.138 25.0222 0.0736443
200.179 25.1246 0.0731269
200.194 25.1378 0.0709806
200.191 25.0368 0.0770387
200.178 25.1704 0.0743508
200.207 24.9882 0.0724805
200.223 25.0172 0.0726989
200.275 25.0021 0.0716299
200.254 25.1477 0.072861
200.191 24.9084 0.0704817
200.337 25.1786 0.073388
200.11 25.0395 0.0730757
200.136 25.0358 0.0755092
200.319 25.0962 0.0726439
200.216 25.097 0.0740556
200.172 25.0271 0.070683
200.121 25.1655 0.0736962
200.192 25.0847 0.0741446
200.211 24.9561 0.071375
200.114 25.0204 0.0736316
200.211 25.1459 0.0782424
200.255 25.0949 0.070141
200.192 25.0796 0.0750973
200.231 25.0556 0.0725959
200.115 25.0266 0.0743104
200.317 25.0847 0.0742245
200.162 25.0104 0.0724019
200.206 25.0658 0.0732063
200.173 25.0168 0.0739534
200.318 25.0931 0.0734597
200.228 25.1584 0.0757204
200.178 25.1003 0.0770461
200.275 25.0233 0.0724954
200.178 25.0889 0.0719854
200.19 24.9734 0.0720179
200.211 25.1194 0.0735562
200.181 25.0318 0.0713014
200.155 25.0775 0.0728575
200.293 25.0504 0.0742105
200.215 25.0791 0.0755322
200.313 25.0282 0.0757291
200.236 25.024 0.0724989
200.244 25.0893 0.0727907
200.315 25.0059 0.072727
200.11 25.1341 0.0764132
200.145 25.0412 0.0744403
200.212 24.9084 0.071845
200.253 25.1646 0.0765042
200.204 25.0355 0.071418
200.245 25.0878 0.0735118
200.214 25.0002 0.0720649
200.244 24.9627 0.0712895
200.116 25.0323 0.0699366
200.18 25.1288 0.0777849
200.122 25.0371 0.0696666
200.214 25.0682 0.0690607
200.242 25.0395 0.0758104
200.3 25.0496 0.0738723
200.116 25.1289 0.0747061
200.151 25.1162 0.0728816
200.295 25.1464 0.0717269
200.142 25.1182 0.0765516
200.084 25.0842 0.074472
200.146 24.9961 0.07716
200.257 24.9917 0.0735657
200.224 25.0453 0.0722167
200.232 25.1188 0.070553
200.197 25.01 0.0740215
200.296 24.9803 0.0694435
200.14 25.241 0.0773206
200.065 25.2071 0.0744952
200.195 25.0577 0.0728737
200.166 25.1165 0.0735175
200.204 25.0171 0.0734137
200.213 25.1506 0.0744527
200.179 24.9837 0.0731993
200.035 25.0428 0.0756151
200.134 25.1042 0.0714504
200.256 25.0234 0.0741061
200.231 25.1094 0.0736494
200.217 25.1311 0.0749206
200.252 25.1376 0.0759431
200.387 25.128 0.0737628
200.25 25.0525 0.0731508
200.259 25.0697 0.0741001
200.233 25.1248 0.0750581
200.157 25.0231 0.0733661
200.096 25.093 0.0725844
200.21 25.0581 0.0722754
200.226 25.1406 0.0781063
200.248 25.0773 0.0728078
200.217 25.1104 0.0765426
200.088 25.2062 0.0733786
200.199 25.0702 0.0712235
200.325 25.0679 0.0751529
200.257 25.0533 0.0715939
200.216 25.0961 0.0762276
200.196 25.1407 0.0779342
200.242 25.1014 0.0764794
200.169 25.0683 0.0762125
200.129 25.1009 0.0750207
200.1 25.0808 0.0755137
200.161 25.1139 0.0739702
200.16 25.0649 0.0743701
200.175 24.9881 0.074136
200.096 25.0161 0.0753463
200.201 25.109 0.071897
200.178 25.0991 0.0744836
200.122 25.1799 0.07271
200.188 25.0234 0.0732936
200.26 25.0798 0.0724469
200.292 25.0411 0.0740719
200.194 24.9599 0.0701425
200.11 25.185 0.0777586
200.176 24.9458 0.0745897
200.291 25.0142 0.0730486
200.25 25.0297 0.0734333
200.139 25.1498 0.0737414
200.211 24.9304 0.0709564
200.159 24.9805 0.0743456
200.16 24.994 0.0733854
200.201 25.033 0.0726919
200.216 24.9021 0.0733331
200.119 25.0452 0.0724505
200.118 25.1778 0.0755857
200.131 25.0491 0.077217
200.249 24.9875 0.0740477
200.185 25.1002 0.0752124
200.287 25.1124 0.0694452
200.156 25.0856 0.0751795
200.116 25.0358 0.0742823
200.258 25.0514 0.0748478
200.092 25.0117 0.0736965
200.279 25.183 0.0728118
200.197 25.024 0.075639
200.231 25.0901 0.0749043
200.234 25.0705 0.0767445
200.095 24.9299 0.0741244
200.057 25.0128 0.0776872
200.181 25.1382 0.073227
200.232 25.1381 0.080451
200.218 25.1603 0.0766063
200.203 25.1635 0.0766568
200.177 25.1114 0.0735198
200.195 25.1215 0.0707257
200.153 25.0674 0.0727368
200.161 25.0645 0.0700556
200.295 25.0829 0.0730652
200.17 25.1248 0.0709318
200.212 25.1028 0.0736777
200.276 25.1687 0.0726654
200.163 25.1136 0.0737497
200.135 25.2217 0.0749381
200.196 24.9526 0.0730315
200.037 25.0214 0.0737069
200.173 25.0845 0.0735559
200.249 25.118 0.0723462
200.12 25.0894 0.0716176
200.315 25.1461 0.0737345
200.303 25.1681 0.0731777
200.147 25.1581 0.0718026
200.096 25.0484 0.0763137
200.26 25.0586 0.0722733
200.061 25.0608 0.0736817
200.157 25.169 0.0743384
200.185 25.1285 0.0719156
200.126 25.0638 0.0735567
200.261 24.9824 0.0713387
200.169 24.9951 0.071895
200.223 25.0793 0.0706698
200.197 25.0897 0.0743853
200.171 25.0626 0.0758611
200.164 25.0987 0.0729261
200.181 25.1506 0.0736703
200.153 25.0165 0.0700906
200.222 25.1294 0.0731904
200.144 24.9762 0.0731071
200.252 25.0044 0.0752641
200.145 25.1332 0.0740501
200.316 25.0431 0.0721495
200.205 25.0481 0.0716858
200.182 25.0523 0.0738017
200.136 25.0785 0.0739189
200.188 25.0116 0.0754833
200.162 25.0884 0.0739698
200.199 25.0421 0.0720164
200.239 24.9609 0.0727071
200.303 24.9612 0.0714672
200.285 25.0061 0.0743669
200.111 25.0645 0.0742226
200.31 25.0263 0.0729807
200.199 25.0415 0.0733762
200.29 25.1379 0.0726535
200.284 24.9646 0.0727238
200.061 25.147 0.0747176
200.21 24.8929 0.0715995
200.119 24.9973 0.0753388
200.147 25.0426 0.0731885
200.296 25.0592 0.0755258
200.115 25.0785 0.0733929
200.007 25.1594 0.0761047
200.084 25.1735 0.076735
200.166 25.0397 0.0720747
200.135 25.0873 0.0731857
200.293 25.1005 0.072917
200.115 25.121 0.0729419
200.264 25.1177 0.0729311
200.124 25.0763 0.0699243
200.236 25.1061 0.0727212
200.234 25.0295 0.0729013
200.184 25.1372 0.0763633
200.099 25.1718 0.0739915
200.197 25.0587 0.0731888
200.047 25.0732 0.0805512
200.123 25.1572 0.0754028
200.239 25.1493 0.0698327
200.133 24.9865 0.0757888
200.106 25.0634 0.0718184
200.241 25.0016 0.0698221
200.136 25.0627 0.0717
200.321 25.0803 0.0734891
200.186 25.0523 0.0751111
200.161 25.0509 0.0744117
200.189 25.0934 0.0736195
200.058 25.0385 0.0728739
200.259 25.0712 0.0724048
200.15 24.9894 0.0693782
200.137 25.1267 0.074563
200.212 25.1212 0.0762004
200.236 24.9486 0.0741809
200.188 25.0526 0.0733189
200.221 25.2343 0.0763959
200.114 24.9918 0.0721494
200.267 25.085 0.0733822
200.363 25.0747 0.0734856
200.118 25.1719 0.0768449
200.075 25.1741 0.0732553
200.255 25.0741 0.0744017
200.271 25.0944 0.0720526
200.217 25.1306 0.0759474
200.165 25.1402 0.0744857
200.214 25.0948 0.0735482
200.062 25.0078 0.0730977
200.251 25.1244 0.0717525
200.223 24.971 0.0752979
200.219 25.056 0.074945
200.195 25.0528 0.0743658
200.187 25.0817 0.0743074
200.17 25.1057 0.0745229
200.251 25.0875 0.0743928
200.128 25.0368 0.0745268
200.216 25.017 0.0751274
200.128 25.196 0.076619
200.223 25.0869 0.0761178
200.22 25.0208 0.0720129
200.053 25.1233 0.0760684
200.183 25.063 0.0759305
200.19 25.013 0.070595
200.212 25.0814 0.0731281
200.25 25.0418 0.0717169
200.195 25.1004 0.0750006
200.147 25.1258 0.0731835
200.219 25.0018 0.0720078
200.241 25.0086 0.0725472
200.1 25.1438 0.0738061
200.28 25.0365 0.0707406
200.086 25.0769 0.0750265
200.283 25.0327 0.0723062
200.236 25.0362 0.0741934
200.15 25.1174 0.0783313
200.153 25.0673 0.0756745
200.211 24.9874 0.073402
200.084 25.0305 0.0765774
200.108 25.1502 0.0758968
200.242 25.173 0.075636
200.26 25.0772 0.0725834
200.246 25.0374 0.0726268
200.254 25.0243 0.0748913
200.065 25.0603 0.0754105
200.242 24.9467 0.0716793
200.086 24.9522 0.0753684
200.242 25.0587 0.0740752
200.173 25.107 0.0753641
200.208 25.1031 0.0744225
200.252 25.0966 0.0745132
200.219 25.0644 0.0739371
200.219 25.0662 0.0705818
200.191 25.0622 0.0711677
200.097 25.0002 0.0745023
200.088 25.1867 0.0780156
198.13 27.4979 0.0869044
200.197 25.0943 0.0722488
200.169 24.9689 0.0733191
200.312 25.0896 0.0727787
200.198 25.0995 0.0738498
200.193 25.0658 0.0698472
200.181 25.158 0.0741962
200.135 25.1297 0.0757674
200.259 25.1059 0.0755422
200.096 25.0503 0.0736496
200.119 25.082 0.0715275
200.258 25.0874 0.0728225
200.25 25.0327 0.0730566
200.153 25.0546 0.0743115
200.125 24.9956 0.0704627
200.136 25.0913 0.0760145
200.23 25.0743 0.0703636
200.215 25.0848 0.0737713
200.2 25.0927 0.0725104
200.195 25.0321 0.0736399
200.249 25.0878 0.0736068
200.219 25.0446 0.0719126
200.214 25.0552 0.071059
200.142 25.0335 0.0748348
200.184 25.1868 0.0744792
200.092 25.1669 0.0741907
200.14 25.1023 0.0737669
200.228 24.9978 0.074323
200.243 25.0523 0.0720844
200.193 24.9602 0.0732985
200.214 25.1219 0.0723504
200.246 25.0639 0.0739793
200.26 25.0961 0.0704577
200.114 25.1038 0.0724081
200.396 25.0299 0.0708527
200.33 24.9811 0.0682991
200.175 25.0444 0.0739995
200.19 24.9917 0.0723093
200.031 25.0348 0.0755333
200.243 25.0368 0.0731053
200.205 25.1215 0.0726531
200.196 25.0225 0.0727005
200.123 25.0151 0.0699493
200.247 25.0493 0.075722
200.205 25.1492 0.0698698
200.232 25.051 0.0756007
200.272 25.0779 0.0711702
200.115 25.1314 0.0729227
200.184 25.0437 0.0716756
200.226 25.081 0.0733308
200.133 25.0075 0.0764855
200.252 24.9739 0.072046
200.209 24.9376 0.0715767
200.201 25.05 0.0743068
200.154 25.0122 0.0782059
200.315 25.0043 0.0723247
200.177 25.1603 0.0773768
200.18 25.0329 0.0715031
200.239 25.1218 0.0742854
200.281 25.1202 0.0735174
200.191 25.0783 0.0748758
200.126 25.0305 0.0738026
200.227 25.0091 0.0746343
200.129 25.0602 0.0771461
200.188 24.9946 0.0714758
200.179 25.0563 0.0717558
200.162 25.0404 0.0736289
200.194 25.0819 0.0729209
200.095 25.1101 0.0764301
200.178 25.0238 0.0732068
200.193 25.0687 0.0707979
200.271 25.0266 0.0756543
200.134 25.0359 0.0728622
200.13 25.0157 0.0685089
200.223 25.1016 0.0734749
200.138 25.0799 0.0746258
200.063 25.0037 0.0746895
200.128 25.0808 0.0783818
200.062 25.1013 0.0712051
200.226 24.9103 0.0716855
200.286 25.0021 0.0759475
200.092 25.2139 0.0772057
200.14 25.1612 0.0763182
200.065 25.0295 0.0734764
200.178 25.0178 0.0728658
200.144 25.09 0.0772615
200.307 25.0648 0.0750827
200.237 25.1129 0.072516
200.236 25.152 0.0720609
200.138 25.0991 0.0753701
200.219 25.0152 0.0734069
200.223 25.0708 0.0734875
200.147 25.1767 0.0746642
200.16 25.0509 0.0730152
200.211 24.9511 0.0751724
200.231 25.0463 0.070443
200.224 25.0423 0.0720748
200.206 25.041 0.0742792
200.171 25.0093 0.0779166
200.14 24.9948 0.0725554
200.107 25.1813 0.0739426
200.12 25.0957 0.0758479
200.167 25.0779 0.0732404
200.17 25.0641 0.0721963
200.195 25.1029 0.0769433
200.256 25.1111 0.0777968
200.194 25.1599 0.0777142
200.156 25.0401 0.0729021
200.245 25.1021 0.0722321
200.228 25.064 0.0727748
200.318 24.9773 0.0729701
200.322 24.9963 0.0691056
200.055 25.1306 0.0719451
200.182 25.1553 0.072386
200.242 24.9749 0.0709145
200.336 25.1172 0.0722653
200.291 25.1038 0.0721159
200.322 25.0595 0.0742078
200.158 25.0045 0.0699229
200.253 25.0265 0.0727979
200.232 25.0855 0.0718777
200.187 25.0165 0.076126
200.163 25.0335 0.0743757
200.183 25.078 0.0709498
200.109 24.9768 0.0743874
200.168 25.0402 0.0754368
200.257 25.0577 0.0729615
200.212 25.0823 0.070763
200.076 25.066 0.0734036
200.211 25.0462 0.0755129
200.168 24.9895 0.0720738
200.291 25.0317 0.0706578
200.187 25.0275 0.0698646
200.265 25.0726 0.0712168
200.101 25.0035 0.0742122
200.138 25.0168 0.0760812
200.163 25.0007 0.0760435
200.238 25.0951 0.0728232
200.082 25.1528 0.0755798
200.008 25.0972 0.0746419
200.166 24.9816 0.0766656
200.155 25.1821 0.0746556
200.123 25.0086 0.0705184
200.211 25.0064 0.0716794
200.141 24.9415 0.0703062
200.219 25.0258 0.0737704
200.156 25.1111 0.0741508
200.266 25.0592 0.070114
200.259 25.0476 0.0696558
200.225 25.0589 0.0740569
200.108 25.0127 0.0714341
200.232 25.1489 0.0720968
200.221 25.0598 0.0717068
200.264 25.0152 0.0732624
200.27 25.0095 0.0720828
200.279 25.0761 0.0737474
200.303 24.9784 0.0739358
200.263 25.0251 0.0761272
200.149 25.0806 0.074862
200.142 24.9761 0.0730166
200.145 25.045 0.0745635
200.203 25.0667 0.0715922
200.14 25.1118 0.0719017
200.117 25.1173 0.0781065
200.22 25.0472 0.0755369
200.259 25.1037 0.0747444
200.167 25.1154 0.0776957
200.27 25.0999 0.0726905
200.186 25.0863 0.0702029
200.222 25.1001 0.0720228
200.191 24.9815 0.076733
200.105 25.0589 0.0741109
200.147 25.077 0.0750609
200.206 25.0764 0.0745591
200.185 25.127 0.075203
200.122 25.0689 0.074799
200.15 25.0348 0.0693097
200.161 25.0589 0.0735707
200.141 25.1052 0.0701438
200.216 25.003 0.0733825
200.194 25.0633 0.0721795
200.212 25.0361 0.0724709
200.233 25.1029 0.072984
200.159 25.0495 0.0696379
200.168 25.0648 0.0732502
200.23 25.0063 0.0748838
200.215 25.0376 0.0740624
200.151 24.9976 0.0764274
200.088 25.0066 0.0778686
200.156 24.991 0.0736355
200.291 25.1246 0.0748729
200.118 25.0604 0.0730062
200.172 25.1742 0.0734783
200.216 25.1628 0.0746037
200.217 25.1898 0.0728077
200.249 24.9766 0.0686916
200.192 25.0848 0.0722777
200.155 25.0485 0.0755887
200.207 25.0807 0.0684941
200.173 25.0757 0.0711461
200.208 25.1533 0.0739452
200.173 25.1154 0.0738049
200.126 25.1499 0.0730354
200.134 25.0356 0.0720695
200.201 24.9791 0.0722108
200.127 25.1057 0.0727832
200.209 24.9883 0.0767995
200.184 24.9932 0.0739178
200.109 24.9697 0.0746072
200.18 25.0489 0.0705975
200.13 25.0418 0.0762247
200.173 25.0297 0.0708724
200.192 25.1392 0.0726032
200.093 25.1778 0.0788165
200.159 24.9247 0.069698
200.046 25.1295 0.0777926
200.292 24.9939 0.0729048
200.226 25.0397 0.071495
200.208 25.1843 0.0762052
200.278 25.0669 0.0722476
200.278 25.1271 0.0724989
200.141 25.05 0.0755074
200.127 25.0512 0.0755924
200.182 25.0921 0.0727144
200.289 25.1153 0.0744858
200.121 24.9887 0.0726001
200.117 25.1128 0.0730632
200.23 25.0534 0.0738938
200.146 25.052 0.0744605
200.196 25.0061 0.0712455
200.258 25.1222 0.0747289
200.142 25.2175 0.0754291
200.281 25.081 0.0730381
200.194 25.1476 0.0699584
200.185 25.0254 0.0728031
200.35 25.0364 0.0717798
200.348 25.0706 0.0697182
200.03 25.0654 0.072442
200.106 25.0798 0.0763151
200.178 25.0185 0.0682888
200.146 25.0609 0.074745
200.248 25.1014 0.0750878
200.206 25.0914 0.0728582
200.239 25.1419 0.0746573
200.102 25.0538 0.0735071
200.144 25.1638 0.0751367
200.047 25.0237 0.0739678
200.176 25.1554 0.0759172
200.177 25.2315 0.0752769
200.088 24.9421 0.0691898
200.037 25.0486 0.0750513
200.133 24.9781 0.0759572
200.187 25.0137 0.0726845
200.208 25.0177 0.0741833
200.263 25.0338 0.0748378
200.295 24.9996 0.075294
200.177 25.0191 0.0742507
200.222 25.1292 0.0734878
200.252 25.0958 0.0736195
200.086 25.138 0.0745201
200.182 24.9723 0.0738111
200.155 25.0464 0.0728735
200.208 25.0689 0.0729754
200.086 25.0767 0.0769495
200.288 25.0026 0.0729815
200.242 25.0649 0.0711128
200.275 25.0912 0.0713022
200.114 25.1137 0.0745496
200.12 25.2576 0.0771416
200.097 25.0185 0.0730895
200.177 25.0318 0.0745678
200.231 24.9822 0.0726083
200.141 25.2517 0.0757521
200.233 25.1626 0.0749246
200.157 24.9468 0.0736765
200.241 25.1101 0.0750146
200.116 25.1272 0.0775776
200.181 25.1109 0.0762565
200.175 25.0689 0.0722553
200.247 25.0507 0.0740526
200.226 25.0138 0.0759471
200.222 25.1108 0.0714638
200.196 25.0246 0.0742427
200.222 25.1052 0.0763695
200.137 25.078 0.0717774
200.151 25.1477 0.0736043
200.231 25.0939 0.074444
200.212 25.1133 0.0764871
200.266 25.1104 0.0729042
200.154 25.1556 0.0714907
200.191 25.0506 0.0729574
200.319 25.0474 0.0754519
200.147 24.9415 0.0722168
200.273 25.1093 0.0710161
200.218 25.0645 0.0731996
200.054 25.0928 0.0743307
200.2 25.0492 0.0765018
200.174 24.8869 0.0723172
200.229 24.9969 0.070921
200.218 25.1625 0.0753413
200.15 25.1527 0.0744144
200.165 25.059 0.0711706
200.292 25.054 0.072785
200.125 25.0376 0.0729552
200.067 25.1945 0.0759591
200.234 24.9877 0.0727037
200.227 25.0111 0.0705276
200.123 25.0407 0.076228
200.156 25.1148 0.0723754
200.268 25.0103 0.073613
200.238 25.1044 0.0701176
200.12 25.0409 0.0704613
200.095 25.099 0.0708951
200.259 25.1852 0.0738081
200.113 25.1059 0.0738912
200.154 25.0324 0.0729309
200.135 25.062 0.0734685
200.146 24.9473 0.0725138
200.057 25.045 0.0736867
200.084 25.0368 0.0746549
200.178 25.1388 0.0744301
200.207 25.1661 0.0720572
200.322 25.0716 0.0718687
200.32 25.0605 0.0695273
200.269 25.133 0.0711703
200.115 25.0588 0.0729212
200.225 25.021 0.0738955
200.314 24.9415 0.0717121
200.144 25.0834 0.0741903
200.196 25.1039 0.0713868
200.245 25.0497 0.0743391
199.973 25.2131 0.0774636
200.2 25.0372 0.0721331
200.107 25.0759 0.0737798
200.173 25.1764 0.0767074
200.104 25.0739 0.0743983
200.16 25.079 0.0779215
200.181 25.0606 0.0747493
200.155 25.2296 0.0747801
200.207 25.1491 0.0744285
200.257 24.9811 0.0751154
200.237 25.0082 0.0740922
200.345 25.0717 0.073944
200.255 25.1063 0.0757276
200.22 25.1079 0.0747968
200.184 25.0765 0.0702202
200.231 25.1695 0.0725487
200.063 25.1379 0.0782608
200.1 25.0461 0.0739277
200.277 25.0597 0.0730841
200.207 25.1406 0.0746555
200.103 25.1049 0.0738509
200.257 24.9907 0.0713075
200.272 25.015 0.0723889
200.206 25.059 0.0742048
200.173 25.2324 0.0760325
200.166 25.0315 0.0798016
200.186 25.0137 0.0727292
200.172 25.0835 0.0732196
200.298 24.9533 0.068601
200.192 25.0894 0.0754097
200.215 25.0862 0.0749421
200.232 25.0065 0.0717812
200.173 25.1719 0.0717865
200.214 25.0816 0.0742408
200.206 25.0054 0.0744363
200.248 24.9909 0.0697609
200.299 24.9815 0.0697727
200.131 25.0511 0.0715231
200.25 25.0501 0.0728677
200.181 25.127 0.0746346
200.24 25.0386 0.0729046
200.288 25.0684 0.0777495
200.114 25.0788 0.071823
200.146 25.1167 0.0706187
200.085 24.9583 0.0758918
200.182 24.9813 0.0734191
200.252 25.2096 0.0742923
200.221 25.2252 0.0749177
200.189 25.0678 0.075541
200.255 25.1204 0.0716897
200.263 25.0922 0.0733964
200.174 25.01 0.0745842
200.217 25.11 0.0742743
200.101 25.058 0.077159
200.173 25.0908 0.0731439
200.266 25.0214 0.0737049
200.171 24.974 0.0718683
200.154 25.0284 0.0790248
200.206 25.0277 0.0711527
200.112 25.0945 0.0730338
200.149 25.15 0.0726454
200.022 24.9861 0.0710637
200.164 24.9857 0.0745218
200.167 25.1014 0.0763229
200.213 25.0459 0.0720315
200.122 25.1266 0.079638
200.109 25.0309 0.073844
200.162 25.0565 0.070417
200.115 25.0517 0.0727556
200.216 25.1013 0.0728299
200.259 25.0538 0.0735316
200.223 25.0622 0.070977
200.136 25.0787 0.0743198
200.284 24.9246 0.0707452
200.148 25.0524 0.0720426
200.156 25.0486 0.0708446
200.204 25.0557 0.0736851
200.269 25.0283 0.0748212
200.193 25.0342 0.076451
200.254 24.9393 0.0703305
200.141 25.1302 0.0757592
200.214 25.0764 0.0761719
200.159 25.0553 0.0727035
200.229 25.0144 0.0713959
200.173 25.0606 0.0737767
200.31 25.0365 0.072769
200.235 25.0659 0.0757777
200.216 25.0139 0.0738174
200.216 25.1021 0.0708124
200.245 25.1002 0.0740612
200.115 25.0917 0.076146
200.069 25.1011 0.0737699
200.119 25.0313 0.0751294
200.105 25.1462 0.0752422
200.092 25.0981 0.0716221
200.079 25.0077 0.0746886
200.213 25.0543 0.0752673
200.133 25.0302 0.0750206
200.247 25.0561 0.072299
200.088 25.1031 0.0750183
200.141 25.041 0.0706065
200.185 25.0045 0.0713034
200.153 25.0341 0.0760858
200.262 25.0768 0.0739818
200.247 25.0907 0.0734876
200.216 25.0361 0.0729005
200.249 25.0074 0.0770487
200.227 25.0033 0.0789261
200.073 25.085 0.0751459
200.188 25.0764 0.0737148
200.19 24.9674 0.0740301
200.195 25.0167 0.0714671
200.268 25.0671 0.0737569
200.241 25.0247 0.0732219
200.246 25.0379 0.0730556
200.034 24.9956 0.0758019
200.168 25.1489 0.0736475
200.151 25.1287 0.0742268
200.208 25.2132 0.0736737
200.288 25.0518 0.0728801
200.193 25.0256 0.074314
200.288 25.0261 0.0711642
200.236 25.096 0.0743716
200.172 25.0484 0.0746765
200.168 25.0328 0.0707108
200.153 25.1058 0.0741684
200.246 25.0386 0.0748347
200.075 25.0784 0.0732114
200.2 25.0137 0.0728559
200.252 25.1385 0.0716417
200.332 25.1871 0.0735008
200.322 25.0567 0.0760435
200.073 24.9495 0.0691675
200.255 25.0744 0.0720942
200.163 25.0066 0.0745892
200.144 25.0197 0.07473
200.254 25.2217 0.0726375
200.213 25.0047 0.0774888
200.212 25.0706 0.0764454
200.249 25.0647 0.0736171
200.208 25.0347 0.0743048
200.255 25.0158 0.0725545
200.12 25.0612 0.0770262
200.195 25.0347 0.0735718
200.23 25.083 0.0707996
200.16 25.0628 0.0760454
200.274 25.0151 0.0727747
200.319 25.0012 0.0732492
200.229 25.0221 0.0742992
200.203 25.0973 0.0768993
200.104 25.0696 0.0747302
200.259 25.07 0.0724194
200.089 25.0147 0.0721626
200.082 25.0223 0.0707037
200.197 24.9919 0.0750527
200.097 24.986 0.0732348
200.199 25.0768 0.0736444
200.174 25.1136 0.0742083
200.132 25.0756 0.0707002
200.122 25.0388 0.0707939
200.179 25.0594 0.0741415
200.134 25.0123 0.0731194
200.18 25.0599 0.0728387
200.188 25.0905 0.0706305
200.15 25.1676 0.0737336
200.201 25.0432 0.0756173
200.238 24.917 0.0705648
200.155 25.124 0.0728291
200.152 25.0256 0.0756603
200.309 26.8158 0.076161
200.147 25.1383 0.0744915
200.125 25.0619 0.0736621
200.136 25.0522 0.0709438
200.195 25.0771 0.0733753
200.197 25.0349 0.0759368
200.231 25.1015 0.0757435
200.241 25.074 0.0767462
200.119 25.0481 0.0746017
200.212 25.0466 0.0747281
200.078 25.1215 0.0760908
200.075 25.0532 0.0743864
200.187 25.1938 0.0732528
200.187 25.1615 0.0734674
200.046 25.044 0.0776698
200.096 25.221 0.0752858
200.289 24.9293 0.071739
200.214 24.9995 0.0698371
200.202 25.1067 0.0770411
200.106 25.0416 0.0767738
200.153 25.1123 0.0771713
200.174 25.0371 0.0735029
200.12 25.1191 0.0730697
200.185 25.0732 0.0745839
200.106 25.1752 0.0747971
200.307 25.0351 0.0726839
200.225 25.0812 0.0724575
200.178 25.0397 0.0780281
200.1 24.9845 0.0702753
200.151 25.1083 0.0714102
200.056 25.0419 0.0724367
200.198 24.9378 0.070418
200.212 24.9895 0.0740329
200.19 25.1724 0.0721883
200.149 25.0323 0.0751209
200.118 25.172 0.0768431
200.114 25.0435 0.0735482
200.145 25.0068 0.0739679
200.178 24.9944 0.0757544
200.256 25.084 0.0734092
200.206 24.9594 0.0685036
200.222 25.0362 0.0733104
200.189 25.0407 0.0734178
200.194 25.0591 0.0734628
200.123 24.9952 0.0732563
200.134 25.0939 0.0706061
200.262 25.0323 0.0705194
200.22 25.0039 0.0692555
200.217 25.1099 0.0719955
200.187 25.1177 0.0733092
200.125 25.089 0.0703108
200.248 25.0147 0.0730014
200.193 25.0768 0.0731493
200.113 25.0355 0.0737626
200.226 25.0479 0.0710113
200.155 25.1048 0.0767659
200.106 25.0816 0.0758624
200.107 25.0585 0.0742319
200.193 24.9927 0.0737288
200.208 24.9568 0.0735022
200.174 25.1057 0.0727549
200.173 25.0274 0.0756244
200.205 25.1319 0.0761584
200.305 24.9529 0.0714512
200.132 24.9819 0.0765679
200.12 25.1126 0.0732256
200.113 25.0363 0.0745933
200.23 25.0546 0.0723737
200.236 24.978 0.0748396
200.21 25.0173 0.0729532
200.202 25.015 0.0770559
200.136 24.94 0.0703475
200.148 25.0532 0.0736846
200.181 24.9978 0.0730077
200.112 25.1267 0.0754012
200.11 25.1026 0.0758524
200.145 25.1546 0.0748197
200.127 25.1593 0.0774278
200.186 25.0992 0.072887
200.234 25.0663 0.0737739
200.123 25.0161 0.0718928
200.075 25.0753 0.0739539
200.15 25.0224 0.0739964
200.119 25.1037 0.0710699
200.143 25.0992 0.0721658
200.168 25.205 0.0759931
200.155 24.9399 0.0701802
200.093 25.1286 0.0718808
200.159 25.136 0.0740372
200.178 24.9783 0.0745447
200.137 25.0406 0.0708377
200.143 25.0126 0.0751362
200.202 25.0301 0.077241
200.123 25.0429 0.0761952
200.195 25.0253 0.0744747
200.28 25.0318 0.0754393
200.246 25.0635 0.0723569
200.281 25.1304 0.0768737
200.219 25.1655 0.0772157
200.239 24.9733 0.0752044
200.176 25.0767 0.0744241
200.182 24.9952 0.0742036
200.256 24.9174 0.0733031
200.269 24.9666 0.071078
200.157 25.0964 0.0739178
200.194 25.0281 0.0756212
200.29 24.9057 0.0726208
200.187 25.0332 0.0720374
200.162 25.0744 0.0751437
200.184 25.0639 0.0734827
200.159 24.9775 0.0746991
200.164 25.0476 0.0714298
200.233 24.9873 0.0697808
200.218 25.0944 0.0730979
200.178 25.1774 0.0750115
200.194 24.9981 0.068041
200.152 25.0341 0.0721303
200.118 25.0836 0.0733805
200.235 24.9863 0.0726646
200.161 25.1324 0.0726042
200.232 24.99 0.0717555
200.019 25.1752 0.0759332
200.092 25.1674 0.0737297
200.173 25.0977 0.0714013
200.224 25.1725 0.0721322
200.21 25.0675 0.0750453
200.211 25.0533 0.0731725
200.153 24.9855 0.071961
200.15 25.0905 0.0769572
200.097 25.0992 0.0757283
200.17 25.082 0.0755564
200.212 24.9974 0.0710389
200.106 25.1699 0.0738808
200.158 25.1062 0.0780409
200.137 25.0457 0.0738568
200.196 25.0408 0.0734093
200.148 24.9735 0.0739626
200.2 25.1499 0.0761475
200.184 24.944 0.0723099
200.258 24.9939 0.0733841
200.159 25.0416 0.071562
200.1 25.1321 0.0741503
200.137 25.1191 0.0755686
200.18 25.1129 0.0711508
200.202 24.9617 0.0754951
200.202 25.025 0.0722256
200.131 25.0604 0.0708208
200.138 25.034 0.0692864
200.075 25.0923 0.075929
200.197 25.014 0.0764269
200.214 25.0067 0.0752956
200.234 25.0336 0.0744555
200.367 24.9703 0.0719606
200.259 25.0397 0.0731192
200.121 25.0493 0.0743782
200.245 24.9559 0.069467
200.226 24.9994 0.0754784
200.195 25.1722 0.0751766
200.162 24.9906 0.0766659
200.133 25.0259 0.0742503
200.11 25.0466 0.0750816
200.21 24.9349 0.075638
200.088 25.0545 0.0763253
200.172 25.1167 0.073279
200.196 25.175 0.0745518
200.132 25.0942 0.0735507
200.175 25.0315 0.0745506
200.197 25.0642 0.0673599
200.193 25.0844 0.0735845
200.106 25.1397 0.075896
200.209 25.0722 0.0703756
200.222 25.0179 0.0702114
200.119 25.1471 0.0751636
200.196 25.0379 0.0729712
200.172 24.9833 0.075856
200.198 25.0248 0.0751906
200.19 25.041 0.0699523
200.141 25.0332 0.0730995
200.256 24.982 0.0730148
200.187 25.0293 0.072494
200.085 25.0736 0.0768197
200.074 25.0924 0.0754496
200.189 25.0859 0.0732022
200.199 25.0767 0.07389
200.161 25.0782 0.0750799
200.168 25.1561 0.0746983
200.114 25.0778 0.0724902
200.193 25.0743 0.0747902
200.13 25.0403 0.0714755
200.177 25.0477 0.0745901
200.224 24.9612 0.0725039
200.136 25.1942 0.069637
200.115 25.0678 0.0735494
200.207 25.0788 0.079808
200.255 25.0025 0.0704279
200.315 24.8891 0.0681483
200.304 24.9583 0.0694295
200.232 24.9657 0.0758268
200.183 25.1076 0.0712132
200.145 25.0943 0.0746362
200.113 25.0987 0.0735202
200.237 25.0445 0.0656928
200.225 25.1101 0.0748579
200.203 25.0347 0.0724695
200.146 25.132 0.0773251
200.165 25.0349 0.0707031
200.189 25.0065 0.0745384
200.188 25.1278 0.0716149
200.011 25.1266 0.0773339
200.108 25.174 0.0733354
200.181 25.1082 0.070581
200.168 25.2128 0.0741513
200.194 25.0805 0.0739806
200.229 25.0832 0.073132
200.31 25.1088 0.0756621
200.264 25.0001 0.06726
200.238 25.0076 0.0676898
200.265 24.9897 0.0670754
200.289 25.0138 0.0682921
200.031 24.9943 0.0752541
200.196 24.998 0.0719043
200.12 25.0791 0.0766447
200.168 25.125 0.0731276
200.221 25.0831 0.0724823
200.098 25.1348 0.0740455
200.143 25.0949 0.0770323
200.171 25.0653 0.0727018
200.15 25.1238 0.0737107
200.073 25.1198 0.0743519
200.224 24.9743 0.0744294
200.216 25.0438 0.0707307
200.149 25.095 0.0742458
200.188 24.9497 0.0756037
200.218 25.0294 0.0763264
200.119 25.1069 0.0729247
200.169 25.0854 0.0724424
200.084 25.0071 0.0716785
200.177 25.073 0.0715548
200.273 24.9901 0.0750207
200.087 25.106 0.0738475
200.228 25.0316 0.0714913
200.258 24.9771 0.0688086
200.177 25.0801 0.0756304
200.247 25.1839 0.0752344
200.156 25.0304 0.0785044
200.225 25.0799 0.076577
200.117 25.2027 0.0785409
200.099 25.0346 0.0718693
200.088 25.1174 0.0733697
200.156 25.0353 0.0771759
200.136 25.1369 0.0729454
200.132 25.1744 0.0751424
200.134 25.087 0.0702707
200.246 25.0368 0.0748697
200.179 25.0565 0.0710891
200.061 25.1375 0.0758904
200.139 25.1657 0.0731292
200.212 24.9404 0.0726087
200.148 25.0004 0.070613
200.153 24.9998 0.0710821
200.152 24.9936 0.069113
200.157 24.9541 0.070498
200.099 25.1444 0.0729011
200.112 24.9499 0.0735709
200.275 25.0352 0.0732354
200.302 24.9499 0.0707369
200.181 25.1272 0.0774972
200.117 25.1011 0.0751898
200.106 25.0208 0.0728431
200.172 25.1052 0.0743664
200.28 25.1818 0.0757019
200.105 25.1088 0.0747676
200.277 25.0257 0.0769279
200.164 25.1139 0.0750097
200.082 25.0138 0.0727575
200.196 25.1272 0.0748384
200.225 25.1422 0.0787759
200.19 25.0191 0.0760012
200.212 25.0712 0.0770691
200.236 24.921 0.0710191
200.13 25.1779 0.0765715
200.25 25.091 0.0724135
200.141 25.1261 0.0733377
200.098 25.0838 0.0733242
200.096 25.0468 0.0759177
200.232 24.9804 0.0705914
200.25 25.0443 0.0696333
200.177 25.1571 0.0744876
200.178 24.9979 0.0743349
200.197 25.0362 0.0716921
200.218 25.0315 0.0709252
200.238 24.9921 0.0758633
200.206 25.0124 0.0722921
200.149 25.0224 0.0749454
200.122 25.0373 0.0752408
200.196 25.0301 0.0769869
200.171 25.0218 0.0729729
200.223 24.9737 0.069891
200.306 25.1327 0.0753326
200.199 25.1032 0.0767506
200.129 25.1223 0.0748095
200.237 24.9505 0.0688252
200.154 25.0407 0.074878
200.141 25.0466 0.0763841
200.223 25.0391 0.0748677
200.169 25.0041 0.0710083
200.172 25.0869 0.0762518
200.185 25.1506 0.0739249
200.259 25.0447 0.0712786
200.167 25.0881 0.0732404
200.195 24.9099 0.0719466
200.138 25.1419 0.0739334
200.243 25.0681 0.0719338
200.241 25.0313 0.0722935
200.146 25.1038 0.0761916
200.198 24.9135 0.0742241
200.165 25.1547 0.0795794
200.178 24.9594 0.0739371
200.082 24.921 0.069008
200.166 24.987 0.0736534
200.051 25.0993 0.0717349
200.308 24.9823 0.0719371
200.294 25.0151 0.0764217
200.148 25.0698 0.0739362
200.21 25.1495 0.0749106
200.091 25.0243 0.0729079
200.081 25.1172 0.0762307
200.203 24.9765 0.0691221
200.222 25.0831 0.0760155
200.254 25.0644 0.0730501
200.15 25.024 0.0742913
200.088 25.0259 0.0758381
200.134 25.0901 0.0769806
200.184 25.0787 0.0755127
200.124 25.2524 0.0740199
200.125 25.0411 0.0703961
200.256 25.0474 0.0771551
200.117 25.0279 0.0746952
200.141 24.997 0.0706443
200.096 25.092 0.0747229
200.201 25.1019 0.0730635
200.224 25.0769 0.0746961
200.165 24.995 0.0652572
200.221 25.0802 0.0673905
200.097 25.1225 0.0740513
200.21 24.9855 0.0732073
200.098 24.9833 0.0758719
200.169 25.1812 0.0735777
200.142 25.2475 0.0737131
200.184 24.951 0.0738668
200.149 25.0692 0.076108
200.116 25.0513 0.073263
200.238 25.0653 0.0711478
200.252 24.9352 0.0711233
200.125 25.1341 0.0753577
200.142 25.0642 0.0720388
200.238 25.1408 0.0727821
200.172 25.0675 0.0730951
200.21 25.0665 0.0727374
200.31 25.1401 0.0761535
200.289 25.0025 0.0770062
200.15 25.0644 0.073534
200.171 25.0863 0.0726066
200.221 25.0068 0.07588
200.116 25.0781 0.0744475
200.089 25.0932 0.0738844
200.262 24.9247 0.0706986
200.207 25.0176 0.0724866
200.182 25.0121 0.0766726
200.129 24.9651 0.0716907
200.098 25.1266 0.0749292
200.138 25.1597 0.0739322
200.232 25.0097 0.0750211
200.231 25.1403 0.0715731
200.226 25.0897 0.0763654
200.113 24.9854 0.073881
200.132 25.0509 0.0751821
200.139 25.0331 0.076088
200.22 25.0037 0.0758881
200.199 25.1295 0.0755222
200.179 25.0319 0.0717721
200.219 25.0599 0.0755238
200.122 25.1405 0.0748405
200.138 25.0692 0.0711829
200.198 25.0579 0.0753966
200.153 25.0639 0.0748945
200.149 24.9684 0.0730027
200.216 25.0689 0.069805
200.133 25.1125 0.0748138
200.158 25.0698 0.0728898
200.188 25.0527 0.0730116
200.232 25.0011 0.0748532
200.295 25.1025 0.076274
200.318 25.1251 0.0774258
200.13 25.1203 0.076061
200.228 24.9152 0.0685113
200.254 24.9589 0.0700811
200.169 25.1444 0.0762185
200.135 25.0653 0.07555
200.223 25.0097 0.0724997
200.107 25.1216 0.074084
200.165 25.0755 0.0740531
200.127 25.1473 0.0729773
200.206 24.9862 0.0706867
200.207 25.0442 0.0752656
200.186 25.0147 0.0732243
200.199 25.0268 0.0717523
200.216 25.0132 0.0712937
200.02 25.0467 0.0697644
200.246 25.0149 0.0759182
200.074 25.0929 0.0772067
200.188 25.1732 0.0731271
200.166 25.0634 0.0724728
200.172 25.0199 0.071373
200.234 25.0039 0.0766613
200.244 24.9973 0.0734434
200.179 25.0881 0.073191
200.127 25.1223 0.0747094
200.147 25.0263 0.0719908
200.291 25.0798 0.0707666
200.09 25.0611 0.0738982
200.172 25.1177 0.0739769
200.237 25.1367 0.0758873
200.174 25.0632 0.0777628
200.198 24.9958 0.0774059
200.201 25.1805 0.0733071
200.241 24.9543 0.0727968
200.069 25.0571 0.0739194
200.213 25.0381 0.0767908
200.05 25.0604 0.0758047
200.099 25.0173 0.0743371
200.213 24.9729 0.0708011
200.2 24.9547 0.0717136
200.198 25.0475 0.0750252
200.18 25.0588 0.0765083
200.066 25.1155 0.0756037
200.099 24.9773 0.0708152
200.204 24.9848 0.071758
200.242 24.9932 0.0716026
200.066 25.193 0.0773104
200.161 25.0479 0.0713601
200.28 24.9483 0.0709312
200.158 25.1376 0.0767721
200.108 25.0297 0.0744382
200.237 25.0654 0.073992
200.129 25.0441 0.0765346
200.181 25.0603 0.0738187
200.114 24.9803 0.0703378
200.195 24.9996 0.0747683
200.247 25.0434 0.0756354
200.186 25.0759 0.0748224
200.235 25.1846 0.0700342
200.262 24.956 0.0739658
200.131 25.0743 0.0674782
200.193 25.0395 0.0691493
200.223 24.9922 0.0735732
200.196 24.9953 0.0764728
200.07 25.1839 0.0752978
200.123 25.0276 0.0775039
200.081 25.1096 0.0813151
200.196 25.0981 0.0733789
200.118 25.138 0.0757724
200.158 24.9406 0.0696896
200.099 24.9551 0.0741075
200.276 25.0216 0.0703274
200.15 25.0238 0.0703289
200.235 25.1209 0.0741125
200.173 25.0536 0.0766757
200.218 25.0474 0.0735863
200.243 24.9848 0.0745462
200.232 25.1277 0.0720665
200.13 25.0595 0.073312
200.182 25.0684 0.0695568
200.228 24.9919 0.0739642
200.209 25.2008 0.0706494
200.217 25.0448 0.0716923
200.159 25.0425 0.0742808
200.072 25.0868 0.070205
200.241 25.1297 0.0756433
200.184 24.9823 0.0697624
200.145 25.1344 0.0733089
200.162 25.1563 0.0738966
200.224 24.9549 0.0733716
200.164 25.158 0.0762561
200.078 25.0894 0.0782468
200.233 25.0236 0.0726258
200.128 24.9653 0.0758946
200.181 25.0168 0.0727828
200.271 25.0867 0.0710934
200.134 25.1359 0.0727041
200.164 25.0636 0.0720265
200.163 25.0936 0.0700401
200.174 25.0151 0.0759954
200.148 25.2018 0.0743768
200.086 25.0185 0.0776313
200.194 25.0625 0.0761821
200.241 25.051 0.0722824
200.071 25.0184 0.077006
200.217 24.9603 0.0727384
200.078 25.0131 0.0754736
197.779 30.6672 0.0891592
200.279 25.0443 0.0730248
200.245 25.0549 0.073475
200.173 25.0384 0.073497
200.167 25.0315 0.075796
200.074 25.0391 0.0733574
200.138 24.9851 0.0725812
200.178 25.0378 0.0741657
200.101 25.108 0.0736738
200.21 25.0371 0.0732028
200.18 25.0611 0.0758493
200.089 25.0813 0.0744944
200.192 24.9967 0.0786911
200.213 25.0822 0.0704743
200.184 25.12 0.0721355
200.152 25.1019 0.0766143
200.135 25.2249 0.0732143
200.208 24.9915 0.0756071
200.156 25.0326 0.0738102
200.256 25.0234 0.0740232
200.327 25.0563 0.0725962
200.138 25.039 0.074098
200.236 25.0601 0.0756409
200.17 25.0521 0.0724503
200.256 25.0721 0.0725946
200.209 25.08 0.0716819
200.188 25.0867 0.0738607
200.23 25.0578 0.0726454
200.208 25.0565 0.0744619
200.178 25.0255 0.071626
200.182 25.0843 0.0756279
200.154 25.0876 0.076342
200.032 25.1625 0.0722299
200.152 25.0146 0.075273
200.218 25.1299 0.0764533
200.194 24.9679 0.0768469
200.246 25.131 0.0744499
200.117 25.0429 0.0751854
200.15 25.13 0.0722292
200.167 25.0232 0.0799147
200.206 25.0391 0.0724559
200.152 25.143 0.0732656
200.169 25.0291 0.0739022
200.205 25.0042 0.0721654
200.119 25.0105 0.078219
200.182 25.1207 0.0748824
200.22 24.9672 0.0710928
200.292 25.1107 0.0736129
200.238 25.1417 0.0720244
200.209 25.0684 0.0733409
200.158 25.0603 0.0748171
200.142 25.0821 0.075234
200.182 25.0503 0.0761348
200.247 25.1158 0.0739644
200.161 24.9862 0.07357
200.194 25.0711 0.0765429
200.221 25.1229 0.0694247
200.326 25.0416 0.0784493
200.176 25.0725 0.0752981
200.118 25.1174 0.0772651
200.176 25.082 0.0756599
200.148 25.0628 0.0750354
200.183 25.1029 0.0742307
200.147 25.0194 0.0734504
200.245 25.0496 0.070083
200.18 25.0544 0.0742986
200.158 25.1196 0.0722653
200.159 25.0729 0.0712692
200.13 25.0491 0.0722735
200.154 25.0723 0.0742205
200.152 25.1002 0.0740766
200.041 25.1784 0.0778236
200.119 25.0579 0.077928
200.217 25.0956 0.0715913
200.15 24.9472 0.0761549
200.202 25.1248 0.076721
200.232 25.108 0.0750953
200.231 24.9511 0.0735533
200.157 25.0395 0.0752134
200.054 25.0051 0.0749128
200.114 25.0658 0.0774298
200.198 25.1114 0.0722747
200.162 25.0764 0.073556
200.153 25.1351 0.076087
200.142 25.1334 0.0740187
200.005 25.0523 0.0723224
200.202 25.0521 0.0724581
200.197 25.117 0.0745965
200.217 25.1191 0.0727198
200.175 25.0309 0.0745833
200.165 25.0457 0.0726323
200.218 25.0592 0.0736696
200.114 25.1346 0.0752763
200.127 24.9231 0.0713593
200.095 25.0984 0.0768411
200.252 25.0902 0.0767295
200.205 25.1156 0.0740716
200.241 25.1008 0.0741572
200.144 25.0118 0.0779174
200.221 25.1146 0.074776
200.143 25.0489 0.0739458
200.11 25.0019 0.0748018
200.129 25.1438 0.0742645
200.192 24.9878 0.0726019
200.193 25.0885 0.0765337
200.218 25.0652 0.078601
200.141 24.9804 0.0731188
200.118 25.0083 0.0726893
200.188 25.0076 0.074149
200.11 25.0029 0.0760585
200.168 25.1401 0.0747904
200.221 25.064 0.0748725
200.213 25.0691 0.0746251
200.208 25.0349 0.0743401
200.13 25.0568 0.0761913
200.102 25.1145 0.0717744
200.235 25.0879 0.0721983
200.165 25.1843 0.0728047
200.208 25.1041 0.0751367
200.197 25.0592 0.0767606
200.061 25.0013 0.0752267
200.085 25.0044 0.0752488
200.178 25.0239 0.0747674
200.17 25.1167 0.0745795
200.168 25.1402 0.0741715
200.163 24.9972 0.0752126
200.211 25.0168 0.0690261
200.099 25.1323 0.0758466
200.181 25.0722 0.0721181
200.175 25.0515 0.0761553
200.249 25.0342 0.0719415
200.258 24.999 0.0696763
200.228 25.1015 0.0730138
200.2 25.1214 0.0757995
200.27 25.0873 0.0733129
200.13 25.1175 0.0743347
200.132 25.1032 0.0717703
200.049 25.0278 0.0756329
200.163 25.1412 0.0786046
200.27 24.9556 0.0726424
200.205 24.9768 0.0711877
200.078 25.0115 0.0724707
200.192 25.1185 0.0738471
200.285 24.957 0.0743629
200.091 25.1301 0.0737026
200.235 24.9874 0.0703568
200.153 25.1517 0.073449
200.206 25.0779 0.0756775
200.165 24.9636 0.0732011
200.199 24.9823 0.0748759
200.219 24.9987 0.0662503
200.19 25.1406 0.0756468
200.184 25.1166 0.0720548
200.173 25.0505 0.0760606
200.156 25.0703 0.0719811
200.058 24.9514 0.0704661
200.154 24.9924 0.0728097
200.117 25.0436 0.073339
200.19 24.9003 0.0708827
200.052 25.005 0.0715106
200.098 24.9877 0.0736426
200.185 25.1607 0.0737981
200.16 24.9928 0.0729336
200.151 24.9835 0.0760132
200.192 24.9528 0.0732602
200.147 25.0465 0.0752092
200.1 25.0533 0.0734262
200.139 25.106 0.0783216
200.168 25.086 0.0759676
200.098 24.969 0.0699819
200.159 25.1278 0.0699251
200.202 25.0471 0.0747859
200.249 25.081 0.0754918
200.152 25.1414 0.0748986
200.187 25.0038 0.0711107
200.127 25.1194 0.075186
200.262 25.099 0.0757236
200.087 25.1654 0.0707061
200.107 25.0997 0.0724845
200.195 25.0564 0.0755126
200.136 25.0766 0.075041
200.049 25.1564 0.076612
200.107 25.147 0.077228
200.211 25.1181 0.0721062
200.205 25.1067 0.0734483
200.15 25.0518 0.0710751
200.203 25.0871 0.0733237
200.219 25.1183 0.0718203
200.287 25.0616 0.0732215
200.171 25.1382 0.0760067
200.166 25.1759 0.0741674
200.129 24.9919 0.0715732
200.278 24.98 0.0755583
200.13 25.0932 0.0700638
200.247 25.075 0.0737773
200.237 25.1456 0.0737288
200.128 25.0695 0.0737906
200.208 25.082 0.074909
200.194 25.0483 0.0778384
200.178 25.0688 0.0767194
200.192 25.0868 0.0725423
200.213 25.0371 0.0721607
200.199 25.0897 0.0747997
200.205 25.1041 0.0751766
200.107 25.0625 0.0768453
200.159 25.1067 0.072755
200.22 25.05 0.0710816
200.044 25.0722 0.0732868
200.062 25.0529 0.0759063
200.2 25.033 0.0728695
200.183 25.0755 0.0714923
200.198 25.0173 0.0714796
200.114 25.1095 0.072484
200.243 25.0399 0.0722993
200.178 24.9931 0.0741479
200.114 25.0723 0.0751413
200.185 25.0639 0.0726256
200.235 25.0796 0.0748846
200.276 25.0149 0.0726959
200.141 25.0369 0.0720917
200.072 25.021 0.0760999
200.153 25.0759 0.0758551
200.176 25.1001 0.073272
200.178 25.1157 0.0710155
200.183 25.0647 0.0749122
200.176 25.0506 0.0733403
200.088 25.0967 0.0719096
200.177 25.05 0.0772378
200.302 25.0769 0.0711812
200.186 25.0067 0.0765421
200.15 25.0432 0.0758381
200.148 25.0206 0.0741694
200.226 25.0859 0.0754622
200.178 25.0181 0.0761941
200.213 25.061 0.073449
200.237 25.0156 0.0732644
200.144 25.06 0.0757968
200.139 25.0822 0.0749728
200.232 25.056 0.0762388
200.163 25.0056 0.0747508
200.094 25.0424 0.0730565
200.18 25.0243 0.0742067
200.115 25.0429 0.0768648
200.175 24.9872 0.0767289
200.138 25.1672 0.071774
200.216 24.9577 0.0728469
200.147 24.9985 0.0758178
200.223 24.9957 0.0731717
200.197 25.0223 0.0720276
200.247 25.0314 0.0741783
200.142 25.1527 0.0714028
200.149 25.1408 0.0751877
200.135 25.0062 0.0735176
200.233 25.0276 0.0743972
200.231 25.0217 0.0749404
200.232 24.969 0.0760847
200.179 25.0506 0.0714331
200.198 25.0516 0.0752057
200.2 25.1011 0.0757605
200.197 25.1053 0.0719839
200.16 24.9953 0.0734543
200.117 25.14 0.0742111
200.187 25.1118 0.0755817
200.303 24.9294 0.0709808
200.169 25.0745 0.0742617
200.248 25.1296 0.0774903
200.151 25.1682 0.0733558
200.192 25.1325 0.0744159
200.113 25.1637 0.0759893
200.215 25.0338 0.0746353
200.123 25.1359 0.0737771
200.16 24.9584 0.0736299
200.183 25.1376 0.0738288
200.164 24.9465 0.0690554
200.162 25.0658 0.0738419
200.226 25.0621 0.0737866
200.179 24.9904 0.0740316
200.232 24.9126 0.0729334
200.16 25.0927 0.0726213
200.225 25.0859 0.0730286
200.207 25.0976 0.0734293
200.122 25.0363 0.0751799
200.078 25.051 0.0770515
200.233 25.0726 0.0737686
200.117 25.052 0.0759406
200.119 25.008 0.0726676
200.107 25.1119 0.0733153
200.259 25.0903 0.0737402
200.234 25.1086 0.0766084
200.157 24.9006 0.0706994
200.029 25.046 0.0731848
200.259 24.9102 0.0713314
200.211 25.0948 0.0749163
200.196 25.0127 0.0752381
200.172 25.1241 0.0734827
200.222 25.0668 0.0740566
200.188 25.0499 0.0732518
200.239 25.0635 0.0762157
200.248 24.9731 0.0714164
200.112 24.9435 0.076559
200.03 24.9421 0.0745635
200.149 25.0379 0.0752429
200.111 25.095 0.0742704
200.153 25.1559 0.0745992
200.086 25.0622 0.0788902
200.09 25.0569 0.0737775
200.121 24.928 0.0725496
200.247 25.0719 0.0738936
200.179 25.0553 0.0775658
200.161 25.1111 0.0749242
200.157 25.0812 0.0716654
200.141 25.0949 0.0726784
200.122 25.1621 0.0714547
200.193 25.0054 0.0729326
200.185 25.0504 0.0752844
200.202 24.9389 0.073702
200.123 25.1085 0.0744745
200.188 25.0925 0.0739472
200.185 25.1031 0.0732209
200.172 25.0686 0.0734682
200.191 25.0503 0.0719638
200.102 24.9588 0.0742161
200.067 25.032 0.075672
200.173 25.0898 0.0758275
200.235 25.0917 0.0711945
200.193 25.0097 0.0732389
200.233 24.9636 0.0766537
200.162 25.0429 0.0754605
200.198 25.0307 0.0742858
200.21 25.1666 0.076774
200.212 25.057 0.0759546
200.202 25.0474 0.0682422
200.216 25.0553 0.074916
200.188 25.0472 0.0777203
200.215 25.1183 0.0725294
200.11 25.0465 0.0766731
200.16 25.0981 0.0748396
200.171 25.1237 0.0753528
200.171 25.2028 0.0745695
200.101 24.9501 0.0741678
200.217 25.0122 0.0723095
200.253 25.0039 0.0731096
200.233 25.0296 0.0728674
200.223 25.0441 0.0756704
200.196 24.9663 0.0774019
200.173 25.0409 0.074521
200.16 25.0843 0.0726354
200.182 24.9947 0.074039
200.202 25.0974 0.0747859
200.281 25.0517 0.0706968
200.189 25.0859 0.0769597
200.214 25.0607 0.0757791
200.242 25.0391 0.0743832
200.179 25.0777 0.0751209
200.158 25.0676 0.0745981
200.216 25.06 0.0762153
200.048 25.0507 0.0764515
200.066 25.1485 0.0765118
200.173 25.0787 0.0772515
200.162 25.0741 0.076549
200.21 25.0527 0.0706275
200.198 25.1249 0.0770328
200.15 24.9882 0.0741659
200.19 25.068 0.0750886
200.132 25.0052 0.0732735
200.234 24.9878 0.0731114
200.146 25.0644 0.075056
200.302 25.0565 0.0705076
200.283 25.0035 0.0713048
200.088 25.1066 0.0742745
200.188 25.0671 0.0728783
200.258 25.0661 0.0747845
200.239 25.0082 0.0743795
200.22 24.9885 0.0745473
200.147 25.1992 0.071995
200.222 25.1225 0.0733271
200.107 25.17 0.0743906
200.182 25.0884 0.0753424
200.116 25.1523 0.0760832
200.17 25.1034 0.0750336
200.241 25.096 0.075102
200.235 24.9587 0.0727523
200.251 25.0251 0.0705555
200.124 25.1997 0.0745812
200.232 25.1322 0.0774386
200.041 24.9621 0.0770841
200.271 24.9808 0.0732343
200.103 25.1454 0.0727563
200.153 25.0997 0.0738974
200.089 25.154 0.0768667
200.127 25.1146 0.0728675
200.204 25.015 0.0755002
200.144 25.0639 0.0794322
200.223 24.8982 0.0775125
200.165 25.086 0.0784162
200.172 25.1363 0.0739017
200.166 25.1129 0.0730868
200.233 25.021 0.0751806
200.208 25.1526 0.0736965
200.173 25.0735 0.0727876
200.207 24.9869 0.0721226
200.273 25.1165 0.0736187
200.133 25.0388 0.0751153
200.164 25.115 0.0726731
200.22 25.0652 0.073136
200.228 25.1223 0.0713873
200.213 25.078 0.0726265
200.184 25.0618 0.0720754
200.088 25.0184 0.0733478
200.223 25.0101 0.0726823
200.191 25.0326 0.0725865
200.235 25.026 0.073485
200.254 25.1062 0.0685247
200.233 25.0257 0.0701117
200.179 24.9929 0.0713215
200.151 25.0158 0.0757208
200.141 25.0397 0.0747453
200.175 25.0803 0.0762181
200.175 25.0685 0.076046
200.206 25.0407 0.0737177
200.19 25.062 0.074017
200.255 25.1806 0.0723013
200.167 25.155 0.0748348
200.28 25.0708 0.0747833
200.18 24.9905 0.0730952
200.137 25.0853 0.0755602
200.2 25.1508 0.075772
200.157 25.1167 0.0769001
200.147 25.0088 0.0723127
200.215 24.9957 0.077445
200.245 25.0986 0.0746036
200.229 25.0947 0.0724828
200.247 25.0621 0.0730215
200.205 25.0629 0.0751975
200.22 25.105 0.0745902
200.076 24.9789 0.0736135
200.228 25.027 0.0750677
200.146 25.0811 0.0726779
200.136 25.0309 0.0727064
200.162 25.0969 0.0752753
200.178 25.0945 0.0745373
200.199 24.9804 0.073696
200.183 25.0932 0.0749873
200.17 25.0316 0.0694451
200.112 24.9875 0.075131
200.169 25.0918 0.070374
200.131 25.1445 0.0756065
200.184 25.1494 0.0740939
200.212 25.0676 0.072144
200.224 25.0653 0.0745798
200.204 24.9332 0.0770925
200.279 25.0111 0.0757138
200.144 25.1012 0.0761598
200.104 24.98 0.0739761
200.163 25.1454 0.0764292
200.266 25.0783 0.0735551
200.261 25.0253 0.0721991
200.176 25.1306 0.0735989
200.154 25.0732 0.0769751
200.123 25.1642 0.0721882
200.133 25.0808 0.072914
200.177 25.0506 0.075008
200.137 25.0985 0.0741487
200.181 25.183 0.0751973
200.194 25.0055 0.0734259
200.165 25.0976 0.0693617
200.14 24.9778 0.0750855
200.046 25.1641 0.0753679
200.206 25.0082 0.0729912
200.24 24.9582 0.0765745
200.118 25.0429 0.0737313
200.186 25.0835 0.0743355
200.225 24.9846 0.071717
200.219 24.9916 0.0755439
200.188 25.0067 0.0732629
200.115 25.13 0.0739363
200.166 25.1098 0.0732939
200.115 25.1126 0.0767806
200.216 25.0285 0.0759916
200.128 25.0891 0.0743763
200.146 25.1586 0.0746359
200.212 25.0947 0.0776189
200.113 25.1089 0.0748173
200.13 25.0032 0.0743471
200.072 25.0193 0.0745888
200.202 25.0057 0.0721659
200.099 25.1449 0.0745892
200.185 25.0006 0.073744
200.173 25.0386 0.0771905
200.169 25.0098 0.0737883
200.21 25.0627 0.0745326
200.119 25.0827 0.0743984
200.198 25.0052 0.072228
200.245 25.1469 0.0750907
200.126 25.1003 0.0727997
200.176 25.1405 0.0730104
200.199 25.1645 0.0758177
200.234 25.0017 0.0740652
200.182 24.9922 0.0710774
200.1 25.1466 0.0739011
199.386 19.627 0.0335367
200.238 25.0815 0.0752576
200.31 25.1271 0.0719368
200.273 25.1722 0.0725326
200.145 25.0047 0.0752901
200.158 25.103 0.0750512
200.202 25.1237 0.0772436
200.168 25.043 0.0742369
200.233 25.0031 0.0730997
200.22 25.111 0.073944
200.116 25.0743 0.0748028
200.192 25.0562 0.0747815
200.223 24.9439 0.0738942
200.161 25.0434 0.0762795
200.087 25.0307 0.0731412
200.199 25.0305 0.0708265
200.131 24.9958 0.0731471
200.079 25.0161 0.074215
200.154 25.0841 0.076086
200.247 25.1381 0.0747294
200.215 25.1509 0.0734516
200.186 25.0058 0.0726517
200.121 25.1014 0.0755355
200.155 25.1174 0.0734449
200.081 24.9795 0.0727088
200.114 25.0458 0.0737105
200.247 25.08 0.073045
200.183 25.1112 0.0740002
200.201 25.0859 0.0709975
200.183 25.1104 0.0720951
200.285 25.1903 0.0740257
200.186 25.1087 0.0743285
200.103 25.0863 0.0740081
200.18 25.0082 0.0716336
200.224 25.0913 0.0716664
200.237 25.1338 0.0727701
200.295 25.0702 0.0742771
200.204 25.0241 0.0747548
200.147 25.0941 0.0766568
200.109 25.0562 0.0746226
200.17 25.0804 0.07483
200.256 25.0583 0.0749957
200.212 25.0791 0.0722879
200.19 24.9482 0.0725316
200.222 24.944 0.0731787
200.205 25.0424 0.0724255
200.191 25.053 0.0709695
200.159 25.0502 0.0748761
200.08 25.0388 0.073191
200.131 25.1391 0.0716428
200.105 25.0146 0.0732987
200.128 25.1157 0.0752251
200.231 24.9758 0.076159
200.175 25.1481 0.075467
200.226 25.1685 0.0706186
200.199 25.2292 0.0754098
200.184 24.9767 0.0718311
200.144 25.1008 0.0731199
200.275 25.111 0.0754938
200.211 25.065 0.0763648
200.217 25.0933 0.0759482
200.176 25.122 0.0725131
200.31 25.0785 0.0741807
200.224 25.192 0.0723068
200.26 25.1348 0.0720433
200.134 25.1052 0.0758582
200.223 25.066 0.071509
200.138 25.1509 0.0764911
200.126 25.1574 0.0756923
200.162 25.0421 0.07336
200.266 25.0863 0.070521
200.149 25.0806 0.0743268
200.264 25.0627 0.0719842
200.053 25.0598 0.0748588
199.948 24.9676 0.0739218
200.204 25.0467 0.072131
200.132 25.0463 0.0755083
200.15 25.0349 0.0732772
200.167 25.1481 0.0703611
200.18 25.086 0.0750256
200.197 25.0409 0.074221
200.207 25.0137 0.0754651
200.121 25.1324 0.0736854
200.149 25.0806 0.0720388
200.119 25.0594 0.0726836
200.122 24.9499 0.0760646
200.23 25.1213 0.0745479
200.075 25.0371 0.0728063
200.232 25.0756 0.074955
200.21 24.8821 0.0712935
200.212 25.1393 0.0731855
200.255 24.9081 0.0743328
200.11 25.1275 0.073088
200.238 25.0253 0.0744372
200.249 25.0256 0.0710753
200.228 25.085 0.0751896
200.148 25.0379 0.0745422
200.092 25.1298 0.0756929
200.069 25.0913 0.0740323
200.275 25.0714 0.0727116
200.132 25.1634 0.0750936
200.214 25.042 0.0755235
200.171 25.0209 0.0782909
200.198 25.1146 0.0756531
200.186 25.0853 0.0742513
200.156 25.0746 0.0750182
200.176 25.0783 0.0704452
200.182 25.1462 0.0739014
200.199 25.0059 0.0724889
200.102 25.1253 0.0722108
200.094 25.1814 0.0746041
200.257 24.9586 0.0742204
200.144 25.1495 0.0737275
200.141 24.9917 0.0735393
200.239 25.0742 0.0713147
200.181 25.1168 0.0759403
200.258 25.0708 0.0711022
200.116 25.0619 0.0724675
200.179 25.1806 0.0736851
200.17 25.0791 0.0701328
200.212 25.0744 0.0759081
200.158 25.1542 0.0747472
200.249 25.1697 0.0762787
200.177 25.1157 0.0720089
200.156 25.1057 0.0733479
200.174 25.1829 0.0728127
200.335 25.0772 0.0740399
200.307 25.0512 0.072738
200.189 24.9743 0.0719493
200.12 25.0333 0.0782151
200.213 25.1028 0.0729111
200.248 25.1632 0.0701402
200.069 25.079 0.0729145
200.142 25.0914 0.0739385
200.135 25.0614 0.0765373
200.178 25.1812 0.0753892
200.111 25.0689 0.0723371
200.203 24.9867 0.0736378
200.26 25.0308 0.0745882
200.215 25.0492 0.0745421
200.113 25.0354 0.0726867
200.218 25.1072 0.0722724
200.177 24.9861 0.0739261
200.16 25.0988 0.0741364
200.185 25.1705 0.0776279
200.192 24.9997 0.0734256
200.291 25.1436 0.0733707
200.165 25.0743 0.0742141
200.169 25.0498 0.069343
200.195 25.186 0.0755799
200.167 25.064 0.0757633
200.183 25.0805 0.0748657
200.102 25.0508 0.0725909
200.16 25.064 0.0750217
200.245 25.066 0.0747564
200.174 25.1266 0.0761699
200.195 24.9843 0.0760781
200.314 25.1885 0.0723978
200.242 25.1058 0.0720818
200.174 25.0773 0.073552
200.143 25.127 0.0719738
200.172 25.0543 0.0730899
200.195 24.9948 0.0707103
200.157 25.008 0.0709146
200.287 25.0675 0.0710125
200.274 25.1266 0.0725422
200.288 25.0573 0.0738413
200.151 25.011 0.0750054
200.241 25.0418 0.0762388
200.168 25.1436 0.0732838
200.065 25.1235 0.0749953
200.168 25.1527 0.0741852
200.23 24.9245 0.0789712
200.139 25.0484 0.0743859
200.218 25.106 0.073848
200.057 25.054 0.0711733
200.216 25.034 0.0727858
200.23 25.022 0.0736332
200.151 25.0591 0.0738989
200.152 25.0605 0.0735284
200.166 24.987 0.0736089
200.209 25.1325 0.0756944
200.241 25.0767 0.0749553
200.23 25.0311 0.0725432
200.076 24.9755 0.0722993
200.169 25.0592 0.073667
200.233 25.1149 0.077173
200.238 25.0388 0.0725222
200.076 24.9809 0.0730091
200.255 25.1337 0.0759762
200.162 25.09 0.0733176
200.098 25.0402 0.071659
200.08 25.0827 0.0741669
200.227 25.0715 0.0740075
200.179 25.0771 0.0711034
200.122 25.1436 0.0727889
200.165 25.0374 0.0769196
200.05 25.0774 0.0772415
200.095 25.063 0.0746096
200.218 25.0741 0.0744545
200.275 25.1281 0.070843
200.218 25.0966 0.0744852
200.321 25.1256 0.0752103
200.338 25.0808 0.0755692
200.096 25.0304 0.0745728
200.11 24.9573 0.0724398
200.199 25.0388 0.0766076
200.181 25.143 0.075291
200.171 25.1011 0.0748183
200.187 25.0627 0.0701039
200.105 25.0515 0.0732968
200.139 25.1869 0.0742503
200.207 25.1133 0.0738704
200.211 25.1549 0.0725164
200.093 25.1076 0.0706198
200.239 25.0344 0.0698519
200.112 25.0362 0.0741864
200.204 25.2159 0.0740994
200.139 25.1194 0.0739636
200.203 24.9659 0.0705609
200.068 25.0389 0.078517
200.124 25.0889 0.0755668
200.182 25.084 0.0701155
200.091 25.0549 0.0764267
200.172 25.1652 0.0755669
200.187 25.078 0.0715332
200.057 25.0831 0.0724626
200.144 25.0932 0.0757829
200.2 25.1572 0.0753732
200.144 25.0782 0.072975
200.287 25.1034 0.0726243
200.163 25.0504 0.0741418
200.069 25.0922 0.0709819
200.227 25.1612 0.0757451
200.175 25.1279 0.0766794
200.19 25.0199 0.0737619
200.251 24.9826 0.0732107
200.158 25.0422 0.0723435
200.22 25.0587 0.0721489
200.297 25.0851 0.0738814
200.141 24.9801 0.0767092
200.221 25.0616 0.0710139
200.2 25.0774 0.0744096
200.112 25.1193 0.0756896
200.144 25.0438 0.0746996
200.11 25.0485 0.0735217
200.186 25.0908 0.075652
200.198 25.0779 0.0769067
200.216 25.1054 0.074403
200.148 25.0732 0.0758659
200.186 25.1056 0.0727953
200.219 25.0068 0.0740123
200.208 25.0395 0.070825
200.181 25.0759 0.075216
200.207 25.0942 0.0712723
200.175 25.0679 0.0737893
200.194 25.1343 0.0741046
200.185 25.176 0.0794767
200.157 25.0416 0.0735928
200.145 25.0506 0.0763628
200.167 25.0857 0.0740694
200.266 25.104 0.0761223
200.175 25.0879 0.0749918
200.171 25.1334 0.0743022
200.186 25.1903 0.0702872
200.314 25.0658 0.0725912
200.261 25.1468 0.0714741
200.164 25.1805 0.0727524
200.189 24.9191 0.071494
200.251 25.0788 0.071922
200.186 25.0164 0.0755466
200.304 25.1632 0.0723005
200.334 25.0191 0.0751316
200.15 25.0387 0.0724867
200.183 25.1183 0.0763626
200.152 25.1684 0.0752687
200.235 25.0356 0.0726901
200.098 25.1243 0.0741735
200.156 25.1451 0.0744493
200.196 25.0261 0.0731679
200.219 25.1003 0.0728549
200.15 25.1455 0.0743658
200.31 24.9866 0.0699897
200.211 25.0446 0.0760346
200.184 25.0169 0.076197
200.236 25.0862 0.0726183
200.156 25.0321 0.0740194
200.174 25.1258 0.0736048
200.245 24.9442 0.0725079
200.177 24.9154 0.0723103
200.211 25.1245 0.0703317
200.177 25.0559 0.0739558
200.184 24.9651 0.0750602
200.015 25.0726 0.0747811
200.2 25.1175 0.0735094
200.189 25.1038 0.0735372
200.219 25.0803 0.0726538
200.297 25.1429 0.0715259
200.223 25.1503 0.0722502
200.198 25.0493 0.0721759
200.074 25.0689 0.0751062
200.13 25.0261 0.0711177
200.195 25.0407 0.0728397
200.27 25.0572 0.0723551
200.209 25.0936 0.073915
200.114 25.0563 0.0752348
200.092 25.1385 0.0773717
200.182 25.0568 0.0776207
200.16 25.1199 0.0741745
200.271 25.0683 0.0741308
200.16 25.0848 0.0755898
200.27 25.0815 0.077471
200.151 25.0419 0.0761403
200.224 25.0669 0.0739735
200.253 25.02 0.0742844
200.182 24.903 0.0750747
200.155 25.0957 0.0777551
200.16 25.1266 0.0725186
200.087 24.995 0.0727272
200.152 25.1967 0.0741287
200.17 25.1396 0.0719769
200.101 25.0444 0.0742076
200.123 25.1221 0.0743713
200.213 24.9997 0.0735742
200.108 24.9944 0.0695496
200.206 25.0739 0.0730721
200.234 25.0487 0.0720293
200.163 25.0719 0.0757987
200.12 25.0818 0.0736225
200.24 24.9768 0.0735838
200.306 25.1173 0.0705472
200.286 25.131 0.0764179
200.208 24.9772 0.0737828
200.246 25.0255 0.0736865
200.206 25.0774 0.0763441
200.254 25.1803 0.0705775
200.214 25.1389 0.073473
200.193 25.1242 0.0736834
200.257 25.0921 0.0724613
200.22 25.0736 0.0735677
200.266 25.1198 0.0710666
200.161 25.1139 0.0738693
200.135 25.089 0.0745021
200.187 25.0506 0.0724562
200.198 25.1212 0.0735477
200.052 25.021 0.0743515
200.153 25.1609 0.0734215
200.166 25.1782 0.074817
200.204 25.0452 0.0737837
200.17 25.0394 0.0740559
200.179 25.0806 0.0703093
200.178 25.152 0.0738826
200.251 25.0013 0.0722114
200.222 25.0438 0.0759977
200.219 25.0719 0.0747409
200.164 24.9696 0.0716747
200.161 25.0966 0.0754124
200.122 25.0623 0.0769572
200.217 25.1636 0.0729552
200.07 25.0552 0.0782622
200.204 25.0419 0.0721154
200.159 25.1087 0.0757961
200.076 25.0841 0.071516
200.18 25.1592 0.077015
200.272 25.0887 0.0738215
200.094 25.0209 0.0731738
200.244 25.1339 0.0753925
200.177 25.0702 0.0739859
200.256 25.0861 0.0716889
200.217 25.0952 0.0767031
200.135 25.1227 0.0724195
200.202 25.2134 0.0741781
200.19 25.0607 0.0754488
200.279 25.1016 0.0737421
200.212 24.9951 0.0753638
200.184 25.0638 0.0739789
200.099 24.9826 0.0752704
200.216 25.0012 0.0747308
200.134 25.0516 0.0713294
200.107 25.1577 0.0765492
200.071 25.0323 0.0778477
200.209 25.04 0.0706017
200.169 25.105 0.0727509
200.228 25.0155 0.0745634
200.198 25.1979 0.0765133
200.235 25.0404 0.0718018
200.118 25.0931 0.072404
200.147 24.9895 0.0743912
200.092 25.0391 0.071382
200.262 25.0137 0.0720139
200.151 25.1755 0.0749597
200.222 25.0737 0.0764651
200.243 25.0938 0.0758171
200.22 25.0561 0.0667689
200.167 24.9875 0.0746825
200.163 25.1245 0.0736052
200.183 25.1532 0.0744551
200.167 25.1261 0.0740461
200.122 25.0401 0.0749672
200.248 25.0306 0.0765559
200.172 25.0846 0.0761594
200.078 25.1188 0.0775909
200.24 25.1249 0.0707616
200.217 25.1058 0.0743842
200.154 25.0983 0.0753543
200.297 25.0239 0.0727967
200.281 25.1571 0.0705695
200.039 25.1351 0.0726108
200.078 25.0546 0.0718707
200.196 25.062 0.0748924
200.171 25.0891 0.0753548
200.14 25.171 0.0741921
200.167 25.0725 0.0720295
200.141 24.974 0.074134
200.227 25.1177 0.0754983
200.219 25.0658 0.0716737
200.226 25.1419 0.071599
200.186 25.0771 0.0751238
200.145 25.1101 0.0742748
200.123 25.0514 0.0763928
200.182 25.0711 0.0744121
200.225 25.0975 0.0736223
200.214 25.0989 0.073665
200.212 25.0757 0.0727139
200.16 25.2166 0.0764118
200.138 25.07 0.0755803
200.123 25.154 0.0773731
200.24 25.1671 0.0754399
200.232 25.1078 0.0715871
200.139 25.0573 0.0769735
200.177 25.1858 0.074917
200.227 25.0623 0.0772326
200.292 25.0712 0.0720175
200.139 25.0627 0.0712669
200.21 25.115 0.0713998
200.16 25.1402 0.0770636
200.209 25.0999 0.0760285
200.195 25.0183 0.0738263
200.151 25.0442 0.0762555
200.142 25.0036 0.0758376
200.309 25.0316 0.0720365
200.257 25.1243 0.0752251
200.093 25.1746 0.0743567
200.236 25.0652 0.0754427
200.217 25.0798 0.0733925
200.17 25.0765 0.0750312
200.264 25.0707 0.0782798
200.165 25.0735 0.0769234
200.25 25.022 0.0730369
200.237 25.0527 0.0732138
200.21 25.0524 0.0724266
200.187 24.9849 0.0744927
200.151 25.0536 0.0706542
200.176 25.1049 0.0743951
200.065 25.0569 0.0773883
200.182 25.1007 0.075731
200.107 25.0258 0.0739783
200.093 25.1228 0.0755666
200.189 25.2033 0.0743114
200.16 25.095 0.0732742
200.107 25.143 0.0770518
200.18 24.9936 0.0753594
200.161 25.1593 0.0745402
200.252 25.1478 0.0730725
200.288 25.0645 0.0758577
200.198 25.0551 0.0730187
200.14 25.0867 0.0723154
200.123 25.0286 0.0755095
200.09 25.0382 0.0750571
200.301 25.0577 0.0737241
200.336 25.0213 0.0740757
200.342 25.1169 0.0735478
200.145 25.1362 0.0729859
200.2 25.0732 0.0757668
200.206 25.0683 0.0727559
200.239 25.0779 0.0723387
200.281 25.135 0.0734149
200.278 24.9955 0.0765428
200.104 25.0346 0.0730461
200.153 25.0304 0.0746861
200.143 25.084 0.0720047
200.141 25.0274 0.072366
200.259 25.0136 0.071335
200.259 24.9589 0.0743439
200.136 25.1045 0.0747254
200.113 25.0762 0.0748754
200.178 25.0163 0.0792022
200.216 25.1876 0.0748244
200.266 25.0546 0.0749879
200.19 25.0195 0.0727489
200.17 25.0537 0.0745575
200.172 25.0109 0.0723806
200.268 25.1161 0.075892
200.091 25.0564 0.0715787
200.16 25.0537 0.0706977
200.186 25.1382 0.0733196
200.181 25.1741 0.0763004
200.167 25.138 0.072728
200.163 25.0666 0.0738667
200.284 24.926 0.0745991
199.342 24.6585 0.0660835
