-30.2796 -16.6745 0.988132
-30.2785 -16.6707 0.987985
-30.3394 -16.7095 0.989974
-30.3035 -16.7422 0.988966
-30.2698 -16.617 0.984995
-30.2896 -16.6075 0.987733
-30.2924 -16.6949 0.98769
-30.3129 -16.7269 0.984026
-30.3061 -16.671 0.987155
-30.375 -16.6565 0.988173
-30.3091 -16.6789 0.985526
-30.3001 -16.6432 0.988539
-30.3188 -16.6803 0.989743
-30.3052 -16.6225 0.987429
-30.2045 -16.6583 0.986492
-30.2051 -16.6569 0.986499
-30.309 -16.6957 0.986132
-30.3093 -16.6982 0.986063
-30.2142 -16.6483 0.991325
-30.345 -16.6929 0.985608
-30.336 -16.6913 0.985604
-30.2842 -16.6278 0.986149
-30.2845 -16.6814 0.989962
-30.3041 -16.6781 0.98692
-30.223 -16.6861 0.988096
-30.2225 -16.6861 0.988068
-30.2217 -16.683 0.98812
-30.2178 -16.6842 0.988073
-30.3387 -16.6738 0.990681
-30.2941 -16.6351 0.985556
-30.2838 -16.6566 0.98723
-30.3213 -16.6655 0.987473
-30.3513 -16.6822 0.987673
-30.3696 -16.6763 0.986077
-30.3235 -16.7055 0.987334
-30.3538 -16.683 0.986829
-30.3374 -16.6862 0.990118
-30.273 -16.6684 0.988032
-30.2467 -16.628 0.985465
-30.3099 -16.7375 0.988989
-30.3128 -16.579 0.984072
-30.2971 -16.6936 0.987793
-30.2937 -16.6874 0.987736
-30.3296 -16.6718 0.985581
-30.3 -16.7012 0.987787
-30.2989 -16.6749 0.986646
-30.3127 -16.6795 0.984298
-30.3174 -16.6102 0.986067
-30.2011 -16.6697 0.988119
-30.2549 -16.6321 0.984741
-30.3349 -16.7171 0.986808
-30.2673 -16.5805 0.987337
-30.3134 -16.6936 0.987767
-30.2559 -16.6767 0.983525
-30.3292 -16.7034 0.989992
-30.2229 -16.6185 0.988864
-30.306 -16.6334 0.991844
-30.1729 -16.6307 0.985331
-30.3265 -16.6991 0.98707
-30.3093 -16.6338 0.990172
-30.2249 -16.6841 0.988022
-30.3111 -16.6505 0.986884
-30.1989 -16.6324 0.987566
-30.2703 -16.7085 0.989658
-30.3143 -16.6883 0.989781
-30.3232 -16.7005 0.98728
-30.3242 -16.7146 0.98663
-30.2949 -16.6332 0.985616
-30.3513 -16.6509 0.98379
-30.2729 -16.673 0.987958
-30.3304 -16.7198 0.987322
-30.269 -16.6187 0.98539
-30.2954 -16.5913 0.985008
-30.3076 -16.7388 0.988931
-30.3072 -16.7316 0.988955
-30.2873 -16.6677 0.987875
-30.235 -16.6659 0.991509
-30.302 -16.7025 0.988036
-30.2838 -16.611 0.984517
-30.3224 -16.6119 0.987094
-30.3055 -16.6712 0.987388
-30.3052 -16.6631 0.990171
-30.3101 -16.677 0.984444
-30.3128 -16.6793 0.989729
-30.2424 -16.6363 0.98763
-30.2535 -16.6707 0.986491
-30.3081 -16.6909 0.987681
-30.2022 -16.6207 0.985054
-30.3119 -16.7005 0.985975
-30.3302 -16.6641 0.989028
-30.2872 -16.6317 0.986338
-30.284 -16.6842 0.989986
-30.2257 -16.6539 0.98631
-30.3261 -16.6962 0.987264
-30.2183 -16.6878 0.988053
-30.217 -16.592 0.985544
-30.2732 -16.704 0.989713
-30.3213 -16.6867 0.989714
-30.2713 -16.6822 0.984518
-30.2705 -16.5668 0.983701
-30.3394 -16.7197 0.983762
-30.3322 -16.6876 0.989998
-30.333 -16.687 0.990004
-30.3437 -16.7116 0.987564
-30.2633 -16.6166 0.985412
-30.3466 -16.711 0.990086
-30.3044 -16.7326 0.98907
-30.3139 -16.7048 0.986851
-30.2988 -16.689 0.987749
-30.3261 -16.6716 0.98554
-30.3036 -16.7028 0.988031
-30.3012 -16.6717 0.98626
-30.3078 -16.683 0.984439
-30.3074 -16.5934 0.98532
-30.3337 -16.718 0.986902
-30.3057 -16.6943 0.987598
-30.2064 -16.6605 0.986451
-30.2624 -16.6766 0.983554
-30.2652 -16.6507 0.988508
-30.2229 -16.6185 0.988995
-30.3336 -16.6364 0.986458
-30.3048 -16.6861 0.985393
-30.2896 -16.6921 0.989625
-30.3233 -16.7 0.987005
-30.3135 -16.65 0.986951
-30.3394 -16.614 0.986988
-30.1935 -16.633 0.98773
-30.2765 -16.7014 0.989517
-30.2738 -16.7048 0.989604
-30.2704 -16.6848 0.984367
-30.3276 -16.7104 0.986448
-30.2994 -16.6338 0.989099
-30.2718 -16.669 0.988177
-30.3306 -16.718 0.987077
-30.3425 -16.7125 0.987596
-30.3159 -16.7111 0.986837
-30.2999 -16.6863 0.987672
-30.3144 -16.7295 0.983913
-30.3117 -16.7321 0.984007
-30.3068 -16.7029 0.987786
-30.3075 -16.6722 0.987348
-30.2598 -16.6168 0.984372
-30.2978 -16.6593 0.986922
-30.3064 -16.6794 0.985397
-30.2523 -16.6283 0.984543
-30.2513 -16.6332 0.984203
-30.3629 -16.6523 0.987483
-30.3094 -16.692 0.98772
-30.3179 -16.621 0.987652
-30.258 -16.6744 0.983515
-30.2271 -16.6167 0.987296
-30.2163 -16.6428 0.991547
-30.3378 -16.6941 0.98549
-30.3273 -16.6266 0.987657
-30.3007 -16.6883 0.985261
-30.2813 -16.6886 0.989847
-30.2261 -16.6579 0.986636
-30.3276 -16.7017 0.987
-30.4233 -16.6543 0.987314
-30.275 -16.7048 0.989711
-30.2714 -16.6832 0.984531
-30.2909 -16.6518 0.987958
-30.2201 -16.6205 0.989304
-30.3442 -16.7165 0.987619
-30.3121 -16.7264 0.988931
-30.3126 -16.7392 0.988839
-30.3121 -16.7086 0.986956
-30.2779 -16.6638 0.987783
-30.3713 -16.6281 0.988288
-30.3033 -16.7047 0.987771
-30.3041 -16.6752 0.987479
-30.4012 -16.6701 0.987828
-30.2659 -16.7079 0.99122
-30.2849 -16.6292 0.986461
-30.294 -16.639 0.988661
-30.2966 -16.6207 0.985385
-30.1986 -16.6519 0.989589
-30.2343 -16.6395 0.98638
-30.2553 -16.6744 0.986502
-30.3254 -16.6024 0.9847
-30.3317 -16.7049 0.990042
-30.3263 -16.6474 0.991538
-30.2032 -16.6606 0.985568
-30.3158 -16.6933 0.989733
-30.2282 -16.6547 0.986404
-30.3245 -16.6978 0.987275
-30.2155 -16.588 0.985507
-30.319 -16.6944 0.987792
-30.3666 -16.6768 0.986238
-30.2597 -16.6088 0.985871
-30.2886 -16.6871 0.991143
-30.3329 -16.6804 0.98989
-30.3403 -16.7045 0.989999
-30.3149 -16.7371 0.988837
-30.3129 -16.7352 0.988996
-30.3123 -16.708 0.987024
-30.2869 -16.6057 0.987721
-30.3303 -16.6697 0.985649
-30.3025 -16.6994 0.987816
-30.3025 -16.6577 0.990188
-30.3129 -16.6087 0.985863
-30.2015 -16.6679 0.988339
-30.3325 -16.7158 0.98661
-30.2362 -16.637 0.986538
-30.3122 -16.6941 0.98781
-30.3111 -16.7016 0.98615
-30.4106 -16.6633 0.987891
-30.2073 -16.6555 0.985646
-30.3067 -16.6815 0.985329
-30.2833 -16.6257 0.986215
-30.2765 -16.6823 0.989956
-30.3236 -16.6963 0.987092
-30.3244 -16.6992 0.987164
-30.2233 -16.6842 0.988035
-30.2765 -16.6253 0.986287
-30.2939 -16.6342 0.985484
-30.2778 -16.7051 0.989697
-30.2743 -16.6826 0.984462
-30.3244 -16.707 0.98729
-30.3114 -16.5915 0.985701
-30.3251 -16.715 0.986272
-30.3016 -16.5947 0.985687
-30.3443 -16.7109 0.987614
-30.3156 -16.739 0.989003
-30.3123 -16.7038 0.986947
-30.3192 -16.7094 0.987005
-30.2835 -16.6645 0.987793
-30.2913 -16.609 0.987878
-30.2933 -16.7016 0.987799
-30.2979 -16.7016 0.98787
-30.2825 -16.598 0.98655
-30.359 -16.6889 0.985879
-30.3026 -16.6426 0.988528
-30.259 -16.6296 0.984784
-30.2536 -16.6306 0.98462
-30.338 -16.7187 0.986748
-30.2563 -16.6754 0.986423
-30.2047 -16.6599 0.986544
-30.2599 -16.6521 0.98849
-30.2029 -16.6589 0.985324
-30.3639 -16.6373 0.987868
-30.3022 -16.681 0.985248
-30.305 -16.6828 0.985378
-30.3158 -16.6852 0.989384
-30.1762 -16.6338 0.985558
-30.2783 -16.688 0.989676
-30.2265 -16.6539 0.986369
-30.2217 -16.6879 0.988303
-30.2761 -16.6337 0.986325
-30.2783 -16.6543 0.987198
-30.2706 -16.7026 0.989796
-30.3224 -16.7044 0.987433
-30.3225 -16.7096 0.987294
-30.3273 -16.7128 0.986366
-30.3181 -16.6377 0.988685
-30.3441 -16.7079 0.987572
-30.3488 -16.7127 0.987704
-30.3107 -16.705 0.987067
-30.2794 -16.6621 0.987883
-30.3486 -16.5634 0.985666
-30.3297 -16.6729 0.985403
-30.3184 -16.6199 0.987076
-30.3581 -16.688 0.985889
-30.2654 -16.7023 0.99125
-30.2953 -16.6417 0.988599
-30.3159 -16.6798 0.989871
-30.252 -16.6365 0.984513
-30.255 -16.6761 0.986449
-30.254 -16.6771 0.986492
-30.3335 -16.7019 0.989977
-30.3293 -16.6907 0.985623
-30.3301 -16.6585 0.989939
-30.3448 -16.6935 0.985607
-30.2792 -16.6863 0.989833
-30.279 -16.6236 0.987398
-30.2246 -16.6857 0.988262
-30.2244 -16.6926 0.988022
-30.1986 -16.6302 0.987535
-30.3163 -16.6958 0.987801
-30.2784 -16.7059 0.989564
-30.2755 -16.6866 0.984545
-30.3561 -16.694 0.988826
-30.2889 -16.6504 0.987874
-30.2891 -16.5649 0.98412
-30.2727 -16.6707 0.988122
-30.3321 -16.7232 0.987262
-30.2646 -16.6184 0.985483
-30.3103 -16.7058 0.986924
-30.2979 -16.6854 0.987616
-30.2932 -16.6915 0.987781
-30.3288 -16.6677 0.985637
-30.3139 -16.7309 0.983651
-30.3033 -16.7005 0.987842
-30.301 -16.6743 0.98641
-30.2963 -16.6735 0.986429
-30.2553 -16.5816 0.984339
-30.3553 -16.6307 0.988259
-30.3035 -16.6202 0.987117
-30.3157 -16.646 0.98869
-30.2541 -16.6746 0.986654
-30.3371 -16.6369 0.985252
-30.3258 -16.6868 0.985226
-30.2824 -16.6309 0.985451
-30.1713 -16.6342 0.985225
-30.2971 -16.6771 0.987023
-30.2251 -16.6862 0.988154
-30.3555 -16.648 0.987931
-30.3439 -16.6703 0.988784
-30.3193 -16.6706 0.9876
-30.3246 -16.6661 0.98763
-30.3266 -16.7131 0.987389
-30.327 -16.7081 0.98725
-30.3385 -16.5956 0.987953
-30.2873 -16.6363 0.985349
-30.2916 -16.632 0.985383
-30.2493 -16.6311 0.985277
-30.3103 -16.7397 0.988974
-30.3115 -16.7096 0.98699
-30.2636 -16.6262 0.984806
-30.2125 -16.6027 0.988923
-30.3014 -16.7024 0.987753
-30.3115 -16.6663 0.987489
-30.3294 -16.5983 0.988971
-30.2988 -16.6769 0.986155
-30.2741 -16.6077 0.988712
-30.2845 -16.6444 0.985129
-30.1984 -16.6485 0.989413
-30.3191 -16.592 0.984409
-30.2022 -16.6596 0.986614
-30.3666 -16.6102 0.987429
-30.2833 -16.7138 0.992604
-30.229 -16.6189 0.987136
-30.3312 -16.6656 0.98916
-30.2071 -16.6544 0.985419
-30.3026 -16.6406 0.991841
-30.3313 -16.6298 0.987549
-30.284 -16.6757 0.989903
-30.2837 -16.6858 0.989871
-30.2806 -16.626 0.987222
-30.229 -16.6536 0.986663
-30.3002 -16.6668 0.986809
-30.3341 -16.6715 0.990662
-30.2273 -16.6115 0.9882
-30.2714 -16.7055 0.989697
-30.2688 -16.6993 0.989656
-30.2727 -16.6951 0.984441
-30.3216 -16.7119 0.986476
-30.3223 -16.6829 0.989961
-30.2513 -16.6255 0.985267
-30.2881 -16.5918 0.9832
-30.3136 -16.7111 0.986708
-30.3163 -16.7109 0.986888
-30.3274 -16.6176 0.988296
-30.2923 -16.6922 0.987912
-30.3325 -16.6167 0.986999
-30.3039 -16.6985 0.987886
-30.3435 -16.6102 0.98675
-30.2922 -16.6742 0.986291
-30.3085 -16.6729 0.985357
-30.344 -16.6355 0.987267
-30.2909 -16.6225 0.989557
-30.2423 -16.6334 0.98781
-30.3054 -16.6287 0.989344
-30.2428 -16.6519 0.990954
-30.3317 -16.7034 0.989917
-30.2207 -16.6203 0.98721
-30.3378 -16.6557 0.990158
-30.2965 -16.5215 0.985224
-30.2802 -16.6834 0.990231
-30.285 -16.691 0.9899
-30.3513 -16.6369 0.986024
-30.227 -16.5911 0.988512
-30.3658 -16.6851 0.985767
-30.3287 -16.6901 0.987491
-30.3635 -16.6725 0.98629
-30.2701 -16.6917 0.984568
-30.3276 -16.7113 0.987377
-30.327 -16.7088 0.987372
-30.2885 -16.6452 0.988106
-30.4275 -16.6417 0.986262
-30.214 -16.6231 0.989312
-30.2873 -16.6293 0.985291
-30.3447 -16.712 0.98979
-30.316 -16.7335 0.988945
-30.2794 -16.6682 0.98776
-30.3114 -16.5771 0.98922
-30.2979 -16.6626 0.987963
-30.3045 -16.6736 0.987421
-30.3469 -16.619 0.98887
-30.3237 -16.5708 0.985953
-30.2008 -16.6688 0.988144
-30.2521 -16.6327 0.984943
-30.3159 -16.6804 0.989683
-30.2485 -16.6372 0.984252
-30.3156 -16.6962 0.987591
-30.3141 -16.7023 0.986258
-30.2169 -16.6437 0.991478
-30.312 -16.6883 0.989342
-30.2992 -16.679 0.986856
-30.3139 -16.6574 0.986875
-30.3201 -16.695 0.987755
-30.3124 -16.6951 0.989745
-30.2719 -16.6845 0.984351
-30.2972 -16.6554 0.987762
-30.3524 -16.6527 0.98374
-30.291 -16.6287 0.985668
-30.3319 -16.725 0.987007
-30.3459 -16.7126 0.989885
-30.2904 -16.5414 0.985523
-30.297 -16.6814 0.987542
-30.2977 -16.6846 0.987666
-30.3144 -16.73 0.983878
-30.2674 -16.5901 0.985525
-30.2125 -16.6331 0.98743
-30.2992 -16.6763 0.986446
-30.3212 -16.6164 0.986183
-30.3327 -16.585 0.98524
-30.317 -16.6844 0.989846
-30.308 -16.6509 0.98871
-30.2555 -16.6732 0.986454
-30.2647 -16.6779 0.983649
-30.349 -16.6682 0.986257
-30.2006 -16.6581 0.985423
-30.1746 -16.636 0.985207
-30.3548 -16.678 0.988654
-30.2278 -16.6879 0.988277
-30.3076 -16.6574 0.986565
-30.3043 -16.6249 0.987245
-30.3167 -16.6988 0.987655
-30.3204 -16.6865 0.989751
-30.2735 -16.6823 0.984473
-30.3221 -16.7096 0.987559
-30.2967 -16.639 0.989103
-30.2812 -16.6695 0.987962
-30.3458 -16.7111 0.987686
-30.3297 -16.6784 0.991738
-30.3123 -16.7351 0.988867
-30.1635 -16.6233 0.987302
-30.293 -16.687 0.987892
-30.2191 -16.596 0.988972
-30.2944 -16.6954 0.987789
-30.2908 -16.6961 0.987663
-30.358 -16.5685 0.985176
-30.413 -16.6614 0.988202
-30.3007 -16.6617 0.990137
-30.3091 -16.6855 0.984393
-30.3607 -16.6311 0.988303
-30.3323 -16.7161 0.986716
-30.2552 -16.5828 0.983205
-30.2049 -16.6549 0.98635
-30.2614 -16.6789 0.983422
-30.232 -16.6164 0.9872
-30.2868 -16.64 0.987689
-30.3911 -16.6168 0.99044
-30.3459 -16.6915 0.985386
-30.3128 -16.6853 0.989728
-30.2836 -16.6907 0.989956
-30.2269 -16.6893 0.988106
-30.2951 -16.6355 0.985779
-30.3607 -16.6866 0.986886
-30.2756 -16.7001 0.989688
-30.3275 -16.706 0.987207
-30.3102 -16.5986 0.985898
-30.3181 -16.717 0.986257
-30.2742 -16.6689 0.988208
-30.328 -16.7182 0.987195
-30.3391 -16.7098 0.98982
-30.2824 -16.6189 0.983245
-30.1713 -16.6298 0.987223
-30.2959 -16.683 0.987673
-30.2985 -16.6959 0.987921
-30.2389 -16.6676 0.991599
-30.2177 -16.6297 0.987618
-30.3099 -16.6205 0.98788
-30.3052 -16.679 0.985538
-30.193 -16.6724 0.988054
-30.2471 -16.6355 0.984661
-30.3338 -16.7193 0.986566
-30.3736 -16.6112 0.98691
-30.209 -16.6583 0.986476
-30.2001 -16.653 0.986552
-30.3453 -16.6713 0.986315
-30.2927 -16.7156 0.992702
-30.3347 -16.6644 0.989182
-30.2848 -16.628 0.986215
-30.2268 -16.6526 0.986376
-30.2977 -16.6774 0.986883
-30.2187 -16.6834 0.988153
-30.2236 -16.6149 0.988142
-30.3466 -16.6732 0.988701
-30.272 -16.6861 0.984488
-30.334 -16.5919 0.988001
-30.2995 -16.6364 0.989056
-30.3556 -16.6847 0.987239
-30.2752 -16.6707 0.988135
-30.2519 -16.6275 0.985364
-30.3432 -16.7082 0.987679
-30.3079 -16.736 0.989052
-30.3099 -16.7371 0.989197
-30.6101 -14.406 0.979496
