86.5872 -31.7386 3.55505
86.5487 -31.7483 3.55376
86.6784 -31.7367 3.55455
86.6999 -31.6851 3.55411
86.6108 -31.7253 3.55559
86.6859 -31.729 3.55414
86.5973 -31.7708 3.55275
86.617 -31.749 3.55121
86.6167 -31.8097 3.55317
86.6231 -31.7498 3.55524
86.6285 -31.7502 3.55517
86.6249 -31.7477 3.55537
86.5656 -31.8044 3.55526
86.6008 -31.8152 3.55409
86.5286 -31.7759 3.55478
86.6375 -31.782 3.5536
86.68 -31.6807 3.55067
86.6521 -31.7523 3.5546
86.5832 -31.8035 3.55549
86.6248 -31.7245 3.55286
86.643 -31.7832 3.5559
86.6416 -31.7212 3.55728
86.616 -31.7316 3.55279
86.7065 -31.6848 3.55562
86.5774 -31.8331 3.55418
86.5458 -31.7358 3.5558
86.5562 -31.7356 3.5557
86.616 -31.7192 3.55204
86.6085 -31.7109 3.55549
86.6145 -31.7117 3.55543
86.6105 -31.7125 3.55543
86.6266 -31.6425 3.55676
86.5241 -31.7687 3.55236
86.5762 -31.7406 3.55607
86.6777 -31.7275 3.5562
86.6451 -31.7442 3.55214
86.5199 -31.6987 3.55603
86.5892 -31.7767 3.55524
86.6149 -31.6998 3.55429
86.6168 -31.6995 3.55436
86.6169 -31.7554 3.55506
86.6025 -31.7256 3.55358
86.6022 -31.717 3.55375
86.6609 -31.7104 3.55483
86.6261 -31.7071 3.55417
86.5808 -31.7805 3.55367
86.6408 -31.7695 3.55176
86.6754 -31.6933 3.55544
86.5626 -31.8151 3.55237
86.5294 -31.8338 3.55652
86.6257 -31.7606 3.55431
86.5383 -31.7852 3.55649
86.6894 -31.6697 3.55324
86.6891 -31.6693 3.55315
86.6011 -31.647 3.5528
86.6274 -31.6534 3.55615
86.6304 -31.6477 3.55641
86.6127 -31.7362 3.55635
86.6866 -31.732 3.55318
86.6955 -31.7243 3.55432
86.6444 -31.6827 3.55415
86.6347 -31.7253 3.55636
86.6478 -31.7591 3.55479
86.6374 -31.6948 3.55484
86.5553 -31.7117 3.55753
86.6538 -31.7587 3.55365
86.6244 -31.7463 3.55765
86.6439 -31.7677 3.55498
86.6486 -31.7214 3.55451
86.6687 -31.5648 3.55419
86.6322 -31.7882 3.55485
86.6789 -31.7605 3.55219
86.6736 -31.758 3.55227
86.6416 -31.6902 3.55338
86.6502 -31.7448 3.55429
86.6208 -31.7351 3.55394
86.675 -31.706 3.55578
86.6752 -31.704 3.55573
86.5996 -31.8005 3.55524
86.5954 -31.8 3.55522
86.5933 -31.6642 3.55801
86.6917 -31.7207 3.55317
86.5768 -31.7222 3.55284
86.5109 -31.7539 3.55338
86.6104 -31.7784 3.55452
86.7006 -31.7096 3.55463
86.6777 -31.6923 3.55653
86.5797 -31.6814 3.55594
86.5772 -31.68 3.55608
86.5761 -31.748 3.55272
86.5802 -31.7572 3.55266
86.6658 -31.7564 3.55706
86.5227 -31.7321 3.55355
86.5975 -31.6583 3.55483
86.5984 -31.6534 3.55465
86.5855 -31.756 3.55259
86.6431 -31.743 3.55211
86.6395 -31.7433 3.55208
86.6384 -31.7431 3.55273
86.6332 -31.6875 3.55613
86.5747 -31.7748 3.55441
86.6563 -31.7474 3.54971
86.6134 -31.7239 3.55224
86.5412 -31.7068 3.5537
86.6189 -31.7481 3.55105
86.6488 -31.7463 3.55608
86.6407 -31.7433 3.55573
86.7433 -31.6367 3.5548
86.6503 -31.7189 3.55695
86.7 -31.704 3.55581
86.6356 -31.6942 3.55462
86.6454 -31.7177 3.55426
86.6615 -31.7538 3.55151
86.6583 -31.6726 3.55453
86.6727 -31.7472 3.5516
86.693 -31.7363 3.55683
86.5925 -31.7561 3.55622
86.685 -31.7158 3.55608
86.6784 -31.7451 3.55677
86.6993 -31.6728 3.55166
86.6236 -31.7999 3.55288
86.6166 -31.7976 3.55282
86.6176 -31.7988 3.55278
86.5894 -31.7831 3.55419
86.6655 -31.7375 3.55433
86.6781 -31.7389 3.55791
86.656 -31.7572 3.5576
86.5931 -31.7633 3.55365
86.5264 -31.771 3.55412
86.6474 -31.7622 3.55332
86.6752 -31.7152 3.55216
86.6788 -31.7276 3.55584
86.6918 -31.6691 3.55461
86.6913 -31.6702 3.5546
86.6379 -31.7864 3.55374
86.6129 -31.6912 3.55459
86.5444 -31.7506 3.55435
86.633 -31.7802 3.55031
86.609 -31.7462 3.55402
86.6379 -31.6439 3.55095
86.5353 -31.7545 3.5577
86.6349 -31.782 3.5563
86.6344 -31.7801 3.55626
86.6426 -31.7464 3.55536
86.646 -31.7457 3.55544
86.6741 -31.758 3.5541
86.5864 -31.6183 3.55377
86.6301 -31.6938 3.55721
86.6765 -31.7207 3.55518
86.6717 -31.7606 3.55677
86.5796 -31.7397 3.55637
86.6057 -31.6867 3.55278
86.5865 -31.7209 3.5538
86.671 -31.6887 3.55341
86.6125 -31.6563 3.55588
86.6546 -31.7136 3.55534
86.606 -31.7779 3.55358
86.6539 -31.7764 3.55559
86.5599 -31.7642 3.55296
86.6554 -31.662 3.55708
86.6554 -31.6584 3.55705
86.6576 -31.6643 3.55705
86.6128 -31.7206 3.55484
86.5689 -31.6909 3.55376
86.6721 -31.7497 3.55359
86.6778 -31.7258 3.55207
86.6666 -31.7168 3.55275
86.661 -31.7104 3.55434
86.6666 -31.7164 3.55419
86.6686 -31.7149 3.55415
86.6657 -31.6748 3.55558
86.6228 -31.7083 3.55442
86.5894 -31.6947 3.55142
86.6137 -31.7928 3.55375
86.616 -31.8014 3.55364
86.5448 -31.7099 3.55538
86.6033 -31.8238 3.55337
86.6397 -31.7353 3.55261
86.6371 -31.7422 3.55627
86.5387 -31.7559 3.55596
86.6286 -31.7328 3.55343
86.5677 -31.7502 3.55471
86.6617 -31.7282 3.5552
86.636 -31.6421 3.55624
86.634 -31.6445 3.55633
86.6602 -31.7399 3.55232
86.6276 -31.7948 3.55302
86.6274 -31.7926 3.55328
86.6344 -31.7908 3.55315
86.6423 -31.7379 3.55407
86.5496 -31.7649 3.55363
86.6551 -31.7817 3.55209
86.4563 -31.6966 3.55803
86.5859 -31.7387 3.5552
86.5427 -31.7482 3.55389
86.6469 -31.7856 3.55206
86.6708 -31.7371 3.55456
86.6746 -31.7432 3.55456
86.6149 -31.725 3.55561
86.6861 -31.7355 3.55403
86.6992 -31.7031 3.55532
86.6968 -31.7011 3.55515
86.6011 -31.7753 3.55277
86.551 -31.8366 3.55626
86.6213 -31.8116 3.55325
86.6207 -31.813 3.55319
86.6213 -31.753 3.55509
86.5776 -31.7851 3.55565
86.5703 -31.8066 3.55502
86.528 -31.7714 3.55478
86.634 -31.7795 3.55353
86.6811 -31.6826 3.55079
86.6794 -31.7097 3.55707
86.6539 -31.7529 3.55466
86.5856 -31.8073 3.55526
86.5814 -31.8354 3.55336
86.6472 -31.7832 3.55579
86.641 -31.7777 3.55586
86.6186 -31.7339 3.55254
86.5633 -31.6865 3.55471
86.5614 -31.689 3.55467
86.7282 -31.7014 3.55441
86.6061 -31.7236 3.55195
86.5739 -31.7322 3.55691
86.7017 -31.6906 3.55375
86.701 -31.69 3.5539
86.57 -31.7351 3.55617
86.5263 -31.7768 3.55383
86.5286 -31.7762 3.55383
86.5228 -31.6966 3.55613
86.5539 -31.7574 3.55357
86.5572 -31.7597 3.55335
86.5525 -31.7577 3.55363
86.6147 -31.7018 3.55443
86.6154 -31.7038 3.55452
86.6069 -31.7198 3.55341
86.6055 -31.7212 3.55366
86.6075 -31.7259 3.55351
86.6054 -31.719 3.55347
86.6585 -31.7093 3.55514
86.583 -31.7813 3.55368
86.6412 -31.7719 3.55173
86.6421 -31.7704 3.55183
86.6763 -31.6922 3.55526
86.5593 -31.8175 3.55233
86.6141 -31.7823 3.554
86.6252 -31.7668 3.55437
86.673 -31.7406 3.55616
86.6702 -31.735 3.55623
86.6709 -31.7411 3.55621
86.539 -31.7779 3.55623
86.6026 -31.6576 3.55303
86.5542 -31.8046 3.55125
86.5748 -31.7974 3.55492
86.6233 -31.6554 3.55615
86.6107 -31.7362 3.55638
86.6862 -31.735 3.55372
86.6898 -31.6884 3.555
86.6892 -31.6931 3.55478
86.683 -31.6945 3.55508
86.6908 -31.7257 3.55426
86.6936 -31.7204 3.5543
86.6393 -31.6815 3.55461
86.6376 -31.7301 3.55633
86.6382 -31.6931 3.555
86.7484 -31.693 3.5537
86.5602 -31.7047 3.55744
86.6499 -31.7584 3.55503
86.6404 -31.7221 3.55458
86.6315 -31.7514 3.5546
86.6346 -31.75 3.55445
86.6348 -31.746 3.55433
86.6752 -31.753 3.55206
86.5124 -31.7549 3.55257
86.6417 -31.6869 3.55332
86.6731 -31.7195 3.55571
86.6708 -31.7155 3.55569
86.6493 -31.7532 3.55454
86.6204 -31.733 3.5541
86.6483 -31.6759 3.55552
86.5815 -31.6934 3.55522
86.5746 -31.6968 3.55512
86.5961 -31.796 3.55516
86.5866 -31.6655 3.55797
86.549 -31.7355 3.553
86.6279 -31.7996 3.54998
86.5034 -31.7507 3.55332
86.6155 -31.7702 3.5539
86.7009 -31.7041 3.55471
86.741 -31.6787 3.55237
86.5785 -31.6803 3.55591
86.5858 -31.678 3.5561
86.5772 -31.7539 3.55281
86.7186 -31.6926 3.55317
86.5248 -31.7294 3.55369
86.7013 -31.7036 3.5531
86.6013 -31.6592 3.55493
86.6497 -31.7468 3.55203
86.6497 -31.7474 3.55271
86.6411 -31.7472 3.55268
86.6383 -31.6876 3.55603
86.5674 -31.7822 3.55423
86.6128 -31.7195 3.5523
86.5359 -31.7663 3.55072
86.5408 -31.7079 3.55376
86.5962 -31.6738 3.55127
86.6618 -31.7406 3.55664
86.6458 -31.7501 3.55616
86.6509 -31.7471 3.55605
86.6386 -31.746 3.5557
86.6392 -31.7389 3.55583
86.633 -31.7421 3.55543
86.6822 -31.6791 3.55513
86.5678 -31.8325 3.55305
86.6557 -31.7151 3.55704
86.6662 -31.6629 3.5544
86.6625 -31.6609 3.5544
86.6457 -31.7223 3.55418
86.6436 -31.721 3.55437
86.5503 -31.7878 3.55328
86.6205 -31.7568 3.55149
86.6498 -31.667 3.55496
86.6679 -31.7452 3.55131
86.6708 -31.6751 3.55807
86.6407 -31.6375 3.55615
86.6873 -31.7396 3.55678
86.6851 -31.7181 3.55597
86.6786 -31.7433 3.55668
86.6958 -31.6757 3.55157
86.6328 -31.7047 3.55257
86.6164 -31.7948 3.55292
86.6204 -31.7983 3.5529
86.6723 -31.7409 3.55428
86.6704 -31.7468 3.55786
86.6725 -31.757 3.55561
86.5931 -31.7573 3.55351
86.5309 -31.7821 3.55395
86.5938 -31.805 3.5522
86.6626 -31.7384 3.5536
86.6503 -31.7355 3.5534
86.6734 -31.713 3.55233
86.685 -31.7259 3.55597
86.6931 -31.6799 3.55465
86.6676 -31.747 3.55409
86.6685 -31.7441 3.55411
86.6304 -31.6486 3.55398
86.6806 -31.7003 3.55575
86.6134 -31.6924 3.55431
86.5478 -31.7469 3.55438
86.6113 -31.5992 3.55747
86.6079 -31.7473 3.55407
86.616 -31.7468 3.55406
86.5341 -31.7571 3.55764
86.6492 -31.7463 3.55355
86.7269 -31.7074 3.55649
86.628 -31.7834 3.55622
86.6312 -31.7765 3.55627
86.5718 -31.7454 3.55472
86.5251 -31.6621 3.55601
86.6749 -31.7523 3.55399
86.6785 -31.7185 3.55498
86.668 -31.7677 3.5568
86.5823 -31.734 3.55628
86.578 -31.7323 3.55634
86.606 -31.683 3.55307
86.5965 -31.7228 3.55402
86.6658 -31.6875 3.55328
86.6359 -31.7482 3.5544
86.6519 -31.7119 3.55518
86.551 -31.657 3.55226
86.6208 -31.7293 3.55418
86.6517 -31.7768 3.55566
86.5991 -31.8075 3.55685
86.6903 -31.6845 3.55489
86.7026 -31.7024 3.55201
86.705 -31.7017 3.55204
86.6988 -31.7002 3.55214
86.6005 -31.7788 3.55271
86.6725 -31.7525 3.55342
86.684 -31.7184 3.55214
86.7055 -31.692 3.5548
86.5453 -31.7233 3.55136
86.6075 -31.7408 3.55216
86.6259 -31.7033 3.55476
86.6563 -31.6533 3.55704
86.545 -31.6999 3.55528
86.5538 -31.7065 3.55521
86.601 -31.8166 3.55344
86.6338 -31.7374 3.55265
86.6368 -31.7401 3.55255
86.5749 -31.764 3.55564
86.5403 -31.7583 3.55597
86.5889 -31.7226 3.55667
86.6881 -31.7164 3.55462
86.5681 -31.7478 3.55466
86.6516 -31.7258 3.55515
86.6898 -31.7275 3.55398
86.6603 -31.7406 3.55223
86.6654 -31.7413 3.55218
86.6317 -31.7963 3.55322
86.5132 -31.6599 3.55233
86.5627 -31.668 3.55596
86.5491 -31.7475 3.55379
86.6411 -31.7881 3.55209
86.6258 -31.6394 3.55336
86.6698 -31.7405 3.55465
86.6179 -31.7275 3.55552
86.6898 -31.732 3.5542
86.5987 -31.7698 3.55279
86.5523 -31.837 3.55619
86.6982 -31.6828 3.55792
86.6132 -31.7498 3.55107
86.5828 -31.8496 3.54977
86.6201 -31.8096 3.55318
86.6159 -31.7484 3.55537
86.5308 -31.6463 3.55149
86.5653 -31.8103 3.55517
86.6055 -31.8158 3.5539
86.577 -31.7695 3.55451
86.5782 -31.7656 3.55459
86.6334 -31.7743 3.55338
86.6505 -31.7524 3.55456
86.6526 -31.7558 3.55454
86.65 -31.7304 3.55031
86.6219 -31.7241 3.55271
86.6416 -31.7707 3.5558
86.6488 -31.7801 3.55581
86.6214 -31.7321 3.55277
86.699 -31.6816 3.55576
86.706 -31.6908 3.55581
86.5771 -31.8223 3.55415
86.5731 -31.7461 3.55716
86.5821 -31.7319 3.55684
86.5723 -31.7298 3.55703
86.6941 -31.6959 3.55377
86.6287 -31.6477 3.55684
86.6327 -31.6466 3.55678
86.576 -31.7371 3.55595
86.6799 -31.7281 3.55625
86.65 -31.7446 3.55207
86.5258 -31.6976 3.55605
86.5893 -31.7691 3.55516
86.6176 -31.7035 3.55437
86.6111 -31.7574 3.55522
86.6076 -31.7202 3.55357
86.6587 -31.7106 3.55488
86.6284 -31.7069 3.55412
86.6296 -31.6991 3.5544
86.5863 -31.7809 3.55389
86.6405 -31.7822 3.55484
86.7754 -31.6209 3.55659
86.5606 -31.8163 3.5521
86.612 -31.7814 3.55402
86.6266 -31.765 3.55417
86.674 -31.7361 3.55629
86.6102 -31.6734 3.55089
86.582 -31.7977 3.55478
86.6135 -31.736 3.55629
86.6852 -31.7423 3.55366
86.6872 -31.6896 3.55491
86.6933 -31.7283 3.55419
86.6389 -31.6816 3.55461
86.634 -31.7231 3.55643
86.6349 -31.7236 3.55644
86.6448 -31.7503 3.55474
86.6488 -31.7518 3.55469
86.6388 -31.688 3.55514
86.6616 -31.7392 3.55188
86.6203 -31.7436 3.55765
86.6447 -31.7683 3.55509
86.6672 -31.5641 3.5542
86.6383 -31.7527 3.55442
86.6704 -31.757 3.55206
86.6779 -31.7513 3.5536
86.6811 -31.7478 3.55351
86.512 -31.7544 3.55275
86.5147 -31.7538 3.55265
86.654 -31.7518 3.55419
86.6242 -31.7325 3.55405
86.6472 -31.6794 3.55537
86.6795 -31.7053 3.55587
86.5823 -31.6922 3.55526
86.6723 -31.6593 3.55401
86.5912 -31.6613 3.55807
86.5927 -31.667 3.55813
86.6886 -31.7204 3.55351
86.6907 -31.7218 3.55339
86.6897 -31.7182 3.55348
86.5841 -31.7205 3.55275
86.6183 -31.7853 3.55473
86.7026 -31.7052 3.55481
86.5143 -31.7506 3.55569
86.6758 -31.6954 3.55664
86.6223 -31.757 3.55432
86.6229 -31.7575 3.55418
86.5792 -31.6845 3.55618
86.5803 -31.7501 3.5526
86.7165 -31.6977 3.55327
86.5229 -31.7337 3.55367
87.5642 -34.6134 3.54863
