79.5305 17.1799 0.105666
79.6852 17.2458 0.106803
79.489 17.1283 0.101919
79.5093 17.1897 0.106386
79.6085 17.1118 0.105003
79.4729 17.108 0.103176
79.6671 16.9748 0.103572
79.644 17.06 0.104689
79.4958 17.1653 0.101794
79.6613 17.1396 0.105762
79.5285 17.1521 0.106508
79.5772 17.0992 0.10894
79.5427 17.1592 0.109621
79.5431 17.1614 0.102016
79.7106 17.105 0.101146
79.6106 17.1844 0.102965
79.6687 17.1729 0.101641
79.5707 17.1794 0.101008
79.6465 17.215 0.103893
79.6648 17.1259 0.101356
79.5959 17.2657 0.102052
79.5794 17.1623 0.106419
79.581 17.0199 0.102431
79.5376 17.0815 0.106308
79.5458 17.1889 0.106383
79.503 17.17 0.105434
79.4769 17.127 0.101196
79.6191 17.1844 0.105651
79.5555 17.2833 0.100746
79.6694 17.3581 0.107319
79.529 17.1426 0.0996149
79.5658 17.2395 0.104211
79.5976 17.1341 0.105049
79.5022 17.1121 0.105673
79.5944 17.1603 0.106654
79.438 17.1252 0.104626
79.6069 17.2789 0.103547
79.6209 17.3087 0.101739
79.5226 17.0872 0.105017
79.5655 17.1159 0.107028
79.6752 17.1625 0.101046
79.7121 17.0814 0.102493
79.6322 16.964 0.108182
79.6055 17.192 0.105779
79.786 17.1433 0.105247
79.8063 17.1441 0.105663
79.5863 17.1243 0.104136
79.5318 17.2041 0.107504
79.5372 17.2162 0.102106
79.4503 16.9744 0.103694
79.6172 17.113 0.101507
79.6349 17.0848 0.104483
79.5769 17.2039 0.106492
79.6508 17.1628 0.104988
79.5707 17.081 0.108486
79.6018 17.1121 0.104403
79.8105 17.31 0.103072
79.6266 17.1314 0.102724
79.5746 17.1205 0.109449
79.6739 17.1494 0.102411
79.5887 17.1947 0.104244
79.5676 17.0571 0.0996933
79.4853 17.0835 0.104773
79.5342 17.2735 0.10662
79.6202 17.0649 0.104747
79.5552 17.1915 0.101441
79.5076 17.1683 0.101862
79.6235 17.2478 0.104297
79.554 17.1681 0.101108
79.4927 17.1862 0.10747
79.6516 17.1289 0.104488
79.5926 17.229 0.102366
79.506 17.0998 0.103489
79.6081 17.2276 0.104419
79.5565 17.1886 0.104089
79.6821 17.2128 0.105648
79.6201 17.2053 0.105308
79.5187 17.1716 0.103447
79.5431 17.1887 0.102988
79.6114 17.161 0.104057
79.553 17.2114 0.10794
79.5504 17.0205 0.101569
79.571 17.0764 0.103775
79.5667 17.257 0.101923
79.6656 17.0484 0.105374
79.5713 17.0265 0.105364
79.5947 17.0678 0.10642
79.644 17.1556 0.104068
79.6573 17.1928 0.107039
79.5816 17.1934 0.104221
79.626 17.215 0.105166
79.5447 17.1673 0.102686
79.5067 17.0656 0.103065
79.5718 17.263 0.106443
79.5581 17.1795 0.105923
79.5359 17.2014 0.105976
79.5323 17.2535 0.103264
79.6949 17.1577 0.105343
79.6303 17.1458 0.105386
79.6286 17.1501 0.104281
79.5685 17.09 0.102783
79.5712 17.3067 0.106906
79.564 17.3002 0.103898
79.5019 17.1336 0.106597
79.5159 17.2194 0.102538
79.6701 17.2818 0.106022
79.5163 17.186 0.104984
79.5479 17.1437 0.104319
79.6848 17.2314 0.103518
79.4596 17.1656 0.104426
79.4716 17.1634 0.106924
79.6333 17.0149 0.101778
79.67 16.9901 0.105565
79.5516 17.0505 0.104692
79.5558 17.1597 0.106044
79.5525 17.1842 0.105036
79.6108 17.1817 0.105728
79.5371 17.119 0.107223
79.6924 17.1011 0.101078
79.6527 17.1753 0.101634
79.5656 17.1497 0.104058
79.5296 17.1652 0.102312
79.6397 17.1123 0.103765
79.6562 17.1882 0.105497
79.6186 17.1079 0.104243
79.5425 17.3058 0.106303
79.4599 17.2378 0.104856
79.6534 17.1445 0.0986969
79.5948 17.2038 0.10567
79.595 17.1195 0.105223
79.5402 17.2524 0.10489
79.5802 17.0749 0.105224
79.6921 17.0444 0.101899
79.6431 17.1474 0.104535
79.4843 17.1506 0.101367
79.7049 17.0899 0.101255
79.654 17.2012 0.104937
79.6501 17.1501 0.105542
79.5637 17.1042 0.106605
79.5746 16.9482 0.101375
79.5835 17.0617 0.103802
79.585 17.0752 0.105491
79.5255 17.1182 0.103659
79.5462 17.1481 0.102157
79.8356 17.1526 0.104501
79.5608 17.098 0.101313
79.5123 17.2044 0.106825
79.5643 17.1058 0.106429
79.5518 17.1447 0.102699
79.569 17.2212 0.106404
79.5521 17.1774 0.104328
79.5586 17.1508 0.107997
79.6091 17.1029 0.102997
79.5488 17.2341 0.10409
79.5618 17.298 0.103325
79.6536 17.1234 0.103775
79.6745 17.0836 0.103841
79.613 17.0716 0.104943
79.607 17.2022 0.0987396
79.767 17.2908 0.102256
79.5553 17.1078 0.104287
79.5996 17.198 0.109255
79.6152 17.065 0.104283
79.5936 17.2209 0.107302
79.5829 17.2194 0.103774
79.5543 17.124 0.105141
79.5895 17.2186 0.104388
79.6197 17.0376 0.103279
79.5854 17.1182 0.101106
79.4096 17.1801 0.10638
79.5499 17.1541 0.103166
79.6321 17.2386 0.106148
79.4037 17.225 0.104347
79.584 17.1421 0.103035
79.6387 17.1004 0.0998922
79.6555 17.0887 0.105464
79.558 17.261 0.106454
79.4635 17.114 0.103
79.5805 17.1988 0.105419
79.5189 17.1127 0.102287
79.5431 17.1211 0.101697
79.6623 17.1638 0.102841
79.775 17.055 0.103081
79.5497 17.0406 0.101462
79.4323 17.1609 0.103576
79.518 17.2162 0.103165
79.611 17.1819 0.103207
79.508 17.1824 0.102983
79.5607 17.2354 0.104825
79.4968 17.1915 0.10395
79.5892 17.0817 0.106604
79.47 17.078 0.103154
79.5553 17.1156 0.100318
79.5367 17.2066 0.108894
79.6602 17.1667 0.104712
79.5567 17.1221 0.102099
79.6338 17.2174 0.106849
79.6216 17.0549 0.103968
79.6414 17.1723 0.100985
79.5451 17.2461 0.104307
79.4739 17.1175 0.103119
79.5009 17.1556 0.0993265
79.5425 17.2463 0.105481
79.6391 17.1576 0.104842
79.6519 17.1348 0.102924
79.5015 17.0871 0.0994792
79.5998 17.2523 0.105465
79.5644 17.1276 0.10176
79.633 17.1711 0.102982
79.6455 17.1692 0.106746
79.5224 17.1613 0.100125
79.5355 17.165 0.104023
79.5473 17.1631 0.106557
79.4954 17.2198 0.105112
79.4366 17.2807 0.102576
79.6789 17.2135 0.105664
79.5648 17.1519 0.103135
79.563 17.2447 0.104619
79.5524 17.0956 0.102033
79.6412 17.2625 0.10439
79.7069 17.3041 0.10385
79.5513 17.0466 0.103038
79.655 17.2215 0.104246
79.7249 17.1335 0.100417
79.6188 17.1692 0.101873
79.4996 17.2715 0.105712
79.6463 17.119 0.101727
79.5361 17.2174 0.103963
79.5911 17.2015 0.103569
79.529 17.1559 0.105212
79.6165 17.2167 0.100855
79.4478 17.136 0.101828
79.6822 17.0792 0.106435
79.5642 17.1628 0.104706
79.6536 17.183 0.106867
79.5454 17.2145 0.103512
79.5347 17.1986 0.104733
79.5737 17.1547 0.104615
79.7108 17.1585 0.101556
79.7213 17.1283 0.102133
79.6276 17.2127 0.105251
79.6343 17.1652 0.107816
79.6503 17.1834 0.107449
79.6198 17.1666 0.106437
79.5807 17.1109 0.102996
79.6448 17.0961 0.103057
79.599 17.0991 0.10296
79.4834 17.1422 0.103655
79.6653 17.1132 0.104522
79.5506 17.2004 0.101951
79.5184 17.1159 0.102002
79.5699 17.1709 0.105807
79.6313 17.2198 0.106061
79.4485 17.2176 0.104519
79.5427 17.1118 0.100675
79.5799 17.1413 0.101402
79.6519 17.1866 0.100069
79.515 17.1774 0.102253
79.5535 17.2251 0.10661
79.572 17.2204 0.107116
79.618 17.1778 0.102366
79.6764 17.2226 0.101542
79.4812 17.1745 0.107502
79.6579 17.1483 0.104027
79.5951 17.2783 0.106988
79.5835 17.2581 0.104552
79.6286 17.3016 0.105546
79.5371 17.1153 0.106839
79.7368 17.2762 0.10011
79.5449 17.0168 0.103015
79.6628 17.0766 0.109797
79.6487 17.2419 0.106199
79.5046 17.2102 0.109297
79.6205 17.1592 0.104523
79.5993 17.1718 0.107227
79.5316 17.2246 0.104612
79.6063 17.1531 0.105096
79.5518 17.1063 0.100325
79.447 17.1271 0.104343
79.4451 17.258 0.102496
79.5433 17.213 0.104408
79.6092 17.2343 0.101231
79.5474 17.2357 0.103015
79.5406 17.1675 0.104153
79.5168 17.1893 0.10317
79.637 17.1674 0.10201
79.554 17.1852 0.104485
79.6446 17.0734 0.104242
79.5345 17.1739 0.104865
79.5837 17.1299 0.105455
79.5249 17.2002 0.104725
79.503 17.15 0.10449
79.519 17.1389 0.104472
79.6356 17.1259 0.101481
79.6005 17.1529 0.100854
79.6238 17.0941 0.103883
79.5287 17.2033 0.105084
79.526 17.0173 0.104453
79.5082 17.0512 0.104517
79.4752 17.2077 0.104526
79.5924 17.1825 0.103459
79.5886 17.2022 0.102157
79.5937 17.0922 0.105493
79.4575 17.2022 0.101338
79.534 17.1399 0.104004
79.608 17.0653 0.103726
79.6428 17.0713 0.102685
79.5942 17.1187 0.105192
79.5761 17.3106 0.106578
79.5444 17.1288 0.102227
79.4819 17.1442 0.101707
79.4557 17.1765 0.102361
79.551 17.2752 0.106183
79.6677 17.1279 0.108072
79.6194 17.1526 0.10311
79.6614 17.1734 0.103057
79.5185 17.2445 0.103963
79.6327 17.2559 0.107235
79.6031 17.2329 0.105932
79.5751 17.162 0.105728
79.6394 17.3815 0.103884
79.6322 17.2605 0.104247
79.6205 17.1835 0.104855
79.4704 17.0956 0.105926
79.7127 17.2631 0.100467
79.4959 17.1445 0.105671
79.5117 17.2217 0.101939
79.5068 17.1727 0.106208
79.6042 17.2002 0.105792
79.5034 17.1814 0.100772
79.5606 17.0823 0.101786
79.6582 16.9915 0.104126
79.5993 17.0764 0.106473
79.6563 17.1188 0.1049
79.5587 17.1105 0.103835
79.6796 17.2007 0.104341
79.5184 17.2091 0.103456
79.6285 17.2116 0.105343
79.6771 17.1195 0.0991523
79.5261 17.1048 0.103833
79.5058 17.1873 0.102244
79.567 17.2823 0.103522
79.6399 17.1262 0.103981
79.5031 17.291 0.105795
79.6942 17.1147 0.103283
79.5322 17.0325 0.10326
79.5909 17.1494 0.105304
79.5439 17.2366 0.105834
79.5594 17.1868 0.103577
79.6941 17.1702 0.100137
79.7319 17.0176 0.102793
79.612 17.2794 0.104565
79.5695 17.1845 0.106363
79.6036 17.1499 0.105009
79.6052 17.1821 0.101493
79.6217 17.2203 0.10524
79.6392 17.0965 0.101973
79.5931 17.0568 0.102097
79.5992 17.0993 0.103329
79.4335 17.2509 0.103628
79.7286 17.1079 0.107718
79.6581 17.2068 0.107852
79.5494 17.2275 0.099427
79.5402 17.2416 0.108709
79.5766 17.142 0.104166
79.6274 17.0894 0.103412
79.6139 17.1083 0.102685
79.7109 17.1817 0.100599
79.5142 17.1769 0.10443
79.6257 17.1175 0.104023
79.6661 17.098 0.0993879
79.6294 17.0821 0.100775
79.5966 17.165 0.107387
79.7667 17.1943 0.104622
79.6228 17.0989 0.0989705
79.5243 17.2243 0.105468
79.7332 17.2343 0.102773
79.6225 17.3528 0.105148
79.6547 17.252 0.103626
79.5513 17.1951 0.10338
79.5471 17.051 0.1024
79.5953 17.0798 0.103552
79.514 17.0659 0.102726
79.6757 17.2422 0.103081
79.5496 17.1977 0.106264
79.5906 17.3018 0.10549
79.5014 17.153 0.104113
79.5291 17.2261 0.103831
79.6567 17.0643 0.103528
79.7675 17.3425 0.102918
79.6249 17.0978 0.107903
79.6221 17.1474 0.10112
79.5559 17.1631 0.102509
79.5443 17.1044 0.105677
79.5677 17.1856 0.104294
79.6204 17.1496 0.104057
79.521 17.1459 0.10387
79.5233 17.3133 0.104276
79.5367 17.2706 0.106458
79.55 17.1622 0.098986
79.603 17.0864 0.101966
79.6098 17.2013 0.105797
79.6518 17.1042 0.10326
79.6322 17.1256 0.103619
79.592 17.1122 0.0987069
79.6928 17.1344 0.103676
79.4621 17.0849 0.105955
79.574 17.2044 0.105003
79.5383 17.2455 0.102773
79.5554 17.1959 0.104044
79.4281 17.0993 0.102574
79.5747 17.0459 0.102467
79.6233 17.0546 0.102202
79.663 17.0575 0.101619
79.6089 17.1004 0.101646
79.6425 17.1501 0.105845
79.5634 17.2059 0.103782
79.6118 17.2833 0.104482
79.564 17.2251 0.105304
79.4484 17.1448 0.104911
79.6024 17.0796 0.103784
79.6202 17.0769 0.103345
79.6241 17.07 0.105679
79.5393 17.1354 0.103786
79.5799 17.0971 0.103828
79.5966 17.1183 0.105342
79.5929 17.1384 0.103225
79.5555 17.1843 0.103673
79.5595 17.1345 0.104101
79.4724 17.1896 0.103683
79.5318 17.1961 0.107282
79.5539 17.1179 0.106204
79.6585 17.1036 0.100963
79.6532 17.1894 0.10163
79.575 17.147 0.105422
79.6098 17.1296 0.10139
79.6905 17.2031 0.107757
79.4444 17.2241 0.103394
79.4541 17.1317 0.10558
79.5576 17.1497 0.106528
79.5485 17.1249 0.105538
79.5144 17.1757 0.1021
79.5381 17.1973 0.104384
79.5623 17.1607 0.104807
79.6704 17.0866 0.103919
79.6215 17.2125 0.106069
79.5863 17.2064 0.109039
79.5335 17.2289 0.104068
79.6818 17.1035 0.101427
79.6701 17.0903 0.0993966
79.6622 17.2864 0.103883
79.6984 17.2751 0.10576
79.7327 17.282 0.103788
79.5398 17.0466 0.100063
79.6696 17.0645 0.105852
79.6511 17.1315 0.10672
79.6066 17.1975 0.106598
79.6579 17.1036 0.103622
79.6258 17.2433 0.103187
79.6032 17.2126 0.105019
79.5922 17.0356 0.102761
79.5776 17.0542 0.106751
79.6717 17.0501 0.103868
79.5815 17.1991 0.100779
79.5022 17.1708 0.108339
79.6072 17.2185 0.103808
79.6083 17.1989 0.107037
79.6614 17.1283 0.105222
79.6343 17.2337 0.101709
79.5607 17.1261 0.103646
79.5979 17.004 0.104528
79.633 17.124 0.100568
79.5978 17.0865 0.104028
79.5942 17.1682 0.106555
79.5285 17.0227 0.09982
79.7394 17.1505 0.104313
79.581 17.1578 0.104223
79.6865 17.2687 0.102142
79.6117 17.2859 0.104098
79.6456 17.185 0.102477
79.3956 17.1334 0.105197
79.5932 17.1099 0.101025
79.5585 17.1087 0.103982
79.6819 17.1999 0.102193
79.685 17.2427 0.103054
79.6346 17.1183 0.104492
79.5942 17.2424 0.10461
79.5699 17.1517 0.105136
79.7567 17.3273 0.102496
79.7778 17.2793 0.102399
79.7034 17.1001 0.10951
79.5932 17.2466 0.10691
79.6204 17.2203 0.1067
79.66 17.1415 0.10439
79.5942 17.121 0.10031
79.591 17.2587 0.107409
79.409 17.1489 0.10654
79.5094 17.1467 0.101883
79.5136 17.177 0.096519
78.2566 19.3243 0.0885369
