-41.2294 -47.8564 1.55997
-41.2727 -47.7607 1.55513
-41.2855 -47.8044 1.55862
-41.2662 -47.7874 1.55705
-41.0838 -47.7317 1.55484
-41.179 -47.7235 1.5608
-41.1656 -47.875 1.55617
-41.1854 -47.8486 1.55902
-41.13 -47.8574 1.55891
-41.1153 -47.7435 1.55404
-41.219 -47.7862 1.55548
-41.1898 -47.8603 1.5552
-41.1345 -47.793 1.55546
-41.2752 -47.8468 1.56396
-41.2069 -47.6194 1.55755
-41.1542 -47.7572 1.55874
-41.2166 -47.7702 1.55748
-41.1014 -47.8159 1.55781
-41.2287 -47.7371 1.55604
-41.1671 -47.8036 1.55615
-41.1499 -47.8105 1.55876
-41.0644 -47.7312 1.55893
-41.1422 -47.7736 1.55835
-41.2267 -47.6338 1.55816
-41.3154 -47.7896 1.56084
-41.167 -47.7831 1.55317
-41.2077 -47.827 1.55405
-41.2711 -47.7273 1.55694
-41.1485 -47.8975 1.555
-41.1669 -47.8225 1.55731
-41.2321 -47.7295 1.55942
-41.2029 -47.7688 1.55177
-41.0719 -47.784 1.55353
-41.1202 -47.7899 1.5563
-41.17 -47.8471 1.55784
-41.1626 -47.811 1.55783
-41.2815 -47.8119 1.55877
-41.1757 -47.8396 1.56052
-41.1218 -47.7747 1.56059
-41.2628 -47.673 1.55411
-41.2452 -47.6837 1.55668
-41.2193 -47.688 1.55498
-41.2228 -47.7112 1.55771
-41.1741 -47.7808 1.55884
-41.2698 -47.8281 1.56036
-41.2417 -47.8701 1.55861
-41.1292 -47.7347 1.55482
-41.1883 -47.8847 1.555
-41.1452 -47.8687 1.55395
-41.0167 -47.7765 1.55692
-41.1835 -47.872 1.55915
-41.2072 -47.7927 1.55378
-41.1823 -47.8969 1.55541
-41.2672 -47.7593 1.55687
-41.231 -47.7934 1.55688
-41.2603 -47.8166 1.55673
-41.2399 -47.7343 1.56236
-41.1182 -47.7356 1.55655
-41.1359 -47.6953 1.55735
-41.2343 -47.7464 1.55813
-41.275 -47.7864 1.55974
-41.2293 -47.9014 1.55788
-41.0298 -47.7656 1.55622
-41.2613 -47.8415 1.55596
-41.1937 -47.7825 1.55565
-41.2386 -47.7946 1.55231
-41.2401 -47.7798 1.55528
-41.2204 -47.884 1.55407
-41.1805 -47.8232 1.55728
-41.0887 -47.7753 1.55719
-41.2434 -47.7976 1.55503
-41.1904 -47.8531 1.56066
-41.3374 -47.7999 1.55799
-41.1107 -47.7468 1.55821
-41.243 -47.7487 1.55712
-41.1318 -47.7949 1.55466
-41.156 -47.8144 1.5587
-41.196 -47.821 1.55894
-41.2073 -47.7429 1.55886
-41.1719 -47.9515 1.55679
-41.3016 -47.9296 1.55755
-41.1527 -47.8156 1.55585
-41.2383 -47.8217 1.55423
-41.2058 -47.7239 1.55473
-41.1774 -47.7496 1.55256
-41.1013 -47.7262 1.55761
-41.173 -47.7194 1.55314
-41.1519 -47.777 1.5544
-41.0647 -47.7867 1.55874
-41.3022 -47.8616 1.55673
-41.2059 -47.8627 1.55779
-41.2262 -47.7741 1.55536
-41.1006 -47.7711 1.5585
-41.1154 -47.7081 1.55635
-41.1212 -47.6698 1.55627
-41.306 -47.8526 1.55344
-41.2349 -47.6818 1.55372
-41.2228 -47.7884 1.56015
-41.2282 -47.7623 1.55883
-41.1896 -47.8228 1.55321
-41.1997 -47.7925 1.55472
-41.2737 -47.9121 1.55733
-41.2151 -47.8938 1.55999
-41.1753 -47.8018 1.55729
-41.2384 -47.7281 1.5511
-41.2073 -47.7055 1.55029
-41.3259 -47.7871 1.55766
-41.1249 -47.7569 1.55329
-41.2256 -47.7302 1.55678
-41.2058 -47.8434 1.55707
-41.1611 -47.7128 1.5536
-41.1917 -47.7183 1.55893
-41.2557 -47.7365 1.5568
-41.2563 -47.8656 1.55619
-41.2222 -47.8317 1.5559
-41.3484 -47.8487 1.55509
-41.348 -47.7228 1.55545
-41.213 -47.8664 1.56098
-41.2046 -47.8254 1.5602
-41.236 -47.78 1.55839
-41.1609 -47.7545 1.55975
-41.097 -47.8332 1.554
-41.1575 -47.8385 1.55875
-41.1664 -47.8398 1.55788
-41.2155 -47.8269 1.55748
-41.1783 -47.8149 1.55779
-41.3178 -47.8619 1.55604
-41.1789 -47.8761 1.55531
-41.184 -47.8345 1.55491
-41.2306 -47.9269 1.5607
-41.2258 -47.7913 1.55754
-41.0774 -47.7483 1.55931
-41.2998 -47.7415 1.55678
-41.2942 -47.836 1.55569
-41.2388 -47.7909 1.55834
-41.1609 -47.7335 1.55989
-41.1936 -47.7553 1.55998
-41.2009 -47.7868 1.5622
-41.1159 -47.7469 1.55798
-41.2173 -47.847 1.55681
-41.2159 -47.7837 1.56009
-41.2092 -47.7387 1.55365
-41.1471 -47.7973 1.55681
-41.2589 -47.8283 1.55866
-41.2647 -47.8815 1.55765
-41.2478 -47.7601 1.55905
-41.3084 -47.821 1.55817
-41.2614 -47.8165 1.5574
-41.2001 -47.8083 1.55956
-41.1709 -47.7532 1.55485
-41.2003 -47.7494 1.55792
-41.1298 -47.6836 1.55793
-41.2005 -47.7187 1.55707
-41.1823 -47.678 1.55764
-41.1815 -47.8123 1.55354
-41.1044 -47.7616 1.5553
-41.1528 -47.7946 1.5562
-41.1911 -47.8215 1.55817
-41.2268 -47.866 1.55649
-41.2908 -47.8493 1.55676
-41.2849 -47.8384 1.55673
-41.315 -47.8097 1.55783
-41.1553 -47.8106 1.55935
-41.2485 -47.8489 1.55749
-41.3606 -47.8917 1.55795
-41.3455 -47.882 1.55673
-41.2496 -47.8597 1.5576
-41.312 -47.7599 1.55656
-41.2975 -47.7625 1.55626
-41.1462 -47.7709 1.55751
-41.2943 -47.6773 1.55772
-41.2187 -47.759 1.5572
-41.1235 -47.7891 1.55644
-41.2103 -47.9888 1.56062
-41.1372 -47.7178 1.5562
-41.2521 -47.7491 1.55591
-41.131 -47.8956 1.56241
-41.2065 -47.7968 1.55557
-41.1391 -47.7621 1.56029
-41.1195 -47.7562 1.55601
-41.2134 -47.7415 1.55717
-41.1613 -47.7692 1.55544
-41.1807 -47.8054 1.56015
-41.231 -47.9238 1.55933
-41.2662 -47.8453 1.55955
-41.2485 -47.692 1.55411
-41.1608 -47.7533 1.55474
-41.1545 -47.9095 1.55555
-41.255 -47.7626 1.55639
-41.1745 -47.8532 1.55261
-41.2331 -47.8143 1.55357
-41.2416 -47.7884 1.55508
-41.1419 -47.8534 1.55837
-41.1716 -47.8287 1.559
-41.2718 -47.8078 1.55588
-41.144 -47.7077 1.55974
-41.2107 -47.772 1.5509
-41.199 -47.7996 1.55749
-41.1928 -47.7242 1.55477
-41.2034 -47.7758 1.55278
-41.1711 -47.8055 1.55836
-41.0499 -47.8423 1.55497
-41.2286 -47.9067 1.55795
-41.2478 -47.8515 1.55626
-41.2612 -47.8531 1.55816
-41.3038 -47.9251 1.55588
-41.2436 -47.7666 1.5572
-41.2831 -47.725 1.55764
-41.2779 -47.7873 1.55521
-41.349 -47.9309 1.55596
-41.1822 -47.7898 1.55948
-41.272 -47.7294 1.55925
-41.2426 -47.946 1.55926
-41.0667 -47.7184 1.55708
-41.1457 -47.8333 1.55721
-41.1326 -47.889 1.55367
-41.1988 -47.8771 1.5544
-41.1576 -47.8513 1.55718
-41.2557 -47.7881 1.55544
-41.1609 -47.8964 1.55841
-41.0868 -47.8038 1.55757
-41.1177 -47.8777 1.55819
-41.1893 -47.8217 1.55733
-41.1986 -47.7708 1.5553
-41.2253 -47.7184 1.55272
-41.0317 -47.8374 1.55952
-41.2346 -47.8452 1.55511
-41.1766 -47.822 1.55774
-41.2371 -47.8316 1.5565
-41.2194 -47.7661 1.55786
-41.1969 -47.943 1.55826
-41.1505 -47.889 1.55884
-41.2772 -47.7103 1.55927
-41.1535 -47.8132 1.55489
-41.1549 -47.7607 1.55873
-41.2369 -47.8133 1.55612
-41.1296 -47.7997 1.55973
-41.1614 -47.7724 1.5565
-41.3195 -47.7632 1.55568
-41.2259 -47.7439 1.55478
-41.217 -47.8653 1.5561
-41.2849 -47.9465 1.5562
-41.2115 -47.8157 1.55662
-41.1703 -47.7796 1.5547
-41.1351 -47.6724 1.55735
-41.3204 -47.7921 1.55642
-41.3429 -47.7684 1.55584
-41.182 -47.8161 1.55829
-41.3363 -47.885 1.55907
-41.1467 -47.7544 1.55157
-41.2418 -47.8183 1.56113
-41.3071 -47.8905 1.55492
-41.2716 -47.7935 1.55911
-41.1554 -47.7317 1.55453
-41.192 -47.9047 1.56118
-41.1168 -47.7566 1.55921
-41.1069 -47.8034 1.55484
-41.2311 -47.7086 1.55602
-41.2457 -47.9871 1.55964
-40.9989 -47.6849 1.55545
-41.2143 -47.794 1.55951
-41.0889 -47.8263 1.55516
-41.113 -47.8361 1.56077
-41.1812 -47.8381 1.55555
-41.2175 -47.775 1.5578
-41.1341 -47.8352 1.5538
-41.1996 -47.7952 1.55565
-41.0934 -47.7889 1.55961
-41.1201 -47.7616 1.55933
-41.0809 -47.806 1.5579
-41.1748 -47.7463 1.55613
-41.0568 -47.9332 1.55522
-41.2908 -47.75 1.55645
-41.1828 -47.8334 1.55845
-41.0502 -47.8315 1.55967
-41.2413 -47.7876 1.55664
-41.0811 -47.7521 1.55523
-41.1913 -47.8169 1.55681
-41.1523 -47.7146 1.55496
-41.1697 -47.8745 1.5587
-41.2243 -47.8784 1.55658
-41.2507 -47.7045 1.56126
-41.1328 -47.7238 1.55508
-41.2599 -47.7557 1.554
-41.2898 -47.8203 1.55586
-41.1954 -47.6855 1.55734
-41.1209 -47.8809 1.55886
-41.2792 -47.7122 1.55308
-40.9759 -47.7034 1.55811
-41.1465 -47.6669 1.55309
-41.271 -47.697 1.55433
-41.0866 -47.7792 1.56008
-41.2023 -47.757 1.55577
-41.1606 -47.715 1.55904
-41.2246 -47.7015 1.55718
-41.2738 -47.7227 1.55923
-41.1568 -47.8008 1.55648
-41.1675 -47.8209 1.55303
-41.1041 -47.7761 1.55734
-41.0532 -47.758 1.55685
-41.1187 -47.7702 1.55701
-41.3365 -47.8322 1.55665
-41.2762 -47.8563 1.55559
-41.2625 -47.8063 1.55495
-41.2816 -47.7831 1.55645
-41.2284 -47.7162 1.55702
-41.1061 -47.6631 1.5566
-41.2066 -47.7479 1.55778
-41.3342 -47.7795 1.56008
-41.2158 -47.8144 1.55908
-41.282 -47.9309 1.55878
-41.1481 -47.8491 1.56128
-41.1649 -47.7674 1.55507
-41.2218 -47.7142 1.55558
-41.2873 -47.7941 1.55703
-41.3109 -47.7519 1.55474
-41.1495 -47.8352 1.55765
-41.1544 -47.8304 1.5551
-41.3071 -47.804 1.55274
-41.3388 -47.8196 1.55545
-41.2468 -47.8546 1.55935
-41.159 -47.8115 1.55692
-41.1107 -47.875 1.55908
-41.3024 -47.8296 1.55825
-41.2547 -47.8762 1.55979
-41.1452 -47.774 1.55604
-41.2116 -47.9228 1.55802
-41.1683 -47.7519 1.55387
-41.1169 -47.6845 1.55694
-41.1265 -47.777 1.5559
-41.243 -47.8594 1.55809
-41.2217 -47.8105 1.55666
-41.1938 -47.7279 1.55896
-41.0978 -47.7826 1.56184
-41.2614 -47.8516 1.5569
-41.2226 -47.8658 1.55621
-41.2063 -47.8912 1.55576
-41.1761 -48.0107 1.55649
-41.2922 -47.7457 1.55888
-41.1891 -47.8067 1.55005
-41.2724 -47.8247 1.55342
-41.2375 -47.7767 1.55287
-41.2735 -47.781 1.55835
-41.2873 -47.9137 1.55692
-41.3346 -47.8874 1.55464
-41.2328 -47.7534 1.56049
-41.1992 -47.7669 1.55714
-41.1695 -47.7698 1.5551
-41.2596 -47.7837 1.55875
-41.2446 -47.7731 1.557
-41.1413 -47.7929 1.55598
-41.196 -47.6708 1.55786
-41.2453 -47.8873 1.55703
-41.1752 -47.8051 1.56152
-41.1593 -47.9167 1.55617
-41.2125 -47.8672 1.55643
-41.2145 -47.7457 1.55562
-41.2822 -47.7176 1.55459
-41.2463 -47.6892 1.55365
-41.2144 -47.6825 1.55843
-41.213 -47.7066 1.55848
-41.252 -47.7974 1.55619
-41.2479 -47.8654 1.56005
-41.1111 -47.7526 1.55958
-41.1322 -47.7995 1.55269
-41.1741 -47.8937 1.55669
-41.2392 -47.825 1.55774
-41.1297 -47.9651 1.55495
-41.2882 -47.8322 1.55666
-41.2746 -47.8428 1.5616
-41.2856 -47.934 1.55721
-41.178 -47.7625 1.55835
-41.2322 -47.7713 1.55688
-41.2268 -47.7997 1.55551
-41.2251 -47.7997 1.55544
-41.181 -47.7332 1.55979
-41.2748 -47.7577 1.55592
-41.1244 -47.772 1.5587
-41.2074 -47.6751 1.55526
-41.1529 -47.8203 1.55783
-41.1734 -47.7057 1.55495
-41.1731 -47.8407 1.55863
-41.1938 -47.7656 1.55268
-41.1288 -47.8257 1.55819
-41.2637 -47.8477 1.55738
-41.2456 -47.8221 1.55859
-41.2453 -47.7954 1.55939
-41.2097 -47.8052 1.55883
-41.2524 -47.8078 1.55574
-41.1389 -47.7105 1.559
-41.2387 -47.8889 1.55525
-41.2592 -47.8746 1.55614
-41.2584 -47.7618 1.55336
-41.1794 -47.7916 1.55365
-41.2511 -47.7878 1.55527
-41.206 -47.7173 1.55829
-41.2129 -47.6564 1.55774
-41.1099 -47.7148 1.55484
-41.2509 -47.7849 1.55754
-41.2106 -47.788 1.55667
-41.3246 -47.891 1.55829
-41.2092 -47.7224 1.5549
-41.2426 -47.8273 1.55591
-41.2832 -47.9024 1.55683
-41.2693 -47.8523 1.55507
-41.3235 -47.8761 1.5573
-41.2944 -47.731 1.55762
-41.2984 -47.7414 1.55642
-41.2813 -47.7516 1.5568
-41.1552 -47.7149 1.55755
-41.1387 -47.7437 1.56009
-41.2832 -47.7381 1.55668
-41.3024 -47.7364 1.55858
-41.1103 -47.7787 1.55619
-41.1553 -47.9299 1.55809
-41.1071 -47.7745 1.55823
-41.221 -47.7525 1.55391
-41.1806 -47.716 1.55435
-41.1799 -47.8216 1.55658
-41.2281 -47.8971 1.55625
-41.2043 -47.7278 1.55755
-41.1767 -47.7989 1.55775
-41.1847 -47.8038 1.56519
-41.2406 -47.8144 1.55832
-41.2022 -47.7077 1.55477
-41.2545 -47.8287 1.55736
-41.1848 -47.8451 1.55577
-41.1694 -47.8731 1.55631
-41.2806 -47.8055 1.55728
-41.1423 -47.8676 1.55757
-41.2469 -47.7939 1.55664
-41.1162 -47.8695 1.55641
-41.2077 -47.7943 1.55675
-41.2031 -47.7622 1.55522
-41.2549 -47.8826 1.55813
-41.2022 -47.7478 1.55422
-41.2369 -47.7951 1.5596
-41.1721 -47.7522 1.55451
-41.1019 -47.7501 1.55767
-41.2409 -47.7673 1.55609
-41.1792 -47.7845 1.55768
-41.1695 -47.7714 1.55798
-41.1733 -47.8411 1.55528
-41.2221 -47.9073 1.55897
-41.2479 -47.7745 1.55461
-41.2242 -47.7228 1.5559
-41.0703 -47.8351 1.55859
-41.1129 -47.8229 1.5584
-41.2464 -47.7594 1.55712
-41.1797 -47.7885 1.55926
-41.1004 -47.7119 1.56104
-41.3298 -47.9107 1.55739
-41.1701 -47.8379 1.56136
-41.2196 -47.8547 1.55973
-41.1699 -47.8487 1.55742
-41.188 -47.8208 1.55345
-41.1904 -47.9185 1.5578
-41.203 -47.8187 1.55704
-41.1403 -47.7639 1.55586
-41.2727 -47.7706 1.5554
-41.2045 -47.9132 1.55818
-41.2485 -47.8849 1.55825
-41.1571 -47.7313 1.55655
-41.2747 -47.7846 1.56127
-41.1521 -47.6858 1.55855
-41.2511 -47.699 1.55118
-41.2344 -47.7994 1.55572
-41.2247 -47.8414 1.5543
-41.2472 -47.8325 1.55493
-41.3032 -47.7481 1.5581
-41.2236 -47.796 1.55503
-41.1483 -47.8089 1.56147
-41.1485 -47.8727 1.55366
-41.1972 -47.8314 1.5541
-41.2076 -47.8187 1.5535
-41.2592 -47.7904 1.55769
-41.1743 -47.907 1.55763
-41.2408 -47.8882 1.55519
-41.2247 -47.8703 1.55668
-41.2228 -47.8339 1.55449
-41.1887 -47.8629 1.55634
-41.3047 -47.8 1.55805
-41.3274 -47.7403 1.55829
-41.3177 -47.7302 1.55787
-41.1569 -47.7862 1.55941
-41.2927 -47.7766 1.55583
-41.2635 -47.7707 1.55413
-41.2253 -47.7705 1.56099
-41.2562 -47.8357 1.55765
-41.2437 -47.774 1.55848
-41.0601 -47.9125 1.5605
-41.2034 -47.783 1.55776
-41.1019 -47.695 1.55871
-41.1411 -47.8059 1.55571
-41.1367 -47.828 1.55295
-41.1102 -47.7822 1.55398
-41.2435 -47.7633 1.55125
-41.2428 -47.9866 1.56187
-41.2647 -47.7726 1.55854
-40.0419 -52.2743 1.54731
