-39.4249 -57.303 1.65783
-39.3792 -57.3188 1.65776
-39.4398 -57.2452 1.65785
-39.4542 -57.2116 1.65354
-39.4064 -57.4033 1.65719
-39.3431 -57.2873 1.65526
-39.3402 -57.2887 1.65512
-39.4777 -57.2765 1.65529
-39.3489 -57.3852 1.65587
-39.4047 -57.3022 1.65389
-39.3197 -57.4073 1.65998
-39.3813 -57.3538 1.65535
-39.3422 -57.2349 1.65967
-39.3389 -57.2664 1.6544
-39.4784 -57.2122 1.65665
-39.358 -57.3143 1.65767
-39.4325 -57.275 1.65552
-39.3638 -57.3468 1.65726
-39.3673 -57.2541 1.65977
-39.391 -57.2889 1.65731
-39.3145 -57.271 1.65642
-39.3191 -57.2575 1.6532
-39.3574 -57.2555 1.65426
-39.3576 -57.2576 1.65441
-39.3559 -57.2594 1.65429
-39.3577 -57.3064 1.65497
-39.4725 -57.2912 1.65678
-39.3721 -57.4164 1.65758
-39.352 -57.3467 1.65722
-39.4494 -57.2564 1.65619
-39.452 -57.3521 1.65903
-39.4642 -57.3313 1.65831
-39.3414 -57.3411 1.65313
-39.4254 -57.2223 1.65768
-39.2822 -57.3715 1.65927
-39.4135 -57.4349 1.65618
-39.4097 -57.2958 1.65259
-39.4693 -57.2786 1.65443
-39.3641 -57.4134 1.65957
-39.5213 -57.3755 1.65857
-39.328 -57.24 1.66003
-39.4905 -57.3386 1.65887
-39.4094 -57.1639 1.65376
-39.383 -57.2982 1.65685
-39.443 -57.3181 1.65597
-39.3404 -57.2657 1.6544
-39.4314 -57.2755 1.65586
-39.3922 -57.2916 1.65667
-39.4038 -57.23 1.65819
-39.3618 -57.3533 1.65737
-39.3812 -57.2491 1.655
-39.3703 -57.2447 1.65479
-39.4237 -57.3448 1.65995
-39.3683 -57.3065 1.6567
-39.2995 -57.2923 1.65661
-39.3182 -57.3869 1.65577
-39.415 -57.2364 1.6577
-39.3796 -57.3298 1.6569
-39.3722 -57.2625 1.65985
-39.3611 -57.368 1.65941
-39.3619 -57.3733 1.65959
-39.3661 -57.3728 1.65976
-39.3991 -57.307 1.65699
-39.3734 -57.2475 1.65581
-39.3807 -57.2494 1.65567
-39.3506 -57.2234 1.65416
-39.3622 -57.2974 1.6557
-39.3711 -57.3099 1.65615
-39.3679 -57.3704 1.66053
-39.378 -57.3211 1.66104
-39.3716 -57.2717 1.65959
-39.4445 -57.215 1.65515
-39.3783 -57.3022 1.65495
-39.3489 -57.2338 1.65793
-39.3538 -57.2351 1.65783
-39.4558 -57.1963 1.65718
-39.3713 -57.2749 1.65542
-39.3105 -57.2289 1.65974
-39.4609 -57.2591 1.6542
-39.3895 -57.3875 1.66026
-39.3858 -57.3901 1.66016
-39.294 -57.2697 1.65303
-39.4222 -57.278 1.65587
-39.4251 -57.2823 1.65594
-39.3786 -57.2005 1.65516
-39.4019 -57.1643 1.65721
-39.3553 -57.1154 1.65551
-39.415 -57.3011 1.65486
-39.347 -57.2261 1.6597
-39.399 -57.2757 1.65714
-39.3971 -57.2795 1.657
-39.3922 -57.2809 1.65663
-39.33 -57.3278 1.65624
-39.4036 -57.3342 1.65465
-39.4615 -57.3585 1.65525
-39.301 -57.4037 1.6596
-39.4617 -57.2399 1.65626
-39.4586 -57.2354 1.65605
-39.3227 -57.2296 1.65484
-39.3533 -57.3129 1.6565
-39.4063 -57.3069 1.65899
-39.4034 -57.3063 1.65908
-39.3787 -57.2875 1.65699
-39.4018 -57.2609 1.65662
-39.4417 -57.2508 1.65468
-39.3099 -57.341 1.6545
-39.352 -57.3568 1.65718
-39.2644 -57.4247 1.65745
-39.2687 -57.423 1.65725
-39.5243 -57.3434 1.65869
-39.3671 -57.3171 1.65808
-39.4166 -57.3812 1.65607
-39.4221 -57.3765 1.65916
-39.3765 -57.3629 1.66027
-39.3686 -57.3656 1.66021
-39.4628 -57.287 1.65735
-39.318 -57.3244 1.65851
-39.4067 -57.3047 1.65633
-39.3909 -57.2528 1.65845
-39.489 -57.2441 1.6549
-39.364 -57.3377 1.65506
-39.4314 -57.3405 1.65685
-39.4304 -57.3403 1.65697
-39.4116 -57.2621 1.65959
-39.3338 -57.2402 1.65582
-39.3283 -57.2983 1.65718
-39.4094 -57.2453 1.64977
-39.2656 -57.4123 1.65993
-39.386 -57.336 1.6543
-39.424 -57.2665 1.65739
-39.4559 -57.2499 1.6571
-39.3789 -57.2829 1.65466
-39.3797 -57.2874 1.65454
-39.476 -57.1819 1.65708
-39.4261 -57.2367 1.65758
-39.3138 -57.2893 1.65349
-39.369 -57.2104 1.6579
-39.3559 -57.2293 1.65441
-39.4702 -57.362 1.65636
-39.3571 -57.3426 1.65932
-39.3952 -57.2159 1.65774
-39.4288 -57.2936 1.65555
-39.3019 -57.3627 1.65904
-39.3145 -57.4387 1.65825
-39.4208 -57.2728 1.65673
-39.3625 -57.2928 1.65496
-39.4878 -57.2663 1.65606
-39.2878 -57.2729 1.6586
-39.3415 -57.2965 1.65519
-39.3734 -57.2819 1.6552
-39.3159 -57.3571 1.65663
-39.3155 -57.3552 1.65657
-39.3893 -57.4272 1.65942
-39.4129 -57.3796 1.65761
-39.3793 -57.1884 1.66018
-39.3854 -57.3842 1.65614
-39.4464 -57.3213 1.65692
-39.3667 -57.3057 1.65906
-39.3686 -57.3687 1.65659
-39.444 -57.2942 1.65649
-39.4552 -57.1876 1.65501
-39.4042 -57.3359 1.65767
-39.4018 -57.3385 1.65776
-39.4154 -57.3465 1.65834
-39.3211 -57.468 1.65568
-39.4028 -57.3052 1.65783
-39.3905 -57.2704 1.6563
-39.3106 -57.3742 1.65875
-39.3402 -57.3515 1.65798
-39.4549 -57.265 1.65638
-39.3853 -57.2678 1.65756
-39.4091 -57.2164 1.65549
-39.3365 -57.341 1.65428
-39.3476 -57.3414 1.65714
-39.3573 -57.4691 1.65951
-39.3637 -57.4756 1.65958
-39.3666 -57.2529 1.65406
-39.3863 -57.2918 1.65575
-39.4199 -57.2307 1.65513
-39.4118 -57.3742 1.65582
-39.4252 -57.4355 1.65904
-39.3573 -57.3167 1.6519
-39.4467 -57.2259 1.65494
-39.2919 -57.3116 1.65934
-39.3643 -57.3125 1.65933
-39.4518 -57.3604 1.65338
-39.4037 -57.2638 1.65832
-39.4058 -57.3421 1.65667
-39.4264 -57.3272 1.65666
-39.3248 -57.3256 1.65812
-39.3565 -57.2284 1.65384
-39.2626 -57.3837 1.66027
-39.4099 -57.3613 1.65892
-39.3569 -57.3512 1.65834
-39.3606 -57.1565 1.65273
-39.4696 -57.2413 1.65539
-39.3804 -57.3234 1.65598
-39.3935 -57.3023 1.65613
-39.3912 -57.3003 1.6561
-39.4319 -57.1995 1.65526
-39.3377 -57.324 1.65613
-39.4434 -57.2321 1.66017
-39.3423 -57.3674 1.65792
-39.3454 -57.3678 1.65822
-39.3494 -57.3759 1.65735
-39.4002 -57.2906 1.65564
-39.3936 -57.2927 1.65434
-39.378 -57.3207 1.65747
-39.4102 -57.4049 1.65723
-39.3425 -57.3895 1.65574
-39.4907 -57.2947 1.65501
-39.3213 -57.4065 1.66026
-39.3185 -57.4055 1.66004
-39.3454 -57.2327 1.65963
-39.3636 -57.2113 1.65643
-39.4834 -57.2087 1.65667
-39.356 -57.2817 1.65669
-39.3709 -57.3427 1.65736
-39.391 -57.241 1.65567
-39.3972 -57.2794 1.65464
-39.4364 -57.3009 1.65679
-39.4007 -57.3764 1.656
-39.4716 -57.4087 1.65955
-39.3312 -57.2449 1.65753
-39.3681 -57.4165 1.65789
-39.3684 -57.419 1.65762
-39.3053 -57.2947 1.65886
-39.3748 -57.2958 1.65623
-39.3612 -57.3494 1.65422
-39.3619 -57.3534 1.65426
-39.4517 -57.352 1.65897
-39.4649 -57.33 1.65851
-39.3538 -57.4712 1.65645
-39.3404 -57.2664 1.65753
-39.4053 -57.3413 1.65716
-39.4073 -57.3456 1.65722
-39.2815 -57.3688 1.65921
-39.3849 -57.2623 1.65602
-39.3607 -57.417 1.65976
-39.3621 -57.4188 1.65982
-39.3506 -57.405 1.65481
-39.333 -57.2379 1.66016
-39.4032 -57.2013 1.65716
-39.3907 -57.3 1.65678
-39.359 -57.3119 1.65437
-39.4319 -57.2068 1.65557
-39.4344 -57.2074 1.65552
-39.428 -57.2119 1.65554
-39.3388 -57.355 1.65689
-39.3875 -57.2932 1.65677
-39.3397 -57.3757 1.65809
-39.3435 -57.3825 1.65805
-39.37 -57.2457 1.65498
-39.4227 -57.3375 1.66001
-39.422 -57.3421 1.65975
-39.4275 -57.2821 1.65671
-39.4312 -57.2818 1.65657
-39.3171 -57.3448 1.65514
-39.3133 -57.2506 1.65534
-39.3183 -57.3913 1.65561
-39.3766 -57.236 1.65696
-39.3808 -57.3002 1.65362
-39.3691 -57.3658 1.6597
-39.4969 -57.2243 1.6564
-39.3738 -57.2496 1.65569
-39.3493 -57.3347 1.65576
-39.4077 -57.2074 1.65416
-39.3671 -57.284 1.65498
-39.3182 -57.3226 1.65984
-39.3694 -57.3084 1.65606
-39.3703 -57.3767 1.66049
-39.3763 -57.3197 1.66108
-39.3701 -57.2719 1.65978
-39.4727 -57.3108 1.65563
-39.3487 -57.2335 1.65787
-39.3508 -57.2304 1.65403
-39.3153 -57.27 1.65623
-39.3847 -57.293 1.65584
-39.3729 -57.2856 1.65559
-39.3459 -57.2946 1.66334
-39.3474 -57.3251 1.66246
-39.3366 -57.188 1.65866
-39.4296 -57.235 1.65313
-39.3529 -57.3082 1.65613
-39.353 -57.3115 1.65626
-39.3502 -57.304 1.656
-39.3839 -57.1978 1.65533
-39.3688 -57.333 1.65892
-39.4435 -57.2742 1.65474
-39.4031 -57.3114 1.65534
-39.4059 -57.2883 1.65586
-39.4095 -57.235 1.65465
-39.4572 -57.3538 1.6577
-39.3921 -57.2862 1.65641
-39.3909 -57.2843 1.65667
-39.4354 -57.23 1.65514
-39.4402 -57.2282 1.65504
-39.3997 -57.33 1.65476
-39.4601 -57.3633 1.65526
-39.4502 -57.3241 1.65569
-39.3559 -57.2116 1.65587
-39.3572 -57.2114 1.65603
-39.3033 -57.4053 1.65973
-39.3011 -57.2132 1.6594
-39.4682 -57.3674 1.6619
-39.4654 -57.3696 1.66179
-39.4741 -57.2725 1.65585
-39.3711 -57.2394 1.65426
-39.4089 -57.3047 1.65914
-39.3997 -57.2667 1.65667
-39.3865 -57.2598 1.65555
-39.4432 -57.2484 1.65477
-39.372 -57.263 1.65507
-39.4393 -57.2252 1.658
-39.4213 -57.2655 1.65684
-39.3673 -57.3097 1.65797
-39.4693 -57.2705 1.65602
-39.4664 -57.2702 1.65602
-39.419 -57.3695 1.65616
-39.42 -57.374 1.65632
-39.3566 -57.2565 1.6545
-39.3713 -57.372 1.66032
-39.4596 -57.2904 1.65727
-39.4112 -57.3027 1.65651
-39.3587 -57.2648 1.65549
-39.362 -57.3467 1.65521
-39.3664 -57.2747 1.65532
-39.4113 -57.2607 1.6593
-39.4605 -57.1865 1.65358
-39.3229 -57.2996 1.65735
-39.3704 -57.3113 1.65843
-39.2664 -57.408 1.66008
-39.4038 -57.3578 1.6594
-39.379 -57.2049 1.65723
-39.3941 -57.2637 1.65695
-39.4541 -57.2508 1.65734
-39.3634 -57.3013 1.65456
-39.3405 -57.2682 1.65833
-39.4113 -57.2637 1.65686
-39.5001 -57.2918 1.65767
-39.3692 -57.2135 1.65788
-39.35 -57.2297 1.65448
-39.3549 -57.3389 1.65933
-39.3812 -57.366 1.65757
-39.3864 -57.3691 1.65739
-39.3621 -57.3434 1.65677
-39.4034 -57.2785 1.65624
-39.3015 -57.3612 1.65922
-39.4426 -57.4311 1.6577
-39.3834 -57.2735 1.65682
-39.3736 -57.1742 1.65728
-39.3652 -57.2886 1.65524
-39.3588 -57.2898 1.6551
-39.418 -57.325 1.65439
-39.2916 -57.2708 1.6586
-39.378 -57.2781 1.65509
-39.3911 -57.4254 1.65959
-39.4102 -57.3763 1.65739
-39.3376 -57.3473 1.65672
-39.3407 -57.3493 1.65674
-39.3384 -57.3497 1.65668
-39.4321 -57.3542 1.66076
-39.4443 -57.3256 1.65695
-39.4515 -57.2906 1.6555
-39.3783 -57.323 1.66002
-39.3626 -57.3668 1.65665
-39.3991 -57.3331 1.6577
-39.4237 -57.3465 1.65836
-39.3193 -57.4696 1.65547
-39.4026 -57.3106 1.65778
-39.399 -57.2605 1.65753
-39.3063 -57.3778 1.65862
-39.3441 -57.3535 1.65799
-39.4337 -57.2008 1.65811
-39.4534 -57.2645 1.6565
-39.3338 -57.3085 1.65767
-39.3056 -57.2624 1.65608
-39.347 -57.3446 1.65726
-39.3517 -57.3388 1.65724
-39.3499 -57.2081 1.65905
-39.4522 -57.3167 1.65299
-39.3036 -57.2484 1.65887
-39.2964 -57.2491 1.65897
-39.3007 -57.2366 1.6553
-39.4128 -57.2321 1.65515
-39.4158 -57.3764 1.65583
-39.2966 -57.3577 1.65404
-39.4812 -57.166 1.65531
-39.3533 -57.3227 1.65204
-39.2838 -57.2813 1.66096
-39.2902 -57.2834 1.66122
-39.4343 -57.277 1.65383
-39.4063 -57.1796 1.65392
-39.4005 -57.2638 1.65843
-39.3376 -57.2289 1.65453
-39.3499 -57.35 1.66103
-39.327 -57.3286 1.6579
-39.3202 -57.3255 1.65702
-39.4068 -57.3608 1.65901
-39.3594 -57.3535 1.65815
-39.5053 -57.2664 1.65772
-39.4413 -57.2742 1.65481
-39.3775 -57.3278 1.65585
-39.4051 -57.3281 1.65307
-39.3724 -57.2641 1.65427
-39.3549 -57.2829 1.65621
-39.3773 -57.2803 1.65211
-39.3908 -57.3598 1.65765
-39.3457 -57.3656 1.65805
-39.34 -57.367 1.6581
-39.3495 -57.3694 1.65743
-39.3937 -57.2145 1.65742
-39.4384 -57.2548 1.65539
-39.4369 -57.2569 1.65538
-39.3999 -57.2939 1.65559
-39.4302 -57.2967 1.65805
-39.406 -57.4025 1.65738
-39.4034 -57.4036 1.6574
-39.4077 -57.4019 1.65736
-39.3415 -57.2928 1.65542
-39.4083 -57.3023 1.65387
-39.3236 -57.4092 1.66005
-39.3185 -57.4087 1.66004
-39.3663 -57.2082 1.65643
-39.3942 -57.2989 1.65777
-39.3572 -57.2843 1.65669
-39.3721 -57.2486 1.65657
-39.3705 -57.2551 1.65972
-39.3893 -57.2436 1.65548
-39.3913 -57.2827 1.65482
-39.3175 -57.2691 1.65613
-39.3232 -57.26 1.65349
-39.4082 -57.3763 1.65603
-39.3552 -57.3095 1.65491
-39.3543 -57.3082 1.65474
-39.4799 -57.3025 1.65658
-39.3756 -57.4183 1.65736
-39.3657 -57.4186 1.65754
-39.3082 -57.293 1.65897
-39.3401 -57.2767 1.65948
-39.3471 -57.3372 1.65732
-39.3491 -57.3432 1.65734
-39.4277 -57.2344 1.65544
-39.4579 -57.3546 1.65895
-39.4531 -57.3633 1.65903
-39.3405 -57.2512 1.65446
-39.3413 -57.2662 1.65753
-39.4316 -57.2246 1.65755
-39.28 -57.3737 1.65922
-39.4183 -57.4301 1.65616
-39.4067 -57.2969 1.65237
-39.51 -57.3766 1.6585
-39.4458 -57.2718 1.65505
-39.4902 -57.3393 1.65924
-39.3815 -57.2977 1.65691
-39.4567 -57.3325 1.65538
-39.4524 -57.1643 1.65475
-39.4559 -57.1593 1.65465
-39.3352 -57.2584 1.65422
-39.3327 -57.329 1.65539
-39.3334 -57.3542 1.65692
-39.3879 -57.2902 1.65669
-39.3609 -57.3491 1.65735
-39.3072 -57.3405 1.65745
-39.4233 -57.3455 1.65993
-39.4211 -57.3404 1.65978
-39.2993 -57.2948 1.65636
-39.3128 -57.2498 1.65535
-39.3239 -57.3864 1.6556
-39.3839 -57.3238 1.65686
-39.3754 -57.2294 1.65703
-39.3392 -57.2524 1.65436
-39.3718 -57.2615 1.65997
-39.4051 -57.3232 1.6526
-39.3948 -57.3072 1.657
-39.2989 -57.2208 1.65729
-39.3953 -57.2747 1.65339
-39.359 -57.2316 1.65414
-39.371 -57.2976 1.65573
-39.371 -57.2961 1.65544
-39.3726 -57.309 1.65585
-39.3734 -57.3078 1.65619
-39.474 -57.2169 1.65625
-39.4303 -57.2539 1.6564
-39.4142 -57.3719 1.65853
-39.4718 -57.3047 1.65566
-39.3749 -57.2965 1.65492
-39.4812 -57.2332 1.65708
-39.4131 -57.158 1.65563
-39.3616 -57.2613 1.65735
-39.3869 -57.3315 1.6582
-39.3849 -57.3319 1.65816
-39.344 -57.3333 1.66216
-39.3838 -57.3913 1.66014
-39.3479 -57.2736 1.65494
-39.3473 -57.3111 1.65618
-39.3648 -57.3292 1.65698
-39.4389 -57.1736 1.65715
-39.3368 -57.3058 1.65809
-38.7974 -59.4339 1.6724
