9.5857 -92.8805 3.47975
9.48947 -93.0275 3.48098
9.54207 -92.9471 3.4771
9.52531 -92.8764 3.48324
9.46409 -92.9575 3.47871
9.4257 -93.0117 3.47833
9.42672 -93.0777 3.47612
9.47867 -93.078 3.47628
9.45455 -93.0665 3.47686
9.52341 -92.9304 3.48034
9.46048 -93.0176 3.47765
9.52801 -92.8969 3.47945
9.37056 -92.9503 3.48357
9.4561 -93.0457 3.47986
9.60421 -93.0012 3.48206
9.54116 -93.0107 3.47763
9.60381 -93.0678 3.47663
9.48775 -93.0225 3.47599
9.60211 -92.9325 3.48034
9.60712 -92.976 3.48023
9.63495 -92.9041 3.48176
9.53574 -92.8535 3.47495
9.63233 -92.9505 3.47564
9.46094 -92.8775 3.47857
9.58045 -92.9215 3.4807
9.61455 -93.0081 3.48101
9.50669 -92.8791 3.48053
9.42663 -92.9191 3.47679
9.63474 -93.1059 3.48326
9.60522 -92.9623 3.47974
9.59384 -92.9539 3.47804
9.53578 -92.8595 3.47983
9.51309 -92.8848 3.48188
9.63895 -92.9425 3.47448
9.45976 -92.9236 3.48108
9.66212 -92.9682 3.47793
9.4644 -93 3.47955
9.4287 -93.0032 3.47822
9.4848 -92.9303 3.48061
9.4402 -92.8725 3.47717
9.49609 -92.9291 3.47445
9.55458 -93.0583 3.47886
9.48158 -92.8294 3.4787
9.46084 -92.9298 3.4844
9.44881 -92.8917 3.48297
9.45452 -92.9024 3.47817
9.46126 -92.9125 3.47896
9.50927 -93.0224 3.48322
9.52751 -93.0435 3.47654
9.48146 -93.022 3.47627
9.5322 -93.0236 3.48245
9.58492 -93.029 3.47649
9.58686 -93.0005 3.47738
9.50906 -92.9912 3.48064
9.57022 -93.1005 3.4816
9.57745 -92.9841 3.47565
9.48196 -93.066 3.476
9.48876 -92.9334 3.47642
9.37518 -93.0474 3.47393
9.47104 -93.0624 3.47609
9.49481 -93.0626 3.47409
9.57157 -92.973 3.47962
9.45994 -93.0184 3.4772
9.5701 -92.9462 3.48178
9.51058 -93.0401 3.47445
9.54932 -92.8674 3.47708
9.51597 -92.9439 3.47453
9.51809 -92.9149 3.47746
9.53028 -92.9332 3.48235
9.52541 -92.9963 3.47595
9.49071 -93.0069 3.47555
9.468 -92.9141 3.47994
9.54505 -92.9622 3.48546
9.62213 -93.0231 3.48262
9.51102 -92.9878 3.47966
9.52002 -92.8703 3.47978
9.58636 -92.9292 3.48097
9.55649 -92.8956 3.4807
9.60055 -92.7769 3.48059
9.46524 -93.0276 3.47613
9.46303 -92.8506 3.47697
9.46274 -93.0193 3.4793
9.54327 -92.9515 3.47911
9.61717 -93.0116 3.48225
9.66244 -92.9791 3.48266
9.52064 -92.9406 3.48133
9.5308 -93.0278 3.47719
9.45303 -92.8472 3.47701
9.45347 -92.971 3.47474
9.59623 -93.0048 3.47693
9.55804 -92.9888 3.47703
9.60169 -92.9689 3.47617
9.52519 -92.9038 3.47875
9.50278 -92.8725 3.48454
9.40277 -93.0476 3.4789
9.51763 -92.9711 3.48046
9.55205 -93.0177 3.47879
9.46784 -92.9139 3.47398
9.42237 -93.0262 3.47787
9.60057 -92.9593 3.47847
9.50478 -93.1644 3.47781
9.45674 -92.851 3.48087
9.48171 -92.9718 3.47461
9.49847 -92.9451 3.47978
9.4697 -92.9629 3.48235
9.50021 -92.9512 3.48241
9.48402 -93.037 3.48248
9.57119 -92.9934 3.47655
9.44969 -92.8805 3.48068
9.46805 -92.8786 3.48084
9.50335 -92.9756 3.4789
9.47267 -93.0807 3.47538
9.50833 -92.9769 3.47438
9.59162 -92.9672 3.48007
9.57727 -93.0074 3.48006
9.56751 -93.0748 3.4769
9.47393 -93.1066 3.48109
9.47862 -93.1364 3.48071
9.34669 -92.9132 3.48041
9.51096 -93.0226 3.47459
9.5248 -92.9646 3.47622
9.52692 -92.9656 3.47653
9.56779 -92.9878 3.48035
9.50534 -92.9341 3.47658
9.57432 -93.0306 3.47483
9.59472 -92.9023 3.48326
9.52269 -92.9746 3.48118
9.60048 -93.0092 3.48019
9.53907 -93.0283 3.4819
9.60833 -92.9879 3.47939
9.5851 -93.0176 3.47991
9.47052 -93.018 3.47631
9.47229 -92.8556 3.48113
9.44471 -92.9085 3.4762
9.42313 -93.0285 3.47619
9.41924 -93.0018 3.48082
9.51953 -92.9895 3.47898
9.42256 -92.8701 3.47904
9.5261 -92.9038 3.48068
9.48237 -93.0936 3.47735
9.58227 -93.0371 3.4781
9.54969 -92.9532 3.47879
9.61356 -92.9916 3.47659
9.4941 -92.9628 3.47966
9.38112 -93.1212 3.4782
9.45667 -92.9042 3.47695
9.46652 -93.003 3.47941
9.47824 -93.0479 3.47825
9.5842 -92.959 3.47781
9.58616 -92.897 3.47847
9.64362 -92.9467 3.4818
9.56118 -93.1357 3.47322
9.5404 -93.0021 3.47643
9.51749 -92.9493 3.47898
9.5925 -92.8413 3.47776
9.58911 -92.912 3.47785
9.48037 -93.0082 3.47641
9.46796 -93.0349 3.47725
9.49009 -92.9336 3.48218
9.46864 -92.8701 3.47808
9.4984 -92.9637 3.48242
9.51721 -92.9003 3.48272
9.53796 -92.8611 3.4809
9.57808 -92.9489 3.48116
9.44309 -92.9875 3.4799
9.74803 -93.0081 3.48774
9.55849 -92.9113 3.47853
9.4534 -92.8857 3.48182
9.48638 -92.8979 3.47882
9.53049 -92.8939 3.48227
9.50197 -92.8789 3.48214
9.46032 -93.0381 3.47435
9.4348 -92.8004 3.47543
9.483 -92.9487 3.47915
9.48778 -92.959 3.48064
9.49618 -92.9532 3.4799
9.43005 -93.0002 3.47718
9.46941 -93.0511 3.47742
9.52002 -92.9374 3.48118
9.63761 -92.9669 3.47926
9.56569 -93.0105 3.47383
9.60924 -93.0093 3.47993
9.59157 -92.969 3.47981
9.44026 -92.9696 3.47495
9.41106 -93.0109 3.47835
9.44606 -92.9995 3.47885
9.43803 -93.0129 3.48069
9.44295 -92.8899 3.47796
9.52233 -92.9286 3.47715
9.48025 -93.0699 3.47919
9.47676 -93.005 3.47806
9.51373 -92.8346 3.48378
9.50116 -92.7986 3.4816
9.58175 -92.8367 3.48512
9.53838 -92.8875 3.48039
9.46424 -92.8862 3.48291
9.42981 -92.9102 3.48097
9.51046 -92.8173 3.477
9.53693 -92.9236 3.47925
9.55083 -92.9211 3.47999
9.56305 -92.8836 3.48174
9.66084 -92.9849 3.4815
9.46339 -92.9337 3.47677
9.45488 -92.9084 3.47754
9.50002 -92.8711 3.4788
9.48112 -92.9986 3.47631
9.62087 -93.003 3.4778
9.58234 -93.0367 3.47658
9.58886 -92.9666 3.4777
9.4446 -92.9933 3.47961
9.45318 -92.9323 3.4782
9.51953 -92.9194 3.48041
9.47553 -92.9438 3.48093
9.55233 -92.9883 3.47689
9.54099 -92.8668 3.47927
9.48773 -92.7764 3.48151
9.52441 -92.974 3.47971
9.55762 -93.0708 3.47957
9.46526 -92.9938 3.47891
9.57637 -92.9121 3.47697
9.61858 -92.9885 3.48211
9.59575 -92.9934 3.4832
9.42476 -92.8857 3.47444
9.45172 -92.8983 3.4802
9.48823 -92.8889 3.47943
9.48017 -92.9566 3.47816
9.52455 -92.9809 3.47957
9.55682 -92.9571 3.4786
9.48639 -92.9676 3.47641
9.48246 -92.8806 3.47884
9.54241 -92.9034 3.47902
9.50731 -92.9527 3.4812
9.47888 -92.9028 3.47388
9.53416 -92.939 3.47636
9.33628 -93.0568 3.47919
9.60931 -93.0197 3.4798
9.5015 -93.0015 3.47436
9.39921 -93.0274 3.47679
9.46269 -92.9063 3.47853
9.48659 -92.9713 3.47854
9.61821 -92.9925 3.4811
9.63264 -93.0205 3.47928
9.53722 -93.0055 3.47506
9.53797 -92.9792 3.47508
9.58926 -93.0772 3.48166
9.58142 -93.0751 3.48062
9.48903 -92.9111 3.48043
9.50566 -92.7763 3.47925
9.52193 -93.0146 3.47461
9.57186 -92.9893 3.47743
9.50107 -92.8756 3.48213
9.46429 -93.0198 3.47573
9.41686 -93.0658 3.47769
9.52973 -93.04 3.47756
9.52511 -92.9983 3.47929
9.52167 -92.8517 3.48159
9.52365 -92.8877 3.48089
9.53549 -92.9712 3.47633
9.46909 -93.0027 3.47455
9.58409 -92.9086 3.47759
9.55998 -93.0356 3.47359
9.49542 -93.0329 3.47688
9.45745 -93.0734 3.4779
9.46848 -92.9306 3.48308
9.50922 -92.9407 3.48072
9.41555 -92.9242 3.47887
9.4805 -92.9471 3.4818
9.58987 -92.8724 3.47585
9.41927 -92.9053 3.47556
9.49668 -93.055 3.4773
9.48178 -93.1081 3.4786
9.49284 -93.1185 3.47772
9.52403 -93.0168 3.47877
9.56422 -93.0558 3.47898
9.43548 -93.0306 3.48042
9.45439 -92.9433 3.48089
9.56693 -92.9173 3.48055
9.50774 -93.0386 3.47958
9.44727 -92.9267 3.4783
9.52305 -93.0304 3.47476
9.56275 -93.005 3.48046
9.55649 -92.9885 3.48038
9.5183 -92.8427 3.48199
9.52929 -92.9004 3.47827
9.44913 -92.9581 3.47787
9.49551 -92.9119 3.4808
9.48118 -92.8814 3.48258
9.54703 -93.0251 3.47497
9.5195 -93.0188 3.47818
9.61638 -93.0167 3.48097
9.56486 -92.866 3.48266
9.545 -93.0468 3.47616
9.58923 -92.9275 3.48042
9.57702 -92.9073 3.48125
9.56103 -92.954 3.48141
9.40667 -93.0468 3.47956
9.54361 -92.9259 3.47873
9.51174 -92.9102 3.47853
9.43837 -92.9208 3.47972
9.49802 -92.9061 3.47524
9.51734 -92.9751 3.47629
9.58314 -92.9723 3.47741
9.46949 -92.8802 3.48015
9.57603 -92.9106 3.48247
9.63867 -92.9362 3.47711
9.37656 -93.1049 3.47965
9.37615 -92.9647 3.47652
9.4236 -92.9939 3.47726
9.50689 -92.9809 3.48091
9.49504 -92.9065 3.48009
9.45814 -92.9345 3.4789
9.52029 -93.003 3.47621
9.52661 -92.9745 3.47443
9.49547 -92.9682 3.47552
9.51797 -92.8205 3.479
9.51823 -92.9255 3.47904
9.49995 -92.8199 3.48353
9.65357 -93.0037 3.47715
9.5209 -93.1064 3.48226
9.47212 -93.0163 3.47372
9.55083 -93.0481 3.48315
9.45906 -93.0502 3.48335
9.56999 -93.0385 3.4775
9.59119 -93.113 3.47865
9.62609 -93.0067 3.47717
9.44278 -93.0732 3.4747
9.4363 -92.9878 3.47371
9.57252 -92.9448 3.47848
9.61445 -92.866 3.47683
9.60413 -93.0041 3.48258
9.47552 -93.0098 3.47695
9.46307 -93.0208 3.47451
9.5753 -92.9006 3.4772
9.50286 -92.9118 3.47302
9.54826 -92.8528 3.47676
9.56398 -92.991 3.47628
9.47907 -92.9522 3.47491
9.58859 -92.9195 3.47927
9.64535 -93.076 3.47728
9.53625 -93.043 3.47798
9.36487 -92.9732 3.48017
9.52477 -92.9935 3.48267
9.57826 -92.991 3.48072
9.47229 -92.812 3.47823
9.58305 -92.9433 3.48147
9.60624 -92.9604 3.48004
9.47607 -93.0299 3.4759
9.45656 -93.0254 3.47473
9.47033 -92.9205 3.47604
9.52481 -92.884 3.47764
9.59185 -92.8835 3.4804
9.56177 -92.8418 3.47914
9.63615 -93.0041 3.48032
9.47868 -93.0543 3.47729
9.67775 -92.9824 3.47947
9.50522 -93.1407 3.47422
9.43064 -92.9534 3.47312
9.59393 -92.9423 3.47644
9.41362 -93.126 3.4784
9.47895 -92.8971 3.48396
9.45177 -93.0815 3.48111
9.51632 -92.9852 3.47956
9.49676 -93.0926 3.48252
9.59273 -93.0849 3.47722
9.51387 -93.0498 3.47737
9.45272 -93.0268 3.48281
9.57732 -92.8627 3.47826
9.58962 -92.8588 3.48053
9.60485 -92.9106 3.47728
9.5997 -92.9719 3.4771
9.5182 -92.929 3.48278
9.50402 -92.9142 3.48356
9.53363 -92.9906 3.47534
9.55817 -93.0306 3.47541
9.40866 -92.9398 3.48102
9.40768 -93.1231 3.47723
9.50184 -93.0916 3.47866
9.52325 -93.0323 3.47721
9.60786 -92.9733 3.48083
9.49259 -93.1514 3.48116
9.53811 -93.0055 3.47561
9.40207 -93.1067 3.4789
9.46723 -93.0246 3.47595
9.58042 -93.0198 3.47525
9.52844 -92.962 3.47725
9.59303 -93.042 3.48083
9.56839 -93.0126 3.47813
9.53608 -93.0113 3.48272
9.50889 -93.1471 3.47814
9.47105 -92.8696 3.47958
9.48673 -92.8839 3.47859
9.51052 -92.9206 3.47634
9.4895 -92.9197 3.47985
9.39985 -92.9976 3.47779
9.42545 -93.0359 3.47986
9.46585 -92.9615 3.47855
9.327 -93.0196 3.47961
9.45042 -92.8063 3.48116
9.53045 -92.9377 3.48097
9.55315 -92.8508 3.48087
9.50232 -92.8866 3.47925
9.61087 -92.9824 3.47729
9.6345 -92.9928 3.47947
9.551 -92.8763 3.4792
9.49064 -92.9806 3.48105
9.52885 -92.9094 3.47379
9.43362 -93.0365 3.48011
9.43532 -93.0735 3.47861
9.47297 -92.9968 3.47846
9.60767 -92.9228 3.47976
9.56244 -92.9076 3.47981
9.50839 -93.0965 3.47645
9.54279 -92.8089 3.47772
9.50728 -93.0041 3.47869
9.40807 -92.9506 3.47839
9.43256 -92.9515 3.47779
9.48368 -92.9735 3.48088
9.60786 -93.0807 3.47913
9.48062 -93.031 3.47772
9.48912 -93.0434 3.47448
9.44143 -92.9067 3.48098
9.51193 -92.869 3.47978
9.59005 -92.9504 3.48185
9.56458 -92.8935 3.48146
9.61107 -92.8812 3.48116
9.34055 -92.9804 3.47698
9.55035 -92.89 3.4789
9.50085 -92.923 3.47809
9.49527 -93.0107 3.4792
9.61976 -92.9483 3.48245
9.54376 -92.9116 3.48065
9.5794 -92.9619 3.47934
9.36968 -93.0225 3.47663
9.50112 -93.1051 3.47472
9.5142 -92.8864 3.47747
9.36271 -93.0436 3.47999
9.53244 -92.8958 3.48354
9.62152 -93.0629 3.47422
9.57235 -92.8937 3.48197
9.50152 -93.0688 3.47991
9.4386 -92.9828 3.47758
9.37396 -92.9677 3.47719
9.53572 -92.888 3.47845
9.57748 -92.93 3.47991
9.51774 -93.141 3.47842
9.52454 -92.8904 3.48306
9.53769 -92.926 3.48163
9.48261 -92.8694 3.48093
9.49861 -92.8951 3.48174
9.49522 -92.8925 3.47938
9.3171 -93.0331 3.47618
9.54243 -92.9442 3.47886
9.56993 -92.9161 3.47985
9.59107 -92.9099 3.47958
9.5093 -92.9075 3.48181
9.48867 -92.9172 3.48148
9.62445 -92.9994 3.48089
9.49691 -92.9613 3.47895
9.54151 -93.076 3.47828
9.67222 -93.0314 3.47685
9.52869 -93.0555 3.47743
9.59906 -93.1027 3.47693
9.6182 -92.9681 3.4796
9.43057 -92.9216 3.48237
9.46387 -92.9634 3.48158
9.51971 -92.949 3.47546
9.55256 -92.9459 3.47495
9.5023 -92.8967 3.4802
9.44508 -92.9529 3.48011
9.44882 -92.997 3.47673
9.37525 -93.0631 3.47788
9.40608 -92.9426 3.47985
9.48356 -92.9471 3.47229
9.55355 -93.0374 3.48018
9.56025 -93.0222 3.47758
9.55936 -92.9722 3.47541
9.43341 -92.9814 3.48223
9.45066 -92.9475 3.48228
9.58222 -92.9873 3.48177
9.5549 -92.9099 3.47751
9.53117 -92.8758 3.47878
9.54279 -92.9854 3.47688
9.49483 -93.0641 3.47977
9.50987 -92.9055 3.47975
9.41366 -92.9456 3.47882
9.52022 -92.9234 3.47985
9.40755 -92.8865 3.47675
9.34125 -93.077 3.482
9.44934 -92.9145 3.4804
9.56551 -92.9813 3.4805
9.47737 -93.0208 3.47746
9.38769 -93.0282 3.4767
9.38917 -92.9125 3.48151
9.40614 -92.775 3.47929
9.50741 -93.0378 3.47608
9.61164 -93.0445 3.48086
9.53371 -93.07 3.48134
9.52698 -92.7738 3.478
9.4908 -92.9385 3.48082
10.4466 -95.855 3.47133
