-35.6296 -73.6595 2.04051
-35.6268 -73.6787 2.04101
-35.6089 -73.5932 2.03444
-35.4788 -73.6566 2.04092
-35.5123 -73.6807 2.04035
-35.5912 -73.658 2.04082
-35.6128 -73.669 2.03727
-35.4645 -73.6709 2.0382
-35.5208 -73.6913 2.03934
-35.5691 -73.6485 2.03675
-35.6299 -73.6786 2.04154
-35.5522 -73.627 2.03656
-35.643 -73.6847 2.03434
-35.5882 -73.5229 2.03824
-35.4843 -73.5715 2.03919
-35.4476 -73.5499 2.04029
-35.5463 -73.6565 2.03854
-35.5404 -73.6598 2.04344
-35.51 -73.5159 2.03641
-35.547 -73.5943 2.03812
-35.5714 -73.6838 2.03763
-35.5607 -73.6379 2.0391
-35.6229 -73.6436 2.04164
-35.5001 -73.5812 2.03616
-35.4868 -73.5289 2.03873
-35.6161 -73.5882 2.03816
-35.5322 -73.5632 2.04059
-35.5486 -73.5229 2.04159
-35.4686 -73.6725 2.03688
-35.4705 -73.6841 2.03807
-35.5136 -73.6225 2.04057
-35.4841 -73.6275 2.04139
-35.5994 -73.6163 2.04283
-35.5104 -73.5764 2.0394
-35.531 -73.6045 2.03715
-35.4982 -73.5891 2.0351
-35.4846 -73.672 2.03965
-35.5334 -73.6321 2.04464
-35.6209 -73.5595 2.04264
-35.5505 -73.6241 2.03862
-35.5167 -73.6054 2.03932
-35.6747 -73.564 2.03727
-35.5134 -73.6507 2.03946
-35.5726 -73.5559 2.03766
-35.6174 -73.6711 2.04141
-35.533 -73.6354 2.03973
-35.5434 -73.6492 2.04262
-35.4316 -73.6133 2.04122
-35.5596 -73.6573 2.03845
-35.6246 -73.6694 2.03807
-35.6504 -73.6509 2.03945
-35.525 -73.6524 2.04315
-35.5804 -73.5884 2.03708
-35.5794 -73.6553 2.03841
-35.5881 -73.6111 2.04152
-35.5732 -73.564 2.04298
-35.4804 -73.5988 2.03799
-35.5359 -73.6039 2.04121
-35.5109 -73.5845 2.03887
-35.6289 -73.7139 2.04196
-35.5328 -73.5685 2.04186
-35.5447 -73.5772 2.03926
-35.5858 -73.6395 2.03916
-35.4834 -73.5656 2.04028
-35.4946 -73.7217 2.04177
-35.5308 -73.6115 2.03911
-35.5351 -73.6151 2.03927
-35.4947 -73.6607 2.03951
-35.5427 -73.5291 2.03826
-35.5383 -73.5605 2.03768
-35.5009 -73.6209 2.03978
-35.5365 -73.6756 2.03862
-35.5342 -73.5859 2.03935
-35.6137 -73.5801 2.03883
-35.5859 -73.5666 2.04174
-35.5481 -73.6125 2.0423
-35.4279 -73.6372 2.04224
-35.4378 -73.6824 2.04147
-35.5619 -73.6775 2.03791
-35.5832 -73.6042 2.03893
-35.5609 -73.6326 2.03721
-35.4812 -73.5857 2.03902
-35.5624 -73.6225 2.0427
-35.5555 -73.6292 2.04258
-35.5287 -73.6615 2.03938
-35.6132 -73.6468 2.04274
-35.4806 -73.6274 2.03853
-35.5915 -73.645 2.03797
-35.5936 -73.6662 2.03778
-35.5247 -73.6153 2.03787
-35.5655 -73.6281 2.03819
-35.6094 -73.6782 2.03566
-35.477 -73.5817 2.041
-35.5026 -73.6201 2.04017
-35.5518 -73.5787 2.0367
-35.4455 -73.472 2.03582
-35.5529 -73.5825 2.0366
-35.5526 -73.5331 2.03974
-35.5775 -73.5908 2.03909
-35.5697 -73.5963 2.04092
-35.5247 -73.4903 2.04015
-35.4968 -73.6436 2.03904
-35.605 -73.6329 2.04166
-35.5456 -73.588 2.03837
-35.5168 -73.6149 2.03663
-35.5058 -73.7047 2.03802
-35.5213 -73.5395 2.0398
-35.498 -73.6058 2.03918
-35.5847 -73.5722 2.03928
-35.61 -73.6797 2.03643
-35.6558 -73.5856 2.04047
-35.6103 -73.5944 2.03983
-35.5353 -73.656 2.04054
-35.39 -73.7176 2.03986
-35.5918 -73.5949 2.03742
-35.5753 -73.6153 2.03934
-35.4847 -73.5688 2.04124
-35.5538 -73.6724 2.0404
-35.4868 -73.5958 2.03728
-35.5937 -73.5622 2.03511
-35.5947 -73.7476 2.03858
-35.4518 -73.6257 2.03592
-35.518 -73.5468 2.04082
-35.5286 -73.6874 2.04116
-35.5248 -73.5821 2.04282
-35.5679 -73.6897 2.03856
-35.6035 -73.6192 2.03926
-35.5502 -73.5638 2.03975
-35.6126 -73.6732 2.04152
-35.5373 -73.6495 2.03997
-35.6568 -73.6009 2.03978
-35.5639 -73.6828 2.03824
-35.5698 -73.562 2.04297
-35.5638 -73.6089 2.04318
-35.6471 -73.6246 2.04129
-35.6111 -73.5496 2.04249
-35.5433 -73.5943 2.04185
-35.5603 -73.7237 2.04166
-35.5964 -73.5965 2.03954
-35.5334 -73.5062 2.03588
-35.4874 -73.6641 2.03767
-35.4603 -73.6256 2.03905
-35.5192 -73.609 2.03855
-35.4292 -73.5233 2.04183
-35.4717 -73.6218 2.03935
-35.5407 -73.6154 2.03732
-35.4973 -73.6671 2.04131
-35.4497 -73.702 2.0368
-35.5365 -73.6812 2.03776
-35.506 -73.6547 2.04059
-35.4825 -73.4766 2.03805
-35.4994 -73.5629 2.03769
-35.5562 -73.6635 2.0368
-35.5893 -73.621 2.03395
-35.5355 -73.598 2.0417
-35.5623 -73.5852 2.04113
-35.4604 -73.6201 2.03812
-35.4737 -73.5983 2.03737
-35.4071 -73.6166 2.03904
-35.5885 -73.6302 2.03995
-35.5414 -73.6252 2.03861
-35.4628 -73.588 2.04272
-35.6071 -73.7697 2.04046
-35.4543 -73.6425 2.04051
-35.5345 -73.6226 2.04262
-35.5883 -73.6382 2.03942
-35.4698 -73.6053 2.03975
-35.5117 -73.6814 2.04064
-35.4534 -73.6179 2.04053
-35.6019 -73.6261 2.0388
-35.6058 -73.5711 2.04055
-35.5205 -73.7206 2.04145
-35.3942 -73.5992 2.03862
-35.6622 -73.5962 2.03989
-35.591 -73.6634 2.04191
-35.5869 -73.6487 2.04127
-35.5358 -73.5416 2.03649
-35.6126 -73.6116 2.0391
-35.5854 -73.6796 2.04181
-35.4889 -73.654 2.04068
-35.5873 -73.4907 2.04093
-35.6162 -73.5205 2.0409
-35.5845 -73.7019 2.04099
-35.5201 -73.5667 2.04092
-35.5078 -73.635 2.03904
-35.5293 -73.6441 2.04138
-35.4881 -73.5758 2.0411
-35.5639 -73.6128 2.04164
-35.5129 -73.5987 2.03861
-35.5442 -73.5918 2.04007
-35.563 -73.592 2.03967
-35.5879 -73.5463 2.04209
-35.581 -73.583 2.04313
-35.5266 -73.7386 2.03806
-35.6025 -73.6417 2.03691
-35.559 -73.557 2.03678
-35.556 -73.5835 2.03737
-35.4407 -73.625 2.0405
-35.6474 -73.6736 2.04069
-35.5893 -73.6223 2.04139
-35.6232 -73.6189 2.0399
-35.6099 -73.5598 2.04264
-35.5553 -73.617 2.03765
-35.4831 -73.6106 2.04004
-35.489 -73.6404 2.04032
-35.4461 -73.5276 2.03845
-35.6137 -73.6078 2.03878
-35.5205 -73.6354 2.0413
-35.5432 -73.5449 2.04207
-35.5529 -73.597 2.04173
-35.5934 -73.5944 2.03963
-35.5988 -73.6456 2.04034
-35.7062 -73.6563 2.0439
-35.5519 -73.6047 2.03909
-35.4869 -73.6746 2.0402
-35.5671 -73.6774 2.04286
-35.5542 -73.6623 2.03693
-35.5978 -73.5994 2.03659
-35.5066 -73.6177 2.03884
-35.5374 -73.5177 2.03731
-35.6233 -73.6066 2.04264
-35.6225 -73.6478 2.03719
-35.5877 -73.5854 2.04138
-35.4952 -73.593 2.04258
-35.4206 -73.6385 2.03697
-35.5629 -73.5617 2.03679
-35.6732 -73.5701 2.03731
-35.5648 -73.6529 2.037
-35.5168 -73.6472 2.04055
-35.6279 -73.6352 2.04281
-35.6074 -73.6182 2.04221
-35.4876 -73.6049 2.03668
-35.5678 -73.6326 2.03965
-35.5076 -73.5802 2.03736
-35.5123 -73.6588 2.0397
-35.6238 -73.639 2.03934
-35.5076 -73.5804 2.03813
-35.5214 -73.5823 2.03899
-35.54 -73.5222 2.03789
-35.503 -73.634 2.03871
-35.6139 -73.6312 2.03961
-35.5401 -73.5511 2.03764
-35.5666 -73.6481 2.04239
-35.4546 -73.562 2.03844
-35.6545 -73.6863 2.03916
-35.4495 -73.6149 2.0375
-35.4993 -73.6222 2.03883
-35.5073 -73.6933 2.03786
-35.6201 -73.5084 2.03896
-35.6385 -73.5517 2.04018
-35.4981 -73.5598 2.03935
-35.5842 -73.6373 2.04399
-35.6237 -73.5758 2.04187
-35.5966 -73.5539 2.04092
-35.5373 -73.664 2.04159
-35.5272 -73.5825 2.04137
-35.422 -73.6158 2.03546
-35.5157 -73.6246 2.03879
-35.4956 -73.5511 2.03818
-35.5309 -73.6183 2.03765
-35.5532 -73.5995 2.04124
-35.4877 -73.5916 2.04037
-35.5793 -73.5678 2.0398
-35.5536 -73.6818 2.04021
-35.5554 -73.6946 2.04198
-35.541 -73.6693 2.04371
-35.5636 -73.6623 2.03844
-35.5517 -73.6008 2.03938
-35.5095 -73.6913 2.0417
-35.6222 -73.7108 2.04208
-35.6055 -73.6376 2.04084
-35.472 -73.5661 2.03938
-35.5819 -73.6518 2.03943
-35.5453 -73.6496 2.03816
-35.6646 -73.6669 2.04149
-35.6137 -73.6691 2.03923
-35.5809 -73.6706 2.03879
-35.6471 -73.5686 2.03239
-35.4387 -73.5922 2.03815
-35.5634 -73.815 2.04274
-35.5758 -73.5994 2.03711
-35.5797 -73.6889 2.04193
-35.4527 -73.6441 2.03859
-35.4176 -73.6406 2.03831
-35.6132 -73.6208 2.04034
-35.5687 -73.6665 2.03788
-35.499 -73.6228 2.03908
-35.5866 -73.6104 2.0373
-35.5182 -73.6394 2.04036
-35.4491 -73.6257 2.04264
-35.5419 -73.6498 2.04005
-35.5397 -73.5242 2.03978
-35.6001 -73.6914 2.0376
-35.5672 -73.5987 2.04136
-35.5991 -73.5742 2.04147
-35.5917 -73.588 2.04049
-35.568 -73.6898 2.03744
-35.6079 -73.6285 2.03497
-35.6013 -73.6189 2.03828
-35.4999 -73.6761 2.03953
-35.5483 -73.6067 2.04194
-35.5367 -73.5831 2.03973
-35.4738 -73.5927 2.04112
-35.5615 -73.6585 2.0375
-35.5415 -73.5576 2.03718
-35.6154 -73.6518 2.0393
-35.6145 -73.6038 2.03766
-35.5384 -73.6729 2.04058
-35.6661 -73.6194 2.04288
-35.4272 -73.6109 2.04151
-35.5669 -73.6781 2.04233
-35.5953 -73.572 2.03685
-35.5946 -73.6451 2.04041
-35.4659 -73.6727 2.038
-35.6099 -73.5586 2.0398
-35.5633 -73.5864 2.04035
-35.6458 -73.616 2.0364
-35.5823 -73.6176 2.03592
-35.5669 -73.6076 2.0402
-35.5193 -73.5194 2.0394
-35.5374 -73.5354 2.03891
-35.6083 -73.6458 2.03629
-35.5957 -73.5951 2.03955
-35.6287 -73.6281 2.04054
-35.5021 -73.5598 2.03997
-35.6177 -73.6544 2.04091
-35.5552 -73.7366 2.04355
-35.4692 -73.5685 2.03577
-35.6423 -73.5946 2.03808
-35.5817 -73.6354 2.04267
-35.4823 -73.6143 2.03709
-35.6133 -73.5568 2.03983
-35.6362 -73.6027 2.04081
-35.5688 -73.5364 2.03585
-35.5698 -73.6013 2.03834
-35.6046 -73.6108 2.04124
-35.5866 -73.5936 2.03775
-35.5404 -73.6353 2.04039
-35.5773 -73.5423 2.04113
-35.4793 -73.5485 2.03943
-35.6867 -73.6191 2.04043
-35.5368 -73.5479 2.03919
-35.5137 -73.5527 2.04051
-35.4883 -73.7306 2.04149
-35.5109 -73.5615 2.04112
-35.561 -73.543 2.04218
-35.5297 -73.6184 2.04038
-35.5839 -73.6551 2.03806
-35.6196 -73.6089 2.0385
-35.5061 -73.594 2.03991
-35.4895 -73.6368 2.03983
-35.5357 -73.5926 2.03611
-35.632 -73.596 2.04124
-35.6194 -73.6245 2.04285
-35.6009 -73.5956 2.03745
-35.5463 -73.7462 2.03971
-35.6081 -73.617 2.04237
-35.6117 -73.5653 2.0434
-35.5641 -73.6156 2.03634
-35.4706 -73.651 2.03623
-35.5286 -73.5259 2.03584
-35.5924 -73.6095 2.04377
-35.5742 -73.5321 2.04295
-35.5789 -73.6464 2.03682
-35.5817 -73.6496 2.03755
-35.573 -73.5557 2.03787
-35.5395 -73.6338 2.03974
-35.5933 -73.6429 2.0431
-35.45 -73.5279 2.03907
-35.6159 -73.6224 2.03894
-35.5586 -73.5188 2.03759
-35.6152 -73.5077 2.0379
-35.5418 -73.5945 2.03805
-35.5509 -73.6627 2.03596
-35.5205 -73.6645 2.04082
-35.5455 -73.6551 2.04304
-35.5404 -73.6383 2.03742
-35.5541 -73.6285 2.04098
-35.4898 -73.641 2.03821
-35.5706 -73.6063 2.03704
-35.4626 -73.6796 2.03752
-35.5905 -73.6327 2.0378
-35.5476 -73.6551 2.03618
-35.48 -73.6366 2.03831
-35.5004 -73.5505 2.03903
-35.5339 -73.6437 2.03622
-35.5779 -73.5566 2.03662
-35.5132 -73.595 2.03989
-35.5194 -73.5568 2.04066
-35.5192 -73.6657 2.03959
-35.6478 -73.6912 2.04035
-35.4665 -73.5955 2.03715
-35.5179 -73.6231 2.0365
-35.6914 -73.6876 2.04273
-35.3873 -73.5785 2.04006
-35.5022 -73.615 2.04209
-35.6169 -73.618 2.03962
-35.6207 -73.6426 2.04126
-35.4779 -73.5685 2.03807
-35.6013 -73.586 2.04094
-35.5607 -73.5952 2.03797
-35.5234 -73.6214 2.03824
-35.6405 -73.6128 2.03839
-35.4082 -73.6511 2.03903
-35.5364 -73.5556 2.03787
-35.5536 -73.5877 2.03847
-35.5044 -73.6458 2.03729
-35.503 -73.5849 2.03688
-35.5997 -73.701 2.03822
-35.564 -73.6761 2.03975
-35.4179 -73.6023 2.03886
-35.4809 -73.6082 2.03953
-35.6539 -73.7174 2.03892
-35.4818 -73.6974 2.03756
-35.5539 -73.5265 2.0382
-35.4914 -73.5849 2.03559
-35.4535 -73.6899 2.03739
-35.5567 -73.6259 2.04236
-35.5729 -73.7128 2.04159
-35.5612 -73.6478 2.03824
-35.5234 -73.6761 2.03979
-35.5005 -73.5749 2.03834
-35.5279 -73.5942 2.03971
-35.5726 -73.597 2.04092
-35.5288 -73.6853 2.04036
-35.5795 -73.6325 2.0383
-35.5701 -73.563 2.03888
-35.6059 -73.6326 2.04001
-35.6302 -73.5634 2.04069
-35.5286 -73.5966 2.03945
-35.6164 -73.578 2.03834
-35.6259 -73.6802 2.04213
-35.5466 -73.6579 2.0406
-35.4925 -73.6394 2.04359
-35.4917 -73.6125 2.0447
-35.5455 -73.6254 2.04117
-35.5464 -73.6066 2.03955
-35.5277 -73.595 2.03838
-35.5403 -73.6039 2.03845
-35.5261 -73.5786 2.03937
-35.5088 -73.5735 2.03907
-35.5764 -73.5962 2.0395
-35.6236 -73.644 2.04167
-35.6261 -73.6922 2.03939
-35.577 -73.5642 2.04035
-35.5448 -73.6635 2.03997
-35.5822 -73.6654 2.03691
-35.6162 -73.5577 2.04389
-35.5827 -73.5843 2.04021
-35.5653 -73.5999 2.03464
-35.6137 -73.6823 2.0368
-35.4833 -73.5917 2.04092
-35.6373 -73.5608 2.04207
-35.5309 -73.5514 2.03795
-35.5892 -73.5713 2.03642
-35.5262 -73.5241 2.04113
-35.5199 -73.6082 2.03755
-35.6585 -73.6703 2.03722
-35.5034 -73.6321 2.03973
-35.5669 -73.5846 2.0356
-35.6136 -73.6553 2.03728
-35.5785 -73.6451 2.04093
-35.4276 -73.5278 2.04043
-35.5938 -73.6024 2.03952
-35.5312 -73.5886 2.03578
-35.6186 -73.67 2.03696
-35.5465 -73.5942 2.03981
-35.5056 -73.5906 2.04171
-35.5257 -73.5845 2.04323
-35.5554 -73.5475 2.04037
-35.4506 -73.6209 2.03739
-35.6274 -73.6333 2.03944
-35.5219 -73.6281 2.03909
-35.6641 -73.6906 2.03908
-35.4654 -73.629 2.04113
-35.578 -73.6359 2.04324
-35.5111 -73.5911 2.03448
-35.6233 -73.6118 2.0405
-35.4758 -73.6493 2.03727
-35.6294 -73.6393 2.04051
-35.5324 -73.6378 2.04393
-35.6196 -73.6085 2.03768
-35.5684 -73.6867 2.03869
-35.4417 -73.5577 2.03841
-35.6349 -73.7673 2.04
-35.6382 -73.6245 2.04077
-35.5477 -73.6139 2.03878
-35.4531 -73.5631 2.03929
-35.439 -73.5076 2.03943
-35.5092 -73.5509 2.03815
-35.5794 -73.6408 2.03995
-35.5493 -73.6917 2.04107
-35.492 -73.6396 2.03626
-35.4789 -73.6602 2.03834
-35.6452 -73.6507 2.04047
-35.4646 -73.5934 2.0391
-35.4907 -73.6034 2.03738
-35.5271 -73.6868 2.03795
-35.5467 -73.565 2.03958
-34.3991 -75.4595 2.05687
