258.621 28.9474 6.14429
258.581 28.918 6.14081
258.639 28.9311 6.14131
258.693 28.9519 6.14342
258.687 28.996 6.14474
258.692 29.0315 6.14059
258.686 29.0036 6.13794
258.707 28.875 6.14223
258.66 29.0362 6.1393
258.706 29.0076 6.14471
258.619 28.9568 6.13915
258.639 28.9237 6.13887
258.784 28.9329 6.14427
258.738 28.943 6.14156
258.67 28.9767 6.13556
258.656 28.9977 6.1432
258.719 29.0076 6.14507
258.709 29.0442 6.14145
258.682 29.033 6.13822
258.64 28.9738 6.14226
258.668 28.9974 6.14387
258.787 29.0403 6.14109
258.702 28.8908 6.14431
258.603 28.9203 6.14466
258.678 28.9523 6.1412
258.749 28.9734 6.13954
258.754 29.0359 6.14
258.753 29.0358 6.139
258.638 29.0095 6.14197
258.689 28.9677 6.14401
258.74 28.998 6.14129
258.671 28.9334 6.14473
258.743 29.0008 6.14039
258.715 29.0732 6.14189
258.682 28.9237 6.14615
258.696 29.0482 6.14197
258.693 28.9974 6.13779
258.747 28.9582 6.13822
258.71 28.9445 6.14192
258.632 29.1096 6.14312
258.69 28.9542 6.14065
258.642 28.9549 6.14056
258.628 28.9631 6.14065
258.699 29.0782 6.14057
258.725 29.0497 6.14266
258.635 28.9527 6.13955
258.719 28.9462 6.13928
258.714 28.9278 6.1411
258.729 28.9591 6.14028
258.767 29.0372 6.14
258.648 29.0405 6.14173
258.766 28.9466 6.1362
258.708 28.9129 6.14082
258.735 29.0272 6.14053
258.806 29.0227 6.14063
258.718 29.0232 6.14543
258.695 28.8788 6.1442
258.662 28.988 6.14149
258.701 28.9406 6.13934
258.681 28.9745 6.14249
258.769 28.8921 6.14576
258.73 28.9923 6.13956
258.663 29.1102 6.14171
258.658 29.0119 6.14441
258.753 29.0348 6.14303
258.755 28.8999 6.14051
258.753 28.9484 6.13943
258.722 28.9675 6.13898
258.76 28.9398 6.13825
258.687 28.9583 6.13971
258.707 29.0025 6.14213
258.717 29.0436 6.13933
258.716 28.9597 6.14069
258.675 28.9743 6.13938
258.646 28.9625 6.14225
258.763 28.9833 6.14215
258.756 28.91 6.14079
258.759 29.0111 6.14038
258.709 29.007 6.14419
258.672 28.8798 6.14166
258.69 29.0455 6.14226
258.737 28.9418 6.1399
258.706 28.9392 6.14405
258.769 29.0088 6.14232
258.68 28.8555 6.14123
258.772 29.0376 6.14477
258.683 28.8959 6.13964
258.693 28.8343 6.1389
258.724 28.9286 6.13954
258.653 28.9251 6.1435
258.658 28.9876 6.13905
258.677 29.072 6.13915
258.666 28.9928 6.14327
258.692 28.9652 6.14066
258.64 28.9347 6.14292
258.664 29.0105 6.13956
258.855 29.0426 6.14135
258.645 28.9983 6.14343
258.824 28.9289 6.1398
258.671 28.9577 6.13804
258.709 29.0417 6.14444
258.714 28.9166 6.14409
258.716 28.9705 6.14428
258.678 29.0147 6.14221
258.627 28.9579 6.14495
258.782 29.0262 6.14076
258.77 29.0703 6.13982
258.775 28.9914 6.1405
258.689 28.907 6.14058
258.699 28.9921 6.14152
258.686 28.9511 6.14381
258.746 28.8955 6.14216
258.67 28.9901 6.14077
258.607 29.015 6.14138
258.7 29.0323 6.1422
258.705 29.017 6.1416
258.717 29.0015 6.14464
258.707 28.9807 6.14364
258.747 28.7853 6.14003
258.656 28.9651 6.14273
258.643 28.9816 6.14479
258.733 29.1079 6.1444
258.683 29.0369 6.14361
258.766 28.9046 6.14636
258.783 29.0486 6.14422
258.705 28.9968 6.14304
258.709 28.8865 6.14103
258.728 28.9432 6.14015
258.743 28.9564 6.13914
258.651 29.1166 6.13663
258.67 28.9441 6.14224
258.671 29.0108 6.1421
258.767 28.985 6.14103
258.749 28.8763 6.13874
258.684 28.9264 6.1395
258.716 28.9515 6.14119
258.65 28.9883 6.14207
258.781 29.0217 6.14106
258.726 28.8882 6.13861
258.741 28.9088 6.13865
258.756 29.059 6.14272
258.753 29.0623 6.13905
258.593 28.9842 6.13749
258.774 29.0463 6.14015
258.773 28.9474 6.13852
258.632 29.0542 6.13783
258.651 29.0369 6.13873
258.688 29.042 6.14195
258.751 29.0821 6.14022
258.712 28.9519 6.13972
258.699 29.0874 6.141
258.658 28.9992 6.13737
258.829 28.8918 6.13843
258.745 28.9402 6.13985
258.651 28.9867 6.14132
258.735 28.9835 6.14088
258.643 28.9359 6.14155
258.768 29.061 6.13715
258.65 29.0636 6.13672
258.708 28.9672 6.1386
258.669 28.9683 6.14193
258.661 29.036 6.1418
258.739 28.8898 6.14184
258.723 29.0386 6.13989
258.764 28.9847 6.13923
258.819 28.9622 6.14115
258.688 28.9748 6.13648
258.755 29.0596 6.13921
258.615 28.9528 6.13988
258.702 28.9951 6.14527
258.696 29.024 6.1415
258.655 28.9496 6.14147
258.76 28.9883 6.14378
258.707 28.9848 6.14005
258.639 28.9305 6.13746
258.812 29.0719 6.14348
258.631 28.9031 6.14299
258.645 28.8957 6.14267
258.553 28.9613 6.1425
258.809 29.1201 6.14028
258.694 28.9912 6.14427
258.729 28.9031 6.14498
258.667 28.9685 6.14654
258.649 29.0072 6.14018
258.732 29.0777 6.14152
258.742 29.0745 6.13914
258.78 28.9894 6.14273
258.629 29.047 6.14017
258.727 29.0299 6.14038
258.645 28.9564 6.14457
258.746 28.9786 6.14457
258.772 28.972 6.13596
258.658 29.0227 6.14508
258.74 28.9714 6.14214
258.666 29.0787 6.14203
258.638 28.9873 6.14125
258.647 28.996 6.1404
258.669 28.9841 6.14192
258.695 28.9883 6.14426
258.756 28.9897 6.13796
258.736 28.9902 6.13683
258.667 28.9293 6.13828
258.688 28.9908 6.13824
258.703 29.0086 6.14114
258.746 29.0296 6.14335
258.611 28.9898 6.14209
258.743 29.0127 6.13619
258.7 28.9738 6.13578
258.669 28.9172 6.14144
258.662 28.9659 6.14546
258.64 28.9406 6.14281
258.689 29.0847 6.14278
258.722 29.0918 6.14237
258.669 28.9762 6.14048
258.662 28.946 6.13897
258.627 29.0049 6.13916
258.723 29.0794 6.13819
258.688 29.055 6.13914
258.699 29.0421 6.13962
258.694 29.1128 6.14038
258.768 29.041 6.14111
258.784 29 6.14666
258.749 28.9886 6.1413
258.704 28.8948 6.14189
258.684 28.9433 6.1394
258.725 29.1053 6.14236
258.717 29.0095 6.14471
258.738 29.0084 6.14301
258.753 29.0022 6.13895
258.773 29.004 6.1404
258.719 28.991 6.1406
258.754 29.0579 6.14072
258.738 28.96 6.14041
258.652 28.9175 6.14088
258.638 29.0363 6.13817
258.789 28.9665 6.1404
258.798 28.9927 6.1386
258.698 29.0322 6.1452
258.76 28.8996 6.14472
258.669 29.0142 6.14269
258.637 28.9544 6.1429
258.697 28.944 6.1435
258.711 28.9349 6.14082
258.72 29.0168 6.14115
258.652 28.9883 6.13914
258.663 29.032 6.14668
258.694 28.9982 6.14252
258.714 28.9664 6.14193
258.705 28.9754 6.14046
258.673 28.9528 6.14369
258.671 28.9243 6.14333
258.672 28.9371 6.14251
258.775 29.0383 6.14273
258.716 28.8878 6.13903
258.738 28.969 6.14099
258.687 29.0471 6.14167
258.706 29.0403 6.1421
258.647 28.8234 6.14364
258.683 28.9539 6.14365
258.743 28.97 6.14247
258.72 29.0071 6.14305
258.742 29.0198 6.14205
258.731 28.9543 6.14486
258.686 29.0022 6.14179
258.658 29.0458 6.14469
258.678 29.0424 6.13928
258.684 28.9475 6.14252
258.663 28.9605 6.14282
258.732 28.9887 6.13883
258.683 28.9648 6.13642
258.681 28.9912 6.13773
258.666 29.1392 6.14284
258.764 28.9752 6.14156
258.728 29.0243 6.14529
258.682 29.0264 6.13784
258.72 28.9959 6.1404
258.685 28.9374 6.13472
258.664 29.0012 6.14056
258.756 28.9284 6.14095
258.685 28.9521 6.14217
258.703 28.9009 6.13992
258.711 28.9296 6.14155
258.649 28.9849 6.13882
258.742 29.1196 6.13698
258.728 28.8792 6.14325
258.649 28.9698 6.1371
258.737 28.9604 6.13832
258.671 28.97 6.14052
258.691 29.0152 6.14145
258.639 28.9931 6.14064
258.699 28.908 6.13827
258.692 29.0047 6.1473
258.635 29.0323 6.14286
258.76 28.9616 6.13948
258.727 28.9645 6.13748
258.798 28.9236 6.13911
258.688 28.93 6.1396
258.718 28.995 6.13972
258.718 28.9787 6.14134
258.692 29.0719 6.14331
258.618 28.9112 6.14423
258.528 28.9404 6.14438
258.69 28.9468 6.14054
258.72 28.9344 6.14175
258.744 29.0392 6.14016
258.705 28.9911 6.14076
258.631 28.937 6.14098
258.647 28.9819 6.1418
258.669 29.0001 6.14491
258.653 28.9751 6.14373
258.629 29.0251 6.14633
258.628 29.0172 6.13919
258.624 28.9537 6.1396
258.709 28.9207 6.13969
258.672 28.9674 6.14144
258.673 29.0012 6.14176
258.684 28.8908 6.14247
258.649 28.9121 6.14297
258.754 29.0188 6.14198
258.793 28.9865 6.1418
258.632 28.9613 6.13823
258.613 28.8887 6.14125
258.552 28.9117 6.14363
258.639 28.8485 6.1422
258.782 29.0145 6.1419
258.742 28.8587 6.14564
258.702 28.9376 6.14657
258.708 29.022 6.13945
258.634 28.8851 6.14155
258.652 28.9839 6.14188
258.747 29.0091 6.13959
258.619 28.9039 6.13969
258.702 28.983 6.14247
258.69 28.9817 6.14134
258.743 28.967 6.14397
258.652 28.9952 6.14087
258.715 28.9839 6.14108
258.655 29.0763 6.14026
258.703 28.9199 6.14335
258.749 29.0358 6.14199
258.694 29.0093 6.13934
258.779 29.042 6.14049
258.638 28.972 6.14024
258.657 29.0077 6.14491
258.658 28.9281 6.14128
258.634 28.9743 6.14086
258.756 29.0041 6.14465
258.681 29.0481 6.14232
258.616 28.9583 6.13934
258.658 28.9698 6.14326
258.715 29.0175 6.14107
258.71 29.0056 6.14286
258.703 29.0009 6.14173
258.748 28.9594 6.13711
258.789 29.0784 6.14039
258.687 29.0199 6.14544
258.699 29.0302 6.14318
258.733 28.8929 6.14255
258.659 28.8704 6.14306
258.688 28.9713 6.14166
258.816 28.9473 6.14324
258.781 28.9683 6.14094
258.678 28.9035 6.14539
258.766 28.9302 6.1443
258.664 28.9709 6.14336
258.761 29.0237 6.13724
258.632 28.995 6.1397
258.711 28.9893 6.13791
258.784 28.9775 6.14025
258.679 29.0046 6.14362
258.681 28.9464 6.14237
258.657 28.9719 6.13882
258.804 28.9693 6.14094
258.636 29.0808 6.14448
258.615 28.9544 6.13955
258.708 28.9686 6.14044
258.76 29.0483 6.14021
258.745 29.0231 6.13855
258.695 28.9206 6.14467
258.661 28.9353 6.1426
258.665 28.9517 6.13889
258.759 29.1457 6.14176
258.671 28.9582 6.14348
258.763 28.9963 6.14289
258.702 28.8744 6.14012
258.625 28.8638 6.13925
258.646 28.9821 6.14216
258.646 28.9899 6.14345
258.729 28.9163 6.13843
258.734 28.927 6.14026
258.696 28.873 6.14085
258.72 28.9709 6.13865
258.723 28.9288 6.14156
258.729 28.9801 6.14625
258.691 29.0473 6.14456
258.684 29.0703 6.13865
258.79 29.0214 6.14367
258.707 29.0157 6.14174
258.725 28.9273 6.14216
258.65 28.9586 6.13774
258.709 28.9686 6.13992
258.675 29.0058 6.14354
258.663 28.9968 6.14531
258.687 28.9887 6.13885
258.723 29.0081 6.14071
258.679 28.9698 6.14252
258.796 28.8762 6.14015
258.712 29.0387 6.13593
258.748 28.9694 6.14338
258.657 28.9748 6.1416
258.809 29.0247 6.1408
258.754 28.9713 6.14076
258.786 28.9829 6.13949
258.715 29.063 6.14209
258.663 28.9071 6.14019
258.667 28.9502 6.14196
258.742 28.9969 6.14144
258.71 29.0305 6.14111
258.659 29.0027 6.14301
258.718 28.8921 6.14151
258.756 28.9372 6.14074
258.648 28.9445 6.14285
258.65 28.9418 6.14394
258.688 29.027 6.13927
258.704 29.033 6.14578
258.676 28.8557 6.14199
258.734 28.926 6.1417
258.718 29.0056 6.14217
258.635 28.9655 6.14304
258.675 28.9977 6.1444
258.762 28.9005 6.14335
258.681 28.85 6.14084
258.748 28.9546 6.14142
258.715 29.001 6.14265
258.674 28.9394 6.14136
258.714 29.0511 6.13964
258.638 29.0458 6.14072
258.677 28.9701 6.13834
258.785 28.8776 6.1387
258.708 29.0336 6.14032
258.656 28.975 6.13867
258.741 28.9537 6.14157
258.724 28.9744 6.14035
258.674 28.9393 6.13926
258.619 29.0155 6.13815
258.688 29.0133 6.13974
258.768 29.0248 6.13999
258.763 29.0362 6.13994
258.71 29.047 6.13963
258.595 28.9825 6.13597
258.73 28.976 6.14263
258.734 29.0703 6.1438
258.692 29.0069 6.13933
258.692 29.0113 6.14805
258.648 28.9906 6.14373
258.694 29.0583 6.14047
258.764 28.8664 6.13953
258.61 29.0395 6.13962
258.705 29.0556 6.14229
258.651 28.9903 6.14253
258.613 28.9462 6.14046
258.7 29.0046 6.13636
258.751 29.0387 6.13658
258.754 28.9691 6.13702
258.627 29.1035 6.13787
258.742 29.0221 6.13687
258.642 28.8794 6.13809
258.732 29.0131 6.13906
258.743 28.8473 6.14157
258.781 29.046 6.14117
258.71 28.9278 6.14304
258.716 28.9972 6.14129
258.724 28.9418 6.14372
258.747 29.0244 6.14205
258.694 28.9397 6.14339
258.674 28.9999 6.14198
258.721 29.0494 6.14565
258.757 28.9557 6.13874
258.661 28.9605 6.14204
258.674 28.9463 6.13816
258.695 29.038 6.14304
258.698 28.9947 6.14156
258.66 28.9578 6.13988
258.621 28.937 6.14204
258.745 29.0225 6.14365
258.755 28.9827 6.13825
258.724 29.0084 6.13658
258.661 28.9668 6.13929
258.641 28.9301 6.13958
258.606 28.8555 6.14392
258.641 28.8996 6.14266
258.637 28.9484 6.14374
258.706 28.8936 6.1411
258.624 29.0305 6.14158
258.72 28.9588 6.14119
258.663 28.8996 6.14456
258.676 29.0296 6.14353
258.663 28.929 6.14064
258.757 28.9447 6.14173
257.234 26.273 6.12484
